TITLE = "B00012"
VARIABLES = "X [mm]", "Y [mm]", "Vx [m/s]", "Vy [m/s]", "Flag"
ZONE T="Frame 1", I=25, J=19, F=POINT
-7.697 39.927 7.29909 -0.01445 1 
-2.566 39.927 3.64955 -0.00722 2 
2.566 39.927 0.00000 -0.00000 0 
7.697 39.927 0.00000 -0.00000 0 
12.828 39.927 0.00000 -0.00000 0 
17.959 39.927 3.68437 0.05611 2 
23.090 39.927 7.36874 0.11223 1 
28.222 39.927 7.34588 0.15317 1 
33.353 39.927 7.40353 0.21618 1 
38.484 39.927 7.38757 0.09654 1 
43.615 39.927 7.50080 0.13712 1 
48.746 39.927 7.43793 0.13307 1 
53.878 39.927 7.59057 0.06923 1 
59.009 39.927 7.52794 0.05864 1 
64.140 39.927 7.65396 0.07622 1 
69.271 39.927 7.52497 0.18070 1 
74.402 39.927 7.57123 0.12309 1 
79.534 39.927 0.00000 0.00000 0 
84.665 39.927 7.56659 0.13469 2 
89.796 39.927 7.56427 0.14049 1 
94.927 39.927 7.41801 0.09508 1 
100.058 39.927 7.52616 0.06940 1 
105.190 39.927 7.57834 0.12661 1 
110.321 39.927 7.56880 0.13048 1 
115.452 39.927 7.64488 0.12684 1 
-7.697 34.796 7.26406 -0.02092 1 
-2.566 34.796 7.21495 0.02689 1 
2.566 34.796 0.00000 -0.00000 0 
7.697 34.796 0.00000 -0.00000 0 
12.828 34.796 0.00000 -0.00000 0 
17.959 34.796 -0.10003 0.37859 1 
23.090 34.796 7.32139 0.14318 1 
28.222 34.796 7.34859 0.17140 1 
33.353 34.796 7.42700 0.20741 1 
38.484 34.796 7.44745 0.14430 1 
43.615 34.796 7.47425 0.08555 1 
48.746 34.796 7.41973 0.16448 1 
53.878 34.796 7.63947 0.10547 1 
59.009 34.796 7.63051 0.07448 1 
64.140 34.796 7.53696 0.06290 1 
69.271 34.796 7.67914 0.09681 1 
74.402 34.796 7.44501 0.13574 1 
79.534 34.796 0.00000 0.00000 0 
84.665 34.796 7.51613 0.12514 2 
89.796 34.796 7.55170 0.11983 1 
94.927 34.796 7.44569 0.08562 1 
100.058 34.796 7.49402 0.12328 1 
105.190 34.796 7.50431 0.09539 1 
110.321 34.796 7.53532 0.09718 1 
115.452 34.796 7.50783 0.10897 1 
-7.697 29.665 7.20023 -0.07537 1 
-2.566 29.665 7.18293 -0.03040 1 
2.566 29.665 0.00000 -0.00000 0 
7.697 29.665 0.00000 -0.00000 0 
12.828 29.665 0.00000 -0.00000 0 
17.959 29.665 3.64501 0.14423 2 
23.090 29.665 7.29003 0.28846 1 
28.222 29.665 7.45725 0.34738 1 
33.353 29.665 7.34358 0.26574 1 
38.484 29.665 7.46620 0.20084 1 
43.615 29.665 7.48102 0.24093 1 
48.746 29.665 7.49936 0.14495 1 
53.878 29.665 7.62482 0.11420 1 
59.009 29.665 7.65116 0.10154 1 
64.140 29.665 7.64617 0.12482 1 
69.271 29.665 7.51788 0.10662 1 
74.402 29.665 7.50107 0.08073 1 
79.534 29.665 7.60340 0.09076 2 
84.665 29.665 7.63896 0.08545 2 
89.796 29.665 7.62318 0.10097 1 
94.927 29.665 7.51333 0.09006 1 
100.058 29.665 7.45785 0.13451 1 
105.190 29.665 7.43915 0.08253 1 
110.321 29.665 7.59130 0.11945 1 
115.452 29.665 7.52733 0.16110 1 
-7.697 24.534 7.15109 -0.14059 1 
-2.566 24.534 7.12186 -0.08421 1 
2.566 24.534 7.15276 0.01132 1 
7.697 24.534 0.00000 -0.00000 0 
12.828 24.534 0.00000 -0.00000 0 
17.959 24.534 3.62902 0.19002 2 
23.090 24.534 7.25804 0.38003 1 
28.222 24.534 7.29052 0.37370 1 
33.353 24.534 7.44788 0.33513 1 
38.484 24.534 7.52412 0.34767 1 
43.615 24.534 7.53414 0.31007 1 
48.746 24.534 7.72526 0.22439 1 
53.878 24.534 7.65992 0.13262 1 
59.009 24.534 7.67189 0.15078 1 
64.140 24.534 7.47421 0.07008 1 
69.271 24.534 7.52377 0.02696 1 
74.402 24.534 7.63004 0.11302 1 
79.534 24.534 7.72623 0.05107 1 
84.665 24.534 7.58545 0.03214 2 
89.796 24.534 7.44468 0.01320 1 
94.927 24.534 7.42185 0.07841 1 
100.058 24.534 7.41739 0.02377 1 
105.190 24.534 7.40896 0.11927 1 
110.321 24.534 7.49128 0.07220 1 
115.452 24.534 7.56616 0.06387 1 
-7.697 19.402 7.14238 -0.15687 1 
-2.566 19.402 7.08155 -0.14837 1 
2.566 19.402 7.02605 -0.02747 1 
7.697 19.402 0.00000 -0.00000 0 
12.828 19.402 0.00000 -0.00000 0 
17.959 19.402 2.41935 0.12668 2 
23.090 19.402 4.83870 0.25335 2 
28.222 19.402 7.25156 0.40609 1 
33.353 19.402 7.41575 0.41939 1 
38.484 19.402 7.51389 0.38847 1 
43.615 19.402 7.64960 0.28778 1 
48.746 19.402 7.65548 0.23284 1 
53.878 19.402 7.70208 0.25576 1 
59.009 19.402 7.66294 0.13542 1 
64.140 19.402 7.63283 0.16044 1 
69.271 19.402 7.66114 0.01484 1 
74.402 19.402 7.50768 0.13863 1 
79.534 19.402 7.43870 0.13077 1 
84.665 19.402 7.45558 0.10513 2 
89.796 19.402 7.47245 0.07950 1 
94.927 19.402 7.39102 0.06844 1 
100.058 19.402 7.60291 0.24164 1 
105.190 19.402 7.44824 0.16247 1 
110.321 19.402 7.58665 0.21794 1 
115.452 19.402 7.51402 0.21129 1 
-7.697 14.271 7.11916 -0.30031 1 
-2.566 14.271 6.99708 -0.24404 1 
2.566 14.271 6.67097 -0.04225 1 
7.697 14.271 0.00000 -0.00000 0 
12.828 14.271 0.02738 0.00675 2 
17.959 14.271 1.63959 0.07158 2 
23.090 14.271 2.41935 0.12668 2 
28.222 14.271 3.62578 0.20305 2 
33.353 14.271 7.48752 0.59434 1 
38.484 14.271 7.50442 0.55449 1 
43.615 14.271 7.77563 0.25842 1 
48.746 14.271 7.81296 0.21712 1 
53.878 14.271 7.75631 0.08182 1 
59.009 14.271 7.66389 0.14068 1 
64.140 14.271 7.70837 -0.00319 1 
69.271 14.271 7.63236 0.03041 1 
74.402 14.271 7.61482 0.02506 2 
79.534 14.271 7.59728 0.01972 1 
84.665 14.271 7.47535 0.03193 2 
89.796 14.271 7.35342 0.04415 1 
94.927 14.271 7.44510 0.16913 1 
100.058 14.271 7.46025 0.20059 1 
105.190 14.271 7.52875 0.13952 1 
110.321 14.271 7.47112 0.14981 1 
115.452 14.271 7.46893 0.23203 1 
-7.697 9.140 7.11922 -0.43414 1 
-2.566 9.140 6.89041 -0.39619 2 
2.566 9.140 3.44521 -0.19810 2 
7.697 9.140 0.00000 -0.00000 0 
12.828 9.140 0.05477 0.01351 1 
17.959 9.140 0.05269 -0.04537 1 
23.090 9.140 0.00000 -0.00000 0 
28.222 9.140 0.00000 -0.00000 0 
33.353 9.140 0.00000 -0.00000 0 
38.484 9.140 0.00000 -0.00000 0 
43.615 9.140 0.00000 -0.00000 0 
48.746 9.140 0.00000 -0.00000 0 
53.878 9.140 0.00000 0.00000 0 
59.009 9.140 0.00000 0.00000 0 
64.140 9.140 0.00000 0.00000 0 
69.271 9.140 0.00000 0.00000 0 
74.402 9.140 0.00000 0.00000 0 
79.534 9.140 0.00000 0.00000 0 
84.665 9.140 0.00000 0.00000 0 
89.796 9.140 7.30944 0.26508 2 
94.927 9.140 7.22766 0.24424 1 
100.058 9.140 7.41389 0.16070 1 
105.190 9.140 7.53441 0.15006 2 
110.321 9.140 7.45929 0.17632 2 
115.452 9.140 7.55022 0.26360 2 
-7.697 4.009 7.10985 -0.75013 1 
-2.566 4.009 0.00000 -0.00000 0 
2.566 4.009 0.00000 -0.00000 0 
7.697 4.009 0.00000 -0.00000 0 
12.828 4.009 0.00000 -0.00000 0 
17.959 4.009 0.00000 -0.00000 0 
23.090 4.009 0.00000 -0.00000 0 
28.222 4.009 0.00000 -0.00000 0 
33.353 4.009 0.00000 -0.00000 0 
38.484 4.009 0.00000 -0.00000 0 
43.615 4.009 0.00000 -0.00000 0 
48.746 4.009 0.00000 -0.00000 0 
53.878 4.009 0.00000 0.00000 0 
59.009 4.009 0.00000 0.00000 0 
64.140 4.009 0.00000 0.00000 0 
69.271 4.009 7.92366 0.97349 2 
74.402 4.009 7.58632 0.77931 2 
79.534 4.009 7.68514 0.44961 2 
84.665 4.009 7.51640 0.58009 2 
89.796 4.009 7.26545 0.48601 2 
94.927 4.009 7.43520 0.38715 2 
100.058 4.009 7.45254 0.35882 2 
105.190 4.009 7.54007 0.16061 2 
110.321 4.009 7.44746 0.20284 2 
115.452 4.009 7.63151 0.29517 2 
-7.697 -1.122 7.26530 -0.88829 1 
-2.566 -1.122 0.00000 -0.00000 0 
2.566 -1.122 0.00000 -0.00000 0 
7.697 -1.122 0.00000 -0.00000 0 
12.828 -1.122 0.00000 -0.00000 0 
17.959 -1.122 0.00000 -0.00000 0 
23.090 -1.122 0.00000 -0.00000 0 
28.222 -1.122 0.00000 -0.00000 0 
33.353 -1.122 0.00000 -0.00000 0 
38.484 -1.122 0.10853 -0.02391 1 
43.615 -1.122 0.16355 -0.05249 1 
48.746 -1.122 0.00079 -0.05912 1 
53.878 -1.122 4.37043 0.58889 2 
59.009 -1.122 7.03905 0.88252 2 
64.140 -1.122 8.15462 1.32292 1 
69.271 -1.122 8.06931 1.44503 1 
74.402 -1.122 7.57207 1.15643 1 
79.534 -1.122 7.72907 0.66455 1 
84.665 -1.122 7.63234 0.86921 1 
89.796 -1.122 7.44324 0.69894 1 
94.927 -1.122 7.64274 0.53007 1 
100.058 -1.122 7.49120 0.55694 1 
105.190 -1.122 7.56569 0.39894 1 
110.321 -1.122 7.72212 0.29370 1 
115.452 -1.122 7.71280 0.32674 1 
-7.697 -6.254 7.45054 -0.96819 1 
-2.566 -6.254 7.43659 -1.42124 1 
2.566 -6.254 6.58748 -1.29796 2 
7.697 -6.254 5.73837 -1.17467 2 
12.828 -6.254 4.83292 -0.86040 2 
17.959 -6.254 5.04047 -0.51807 2 
23.090 -6.254 5.09600 -0.23982 2 
28.222 -6.254 10.40463 0.11411 1 
33.353 -6.254 4.94934 0.22211 2 
38.484 -6.254 4.88227 0.35722 2 
43.615 -6.254 4.75851 0.48677 2 
48.746 -6.254 8.85983 1.48827 1 
53.878 -6.254 8.63287 1.12985 1 
59.009 -6.254 8.74085 1.17778 1 
64.140 -6.254 8.36727 1.35303 1 
69.271 -6.254 8.18529 1.28576 1 
74.402 -6.254 7.98243 1.21884 1 
79.534 -6.254 7.89727 1.04883 1 
84.665 -6.254 7.74256 0.91789 1 
89.796 -6.254 7.75071 0.77716 1 
94.927 -6.254 7.63834 0.68086 1 
100.058 -6.254 7.62140 0.56385 1 
105.190 -6.254 7.56348 0.57459 1 
110.321 -6.254 7.57136 0.48847 1 
115.452 -6.254 7.60734 0.36179 1 
-7.697 -11.385 7.74832 -1.00859 1 
-2.566 -11.385 7.86333 -1.33521 1 
2.566 -11.385 7.29091 -1.25555 2 
7.697 -11.385 7.23147 -1.26954 2 
12.828 -11.385 7.02116 -1.02354 2 
17.959 -11.385 10.08094 -1.03613 1 
23.090 -11.385 10.19200 -0.47965 1 
28.222 -11.385 10.04632 0.01611 1 
33.353 -11.385 9.89868 0.44423 1 
38.484 -11.385 9.65601 0.73835 1 
43.615 -11.385 9.35346 1.02602 1 
48.746 -11.385 9.05514 1.15719 1 
53.878 -11.385 8.78269 1.16817 1 
59.009 -11.385 8.57188 1.04900 1 
64.140 -11.385 8.41125 1.15776 1 
69.271 -11.385 8.19247 1.07372 1 
74.402 -11.385 8.07669 1.04936 1 
79.534 -11.385 7.96691 0.95655 1 
84.665 -11.385 7.86524 0.92630 1 
89.796 -11.385 7.82204 0.79168 1 
94.927 -11.385 7.70218 0.72612 1 
100.058 -11.385 7.71676 0.66323 1 
105.190 -11.385 7.64935 0.48397 1 
110.321 -11.385 7.64245 0.47788 1 
115.452 -11.385 7.62807 0.42053 1 
-7.697 -16.516 7.89031 -0.91172 1 
-2.566 -16.516 8.06666 -1.11996 1 
2.566 -16.516 8.27103 -1.25675 1 
7.697 -16.516 8.72458 -1.36440 1 
12.828 -16.516 9.20940 -1.18668 1 
17.959 -16.516 9.53247 -0.81266 1 
23.090 -16.516 9.57471 -0.35940 1 
28.222 -16.516 9.63806 0.03369 1 
33.353 -16.516 9.55801 0.25120 1 
38.484 -16.516 9.40766 0.61253 1 
43.615 -16.516 9.09555 0.73894 1 
48.746 -16.516 8.91837 0.87379 1 
53.878 -16.516 8.74346 0.89213 1 
59.009 -16.516 8.66179 0.90873 1 
64.140 -16.516 8.43387 0.93404 1 
69.271 -16.516 8.17552 0.93905 1 
74.402 -16.516 8.15387 0.94843 1 
79.534 -16.516 8.05882 0.84724 1 
84.665 -16.516 7.99136 0.73917 1 
89.796 -16.516 7.88243 0.69609 1 
94.927 -16.516 7.78384 0.59631 1 
100.058 -16.516 7.78558 0.63789 1 
105.190 -16.516 7.71220 0.55470 1 
110.321 -16.516 7.62301 0.48212 1 
115.452 -16.516 7.79240 0.37517 1 
-7.697 -21.647 8.08671 -0.79799 1 
-2.566 -21.647 8.17479 -0.88841 1 
2.566 -21.647 8.40578 -0.96301 1 
7.697 -21.647 8.74501 -0.92799 1 
12.828 -21.647 8.98231 -0.82367 1 
17.959 -21.647 9.13340 -0.62157 1 
23.090 -21.647 9.31647 -0.24986 1 
28.222 -21.647 9.34490 -0.08496 1 
33.353 -21.647 9.30000 0.22320 1 
38.484 -21.647 9.01507 0.47422 1 
43.615 -21.647 8.96382 0.59473 1 
48.746 -21.647 8.76550 0.68126 1 
53.878 -21.647 8.67988 0.72110 1 
59.009 -21.647 8.52809 0.79892 1 
64.140 -21.647 8.45124 0.71520 1 
69.271 -21.647 8.29455 0.82702 1 
74.402 -21.647 8.14720 0.83495 1 
79.534 -21.647 7.99163 0.77916 1 
84.665 -21.647 7.98743 0.72065 1 
89.796 -21.647 7.94319 0.64635 1 
94.927 -21.647 7.81186 0.54671 1 
100.058 -21.647 7.77696 0.54968 1 
105.190 -21.647 7.74030 0.56631 1 
110.321 -21.647 7.70835 0.44610 1 
115.452 -21.647 7.79902 0.34534 1 
-7.697 -26.778 8.09603 -0.67962 1 
-2.566 -26.778 8.23126 -0.73091 1 
2.566 -26.778 8.46112 -0.78846 1 
7.697 -26.778 8.65467 -0.73978 1 
12.828 -26.778 8.84557 -0.66730 1 
17.959 -26.778 8.90870 -0.52174 1 
23.090 -26.778 8.96785 -0.22890 1 
28.222 -26.778 8.99602 -0.04375 1 
33.353 -26.778 8.98368 0.13861 1 
38.484 -26.778 8.88234 0.24309 1 
43.615 -26.778 8.81024 0.44540 1 
48.746 -26.778 8.80191 0.54840 1 
53.878 -26.778 8.61593 0.61735 1 
59.009 -26.778 8.51360 0.67317 1 
64.140 -26.778 8.32922 0.69831 1 
69.271 -26.778 8.21913 0.71816 1 
74.402 -26.778 8.16317 0.70417 1 
79.534 -26.778 8.10018 0.64174 1 
84.665 -26.778 8.02015 0.68597 1 
89.796 -26.778 7.91143 0.65943 1 
94.927 -26.778 7.89435 0.53318 1 
100.058 -26.778 7.83514 0.48366 1 
105.190 -26.778 7.80942 0.50729 1 
110.321 -26.778 7.77913 0.40774 1 
115.452 -26.778 7.87012 0.35755 1 
-7.697 -31.910 8.10779 -0.61636 1 
-2.566 -31.910 8.24939 -0.65387 1 
2.566 -31.910 8.42056 -0.64820 1 
7.697 -31.910 8.53284 -0.64529 1 
12.828 -31.910 8.65822 -0.47129 1 
17.959 -31.910 8.81545 -0.38014 1 
23.090 -31.910 8.85111 -0.12309 1 
28.222 -31.910 8.88837 -0.05325 1 
33.353 -31.910 8.86274 0.12245 1 
38.484 -31.910 8.78515 0.22167 1 
43.615 -31.910 8.77555 0.30979 1 
48.746 -31.910 8.66940 0.48718 1 
53.878 -31.910 8.59849 0.56559 1 
59.009 -31.910 8.47965 0.55868 1 
64.140 -31.910 8.34945 0.63828 1 
69.271 -31.910 8.26062 0.66655 1 
74.402 -31.910 8.16285 0.58394 1 
79.534 -31.910 8.11900 0.74477 1 
84.665 -31.910 8.00261 0.63671 1 
89.796 -31.910 7.90201 0.56545 1 
94.927 -31.910 7.90144 0.56411 1 
100.058 -31.910 7.84354 0.55767 1 
105.190 -31.910 7.78893 0.43179 1 
110.321 -31.910 7.88890 0.35173 1 
115.452 -31.910 7.88488 0.36070 1 
-7.697 -37.041 8.12186 -0.55697 1 
-2.566 -37.041 8.17429 -0.61500 1 
2.566 -37.041 8.33385 -0.55523 1 
7.697 -37.041 8.49911 -0.42386 1 
12.828 -37.041 8.63780 -0.35231 1 
17.959 -37.041 8.67475 -0.27198 1 
23.090 -37.041 8.76306 -0.16899 1 
28.222 -37.041 8.79453 -0.02812 1 
33.353 -37.041 8.73011 0.10061 1 
38.484 -37.041 8.75686 0.14400 1 
43.615 -37.041 8.69726 0.24665 1 
48.746 -37.041 8.60209 0.39468 1 
53.878 -37.041 8.52413 0.46311 1 
59.009 -37.041 8.38493 0.59207 1 
64.140 -37.041 8.30739 0.58428 1 
69.271 -37.041 8.24067 0.57049 1 
74.402 -37.041 8.15323 0.58193 1 
79.534 -37.041 8.05807 0.53058 1 
84.665 -37.041 7.97513 0.51929 1 
89.796 -37.041 7.94090 0.54166 1 
94.927 -37.041 7.86330 0.51638 1 
100.058 -37.041 7.85695 0.40122 1 
105.190 -37.041 7.88853 0.40561 1 
110.321 -37.041 7.86903 0.37703 1 
115.452 -37.041 7.95234 0.36351 1 
-7.697 -42.172 8.16953 -0.46557 1 
-2.566 -42.172 8.19245 -0.44300 1 
2.566 -42.172 8.32099 -0.38216 1 
7.697 -42.172 8.43938 -0.34458 1 
12.828 -42.172 8.51777 -0.31099 1 
17.959 -42.172 8.62004 -0.18740 1 
23.090 -42.172 8.59928 -0.13635 1 
28.222 -42.172 8.62649 0.03634 1 
33.353 -42.172 8.64819 0.07751 1 
38.484 -42.172 8.63531 0.15361 1 
43.615 -42.172 8.60739 0.25200 1 
48.746 -42.172 8.46445 0.30404 1 
53.878 -42.172 8.45850 0.37665 1 
59.009 -42.172 8.39025 0.46160 1 
64.140 -42.172 8.23547 0.45712 1 
69.271 -42.172 8.22850 0.55586 1 
74.402 -42.172 8.12164 0.52869 1 
79.534 -42.172 8.02815 0.49819 1 
84.665 -42.172 8.00925 0.55129 1 
89.796 -42.172 7.94885 0.44641 1 
94.927 -42.172 7.96256 0.47526 1 
100.058 -42.172 7.87330 0.46805 1 
105.190 -42.172 7.99420 0.39070 1 
110.321 -42.172 7.91905 0.35993 1 
115.452 -42.172 7.99815 0.32749 1 
-7.697 -47.303 8.13847 -0.40768 1 
-2.566 -47.303 8.16071 -0.40754 1 
2.566 -47.303 8.27905 -0.32492 1 
7.697 -47.303 8.40226 -0.35148 1 
12.828 -47.303 8.43225 -0.16047 1 
17.959 -47.303 8.52553 -0.07118 1 
23.090 -47.303 8.53876 -0.06683 1 
28.222 -47.303 8.52795 -0.03434 1 
33.353 -47.303 8.50801 0.05188 1 
38.484 -47.303 8.50885 0.07490 1 
43.615 -47.303 8.44492 0.19730 1 
48.746 -47.303 8.48415 0.23391 1 
53.878 -47.303 8.35275 0.35640 1 
59.009 -47.303 8.23469 0.38317 1 
64.140 -47.303 8.24846 0.40664 1 
69.271 -47.303 8.16222 0.43617 1 
74.402 -47.303 8.12480 0.44504 1 
79.534 -47.303 8.06007 0.41276 1 
84.665 -47.303 7.99890 0.44611 1 
89.796 -47.303 7.95711 0.41424 1 
94.927 -47.303 7.89865 0.40225 1 
100.058 -47.303 8.02345 0.36144 1 
105.190 -47.303 7.93320 0.33935 1 
110.321 -47.303 7.96299 0.30297 1 
115.452 -47.303 7.95903 0.27990 1 
-7.697 -52.434 8.13041 -0.28213 1 
-2.566 -52.434 8.22659 -0.32107 1 
2.566 -52.434 8.25049 -0.29335 1 
7.697 -52.434 8.27360 -0.23261 1 
12.828 -52.434 8.35798 -0.23546 1 
17.959 -52.434 8.38310 -0.17507 1 
23.090 -52.434 8.46790 -0.05749 1 
28.222 -52.434 8.43217 -0.02842 1 
33.353 -52.434 8.44219 0.07953 1 
38.484 -52.434 8.42304 0.10822 1 
43.615 -52.434 8.40844 0.15494 1 
48.746 -52.434 8.31905 0.18103 1 
53.878 -52.434 8.32179 0.27356 1 
59.009 -52.434 8.22117 0.31090 1 
64.140 -52.434 8.22389 0.29608 1 
69.271 -52.434 8.17383 0.35851 1 
74.402 -52.434 8.16537 0.36621 1 
79.534 -52.434 8.03085 0.43801 1 
84.665 -52.434 8.04120 0.42111 1 
89.796 -52.434 8.05582 0.32579 1 
94.927 -52.434 8.04757 0.29813 1 
100.058 -52.434 8.01081 0.34116 1 
105.190 -52.434 7.98984 0.29112 1 
110.321 -52.434 8.03419 0.29078 1 
115.452 -52.434 7.96060 0.25421 1 
