TITLE = "B00048"
VARIABLES = "X [mm]", "Y [mm]", "Vx [m/s]", "Vy [m/s]", "Flag"
ZONE T="Frame 1", I=51, J=39, F=POINT
-8.980 41.210 7.17887 0.24631 2 
-6.414 41.210 7.19896 0.47485 2 
-3.848 41.210 7.19074 0.39146 2 
-1.283 41.210 7.18252 0.30807 2 
1.283 41.210 3.59126 0.15404 2 
3.848 41.210 0.00000 -0.00000 0 
6.414 41.210 0.00000 -0.00000 0 
8.980 41.210 0.00000 -0.00000 0 
11.545 41.210 0.00000 -0.00000 0 
14.111 41.210 0.00000 -0.00000 0 
16.676 41.210 0.00000 -0.00000 0 
19.242 41.210 3.86594 0.39952 2 
21.808 41.210 7.73188 0.79905 2 
24.373 41.210 7.45851 0.93811 2 
26.939 41.210 7.39782 0.69589 2 
29.504 41.210 7.47310 0.81598 2 
32.070 41.210 7.60497 0.83077 2 
34.636 41.210 7.57729 0.77081 2 
37.201 41.210 7.58801 0.89654 2 
39.767 41.210 7.73077 0.93280 2 
42.332 41.210 7.80935 0.85770 2 
44.898 41.210 7.89981 0.86290 2 
47.464 41.210 7.88061 0.80971 2 
50.029 41.210 7.89209 0.87540 2 
52.595 41.210 8.10857 0.82609 2 
55.160 41.210 8.20949 0.80239 2 
57.726 41.210 8.11276 0.65981 2 
60.292 41.210 8.37286 0.96989 2 
62.857 41.210 8.19522 0.61239 2 
65.423 41.210 8.41840 0.65339 2 
67.988 41.210 8.55548 0.59118 2 
70.554 41.210 8.54421 0.61424 2 
73.120 41.210 8.45871 0.54967 2 
75.685 41.210 8.41594 0.65001 2 
78.251 41.210 8.51176 0.63579 2 
80.816 41.210 0.00000 0.00000 0 
83.382 41.210 8.49426 0.45254 2 
85.948 41.210 8.60315 0.37633 2 
88.513 41.210 8.58626 0.21011 2 
91.079 41.210 8.78838 0.32038 2 
93.644 41.210 8.60072 0.29490 2 
96.210 41.210 8.61180 0.01395 2 
98.776 41.210 8.84943 0.05253 2 
101.341 41.210 8.51825 0.07093 2 
103.907 41.210 8.57248 -0.28529 2 
106.472 41.210 8.60749 -0.19947 2 
109.038 41.210 8.70777 -0.22736 2 
111.603 41.210 8.61777 -0.38448 2 
114.169 41.210 8.55225 -0.50330 2 
116.735 41.210 8.77710 -0.44314 2 
119.300 41.210 0.00000 -0.00000 0 
-8.980 38.644 7.25389 0.45727 2 
-6.414 38.644 7.28648 0.25137 2 
-3.848 38.644 7.22298 0.35392 2 
-1.283 38.644 7.18012 0.47848 2 
1.283 38.644 7.73575 0.37401 2 
3.848 38.644 0.00000 -0.00000 0 
6.414 38.644 0.00000 -0.00000 0 
8.980 38.644 0.00000 -0.00000 0 
11.545 38.644 0.00000 -0.00000 0 
14.111 38.644 0.00000 -0.00000 0 
16.676 38.644 0.00000 -0.00000 0 
19.242 38.644 3.93059 0.37393 2 
21.808 38.644 7.86118 0.74787 2 
24.373 38.644 7.36547 0.78126 2 
26.939 38.644 7.32870 0.84999 2 
29.504 38.644 7.53658 0.79402 2 
32.070 38.644 7.53981 0.84710 2 
34.636 38.644 7.63484 0.89786 2 
37.201 38.644 7.56593 1.09533 2 
39.767 38.644 7.61873 0.85328 2 
42.332 38.644 7.92855 0.73720 2 
44.898 38.644 7.64126 0.87831 2 
47.464 38.644 7.91252 0.86493 2 
50.029 38.644 7.99593 0.86302 2 
52.595 38.644 7.99239 0.97950 2 
55.160 38.644 8.38523 0.82477 2 
57.726 38.644 7.98204 0.95403 2 
60.292 38.644 8.07155 0.96445 2 
62.857 38.644 8.24450 0.75629 2 
65.423 38.644 8.32504 0.81372 2 
67.988 38.644 8.43287 0.54035 2 
70.554 38.644 8.36754 0.88508 2 
73.120 38.644 8.56192 0.74799 2 
75.685 38.644 8.44604 0.64340 2 
78.251 38.644 8.70669 0.58421 2 
80.816 38.644 0.00000 0.00000 0 
83.382 38.644 8.64576 0.41627 2 
85.948 38.644 8.69335 0.34600 2 
88.513 38.644 8.51393 0.48379 2 
91.079 38.644 8.84029 0.37408 2 
93.644 38.644 9.01067 0.21510 2 
96.210 38.644 8.69826 0.01225 2 
98.776 38.644 8.85971 0.07129 2 
101.341 38.644 8.61605 -0.29962 2 
103.907 38.644 8.87800 -0.13832 2 
106.472 38.644 8.76329 -0.44148 2 
109.038 38.644 8.71829 -0.12035 2 
111.603 38.644 8.75748 -0.28187 2 
114.169 38.644 8.51595 -0.47452 2 
116.735 38.644 8.85753 -0.26838 2 
119.300 38.644 0.00000 -0.00000 0 
-8.980 36.079 7.11976 0.35650 2 
-6.414 36.079 7.16354 0.41262 2 
-3.848 36.079 7.18443 0.38802 2 
-1.283 36.079 7.18332 0.43290 2 
1.283 36.079 7.69741 0.41052 2 
3.848 36.079 0.00000 -0.00000 0 
6.414 36.079 0.00000 -0.00000 0 
8.980 36.079 0.00000 -0.00000 0 
11.545 36.079 0.00000 -0.00000 0 
14.111 36.079 0.00000 -0.00000 0 
16.676 36.079 0.00000 -0.00000 0 
19.242 36.079 3.95344 0.46691 2 
21.808 36.079 7.90687 0.93383 2 
24.373 36.079 7.36736 0.75851 2 
26.939 36.079 7.49181 0.84061 2 
29.504 36.079 7.37048 0.89646 2 
32.070 36.079 7.42377 0.87790 2 
34.636 36.079 7.58716 0.73567 2 
37.201 36.079 7.75040 0.97677 2 
39.767 36.079 7.85066 0.98739 2 
42.332 36.079 7.64746 0.98778 2 
44.898 36.079 7.90219 0.83757 2 
47.464 36.079 7.95870 1.16727 2 
50.029 36.079 8.03802 0.77412 2 
52.595 36.079 8.11239 1.14847 2 
55.160 36.079 8.02812 0.87112 2 
57.726 36.079 8.40428 0.92742 2 
60.292 36.079 8.38389 0.97400 2 
62.857 36.079 8.31958 0.79789 2 
65.423 36.079 8.44161 0.97021 2 
67.988 36.079 8.49089 0.91460 2 
70.554 36.079 8.41661 0.71073 2 
73.120 36.079 8.50589 0.80248 2 
75.685 36.079 8.56410 0.72900 2 
78.251 36.079 8.69007 0.79778 2 
80.816 36.079 0.00000 0.00000 0 
83.382 36.079 8.70640 0.60701 2 
85.948 36.079 8.87471 0.52208 2 
88.513 36.079 8.75703 0.21563 2 
91.079 36.079 8.76948 0.32321 2 
93.644 36.079 8.75946 0.27218 2 
96.210 36.079 8.94914 0.08326 2 
98.776 36.079 8.83318 -0.05905 2 
101.341 36.079 8.69164 0.01605 2 
103.907 36.079 8.74115 -0.36492 2 
106.472 36.079 8.85177 -0.15789 2 
109.038 36.079 8.74113 -0.48193 2 
111.603 36.079 8.67053 -0.52820 2 
114.169 36.079 8.68901 -0.77021 2 
116.735 36.079 8.70936 -0.68591 2 
119.300 36.079 0.00000 -0.00000 0 
-8.980 33.513 7.15715 0.26140 2 
-6.414 33.513 7.17701 0.28123 2 
-3.848 33.513 7.06674 0.36207 2 
-1.283 33.513 7.04112 0.35234 2 
1.283 33.513 7.45802 0.62995 2 
3.848 33.513 0.00000 -0.00000 0 
6.414 33.513 0.00000 -0.00000 0 
8.980 33.513 0.00000 -0.00000 0 
11.545 33.513 0.00000 -0.00000 0 
14.111 33.513 0.00000 -0.00000 0 
16.676 33.513 0.00000 -0.00000 0 
19.242 33.513 2.84051 0.89274 2 
21.808 33.513 7.53522 0.85071 2 
24.373 33.513 7.20190 0.94188 2 
26.939 33.513 7.34734 0.86416 2 
29.504 33.513 7.46386 0.92453 2 
32.070 33.513 7.44773 0.93492 2 
34.636 33.513 7.56770 1.10850 2 
37.201 33.513 7.64103 0.96999 2 
39.767 33.513 7.57016 0.92957 2 
42.332 33.513 7.50767 0.99623 2 
44.898 33.513 7.90370 0.83115 2 
47.464 33.513 7.98439 0.93358 2 
50.029 33.513 7.76504 1.07231 2 
52.595 33.513 8.02985 1.03512 2 
55.160 33.513 8.29325 0.89699 2 
57.726 33.513 8.33282 1.04944 2 
60.292 33.513 8.21093 0.69901 2 
62.857 33.513 8.26946 0.78541 2 
65.423 33.513 8.58443 0.98505 2 
67.988 33.513 8.39235 0.93960 2 
70.554 33.513 8.63168 0.88310 2 
73.120 33.513 8.52015 0.92151 2 
75.685 33.513 8.60358 0.62209 2 
78.251 33.513 8.72782 0.67389 2 
80.816 33.513 0.00000 0.00000 0 
83.382 33.513 8.78582 0.48445 2 
85.948 33.513 8.91380 0.41923 2 
88.513 33.513 8.89871 0.45003 2 
91.079 33.513 8.65536 0.18141 2 
93.644 33.513 8.93148 0.25949 2 
96.210 33.513 8.79333 0.01915 2 
98.776 33.513 8.89018 0.02265 2 
101.341 33.513 8.84128 -0.20408 2 
103.907 33.513 8.93129 -0.13170 2 
106.472 33.513 8.88007 -0.45904 2 
109.038 33.513 8.88151 -0.33534 2 
111.603 33.513 8.71734 -0.50450 2 
114.169 33.513 8.89751 -0.48339 2 
116.735 33.513 8.65786 -0.66309 2 
119.300 33.513 0.00000 -0.00000 0 
-8.980 30.948 6.96970 0.37838 2 
-6.414 30.948 7.22094 0.30865 2 
-3.848 30.948 7.07288 0.28320 2 
-1.283 30.948 7.06944 0.46248 2 
1.283 30.948 3.53472 0.23124 2 
3.848 30.948 0.00000 -0.00000 0 
6.414 30.948 0.00000 -0.00000 0 
8.980 30.948 0.00000 -0.00000 0 
11.545 30.948 0.00000 -0.00000 0 
14.111 30.948 0.00000 -0.00000 0 
16.676 30.948 0.00000 -0.00000 0 
19.242 30.948 1.72758 1.31857 2 
21.808 30.948 7.87299 0.98476 2 
24.373 30.948 7.29522 0.82647 2 
26.939 30.948 7.36759 0.92655 2 
29.504 30.948 7.45856 1.11306 2 
32.070 30.948 7.55738 1.03675 2 
34.636 30.948 7.48982 0.80789 2 
37.201 30.948 7.55379 0.85390 2 
39.767 30.948 7.77544 1.06972 2 
42.332 30.948 7.76379 1.02299 2 
44.898 30.948 7.96356 1.08166 2 
47.464 30.948 7.83620 1.08287 2 
50.029 30.948 8.06116 1.08649 2 
52.595 30.948 7.91173 0.91288 2 
55.160 30.948 8.06319 1.00953 2 
57.726 30.948 8.14924 0.88758 2 
60.292 30.948 8.35493 1.06537 2 
62.857 30.948 8.48115 0.96012 2 
65.423 30.948 8.31998 0.93051 2 
67.988 30.948 8.53586 1.02289 2 
70.554 30.948 8.66600 0.87869 2 
73.120 30.948 8.58483 0.81318 2 
75.685 30.948 8.78780 0.81018 2 
78.251 30.948 8.82653 0.75777 2 
80.816 30.948 0.00000 0.00000 0 
83.382 30.948 8.85326 0.52720 2 
85.948 30.948 8.96816 0.50896 2 
88.513 30.948 8.83718 0.35666 2 
91.079 30.948 8.91433 0.34129 2 
93.644 30.948 8.97730 0.31252 2 
96.210 30.948 9.16630 0.13072 2 
98.776 30.948 9.04108 0.06463 2 
101.341 30.948 9.12040 -0.10862 2 
103.907 30.948 8.70402 -0.06610 2 
106.472 30.948 8.98963 -0.34241 2 
109.038 30.948 9.00606 -0.51477 2 
111.603 30.948 8.79988 -0.54303 2 
114.169 30.948 8.95939 -0.74448 2 
116.735 30.948 9.19761 -0.73533 2 
119.300 30.948 0.00000 -0.00000 0 
-8.980 28.382 7.14660 0.14344 2 
-6.414 28.382 6.96419 0.28641 2 
-3.848 28.382 7.17684 0.28963 2 
-1.283 28.382 6.96732 0.55339 2 
1.283 28.382 4.67311 0.34362 2 
3.848 28.382 2.37891 0.13384 2 
6.414 28.382 0.00000 -0.00000 0 
8.980 28.382 0.00000 -0.00000 0 
11.545 28.382 0.00000 -0.00000 0 
14.111 28.382 0.00000 -0.00000 0 
16.676 28.382 2.21948 0.28434 2 
19.242 28.382 3.66065 1.02987 2 
21.808 28.382 7.51206 0.90038 2 
24.373 28.382 7.22769 1.00546 2 
26.939 28.382 7.36234 0.96937 2 
29.504 28.382 7.34281 1.10681 2 
32.070 28.382 7.29866 1.10220 2 
34.636 28.382 7.44650 1.11677 2 
37.201 28.382 7.58766 1.27727 2 
39.767 28.382 7.72549 1.11757 2 
42.332 28.382 7.75947 0.97857 2 
44.898 28.382 7.94476 1.14579 2 
47.464 28.382 7.79252 1.11054 2 
50.029 28.382 8.13998 1.11073 2 
52.595 28.382 7.97855 1.08837 2 
55.160 28.382 8.23733 0.99633 2 
57.726 28.382 8.38734 0.94868 2 
60.292 28.382 8.28258 1.17762 2 
62.857 28.382 8.55623 0.87293 2 
65.423 28.382 8.42729 0.94400 2 
67.988 28.382 8.67937 1.10618 2 
70.554 28.382 8.58185 0.79816 2 
73.120 28.382 8.57216 0.86309 2 
75.685 28.382 8.86664 0.82363 2 
78.251 28.382 8.90483 0.79779 2 
80.816 28.382 8.51538 0.68752 2 
83.382 28.382 8.84034 0.57458 2 
85.948 28.382 8.74339 0.41440 2 
88.513 28.382 8.99620 0.61877 2 
91.079 28.382 9.04621 0.51578 2 
93.644 28.382 9.25038 0.26100 2 
96.210 28.382 9.11866 -0.16738 2 
98.776 28.382 9.19157 -0.21318 2 
101.341 28.382 9.02585 -0.00709 2 
103.907 28.382 8.85553 -0.63796 2 
106.472 28.382 8.94366 -0.37250 2 
109.038 28.382 8.76809 -0.49643 2 
111.603 28.382 9.15657 -0.52241 2 
114.169 28.382 8.94357 -0.67314 2 
116.735 28.382 9.24202 -0.57603 2 
119.300 28.382 0.00000 -0.00000 0 
-8.980 25.816 6.90670 0.24008 2 
-6.414 25.816 7.06025 0.28541 2 
-3.848 25.816 6.95012 0.28950 2 
-1.283 25.816 6.94217 0.39535 2 
1.283 25.816 7.13673 0.40153 2 
3.848 25.816 3.56837 0.20077 2 
6.414 25.816 0.00000 -0.00000 0 
8.980 25.816 0.00000 -0.00000 0 
11.545 25.816 0.00000 -0.00000 0 
14.111 25.816 0.00000 -0.00000 0 
16.676 25.816 4.43896 0.56868 2 
19.242 25.816 8.87792 1.13735 2 
21.808 25.816 7.28399 1.07399 2 
24.373 25.816 7.21584 0.96983 2 
26.939 25.816 7.10706 1.05377 2 
29.504 25.816 7.50091 1.10845 2 
32.070 25.816 7.46506 1.21441 2 
34.636 25.816 7.50781 1.09427 2 
37.201 25.816 7.64916 1.20925 2 
39.767 25.816 7.55229 1.09936 2 
42.332 25.816 7.67624 1.19104 2 
44.898 25.816 7.68089 1.05927 2 
47.464 25.816 7.98222 1.21096 2 
50.029 25.816 7.95997 1.00600 2 
52.595 25.816 8.12027 1.13250 2 
55.160 25.816 8.18807 1.05906 2 
57.726 25.816 8.20628 1.23933 2 
60.292 25.816 8.22539 1.04843 2 
62.857 25.816 8.36671 1.16870 2 
65.423 25.816 8.59941 1.23301 2 
67.988 25.816 8.56514 1.01815 2 
70.554 25.816 8.75014 1.01833 2 
73.120 25.816 8.64402 0.99752 2 
75.685 25.816 8.83105 0.98290 2 
78.251 25.816 8.92582 0.88840 2 
80.816 25.816 8.92491 0.74477 2 
83.382 25.816 0.00000 0.00000 0 
85.948 25.816 9.08092 0.73848 2 
88.513 25.816 9.11900 0.34348 2 
91.079 25.816 9.19368 0.56780 2 
93.644 25.816 9.18033 0.37982 2 
96.210 25.816 9.10833 0.12694 2 
98.776 25.816 9.27649 -0.16625 2 
101.341 25.816 9.30545 -0.16000 2 
103.907 25.816 9.09620 -0.23986 2 
106.472 25.816 9.34668 -0.50325 2 
109.038 25.816 9.21936 -0.42747 2 
111.603 25.816 8.90379 -0.55915 2 
114.169 25.816 8.99085 -0.45567 2 
116.735 25.816 9.48352 -0.64476 2 
119.300 25.816 0.00000 -0.00000 0 
-8.980 23.251 7.03728 0.39544 2 
-6.414 23.251 7.09180 0.18965 2 
-3.848 23.251 6.86930 0.31493 2 
-1.283 23.251 6.87641 0.47362 2 
1.283 23.251 6.92706 0.45576 2 
3.848 23.251 7.20456 0.69181 2 
6.414 23.251 0.00000 -0.00000 0 
8.980 23.251 0.00000 -0.00000 0 
11.545 23.251 0.00000 -0.00000 0 
14.111 23.251 0.00000 -0.00000 0 
16.676 23.251 3.87446 0.45120 2 
19.242 23.251 7.74891 0.90241 2 
21.808 23.251 7.02916 1.08732 2 
24.373 23.251 7.17178 1.10532 2 
26.939 23.251 7.30917 1.13591 2 
29.504 23.251 7.24525 1.35714 2 
32.070 23.251 7.40189 1.18405 2 
34.636 23.251 7.51657 1.20695 2 
37.201 23.251 7.49020 1.10045 2 
39.767 23.251 7.64509 1.38233 2 
42.332 23.251 7.78338 1.20997 2 
44.898 23.251 7.82993 1.16646 2 
47.464 23.251 7.75637 1.44284 2 
50.029 23.251 7.95338 1.44031 2 
52.595 23.251 7.99758 1.20352 2 
55.160 23.251 8.19633 1.32265 2 
57.726 23.251 8.21937 1.31894 2 
60.292 23.251 8.25006 1.14338 2 
62.857 23.251 8.49687 1.04387 2 
65.423 23.251 8.48326 1.09127 2 
67.988 23.251 8.55780 1.19244 2 
70.554 23.251 8.69599 1.12868 2 
73.120 23.251 8.42856 1.06827 2 
75.685 23.251 8.75275 0.93685 2 
78.251 23.251 9.16251 1.05586 2 
80.816 23.251 9.33445 0.80202 2 
83.382 23.251 0.00000 0.00000 0 
85.948 23.251 9.63473 0.68827 2 
88.513 23.251 9.69138 0.61106 2 
91.079 23.251 9.29732 0.27646 2 
93.644 23.251 9.33443 0.28342 2 
96.210 23.251 9.46698 -0.02252 2 
98.776 23.251 9.36784 -0.11250 2 
101.341 23.251 9.13706 -0.14334 2 
103.907 23.251 9.35665 -0.47887 2 
106.472 23.251 9.08517 -0.54051 2 
109.038 23.251 9.10284 -0.68184 2 
111.603 23.251 8.98640 -0.27165 2 
114.169 23.251 8.99787 -0.44591 2 
116.735 23.251 9.38841 -0.38027 2 
119.300 23.251 0.00000 -0.00000 0 
-8.980 20.685 6.86736 0.15177 2 
-6.414 20.685 6.85076 0.27008 2 
-3.848 20.685 6.84491 0.37253 2 
-1.283 20.685 6.93475 0.28274 2 
1.283 20.685 6.69687 0.50962 2 
3.848 20.685 7.02893 0.62470 2 
6.414 20.685 0.00000 -0.00000 0 
8.980 20.685 0.00000 -0.00000 0 
11.545 20.685 0.00000 -0.00000 0 
14.111 20.685 0.00000 -0.00000 0 
16.676 20.685 3.94426 0.63305 2 
19.242 20.685 7.88851 1.26611 2 
21.808 20.685 7.00133 1.06621 2 
24.373 20.685 7.23744 1.23355 2 
26.939 20.685 7.14246 1.32302 2 
29.504 20.685 7.24122 1.32175 2 
32.070 20.685 7.38648 1.25980 2 
34.636 20.685 7.39779 1.26831 2 
37.201 20.685 7.69130 1.44774 2 
39.767 20.685 7.69952 1.26154 2 
42.332 20.685 7.67481 1.30819 2 
44.898 20.685 7.80837 1.36450 2 
47.464 20.685 8.01640 1.29550 2 
50.029 20.685 7.98752 1.44542 2 
52.595 20.685 8.27337 1.16438 2 
55.160 20.685 8.12463 1.24552 2 
57.726 20.685 8.39208 1.22384 2 
60.292 20.685 8.29147 1.32187 2 
62.857 20.685 8.66173 1.33728 2 
65.423 20.685 8.38858 1.21705 2 
67.988 20.685 8.65068 1.03738 2 
70.554 20.685 8.47262 1.24999 2 
73.120 20.685 9.76394 1.18827 2 
75.685 20.685 9.07823 1.07212 2 
78.251 20.685 9.47663 1.00466 2 
80.816 20.685 7.86545 0.99597 2 
83.382 20.685 0.00000 0.00000 0 
85.948 20.685 0.00000 0.00000 0 
88.513 20.685 0.00000 0.00000 0 
91.079 20.685 9.75670 0.22377 2 
93.644 20.685 9.67560 0.62499 2 
96.210 20.685 9.64601 -0.34385 2 
98.776 20.685 9.63893 -0.21141 2 
101.341 20.685 9.69288 -0.46655 2 
103.907 20.685 7.62333 -0.32804 2 
106.472 20.685 7.69384 -0.22656 2 
109.038 20.685 8.02365 -0.46318 2 
111.603 20.685 8.74005 -0.42207 2 
114.169 20.685 8.85087 0.33804 2 
116.735 20.685 10.17014 0.03589 2 
119.300 20.685 0.00000 -0.00000 0 
-8.980 18.120 6.94683 -0.03962 2 
-6.414 18.120 6.87646 0.21969 2 
-3.848 18.120 6.81009 0.19914 2 
-1.283 18.120 6.68935 0.23867 2 
1.283 18.120 6.94220 0.37311 2 
3.848 18.120 6.73149 0.45816 2 
6.414 18.120 0.00000 -0.00000 0 
8.980 18.120 0.00000 -0.00000 0 
11.545 18.120 0.00000 -0.00000 0 
14.111 18.120 0.00000 -0.00000 0 
16.676 18.120 -0.65820 1.44165 2 
19.242 18.120 7.32738 1.22773 2 
21.808 18.120 6.94333 1.27984 2 
24.373 18.120 6.94073 1.26437 2 
26.939 18.120 7.28900 1.08454 2 
29.504 18.120 7.20623 1.46984 2 
32.070 18.120 7.30145 1.53419 2 
34.636 18.120 7.39261 1.36397 2 
37.201 18.120 7.54284 1.47152 2 
39.767 18.120 7.45046 1.34843 2 
42.332 18.120 7.89273 1.45484 2 
44.898 18.120 7.75970 1.47884 2 
47.464 18.120 7.86532 1.47926 2 
50.029 18.120 8.06704 1.50060 2 
52.595 18.120 8.49345 1.57615 2 
55.160 18.120 8.60424 1.50935 2 
57.726 18.120 8.46605 1.33419 2 
60.292 18.120 8.76867 1.28610 2 
62.857 18.120 4.33087 0.66864 2 
65.423 18.120 4.19429 0.60852 2 
67.988 18.120 0.00000 -0.00000 0 
70.554 18.120 0.00000 -0.00000 0 
73.120 18.120 0.00000 -0.00000 0 
75.685 18.120 0.00000 -0.00000 0 
78.251 18.120 0.00000 -0.00000 0 
80.816 18.120 0.00000 -0.00000 0 
83.382 18.120 0.00000 -0.00000 0 
85.948 18.120 0.11988 0.34508 2 
88.513 18.120 2.12198 0.55403 2 
91.079 18.120 6.65590 0.17663 2 
93.644 18.120 11.18982 -0.20077 2 
96.210 18.120 10.47649 -0.29643 2 
98.776 18.120 9.31120 -0.83877 2 
101.341 18.120 9.40461 0.19291 2 
103.907 18.120 5.89000 -0.17721 2 
106.472 18.120 6.30250 0.08738 2 
109.038 18.120 6.94446 -0.24451 2 
111.603 18.120 7.58641 -0.57641 2 
114.169 18.120 8.12688 1.92793 2 
116.735 18.120 6.28032 1.58661 2 
119.300 18.120 0.00000 -0.00000 0 
-8.980 15.554 6.89648 -0.06755 2 
-6.414 15.554 6.74714 0.11605 2 
-3.848 15.554 6.69357 0.23294 2 
-1.283 15.554 6.66546 0.15506 2 
1.283 15.554 6.48820 0.46678 2 
3.848 15.554 6.88552 0.48581 2 
6.414 15.554 0.00000 -0.00000 0 
8.980 15.554 0.00000 -0.00000 0 
11.545 15.554 0.00000 -0.00000 0 
14.111 15.554 0.00000 -0.00000 0 
16.676 15.554 -0.63803 -0.30149 2 
19.242 15.554 7.15737 1.36642 2 
21.808 15.554 6.69311 1.37192 2 
24.373 15.554 7.10650 1.40456 2 
26.939 15.554 7.14371 1.58443 2 
29.504 15.554 7.16487 1.51128 2 
32.070 15.554 7.28088 1.47846 2 
34.636 15.554 7.86576 1.70307 2 
37.201 15.554 7.59937 1.55780 2 
39.767 15.554 7.78945 1.66506 2 
42.332 15.554 8.00133 1.58563 2 
44.898 15.554 8.00221 1.65880 2 
47.464 15.554 8.19968 1.77653 2 
50.029 15.554 8.43001 1.58171 2 
52.595 15.554 7.89078 1.36393 2 
55.160 15.554 0.00000 -0.00000 0 
57.726 15.554 0.00000 -0.00000 0 
60.292 15.554 0.00000 -0.00000 0 
62.857 15.554 0.00000 -0.00000 0 
65.423 15.554 0.00000 -0.00000 0 
67.988 15.554 0.00000 -0.00000 0 
70.554 15.554 0.00000 -0.00000 0 
73.120 15.554 0.00000 -0.00000 0 
75.685 15.554 0.00000 -0.00000 0 
78.251 15.554 0.00000 -0.00000 0 
80.816 15.554 -0.66964 0.56833 2 
83.382 15.554 -0.86038 -0.24970 2 
85.948 15.554 -1.28098 -0.18260 2 
88.513 15.554 -3.07376 0.78295 2 
91.079 15.554 0.71508 0.79573 2 
93.644 15.554 4.50391 0.80852 2 
96.210 15.554 0.06135 -0.00262 2 
98.776 15.554 3.39837 -0.42666 2 
101.341 15.554 3.44925 -0.71345 2 
103.907 15.554 1.67768 -0.58884 2 
106.472 15.554 2.98052 0.48175 2 
109.038 15.554 3.33328 0.17842 2 
111.603 15.554 3.68605 -0.12491 2 
114.169 15.554 2.10704 4.24343 2 
116.735 15.554 2.10511 3.74193 2 
119.300 15.554 0.00000 -0.00000 0 
-8.980 12.988 6.86543 0.01850 2 
-6.414 12.988 6.64786 -0.09408 2 
-3.848 12.988 6.56740 0.06569 2 
-1.283 12.988 6.70683 0.14153 2 
1.283 12.988 6.58082 0.22682 2 
3.848 12.988 6.60411 0.42106 2 
6.414 12.988 0.00000 -0.00000 0 
8.980 12.988 0.00000 -0.00000 0 
11.545 12.988 0.00000 -0.00000 0 
14.111 12.988 0.00000 -0.00000 0 
16.676 12.988 3.59619 0.68601 2 
19.242 12.988 7.19239 1.37203 2 
21.808 12.988 6.82086 1.46248 2 
24.373 12.988 6.95057 1.44185 2 
26.939 12.988 7.08089 1.65048 2 
29.504 12.988 7.58246 1.77362 2 
32.070 12.988 7.77814 1.64347 2 
34.636 12.988 6.51609 1.56698 2 
37.201 12.988 8.72799 1.77678 2 
39.767 12.988 7.35627 1.50868 2 
42.332 12.988 0.00000 -0.00000 0 
44.898 12.988 0.00000 -0.00000 0 
47.464 12.988 0.00000 -0.00000 0 
50.029 12.988 0.00000 -0.00000 0 
52.595 12.988 0.00000 -0.00000 0 
55.160 12.988 0.00000 -0.00000 0 
57.726 12.988 0.00000 -0.00000 0 
60.292 12.988 0.00000 -0.00000 0 
62.857 12.988 0.00000 -0.00000 0 
65.423 12.988 0.00000 -0.00000 0 
67.988 12.988 0.00000 -0.00000 0 
70.554 12.988 0.00000 -0.00000 0 
73.120 12.988 0.00000 -0.00000 0 
75.685 12.988 -1.22906 -0.33102 2 
78.251 12.988 -1.52787 -0.60209 2 
80.816 12.988 -2.10276 -0.32683 2 
83.382 12.988 -1.72077 -0.49940 2 
85.948 12.988 -1.36702 0.20185 2 
88.513 12.988 -2.93943 0.48357 2 
91.079 12.988 -2.33750 1.57287 2 
93.644 12.988 0.59996 1.01185 2 
96.210 12.988 -3.76371 0.99733 2 
98.776 12.988 -2.51447 -0.01454 2 
101.341 12.988 -0.34349 -0.71232 2 
103.907 12.988 -1.02127 1.47495 2 
106.472 12.988 -0.34146 0.87612 2 
109.038 12.988 -0.38976 1.38450 2 
111.603 12.988 -0.43806 1.89288 2 
114.169 12.988 -0.52814 2.07968 2 
116.735 12.988 0.67089 1.87077 2 
119.300 12.988 -0.01771 4.12078 2 
-8.980 10.423 6.58650 -0.14679 2 
-6.414 10.423 6.85754 -0.16094 2 
-3.848 10.423 6.61031 -0.13955 2 
-1.283 10.423 6.34120 0.17046 2 
1.283 10.423 6.25454 0.18733 2 
3.848 10.423 6.42212 0.36922 2 
6.414 10.423 1.60363 0.04840 2 
8.980 10.423 0.00000 -0.00000 0 
11.545 10.423 0.00000 -0.00000 0 
14.111 10.423 0.00000 -0.00000 0 
16.676 10.423 2.87696 0.54881 2 
19.242 10.423 4.79493 0.91469 2 
21.808 10.423 6.95600 1.69467 2 
24.373 10.423 7.08066 1.78070 2 
26.939 10.423 7.75595 1.83908 2 
29.504 10.423 6.75225 1.95031 2 
32.070 10.423 0.00000 -0.00000 0 
34.636 10.423 0.00000 -0.00000 0 
37.201 10.423 0.00000 -0.00000 0 
39.767 10.423 0.00000 -0.00000 0 
42.332 10.423 0.00000 -0.00000 0 
44.898 10.423 0.00000 -0.00000 0 
47.464 10.423 0.00000 -0.00000 0 
50.029 10.423 0.00000 -0.00000 0 
52.595 10.423 0.00000 -0.00000 0 
55.160 10.423 0.00000 -0.00000 0 
57.726 10.423 0.00000 -0.00000 0 
60.292 10.423 0.00000 -0.00000 0 
62.857 10.423 0.00000 -0.00000 0 
65.423 10.423 0.00000 -0.00000 0 
67.988 10.423 -0.75690 -0.55192 2 
70.554 10.423 -0.22158 -0.43188 2 
73.120 10.423 -2.16802 -0.91086 2 
75.685 10.423 -2.45811 -0.66204 2 
78.251 10.423 -2.20840 -0.43379 2 
80.816 10.423 -1.95869 -0.20554 2 
83.382 10.423 -2.43528 -0.63828 2 
85.948 10.423 -3.32769 -0.18524 2 
88.513 10.423 -2.45528 0.50309 2 
91.079 10.423 -3.19919 1.08857 2 
93.644 10.423 -3.30399 1.21518 2 
96.210 10.423 -3.25522 0.01528 2 
98.776 10.423 -2.36273 1.78033 2 
101.341 10.423 -3.35791 0.59057 2 
103.907 10.423 -3.26331 0.99025 2 
106.472 10.423 -4.81721 1.62350 2 
109.038 10.423 -2.89649 1.41811 2 
111.603 10.423 -0.97576 1.21271 2 
114.169 10.423 -2.11383 1.30389 2 
116.735 10.423 -0.05970 3.28835 2 
119.300 10.423 0.27216 5.75522 2 
-8.980 7.857 6.69310 -0.31847 2 
-6.414 7.857 6.63708 -0.30208 2 
-3.848 7.857 6.42795 -0.18001 2 
-1.283 7.857 6.33326 -0.17176 2 
1.283 7.857 6.05734 0.01571 2 
3.848 7.857 6.41453 0.19361 2 
6.414 7.857 3.20727 0.09681 2 
8.980 7.857 0.00000 -0.00000 0 
11.545 7.857 0.00000 -0.00000 0 
14.111 7.857 0.00000 -0.00000 2 
16.676 7.857 1.43848 0.27441 2 
19.242 7.857 2.39746 0.45734 2 
21.808 7.857 0.00000 -0.00000 0 
24.373 7.857 0.00000 -0.00000 0 
26.939 7.857 0.00000 -0.00000 0 
29.504 7.857 0.00000 -0.00000 0 
32.070 7.857 0.00000 -0.00000 0 
34.636 7.857 0.00000 -0.00000 0 
37.201 7.857 0.00000 -0.00000 0 
39.767 7.857 0.00000 -0.00000 0 
42.332 7.857 0.00000 -0.00000 0 
44.898 7.857 0.00000 -0.00000 0 
47.464 7.857 0.00000 -0.00000 0 
50.029 7.857 0.00000 -0.00000 0 
52.595 7.857 0.00000 -0.00000 0 
55.160 7.857 0.00000 -0.00000 0 
57.726 7.857 0.00000 -0.00000 0 
60.292 7.857 -0.31013 -0.07331 2 
62.857 7.857 -0.45155 -0.33666 2 
65.423 7.857 -0.73330 -0.17835 2 
67.988 7.857 -1.51380 -1.10384 2 
70.554 7.857 -2.54849 -1.40712 2 
73.120 7.857 -1.93734 -1.18686 2 
75.685 7.857 -2.60839 -0.76912 2 
78.251 7.857 -2.34070 -0.35720 2 
80.816 7.857 -2.24447 -0.19063 2 
83.382 7.857 -1.98807 -0.11046 2 
85.948 7.857 -2.66965 -0.53197 2 
88.513 7.857 -3.29668 -0.17790 2 
91.079 7.857 -4.06088 0.60426 2 
93.644 7.857 -3.92649 0.21934 2 
96.210 7.857 -2.45333 0.81859 2 
98.776 7.857 -3.27527 0.31914 2 
101.341 7.857 -3.94017 1.19736 2 
103.907 7.857 -3.64053 1.96707 2 
106.472 7.857 -3.79593 1.66519 2 
109.038 7.857 -3.44272 2.18266 2 
111.603 7.857 -0.56672 2.31175 2 
114.169 7.857 -1.89893 2.16488 2 
116.735 7.857 -0.70593 4.39054 2 
119.300 7.857 0.21203 5.54786 2 
-8.980 5.292 6.71027 -0.37102 2 
-6.414 5.292 6.54605 -0.37729 2 
-3.848 5.292 6.26671 -0.30480 2 
-1.283 5.292 6.43557 -0.24932 2 
1.283 5.292 5.88542 -0.10511 2 
3.848 5.292 6.08761 0.15548 2 
6.414 5.292 1.60363 0.04840 2 
8.980 5.292 0.00000 -0.00000 0 
11.545 5.292 0.00000 -0.00000 0 
14.111 5.292 0.00000 -0.00000 0 
16.676 5.292 0.00000 -0.00000 0 
19.242 5.292 0.00000 -0.00000 0 
21.808 5.292 0.00000 -0.00000 0 
24.373 5.292 0.00000 -0.00000 0 
26.939 5.292 0.00000 -0.00000 0 
29.504 5.292 0.00000 -0.00000 0 
32.070 5.292 0.00000 -0.00000 0 
34.636 5.292 0.00000 -0.00000 0 
37.201 5.292 0.00000 -0.00000 0 
39.767 5.292 0.00000 -0.00000 0 
42.332 5.292 0.00000 -0.00000 0 
44.898 5.292 0.00000 -0.00000 0 
47.464 5.292 0.00000 -0.00000 0 
50.029 5.292 0.00000 -0.00000 0 
52.595 5.292 -0.27076 -0.06296 2 
55.160 5.292 -0.71160 -0.32953 2 
57.726 5.292 -0.24958 -0.23841 2 
60.292 5.292 -0.62026 -0.14663 2 
62.857 5.292 -1.73185 -0.51575 2 
65.423 5.292 -1.57240 -0.83817 2 
67.988 5.292 -1.80454 -1.55636 2 
70.554 5.292 -1.40580 -1.31964 2 
73.120 5.292 -1.70665 -1.46286 2 
75.685 5.292 -1.97738 -0.85560 2 
78.251 5.292 -2.45501 -0.09692 2 
80.816 5.292 -2.53024 -0.17571 2 
83.382 5.292 -3.25056 -0.50569 2 
85.948 5.292 -3.44679 -1.09385 2 
88.513 5.292 -3.85827 -0.91692 2 
91.079 5.292 -4.06873 -0.54992 2 
93.644 5.292 -3.51328 -2.01177 2 
96.210 5.292 -1.22275 -1.20735 2 
98.776 5.292 -2.83166 -0.55284 2 
101.341 5.292 -0.43017 1.04378 2 
103.907 5.292 -1.76193 2.32141 2 
106.472 5.292 -2.77466 1.70687 2 
109.038 5.292 -2.30233 2.09980 2 
111.603 5.292 -0.15767 3.41078 2 
114.169 5.292 -1.68403 3.02587 2 
116.735 5.292 -0.76607 4.18319 2 
119.300 5.292 0.15189 5.34051 2 
-8.980 2.726 6.53488 -0.43941 2 
-6.414 2.726 6.57498 -0.53742 2 
-3.848 2.726 6.45635 -0.54998 2 
-1.283 2.726 6.07244 -0.53318 2 
1.283 2.726 6.37234 -0.45921 2 
3.848 2.726 6.27126 -0.03109 2 
6.414 2.726 0.00000 -0.00000 0 
8.980 2.726 0.00000 -0.00000 0 
11.545 2.726 0.00000 -0.00000 0 
14.111 2.726 0.00000 -0.00000 0 
16.676 2.726 0.00000 -0.00000 0 
19.242 2.726 0.00000 -0.00000 0 
21.808 2.726 0.00000 -0.00000 0 
24.373 2.726 0.00000 -0.00000 0 
26.939 2.726 0.00000 -0.00000 0 
29.504 2.726 0.00000 -0.00000 0 
32.070 2.726 0.00000 -0.00000 0 
34.636 2.726 0.00000 -0.00000 0 
37.201 2.726 0.00000 -0.00000 0 
39.767 2.726 0.00000 -0.00000 0 
42.332 2.726 0.00000 -0.00000 0 
44.898 2.726 0.00000 -0.00000 0 
47.464 2.726 -0.13186 -0.02401 2 
50.029 2.726 -1.04589 -0.42483 2 
52.595 2.726 -0.54152 -0.12591 2 
55.160 2.726 -0.94005 -0.21400 2 
57.726 2.726 -1.33858 -0.30208 2 
60.292 2.726 -2.25116 -0.58449 2 
62.857 2.726 -1.86009 -0.82315 2 
65.423 2.726 -1.90455 -0.97551 2 
67.988 2.726 -1.98044 -1.21111 2 
70.554 2.726 -2.19550 -0.93154 2 
73.120 2.726 -2.36947 -1.03635 2 
75.685 2.726 -1.90076 -1.10969 2 
78.251 2.726 -2.02744 -0.37752 2 
80.816 2.726 -3.21723 -0.46419 2 
83.382 2.726 -3.08614 -0.67787 2 
85.948 2.726 -1.90242 -0.49241 2 
88.513 2.726 -3.14237 -0.81272 2 
91.079 2.726 -2.88303 -0.81380 2 
93.644 2.726 -2.03466 -1.62888 2 
96.210 2.726 0.23487 -2.01103 2 
98.776 2.726 0.21856 1.14028 2 
101.341 2.726 0.15495 2.41831 2 
103.907 2.726 -0.99887 0.88526 2 
106.472 2.726 -1.00571 0.82455 2 
109.038 2.726 -1.33682 1.71869 2 
111.603 2.726 -1.38121 2.37545 2 
114.169 2.726 -0.81617 3.65282 2 
116.735 2.726 -0.82621 3.97583 2 
119.300 2.726 0.09176 5.13315 2 
-8.980 0.160 6.68668 -0.63917 2 
-6.414 0.160 6.72784 -0.71848 2 
-3.848 0.160 6.19214 -0.64935 2 
-1.283 0.160 6.34175 -0.82516 2 
1.283 0.160 5.57200 -0.77457 2 
3.848 0.160 0.00000 -0.00000 0 
6.414 0.160 0.00000 -0.00000 0 
8.980 0.160 0.00000 -0.00000 0 
11.545 0.160 0.00000 -0.00000 0 
14.111 0.160 0.00000 -0.00000 0 
16.676 0.160 0.00000 -0.00000 0 
19.242 0.160 0.00000 -0.00000 0 
21.808 0.160 0.00000 -0.00000 0 
24.373 0.160 0.00000 -0.00000 0 
26.939 0.160 0.00000 -0.00000 0 
29.504 0.160 0.00000 -0.00000 0 
32.070 0.160 0.00000 -0.00000 0 
34.636 0.160 0.00000 -0.00000 0 
37.201 0.160 0.00000 -0.00000 0 
39.767 0.160 -0.77557 -0.17715 2 
42.332 0.160 -0.62292 -0.22173 2 
44.898 0.160 -0.83034 -0.33077 2 
47.464 0.160 -1.14183 -0.38864 2 
50.029 0.160 -1.63214 -0.66391 2 
52.595 0.160 -0.75335 -0.22851 2 
55.160 0.160 -1.76205 -0.27682 2 
57.726 0.160 -2.42758 -0.36574 2 
60.292 0.160 -2.20434 -0.53928 2 
62.857 0.160 -1.90809 -0.31915 2 
65.423 0.160 -2.24612 -1.39327 2 
67.988 0.160 -2.35483 -1.11720 2 
70.554 0.160 -2.46631 -1.10201 2 
73.120 0.160 -1.66884 -1.42772 2 
75.685 0.160 -2.05936 -0.95429 2 
78.251 0.160 -1.59987 -0.65812 2 
80.816 0.160 -0.97633 -0.63086 2 
83.382 0.160 -1.97047 -1.20267 2 
85.948 0.160 -2.68308 -0.73207 2 
88.513 0.160 -2.81720 -1.15287 2 
91.079 0.160 -1.69733 -1.07767 2 
93.644 0.160 -0.55604 -1.24598 2 
96.210 0.160 0.20111 -1.77333 2 
98.776 0.160 0.87175 -1.26257 2 
101.341 0.160 0.28718 1.08753 2 
103.907 0.160 0.83276 0.23136 2 
106.472 0.160 1.08537 -0.10080 2 
109.038 0.160 0.52190 0.57932 2 
111.603 0.160 0.73130 2.31355 2 
114.169 0.160 0.05170 4.27978 2 
116.735 0.160 0.02667 2.75765 2 
119.300 0.160 0.03162 4.92579 2 
-8.980 -2.405 6.66010 -0.77139 2 
-6.414 -2.405 6.55759 -0.75835 2 
-3.848 -2.405 6.53974 -0.83161 2 
-1.283 -2.405 6.51851 -0.92146 2 
1.283 -2.405 0.00000 -0.00000 0 
3.848 -2.405 0.00000 -0.00000 0 
6.414 -2.405 0.00000 -0.00000 0 
8.980 -2.405 0.00000 -0.00000 0 
11.545 -2.405 0.00000 -0.00000 0 
14.111 -2.405 0.00000 -0.00000 0 
16.676 -2.405 0.00000 -0.00000 0 
19.242 -2.405 0.00000 -0.00000 0 
21.808 -2.405 0.00000 -0.00000 0 
24.373 -2.405 0.00000 -0.00000 0 
26.939 -2.405 0.00000 -0.00000 0 
29.504 -2.405 0.00000 -0.00000 0 
32.070 -2.405 -0.73112 -0.34889 2 
34.636 -2.405 -0.76300 -0.20053 2 
37.201 -2.405 -1.63706 -0.22372 2 
39.767 -2.405 -1.53329 -0.45211 2 
42.332 -2.405 -1.69197 -0.06914 2 
44.898 -2.405 -1.27724 -0.18438 2 
47.464 -2.405 -1.50737 -0.28217 2 
50.029 -2.405 -2.10237 -0.25288 2 
52.595 -2.405 -0.96519 -0.33110 2 
55.160 -2.405 -2.31705 -0.33879 2 
57.726 -2.405 -1.78337 -0.23818 2 
60.292 -2.405 -1.37217 -0.83861 2 
62.857 -2.405 -1.87949 -1.02379 2 
65.423 -2.405 -1.71534 -1.52771 2 
67.988 -2.405 -1.77582 -1.09207 2 
70.554 -2.405 -1.98817 -1.12208 2 
73.120 -2.405 -1.24683 -1.46072 2 
75.685 -2.405 -0.83167 -0.91386 2 
78.251 -2.405 0.00332 -0.60081 2 
80.816 -2.405 -0.80181 -0.80804 2 
83.382 -2.405 -1.25264 -1.35126 2 
85.948 -2.405 -1.18315 -1.44103 2 
88.513 -2.405 -0.85678 -0.15921 2 
91.079 -2.405 0.30240 -0.12375 2 
93.644 -2.405 -0.01072 0.13407 2 
96.210 -2.405 0.45271 -0.29074 2 
98.776 -2.405 -0.20003 -0.29119 2 
101.341 -2.405 0.79999 1.18045 2 
103.907 -2.405 1.28291 0.71499 2 
106.472 -2.405 1.44909 -0.52359 2 
109.038 -2.405 2.24076 -0.41827 2 
111.603 -2.405 3.56514 3.27567 2 
114.169 -2.405 2.48787 4.20431 2 
116.735 -2.405 2.63733 3.64270 2 
119.300 -2.405 0.42660 2.35843 2 
-8.980 -4.971 6.89341 -0.80147 2 
-6.414 -4.971 6.63660 -0.95464 2 
-3.848 -4.971 6.61339 -0.85222 2 
-1.283 -4.971 6.28174 -1.11233 2 
1.283 -4.971 0.00000 -0.00000 0 
3.848 -4.971 0.00000 -0.00000 0 
6.414 -4.971 0.00000 -0.00000 0 
8.980 -4.971 0.00000 -0.00000 0 
11.545 -4.971 0.00000 -0.00000 0 
14.111 -4.971 0.00000 -0.00000 0 
16.676 -4.971 0.00000 -0.00000 0 
19.242 -4.971 0.00000 -0.00000 0 
21.808 -4.971 0.00000 -0.00000 0 
24.373 -4.971 -0.45489 -0.12463 2 
26.939 -4.971 -0.24371 -0.07421 2 
29.504 -4.971 -0.88533 -0.24389 2 
32.070 -4.971 -1.46225 -0.69779 2 
34.636 -4.971 -1.95921 -0.80632 2 
37.201 -4.971 -1.71983 -0.87419 2 
39.767 -4.971 -0.92721 -0.56682 2 
42.332 -4.971 -1.54190 -0.49499 2 
44.898 -4.971 -1.39501 0.46964 2 
47.464 -4.971 -1.66609 -0.67484 2 
50.029 -4.971 -1.79890 -0.05503 2 
52.595 -4.971 -0.47397 0.41176 2 
55.160 -4.971 -0.93189 -0.67712 2 
57.726 -4.971 -1.55194 -0.65735 2 
60.292 -4.971 -0.58731 -0.46904 2 
62.857 -4.971 -1.02369 -1.33900 2 
65.423 -4.971 -1.18456 -1.66215 2 
67.988 -4.971 -0.89814 -0.95855 2 
70.554 -4.971 -0.33367 -0.61486 2 
73.120 -4.971 0.15237 -0.98258 2 
75.685 -4.971 0.70737 -0.98721 2 
78.251 -4.971 0.90085 -1.38646 2 
80.816 -4.971 -0.62728 -0.98521 2 
83.382 -4.971 -0.53482 -1.49985 2 
85.948 -4.971 0.18858 -1.53049 2 
88.513 -4.971 0.40417 -0.39887 2 
91.079 -4.971 0.00500 -0.03433 2 
93.644 -4.971 1.62697 0.40566 2 
96.210 -4.971 0.41864 0.70242 2 
98.776 -4.971 1.97656 0.19258 2 
101.341 -4.971 1.16918 1.24291 2 
103.907 -4.971 0.80311 1.74054 2 
106.472 -4.971 1.81280 -0.94639 2 
109.038 -4.971 3.41013 0.96830 2 
111.603 -4.971 4.19800 2.88896 2 
114.169 -4.971 4.41784 3.88863 2 
116.735 -4.971 3.65910 2.82568 2 
119.300 -4.971 0.37369 3.47515 2 
-8.980 -7.536 7.26211 -0.86342 2 
-6.414 -7.536 6.82497 -1.06941 2 
-3.848 -7.536 6.70929 -1.08944 2 
-1.283 -7.536 6.69477 -1.35804 2 
1.283 -7.536 6.54938 -1.67667 2 
3.848 -7.536 0.00000 -0.00000 0 
6.414 -7.536 -2.53817 -1.19246 2 
8.980 -7.536 -0.03815 -1.41869 2 
11.545 -7.536 -0.82120 -1.40118 2 
14.111 -7.536 -0.43679 -0.56340 2 
16.676 -7.536 -0.05237 0.27437 2 
19.242 -7.536 -0.52835 -0.19918 2 
21.808 -7.536 3.65698 -0.42039 2 
24.373 -7.536 -0.90978 -0.24927 2 
26.939 -7.536 -1.83718 -0.79044 2 
29.504 -7.536 -1.29698 -0.73669 2 
32.070 -7.536 -0.88621 -1.19046 2 
34.636 -7.536 -1.05286 -0.97984 2 
37.201 -7.536 -0.77444 -0.73246 2 
39.767 -7.536 -0.32113 -0.68153 2 
42.332 -7.536 -0.59289 -0.02525 2 
44.898 -7.536 -0.86465 0.63104 2 
47.464 -7.536 -0.04225 0.78990 2 
50.029 -7.536 0.78014 0.94876 2 
52.595 -7.536 0.41064 0.67180 2 
55.160 -7.536 0.03735 0.38671 2 
57.726 -7.536 -0.77145 -0.62481 2 
60.292 -7.536 -0.39955 -0.79322 2 
62.857 -7.536 -0.13521 -1.62628 2 
65.423 -7.536 -0.37660 -1.60778 2 
67.988 -7.536 -0.19602 -1.63919 2 
70.554 -7.536 -0.58119 -1.20898 2 
73.120 -7.536 0.12199 -1.66725 2 
75.685 -7.536 -0.10341 -1.06870 2 
78.251 -7.536 0.93251 -1.44058 2 
80.816 -7.536 0.91207 -0.07388 2 
83.382 -7.536 2.30646 0.18346 2 
85.948 -7.536 1.54049 -1.22804 2 
88.513 -7.536 3.78043 -1.31449 2 
91.079 -7.536 3.73856 -0.31978 2 
93.644 -7.536 3.79400 -1.05883 2 
96.210 -7.536 4.34145 -0.93907 2 
98.776 -7.536 4.37858 -0.72540 2 
101.341 -7.536 5.44119 -0.45007 2 
103.907 -7.536 6.12391 1.42081 2 
106.472 -7.536 8.15234 1.38204 2 
109.038 -7.536 7.14849 2.57307 2 
111.603 -7.536 7.04276 2.59827 2 
114.169 -7.536 5.75474 2.88653 2 
116.735 -7.536 5.07421 2.15373 2 
119.300 -7.536 0.00000 -0.00000 0 
-8.980 -10.102 6.86314 -0.85226 2 
-6.414 -10.102 7.00388 -1.02790 2 
-3.848 -10.102 6.80822 -1.35520 2 
-1.283 -10.102 6.82933 -1.48878 2 
1.283 -10.102 6.71156 -1.78596 2 
3.848 -10.102 6.88305 -2.29557 2 
6.414 -10.102 7.13739 -2.65917 2 
8.980 -10.102 3.81990 -1.99397 2 
11.545 -10.102 3.64566 -2.05334 2 
14.111 -10.102 6.52915 -2.42526 2 
16.676 -10.102 9.41263 -2.79717 2 
19.242 -10.102 9.12127 -2.89818 2 
21.808 -10.102 7.31395 -0.84079 2 
24.373 -10.102 -1.01293 -0.34499 2 
26.939 -10.102 -1.41883 -0.46908 2 
29.504 -10.102 -0.29637 -1.10040 2 
32.070 -10.102 0.18588 -1.40613 2 
34.636 -10.102 -0.14652 -1.15335 2 
37.201 -10.102 3.70617 -0.74983 2 
39.767 -10.102 3.27006 -0.59014 2 
42.332 -10.102 3.76182 0.15387 2 
44.898 -10.102 3.20485 0.43554 2 
47.464 -10.102 3.02432 0.43046 2 
50.029 -10.102 2.84379 0.42538 2 
52.595 -10.102 3.08200 0.73618 2 
55.160 -10.102 2.92122 0.40678 2 
57.726 -10.102 1.25918 -0.21003 2 
60.292 -10.102 -0.02822 -0.46204 2 
62.857 -10.102 0.48343 -0.53976 2 
65.423 -10.102 0.73058 -1.42540 2 
67.988 -10.102 0.43262 -1.24186 2 
70.554 -10.102 0.63783 -1.46297 2 
73.120 -10.102 0.76602 -1.69684 2 
75.685 -10.102 0.35088 -0.80264 2 
78.251 -10.102 1.44147 -0.61849 2 
80.816 -10.102 2.69731 0.76311 2 
83.382 -10.102 3.49165 1.79966 2 
85.948 -10.102 3.27087 1.68163 2 
88.513 -10.102 3.03686 0.02658 2 
91.079 -10.102 3.03032 2.05948 2 
93.644 -10.102 5.22897 -0.07947 2 
96.210 -10.102 4.48109 -1.14869 2 
98.776 -10.102 5.51319 0.49934 2 
101.341 -10.102 7.36091 -0.10320 2 
103.907 -10.102 6.02938 2.22829 2 
106.472 -10.102 6.76747 2.72925 2 
109.038 -10.102 7.63619 2.66494 2 
111.603 -10.102 8.00781 3.18273 2 
114.169 -10.102 8.02384 2.48567 2 
116.735 -10.102 7.87925 3.40458 2 
119.300 -10.102 0.00000 -0.00000 0 
-8.980 -12.668 7.31050 -0.94453 2 
-6.414 -12.668 6.99280 -1.12390 2 
-3.848 -12.668 7.13103 -1.18535 2 
-1.283 -12.668 7.02150 -1.51092 2 
1.283 -12.668 7.05929 -1.78553 2 
3.848 -12.668 7.10071 -2.11584 2 
6.414 -12.668 7.22310 -2.44482 2 
8.980 -12.668 7.67794 -2.56926 2 
11.545 -12.668 8.11252 -2.70550 2 
14.111 -12.668 8.51747 -2.64237 2 
16.676 -12.668 8.84566 -2.54663 2 
19.242 -12.668 9.25580 -2.43403 2 
21.808 -12.668 9.48146 -2.33808 2 
24.373 -12.668 9.84167 -2.05400 2 
26.939 -12.668 9.14272 -2.16975 2 
29.504 -12.668 7.90280 -1.39066 2 
32.070 -12.668 8.71190 -1.03627 2 
34.636 -12.668 8.58484 -1.39750 2 
37.201 -12.668 8.18678 -0.76719 2 
39.767 -12.668 6.86124 -0.49875 2 
42.332 -12.668 6.55726 -0.60210 2 
44.898 -12.668 6.12678 -0.51294 2 
47.464 -12.668 5.27694 0.17896 2 
50.029 -12.668 5.51515 0.48976 2 
52.595 -12.668 5.75336 0.80056 2 
55.160 -12.668 5.80509 0.42685 2 
57.726 -12.668 4.72951 -0.19526 2 
60.292 -12.668 6.49801 0.61118 2 
62.857 -12.668 3.18351 -0.76307 2 
65.423 -12.668 1.83198 -1.88092 2 
67.988 -12.668 1.06126 -0.84452 2 
70.554 -12.668 1.85684 -1.71695 2 
73.120 -12.668 1.41005 -1.72643 2 
75.685 -12.668 2.83449 -0.83388 2 
78.251 -12.668 1.84786 -0.27383 2 
80.816 -12.668 4.21381 1.26955 2 
83.382 -12.668 3.99185 0.63769 2 
85.948 -12.668 3.76990 0.00583 2 
88.513 -12.668 4.05067 1.23477 2 
91.079 -12.668 5.73762 1.61926 2 
93.644 -12.668 5.82994 1.70055 2 
96.210 -12.668 6.13888 0.53477 2 
98.776 -12.668 6.64780 1.72407 2 
101.341 -12.668 7.41123 1.41580 2 
103.907 -12.668 6.71574 2.50338 2 
106.472 -12.668 7.68782 3.00673 2 
109.038 -12.668 8.92193 2.98874 2 
111.603 -12.668 8.23374 2.91137 2 
114.169 -12.668 9.67166 2.76633 2 
116.735 -12.668 8.74906 2.51467 2 
119.300 -12.668 0.00000 -0.00000 0 
-8.980 -15.233 7.12106 -1.01594 2 
-6.414 -15.233 7.19288 -1.07028 2 
-3.848 -15.233 7.24018 -1.30757 2 
-1.283 -15.233 7.27649 -1.52581 2 
1.283 -15.233 7.24127 -1.68845 2 
3.848 -15.233 7.37490 -2.04254 2 
6.414 -15.233 7.44980 -2.08137 2 
8.980 -15.233 7.69453 -2.31857 2 
11.545 -15.233 8.11299 -2.35959 2 
14.111 -15.233 8.57836 -2.46483 2 
16.676 -15.233 8.81236 -2.34339 2 
19.242 -15.233 8.83656 -2.11254 2 
21.808 -15.233 9.08013 -2.22553 2 
24.373 -15.233 9.35892 -1.88797 2 
26.939 -15.233 9.48643 -1.80274 2 
29.504 -15.233 8.75892 -1.46033 2 
32.070 -15.233 9.94406 -1.22965 2 
34.636 -15.233 9.53504 -0.89691 2 
37.201 -15.233 9.12601 -0.56417 2 
39.767 -15.233 8.89947 -0.94425 2 
42.332 -15.233 8.97409 -1.20283 2 
44.898 -15.233 9.04872 -1.46142 2 
47.464 -15.233 7.55939 0.01462 2 
50.029 -15.233 7.71502 0.49559 2 
52.595 -15.233 8.42472 0.86495 2 
55.160 -15.233 8.95197 0.18828 2 
57.726 -15.233 8.23693 -0.45250 2 
60.292 -15.233 7.86745 0.22128 2 
62.857 -15.233 6.53139 -1.69368 2 
65.423 -15.233 5.48880 -1.55360 2 
67.988 -15.233 5.29578 -1.19557 2 
70.554 -15.233 4.81437 -0.81602 2 
73.120 -15.233 4.72713 -1.05125 2 
75.685 -15.233 5.32034 -0.10622 2 
78.251 -15.233 6.98882 0.59496 2 
80.816 -15.233 5.29817 1.27687 2 
83.382 -15.233 6.34661 0.74919 2 
85.948 -15.233 7.39506 0.22150 2 
88.513 -15.233 5.04476 1.75053 2 
91.079 -15.233 7.02960 1.84633 2 
93.644 -15.233 7.82096 0.91503 2 
96.210 -15.233 8.50878 1.75014 2 
98.776 -15.233 6.95945 1.37921 2 
101.341 -15.233 8.00385 2.07412 2 
103.907 -15.233 7.40210 2.77846 2 
106.472 -15.233 8.60817 3.28420 2 
109.038 -15.233 9.28021 2.97012 2 
111.603 -15.233 9.06306 2.85135 2 
114.169 -15.233 8.97113 2.24653 2 
116.735 -15.233 10.37089 2.42395 2 
119.300 -15.233 0.00000 -0.00000 0 
-8.980 -17.799 7.51357 -1.00425 2 
-6.414 -17.799 7.23765 -1.09439 2 
-3.848 -17.799 7.31069 -1.25476 2 
-1.283 -17.799 7.28731 -1.30752 2 
1.283 -17.799 7.37279 -1.52112 2 
3.848 -17.799 7.52113 -1.83284 2 
6.414 -17.799 7.64111 -2.00699 2 
8.980 -17.799 7.95835 -2.10265 2 
11.545 -17.799 8.29262 -2.20256 2 
14.111 -17.799 8.41770 -2.19069 2 
16.676 -17.799 8.82835 -2.16912 2 
19.242 -17.799 8.81503 -2.03705 2 
21.808 -17.799 9.04797 -1.93677 2 
24.373 -17.799 9.02592 -1.88184 2 
26.939 -17.799 9.29041 -1.68405 2 
29.504 -17.799 9.61504 -1.52999 2 
32.070 -17.799 9.56163 -1.22083 2 
34.636 -17.799 9.46941 -1.03124 2 
37.201 -17.799 9.37720 -0.84165 2 
39.767 -17.799 9.19456 -1.23947 2 
42.332 -17.799 9.82181 -1.05402 2 
44.898 -17.799 10.11928 -0.67570 2 
47.464 -17.799 9.84183 -0.14971 2 
50.029 -17.799 9.44340 0.44286 2 
52.595 -17.799 9.23188 0.31831 2 
55.160 -17.799 8.93844 0.02198 2 
57.726 -17.799 9.05160 -0.09736 2 
60.292 -17.799 8.79816 -0.84903 2 
62.857 -17.799 9.25180 -1.18369 2 
65.423 -17.799 8.65277 -0.82876 2 
67.988 -17.799 8.05373 -0.47384 2 
70.554 -17.799 7.47338 -0.69923 2 
73.120 -17.799 7.63280 -0.89178 2 
75.685 -17.799 6.46386 -0.96744 2 
78.251 -17.799 6.27786 0.15649 2 
80.816 -17.799 7.33301 1.44558 2 
83.382 -17.799 9.01011 1.12947 2 
85.948 -17.799 10.06869 0.75898 2 
88.513 -17.799 8.72325 1.37154 2 
91.079 -17.799 9.27648 0.88258 2 
93.644 -17.799 9.39027 1.30414 2 
96.210 -17.799 8.87163 1.45702 2 
98.776 -17.799 8.91765 0.48887 2 
101.341 -17.799 9.20779 1.70193 2 
103.907 -17.799 8.92479 1.87448 2 
106.472 -17.799 8.53869 1.92465 2 
109.038 -17.799 9.64703 2.53255 2 
111.603 -17.799 9.20226 2.13717 2 
114.169 -17.799 9.99835 2.46169 2 
116.735 -17.799 9.35061 2.24619 2 
119.300 -17.799 0.00000 -0.00000 0 
-8.980 -20.364 7.39872 -1.08599 2 
-6.414 -20.364 7.34813 -1.16064 2 
-3.848 -20.364 7.53097 -1.31136 2 
-1.283 -20.364 7.41007 -1.38543 2 
1.283 -20.364 7.54326 -1.66339 2 
3.848 -20.364 7.69567 -1.66677 2 
6.414 -20.364 7.77943 -1.78638 2 
8.980 -20.364 8.00739 -1.86629 2 
11.545 -20.364 8.17500 -1.90310 2 
14.111 -20.364 8.43162 -1.98116 2 
16.676 -20.364 8.71203 -1.86672 2 
19.242 -20.364 8.75468 -1.93371 2 
21.808 -20.364 8.91215 -1.78934 2 
24.373 -20.364 8.96079 -1.71671 2 
26.939 -20.364 9.17080 -1.52383 2 
29.504 -20.364 9.23717 -1.37323 2 
32.070 -20.364 9.17920 -1.21201 2 
34.636 -20.364 9.36878 -1.09254 2 
37.201 -20.364 9.44276 -1.00944 2 
39.767 -20.364 9.34948 -0.90558 2 
42.332 -20.364 9.46127 -0.84518 2 
44.898 -20.364 9.56436 -0.71994 2 
47.464 -20.364 9.72857 -0.49143 2 
50.029 -20.364 9.66693 -0.30215 2 
52.595 -20.364 9.00630 -0.59480 2 
55.160 -20.364 9.00037 -0.49444 2 
57.726 -20.364 9.12521 -0.59495 2 
60.292 -20.364 9.31936 -0.67768 2 
62.857 -20.364 9.27733 -0.89098 2 
65.423 -20.364 9.13101 -0.71594 2 
67.988 -20.364 8.98469 -0.54090 2 
70.554 -20.364 10.13239 -0.58243 2 
73.120 -20.364 10.53846 -0.73232 2 
75.685 -20.364 10.21263 -0.44789 2 
78.251 -20.364 10.71850 0.86245 2 
80.816 -20.364 9.36785 1.61429 2 
83.382 -20.364 9.44852 1.05773 2 
85.948 -20.364 9.19776 1.06758 2 
88.513 -20.364 9.21321 0.87551 2 
91.079 -20.364 8.95978 0.80855 2 
93.644 -20.364 9.20004 0.55372 2 
96.210 -20.364 9.01767 0.86013 2 
98.776 -20.364 9.26029 0.72789 2 
101.341 -20.364 9.51756 1.03776 2 
103.907 -20.364 9.30299 1.22003 2 
106.472 -20.364 9.62321 1.55350 2 
109.038 -20.364 9.63270 1.79176 2 
111.603 -20.364 9.59647 1.72874 2 
114.169 -20.364 9.57503 1.58275 2 
116.735 -20.364 9.50989 2.09603 2 
119.300 -20.364 0.00000 -0.00000 0 
-8.980 -22.930 7.41594 -0.94236 2 
-6.414 -22.930 7.54821 -0.98587 2 
-3.848 -22.930 7.52649 -1.24320 2 
-1.283 -22.930 7.42207 -1.31729 2 
1.283 -22.930 7.78393 -1.27933 2 
3.848 -22.930 7.73636 -1.42496 2 
6.414 -22.930 7.92392 -1.64541 2 
8.980 -22.930 8.10705 -1.75178 2 
11.545 -22.930 8.37369 -1.78606 2 
14.111 -22.930 8.46432 -1.70796 2 
16.676 -22.930 8.54628 -1.67890 2 
19.242 -22.930 8.75505 -1.66263 2 
21.808 -22.930 8.84527 -1.58070 2 
24.373 -22.930 9.11788 -1.44673 2 
26.939 -22.930 8.97174 -1.43157 2 
29.504 -22.930 9.17835 -1.30252 2 
32.070 -22.930 9.18485 -1.15169 2 
34.636 -22.930 9.37217 -0.87908 2 
37.201 -22.930 9.38722 -0.96103 2 
39.767 -22.930 9.23469 -0.94886 2 
42.332 -22.930 9.49658 -0.86582 2 
44.898 -22.930 9.31662 -0.82005 2 
47.464 -22.930 9.39553 -0.57944 2 
50.029 -22.930 9.29841 -0.55712 2 
52.595 -22.930 9.18648 -0.57510 2 
55.160 -22.930 9.11653 -0.38149 2 
57.726 -22.930 9.19940 -0.74132 2 
60.292 -22.930 9.45233 -0.66579 2 
62.857 -22.930 9.30412 -0.67191 2 
65.423 -22.930 9.69596 -0.68916 2 
67.988 -22.930 9.91565 -0.60797 2 
70.554 -22.930 10.03832 -0.60650 2 
73.120 -22.930 10.10760 -0.56127 2 
75.685 -22.930 10.37858 0.15076 2 
78.251 -22.930 10.27694 0.46705 2 
80.816 -22.930 9.90250 1.11781 2 
83.382 -22.930 9.51705 0.93864 2 
85.948 -22.930 9.21730 0.69399 2 
88.513 -22.930 9.46788 0.79370 2 
91.079 -22.930 8.99979 0.82959 2 
93.644 -22.930 9.00060 0.70444 2 
96.210 -22.930 9.06450 0.71737 2 
98.776 -22.930 9.19440 0.58149 2 
101.341 -22.930 9.21203 0.81861 2 
103.907 -22.930 9.17797 0.74917 2 
106.472 -22.930 9.19843 0.99407 2 
109.038 -22.930 9.31975 1.36030 2 
111.603 -22.930 9.55043 1.34316 2 
114.169 -22.930 9.40436 1.56022 2 
116.735 -22.930 9.04520 1.49148 2 
119.300 -22.930 0.00000 -0.00000 0 
-8.980 -25.496 7.39576 -0.96480 2 
-6.414 -25.496 7.54365 -1.07865 2 
-3.848 -25.496 7.54495 -1.11957 2 
-1.283 -25.496 7.74412 -1.06206 2 
1.283 -25.496 7.80914 -1.24462 2 
3.848 -25.496 7.79258 -1.37190 2 
6.414 -25.496 8.04371 -1.42799 2 
8.980 -25.496 8.20481 -1.62246 2 
11.545 -25.496 8.27200 -1.58113 2 
14.111 -25.496 8.37043 -1.67973 2 
16.676 -25.496 8.56209 -1.61590 2 
19.242 -25.496 8.74796 -1.49684 2 
21.808 -25.496 8.82294 -1.37339 2 
24.373 -25.496 8.91148 -1.51764 2 
26.939 -25.496 8.93312 -1.23372 2 
29.504 -25.496 9.12727 -1.29250 2 
32.070 -25.496 9.12534 -1.08916 2 
34.636 -25.496 8.90339 -1.14490 2 
37.201 -25.496 9.30180 -0.97169 2 
39.767 -25.496 9.22564 -0.81552 2 
42.332 -25.496 9.20774 -0.72839 2 
44.898 -25.496 9.21338 -0.78771 2 
47.464 -25.496 9.41277 -0.71957 2 
50.029 -25.496 9.17277 -0.69877 2 
52.595 -25.496 9.38255 -0.58871 2 
55.160 -25.496 9.26483 -0.83674 2 
57.726 -25.496 9.15457 -0.56524 2 
60.292 -25.496 9.30025 -0.62661 2 
62.857 -25.496 9.38769 -0.79920 2 
65.423 -25.496 9.51156 -0.52618 2 
67.988 -25.496 9.83545 -0.51379 2 
70.554 -25.496 9.85550 -0.53220 2 
73.120 -25.496 9.94193 -0.16511 2 
75.685 -25.496 9.99395 0.14897 2 
78.251 -25.496 9.95812 0.47664 2 
80.816 -25.496 9.65600 0.46075 2 
83.382 -25.496 9.50062 0.65210 2 
85.948 -25.496 9.49216 0.73572 2 
88.513 -25.496 9.09834 0.68278 2 
91.079 -25.496 9.19781 0.71554 2 
93.644 -25.496 9.01432 0.47133 2 
96.210 -25.496 9.15792 0.73180 2 
98.776 -25.496 9.26415 0.62269 2 
101.341 -25.496 9.21167 0.70044 2 
103.907 -25.496 9.26190 0.85137 2 
106.472 -25.496 9.17584 0.73482 2 
109.038 -25.496 9.24329 0.98511 2 
111.603 -25.496 9.36089 0.92787 2 
114.169 -25.496 9.26675 1.28114 2 
116.735 -25.496 9.40176 1.48514 2 
119.300 -25.496 0.00000 -0.00000 0 
-8.980 -28.061 7.63842 -0.85101 2 
-6.414 -28.061 7.52866 -1.06715 2 
-3.848 -28.061 7.73515 -1.07893 2 
-1.283 -28.061 7.74212 -1.23111 2 
1.283 -28.061 7.89154 -1.18417 2 
3.848 -28.061 7.89794 -1.26870 2 
6.414 -28.061 8.11840 -1.36116 2 
8.980 -28.061 8.00175 -1.34885 2 
11.545 -28.061 8.29877 -1.39086 2 
14.111 -28.061 8.51415 -1.48982 2 
16.676 -28.061 8.49435 -1.39692 2 
19.242 -28.061 8.69505 -1.33793 2 
21.808 -28.061 8.74987 -1.36989 2 
24.373 -28.061 8.68752 -1.33743 2 
26.939 -28.061 8.98850 -1.15572 2 
29.504 -28.061 8.99019 -1.08647 2 
32.070 -28.061 8.99589 -1.15083 2 
34.636 -28.061 9.12031 -0.82229 2 
37.201 -28.061 9.20723 -0.99611 2 
39.767 -28.061 9.05619 -0.91147 2 
42.332 -28.061 9.36931 -0.85030 2 
44.898 -28.061 9.12672 -0.78240 2 
47.464 -28.061 9.12162 -0.61149 2 
50.029 -28.061 9.20198 -0.67777 2 
52.595 -28.061 9.31994 -0.52112 2 
55.160 -28.061 9.23657 -0.67303 2 
57.726 -28.061 9.19544 -0.84115 2 
60.292 -28.061 9.38049 -0.47826 2 
62.857 -28.061 9.33949 -0.61874 2 
65.423 -28.061 9.56361 -0.65573 2 
67.988 -28.061 9.56255 -0.36244 2 
70.554 -28.061 9.78367 -0.19268 2 
73.120 -28.061 9.67093 -0.09437 2 
75.685 -28.061 9.56322 0.16881 2 
78.251 -28.061 9.72313 0.36423 2 
80.816 -28.061 9.49622 0.34202 2 
83.382 -28.061 9.47589 0.66963 2 
85.948 -28.061 9.22443 0.60016 2 
88.513 -28.061 9.05281 0.73312 2 
91.079 -28.061 9.03002 0.66611 2 
93.644 -28.061 9.23973 0.65962 2 
96.210 -28.061 9.03286 0.77610 2 
98.776 -28.061 9.05570 0.70005 2 
101.341 -28.061 9.23538 0.65337 2 
103.907 -28.061 9.12384 0.67769 2 
106.472 -28.061 9.15088 0.87839 2 
109.038 -28.061 9.31169 0.82236 2 
111.603 -28.061 8.89637 1.01447 2 
114.169 -28.061 9.03391 1.27298 2 
116.735 -28.061 9.10215 1.08056 2 
119.300 -28.061 0.00000 -0.00000 0 
-8.980 -30.627 7.94515 -0.98726 2 
-6.414 -30.627 7.76630 -0.87612 2 
-3.848 -30.627 7.70853 -1.10428 2 
-1.283 -30.627 7.88643 -1.03785 2 
1.283 -30.627 7.88603 -1.26007 2 
3.848 -30.627 8.07153 -1.16818 2 
6.414 -30.627 8.00716 -1.24859 2 
8.980 -30.627 8.11184 -1.23241 2 
11.545 -30.627 8.30496 -1.23611 2 
14.111 -30.627 8.38762 -1.37119 2 
16.676 -30.627 8.55466 -1.30164 2 
19.242 -30.627 8.56009 -1.19213 2 
21.808 -30.627 8.73048 -1.18625 2 
24.373 -30.627 8.87762 -1.21930 2 
26.939 -30.627 8.87849 -1.10446 2 
29.504 -30.627 8.93730 -1.09695 2 
32.070 -30.627 9.03091 -0.97105 2 
34.636 -30.627 9.09350 -0.92314 2 
37.201 -30.627 9.01567 -0.83681 2 
39.767 -30.627 9.00258 -0.85958 2 
42.332 -30.627 9.06062 -0.77085 2 
44.898 -30.627 9.04817 -0.67409 2 
47.464 -30.627 9.26107 -0.59032 2 
50.029 -30.627 9.23220 -0.68467 2 
52.595 -30.627 9.13538 -0.73978 2 
55.160 -30.627 9.12428 -0.51954 2 
57.726 -30.627 9.03636 -0.71854 2 
60.292 -30.627 9.35600 -0.71249 2 
62.857 -30.627 9.50556 -0.42113 2 
65.423 -30.627 9.35234 -0.36718 2 
67.988 -30.627 9.33486 -0.31001 2 
70.554 -30.627 9.57427 -0.25222 2 
73.120 -30.627 9.62314 -0.12067 2 
75.685 -30.627 9.64579 -0.10897 2 
78.251 -30.627 9.41224 0.23377 2 
80.816 -30.627 9.35224 0.33982 2 
83.382 -30.627 9.29274 0.45777 2 
85.948 -30.627 9.14310 0.41770 2 
88.513 -30.627 9.29056 0.47687 2 
91.079 -30.627 9.25565 0.55095 2 
93.644 -30.627 8.96140 0.56719 2 
96.210 -30.627 9.04132 0.60270 2 
98.776 -30.627 8.88724 0.55826 2 
101.341 -30.627 8.97228 0.83241 2 
103.907 -30.627 8.98937 0.80633 2 
106.472 -30.627 8.96302 0.75863 2 
109.038 -30.627 9.05379 0.91078 2 
111.603 -30.627 9.03899 0.93768 2 
114.169 -30.627 8.90332 0.98800 2 
116.735 -30.627 9.09791 1.06730 2 
119.300 -30.627 0.00000 -0.00000 0 
-8.980 -33.192 7.70142 -0.89218 2 
-6.414 -33.192 7.81366 -0.88563 2 
-3.848 -33.192 7.79012 -0.98548 2 
-1.283 -33.192 7.90705 -1.00986 2 
1.283 -33.192 7.90170 -1.05141 2 
3.848 -33.192 8.06520 -1.11841 2 
6.414 -33.192 8.12937 -1.13591 2 
8.980 -33.192 8.25152 -1.16973 2 
11.545 -33.192 8.30566 -1.24410 2 
14.111 -33.192 8.44322 -1.13777 2 
16.676 -33.192 8.57984 -1.17678 2 
19.242 -33.192 8.66688 -1.16850 2 
21.808 -33.192 8.59888 -1.18231 2 
24.373 -33.192 8.75833 -1.16436 2 
26.939 -33.192 8.69417 -1.03948 2 
29.504 -33.192 8.87417 -0.92327 2 
32.070 -33.192 8.81042 -0.86865 2 
34.636 -33.192 8.89562 -1.01917 2 
37.201 -33.192 9.01505 -0.85234 2 
39.767 -33.192 8.94897 -0.80769 2 
42.332 -33.192 9.05851 -0.87327 2 
44.898 -33.192 9.09103 -0.76670 2 
47.464 -33.192 9.06692 -0.71816 2 
50.029 -33.192 9.11687 -0.65905 2 
52.595 -33.192 9.17108 -0.69540 2 
55.160 -33.192 9.06077 -0.67230 2 
57.726 -33.192 9.39599 -0.42123 2 
60.292 -33.192 9.18053 -0.44208 2 
62.857 -33.192 9.24730 -0.35070 2 
65.423 -33.192 9.37866 -0.25015 2 
67.988 -33.192 9.09099 -0.24092 2 
70.554 -33.192 9.45135 -0.20543 2 
73.120 -33.192 9.33302 -0.02125 2 
75.685 -33.192 9.43466 -0.06314 2 
78.251 -33.192 9.32293 0.23890 2 
80.816 -33.192 9.36394 0.23898 2 
83.382 -33.192 9.11488 0.39736 2 
85.948 -33.192 9.22508 0.42629 2 
88.513 -33.192 9.16129 0.46806 2 
91.079 -33.192 9.06498 0.74885 2 
93.644 -33.192 9.08771 0.46222 2 
96.210 -33.192 9.10640 0.56225 2 
98.776 -33.192 9.17264 0.73064 2 
101.341 -33.192 9.09819 0.60960 2 
103.907 -33.192 8.91333 0.69100 2 
106.472 -33.192 9.03810 0.87128 2 
109.038 -33.192 8.89215 0.86642 2 
111.603 -33.192 8.96872 0.84386 2 
114.169 -33.192 8.68369 0.96531 2 
116.735 -33.192 9.11332 0.68926 2 
119.300 -33.192 0.00000 -0.00000 0 
-8.980 -35.758 7.73087 -0.79033 2 
-6.414 -35.758 7.90867 -0.96190 2 
-3.848 -35.758 7.97232 -0.91454 2 
-1.283 -35.758 7.93658 -0.96235 2 
1.283 -35.758 8.05345 -0.99505 2 
3.848 -35.758 8.10237 -0.98752 2 
6.414 -35.758 8.13365 -1.11493 2 
8.980 -35.758 8.29261 -0.93067 2 
11.545 -35.758 8.40279 -1.11193 2 
14.111 -35.758 8.43332 -1.00059 2 
16.676 -35.758 8.51697 -1.09838 2 
19.242 -35.758 8.66788 -1.09127 2 
21.808 -35.758 8.51710 -1.14545 2 
24.373 -35.758 8.68517 -0.92780 2 
26.939 -35.758 8.77861 -1.06852 2 
29.504 -35.758 8.90266 -0.91593 2 
32.070 -35.758 8.88240 -0.90045 2 
34.636 -35.758 8.89991 -0.89935 2 
37.201 -35.758 8.99742 -0.81893 2 
39.767 -35.758 9.00418 -0.70522 2 
42.332 -35.758 8.98394 -0.66925 2 
44.898 -35.758 8.89554 -0.69944 2 
47.464 -35.758 9.04712 -0.54193 2 
50.029 -35.758 9.07781 -0.72415 2 
52.595 -35.758 9.08339 -0.56236 2 
55.160 -35.758 9.26084 -0.61184 2 
57.726 -35.758 9.08099 -0.48580 2 
60.292 -35.758 9.34599 -0.54122 2 
62.857 -35.758 9.13948 -0.37601 2 
65.423 -35.758 9.39694 -0.44770 2 
67.988 -35.758 9.35121 -0.12788 2 
70.554 -35.758 9.38177 -0.13652 2 
73.120 -35.758 9.29690 -0.06937 2 
75.685 -35.758 9.27789 -0.00818 2 
78.251 -35.758 9.32167 0.27026 2 
80.816 -35.758 9.39018 0.24880 2 
83.382 -35.758 9.20299 0.51197 2 
85.948 -35.758 9.17317 0.37174 2 
88.513 -35.758 9.17272 0.40404 2 
91.079 -35.758 9.06847 0.45991 2 
93.644 -35.758 9.16606 0.52732 2 
96.210 -35.758 8.99372 0.66620 2 
98.776 -35.758 9.07592 0.46762 2 
101.341 -35.758 8.88950 0.65750 2 
103.907 -35.758 9.08540 0.63846 2 
106.472 -35.758 9.01585 0.75309 2 
109.038 -35.758 8.89435 0.71072 2 
111.603 -35.758 8.85191 0.76804 2 
114.169 -35.758 8.75080 0.82937 2 
116.735 -35.758 9.17886 0.94832 2 
119.300 -35.758 0.00000 -0.00000 0 
-8.980 -38.324 7.84511 -0.81379 2 
-6.414 -38.324 7.98180 -0.90004 2 
-3.848 -38.324 7.80838 -0.84884 2 
-1.283 -38.324 8.03418 -0.92201 2 
1.283 -38.324 8.07946 -0.96672 2 
3.848 -38.324 8.15719 -0.96513 2 
6.414 -38.324 8.13770 -0.96705 2 
8.980 -38.324 8.21344 -0.99954 2 
11.545 -38.324 8.40645 -0.92988 2 
14.111 -38.324 8.36646 -1.14671 2 
16.676 -38.324 8.49953 -0.98026 2 
19.242 -38.324 8.49726 -1.05326 2 
21.808 -38.324 8.81137 -0.93871 2 
24.373 -38.324 8.66992 -0.89157 2 
26.939 -38.324 8.78822 -1.00976 2 
29.504 -38.324 8.87699 -0.86307 2 
32.070 -38.324 8.80365 -0.91082 2 
34.636 -38.324 8.94896 -0.85075 2 
37.201 -38.324 8.84915 -0.73083 2 
39.767 -38.324 8.97455 -0.88988 2 
42.332 -38.324 8.97433 -0.69656 2 
44.898 -38.324 9.00380 -0.66629 2 
47.464 -38.324 9.14147 -0.78776 2 
50.029 -38.324 9.07665 -0.60775 2 
52.595 -38.324 9.11778 -0.55308 2 
55.160 -38.324 8.97818 -0.46560 2 
57.726 -38.324 9.20351 -0.59673 2 
60.292 -38.324 9.14046 -0.26227 2 
62.857 -38.324 9.19969 -0.35604 2 
65.423 -38.324 8.94261 -0.38857 2 
67.988 -38.324 9.32026 -0.22108 2 
70.554 -38.324 9.19978 -0.06024 2 
73.120 -38.324 9.04702 -0.04110 2 
75.685 -38.324 9.28320 0.12184 2 
78.251 -38.324 9.28852 -0.09584 2 
80.816 -38.324 8.97713 0.32703 2 
83.382 -38.324 9.21736 0.14929 2 
85.948 -38.324 9.16612 0.33943 2 
88.513 -38.324 8.94382 0.51428 2 
91.079 -38.324 8.97580 0.35340 2 
93.644 -38.324 8.93606 0.52166 2 
96.210 -38.324 9.01515 0.50290 2 
98.776 -38.324 9.03425 0.58114 2 
101.341 -38.324 8.77490 0.60606 2 
103.907 -38.324 8.86199 0.60989 2 
106.472 -38.324 8.83162 0.64065 2 
109.038 -38.324 8.64444 0.90662 2 
111.603 -38.324 8.90445 0.68992 2 
114.169 -38.324 8.73516 0.70590 2 
116.735 -38.324 9.21759 0.80044 2 
119.300 -38.324 0.00000 -0.00000 0 
-8.980 -40.889 7.84331 -0.80456 2 
-6.414 -40.889 7.99598 -0.75278 2 
-3.848 -40.889 7.99366 -0.86211 2 
-1.283 -40.889 7.89274 -0.86684 2 
1.283 -40.889 8.12159 -0.89644 2 
3.848 -40.889 8.16815 -0.81526 2 
6.414 -40.889 8.22395 -0.92764 2 
8.980 -40.889 8.40179 -0.87409 2 
11.545 -40.889 8.21723 -0.92624 2 
14.111 -40.889 8.43415 -0.98057 2 
16.676 -40.889 8.58769 -1.00159 2 
19.242 -40.889 8.58495 -0.94248 2 
21.808 -40.889 8.59194 -0.97798 2 
24.373 -40.889 8.56759 -0.87120 2 
26.939 -40.889 8.78661 -0.86162 2 
29.504 -40.889 8.76586 -0.88524 2 
32.070 -40.889 8.67562 -0.72449 2 
34.636 -40.889 8.92376 -0.87672 2 
37.201 -40.889 8.74813 -0.77198 2 
39.767 -40.889 8.87704 -0.60055 2 
42.332 -40.889 8.97161 -0.79262 2 
44.898 -40.889 8.95559 -0.56823 2 
47.464 -40.889 8.95027 -0.46120 2 
50.029 -40.889 9.02470 -0.68166 2 
52.595 -40.889 8.95821 -0.55225 2 
55.160 -40.889 9.04999 -0.69902 2 
57.726 -40.889 9.03350 -0.37447 2 
60.292 -40.889 9.11831 -0.45769 2 
62.857 -40.889 9.13207 -0.26231 2 
65.423 -40.889 9.04700 -0.40578 2 
67.988 -40.889 9.13960 -0.21225 2 
70.554 -40.889 9.28122 0.04968 2 
73.120 -40.889 9.03379 -0.02495 2 
75.685 -40.889 9.04380 -0.02969 2 
78.251 -40.889 9.12531 0.06665 2 
80.816 -40.889 9.10205 0.28461 2 
83.382 -40.889 9.11054 0.03125 2 
85.948 -40.889 8.93765 0.40858 2 
88.513 -40.889 9.09882 0.20542 2 
91.079 -40.889 9.03447 0.56126 2 
93.644 -40.889 8.95480 0.41511 2 
96.210 -40.889 8.99018 0.43830 2 
98.776 -40.889 8.89970 0.52825 2 
101.341 -40.889 8.97019 0.57362 2 
103.907 -40.889 8.83381 0.54758 2 
106.472 -40.889 8.86348 0.71072 2 
109.038 -40.889 8.96249 0.56725 2 
111.603 -40.889 8.67600 0.79855 2 
114.169 -40.889 8.81928 0.83836 2 
116.735 -40.889 9.01672 0.66875 2 
119.300 -40.889 0.00000 -0.00000 0 
-8.980 -43.455 7.85198 -0.77396 2 
-6.414 -43.455 8.00240 -0.77448 2 
-3.848 -43.455 7.92109 -0.74231 2 
-1.283 -43.455 8.04471 -0.86367 2 
1.283 -43.455 8.01106 -0.88692 2 
3.848 -43.455 8.12652 -0.89348 2 
6.414 -43.455 8.19187 -0.75896 2 
8.980 -43.455 8.16022 -0.98925 2 
11.545 -43.455 8.43765 -0.78392 2 
14.111 -43.455 8.34631 -0.87119 2 
16.676 -43.455 8.50327 -0.96460 2 
19.242 -43.455 8.48151 -0.85054 2 
21.808 -43.455 8.59075 -0.89659 2 
24.373 -43.455 8.63676 -0.86187 2 
26.939 -43.455 8.68587 -0.88364 2 
29.504 -43.455 8.70466 -0.90607 2 
32.070 -43.455 8.74952 -0.80711 2 
34.636 -43.455 8.85693 -0.79616 2 
37.201 -43.455 8.89842 -0.71090 2 
39.767 -43.455 8.96139 -0.57704 2 
42.332 -43.455 8.78127 -0.61376 2 
44.898 -43.455 8.97690 -0.75298 2 
47.464 -43.455 8.89226 -0.49834 2 
50.029 -43.455 8.98506 -0.63981 2 
52.595 -43.455 8.90995 -0.34872 2 
55.160 -43.455 8.85203 -0.32219 2 
57.726 -43.455 9.09022 -0.38848 2 
60.292 -43.455 9.09857 -0.47632 2 
62.857 -43.455 9.06752 -0.26828 2 
65.423 -43.455 9.04290 -0.35814 2 
67.988 -43.455 9.08318 -0.07915 2 
70.554 -43.455 9.16034 -0.09838 2 
73.120 -43.455 9.15992 -0.09967 2 
75.685 -43.455 9.24339 0.09254 2 
78.251 -43.455 8.98083 0.16570 2 
80.816 -43.455 8.99587 0.07279 2 
83.382 -43.455 8.99324 0.39785 2 
85.948 -43.455 9.07093 0.39854 2 
88.513 -43.455 8.90329 0.39024 2 
91.079 -43.455 8.97103 0.47292 2 
93.644 -43.455 8.91564 0.47890 2 
96.210 -43.455 8.82997 0.59798 2 
98.776 -43.455 8.97845 0.51745 2 
101.341 -43.455 8.82462 0.66904 2 
103.907 -43.455 8.88241 0.52572 2 
106.472 -43.455 8.81416 0.63067 2 
109.038 -43.455 8.78348 0.63891 2 
111.603 -43.455 8.72774 0.64798 2 
114.169 -43.455 8.72934 0.57572 2 
116.735 -43.455 8.74245 0.86936 2 
119.300 -43.455 0.00000 -0.00000 0 
-8.980 -46.020 7.91192 -0.73073 2 
-6.414 -46.020 7.82930 -0.86764 2 
-3.848 -46.020 7.96924 -0.77702 2 
-1.283 -46.020 8.06044 -0.83226 2 
1.283 -46.020 8.12915 -0.85605 2 
3.848 -46.020 8.29200 -0.69391 2 
6.414 -46.020 8.18482 -0.98204 2 
8.980 -46.020 8.39237 -0.86544 2 
11.545 -46.020 8.36618 -0.84741 2 
14.111 -46.020 8.34236 -0.82893 2 
16.676 -46.020 8.48373 -0.68766 2 
19.242 -46.020 8.44691 -0.78190 2 
21.808 -46.020 8.57604 -0.87600 2 
24.373 -46.020 8.75994 -0.84744 2 
26.939 -46.020 8.52387 -0.84621 2 
29.504 -46.020 8.75226 -0.67905 2 
32.070 -46.020 8.86251 -0.70669 2 
34.636 -46.020 8.69357 -0.72572 2 
37.201 -46.020 8.81439 -0.65707 2 
39.767 -46.020 8.85624 -0.66270 2 
42.332 -46.020 8.80309 -0.63881 2 
44.898 -46.020 8.81100 -0.49247 2 
47.464 -46.020 8.90579 -0.58751 2 
50.029 -46.020 8.94049 -0.61561 2 
52.595 -46.020 8.94871 -0.47454 2 
55.160 -46.020 8.95144 -0.49613 2 
57.726 -46.020 8.87743 -0.29285 2 
60.292 -46.020 8.91273 -0.31258 2 
62.857 -46.020 8.99002 -0.30846 2 
65.423 -46.020 8.98752 -0.22142 2 
67.988 -46.020 8.92208 -0.24884 2 
70.554 -46.020 8.95238 -0.06084 2 
73.120 -46.020 9.02109 0.06945 2 
75.685 -46.020 8.99420 0.10955 2 
78.251 -46.020 9.15257 0.08015 2 
80.816 -46.020 9.02159 0.21276 2 
83.382 -46.020 9.02709 0.29515 2 
85.948 -46.020 8.95743 0.25734 2 
88.513 -46.020 8.96767 0.34208 2 
91.079 -46.020 8.89536 0.37432 2 
93.644 -46.020 8.98597 0.42314 2 
96.210 -46.020 9.02688 0.36387 2 
98.776 -46.020 8.74968 0.51233 2 
101.341 -46.020 8.84411 0.47340 2 
103.907 -46.020 8.80147 0.71275 2 
106.472 -46.020 8.67860 0.56480 2 
109.038 -46.020 8.93071 0.73446 2 
111.603 -46.020 8.65987 0.68266 2 
114.169 -46.020 8.59980 0.67000 2 
116.735 -46.020 0.00000 -0.00000 0 
119.300 -46.020 0.00000 -0.00000 0 
-8.980 -48.586 8.03511 -0.77502 2 
-6.414 -48.586 8.04860 -0.65941 2 
-3.848 -48.586 8.08678 -0.69418 2 
-1.283 -48.586 8.01752 -0.78433 2 
1.283 -48.586 8.14631 -0.74450 2 
3.848 -48.586 8.05952 -0.82983 2 
6.414 -48.586 8.26856 -0.88035 2 
8.980 -48.586 8.21695 -0.72912 2 
11.545 -48.586 8.43456 -0.80473 2 
14.111 -48.586 8.46074 -0.82745 2 
16.676 -48.586 8.49334 -0.84081 2 
19.242 -48.586 8.47213 -0.95111 2 
21.808 -48.586 8.49110 -0.75768 2 
24.373 -48.586 8.58466 -0.71632 2 
26.939 -48.586 8.63714 -0.71077 2 
29.504 -48.586 8.74757 -0.85260 2 
32.070 -48.586 8.61173 -0.64742 2 
34.636 -48.586 8.78104 -0.73875 2 
37.201 -48.586 8.87075 -0.64051 2 
39.767 -48.586 8.81488 -0.66054 2 
42.332 -48.586 8.93650 -0.55402 2 
44.898 -48.586 8.93887 -0.62583 2 
47.464 -48.586 8.93672 -0.52446 2 
50.029 -48.586 8.77248 -0.59639 2 
52.595 -48.586 8.92455 -0.34641 2 
55.160 -48.586 8.87345 -0.41643 2 
57.726 -48.586 8.95292 -0.14186 2 
60.292 -48.586 8.86620 -0.36065 2 
62.857 -48.586 8.99409 -0.10180 2 
65.423 -48.586 9.03246 -0.14538 2 
67.988 -48.586 8.92123 -0.09821 2 
70.554 -48.586 8.98326 -0.10868 2 
73.120 -48.586 8.92487 0.04068 2 
75.685 -48.586 8.94264 0.01431 2 
78.251 -48.586 9.01480 0.09405 2 
80.816 -48.586 8.97554 -0.02200 2 
83.382 -48.586 9.02197 0.29219 2 
85.948 -48.586 8.88767 0.30870 2 
88.513 -48.586 8.88486 0.40236 2 
91.079 -48.586 8.88546 0.38916 2 
93.644 -48.586 8.85962 0.37085 2 
96.210 -48.586 8.82410 0.57550 2 
98.776 -48.586 8.80059 0.41939 2 
101.341 -48.586 8.78677 0.39752 2 
103.907 -48.586 8.78054 0.60184 2 
106.472 -48.586 8.73358 0.57514 2 
109.038 -48.586 8.76838 0.51283 2 
111.603 -48.586 8.59538 0.64099 2 
114.169 -48.586 8.69358 0.61656 2 
116.735 -48.586 0.00000 -0.00000 0 
119.300 -48.586 0.00000 -0.00000 0 
-8.980 -51.152 8.13426 -0.62857 2 
-6.414 -51.152 7.92736 -0.78793 2 
-3.848 -51.152 8.07746 -0.81321 2 
-1.283 -51.152 8.11334 -0.69670 2 
1.283 -51.152 8.07959 -0.82295 2 
3.848 -51.152 8.26357 -0.73360 2 
6.414 -51.152 8.24392 -0.78333 2 
8.980 -51.152 8.25116 -0.90152 2 
11.545 -51.152 8.40599 -0.88841 2 
14.111 -51.152 8.35600 -0.80816 2 
16.676 -51.152 8.42055 -0.66305 2 
19.242 -51.152 8.49427 -0.77598 2 
21.808 -51.152 8.60474 -0.71285 2 
24.373 -51.152 8.65367 -0.73627 2 
26.939 -51.152 8.64405 -0.64741 2 
29.504 -51.152 8.74249 -0.69037 2 
32.070 -51.152 8.73145 -0.78686 2 
34.636 -51.152 8.75461 -0.64739 2 
37.201 -51.152 8.74159 -0.70037 2 
39.767 -51.152 8.72831 -0.49392 2 
42.332 -51.152 8.83557 -0.55908 2 
44.898 -51.152 8.75868 -0.61136 2 
47.464 -51.152 9.01672 -0.47640 2 
50.029 -51.152 8.86246 -0.48336 2 
52.595 -51.152 8.95751 -0.46214 2 
55.160 -51.152 8.81899 -0.40145 2 
57.726 -51.152 8.86226 -0.39947 2 
60.292 -51.152 8.93634 -0.29762 2 
62.857 -51.152 8.87613 -0.20661 2 
65.423 -51.152 8.81862 -0.17797 2 
67.988 -51.152 8.94999 -0.06144 2 
70.554 -51.152 8.81207 -0.15348 2 
73.120 -51.152 8.86657 0.21030 2 
75.685 -51.152 8.97808 0.03098 2 
78.251 -51.152 8.69238 0.13361 2 
80.816 -51.152 8.95823 0.21819 2 
83.382 -51.152 8.94170 0.21188 2 
85.948 -51.152 8.93496 0.13875 2 
88.513 -51.152 8.81124 0.29864 2 
91.079 -51.152 8.76081 0.16750 2 
93.644 -51.152 8.86437 0.38041 2 
96.210 -51.152 8.88728 0.44419 2 
98.776 -51.152 8.80564 0.52087 2 
101.341 -51.152 8.78809 0.58490 2 
103.907 -51.152 8.66910 0.55128 2 
106.472 -51.152 8.70215 0.54202 2 
109.038 -51.152 8.77459 0.47597 2 
111.603 -51.152 8.62923 0.59633 2 
114.169 -51.152 8.74393 0.54875 2 
116.735 -51.152 0.00000 -0.00000 0 
119.300 -51.152 0.00000 -0.00000 0 
-8.980 -53.717 7.97648 -0.70382 2 
-6.414 -53.717 8.29785 -0.71589 2 
-3.848 -53.717 8.05481 -0.76425 2 
-1.283 -53.717 8.07363 -0.81773 2 
1.283 -53.717 8.23167 -0.70125 2 
3.848 -53.717 8.47730 -0.73161 2 
6.414 -53.717 8.40458 -0.74389 2 
8.980 -53.717 8.38198 -0.77702 2 
11.545 -53.717 8.35658 -0.71498 2 
14.111 -53.717 8.71006 -0.74093 2 
16.676 -53.717 8.47386 -0.78897 2 
19.242 -53.717 8.69447 -0.75291 2 
21.808 -53.717 8.54916 -0.70943 2 
24.373 -53.717 8.66830 -0.84194 2 
26.939 -53.717 8.55824 -0.80323 2 
29.504 -53.717 8.80272 -0.65890 2 
32.070 -53.717 8.86783 -0.63894 2 
34.636 -53.717 8.80898 -0.72706 2 
37.201 -53.717 8.76519 -0.57538 2 
39.767 -53.717 8.88816 -0.75833 2 
42.332 -53.717 8.89619 -0.29899 2 
44.898 -53.717 9.07801 -0.45662 2 
47.464 -53.717 9.09672 -0.42835 2 
50.029 -53.717 9.09891 -0.49629 2 
52.595 -53.717 9.01982 -0.55505 2 
55.160 -53.717 9.23004 -0.49623 2 
57.726 -53.717 9.03112 -0.36918 2 
60.292 -53.717 8.83220 -0.24213 2 
62.857 -53.717 8.86878 -0.34895 2 
65.423 -53.717 8.94409 -0.19627 2 
67.988 -53.717 8.90860 -0.16158 2 
70.554 -53.717 8.92515 -0.19933 2 
73.120 -53.717 8.84251 -0.15161 2 
75.685 -53.717 8.79895 0.10576 2 
78.251 -53.717 8.98258 0.08902 2 
80.816 -53.717 8.77982 0.26485 2 
83.382 -53.717 8.81149 0.19786 2 
85.948 -53.717 8.96161 0.30947 2 
88.513 -53.717 8.70293 0.28042 2 
91.079 -53.717 8.72366 0.33854 2 
93.644 -53.717 8.85417 0.54052 2 
96.210 -53.717 8.71377 0.35171 2 
98.776 -53.717 8.81029 0.40875 2 
101.341 -53.717 8.72512 0.42887 2 
103.907 -53.717 8.71161 0.55701 2 
106.472 -53.717 8.72953 0.71857 2 
109.038 -53.717 8.59710 0.56959 2 
111.603 -53.717 8.64438 0.57907 2 
114.169 -53.717 8.73758 0.80894 2 
116.735 -53.717 0.00000 -0.00000 0 
119.300 -53.717 0.00000 -0.00000 0 
-8.980 -56.283 0.00000 -0.00000 0 
-6.414 -56.283 0.00000 -0.00000 0 
-3.848 -56.283 0.00000 -0.00000 0 
-1.283 -56.283 0.00000 -0.00000 0 
1.283 -56.283 0.00000 -0.00000 0 
3.848 -56.283 0.00000 -0.00000 0 
6.414 -56.283 0.00000 -0.00000 0 
8.980 -56.283 0.00000 -0.00000 0 
11.545 -56.283 0.00000 -0.00000 0 
14.111 -56.283 0.00000 -0.00000 0 
16.676 -56.283 0.00000 -0.00000 0 
19.242 -56.283 0.00000 -0.00000 0 
21.808 -56.283 0.00000 -0.00000 0 
24.373 -56.283 0.00000 -0.00000 0 
26.939 -56.283 0.00000 -0.00000 0 
29.504 -56.283 0.00000 -0.00000 0 
32.070 -56.283 0.00000 -0.00000 0 
34.636 -56.283 0.00000 -0.00000 0 
37.201 -56.283 0.00000 -0.00000 0 
39.767 -56.283 0.00000 -0.00000 0 
42.332 -56.283 8.95681 -0.03889 1 
44.898 -56.283 8.95760 -0.02686 2 
47.464 -56.283 8.97510 -0.03165 2 
50.029 -56.283 8.99259 -0.03644 2 
52.595 -56.283 9.01009 -0.04124 2 
55.160 -56.283 9.02758 -0.04603 2 
57.726 -56.283 9.04508 -0.05083 2 
60.292 -56.283 9.12938 -0.12294 2 
62.857 -56.283 8.83987 -0.09492 2 
65.423 -56.283 8.77015 -0.15393 2 
67.988 -56.283 8.69433 -0.12528 2 
70.554 -56.283 8.82631 0.09512 2 
73.120 -56.283 8.79754 -0.05410 2 
75.685 -56.283 8.85175 -0.04539 2 
78.251 -56.283 8.71703 -0.13864 2 
80.816 -56.283 8.92693 0.07722 2 
83.382 -56.283 8.98883 -0.05973 2 
85.948 -56.283 8.81824 0.07370 2 
88.513 -56.283 8.83918 0.16540 2 
91.079 -56.283 8.89717 0.34620 2 
93.644 -56.283 8.80706 0.12635 2 
96.210 -56.283 8.84631 0.04459 2 
98.776 -56.283 8.82113 0.03522 2 
101.341 -56.283 8.79594 0.02585 2 
103.907 -56.283 8.77076 0.01648 2 
106.472 -56.283 8.74557 0.00711 2 
109.038 -56.283 8.72039 -0.00226 2 
111.603 -56.283 8.69520 -0.01163 2 
114.169 -56.283 8.67002 -0.02100 2 
116.735 -56.283 0.00000 -0.00000 0 
119.300 -56.283 0.00000 -0.00000 0 
