TITLE = "B00066"
VARIABLES = "X [mm]", "Y [mm]", "Vx [m/s]", "Vy [m/s]", "Flag"
ZONE T="Frame 1", I=51, J=39, F=POINT
-8.980 41.210 0.00000 -0.00000 0 
-6.414 41.210 0.00000 -0.00000 0 
-3.848 41.210 7.21058 0.52195 2 
-1.283 41.210 7.22040 0.35915 2 
1.283 41.210 7.47660 0.28205 2 
3.848 41.210 0.00000 -0.00000 0 
6.414 41.210 0.00000 -0.00000 0 
8.980 41.210 0.00000 -0.00000 0 
11.545 41.210 0.00000 -0.00000 0 
14.111 41.210 0.00000 -0.00000 0 
16.676 41.210 0.00000 -0.00000 0 
19.242 41.210 3.82928 0.38597 2 
21.808 41.210 7.65856 0.77194 2 
24.373 41.210 7.43755 0.79828 2 
26.939 41.210 7.53310 0.62839 2 
29.504 41.210 7.58178 0.65961 2 
32.070 41.210 7.47985 0.69907 2 
34.636 41.210 7.56422 0.66128 2 
37.201 41.210 7.70394 0.98555 2 
39.767 41.210 7.70730 0.81938 2 
42.332 41.210 7.74347 0.80140 2 
44.898 41.210 7.78287 0.77351 2 
47.464 41.210 7.82227 0.74561 2 
50.029 41.210 8.32380 0.82641 2 
52.595 41.210 7.96304 0.65726 2 
55.160 41.210 7.98540 1.06583 2 
57.726 41.210 8.34366 0.60768 2 
60.292 41.210 8.14066 0.83128 2 
62.857 41.210 8.19804 0.84297 2 
65.423 41.210 8.32475 0.62268 2 
67.988 41.210 8.41862 0.67600 2 
70.554 41.210 8.59415 0.82488 2 
73.120 41.210 8.32840 0.42248 2 
75.685 41.210 8.51021 0.36843 2 
78.251 41.210 8.74644 0.50918 2 
80.816 41.210 0.00000 0.00000 0 
83.382 41.210 8.61203 0.50999 2 
85.948 41.210 8.52087 0.34573 2 
88.513 41.210 8.69806 0.44037 2 
91.079 41.210 8.66350 0.13404 2 
93.644 41.210 8.58298 0.22631 2 
96.210 41.210 8.74436 0.13637 2 
98.776 41.210 8.73036 -0.05087 2 
101.341 41.210 8.73981 -0.01938 2 
103.907 41.210 8.67725 -0.06306 2 
106.472 41.210 8.71862 -0.38973 2 
109.038 41.210 8.56976 -0.05007 2 
111.603 41.210 8.69556 -0.49498 2 
114.169 41.210 8.51038 -0.52163 2 
116.735 41.210 8.50516 -0.79478 2 
119.300 41.210 0.00000 -0.00000 0 
-8.980 38.644 7.63634 0.45208 2 
-6.414 38.644 7.34791 0.34569 2 
-3.848 38.644 7.27515 0.39131 2 
-1.283 38.644 7.19556 0.44835 2 
1.283 38.644 7.55579 0.48465 2 
3.848 38.644 0.00000 -0.00000 0 
6.414 38.644 0.00000 -0.00000 0 
8.980 38.644 0.00000 -0.00000 0 
11.545 38.644 0.00000 -0.00000 0 
14.111 38.644 0.00000 -0.00000 0 
16.676 38.644 0.00000 -0.00000 0 
19.242 38.644 3.95994 0.41576 2 
21.808 38.644 7.91988 0.83152 2 
24.373 38.644 7.48690 0.97173 2 
26.939 38.644 7.35647 0.73423 2 
29.504 38.644 7.45025 0.80311 2 
32.070 38.644 7.63517 0.86308 2 
34.636 38.644 7.50649 0.93042 2 
37.201 38.644 7.79564 0.76511 2 
39.767 38.644 7.70177 0.76713 2 
42.332 38.644 7.80072 1.08009 2 
44.898 38.644 7.75896 0.82009 2 
47.464 38.644 7.85767 0.81767 2 
50.029 38.644 7.73642 0.83355 2 
52.595 38.644 8.15318 1.02811 2 
55.160 38.644 8.29312 0.73179 2 
57.726 38.644 8.06577 1.03464 2 
60.292 38.644 8.46775 0.90275 2 
62.857 38.644 8.41256 0.69768 2 
65.423 38.644 8.17084 0.87061 2 
67.988 38.644 8.15925 0.82134 2 
70.554 38.644 8.46164 0.65790 2 
73.120 38.644 8.63241 0.65934 2 
75.685 38.644 8.66321 0.50609 2 
78.251 38.644 8.50999 0.88390 2 
80.816 38.644 0.00000 0.00000 0 
83.382 38.644 8.61586 0.49978 2 
85.948 38.644 8.75404 0.34188 2 
88.513 38.644 8.70421 0.32032 2 
91.079 38.644 8.73134 0.36589 2 
93.644 38.644 8.75468 0.12597 2 
96.210 38.644 8.82212 0.10352 2 
98.776 38.644 8.77366 0.03247 2 
101.341 38.644 8.64814 -0.11882 2 
103.907 38.644 8.75659 -0.17009 2 
106.472 38.644 8.88265 -0.27202 2 
109.038 38.644 8.64946 -0.41131 2 
111.603 38.644 8.76772 -0.35451 2 
114.169 38.644 8.51853 -0.53754 2 
116.735 38.644 8.81896 -0.73657 2 
119.300 38.644 0.00000 -0.00000 0 
-8.980 36.079 7.03783 0.29661 2 
-6.414 36.079 7.24875 0.34384 2 
-3.848 36.079 7.10068 0.40416 2 
-1.283 36.079 7.09578 0.44640 2 
1.283 36.079 7.71161 0.69164 2 
3.848 36.079 0.00000 -0.00000 0 
6.414 36.079 0.00000 -0.00000 0 
8.980 36.079 0.00000 -0.00000 0 
11.545 36.079 0.00000 -0.00000 0 
14.111 36.079 0.00000 -0.00000 0 
16.676 36.079 0.00000 -0.00000 0 
19.242 36.079 1.44225 -0.37624 2 
21.808 36.079 7.92082 0.87277 2 
24.373 36.079 7.29328 0.84957 2 
26.939 36.079 7.49189 0.77176 2 
29.504 36.079 7.57125 0.89463 2 
32.070 36.079 7.41703 0.78333 2 
34.636 36.079 7.73392 0.98956 2 
37.201 36.079 7.65043 1.03195 2 
39.767 36.079 7.67673 1.02755 2 
42.332 36.079 7.66704 1.01274 2 
44.898 36.079 7.88184 1.08797 2 
47.464 36.079 8.05743 0.83430 2 
50.029 36.079 8.06398 0.99453 2 
52.595 36.079 8.07834 0.99586 2 
55.160 36.079 8.20968 0.80897 2 
57.726 36.079 8.15443 0.91559 2 
60.292 36.079 8.18588 0.95250 2 
62.857 36.079 8.33631 0.82344 2 
65.423 36.079 8.58374 0.78408 2 
67.988 36.079 8.39711 0.93182 2 
70.554 36.079 8.46459 0.98312 2 
73.120 36.079 8.60390 0.85205 2 
75.685 36.079 8.67733 0.69794 2 
78.251 36.079 8.68203 0.59397 2 
80.816 36.079 0.00000 0.00000 0 
83.382 36.079 8.75800 0.52663 2 
85.948 36.079 8.85608 0.49941 2 
88.513 36.079 8.63669 0.31709 2 
91.079 36.079 8.90852 0.40565 2 
93.644 36.079 8.99554 0.32126 2 
96.210 36.079 8.74066 0.00459 2 
98.776 36.079 8.64001 0.21392 2 
101.341 36.079 9.03072 -0.16607 2 
103.907 36.079 8.98117 -0.35207 2 
106.472 36.079 8.73792 -0.49383 2 
109.038 36.079 9.04073 -0.28394 2 
111.603 36.079 8.57702 -0.59604 2 
114.169 36.079 8.54939 -0.62159 2 
116.735 36.079 9.13276 -0.67837 2 
119.300 36.079 0.00000 -0.00000 0 
-8.980 33.513 7.33582 0.55623 2 
-6.414 33.513 7.10753 0.43034 2 
-3.848 33.513 7.13132 0.17125 2 
-1.283 33.513 7.07399 0.50841 2 
1.283 33.513 7.79947 0.25673 2 
3.848 33.513 0.00000 -0.00000 0 
6.414 33.513 0.00000 -0.00000 0 
8.980 33.513 0.00000 -0.00000 0 
11.545 33.513 0.00000 -0.00000 0 
14.111 33.513 0.00000 -0.00000 0 
16.676 33.513 0.00000 -0.00000 0 
19.242 33.513 3.87332 0.45933 2 
21.808 33.513 7.74663 0.91867 2 
24.373 33.513 7.36830 0.87723 2 
26.939 33.513 7.26543 0.83659 2 
29.504 33.513 7.53173 0.91575 2 
32.070 33.513 7.49898 0.93249 2 
34.636 33.513 7.55271 0.99924 2 
37.201 33.513 7.67285 1.03476 2 
39.767 33.513 7.62649 1.02065 2 
42.332 33.513 7.77964 0.95010 2 
44.898 33.513 7.98474 1.03005 2 
47.464 33.513 7.88202 1.06917 2 
50.029 33.513 7.94415 0.97977 2 
52.595 33.513 7.85149 0.85194 2 
55.160 33.513 8.04804 0.93404 2 
57.726 33.513 8.39798 0.83566 2 
60.292 33.513 8.28121 0.94389 2 
62.857 33.513 8.38314 1.15817 2 
65.423 33.513 8.38998 0.93583 2 
67.988 33.513 8.52289 0.79697 2 
70.554 33.513 8.56910 0.87756 2 
73.120 33.513 8.78385 0.68282 2 
75.685 33.513 8.40000 0.81167 2 
78.251 33.513 8.87754 0.70041 2 
80.816 33.513 0.00000 0.00000 0 
83.382 33.513 8.89887 0.49242 2 
85.948 33.513 8.91949 0.47483 2 
88.513 33.513 8.79056 0.45407 2 
91.079 33.513 8.81971 0.33614 2 
93.644 33.513 8.80416 0.18357 2 
96.210 33.513 8.90648 0.28168 2 
98.776 33.513 8.93148 0.13138 2 
101.341 33.513 8.98334 -0.20575 2 
103.907 33.513 8.86975 -0.30720 2 
106.472 33.513 9.20436 -0.24696 2 
109.038 33.513 8.73605 -0.75956 2 
111.603 33.513 8.83876 -0.63337 2 
114.169 33.513 8.54311 -0.79289 2 
116.735 33.513 8.84593 -0.84428 2 
119.300 33.513 0.00000 -0.00000 0 
-8.980 30.948 7.15758 0.22790 2 
-6.414 30.948 7.11708 0.36533 2 
-3.848 30.948 7.20215 0.45130 2 
-1.283 30.948 7.10893 0.50790 2 
1.283 30.948 7.18163 0.50097 2 
3.848 30.948 0.00000 -0.00000 0 
6.414 30.948 0.00000 -0.00000 0 
8.980 30.948 0.00000 -0.00000 0 
11.545 30.948 0.00000 -0.00000 0 
14.111 30.948 0.00000 -0.00000 0 
16.676 30.948 0.00000 -0.00000 0 
19.242 30.948 3.90086 0.40562 2 
21.808 30.948 7.80172 0.81124 2 
24.373 30.948 7.44211 0.94269 2 
26.939 30.948 7.32205 0.92209 2 
29.504 30.948 7.37475 1.05643 2 
32.070 30.948 7.49913 1.08961 2 
34.636 30.948 7.59652 1.06773 2 
37.201 30.948 7.59498 0.86901 2 
39.767 30.948 7.70303 0.97606 2 
42.332 30.948 7.66524 1.07328 2 
44.898 30.948 8.01526 0.89419 2 
47.464 30.948 7.88121 1.20759 2 
50.029 30.948 7.93920 0.86113 2 
52.595 30.948 8.05157 1.16679 2 
55.160 30.948 8.25391 0.90204 2 
57.726 30.948 8.10207 1.10773 2 
60.292 30.948 8.33145 0.90068 2 
62.857 30.948 8.30442 0.93134 2 
65.423 30.948 8.40200 1.04648 2 
67.988 30.948 8.47596 0.78375 2 
70.554 30.948 8.44965 0.88408 2 
73.120 30.948 8.74622 1.13333 2 
75.685 30.948 8.79909 0.56880 2 
78.251 30.948 8.75291 0.78979 2 
80.816 30.948 0.00000 0.00000 0 
83.382 30.948 8.90944 0.67567 2 
85.948 30.948 9.01253 0.74671 2 
88.513 30.948 9.03924 0.32839 2 
91.079 30.948 8.94656 0.32120 2 
93.644 30.948 9.15577 0.25696 2 
96.210 30.948 9.00213 0.03505 2 
98.776 30.948 9.20689 0.19139 2 
101.341 30.948 9.09353 0.05661 2 
103.907 30.948 9.27695 -0.29602 2 
106.472 30.948 9.17785 -0.30679 2 
109.038 30.948 8.80593 -0.54992 2 
111.603 30.948 8.98598 -0.62890 2 
114.169 30.948 8.93817 -0.86439 2 
116.735 30.948 9.02144 -1.15069 2 
119.300 30.948 0.00000 -0.00000 0 
-8.980 28.382 7.06796 0.18847 2 
-6.414 28.382 7.10062 0.28330 2 
-3.848 28.382 7.06975 0.43970 2 
-1.283 28.382 6.99265 0.28594 2 
1.283 28.382 7.17770 0.55814 2 
3.848 28.382 3.75296 0.38825 2 
6.414 28.382 0.00000 -0.00000 0 
8.980 28.382 0.00000 -0.00000 0 
11.545 28.382 0.00000 -0.00000 0 
14.111 28.382 0.00000 -0.00000 0 
16.676 28.382 4.14134 0.54543 2 
19.242 28.382 8.28267 1.09086 2 
21.808 28.382 7.17993 1.03616 2 
24.373 28.382 7.26701 0.97581 2 
26.939 28.382 7.29592 1.06772 2 
29.504 28.382 7.48985 0.94887 2 
32.070 28.382 7.40584 1.22064 2 
34.636 28.382 7.53039 1.10189 2 
37.201 28.382 7.55337 0.99228 2 
39.767 28.382 7.81918 1.02608 2 
42.332 28.382 7.79046 1.08458 2 
44.898 28.382 7.72660 1.04758 2 
47.464 28.382 7.95058 1.03947 2 
50.029 28.382 7.86102 1.19373 2 
52.595 28.382 8.25663 0.95713 2 
55.160 28.382 8.24924 1.21848 2 
57.726 28.382 8.34228 1.25890 2 
60.292 28.382 8.11801 0.93868 2 
62.857 28.382 8.62872 1.07296 2 
65.423 28.382 8.67377 1.04623 2 
67.988 28.382 8.57251 1.01540 2 
70.554 28.382 8.63686 0.81256 2 
73.120 28.382 8.54486 0.85801 2 
75.685 28.382 8.67026 0.94816 2 
78.251 28.382 8.99348 0.83105 2 
80.816 28.382 8.82758 0.66858 2 
83.382 28.382 8.87944 0.60282 2 
85.948 28.382 8.93129 0.53706 2 
88.513 28.382 9.11617 0.48822 2 
91.079 28.382 9.10165 0.51114 2 
93.644 28.382 9.22390 0.23185 2 
96.210 28.382 9.17354 0.31803 2 
98.776 28.382 9.20990 0.05714 2 
101.341 28.382 9.16178 -0.21508 2 
103.907 28.382 9.15281 -0.21794 2 
106.472 28.382 9.38209 -0.53391 2 
109.038 28.382 9.33737 -0.65655 2 
111.603 28.382 9.09652 -1.11541 2 
114.169 28.382 9.02109 -0.89306 2 
116.735 28.382 9.22054 -1.26162 2 
119.300 28.382 0.00000 -0.00000 0 
-8.980 25.816 7.29428 0.23893 2 
-6.414 25.816 6.93293 0.27996 2 
-3.848 25.816 7.02075 0.42227 2 
-1.283 25.816 7.12131 0.42533 2 
1.283 25.816 7.17377 0.61532 2 
3.848 25.816 7.50592 0.77650 2 
6.414 25.816 0.00000 -0.00000 0 
8.980 25.816 0.00000 -0.00000 0 
11.545 25.816 0.00000 -0.00000 0 
14.111 25.816 0.00000 -0.00000 0 
16.676 25.816 4.24699 0.45402 2 
19.242 25.816 8.49399 0.90804 2 
21.808 25.816 6.94096 0.94226 2 
24.373 25.816 7.22612 0.89800 2 
26.939 25.816 7.30463 1.07087 2 
29.504 25.816 7.29121 0.99180 2 
32.070 25.816 7.50387 1.09372 2 
34.636 25.816 7.48951 1.09484 2 
37.201 25.816 7.68938 1.38333 2 
39.767 25.816 7.59047 1.28129 2 
42.332 25.816 7.76449 1.22604 2 
44.898 25.816 7.73806 1.20668 2 
47.464 25.816 7.89334 1.02714 2 
50.029 25.816 7.98024 1.22233 2 
52.595 25.816 7.90814 1.23033 2 
55.160 25.816 8.05971 0.96377 2 
57.726 25.816 8.47389 1.09539 2 
60.292 25.816 8.28013 1.17503 2 
62.857 25.816 8.57195 1.08150 2 
65.423 25.816 8.33513 0.89725 2 
67.988 25.816 8.56817 1.17952 2 
70.554 25.816 8.51244 0.99683 2 
73.120 25.816 8.76736 0.93703 2 
75.685 25.816 8.77525 0.86025 2 
78.251 25.816 8.62335 0.70026 2 
80.816 25.816 8.63823 0.88349 2 
83.382 25.816 0.00000 0.00000 0 
85.948 25.816 9.25648 0.66853 2 
88.513 25.816 9.12698 0.54259 2 
91.079 25.816 9.10226 0.65648 2 
93.644 25.816 9.23200 0.37843 2 
96.210 25.816 9.30601 0.53510 2 
98.776 25.816 9.26943 0.20271 2 
101.341 25.816 9.36735 0.13411 2 
103.907 25.816 9.56460 -0.35909 2 
106.472 25.816 9.87830 -0.55152 2 
109.038 25.816 9.37704 -0.91389 2 
111.603 25.816 9.38966 -0.78697 2 
114.169 25.816 8.94464 -1.42353 2 
116.735 25.816 9.50959 -1.72184 2 
119.300 25.816 0.00000 -0.00000 0 
-8.980 23.251 7.17726 0.06930 2 
-6.414 23.251 6.97696 0.28200 2 
-3.848 23.251 6.91611 0.38658 2 
-1.283 23.251 6.88636 0.27195 2 
1.283 23.251 7.04277 0.46037 2 
3.848 23.251 7.21080 0.55216 2 
6.414 23.251 0.00000 -0.00000 0 
8.980 23.251 0.00000 -0.00000 0 
11.545 23.251 0.00000 -0.00000 0 
14.111 23.251 0.00000 -0.00000 0 
16.676 23.251 4.00697 0.57508 2 
19.242 23.251 8.01395 1.15016 2 
21.808 23.251 7.04888 1.00309 2 
24.373 23.251 7.14072 1.15484 2 
26.939 23.251 7.26232 1.21558 2 
29.504 23.251 7.18789 1.22767 2 
32.070 23.251 7.40696 1.19938 2 
34.636 23.251 7.36983 1.32275 2 
37.201 23.251 7.65419 1.33052 2 
39.767 23.251 7.56634 1.31001 2 
42.332 23.251 7.75833 1.18855 2 
44.898 23.251 8.02833 1.29347 2 
47.464 23.251 7.92417 1.42550 2 
50.029 23.251 7.96142 1.40373 2 
52.595 23.251 8.13069 1.27517 2 
55.160 23.251 8.15803 1.22169 2 
57.726 23.251 8.32662 1.29191 2 
60.292 23.251 8.22072 0.96157 2 
62.857 23.251 8.47105 1.24003 2 
65.423 23.251 8.22357 1.33329 2 
67.988 23.251 8.66383 1.21965 2 
70.554 23.251 8.76597 1.04453 2 
73.120 23.251 8.74874 1.08012 2 
75.685 23.251 8.85803 0.83088 2 
78.251 23.251 8.94381 1.06908 2 
80.816 23.251 8.98724 0.85593 2 
83.382 23.251 0.00000 0.00000 0 
85.948 23.251 9.47588 0.64360 2 
88.513 23.251 7.71951 0.65090 2 
91.079 23.251 9.19319 0.62193 2 
93.644 23.251 9.24266 0.52839 2 
96.210 23.251 9.37687 0.50217 2 
98.776 23.251 9.40091 0.38714 2 
101.341 23.251 9.73151 0.21117 2 
103.907 23.251 10.16591 -0.11389 2 
106.472 23.251 10.07995 -0.79511 2 
109.038 23.251 9.86173 -1.06077 2 
111.603 23.251 9.77933 -1.41196 2 
114.169 23.251 9.47560 -1.60806 2 
116.735 23.251 10.19002 -2.01351 2 
119.300 23.251 0.00000 -0.00000 0 
-8.980 20.685 6.88307 0.20887 2 
-6.414 20.685 6.89881 0.03086 2 
-3.848 20.685 6.85545 0.30423 2 
-1.283 20.685 6.87222 0.43991 2 
1.283 20.685 6.84837 0.34076 2 
3.848 20.685 7.29971 0.53953 2 
6.414 20.685 0.00000 -0.00000 0 
8.980 20.685 0.00000 -0.00000 0 
11.545 20.685 0.00000 -0.00000 0 
14.111 20.685 0.00000 -0.00000 0 
16.676 20.685 3.73219 0.51991 2 
19.242 20.685 7.46438 1.03983 2 
21.808 20.685 6.81869 1.13462 2 
24.373 20.685 7.21129 1.15799 2 
26.939 20.685 7.40328 1.22082 2 
29.504 20.685 7.34543 1.33664 2 
32.070 20.685 7.22753 1.36593 2 
34.636 20.685 7.35994 1.36460 2 
37.201 20.685 7.59917 1.17312 2 
39.767 20.685 7.62895 1.35372 2 
42.332 20.685 7.87742 1.40220 2 
44.898 20.685 7.76717 1.31195 2 
47.464 20.685 7.85626 1.44518 2 
50.029 20.685 8.20367 1.22008 2 
52.595 20.685 7.94146 1.38210 2 
55.160 20.685 8.30432 1.29531 2 
57.726 20.685 8.37495 1.28372 2 
60.292 20.685 8.22014 1.31253 2 
62.857 20.685 8.57756 1.25930 2 
65.423 20.685 8.68812 0.97085 2 
67.988 20.685 4.33192 0.60983 2 
70.554 20.685 8.87041 1.09297 2 
73.120 20.685 8.70394 0.91866 2 
75.685 20.685 9.01771 1.35357 2 
78.251 20.685 9.38254 1.30531 2 
80.816 20.685 4.49362 0.42797 2 
83.382 20.685 0.00000 0.00000 0 
85.948 20.685 0.00000 0.00000 0 
88.513 20.685 0.00000 0.00000 0 
91.079 20.685 9.56366 0.29539 2 
93.644 20.685 9.43175 0.27106 2 
96.210 20.685 8.91644 0.50761 2 
98.776 20.685 10.06924 0.28080 2 
101.341 20.685 9.71085 0.58405 2 
103.907 20.685 9.36340 0.00796 2 
106.472 20.685 9.01595 -0.56813 2 
109.038 20.685 9.94861 -1.33248 2 
111.603 20.685 9.87016 -0.92425 2 
114.169 20.685 10.22763 -1.62465 2 
116.735 20.685 9.81205 -2.78528 2 
119.300 20.685 0.00000 -0.00000 0 
-8.980 18.120 6.88008 0.08610 2 
-6.414 18.120 6.83513 0.09786 2 
-3.848 18.120 6.88410 0.29710 2 
-1.283 18.120 6.74993 0.33795 2 
1.283 18.120 6.75663 0.47246 2 
3.848 18.120 6.94663 0.45308 2 
6.414 18.120 0.00000 -0.00000 0 
8.980 18.120 0.00000 -0.00000 0 
11.545 18.120 0.00000 -0.00000 0 
14.111 18.120 0.00000 -0.00000 0 
16.676 18.120 3.67954 0.58953 2 
19.242 18.120 7.39432 1.11979 2 
21.808 18.120 7.18218 1.20124 2 
24.373 18.120 7.01156 1.36539 2 
26.939 18.120 7.15850 1.30747 2 
29.504 18.120 7.18294 1.43316 2 
32.070 18.120 7.27468 1.17114 2 
34.636 18.120 7.49874 1.39673 2 
37.201 18.120 7.60439 1.57870 2 
39.767 18.120 7.57036 1.36988 2 
42.332 18.120 7.69179 1.46077 2 
44.898 18.120 7.94462 1.52099 2 
47.464 18.120 8.16706 1.20281 2 
50.029 18.120 7.87081 1.42003 2 
52.595 18.120 8.40766 1.56679 2 
55.160 18.120 8.31547 1.59791 2 
57.726 18.120 8.56631 1.44694 2 
60.292 18.120 9.00613 1.28606 2 
62.857 18.120 8.74609 1.19738 2 
65.423 18.120 4.34406 0.48543 2 
67.988 18.120 0.00000 -0.00000 0 
70.554 18.120 0.00000 -0.00000 0 
73.120 18.120 0.00000 -0.00000 0 
75.685 18.120 0.00000 -0.00000 0 
78.251 18.120 0.00000 -0.00000 0 
80.816 18.120 0.00000 -0.00000 0 
83.382 18.120 0.00000 -0.00000 0 
85.948 18.120 -0.28383 1.21544 2 
88.513 18.120 3.26669 0.99304 2 
91.079 18.120 5.82231 0.45676 2 
93.644 18.120 4.91860 0.16659 2 
96.210 18.120 8.45601 0.51304 2 
98.776 18.120 5.30438 0.20098 2 
101.341 18.120 6.18159 -0.70544 2 
103.907 18.120 7.06677 -0.52330 2 
106.472 18.120 7.95196 -0.34115 2 
109.038 18.120 9.62986 -1.92129 2 
111.603 18.120 7.69008 -0.88845 2 
114.169 18.120 7.78300 -1.61480 2 
116.735 18.120 7.40210 -2.61798 2 
119.300 18.120 0.00000 -0.00000 0 
-8.980 15.554 7.05504 0.03151 2 
-6.414 15.554 6.79933 0.07310 2 
-3.848 15.554 6.80087 0.21447 2 
-1.283 15.554 6.53671 0.24489 2 
1.283 15.554 6.70096 0.39803 2 
3.848 15.554 6.72443 0.56167 2 
6.414 15.554 0.00000 -0.00000 0 
8.980 15.554 0.00000 -0.00000 0 
11.545 15.554 0.00000 -0.00000 0 
14.111 15.554 0.00000 -0.00000 0 
16.676 15.554 3.62690 0.65914 2 
19.242 15.554 7.25380 1.31828 2 
21.808 15.554 6.74330 1.26569 2 
24.373 15.554 7.02058 1.46938 2 
26.939 15.554 7.10688 1.30493 2 
29.504 15.554 7.24183 1.55768 2 
32.070 15.554 7.27564 1.89244 2 
34.636 15.554 7.51404 1.58003 2 
37.201 15.554 7.43271 1.57283 2 
39.767 15.554 7.90450 1.59584 2 
42.332 15.554 7.64679 1.69602 2 
44.898 15.554 7.77152 1.78962 2 
47.464 15.554 8.24134 1.39695 2 
50.029 15.554 8.36151 1.59169 2 
52.595 15.554 4.20383 0.78339 2 
55.160 15.554 0.00000 -0.00000 0 
57.726 15.554 0.00000 -0.00000 0 
60.292 15.554 0.00000 -0.00000 0 
62.857 15.554 0.00000 -0.00000 0 
65.423 15.554 0.00000 -0.00000 0 
67.988 15.554 0.00000 -0.00000 0 
70.554 15.554 0.00000 -0.00000 0 
73.120 15.554 0.00000 -0.00000 0 
75.685 15.554 0.00000 -0.00000 0 
78.251 15.554 0.00000 -0.00000 0 
80.816 15.554 -2.24695 0.08833 2 
83.382 15.554 -0.77388 0.03745 2 
85.948 15.554 -0.82036 0.18680 2 
88.513 15.554 0.63030 0.40246 2 
91.079 15.554 2.08096 0.61813 2 
93.644 15.554 0.40545 0.06212 2 
96.210 15.554 1.72201 1.28255 2 
98.776 15.554 1.41548 0.57699 2 
101.341 15.554 1.10896 -0.12856 2 
103.907 15.554 2.19250 -1.46534 2 
106.472 15.554 5.45127 1.23578 2 
109.038 15.554 8.65052 -2.12416 2 
111.603 15.554 7.43016 -2.97610 2 
114.169 15.554 4.48354 -2.86357 2 
116.735 15.554 4.99215 -2.45068 2 
119.300 15.554 0.00000 -0.00000 0 
-8.980 12.988 6.85600 0.01048 2 
-6.414 12.988 6.71809 -0.05221 2 
-3.848 12.988 6.62404 0.18282 2 
-1.283 12.988 6.65090 0.19324 2 
1.283 12.988 6.45608 0.28975 2 
3.848 12.988 6.77618 0.50874 2 
6.414 12.988 0.00000 -0.00000 0 
8.980 12.988 0.00000 -0.00000 0 
11.545 12.988 0.00000 -0.00000 0 
14.111 12.988 0.00000 -0.00000 0 
16.676 12.988 3.57944 0.79200 2 
19.242 12.988 7.15887 1.58401 2 
21.808 12.988 6.71874 1.55398 2 
24.373 12.988 7.00087 1.56751 2 
26.939 12.988 7.08565 1.74846 2 
29.504 12.988 7.67406 1.79068 2 
32.070 12.988 7.86580 1.60399 2 
34.636 12.988 7.56958 1.81868 2 
37.201 12.988 7.82866 1.95553 2 
39.767 12.988 8.46167 1.80775 2 
42.332 12.988 0.00000 -0.00000 0 
44.898 12.988 0.00000 -0.00000 0 
47.464 12.988 0.00000 -0.00000 0 
50.029 12.988 0.00000 -0.00000 0 
52.595 12.988 0.00000 -0.00000 0 
55.160 12.988 0.00000 -0.00000 0 
57.726 12.988 0.00000 -0.00000 0 
60.292 12.988 0.00000 -0.00000 0 
62.857 12.988 0.00000 -0.00000 0 
65.423 12.988 0.00000 -0.00000 0 
67.988 12.988 0.00000 -0.00000 0 
70.554 12.988 0.00000 -0.00000 0 
73.120 12.988 0.00000 -0.00000 0 
75.685 12.988 -0.71772 0.00245 2 
78.251 12.988 -1.43544 0.00490 2 
80.816 12.988 -1.86157 -0.26502 2 
83.382 12.988 -1.54777 0.07490 2 
85.948 12.988 -1.51437 0.31390 2 
88.513 12.988 -1.58738 0.54670 2 
91.079 12.988 -1.66040 0.77950 2 
93.644 12.988 -2.53295 2.05043 2 
96.210 12.988 -1.05756 2.35462 2 
98.776 12.988 -0.42318 2.54889 2 
101.341 12.988 0.21120 2.74317 2 
103.907 12.988 3.44317 1.94253 2 
106.472 12.988 3.97205 0.95771 2 
109.038 12.988 7.67117 -2.32702 2 
111.603 12.988 4.75497 -3.62478 2 
114.169 12.988 5.31793 -5.34290 2 
116.735 12.988 3.43586 -2.29775 2 
119.300 12.988 0.00000 -0.00000 0 
-8.980 10.423 6.63344 -0.18991 2 
-6.414 10.423 6.69166 -0.20403 2 
-3.848 10.423 6.61642 -0.00365 2 
-1.283 10.423 6.39129 0.05822 2 
1.283 10.423 6.39455 0.16781 2 
3.848 10.423 6.58891 0.39903 2 
6.414 10.423 1.53070 0.06519 2 
8.980 10.423 0.00000 -0.00000 0 
11.545 10.423 0.00000 -0.00000 0 
14.111 10.423 0.00000 -0.00000 0 
16.676 10.423 2.38629 0.52800 2 
19.242 10.423 4.77258 1.05601 2 
21.808 10.423 7.04155 1.71068 2 
24.373 10.423 7.30660 1.69042 2 
26.939 10.423 7.56541 1.73031 2 
29.504 10.423 6.14509 1.31091 2 
32.070 10.423 0.00000 -0.00000 0 
34.636 10.423 0.00000 -0.00000 0 
37.201 10.423 0.00000 -0.00000 0 
39.767 10.423 0.00000 -0.00000 0 
42.332 10.423 0.00000 -0.00000 0 
44.898 10.423 0.00000 -0.00000 0 
47.464 10.423 0.00000 -0.00000 0 
50.029 10.423 0.00000 -0.00000 0 
52.595 10.423 0.00000 -0.00000 0 
55.160 10.423 0.00000 -0.00000 0 
57.726 10.423 0.00000 -0.00000 0 
60.292 10.423 0.00000 -0.00000 0 
62.857 10.423 0.00000 -0.00000 0 
65.423 10.423 0.00000 -0.00000 0 
67.988 10.423 -1.01458 -0.12596 2 
70.554 10.423 -1.63535 -0.47740 2 
73.120 10.423 -2.38337 -0.56609 2 
75.685 10.423 -2.62712 -0.27814 2 
78.251 10.423 -2.87087 0.00980 2 
80.816 10.423 -2.04298 0.11707 2 
83.382 10.423 -2.53210 0.39113 2 
85.948 10.423 -1.41811 -0.23071 2 
88.513 10.423 -2.01404 0.95102 2 
91.079 10.423 -2.92593 1.20804 2 
93.644 10.423 -1.63271 1.69394 2 
96.210 10.423 -1.32888 2.01581 2 
98.776 10.423 -0.76167 1.81207 2 
101.341 10.423 1.62539 2.59180 2 
103.907 10.423 2.77794 2.53209 2 
106.472 10.423 2.49283 0.67964 2 
109.038 10.423 1.84671 -1.17879 2 
111.603 10.423 4.46680 -0.69694 2 
114.169 10.423 4.32966 -4.62747 2 
116.735 10.423 2.51140 -3.75204 2 
119.300 10.423 0.00000 -0.00000 0 
-8.980 7.857 6.64829 -0.26666 2 
-6.414 7.857 6.46844 -0.18783 2 
-3.848 7.857 6.43104 -0.09502 2 
-1.283 7.857 6.22815 -0.11616 2 
1.283 7.857 6.08233 -0.05003 2 
3.848 7.857 6.12281 0.26076 2 
6.414 7.857 3.06141 0.13038 2 
8.980 7.857 0.00000 -0.00000 0 
11.545 7.857 0.00000 -0.00000 0 
14.111 7.857 0.00000 -0.00000 2 
16.676 7.857 1.59086 0.35200 2 
19.242 7.857 2.38629 0.52800 2 
21.808 7.857 0.00000 -0.00000 0 
24.373 7.857 0.00000 -0.00000 0 
26.939 7.857 0.00000 -0.00000 0 
29.504 7.857 0.00000 -0.00000 0 
32.070 7.857 0.00000 -0.00000 0 
34.636 7.857 0.00000 -0.00000 0 
37.201 7.857 0.00000 -0.00000 0 
39.767 7.857 0.00000 -0.00000 0 
42.332 7.857 0.00000 -0.00000 0 
44.898 7.857 0.00000 -0.00000 0 
47.464 7.857 0.00000 -0.00000 0 
50.029 7.857 0.00000 -0.00000 0 
52.595 7.857 0.00000 -0.00000 0 
55.160 7.857 0.00000 -0.00000 0 
57.726 7.857 0.00000 -0.00000 0 
60.292 7.857 -0.18581 0.03875 2 
62.857 7.857 0.25164 0.03649 2 
65.423 7.857 -1.27148 -0.19933 2 
67.988 7.857 -2.02916 -0.25192 2 
70.554 7.857 -2.06164 -0.46973 2 
73.120 7.857 -2.39269 -0.33000 2 
75.685 7.857 -2.48980 0.64495 2 
78.251 7.857 -2.37951 0.80567 2 
80.816 7.857 -2.46002 0.68576 2 
83.382 7.857 -1.95746 -0.28046 2 
85.948 7.857 -1.79622 0.19413 2 
88.513 7.857 -2.93067 0.79347 2 
91.079 7.857 -2.73357 1.74048 2 
93.644 7.857 -1.38189 1.83280 2 
96.210 7.857 -0.19957 2.06671 2 
98.776 7.857 -2.34109 1.52745 2 
101.341 7.857 -0.35526 2.17012 2 
103.907 7.857 -1.51688 2.94467 2 
106.472 7.857 0.54144 1.82048 2 
109.038 7.857 -0.99421 -1.73251 2 
111.603 7.857 0.84233 -4.44775 2 
114.169 7.857 3.34139 -3.91203 2 
116.735 7.857 1.58694 -5.20634 2 
119.300 7.857 -0.16750 -6.50064 2 
-8.980 5.292 6.70315 -0.50768 2 
-6.414 5.292 6.52169 -0.31394 2 
-3.848 5.292 6.42652 -0.41248 2 
-1.283 5.292 6.30530 -0.32723 2 
1.283 5.292 6.03467 -0.20003 2 
3.848 5.292 6.41017 0.15117 2 
6.414 5.292 1.53070 0.06519 2 
8.980 5.292 0.00000 -0.00000 0 
11.545 5.292 0.00000 -0.00000 0 
14.111 5.292 0.00000 -0.00000 0 
16.676 5.292 0.00000 -0.00000 0 
19.242 5.292 0.00000 -0.00000 0 
21.808 5.292 0.00000 -0.00000 0 
24.373 5.292 0.00000 -0.00000 0 
26.939 5.292 0.00000 -0.00000 0 
29.504 5.292 0.00000 -0.00000 0 
32.070 5.292 0.00000 -0.00000 0 
34.636 5.292 0.00000 -0.00000 0 
37.201 5.292 0.00000 -0.00000 0 
39.767 5.292 0.00000 -0.00000 0 
42.332 5.292 0.00000 -0.00000 0 
44.898 5.292 0.00000 -0.00000 0 
47.464 5.292 0.00000 -0.00000 0 
50.029 5.292 0.00000 -0.00000 0 
52.595 5.292 -0.32241 -0.09412 2 
55.160 5.292 -0.49680 -0.25271 2 
57.726 5.292 -0.58399 -0.33200 2 
60.292 5.292 -0.44343 -0.02311 2 
62.857 5.292 -1.59090 0.04954 2 
65.423 5.292 -2.73836 0.12219 2 
67.988 5.292 -2.61876 0.35298 2 
70.554 5.292 -2.48792 -0.46206 2 
73.120 5.292 -2.72081 -0.67973 2 
75.685 5.292 -2.95841 0.38106 2 
78.251 5.292 -2.83553 1.05167 2 
80.816 5.292 -2.65976 0.57842 2 
83.382 5.292 -3.10822 0.12622 2 
85.948 5.292 -3.04208 0.63822 2 
88.513 5.292 -2.97595 1.15021 2 
91.079 5.292 -1.44978 1.98988 2 
93.644 5.292 -3.02280 2.01619 2 
96.210 5.292 -3.25964 1.92494 2 
98.776 5.292 -2.93783 1.63790 2 
101.341 5.292 -2.33591 1.74844 2 
103.907 5.292 -2.65963 2.12060 2 
106.472 5.292 -0.48118 -0.16070 2 
109.038 5.292 2.10755 -1.15812 2 
111.603 5.292 0.24068 -2.28954 2 
114.169 5.292 -0.53628 -2.20314 2 
116.735 5.292 1.51012 -1.91910 2 
119.300 5.292 0.19388 -2.66271 2 
-8.980 2.726 6.84227 -0.55643 2 
-6.414 2.726 6.56615 -0.40842 2 
-3.848 2.726 6.34026 -0.56201 2 
-1.283 2.726 6.02935 -0.56233 2 
1.283 2.726 6.11303 -0.36635 2 
3.848 2.726 6.44947 -0.21628 2 
6.414 2.726 0.00000 -0.00000 0 
8.980 2.726 0.00000 -0.00000 0 
11.545 2.726 0.00000 -0.00000 0 
14.111 2.726 0.00000 -0.00000 0 
16.676 2.726 0.00000 -0.00000 0 
19.242 2.726 0.00000 -0.00000 0 
21.808 2.726 0.00000 -0.00000 0 
24.373 2.726 0.00000 -0.00000 0 
26.939 2.726 0.00000 -0.00000 0 
29.504 2.726 0.00000 -0.00000 0 
32.070 2.726 0.00000 -0.00000 0 
34.636 2.726 0.00000 -0.00000 0 
37.201 2.726 0.00000 -0.00000 0 
39.767 2.726 0.00000 -0.00000 0 
42.332 2.726 0.00000 -0.00000 0 
44.898 2.726 0.00000 -0.00000 0 
47.464 2.726 -0.36589 -0.16987 2 
50.029 2.726 -0.29180 -0.27517 2 
52.595 2.726 -0.64481 -0.18823 2 
55.160 2.726 -0.90640 -0.42612 2 
57.726 2.726 -1.16798 -0.66400 2 
60.292 2.726 -0.97388 -0.37047 2 
62.857 2.726 -1.51311 -0.05417 2 
65.423 2.726 -2.54158 0.04491 2 
67.988 2.726 -2.10434 0.39479 2 
70.554 2.726 -2.52141 -0.58177 2 
73.120 2.726 -3.04893 -1.02945 2 
75.685 2.726 -2.50543 -0.15157 2 
78.251 2.726 -2.88175 0.19964 2 
80.816 2.726 -3.18584 0.05685 2 
83.382 2.726 -2.68439 0.65144 2 
85.948 2.726 -2.38214 0.25785 2 
88.513 2.726 -1.92636 0.48087 2 
91.079 2.726 -2.03742 1.78267 2 
93.644 2.726 -1.29999 1.09567 2 
96.210 2.726 -2.80307 0.87350 2 
98.776 2.726 -3.53458 1.74835 2 
101.341 2.726 -3.73008 2.13044 2 
103.907 2.726 -3.80237 1.29653 2 
106.472 2.726 -2.06162 0.79166 2 
109.038 2.726 -3.79883 -1.11030 2 
111.603 2.726 -2.95478 -2.65595 2 
114.169 2.726 -2.86846 -0.64532 2 
116.735 2.726 -3.00962 -2.82927 2 
119.300 2.726 -0.50517 -5.08782 2 
-8.980 0.160 6.76334 -0.63239 2 
-6.414 0.160 6.62594 -0.79474 2 
-3.848 0.160 6.51325 -0.69391 2 
-1.283 0.160 6.13051 -0.71504 2 
1.283 0.160 6.49665 -0.83902 2 
3.848 0.160 0.00000 -0.00000 0 
6.414 0.160 0.00000 -0.00000 0 
8.980 0.160 0.00000 -0.00000 0 
11.545 0.160 0.00000 -0.00000 0 
14.111 0.160 0.00000 -0.00000 0 
16.676 0.160 0.00000 -0.00000 0 
19.242 0.160 0.00000 -0.00000 0 
21.808 0.160 0.00000 -0.00000 0 
24.373 0.160 0.00000 -0.00000 0 
26.939 0.160 0.00000 -0.00000 0 
29.504 0.160 0.00000 -0.00000 0 
32.070 0.160 0.00000 -0.00000 0 
34.636 0.160 0.00000 -0.00000 0 
37.201 0.160 0.00000 -0.00000 0 
39.767 0.160 -0.47970 -0.08915 2 
42.332 0.160 -0.34010 -0.21388 2 
44.898 0.160 -0.31049 -0.20641 2 
47.464 0.160 -0.80921 -0.01133 2 
50.029 0.160 -1.18250 -0.40308 2 
52.595 0.160 -0.79889 -0.40555 2 
55.160 0.160 -1.19732 -0.53655 2 
57.726 0.160 -1.35707 -0.85313 2 
60.292 0.160 -1.50434 -0.71783 2 
62.857 0.160 -1.99322 -0.74055 2 
65.423 0.160 -2.34479 -0.03236 2 
67.988 0.160 -2.49342 0.22669 2 
70.554 0.160 -2.55490 -0.70148 2 
73.120 0.160 -2.50087 -0.85164 2 
75.685 0.160 -2.53189 -0.90485 2 
78.251 0.160 -2.99594 0.57914 2 
80.816 0.160 -3.23406 -0.26345 2 
83.382 0.160 -2.26056 1.17666 2 
85.948 0.160 -2.11184 0.16647 2 
88.513 0.160 -1.71969 0.92965 2 
91.079 0.160 -2.62506 1.57547 2 
93.644 0.160 -2.61822 0.35625 2 
96.210 0.160 -2.34651 -0.17795 2 
98.776 0.160 -3.78676 0.35647 2 
101.341 0.160 -3.37877 1.27089 2 
103.907 0.160 -3.27192 1.87628 2 
106.472 0.160 -3.64207 1.74402 2 
109.038 0.160 -3.88857 0.79202 2 
111.603 0.160 -3.98837 0.07610 2 
114.169 0.160 -3.45023 0.12382 2 
116.735 0.160 -3.80869 -2.14832 2 
119.300 0.160 -0.47710 -3.66201 2 
-8.980 -2.405 6.79664 -0.64780 2 
-6.414 -2.405 6.70933 -0.81203 2 
-3.848 -2.405 6.52450 -0.87685 2 
-1.283 -2.405 6.42904 -0.92459 2 
1.283 -2.405 0.00000 -0.00000 0 
3.848 -2.405 0.00000 -0.00000 0 
6.414 -2.405 0.00000 -0.00000 0 
8.980 -2.405 0.00000 -0.00000 0 
11.545 -2.405 0.00000 -0.00000 0 
14.111 -2.405 0.00000 -0.00000 0 
16.676 -2.405 0.00000 -0.00000 0 
19.242 -2.405 0.00000 -0.00000 0 
21.808 -2.405 0.00000 -0.00000 0 
24.373 -2.405 0.00000 -0.00000 0 
26.939 -2.405 0.00000 -0.00000 0 
29.504 -2.405 0.00000 -0.00000 0 
32.070 -2.405 -1.06448 -0.09750 2 
34.636 -2.405 -0.71855 -0.14888 2 
37.201 -2.405 -0.87684 -0.28320 2 
39.767 -2.405 -0.80176 -0.25940 2 
42.332 -2.405 -1.32079 -0.15809 2 
44.898 -2.405 -0.96681 -0.50132 2 
47.464 -2.405 -0.94253 -0.26669 2 
50.029 -2.405 -1.03081 -0.31010 2 
52.595 -2.405 -0.90208 -0.62043 2 
55.160 -2.405 -0.56936 -0.62533 2 
57.726 -2.405 -1.22009 -0.71474 2 
60.292 -2.405 -1.22791 -1.15719 2 
62.857 -2.405 -1.01627 -1.38676 2 
65.423 -2.405 -1.41379 -0.46086 2 
67.988 -2.405 -1.55301 0.23051 2 
70.554 -2.405 -2.54775 -1.09521 2 
73.120 -2.405 -1.53343 -0.31031 2 
75.685 -2.405 -1.40205 -0.78280 2 
78.251 -2.405 -1.29235 -0.35483 2 
80.816 -2.405 -0.58244 0.98395 2 
83.382 -2.405 -0.60627 0.74900 2 
85.948 -2.405 -2.15357 0.48154 2 
88.513 -2.405 -2.73114 0.72939 2 
91.079 -2.405 -3.18061 0.68047 2 
93.644 -2.405 -2.43629 0.22320 2 
96.210 -2.405 -3.02558 -0.02523 2 
98.776 -2.405 -4.04034 0.11777 2 
101.341 -2.405 -3.02746 0.41134 2 
103.907 -2.405 -3.59912 1.00638 2 
106.472 -2.405 -2.81601 1.12722 2 
109.038 -2.405 -2.45483 0.95093 2 
111.603 -2.405 -2.75280 -1.18079 2 
114.169 -2.405 -3.64095 0.49692 2 
116.735 -2.405 -1.09876 -0.49667 2 
119.300 -2.405 -0.44903 -2.23619 2 
-8.980 -4.971 6.75849 -0.91388 2 
-6.414 -4.971 6.67430 -0.80176 2 
-3.848 -4.971 6.61153 -0.91749 2 
-1.283 -4.971 6.43636 -1.25630 2 
1.283 -4.971 0.00000 -0.00000 0 
3.848 -4.971 0.00000 -0.00000 0 
6.414 -4.971 0.00000 -0.00000 0 
8.980 -4.971 0.00000 -0.00000 0 
11.545 -4.971 0.00000 -0.00000 0 
14.111 -4.971 0.00000 -0.00000 0 
16.676 -4.971 0.00000 -0.00000 0 
19.242 -4.971 0.00000 -0.00000 0 
21.808 -4.971 0.00000 -0.00000 0 
24.373 -4.971 -1.12629 -0.22459 2 
26.939 -4.971 -1.22459 -0.21649 2 
29.504 -4.971 -1.24034 -0.46308 2 
32.070 -4.971 -1.58696 -0.38338 2 
34.636 -4.971 -1.31634 -0.21850 2 
37.201 -4.971 -1.59905 -0.08303 2 
39.767 -4.971 -1.29457 0.04936 2 
42.332 -4.971 -0.96751 -0.16840 2 
44.898 -4.971 -0.73703 -0.42277 2 
47.464 -4.971 -0.90532 0.27472 2 
50.029 -4.971 -0.87911 -0.21711 2 
52.595 -4.971 -0.76873 -0.50804 2 
55.160 -4.971 -0.65835 -0.79897 2 
57.726 -4.971 -1.13862 -0.78243 2 
60.292 -4.971 -0.77942 -1.13022 2 
62.857 -4.971 -1.07186 -1.25944 2 
65.423 -4.971 -0.83855 -0.96533 2 
67.988 -4.971 -0.43647 -0.15707 2 
70.554 -4.971 -1.14130 -0.67708 2 
73.120 -4.971 -1.56367 -0.59327 2 
75.685 -4.971 -0.27220 -0.66075 2 
78.251 -4.971 1.53275 0.31467 2 
80.816 -4.971 0.60020 0.74794 2 
83.382 -4.971 1.04801 0.32134 2 
85.948 -4.971 -1.34729 0.42524 2 
88.513 -4.971 -3.74260 0.52914 2 
91.079 -4.971 -3.12852 -0.83145 2 
93.644 -4.971 -3.48814 -0.74060 2 
96.210 -4.971 -3.89103 -0.43076 2 
98.776 -4.971 -4.29393 -0.12093 2 
101.341 -4.971 -2.73908 1.44350 2 
103.907 -4.971 -2.97412 1.02720 2 
106.472 -4.971 -1.60970 0.94347 2 
109.038 -4.971 -2.81767 -0.00395 2 
111.603 -4.971 -3.50767 -0.59310 2 
114.169 -4.971 -2.99420 0.24621 2 
116.735 -4.971 0.00621 0.25394 2 
119.300 -4.971 -0.42096 -0.81038 2 
-8.980 -7.536 7.02488 -0.95794 2 
-6.414 -7.536 6.90214 -0.88930 2 
-3.848 -7.536 6.87340 -1.10427 2 
-1.283 -7.536 6.45749 -1.37342 2 
1.283 -7.536 6.68629 -1.53494 2 
3.848 -7.536 0.00000 -0.00000 0 
6.414 -7.536 5.34260 -2.05290 2 
8.980 -7.536 5.91722 -3.08566 2 
11.545 -7.536 -1.01580 -0.71958 2 
14.111 -7.536 -0.61167 0.15675 2 
16.676 -7.536 -0.46453 0.05590 2 
19.242 -7.536 -0.73588 -0.12195 2 
21.808 -7.536 -0.68614 -0.66807 2 
24.373 -7.536 -2.25257 -0.44918 2 
26.939 -7.536 -2.10611 -0.46944 2 
29.504 -7.536 -1.48840 -0.73855 2 
32.070 -7.536 -1.83398 -0.18938 2 
34.636 -7.536 -1.62909 0.02436 2 
37.201 -7.536 -1.06422 0.01103 2 
39.767 -7.536 -0.64416 -0.06228 2 
42.332 -7.536 -0.62412 0.20149 2 
44.898 -7.536 -1.28859 0.17616 2 
47.464 -7.536 -0.25913 -0.05296 2 
50.029 -7.536 -0.95879 -0.59005 2 
52.595 -7.536 -0.70033 -0.11184 2 
55.160 -7.536 -0.92221 -0.78742 2 
57.726 -7.536 -1.04602 -0.66538 2 
60.292 -7.536 -0.33093 -1.10325 2 
62.857 -7.536 -0.91094 -1.16197 2 
65.423 -7.536 -0.26331 -1.46981 2 
67.988 -7.536 0.45133 -1.31133 2 
70.554 -7.536 -0.13374 -0.41439 2 
73.120 -7.536 -0.57577 -0.68292 2 
75.685 -7.536 0.77948 -0.99842 2 
78.251 -7.536 1.79466 -0.55605 2 
80.816 -7.536 1.78284 0.51193 2 
83.382 -7.536 2.87402 -0.05811 2 
85.948 -7.536 -0.43891 0.55375 2 
88.513 -7.536 -3.58320 0.17695 2 
91.079 -7.536 -2.20128 -0.81489 2 
93.644 -7.536 -1.38502 -1.05623 2 
96.210 -7.536 -3.61636 -0.63453 2 
98.776 -7.536 -3.19569 0.80416 2 
101.341 -7.536 -0.41900 1.56510 2 
103.907 -7.536 -3.39491 0.59336 2 
106.472 -7.536 -2.81175 1.61053 2 
109.038 -7.536 -1.54432 0.04488 2 
111.603 -7.536 -0.71087 -0.06126 2 
114.169 -7.536 -0.17536 1.15091 2 
116.735 -7.536 1.11119 1.00455 2 
119.300 -7.536 -0.13027 0.14865 2 
-8.980 -10.102 6.80825 -0.91090 2 
-6.414 -10.102 6.99436 -1.12143 2 
-3.848 -10.102 6.97991 -1.15808 2 
-1.283 -10.102 6.87078 -1.50457 2 
1.283 -10.102 6.92544 -1.79895 2 
3.848 -10.102 6.82224 -2.36650 2 
6.414 -10.102 7.32365 -2.68726 2 
8.980 -10.102 7.11579 -2.88216 2 
11.545 -10.102 7.41414 -3.27227 2 
14.111 -10.102 9.36562 -3.23507 2 
16.676 -10.102 8.32733 -2.30371 2 
19.242 -10.102 3.85138 -0.40760 2 
21.808 -10.102 3.16585 -1.19089 2 
24.373 -10.102 5.10432 -0.36168 2 
26.939 -10.102 1.91989 0.14156 2 
29.504 -10.102 -1.42090 -0.49607 2 
32.070 -10.102 0.00830 -0.86893 2 
34.636 -10.102 2.44666 -0.34979 2 
37.201 -10.102 -0.30902 0.12631 2 
39.767 -10.102 0.50196 -0.00865 2 
42.332 -10.102 0.66543 -0.36239 2 
44.898 -10.102 0.23656 0.18201 2 
47.464 -10.102 0.38706 -0.38063 2 
50.029 -10.102 0.74117 0.18616 2 
52.595 -10.102 -0.11360 -0.56804 2 
55.160 -10.102 -0.17312 -0.75060 2 
57.726 -10.102 -0.98876 -0.80189 2 
60.292 -10.102 -1.03425 -0.89074 2 
62.857 -10.102 -0.85442 -0.60687 2 
65.423 -10.102 0.52358 -0.63314 2 
67.988 -10.102 0.90916 -0.76571 2 
70.554 -10.102 1.01260 -0.89294 2 
73.120 -10.102 1.23030 -0.92048 2 
75.685 -10.102 1.83116 -1.33609 2 
78.251 -10.102 3.78839 0.09335 2 
80.816 -10.102 4.58981 -0.95465 2 
83.382 -10.102 4.70004 -0.43756 2 
85.948 -10.102 4.30052 0.07543 2 
88.513 -10.102 3.46920 0.26799 2 
91.079 -10.102 -1.27404 -0.79832 2 
93.644 -10.102 0.71809 -1.37185 2 
96.210 -10.102 2.53097 -0.98630 2 
98.776 -10.102 -2.09745 1.72925 2 
101.341 -10.102 2.07624 1.16369 2 
103.907 -10.102 0.16419 0.51208 2 
106.472 -10.102 0.25407 1.43664 2 
109.038 -10.102 3.04988 1.26462 2 
111.603 -10.102 2.08593 0.47058 2 
114.169 -10.102 0.18443 2.38041 2 
116.735 -10.102 0.17242 1.74405 2 
119.300 -10.102 0.16042 1.10769 2 
-8.980 -12.668 7.22299 -1.01497 2 
-6.414 -12.668 7.13258 -1.06546 2 
-3.848 -12.668 7.04658 -1.24235 2 
-1.283 -12.668 7.19857 -1.51817 2 
1.283 -12.668 7.06518 -1.56284 2 
3.848 -12.668 7.20678 -1.99585 2 
6.414 -12.668 7.32536 -2.49217 2 
8.980 -12.668 7.64392 -2.65069 2 
11.545 -12.668 8.20998 -2.85934 2 
14.111 -12.668 8.83389 -2.58640 2 
16.676 -12.668 8.60514 -2.33497 2 
19.242 -12.668 8.32924 -2.08903 2 
21.808 -12.668 6.21003 -1.59069 2 
24.373 -12.668 9.64864 -1.04681 2 
26.939 -12.668 9.19877 -2.10115 2 
29.504 -12.668 10.23889 -0.56927 2 
32.070 -12.668 8.52070 -0.16709 2 
34.636 -12.668 6.52242 -0.72393 2 
37.201 -12.668 4.95584 -0.29756 2 
39.767 -12.668 5.14265 -0.47512 2 
42.332 -12.668 7.27771 -0.18219 2 
44.898 -12.668 5.92444 0.10201 2 
47.464 -12.668 4.88510 -0.31280 2 
50.029 -12.668 5.33211 -0.26697 2 
52.595 -12.668 6.21285 -0.67185 2 
55.160 -12.668 3.55361 -0.41882 2 
57.726 -12.668 2.57085 -1.18784 2 
60.292 -12.668 0.04337 -0.42572 2 
62.857 -12.668 2.67147 0.05446 2 
65.423 -12.668 3.72762 -0.39701 2 
67.988 -12.668 2.81793 -1.16396 2 
70.554 -12.668 1.49610 -0.60073 2 
73.120 -12.668 3.53004 -0.80632 2 
75.685 -12.668 3.52961 0.66018 2 
78.251 -12.668 3.53232 0.51677 2 
80.816 -12.668 5.20552 -0.64098 2 
83.382 -12.668 3.58764 -0.78472 2 
85.948 -12.668 2.03780 -0.66199 2 
88.513 -12.668 3.64232 -0.32046 2 
91.079 -12.668 5.35940 2.14245 2 
93.644 -12.668 4.58906 0.77274 2 
96.210 -12.668 5.50705 0.28440 2 
98.776 -12.668 3.27096 0.92230 2 
101.341 -12.668 4.65925 1.06956 2 
103.907 -12.668 3.72329 0.43080 2 
106.472 -12.668 3.31988 1.26276 2 
109.038 -12.668 3.38419 0.80896 2 
111.603 -12.668 5.08600 0.40309 2 
114.169 -12.668 4.21377 1.55312 2 
116.735 -12.668 3.14623 1.68526 2 
119.300 -12.668 0.13212 0.96389 2 
-8.980 -15.233 7.37934 -1.01267 2 
-6.414 -15.233 7.20683 -1.19784 2 
-3.848 -15.233 7.22661 -1.26081 2 
-1.283 -15.233 7.19811 -1.54923 2 
1.283 -15.233 7.32066 -1.72798 2 
3.848 -15.233 7.30666 -2.07977 2 
6.414 -15.233 7.63176 -2.12910 2 
8.980 -15.233 7.76142 -2.27846 2 
11.545 -15.233 8.30796 -2.38644 2 
14.111 -15.233 8.64578 -2.38432 2 
16.676 -15.233 8.88295 -2.36624 2 
19.242 -15.233 9.43565 -2.35626 2 
21.808 -15.233 9.25420 -1.99049 2 
24.373 -15.233 9.28205 -1.83909 2 
26.939 -15.233 9.60434 -1.82274 2 
29.504 -15.233 9.62401 -1.22605 2 
32.070 -15.233 9.72186 -1.21323 2 
34.636 -15.233 9.97128 -0.96733 2 
37.201 -15.233 10.22070 -0.72144 2 
39.767 -15.233 9.78333 -0.94160 2 
42.332 -15.233 10.21510 -0.21330 2 
44.898 -15.233 9.28586 -0.17916 2 
47.464 -15.233 9.38313 -0.24497 2 
50.029 -15.233 9.11220 -0.20459 2 
52.595 -15.233 8.62597 -0.14410 2 
55.160 -15.233 6.39451 -0.80985 2 
57.726 -15.233 10.73362 -0.81801 2 
60.292 -15.233 8.52336 -0.11018 2 
62.857 -15.233 8.52096 -0.12335 2 
65.423 -15.233 6.93165 -0.16087 2 
67.988 -15.233 4.51861 -1.05826 2 
70.554 -15.233 6.69133 -0.25396 2 
73.120 -15.233 7.17359 -0.35321 2 
75.685 -15.233 6.49187 0.64461 2 
78.251 -15.233 6.21338 0.17712 2 
80.816 -15.233 6.40920 -0.15680 2 
83.382 -15.233 5.40764 -0.55854 2 
85.948 -15.233 5.07283 1.10131 2 
88.513 -15.233 5.33964 1.34901 2 
91.079 -15.233 6.97835 0.46346 2 
93.644 -15.233 7.44736 1.54959 2 
96.210 -15.233 8.48313 1.55509 2 
98.776 -15.233 8.96093 1.70696 2 
101.341 -15.233 7.24226 0.97543 2 
103.907 -15.233 6.24164 0.56797 2 
106.472 -15.233 5.53962 0.78022 2 
109.038 -15.233 6.12091 0.84290 2 
111.603 -15.233 7.21920 1.42206 2 
114.169 -15.233 8.24311 0.72583 2 
116.735 -15.233 9.12214 1.71147 2 
119.300 -15.233 0.00000 -0.00000 0 
-8.980 -17.799 7.38732 -1.11762 2 
-6.414 -17.799 7.29922 -1.16663 2 
-3.848 -17.799 7.33312 -1.27886 2 
-1.283 -17.799 7.38278 -1.30427 2 
1.283 -17.799 7.47305 -1.74548 2 
3.848 -17.799 7.65972 -1.78529 2 
6.414 -17.799 7.56339 -1.89258 2 
8.980 -17.799 8.01225 -2.04776 2 
11.545 -17.799 8.18546 -2.26160 2 
14.111 -17.799 8.56402 -2.21163 2 
16.676 -17.799 8.70146 -2.07173 2 
19.242 -17.799 8.91754 -1.99365 2 
21.808 -17.799 9.02103 -1.85992 2 
24.373 -17.799 9.20960 -1.64140 2 
26.939 -17.799 9.39574 -1.55478 2 
29.504 -17.799 9.36311 -1.30677 2 
32.070 -17.799 9.49027 -1.13889 2 
34.636 -17.799 9.65046 -1.01945 2 
37.201 -17.799 9.65148 -0.95322 2 
39.767 -17.799 9.49888 -0.92659 2 
42.332 -17.799 9.54075 -0.56531 2 
44.898 -17.799 9.14192 -0.60498 2 
47.464 -17.799 8.97740 -0.60740 2 
50.029 -17.799 9.09589 -0.85284 2 
52.595 -17.799 9.47905 -1.09954 2 
55.160 -17.799 9.23540 -1.20088 2 
57.726 -17.799 10.12945 -0.47351 2 
60.292 -17.799 9.88145 -0.04085 2 
62.857 -17.799 8.95406 -0.05973 2 
65.423 -17.799 8.46661 -0.42124 2 
67.988 -17.799 7.40588 -0.49732 2 
70.554 -17.799 7.69746 0.24792 2 
73.120 -17.799 8.40907 0.15895 2 
75.685 -17.799 9.45412 0.62905 2 
78.251 -17.799 8.53350 0.47821 2 
80.816 -17.799 7.61288 0.32738 2 
83.382 -17.799 7.82531 0.45679 2 
85.948 -17.799 8.68534 1.84790 2 
88.513 -17.799 8.83040 2.23814 2 
91.079 -17.799 8.64878 1.70215 2 
93.644 -17.799 9.00539 1.68242 2 
96.210 -17.799 8.71961 1.45310 2 
98.776 -17.799 8.54228 1.34119 2 
101.341 -17.799 8.35955 0.90521 2 
103.907 -17.799 8.05945 0.60145 2 
106.472 -17.799 7.32012 0.78919 2 
109.038 -17.799 7.83540 0.80589 2 
111.603 -17.799 7.91144 1.31409 2 
114.169 -17.799 8.12886 0.78154 2 
116.735 -17.799 8.25735 0.43804 2 
119.300 -17.799 0.00000 -0.00000 0 
-8.980 -20.364 7.24341 -0.96081 2 
-6.414 -20.364 7.44440 -1.15998 2 
-3.848 -20.364 7.57599 -1.12526 2 
-1.283 -20.364 7.42491 -1.40256 2 
1.283 -20.364 7.53434 -1.39984 2 
3.848 -20.364 7.64552 -1.56875 2 
6.414 -20.364 7.75188 -1.72257 2 
8.980 -20.364 8.20410 -1.84341 2 
11.545 -20.364 8.40083 -1.91339 2 
14.111 -20.364 8.46109 -2.02775 2 
16.676 -20.364 8.71978 -2.00982 2 
19.242 -20.364 8.70628 -1.91704 2 
21.808 -20.364 9.00186 -1.76170 2 
24.373 -20.364 9.08677 -1.56427 2 
26.939 -20.364 9.16005 -1.47268 2 
29.504 -20.364 9.22775 -1.27604 2 
32.070 -20.364 9.33396 -1.06087 2 
34.636 -20.364 9.47843 -1.01279 2 
37.201 -20.364 9.43994 -0.91831 2 
39.767 -20.364 9.38072 -0.76150 2 
42.332 -20.364 9.37074 -0.72830 2 
44.898 -20.364 9.26256 -0.76185 2 
47.464 -20.364 9.10341 -0.74215 2 
50.029 -20.364 9.30442 -1.03540 2 
52.595 -20.364 9.26939 -0.92662 2 
55.160 -20.364 9.42402 -0.95705 2 
57.726 -20.364 9.91274 -0.67848 2 
60.292 -20.364 9.86068 -0.26361 2 
62.857 -20.364 9.61904 -0.42734 2 
65.423 -20.364 10.00156 -0.68162 2 
67.988 -20.364 9.93526 -0.15986 2 
70.554 -20.364 9.86895 0.36190 2 
73.120 -20.364 9.95460 0.63983 2 
75.685 -20.364 9.63261 0.56138 2 
78.251 -20.364 9.80774 0.63006 2 
80.816 -20.364 8.76991 0.35886 2 
83.382 -20.364 9.68737 0.27169 2 
85.948 -20.364 9.79029 1.48971 2 
88.513 -20.364 9.32511 1.67040 2 
91.079 -20.364 9.28348 1.62175 2 
93.644 -20.364 8.86182 1.30235 2 
96.210 -20.364 8.65147 1.31008 2 
98.776 -20.364 8.63357 1.02713 2 
101.341 -20.364 8.58616 0.96016 2 
103.907 -20.364 8.70195 0.68214 2 
106.472 -20.364 9.10062 0.79815 2 
109.038 -20.364 8.71776 0.85790 2 
111.603 -20.364 8.33490 0.91765 2 
114.169 -20.364 8.61384 0.54949 2 
116.735 -20.364 9.08048 0.46552 2 
119.300 -20.364 0.00000 -0.00000 0 
-8.980 -22.930 7.35348 -0.95043 2 
-6.414 -22.930 7.44802 -1.14092 2 
-3.848 -22.930 7.43708 -1.41044 2 
-1.283 -22.930 7.72767 -1.18367 2 
1.283 -22.930 7.81091 -1.47973 2 
3.848 -22.930 7.85525 -1.43352 2 
6.414 -22.930 7.91134 -1.63323 2 
8.980 -22.930 8.08330 -1.56939 2 
11.545 -22.930 8.44509 -1.64552 2 
14.111 -22.930 8.53096 -1.78170 2 
16.676 -22.930 8.69819 -1.66442 2 
19.242 -22.930 8.76953 -1.69858 2 
21.808 -22.930 8.97667 -1.63462 2 
24.373 -22.930 8.87656 -1.44085 2 
26.939 -22.930 9.13389 -1.29878 2 
29.504 -22.930 9.05132 -1.25247 2 
32.070 -22.930 9.21566 -1.09991 2 
34.636 -22.930 9.12468 -0.98213 2 
37.201 -22.930 9.24427 -1.05519 2 
39.767 -22.930 9.27924 -0.86985 2 
42.332 -22.930 9.23961 -0.90992 2 
44.898 -22.930 9.28555 -0.86228 2 
47.464 -22.930 9.02607 -0.89937 2 
50.029 -22.930 9.39803 -0.79254 2 
52.595 -22.930 9.45345 -0.73799 2 
55.160 -22.930 9.61264 -0.71322 2 
57.726 -22.930 9.69602 -0.88345 2 
60.292 -22.930 9.83991 -0.48637 2 
62.857 -22.930 9.56600 -0.41552 2 
65.423 -22.930 9.87324 -0.46424 2 
67.988 -22.930 10.16199 -0.27997 2 
70.554 -22.930 9.83222 0.19749 2 
73.120 -22.930 10.02811 0.28914 2 
75.685 -22.930 9.63654 0.51027 2 
78.251 -22.930 9.82269 0.45177 2 
80.816 -22.930 9.92694 0.39034 2 
83.382 -22.930 9.88124 0.47571 2 
85.948 -22.930 9.72738 0.96175 2 
88.513 -22.930 9.49553 1.20260 2 
91.079 -22.930 9.14543 1.19473 2 
93.644 -22.930 9.06498 1.29069 2 
96.210 -22.930 8.88989 1.06118 2 
98.776 -22.930 8.75511 0.93088 2 
101.341 -22.930 8.75588 0.84597 2 
103.907 -22.930 8.62072 0.77083 2 
106.472 -22.930 8.82137 0.75285 2 
109.038 -22.930 8.77753 0.83441 2 
111.603 -22.930 8.85221 0.61140 2 
114.169 -22.930 8.36365 0.58877 2 
116.735 -22.930 8.92217 0.25008 2 
119.300 -22.930 0.00000 -0.00000 0 
-8.980 -25.496 7.26055 -1.02120 2 
-6.414 -25.496 7.76606 -0.96825 2 
-3.848 -25.496 7.62495 -1.04550 2 
-1.283 -25.496 7.54878 -1.13196 2 
1.283 -25.496 7.78644 -1.45093 2 
3.848 -25.496 7.86724 -1.28617 2 
6.414 -25.496 8.01131 -1.55531 2 
8.980 -25.496 8.05838 -1.72862 2 
11.545 -25.496 8.25987 -1.56902 2 
14.111 -25.496 8.50561 -1.55863 2 
16.676 -25.496 8.76236 -1.65053 2 
19.242 -25.496 8.73984 -1.41091 2 
21.808 -25.496 8.83035 -1.42931 2 
24.373 -25.496 8.97045 -1.45825 2 
26.939 -25.496 8.90885 -1.28682 2 
29.504 -25.496 9.02854 -1.08126 2 
32.070 -25.496 9.32577 -1.09781 2 
34.636 -25.496 9.14748 -1.03517 2 
37.201 -25.496 9.21649 -0.96471 2 
39.767 -25.496 9.07309 -0.88566 2 
42.332 -25.496 9.06889 -0.77221 2 
44.898 -25.496 9.14126 -0.87189 2 
47.464 -25.496 9.40577 -0.69549 2 
50.029 -25.496 9.30780 -0.67524 2 
52.595 -25.496 9.22805 -0.69527 2 
55.160 -25.496 9.60666 -0.76005 2 
57.726 -25.496 9.82969 -0.57378 2 
60.292 -25.496 9.63156 -0.66157 2 
62.857 -25.496 9.68900 -0.51193 2 
65.423 -25.496 9.68905 -0.35036 2 
67.988 -25.496 9.78160 -0.24584 2 
70.554 -25.496 9.79549 0.03307 2 
73.120 -25.496 9.72330 0.29294 2 
75.685 -25.496 9.68130 0.19376 2 
78.251 -25.496 9.65277 0.35264 2 
80.816 -25.496 9.78067 0.36078 2 
83.382 -25.496 9.62202 0.55278 2 
85.948 -25.496 9.43416 0.88077 2 
88.513 -25.496 9.40625 0.82646 2 
91.079 -25.496 9.02871 0.83560 2 
93.644 -25.496 9.23015 0.84837 2 
96.210 -25.496 8.96476 0.83215 2 
98.776 -25.496 8.90369 0.82328 2 
101.341 -25.496 8.71841 0.81193 2 
103.907 -25.496 8.71637 0.69346 2 
106.472 -25.496 8.64882 0.74236 2 
109.038 -25.496 8.48805 0.64973 2 
111.603 -25.496 8.69493 0.66636 2 
114.169 -25.496 8.85349 0.55362 2 
116.735 -25.496 9.22189 0.50175 2 
119.300 -25.496 0.00000 -0.00000 0 
-8.980 -28.061 7.75070 -0.94380 2 
-6.414 -28.061 7.46960 -0.99356 2 
-3.848 -28.061 7.71105 -1.00429 2 
-1.283 -28.061 7.89404 -1.13568 2 
1.283 -28.061 7.86412 -1.15218 2 
3.848 -28.061 7.90067 -1.26048 2 
6.414 -28.061 8.13887 -1.43237 2 
8.980 -28.061 8.17600 -1.23221 2 
11.545 -28.061 8.39243 -1.61843 2 
14.111 -28.061 8.46310 -1.35036 2 
16.676 -28.061 8.66328 -1.36549 2 
19.242 -28.061 8.61128 -1.25343 2 
21.808 -28.061 8.58718 -1.48188 2 
24.373 -28.061 8.81957 -1.17065 2 
26.939 -28.061 8.90367 -1.12793 2 
29.504 -28.061 8.98822 -1.10492 2 
32.070 -28.061 8.94832 -1.04151 2 
34.636 -28.061 8.99891 -0.96913 2 
37.201 -28.061 9.04713 -0.81716 2 
39.767 -28.061 9.16777 -0.91830 2 
42.332 -28.061 9.13466 -1.03359 2 
44.898 -28.061 9.15486 -0.70488 2 
47.464 -28.061 9.29708 -0.88333 2 
50.029 -28.061 9.34792 -0.77409 2 
52.595 -28.061 9.41449 -0.78172 2 
55.160 -28.061 9.30644 -0.71874 2 
57.726 -28.061 9.44209 -0.53050 2 
60.292 -28.061 9.63428 -0.49265 2 
62.857 -28.061 9.46240 -0.43052 2 
65.423 -28.061 9.58814 -0.34655 2 
67.988 -28.061 9.60711 -0.09857 2 
70.554 -28.061 9.49336 -0.06139 2 
73.120 -28.061 9.86972 0.37613 2 
75.685 -28.061 9.49412 0.35421 2 
78.251 -28.061 9.69303 0.38949 2 
80.816 -28.061 9.33945 0.59548 2 
83.382 -28.061 9.34877 0.69062 2 
85.948 -28.061 9.46620 0.60374 2 
88.513 -28.061 9.15373 0.68341 2 
91.079 -28.061 9.10008 0.79071 2 
93.644 -28.061 9.20840 0.85744 2 
96.210 -28.061 8.83296 0.87126 2 
98.776 -28.061 9.05016 0.73209 2 
101.341 -28.061 8.78598 0.77064 2 
103.907 -28.061 8.74109 0.77300 2 
106.472 -28.061 8.86548 0.69191 2 
109.038 -28.061 8.80725 0.63535 2 
111.603 -28.061 8.73146 0.54850 2 
114.169 -28.061 8.68619 0.66525 2 
116.735 -28.061 9.06891 0.75458 2 
119.300 -28.061 0.00000 -0.00000 0 
-8.980 -30.627 7.66902 -0.97322 2 
-6.414 -30.627 7.81706 -0.94666 2 
-3.848 -30.627 7.87971 -1.10320 2 
-1.283 -30.627 7.80030 -0.98915 2 
1.283 -30.627 7.90567 -1.16845 2 
3.848 -30.627 8.01043 -1.19459 2 
6.414 -30.627 8.05540 -1.08189 2 
8.980 -30.627 8.28543 -1.30038 2 
11.545 -30.627 8.41772 -1.29910 2 
14.111 -30.627 8.26008 -1.42064 2 
16.676 -30.627 8.57459 -1.31720 2 
19.242 -30.627 8.74202 -1.21810 2 
21.808 -30.627 8.62444 -1.06714 2 
24.373 -30.627 8.78147 -1.11306 2 
26.939 -30.627 8.88413 -1.07678 2 
29.504 -30.627 8.96098 -1.15214 2 
32.070 -30.627 8.92826 -0.89863 2 
34.636 -30.627 9.00595 -1.05523 2 
37.201 -30.627 9.13912 -0.89693 2 
39.767 -30.627 8.95163 -0.80221 2 
42.332 -30.627 9.15227 -0.77585 2 
44.898 -30.627 9.13554 -0.86278 2 
47.464 -30.627 9.15634 -0.73364 2 
50.029 -30.627 9.29643 -0.63216 2 
52.595 -30.627 9.16846 -0.70803 2 
55.160 -30.627 9.35528 -0.58598 2 
57.726 -30.627 9.54208 -0.67995 2 
60.292 -30.627 9.34566 -0.40789 2 
62.857 -30.627 9.46744 -0.28796 2 
65.423 -30.627 9.45417 -0.25930 2 
67.988 -30.627 9.36640 -0.19828 2 
70.554 -30.627 9.64195 0.08918 2 
73.120 -30.627 9.33913 0.14337 2 
75.685 -30.627 9.51868 0.30348 2 
78.251 -30.627 9.36261 0.28207 2 
80.816 -30.627 9.38304 0.38624 2 
83.382 -30.627 9.58837 0.40382 2 
85.948 -30.627 9.21368 0.45780 2 
88.513 -30.627 9.04018 0.55780 2 
91.079 -30.627 9.05367 0.69325 2 
93.644 -30.627 8.81355 0.71056 2 
96.210 -30.627 8.99168 0.81914 2 
98.776 -30.627 8.90768 0.53728 2 
101.341 -30.627 8.79490 0.81341 2 
103.907 -30.627 8.81784 0.62488 2 
106.472 -30.627 8.67038 0.67943 2 
109.038 -30.627 8.88819 0.64470 2 
111.603 -30.627 8.80144 0.60380 2 
114.169 -30.627 8.63291 0.62520 2 
116.735 -30.627 9.05491 0.68765 2 
119.300 -30.627 0.00000 -0.00000 0 
-8.980 -33.192 7.85205 -0.86370 2 
-6.414 -33.192 7.70046 -0.88098 2 
-3.848 -33.192 7.89691 -1.00738 2 
-1.283 -33.192 7.84620 -1.01504 2 
1.283 -33.192 7.94670 -0.99852 2 
3.848 -33.192 8.01105 -1.12741 2 
6.414 -33.192 8.23767 -1.16723 2 
8.980 -33.192 8.20702 -1.16473 2 
11.545 -33.192 8.41110 -1.01560 2 
14.111 -33.192 8.50649 -1.16323 2 
16.676 -33.192 8.48058 -1.17251 2 
19.242 -33.192 8.73296 -1.21192 2 
21.808 -33.192 8.65831 -1.17037 2 
24.373 -33.192 8.70289 -1.19688 2 
26.939 -33.192 8.84884 -1.03838 2 
29.504 -33.192 8.87282 -1.00486 2 
32.070 -33.192 9.04017 -0.90678 2 
34.636 -33.192 8.93333 -0.87200 2 
37.201 -33.192 8.93930 -0.81711 2 
39.767 -33.192 8.98263 -0.85057 2 
42.332 -33.192 8.97727 -0.70097 2 
44.898 -33.192 9.08788 -0.81026 2 
47.464 -33.192 9.31162 -0.66256 2 
50.029 -33.192 9.15099 -0.57956 2 
52.595 -33.192 9.21486 -0.71799 2 
55.160 -33.192 9.22091 -0.54189 2 
57.726 -33.192 9.29835 -0.35126 2 
60.292 -33.192 9.34660 -0.43159 2 
62.857 -33.192 9.24359 -0.33277 2 
65.423 -33.192 9.39630 -0.32596 2 
67.988 -33.192 9.38429 0.00719 2 
70.554 -33.192 9.33359 -0.09068 2 
73.120 -33.192 9.36622 -0.01444 2 
75.685 -33.192 9.22534 0.22618 2 
78.251 -33.192 9.24884 0.30544 2 
80.816 -33.192 9.33598 0.26786 2 
83.382 -33.192 9.26522 0.52238 2 
85.948 -33.192 9.16828 0.49592 2 
88.513 -33.192 9.13799 0.47243 2 
91.079 -33.192 8.84541 0.80493 2 
93.644 -33.192 9.10590 0.53851 2 
96.210 -33.192 8.92397 0.60133 2 
98.776 -33.192 8.87148 0.65154 2 
101.341 -33.192 8.68835 0.68539 2 
103.907 -33.192 8.78413 0.62047 2 
106.472 -33.192 8.86279 0.54089 2 
109.038 -33.192 8.64447 0.71182 2 
111.603 -33.192 8.77449 0.50486 2 
114.169 -33.192 8.69228 0.63603 2 
116.735 -33.192 9.04092 0.62072 2 
119.300 -33.192 0.00000 -0.00000 0 
-8.980 -35.758 7.84831 -0.85460 2 
-6.414 -35.758 7.84782 -0.89962 2 
-3.848 -35.758 7.88297 -0.90152 2 
-1.283 -35.758 8.07526 -0.86829 2 
1.283 -35.758 8.20686 -0.95534 2 
3.848 -35.758 8.02590 -0.99407 2 
6.414 -35.758 8.08719 -1.09637 2 
8.980 -35.758 8.27685 -1.02823 2 
11.545 -35.758 8.27508 -1.07332 2 
14.111 -35.758 8.49437 -1.14379 2 
16.676 -35.758 8.50835 -1.01744 2 
19.242 -35.758 8.61318 -0.95994 2 
21.808 -35.758 8.63561 -0.98514 2 
24.373 -35.758 8.80149 -0.90262 2 
26.939 -35.758 8.78958 -0.96231 2 
29.504 -35.758 8.96035 -0.87961 2 
32.070 -35.758 8.82762 -0.91864 2 
34.636 -35.758 8.97780 -0.89496 2 
37.201 -35.758 8.91552 -0.84027 2 
39.767 -35.758 9.05056 -0.80596 2 
42.332 -35.758 8.83035 -0.69968 2 
44.898 -35.758 9.15514 -0.79732 2 
47.464 -35.758 9.09912 -0.64553 2 
50.029 -35.758 9.12488 -0.74154 2 
52.595 -35.758 8.99130 -0.48830 2 
55.160 -35.758 9.03047 -0.53157 2 
57.726 -35.758 9.42451 -0.40684 2 
60.292 -35.758 9.23699 -0.38242 2 
62.857 -35.758 9.31566 -0.24911 2 
65.423 -35.758 9.24709 -0.20181 2 
67.988 -35.758 9.27351 -0.09580 2 
70.554 -35.758 9.28000 -0.04610 2 
73.120 -35.758 9.32608 0.00082 2 
75.685 -35.758 9.45120 0.19719 2 
78.251 -35.758 9.36223 0.18313 2 
80.816 -35.758 9.18121 0.34204 2 
83.382 -35.758 9.20025 0.28784 2 
85.948 -35.758 9.04745 0.61091 2 
88.513 -35.758 9.04391 0.55957 2 
91.079 -35.758 8.95707 0.63090 2 
93.644 -35.758 8.83366 0.53506 2 
96.210 -35.758 8.97706 0.54538 2 
98.776 -35.758 8.80116 0.78061 2 
101.341 -35.758 8.83348 0.61862 2 
103.907 -35.758 8.80209 0.58851 2 
106.472 -35.758 8.76086 0.62067 2 
109.038 -35.758 8.66064 0.61533 2 
111.603 -35.758 8.76564 0.62849 2 
114.169 -35.758 8.78699 0.58353 2 
116.735 -35.758 9.02692 0.55379 2 
119.300 -35.758 0.00000 -0.00000 0 
-8.980 -38.324 7.94795 -0.85030 2 
-6.414 -38.324 7.93225 -0.89940 2 
-3.848 -38.324 8.02803 -0.84427 2 
-1.283 -38.324 8.07337 -0.85267 2 
1.283 -38.324 8.08714 -0.91799 2 
3.848 -38.324 8.19188 -0.89701 2 
6.414 -38.324 8.12205 -1.01127 2 
8.980 -38.324 8.24941 -0.97272 2 
11.545 -38.324 8.38447 -1.16936 2 
14.111 -38.324 8.42548 -0.95070 2 
16.676 -38.324 8.51413 -0.97712 2 
19.242 -38.324 8.69100 -0.99148 2 
21.808 -38.324 8.52946 -0.94374 2 
24.373 -38.324 8.78548 -0.91141 2 
26.939 -38.324 8.73152 -0.88618 2 
29.504 -38.324 8.63392 -0.93850 2 
32.070 -38.324 8.81524 -0.86363 2 
34.636 -38.324 8.84937 -0.76330 2 
37.201 -38.324 8.98883 -0.66617 2 
39.767 -38.324 8.82567 -0.77445 2 
42.332 -38.324 9.01781 -0.60987 2 
44.898 -38.324 8.98031 -0.72392 2 
47.464 -38.324 9.03524 -0.55672 2 
50.029 -38.324 9.07966 -0.84514 2 
52.595 -38.324 9.20670 -0.58039 2 
55.160 -38.324 9.06108 -0.38980 2 
57.726 -38.324 9.07554 -0.49295 2 
60.292 -38.324 9.06357 -0.22380 2 
62.857 -38.324 9.20832 -0.31841 2 
65.423 -38.324 9.11993 -0.14844 2 
67.988 -38.324 9.24372 -0.21688 2 
70.554 -38.324 9.22097 -0.01322 2 
73.120 -38.324 9.05474 0.06379 2 
75.685 -38.324 9.12452 0.03048 2 
78.251 -38.324 9.06031 0.19856 2 
80.816 -38.324 9.21958 0.40791 2 
83.382 -38.324 9.04800 0.38375 2 
85.948 -38.324 9.14712 0.24692 2 
88.513 -38.324 9.10772 0.55803 2 
91.079 -38.324 8.97982 0.40070 2 
93.644 -38.324 9.03124 0.57422 2 
96.210 -38.324 8.97566 0.62575 2 
98.776 -38.324 8.82567 0.39721 2 
101.341 -38.324 8.76594 0.61956 2 
103.907 -38.324 8.77857 0.65526 2 
106.472 -38.324 8.75422 0.44783 2 
109.038 -38.324 8.81980 0.62287 2 
111.603 -38.324 8.67339 0.71204 2 
114.169 -38.324 8.82243 0.60873 2 
116.735 -38.324 9.01293 0.48687 2 
119.300 -38.324 0.00000 -0.00000 0 
-8.980 -40.889 7.88777 -0.92600 2 
-6.414 -40.889 7.91482 -0.73964 2 
-3.848 -40.889 8.03388 -0.87755 2 
-1.283 -40.889 8.00657 -0.85826 2 
1.283 -40.889 8.06275 -0.83788 2 
3.848 -40.889 8.15776 -0.95708 2 
6.414 -40.889 8.06566 -0.87096 2 
8.980 -40.889 8.41802 -0.98791 2 
11.545 -40.889 8.31627 -0.90837 2 
14.111 -40.889 8.49358 -1.01898 2 
16.676 -40.889 8.57647 -0.97523 2 
19.242 -40.889 8.58553 -0.86995 2 
21.808 -40.889 8.58435 -0.86384 2 
24.373 -40.889 8.64076 -0.87740 2 
26.939 -40.889 8.73427 -0.84134 2 
29.504 -40.889 8.80402 -0.85220 2 
32.070 -40.889 8.83922 -0.84011 2 
34.636 -40.889 8.77989 -0.71577 2 
37.201 -40.889 8.81322 -0.72667 2 
39.767 -40.889 8.88528 -0.77157 2 
42.332 -40.889 9.02852 -0.62054 2 
44.898 -40.889 9.00753 -0.50652 2 
47.464 -40.889 9.09893 -0.49391 2 
50.029 -40.889 9.02829 -0.70265 2 
52.595 -40.889 9.12788 -0.44620 2 
55.160 -40.889 9.03522 -0.54905 2 
57.726 -40.889 9.05354 -0.49188 2 
60.292 -40.889 9.11004 -0.31201 2 
62.857 -40.889 9.13102 -0.33602 2 
65.423 -40.889 9.02771 -0.08437 2 
67.988 -40.889 9.33708 -0.21222 2 
70.554 -40.889 9.12945 0.09488 2 
73.120 -40.889 9.20484 -0.09893 2 
75.685 -40.889 9.20463 0.04241 2 
78.251 -40.889 9.01177 0.17691 2 
80.816 -40.889 9.13407 0.20553 2 
83.382 -40.889 9.08417 0.32405 2 
85.948 -40.889 8.99954 0.46921 2 
88.513 -40.889 8.95642 0.34537 2 
91.079 -40.889 8.83503 0.40863 2 
93.644 -40.889 8.97936 0.31137 2 
96.210 -40.889 8.72040 0.60185 2 
98.776 -40.889 8.89919 0.33855 2 
101.341 -40.889 8.85654 0.51483 2 
103.907 -40.889 8.78986 0.67565 2 
106.472 -40.889 8.74953 0.55662 2 
109.038 -40.889 8.78779 0.56736 2 
111.603 -40.889 8.56244 0.50483 2 
114.169 -40.889 8.75276 0.55401 2 
116.735 -40.889 9.02100 0.58854 2 
119.300 -40.889 0.00000 -0.00000 0 
-8.980 -43.455 7.93849 -0.73366 2 
-6.414 -43.455 8.06802 -0.82392 2 
-3.848 -43.455 7.94653 -0.82962 2 
-1.283 -43.455 8.03306 -0.79021 2 
1.283 -43.455 8.11931 -0.84302 2 
3.848 -43.455 8.10823 -0.94465 2 
6.414 -43.455 8.24554 -0.86820 2 
8.980 -43.455 8.33929 -0.91547 2 
11.545 -43.455 8.42372 -0.93759 2 
14.111 -43.455 8.36756 -0.77210 2 
16.676 -43.455 8.60605 -0.94323 2 
19.242 -43.455 8.50187 -0.91004 2 
21.808 -43.455 8.63053 -0.67746 2 
24.373 -43.455 8.64167 -0.88437 2 
26.939 -43.455 8.60288 -0.67756 2 
29.504 -43.455 8.69677 -0.81498 2 
32.070 -43.455 8.69150 -0.67823 2 
34.636 -43.455 8.88381 -0.78042 2 
37.201 -43.455 8.83998 -0.68903 2 
39.767 -43.455 8.88194 -0.80502 2 
42.332 -43.455 8.91973 -0.66483 2 
44.898 -43.455 8.88809 -0.65526 2 
47.464 -43.455 8.94272 -0.73277 2 
50.029 -43.455 8.78783 -0.55984 2 
52.595 -43.455 8.98366 -0.50802 2 
55.160 -43.455 9.18438 -0.41427 2 
57.726 -43.455 8.92453 -0.26358 2 
60.292 -43.455 9.09499 -0.24955 2 
62.857 -43.455 8.98626 -0.32341 2 
65.423 -43.455 9.16150 -0.13057 2 
67.988 -43.455 9.06489 -0.08696 2 
70.554 -43.455 9.07538 -0.02776 2 
73.120 -43.455 8.97109 -0.11699 2 
75.685 -43.455 9.01152 -0.02446 2 
78.251 -43.455 9.06163 0.14256 2 
80.816 -43.455 9.05670 0.21560 2 
83.382 -43.455 8.98092 0.27073 2 
85.948 -43.455 8.98425 0.25952 2 
88.513 -43.455 8.90581 0.44006 2 
91.079 -43.455 9.00690 0.42784 2 
93.644 -43.455 8.89029 0.47640 2 
96.210 -43.455 8.85355 0.38094 2 
98.776 -43.455 8.90639 0.50903 2 
101.341 -43.455 8.76431 0.56778 2 
103.907 -43.455 8.69617 0.58596 2 
106.472 -43.455 8.85947 0.45260 2 
109.038 -43.455 8.60854 0.62058 2 
111.603 -43.455 8.78613 0.55808 2 
114.169 -43.455 8.74512 0.54797 2 
116.735 -43.455 8.99549 0.72352 2 
119.300 -43.455 0.00000 -0.00000 0 
-8.980 -46.020 7.85422 -0.66023 2 
-6.414 -46.020 8.07469 -0.87161 2 
-3.848 -46.020 8.07451 -0.80012 2 
-1.283 -46.020 8.00077 -0.81619 2 
1.283 -46.020 8.06698 -0.74661 2 
3.848 -46.020 8.28256 -0.72655 2 
6.414 -46.020 8.20888 -0.98154 2 
8.980 -46.020 8.36411 -0.78369 2 
11.545 -46.020 8.45975 -0.77729 2 
14.111 -46.020 8.53867 -0.98814 2 
16.676 -46.020 8.43355 -0.70001 2 
19.242 -46.020 8.54700 -0.75348 2 
21.808 -46.020 8.62000 -0.82594 2 
24.373 -46.020 8.71604 -0.84974 2 
26.939 -46.020 8.70673 -0.78399 2 
29.504 -46.020 8.72526 -0.68500 2 
32.070 -46.020 8.68895 -0.85949 2 
34.636 -46.020 8.80968 -0.64960 2 
37.201 -46.020 8.76087 -0.64884 2 
39.767 -46.020 8.83986 -0.56589 2 
42.332 -46.020 8.72573 -0.62733 2 
44.898 -46.020 8.92788 -0.44295 2 
47.464 -46.020 8.96570 -0.58726 2 
50.029 -46.020 9.03307 -0.47606 2 
52.595 -46.020 8.93419 -0.36034 2 
55.160 -46.020 8.91681 -0.44471 2 
57.726 -46.020 9.01116 -0.43339 2 
60.292 -46.020 8.88578 -0.25019 2 
62.857 -46.020 9.01290 -0.17605 2 
65.423 -46.020 9.11252 -0.19125 2 
67.988 -46.020 9.03535 -0.15837 2 
70.554 -46.020 8.87892 -0.08874 2 
73.120 -46.020 9.18513 0.09405 2 
75.685 -46.020 9.06654 0.02654 2 
78.251 -46.020 8.94599 0.23277 2 
80.816 -46.020 9.07165 0.17976 2 
83.382 -46.020 8.98726 0.36842 2 
85.948 -46.020 8.88550 0.35121 2 
88.513 -46.020 8.90863 0.22879 2 
91.079 -46.020 8.81877 0.40693 2 
93.644 -46.020 8.86145 0.40772 2 
96.210 -46.020 8.84133 0.43356 2 
98.776 -46.020 8.78427 0.56115 2 
101.341 -46.020 8.61121 0.56097 2 
103.907 -46.020 8.67097 0.59026 2 
106.472 -46.020 8.77076 0.41157 2 
109.038 -46.020 8.64779 0.56229 2 
111.603 -46.020 8.69646 0.40770 2 
114.169 -46.020 8.69463 0.63818 2 
116.735 -46.020 9.01991 0.61200 2 
119.300 -46.020 0.00000 -0.00000 0 
-8.980 -48.586 7.89738 -0.79716 2 
-6.414 -48.586 8.01034 -0.69818 2 
-3.848 -48.586 8.22046 -0.59496 2 
-1.283 -48.586 8.03220 -0.89533 2 
1.283 -48.586 8.16742 -0.86082 2 
3.848 -48.586 8.26966 -0.69097 2 
6.414 -48.586 8.36174 -0.74303 2 
8.980 -48.586 8.28104 -0.86225 2 
11.545 -48.586 8.37377 -0.74123 2 
14.111 -48.586 8.52617 -0.84633 2 
16.676 -48.586 8.52994 -0.83924 2 
19.242 -48.586 8.58423 -0.76275 2 
21.808 -48.586 8.65595 -0.75685 2 
24.373 -48.586 8.53641 -0.71274 2 
26.939 -48.586 8.73806 -0.69652 2 
29.504 -48.586 8.64995 -0.75640 2 
32.070 -48.586 8.75149 -0.61774 2 
34.636 -48.586 8.73401 -0.71319 2 
37.201 -48.586 8.71117 -0.70485 2 
39.767 -48.586 8.86557 -0.68408 2 
42.332 -48.586 8.83058 -0.53062 2 
44.898 -48.586 8.78940 -0.66522 2 
47.464 -48.586 8.78859 -0.52409 2 
50.029 -48.586 8.89136 -0.49475 2 
52.595 -48.586 8.83840 -0.53145 2 
55.160 -48.586 8.92643 -0.38595 2 
57.726 -48.586 8.92893 -0.39659 2 
60.292 -48.586 9.03874 -0.24750 2 
62.857 -48.586 9.01008 -0.23657 2 
65.423 -48.586 8.96000 -0.09623 2 
67.988 -48.586 8.96554 -0.11822 2 
70.554 -48.586 9.12719 0.05381 2 
73.120 -48.586 9.00500 -0.04716 2 
75.685 -48.586 8.97791 0.10654 2 
78.251 -48.586 8.95248 0.10564 2 
80.816 -48.586 8.74969 0.22549 2 
83.382 -48.586 8.97382 0.24851 2 
85.948 -48.586 8.80463 0.29233 2 
88.513 -48.586 8.90051 0.40446 2 
91.079 -48.586 9.08514 0.35951 2 
93.644 -48.586 8.78948 0.35538 2 
96.210 -48.586 8.81292 0.23415 2 
98.776 -48.586 8.74657 0.51517 2 
101.341 -48.586 8.81858 0.54051 2 
103.907 -48.586 8.85348 0.42711 2 
106.472 -48.586 8.62534 0.53353 2 
109.038 -48.586 8.74021 0.52918 2 
111.603 -48.586 8.59865 0.54046 2 
114.169 -48.586 8.66870 0.48014 2 
116.735 -48.586 9.17892 0.68361 2 
119.300 -48.586 0.00000 -0.00000 0 
-8.980 -51.152 8.02442 -0.62983 2 
-6.414 -51.152 8.05394 -0.71992 2 
-3.848 -51.152 8.10899 -0.68642 2 
-1.283 -51.152 8.03264 -0.76633 2 
1.283 -51.152 8.20326 -0.75519 2 
3.848 -51.152 8.26230 -0.77415 2 
6.414 -51.152 8.22716 -0.74246 2 
8.980 -51.152 8.24799 -0.76386 2 
11.545 -51.152 8.25468 -0.78352 2 
14.111 -51.152 8.36199 -0.74650 2 
16.676 -51.152 8.39203 -0.86890 2 
19.242 -51.152 8.57004 -0.77251 2 
21.808 -51.152 8.58537 -0.74424 2 
24.373 -51.152 8.60437 -0.69679 2 
26.939 -51.152 8.54877 -0.80306 2 
29.504 -51.152 8.57846 -0.76031 2 
32.070 -51.152 8.66251 -0.70833 2 
34.636 -51.152 8.73801 -0.79547 2 
37.201 -51.152 8.76214 -0.51282 2 
39.767 -51.152 8.74207 -0.41984 2 
42.332 -51.152 8.77683 -0.66771 2 
44.898 -51.152 8.78824 -0.55278 2 
47.464 -51.152 8.78773 -0.30690 2 
50.029 -51.152 8.81694 -0.51669 2 
52.595 -51.152 8.93128 -0.25110 2 
55.160 -51.152 8.90494 -0.32053 2 
57.726 -51.152 8.92462 -0.22469 2 
60.292 -51.152 8.82225 -0.15634 2 
62.857 -51.152 8.86631 -0.21167 2 
65.423 -51.152 8.92614 -0.25151 2 
67.988 -51.152 8.88491 -0.03563 2 
70.554 -51.152 8.84099 -0.11622 2 
73.120 -51.152 8.98837 -0.01133 2 
75.685 -51.152 8.82077 0.06241 2 
78.251 -51.152 8.92657 0.22297 2 
80.816 -51.152 8.89347 0.23026 2 
83.382 -51.152 8.84416 0.21782 2 
85.948 -51.152 8.96367 0.16372 2 
88.513 -51.152 8.77351 0.45478 2 
91.079 -51.152 8.91371 0.15162 2 
93.644 -51.152 8.68394 0.30643 2 
96.210 -51.152 8.88681 0.37166 2 
98.776 -51.152 8.81812 0.42123 2 
101.341 -51.152 8.75013 0.47627 2 
103.907 -51.152 8.67322 0.38499 2 
106.472 -51.152 8.71766 0.42242 2 
109.038 -51.152 8.86843 0.46265 2 
111.603 -51.152 8.63529 0.47252 2 
114.169 -51.152 9.06149 0.44659 2 
116.735 -51.152 8.37733 0.39373 1 
119.300 -51.152 0.00000 -0.00000 0 
-8.980 -53.717 8.06428 -0.73899 2 
-6.414 -53.717 8.09273 -0.70037 2 
-3.848 -53.717 8.22829 -0.79977 2 
-1.283 -53.717 8.17066 -0.67753 2 
1.283 -53.717 8.42997 -0.67455 2 
3.848 -53.717 8.27221 -0.83966 2 
6.414 -53.717 8.56884 -0.78635 2 
8.980 -53.717 8.38172 -0.92279 2 
11.545 -53.717 8.43569 -0.77922 2 
14.111 -53.717 8.54800 -0.76991 2 
16.676 -53.717 8.54213 -0.66872 2 
19.242 -53.717 8.65892 -0.77266 2 
21.808 -53.717 8.76834 -0.77876 2 
24.373 -53.717 8.70910 -0.70848 2 
26.939 -53.717 8.64985 -0.63819 2 
29.504 -53.717 8.84297 -0.72654 2 
32.070 -53.717 8.84944 -0.59294 2 
34.636 -53.717 8.83708 -0.62684 2 
37.201 -53.717 8.82473 -0.66073 2 
39.767 -53.717 8.67488 -0.70038 2 
42.332 -53.717 8.81669 -0.54278 2 
44.898 -53.717 8.90453 -0.60271 2 
47.464 -53.717 8.68844 -0.51686 2 
50.029 -53.717 8.83904 -0.54073 2 
52.595 -53.717 8.82359 -0.46089 2 
55.160 -53.717 8.83281 -0.46350 2 
57.726 -53.717 8.84043 -0.52958 2 
60.292 -53.717 8.96683 -0.41300 2 
62.857 -53.717 8.91140 -0.15561 2 
65.423 -53.717 8.79668 -0.09806 2 
67.988 -53.717 8.87207 -0.06224 2 
70.554 -53.717 8.85432 -0.02427 2 
73.120 -53.717 8.84344 0.02306 2 
75.685 -53.717 9.00455 -0.07666 2 
78.251 -53.717 8.93065 0.22173 2 
80.816 -53.717 8.83168 0.13408 2 
83.382 -53.717 8.96172 0.17254 2 
85.948 -53.717 8.92668 0.20993 2 
88.513 -53.717 8.78145 0.21582 2 
91.079 -53.717 8.81315 0.37748 2 
93.644 -53.717 8.80185 0.44074 2 
96.210 -53.717 8.81080 0.47598 2 
98.776 -53.717 8.68592 0.38014 2 
101.341 -53.717 8.73591 0.43521 2 
103.907 -53.717 8.75366 0.43078 2 
106.472 -53.717 8.72432 0.69127 2 
109.038 -53.717 8.57971 0.59140 2 
111.603 -53.717 8.72786 0.36006 2 
114.169 -53.717 8.83885 0.40189 2 
116.735 -53.717 0.00000 -0.00000 0 
119.300 -53.717 0.00000 -0.00000 0 
-8.980 -56.283 0.00000 -0.00000 0 
-6.414 -56.283 0.00000 -0.00000 0 
-3.848 -56.283 0.00000 -0.00000 0 
-1.283 -56.283 0.00000 -0.00000 0 
1.283 -56.283 0.00000 -0.00000 0 
3.848 -56.283 0.00000 -0.00000 0 
6.414 -56.283 0.00000 -0.00000 0 
8.980 -56.283 0.00000 -0.00000 0 
11.545 -56.283 0.00000 -0.00000 0 
14.111 -56.283 0.00000 -0.00000 0 
16.676 -56.283 0.00000 -0.00000 0 
19.242 -56.283 0.00000 -0.00000 0 
21.808 -56.283 0.00000 -0.00000 0 
24.373 -56.283 0.00000 -0.00000 0 
26.939 -56.283 0.00000 -0.00000 0 
29.504 -56.283 0.00000 -0.00000 0 
32.070 -56.283 0.00000 -0.00000 0 
34.636 -56.283 0.00000 -0.00000 0 
37.201 -56.283 0.00000 -0.00000 0 
39.767 -56.283 0.00000 -0.00000 0 
42.332 -56.283 0.00000 -0.00000 0 
44.898 -56.283 0.00000 -0.00000 0 
47.464 -56.283 0.00000 -0.00000 0 
50.029 -56.283 0.00000 -0.00000 0 
52.595 -56.283 8.73135 -0.25937 2 
55.160 -56.283 8.73445 -0.25229 2 
57.726 -56.283 8.89221 -0.12426 2 
60.292 -56.283 8.95951 -0.24825 2 
62.857 -56.283 8.83941 -0.13722 2 
65.423 -56.283 8.86250 -0.17405 2 
67.988 -56.283 8.92385 -0.12067 2 
70.554 -56.283 8.81095 -0.16329 2 
73.120 -56.283 8.85063 -0.23910 2 
75.685 -56.283 8.79549 -0.08533 2 
78.251 -56.283 8.74962 0.02997 2 
80.816 -56.283 8.84636 0.23212 2 
83.382 -56.283 8.90807 0.26988 2 
85.948 -56.283 8.75842 0.15041 2 
88.513 -56.283 8.72986 0.02965 2 
91.079 -56.283 8.92508 0.21656 2 
93.644 -56.283 8.83819 0.13617 2 
96.210 -56.283 8.87926 0.27304 2 
98.776 -56.283 8.76190 0.17848 2 
101.341 -56.283 8.71593 0.26296 2 
103.907 -56.283 8.67585 0.21126 2 
106.472 -56.283 8.69389 0.22445 2 
109.038 -56.283 8.71192 0.23763 2 
111.603 -56.283 8.72995 0.25082 2 
114.169 -56.283 8.61620 0.35720 2 
116.735 -56.283 0.00000 -0.00000 0 
119.300 -56.283 0.00000 -0.00000 0 
