TITLE = "B00007"
VARIABLES = "X [mm]", "Y [mm]", "Vx [m/s]", "Vy [m/s]", "Flag"
ZONE T="Frame 1", I=51, J=39, F=POINT
-8.980 41.210 7.26131 0.33176 2 
-6.414 41.210 7.29209 0.29683 2 
-3.848 41.210 7.27393 0.36797 2 
-1.283 41.210 7.23643 0.27106 2 
1.283 41.210 7.27547 0.64804 2 
3.848 41.210 0.00000 -0.00000 0 
6.414 41.210 0.00000 -0.00000 0 
8.980 41.210 0.00000 -0.00000 0 
11.545 41.210 0.00000 -0.00000 0 
14.111 41.210 0.00000 -0.00000 0 
16.676 41.210 0.00000 -0.00000 0 
19.242 41.210 4.04797 0.27065 2 
21.808 41.210 8.09594 0.54130 2 
24.373 41.210 7.35170 0.73159 2 
26.939 41.210 7.53549 0.63069 2 
29.504 41.210 7.61259 0.91165 2 
32.070 41.210 7.57346 0.76836 2 
34.636 41.210 7.52935 0.91467 2 
37.201 41.210 7.48525 1.06098 2 
39.767 41.210 7.82799 0.70700 2 
42.332 41.210 7.69108 0.85349 2 
44.898 41.210 7.90531 0.97861 2 
47.464 41.210 7.94459 0.97811 2 
50.029 41.210 8.01469 0.79581 2 
52.595 41.210 7.95483 0.92880 2 
55.160 41.210 8.10518 0.95824 2 
57.726 41.210 8.16571 0.80000 2 
60.292 41.210 8.31385 1.00836 2 
62.857 41.210 8.33357 0.85255 2 
65.423 41.210 8.35329 0.69673 2 
67.988 41.210 8.21387 0.59002 2 
70.554 41.210 8.39658 0.64628 2 
73.120 41.210 8.54163 0.55027 2 
75.685 41.210 8.45785 0.44563 2 
78.251 41.210 8.73212 0.34476 2 
80.816 41.210 0.00000 0.00000 0 
83.382 41.210 8.55515 0.40663 2 
85.948 41.210 8.62392 0.41388 2 
88.513 41.210 8.77173 0.39377 2 
91.079 41.210 8.61266 0.47552 2 
93.644 41.210 8.71978 0.22950 2 
96.210 41.210 8.51603 0.25411 2 
98.776 41.210 8.67726 -0.04227 2 
101.341 41.210 8.72834 -0.27303 2 
103.907 41.210 8.68957 -0.25562 2 
106.472 41.210 8.67709 -0.18418 2 
109.038 41.210 8.56588 -0.31577 2 
111.603 41.210 8.34044 -0.69570 2 
114.169 41.210 8.28633 -0.64216 2 
116.735 41.210 8.45799 -0.79206 2 
119.300 41.210 0.00000 -0.00000 0 
-8.980 38.644 7.05176 0.20734 2 
-6.414 38.644 7.27625 0.41305 2 
-3.848 38.644 7.31072 0.41873 2 
-1.283 38.644 7.18843 0.42492 2 
1.283 38.644 7.52418 0.58167 2 
3.848 38.644 0.00000 -0.00000 0 
6.414 38.644 0.00000 -0.00000 0 
8.980 38.644 0.00000 -0.00000 0 
11.545 38.644 0.00000 -0.00000 0 
14.111 38.644 0.00000 -0.00000 0 
16.676 38.644 0.00000 -0.00000 0 
19.242 38.644 3.97513 0.30329 2 
21.808 38.644 7.75015 0.95759 2 
24.373 38.644 7.40369 0.81927 2 
26.939 38.644 7.52902 0.72275 2 
29.504 38.644 7.63925 0.88091 2 
32.070 38.644 7.53704 0.85114 2 
34.636 38.644 7.69205 1.00349 2 
37.201 38.644 7.71762 0.90679 2 
39.767 38.644 7.74609 0.93243 2 
42.332 38.644 7.94094 0.90269 2 
44.898 38.644 7.86995 0.89236 2 
47.464 38.644 8.05382 0.86750 2 
50.029 38.644 7.93372 0.86337 2 
52.595 38.644 8.06234 0.87235 2 
55.160 38.644 8.02608 0.88483 2 
57.726 38.644 8.10999 0.81323 2 
60.292 38.644 8.14041 0.79126 2 
62.857 38.644 8.37470 0.84207 2 
65.423 38.644 8.56117 0.82944 2 
67.988 38.644 8.47995 0.80448 2 
70.554 38.644 8.70717 0.55897 2 
73.120 38.644 8.25383 0.44467 2 
75.685 38.644 8.57825 0.82866 2 
78.251 38.644 8.80374 0.51160 2 
80.816 38.644 0.00000 0.00000 0 
83.382 38.644 8.70421 0.54955 2 
85.948 38.644 8.73938 0.54564 2 
88.513 38.644 8.92821 0.37753 2 
91.079 38.644 8.75415 0.40033 2 
93.644 38.644 8.71968 0.53414 2 
96.210 38.644 8.96516 0.00867 2 
98.776 38.644 8.77948 -0.02474 2 
101.341 38.644 8.73360 -0.04969 2 
103.907 38.644 8.71380 -0.20294 2 
106.472 38.644 8.68739 -0.27237 2 
109.038 38.644 8.54678 -0.47765 2 
111.603 38.644 8.51653 -0.36537 2 
114.169 38.644 8.49159 -0.69495 2 
116.735 38.644 8.72509 -0.67435 2 
119.300 38.644 0.00000 -0.00000 0 
-8.980 36.079 7.36907 0.35361 2 
-6.414 36.079 7.15108 0.28184 2 
-3.848 36.079 7.25560 0.31335 2 
-1.283 36.079 7.07213 0.50981 2 
1.283 36.079 7.75329 0.64596 2 
3.848 36.079 0.00000 -0.00000 0 
6.414 36.079 0.00000 -0.00000 0 
8.980 36.079 0.00000 -0.00000 0 
11.545 36.079 0.00000 -0.00000 0 
14.111 36.079 0.00000 -0.00000 0 
16.676 36.079 0.00000 -0.00000 0 
19.242 36.079 3.90229 0.33592 2 
21.808 36.079 7.80458 0.67185 2 
24.373 36.079 7.35456 0.78858 2 
26.939 36.079 7.37321 0.96454 2 
29.504 36.079 7.33819 0.70800 2 
32.070 36.079 7.52531 0.83332 2 
34.636 36.079 7.53634 0.79131 2 
37.201 36.079 7.66787 1.14329 2 
39.767 36.079 7.63627 0.85735 2 
42.332 36.079 7.53377 0.82168 2 
44.898 36.079 8.02102 0.86905 2 
47.464 36.079 7.92615 0.99177 2 
50.029 36.079 8.09406 0.90949 2 
52.595 36.079 7.92837 0.96830 2 
55.160 36.079 8.28831 0.89165 2 
57.726 36.079 8.24044 1.00017 2 
60.292 36.079 8.43395 0.87950 2 
62.857 36.079 8.20561 0.89138 2 
65.423 36.079 8.49061 0.68821 2 
67.988 36.079 8.36082 0.92177 2 
70.554 36.079 8.71628 0.69864 2 
73.120 36.079 8.55935 0.96511 2 
75.685 36.079 8.57555 0.61620 2 
78.251 36.079 8.57196 0.80625 2 
80.816 36.079 0.00000 0.00000 0 
83.382 36.079 8.58797 0.58873 2 
85.948 36.079 8.60503 0.54863 2 
88.513 36.079 8.79173 0.20781 2 
91.079 36.079 8.88858 0.17124 2 
93.644 36.079 8.88473 0.15441 2 
96.210 36.079 8.81189 0.08513 2 
98.776 36.079 8.85703 0.08698 2 
101.341 36.079 8.99617 -0.17608 2 
103.907 36.079 8.79916 -0.37799 2 
106.472 36.079 8.78214 -0.18856 2 
109.038 36.079 8.72811 -0.65840 2 
111.603 36.079 8.50165 -0.62223 2 
114.169 36.079 8.58367 -0.73148 2 
116.735 36.079 8.59114 -0.65845 2 
119.300 36.079 0.00000 -0.00000 0 
-8.980 33.513 7.11148 0.23270 2 
-6.414 33.513 7.16739 0.40194 2 
-3.848 33.513 7.16685 0.29916 2 
-1.283 33.513 7.00426 0.42671 2 
1.283 33.513 7.74952 0.42702 2 
3.848 33.513 0.00000 -0.00000 0 
6.414 33.513 0.00000 -0.00000 0 
8.980 33.513 0.00000 -0.00000 0 
11.545 33.513 0.00000 -0.00000 0 
14.111 33.513 0.00000 -0.00000 0 
16.676 33.513 0.00000 -0.00000 0 
19.242 33.513 3.85124 0.39085 2 
21.808 33.513 7.70248 0.78169 2 
24.373 33.513 7.25059 0.95357 2 
26.939 33.513 7.41992 0.76769 2 
29.504 33.513 7.51958 1.02472 2 
32.070 33.513 7.56865 0.99724 2 
34.636 33.513 7.66098 0.92199 2 
37.201 33.513 7.65730 0.91826 2 
39.767 33.513 7.65388 1.06683 2 
42.332 33.513 7.69320 1.05822 2 
44.898 33.513 7.89010 1.09229 2 
47.464 33.513 7.92267 0.89141 2 
50.029 33.513 8.01519 1.08742 2 
52.595 33.513 8.20689 0.96954 2 
55.160 33.513 8.23714 0.97036 2 
57.726 33.513 8.39922 0.89190 2 
60.292 33.513 8.28348 1.00343 2 
62.857 33.513 8.34434 0.93244 2 
65.423 33.513 8.47713 0.92348 2 
67.988 33.513 8.40545 0.75655 2 
70.554 33.513 8.67699 0.88827 2 
73.120 33.513 8.79415 0.65704 2 
75.685 33.513 8.60932 0.79180 2 
78.251 33.513 8.85077 0.46942 2 
80.816 33.513 0.00000 0.00000 0 
83.382 33.513 8.79974 0.42430 2 
85.948 33.513 8.83713 0.45911 2 
88.513 33.513 9.01365 0.72443 2 
91.079 33.513 8.73337 0.12619 2 
93.644 33.513 9.07491 0.20739 2 
96.210 33.513 8.89271 0.30321 2 
98.776 33.513 9.02704 -0.11721 2 
101.341 33.513 8.79198 -0.06454 2 
103.907 33.513 8.95714 -0.40102 2 
106.472 33.513 8.84868 -0.57366 2 
109.038 33.513 8.82492 -0.53226 2 
111.603 33.513 8.71498 -0.89810 2 
114.169 33.513 8.53878 -0.70043 2 
116.735 33.513 8.68267 -1.17554 2 
119.300 33.513 0.00000 -0.00000 0 
-8.980 30.948 7.10397 0.29337 2 
-6.414 30.948 7.16941 0.19750 2 
-3.848 30.948 7.14518 0.48302 2 
-1.283 30.948 7.12026 0.28740 2 
1.283 30.948 7.31470 0.63720 2 
3.848 30.948 0.00000 -0.00000 0 
6.414 30.948 0.00000 -0.00000 0 
8.980 30.948 0.00000 -0.00000 0 
11.545 30.948 0.00000 -0.00000 0 
14.111 30.948 0.00000 -0.00000 0 
16.676 30.948 0.00000 -0.00000 0 
19.242 30.948 3.92256 0.42254 2 
21.808 30.948 7.84511 0.84508 2 
24.373 30.948 7.25184 0.86632 2 
26.939 30.948 7.39870 0.95742 2 
29.504 30.948 7.39093 0.95995 2 
32.070 30.948 7.45195 1.05104 2 
34.636 30.948 7.64112 0.95779 2 
37.201 30.948 7.41730 1.10844 2 
39.767 30.948 7.68590 1.18348 2 
42.332 30.948 7.80840 0.97364 2 
44.898 30.948 7.93834 0.97692 2 
47.464 30.948 7.86032 1.14388 2 
50.029 30.948 8.07725 1.20308 2 
52.595 30.948 8.03532 0.97065 2 
55.160 30.948 8.07595 1.16034 2 
57.726 30.948 8.33433 1.08487 2 
60.292 30.948 8.33928 0.97966 2 
62.857 30.948 8.31419 0.90170 2 
65.423 30.948 8.55396 0.94523 2 
67.988 30.948 8.55980 1.07983 2 
70.554 30.948 8.59803 0.83839 2 
73.120 30.948 8.63118 0.84680 2 
75.685 30.948 8.65817 0.64952 2 
78.251 30.948 8.77737 0.93020 2 
80.816 30.948 0.00000 0.00000 0 
83.382 30.948 8.87313 0.66117 2 
85.948 30.948 8.99748 0.56528 2 
88.513 30.948 8.96683 0.28891 2 
91.079 30.948 8.96985 0.47688 2 
93.644 30.948 9.00697 0.34967 2 
96.210 30.948 9.20966 -0.01253 2 
98.776 30.948 8.90833 0.11281 2 
101.341 30.948 9.14121 -0.23251 2 
103.907 30.948 9.10804 -0.38544 2 
106.472 30.948 9.10757 -0.53203 2 
109.038 30.948 9.14494 -0.57916 2 
111.603 30.948 8.78311 -1.02866 2 
114.169 30.948 8.54844 -0.92609 2 
116.735 30.948 9.39988 -1.00430 2 
119.300 30.948 0.00000 -0.00000 0 
-8.980 28.382 7.09665 0.27416 2 
-6.414 28.382 7.08962 0.26621 2 
-3.848 28.382 7.06705 0.38008 2 
-1.283 28.382 6.94510 0.32823 2 
1.283 28.382 7.15372 0.45128 2 
3.848 28.382 8.01028 0.46986 2 
6.414 28.382 0.00000 -0.00000 0 
8.980 28.382 0.00000 -0.00000 0 
11.545 28.382 0.00000 -0.00000 0 
14.111 28.382 0.00000 -0.00000 0 
16.676 28.382 -0.31809 0.38065 2 
19.242 28.382 5.19847 0.69788 2 
21.808 28.382 7.60626 0.97962 2 
24.373 28.382 7.25386 1.03660 2 
26.939 28.382 7.35471 0.94350 2 
29.504 28.382 7.27973 1.04382 2 
32.070 28.382 7.46154 0.87684 2 
34.636 28.382 7.58716 1.20297 2 
37.201 28.382 7.58528 0.96340 2 
39.767 28.382 7.83627 1.14355 2 
42.332 28.382 7.57755 1.15843 2 
44.898 28.382 7.92173 1.17261 2 
47.464 28.382 8.10148 1.02347 2 
50.029 28.382 8.08604 0.99710 2 
52.595 28.382 8.23053 1.08849 2 
55.160 28.382 8.18777 0.93375 2 
57.726 28.382 8.35533 0.99348 2 
60.292 28.382 8.37438 0.96734 2 
62.857 28.382 8.47472 1.04691 2 
65.423 28.382 8.48464 1.05538 2 
67.988 28.382 8.56334 1.17291 2 
70.554 28.382 8.65769 0.91977 2 
73.120 28.382 8.70481 0.86692 2 
75.685 28.382 8.72022 0.92636 2 
78.251 28.382 8.75482 0.73947 2 
80.816 28.382 8.71737 0.59364 2 
83.382 28.382 8.79851 0.56278 2 
85.948 28.382 8.87964 0.53192 2 
88.513 28.382 9.22704 0.41267 2 
91.079 28.382 9.18674 0.44115 2 
93.644 28.382 9.25894 0.15011 2 
96.210 28.382 9.07964 0.17749 2 
98.776 28.382 9.23455 -0.06782 2 
101.341 28.382 9.26619 -0.21327 2 
103.907 28.382 9.06349 -0.21664 2 
106.472 28.382 9.40351 -0.72507 2 
109.038 28.382 9.20023 -0.84714 2 
111.603 28.382 8.98144 -0.81609 2 
114.169 28.382 8.91230 -1.49859 2 
116.735 28.382 8.97176 -1.51143 2 
119.300 28.382 0.00000 -0.00000 0 
-8.980 25.816 6.97145 0.18041 2 
-6.414 25.816 7.10234 0.27686 2 
-3.848 25.816 6.98249 0.41393 2 
-1.283 25.816 7.14328 0.50745 2 
1.283 25.816 7.00632 0.44495 2 
3.848 25.816 7.07240 0.65886 2 
6.414 25.816 0.00000 -0.00000 0 
8.980 25.816 0.00000 -0.00000 0 
11.545 25.816 0.00000 -0.00000 0 
14.111 25.816 0.00000 -0.00000 0 
16.676 25.816 -0.63618 0.76130 2 
19.242 25.816 7.98916 1.11402 2 
21.808 25.816 7.14652 0.89881 2 
24.373 25.816 7.31268 0.92440 2 
26.939 25.816 7.31842 1.07003 2 
29.504 25.816 7.35466 1.13648 2 
32.070 25.816 7.44784 1.21008 2 
34.636 25.816 7.54939 1.10025 2 
37.201 25.816 7.46395 1.25084 2 
39.767 25.816 7.66869 1.00840 2 
42.332 25.816 7.88365 1.26614 2 
44.898 25.816 7.94546 1.13509 2 
47.464 25.816 7.77758 1.17528 2 
50.029 25.816 7.78852 1.21901 2 
52.595 25.816 7.83501 1.28961 2 
55.160 25.816 8.08774 1.04519 2 
57.726 25.816 8.21891 1.10551 2 
60.292 25.816 8.24039 1.27353 2 
62.857 25.816 8.47421 0.99745 2 
65.423 25.816 8.56576 1.08087 2 
67.988 25.816 8.44535 0.85542 2 
70.554 25.816 8.71652 0.98630 2 
73.120 25.816 8.64528 0.95273 2 
75.685 25.816 8.65387 0.97874 2 
78.251 25.816 9.06215 0.74103 2 
80.816 25.816 8.94045 1.07401 2 
83.382 25.816 0.00000 0.00000 0 
85.948 25.816 9.07031 0.73248 2 
88.513 25.816 9.27493 0.42972 2 
91.079 25.816 9.08938 0.51681 2 
93.644 25.816 9.17582 0.60029 2 
96.210 25.816 9.32668 0.10791 2 
98.776 25.816 9.40514 0.15657 2 
101.341 25.816 9.35357 -0.14332 2 
103.907 25.816 9.51373 -0.25691 2 
106.472 25.816 9.61343 -0.56770 2 
109.038 25.816 9.51108 -0.91420 2 
111.603 25.816 9.32406 -1.32089 2 
114.169 25.816 9.12242 -1.47820 2 
116.735 25.816 9.51397 -1.86868 2 
119.300 25.816 0.00000 -0.00000 0 
-8.980 23.251 7.12165 0.28046 2 
-6.414 23.251 6.98661 0.23140 2 
-3.848 23.251 6.95476 0.23274 2 
-1.283 23.251 7.01606 0.34142 2 
1.283 23.251 6.79546 0.39084 2 
3.848 23.251 7.11377 0.35429 2 
6.414 23.251 0.00000 -0.00000 0 
8.980 23.251 0.00000 -0.00000 0 
11.545 23.251 0.00000 -0.00000 0 
14.111 23.251 0.00000 -0.00000 0 
16.676 23.251 4.30648 0.46562 2 
19.242 23.251 8.61297 0.93123 2 
21.808 23.251 6.95390 1.06774 2 
24.373 23.251 7.19888 1.09351 2 
26.939 23.251 7.19280 1.23342 2 
29.504 23.251 7.31431 1.19299 2 
32.070 23.251 7.49933 1.22472 2 
34.636 23.251 7.43945 1.19047 2 
37.201 23.251 7.41862 1.18838 2 
39.767 23.251 7.80340 1.30704 2 
42.332 23.251 7.71611 1.33682 2 
44.898 23.251 7.79391 1.11630 2 
47.464 23.251 8.04182 1.04405 2 
50.029 23.251 8.03554 1.33268 2 
52.595 23.251 8.24593 1.10701 2 
55.160 23.251 8.42701 1.28170 2 
57.726 23.251 8.24886 1.07155 2 
60.292 23.251 8.27397 1.21978 2 
62.857 23.251 8.37022 1.41690 2 
65.423 23.251 8.47354 0.98104 2 
67.988 23.251 8.70489 1.03607 2 
70.554 23.251 8.48969 1.09662 2 
73.120 23.251 8.45066 1.22031 2 
75.685 23.251 8.77580 0.98138 2 
78.251 23.251 8.90029 1.14362 2 
80.816 23.251 9.35199 0.76580 2 
83.382 23.251 0.00000 0.00000 0 
85.948 23.251 9.44438 0.79398 2 
88.513 23.251 9.04883 0.76404 2 
91.079 23.251 9.50312 0.67122 2 
93.644 23.251 9.57402 0.49335 2 
96.210 23.251 9.52072 0.33218 2 
98.776 23.251 9.40743 0.27217 2 
101.341 23.251 9.71082 -0.14110 2 
103.907 23.251 9.94284 -0.22481 2 
106.472 23.251 9.97546 -0.60228 2 
109.038 23.251 10.03410 -1.03843 2 
111.603 23.251 9.81559 -1.48699 2 
114.169 23.251 9.20263 -2.26197 2 
116.735 23.251 9.44240 -2.37286 2 
119.300 23.251 0.00000 -0.00000 0 
-8.980 20.685 7.07310 0.03547 2 
-6.414 20.685 7.00687 0.16095 2 
-3.848 20.685 6.95437 0.27660 2 
-1.283 20.685 6.74621 0.45696 2 
1.283 20.685 6.95331 0.47637 2 
3.848 20.685 7.00225 0.50286 2 
6.414 20.685 0.00000 -0.00000 0 
8.980 20.685 0.00000 -0.00000 0 
11.545 20.685 0.00000 -0.00000 0 
14.111 20.685 0.00000 -0.00000 0 
16.676 20.685 3.86686 0.54697 2 
19.242 20.685 7.73372 1.09394 2 
21.808 20.685 6.94386 1.09777 2 
24.373 20.685 7.18604 1.27149 2 
26.939 20.685 7.39094 1.24149 2 
29.504 20.685 7.17644 1.22822 2 
32.070 20.685 7.40993 1.44246 2 
34.636 20.685 7.52630 1.17309 2 
37.201 20.685 7.63556 1.36914 2 
39.767 20.685 7.57722 1.37661 2 
42.332 20.685 7.77358 1.38557 2 
44.898 20.685 7.83809 1.30930 2 
47.464 20.685 7.91283 1.47917 2 
50.029 20.685 8.16919 1.22761 2 
52.595 20.685 8.33454 1.45162 2 
55.160 20.685 8.11907 1.33994 2 
57.726 20.685 8.23358 1.28631 2 
60.292 20.685 8.49283 1.22397 2 
62.857 20.685 8.64021 1.30382 2 
65.423 20.685 8.93294 1.25909 2 
67.988 20.685 9.22567 1.21436 2 
70.554 20.685 9.11314 0.97706 2 
73.120 20.685 9.48756 1.03418 2 
75.685 20.685 9.41308 1.11595 2 
78.251 20.685 9.64860 1.19094 2 
80.816 20.685 8.79463 1.08520 2 
83.382 20.685 0.00000 0.00000 0 
85.948 20.685 0.00000 0.00000 0 
88.513 20.685 0.00000 0.00000 0 
91.079 20.685 9.47260 0.68797 2 
93.644 20.685 9.07862 0.48556 2 
96.210 20.685 9.91133 0.40249 2 
98.776 20.685 7.83447 0.07514 2 
101.341 20.685 10.04321 -0.23746 2 
103.907 20.685 10.07250 -0.14313 2 
106.472 20.685 10.32803 -0.70386 2 
109.038 20.685 10.58355 -1.26459 2 
111.603 20.685 10.52924 -2.00778 2 
114.169 20.685 9.79313 -2.36611 2 
116.735 20.685 9.02797 -3.07690 2 
119.300 20.685 0.00000 -0.00000 0 
-8.980 18.120 6.78211 0.14849 2 
-6.414 18.120 6.95405 0.10581 2 
-3.848 18.120 6.78429 0.26989 2 
-1.283 18.120 6.75980 0.22895 2 
1.283 18.120 6.76961 0.47814 2 
3.848 18.120 6.71029 0.45538 2 
6.414 18.120 0.00000 -0.00000 0 
8.980 18.120 0.00000 -0.00000 0 
11.545 18.120 0.00000 -0.00000 0 
14.111 18.120 0.00000 -0.00000 0 
16.676 18.120 3.70199 0.61762 2 
19.242 18.120 7.40397 1.23524 2 
21.808 18.120 6.84007 1.23039 2 
24.373 18.120 7.15056 1.27402 2 
26.939 18.120 7.16246 1.29640 2 
29.504 18.120 7.24699 1.49446 2 
32.070 18.120 7.36343 1.43800 2 
34.636 18.120 7.64256 1.41601 2 
37.201 18.120 7.45260 1.47559 2 
39.767 18.120 7.56649 1.36013 2 
42.332 18.120 7.80893 1.39748 2 
44.898 18.120 8.02460 1.44558 2 
47.464 18.120 8.05615 1.33952 2 
50.029 18.120 7.96280 1.31110 2 
52.595 18.120 8.03447 1.31527 2 
55.160 18.120 8.55343 1.43476 2 
57.726 18.120 8.84009 1.14486 2 
60.292 18.120 8.77217 1.25755 2 
62.857 18.120 8.64104 1.37926 2 
65.423 18.120 4.32052 0.68963 2 
67.988 18.120 0.00000 -0.00000 0 
70.554 18.120 0.00000 -0.00000 0 
73.120 18.120 0.00000 -0.00000 0 
75.685 18.120 0.00000 -0.00000 0 
78.251 18.120 0.00000 -0.00000 0 
80.816 18.120 0.00000 -0.00000 0 
83.382 18.120 0.00000 -0.00000 0 
85.948 18.120 0.20734 0.39152 2 
88.513 18.120 4.87410 0.56506 2 
91.079 18.120 9.54085 0.73860 2 
93.644 18.120 7.92711 0.22202 2 
96.210 18.120 10.22850 -0.07778 2 
98.776 18.120 6.26151 -0.12190 2 
101.341 18.120 7.16509 -0.16388 2 
103.907 18.120 9.89390 -0.00536 2 
106.472 18.120 10.50932 -1.05003 2 
109.038 18.120 11.12473 -2.09470 2 
111.603 18.120 11.34958 -1.86535 2 
114.169 18.120 10.86441 -3.80706 2 
116.735 18.120 6.62434 -2.52653 2 
119.300 18.120 0.00000 -0.00000 0 
-8.980 15.554 6.84505 -0.07290 2 
-6.414 15.554 6.89040 0.06854 2 
-3.848 15.554 6.79414 0.14389 2 
-1.283 15.554 6.52540 0.35445 2 
1.283 15.554 6.75035 0.32325 2 
3.848 15.554 6.97839 0.42662 2 
6.414 15.554 0.00000 -0.00000 0 
8.980 15.554 0.00000 -0.00000 0 
11.545 15.554 0.00000 -0.00000 0 
14.111 15.554 0.00000 -0.00000 0 
16.676 15.554 -0.44745 0.58159 2 
19.242 15.554 7.08300 1.26178 2 
21.808 15.554 6.88793 1.26029 2 
24.373 15.554 7.16495 1.19669 2 
26.939 15.554 7.15881 1.45207 2 
29.504 15.554 7.22822 1.65321 2 
32.070 15.554 7.78203 1.64352 2 
34.636 15.554 7.40592 1.61804 2 
37.201 15.554 7.40099 1.53976 2 
39.767 15.554 7.94080 1.42585 2 
42.332 15.554 7.97133 1.43392 2 
44.898 15.554 4.01230 0.72279 2 
47.464 15.554 8.05146 1.63701 2 
50.029 15.554 8.14811 1.60785 2 
52.595 15.554 8.44378 1.57474 2 
55.160 15.554 0.00000 -0.00000 0 
57.726 15.554 0.00000 -0.00000 0 
60.292 15.554 0.00000 -0.00000 0 
62.857 15.554 0.00000 -0.00000 0 
65.423 15.554 0.00000 -0.00000 0 
67.988 15.554 0.00000 -0.00000 0 
70.554 15.554 0.00000 -0.00000 0 
73.120 15.554 0.00000 -0.00000 0 
75.685 15.554 0.00000 -0.00000 0 
78.251 15.554 0.00000 -0.00000 0 
80.816 15.554 -0.36018 -0.45711 2 
83.382 15.554 1.14352 0.59797 2 
85.948 15.554 -0.73404 -0.24328 2 
88.513 15.554 0.43694 0.04869 2 
91.079 15.554 0.56182 0.06120 2 
93.644 15.554 4.23522 -0.32064 2 
96.210 15.554 2.34130 0.37130 2 
98.776 15.554 2.33526 -0.65390 2 
101.341 15.554 4.28698 -0.09030 2 
103.907 15.554 5.61043 -0.73238 2 
106.472 15.554 10.59356 -1.79853 2 
109.038 15.554 7.88425 -2.80095 2 
111.603 15.554 9.50288 -2.78696 2 
114.169 15.554 6.25331 -3.55626 2 
116.735 15.554 3.11697 -2.12594 2 
119.300 15.554 -0.01937 -0.69562 1 
-8.980 12.988 6.80083 0.00441 2 
-6.414 12.988 6.75127 -0.03173 2 
-3.848 12.988 6.66165 0.04324 2 
-1.283 12.988 6.68625 0.15788 2 
1.283 12.988 6.51216 0.40550 2 
3.848 12.988 6.48797 0.33683 2 
6.414 12.988 0.00000 -0.00000 0 
8.980 12.988 0.00000 -0.00000 0 
11.545 12.988 0.00000 -0.00000 0 
14.111 12.988 0.00000 -0.00000 0 
16.676 12.988 -0.28417 0.28561 2 
19.242 12.988 4.76574 0.96321 2 
21.808 12.988 7.33511 1.63821 2 
24.373 12.988 6.84157 1.68910 2 
26.939 12.988 7.16679 1.61450 2 
29.504 12.988 7.93618 1.71424 2 
32.070 12.988 7.47235 1.86559 2 
34.636 12.988 3.70296 0.80902 2 
37.201 12.988 7.77644 1.57585 2 
39.767 12.988 3.97040 0.71293 2 
42.332 12.988 0.00000 -0.00000 0 
44.898 12.988 0.00000 -0.00000 0 
47.464 12.988 0.00000 -0.00000 0 
50.029 12.988 0.00000 -0.00000 0 
52.595 12.988 0.00000 -0.00000 0 
55.160 12.988 0.00000 -0.00000 0 
57.726 12.988 0.00000 -0.00000 0 
60.292 12.988 0.00000 -0.00000 0 
62.857 12.988 0.00000 -0.00000 0 
65.423 12.988 0.00000 -0.00000 0 
67.988 12.988 0.00000 -0.00000 0 
70.554 12.988 0.00000 -0.00000 0 
73.120 12.988 0.00000 -0.00000 0 
75.685 12.988 0.31010 -0.28587 2 
78.251 12.988 -1.31038 -0.49478 2 
80.816 12.988 -1.11369 -0.51927 2 
83.382 12.988 -0.91701 -0.54377 2 
85.948 12.988 -0.78406 -0.47874 2 
88.513 12.988 -0.03951 -0.56120 2 
91.079 12.988 0.79181 -0.39487 2 
93.644 12.988 1.91766 -0.30126 2 
96.210 12.988 0.26670 0.20690 2 
98.776 12.988 0.44890 1.04186 2 
101.341 12.988 1.58459 0.87288 2 
103.907 12.988 1.17391 2.92040 2 
106.472 12.988 3.93185 3.43741 2 
109.038 12.988 3.50853 2.69479 2 
111.603 12.988 3.52185 -1.23353 2 
114.169 12.988 7.71478 -2.91231 2 
116.735 12.988 3.87488 -3.15941 2 
119.300 12.988 0.02232 -3.27552 2 
-8.980 10.423 6.60053 -0.17576 2 
-6.414 10.423 6.61105 -0.03121 2 
-3.848 10.423 6.54416 0.02090 2 
-1.283 10.423 6.42439 -0.07217 2 
1.283 10.423 6.40891 0.10982 2 
3.848 10.423 5.99755 0.24705 2 
6.414 10.423 2.99877 0.12352 2 
8.980 10.423 0.00000 -0.00000 0 
11.545 10.423 0.00000 -0.00000 0 
14.111 10.423 0.00000 -0.00000 0 
16.676 10.423 -0.12089 -0.01036 2 
19.242 10.423 2.39131 0.54147 2 
21.808 10.423 3.66756 0.81911 2 
24.373 10.423 7.76753 1.60023 2 
26.939 10.423 7.96628 1.91559 2 
29.504 10.423 3.96809 0.85712 2 
32.070 10.423 0.00000 -0.00000 0 
34.636 10.423 0.00000 -0.00000 0 
37.201 10.423 0.00000 -0.00000 0 
39.767 10.423 0.00000 -0.00000 0 
42.332 10.423 0.00000 -0.00000 0 
44.898 10.423 0.00000 -0.00000 0 
47.464 10.423 0.00000 -0.00000 0 
50.029 10.423 0.00000 -0.00000 0 
52.595 10.423 0.00000 -0.00000 0 
55.160 10.423 0.00000 -0.00000 0 
57.726 10.423 0.00000 -0.00000 0 
60.292 10.423 0.00000 -0.00000 0 
62.857 10.423 0.00000 -0.00000 0 
65.423 10.423 0.00000 -0.00000 0 
67.988 10.423 -0.77282 -0.38155 2 
70.554 10.423 -1.03269 -0.12550 2 
73.120 10.423 -1.43198 -0.71724 2 
75.685 10.423 -1.99472 -0.79260 2 
78.251 10.423 -2.06502 -0.03865 2 
80.816 10.423 -1.84637 -0.18256 2 
83.382 10.423 -1.62772 -0.32647 2 
85.948 10.423 -1.58407 -0.18760 2 
88.513 10.423 -0.60415 -0.19573 2 
91.079 10.423 -0.03766 0.71341 2 
93.644 10.423 -0.39990 -0.28188 2 
96.210 10.423 -0.68377 1.67433 2 
98.776 10.423 0.39701 0.56079 2 
101.341 10.423 -0.76573 1.13598 2 
103.907 10.423 -0.08973 4.03335 2 
106.472 10.423 1.71213 3.72956 2 
109.038 10.423 0.44266 2.74526 2 
111.603 10.423 3.13375 3.38183 2 
114.169 10.423 3.03646 -2.14034 2 
116.735 10.423 3.03590 -4.41227 2 
119.300 10.423 0.06401 -5.85542 2 
-8.980 7.857 6.74733 -0.24879 2 
-6.414 7.857 6.64203 -0.22894 2 
-3.848 7.857 6.48060 -0.15823 2 
-1.283 7.857 6.30509 -0.12510 2 
1.283 7.857 5.97202 0.05258 2 
3.848 7.857 6.49928 0.18391 2 
6.414 7.857 3.24964 0.09195 2 
8.980 7.857 0.00000 -0.00000 0 
11.545 7.857 0.00000 -0.00000 0 
14.111 7.857 0.00000 -0.00000 2 
16.676 7.857 -0.06044 -0.00518 2 
19.242 7.857 -0.04030 -0.00345 2 
21.808 7.857 0.00000 -0.00000 0 
24.373 7.857 0.00000 -0.00000 0 
26.939 7.857 0.00000 -0.00000 0 
29.504 7.857 0.00000 -0.00000 0 
32.070 7.857 0.00000 -0.00000 0 
34.636 7.857 0.00000 -0.00000 0 
37.201 7.857 0.00000 -0.00000 0 
39.767 7.857 0.00000 -0.00000 0 
42.332 7.857 0.00000 -0.00000 0 
44.898 7.857 0.00000 -0.00000 0 
47.464 7.857 0.00000 -0.00000 0 
50.029 7.857 0.00000 -0.00000 0 
52.595 7.857 0.00000 -0.00000 0 
55.160 7.857 0.00000 -0.00000 0 
57.726 7.857 0.00000 -0.00000 0 
60.292 7.857 -0.66324 -0.18298 2 
62.857 7.857 -0.65749 -0.13292 2 
65.423 7.857 -1.14373 -0.44668 2 
67.988 7.857 -1.54563 -0.76310 2 
70.554 7.857 -1.35196 -0.95300 2 
73.120 7.857 -1.25338 -0.95148 2 
75.685 7.857 -1.34944 -0.83674 2 
78.251 7.857 -1.99416 -0.27984 2 
80.816 7.857 -2.24095 -0.84621 2 
83.382 7.857 -1.51290 -0.45497 2 
85.948 7.857 -1.29533 -0.36141 2 
88.513 7.857 -1.16879 0.16973 2 
91.079 7.857 -1.37708 0.56861 2 
93.644 7.857 -1.13294 1.55600 2 
96.210 7.857 -1.62870 1.41716 2 
98.776 7.857 -0.92489 0.79351 2 
101.341 7.857 -1.29509 1.44233 2 
103.907 7.857 -1.76412 3.39569 2 
106.472 7.857 -1.29125 3.27729 2 
109.038 7.857 -1.06130 2.96518 2 
111.603 7.857 -1.54447 2.27250 2 
114.169 7.857 -0.28237 -1.60774 2 
116.735 7.857 2.19693 -5.66512 2 
119.300 7.857 0.03925 -5.71421 2 
-8.980 5.292 6.75114 -0.50411 2 
-6.414 5.292 6.66488 -0.34844 2 
-3.848 5.292 6.51019 -0.43463 2 
-1.283 5.292 6.32902 -0.37708 2 
1.283 5.292 5.92928 -0.31574 2 
3.848 5.292 6.59589 -0.08117 2 
6.414 5.292 1.62482 0.04598 2 
8.980 5.292 0.00000 -0.00000 0 
11.545 5.292 0.00000 -0.00000 0 
14.111 5.292 0.00000 -0.00000 0 
16.676 5.292 0.00000 -0.00000 0 
19.242 5.292 0.00000 -0.00000 0 
21.808 5.292 0.00000 -0.00000 0 
24.373 5.292 0.00000 -0.00000 0 
26.939 5.292 0.00000 -0.00000 0 
29.504 5.292 0.00000 -0.00000 0 
32.070 5.292 0.00000 -0.00000 0 
34.636 5.292 0.00000 -0.00000 0 
37.201 5.292 0.00000 -0.00000 0 
39.767 5.292 0.00000 -0.00000 0 
42.332 5.292 0.00000 -0.00000 0 
44.898 5.292 0.00000 -0.00000 0 
47.464 5.292 0.00000 -0.00000 0 
50.029 5.292 0.00000 -0.00000 0 
52.595 5.292 -1.61826 -0.65587 2 
55.160 5.292 -1.73371 -0.25699 2 
57.726 5.292 -2.28945 -1.24998 2 
60.292 5.292 -1.32649 -0.36596 2 
62.857 5.292 -1.96008 -0.91327 2 
65.423 5.292 -2.06408 -0.97735 2 
67.988 5.292 -1.55285 -1.14520 2 
70.554 5.292 -1.38808 -0.99835 2 
73.120 5.292 -1.84103 -1.13844 2 
75.685 5.292 -2.40267 -0.50954 2 
78.251 5.292 -1.92330 -0.52104 2 
80.816 5.292 -1.91540 -0.98969 2 
83.382 5.292 -2.10861 -0.40459 2 
85.948 5.292 -1.66463 -0.33467 2 
88.513 5.292 -1.48811 -0.02448 2 
91.079 5.292 -1.12047 1.14724 2 
93.644 5.292 -1.38493 1.32444 2 
96.210 5.292 -1.87354 1.21396 2 
98.776 5.292 -2.24678 1.02622 2 
101.341 5.292 -3.28829 1.53167 2 
103.907 5.292 -3.24455 2.92587 2 
106.472 5.292 -4.29463 2.82501 2 
109.038 5.292 -4.18550 2.37870 2 
111.603 5.292 -4.53437 1.60460 2 
114.169 5.292 -3.24050 -1.22080 2 
116.735 5.292 -3.01004 -4.75354 2 
119.300 5.292 0.01450 -5.57301 2 
-8.980 2.726 6.73812 -0.60078 2 
-6.414 2.726 6.67243 -0.49920 2 
-3.848 2.726 6.39946 -0.53662 2 
-1.283 2.726 6.20393 -0.43506 2 
1.283 2.726 6.31921 -0.45081 2 
3.848 2.726 5.48941 -0.09433 2 
6.414 2.726 0.00000 -0.00000 0 
8.980 2.726 0.00000 -0.00000 0 
11.545 2.726 0.00000 -0.00000 0 
14.111 2.726 0.00000 -0.00000 0 
16.676 2.726 0.00000 -0.00000 0 
19.242 2.726 0.00000 -0.00000 0 
21.808 2.726 0.00000 -0.00000 0 
24.373 2.726 0.00000 -0.00000 0 
26.939 2.726 0.00000 -0.00000 0 
29.504 2.726 0.00000 -0.00000 0 
32.070 2.726 0.00000 -0.00000 0 
34.636 2.726 0.00000 -0.00000 0 
37.201 2.726 0.00000 -0.00000 0 
39.767 2.726 0.00000 -0.00000 0 
42.332 2.726 0.00000 -0.00000 0 
44.898 2.726 0.00000 -0.00000 0 
47.464 2.726 -1.81891 -0.41810 2 
50.029 2.726 -1.34140 -0.14838 2 
52.595 2.726 -3.23653 -1.31174 2 
55.160 2.726 -2.91559 -0.55580 2 
57.726 2.726 -2.40240 -1.07045 2 
60.292 2.726 -3.15998 -0.52114 2 
62.857 2.726 -2.59933 -0.81080 2 
65.423 2.726 -2.07907 -0.91520 2 
67.988 2.726 -1.96989 -0.70035 2 
70.554 2.726 -1.64719 -1.19433 2 
73.120 2.726 -2.21488 -1.16800 2 
75.685 2.726 -2.21135 -0.47646 2 
78.251 2.726 -2.33849 -1.17383 2 
80.816 2.726 -1.92320 -1.05562 2 
83.382 2.726 -2.02376 -0.12675 2 
85.948 2.726 -1.64631 0.44095 2 
88.513 2.726 -1.80744 -0.21869 2 
91.079 2.726 -1.38796 0.57282 2 
93.644 2.726 -1.63692 1.09288 2 
96.210 2.726 -1.40947 1.57091 2 
98.776 2.726 -2.27939 0.89531 2 
101.341 2.726 -3.36063 0.93286 2 
103.907 2.726 -4.42313 0.53489 2 
106.472 2.726 -3.53183 -0.09013 2 
109.038 2.726 -5.65844 -0.91259 2 
111.603 2.726 -5.77168 -0.42499 2 
114.169 2.726 -5.41527 -2.53941 2 
116.735 2.726 -2.95586 -3.03839 2 
119.300 2.726 -0.15035 -4.29566 2 
-8.980 0.160 6.80312 -0.65451 2 
-6.414 0.160 6.70675 -0.63365 2 
-3.848 0.160 6.38449 -0.86078 2 
-1.283 0.160 6.25282 -0.74472 2 
1.283 0.160 6.70210 -0.95512 2 
3.848 0.160 0.00000 -0.00000 0 
6.414 0.160 0.00000 -0.00000 0 
8.980 0.160 0.00000 -0.00000 0 
11.545 0.160 0.00000 -0.00000 0 
14.111 0.160 0.00000 -0.00000 0 
16.676 0.160 0.00000 -0.00000 0 
19.242 0.160 0.00000 -0.00000 0 
21.808 0.160 0.00000 -0.00000 0 
24.373 0.160 0.00000 -0.00000 0 
26.939 0.160 0.00000 -0.00000 0 
29.504 0.160 0.00000 -0.00000 0 
32.070 0.160 0.00000 -0.00000 0 
34.636 0.160 0.00000 -0.00000 0 
37.201 0.160 0.00000 -0.00000 0 
39.767 0.160 -1.49782 -0.36291 2 
42.332 0.160 -0.99247 -0.34412 2 
44.898 0.160 -3.40359 -0.58103 2 
47.464 0.160 -1.80565 -0.87154 2 
50.029 0.160 -2.78947 -0.76820 2 
52.595 0.160 -3.77329 -0.66486 2 
55.160 0.160 -3.61375 -0.86322 2 
57.726 0.160 -3.08447 -0.70925 2 
60.292 0.160 -2.75785 -0.61514 2 
62.857 0.160 -2.35758 -0.69044 2 
65.423 0.160 -2.44363 -0.46610 2 
67.988 0.160 -2.64388 -0.78149 2 
70.554 0.160 -2.37877 -0.08954 2 
73.120 0.160 -1.61542 -0.40545 2 
75.685 0.160 -2.02004 -0.44338 2 
78.251 0.160 -1.88422 -1.02126 2 
80.816 0.160 -1.93099 -1.12155 2 
83.382 0.160 -1.93892 0.15110 2 
85.948 0.160 -1.44208 0.67528 2 
88.513 0.160 -1.38324 -0.75497 2 
91.079 0.160 -1.65545 -0.00160 2 
93.644 0.160 -0.94677 0.61434 2 
96.210 0.160 -1.62938 0.68937 2 
98.776 0.160 -2.31199 0.76440 2 
101.341 0.160 -3.43297 0.33405 2 
103.907 0.160 -4.81041 -0.61161 2 
106.472 0.160 -4.44750 -0.58595 2 
109.038 0.160 -5.82770 -0.88700 2 
111.603 0.160 -5.14960 -0.59484 2 
114.169 0.160 -4.24985 -1.24578 2 
116.735 0.160 -2.90167 -1.32324 2 
119.300 0.160 -0.31520 -3.01831 2 
-8.980 -2.405 6.78078 -0.81134 2 
-6.414 -2.405 6.76528 -0.84005 2 
-3.848 -2.405 6.58684 -0.85920 2 
-1.283 -2.405 6.40841 -0.87834 2 
1.283 -2.405 0.00000 -0.00000 0 
3.848 -2.405 0.00000 -0.00000 0 
6.414 -2.405 0.00000 -0.00000 0 
8.980 -2.405 0.00000 -0.00000 0 
11.545 -2.405 0.00000 -0.00000 0 
14.111 -2.405 0.00000 -0.00000 0 
16.676 -2.405 0.00000 -0.00000 0 
19.242 -2.405 0.00000 -0.00000 0 
21.808 -2.405 0.00000 -0.00000 0 
24.373 -2.405 0.00000 -0.00000 0 
26.939 -2.405 0.00000 -0.00000 0 
29.504 -2.405 0.00000 -0.00000 0 
32.070 -2.405 -0.50416 -0.04001 2 
34.636 -2.405 -0.08090 -0.01543 2 
37.201 -2.405 -0.32163 -0.15704 2 
39.767 -2.405 -2.99563 -0.72582 2 
42.332 -2.405 -3.06847 -1.39171 2 
44.898 -2.405 -3.16953 -0.90319 2 
47.464 -2.405 -3.26492 -0.95221 2 
50.029 -2.405 -3.48237 -0.93660 2 
52.595 -2.405 -3.69981 -0.92099 2 
55.160 -2.405 -3.31614 -0.26220 2 
57.726 -2.405 -3.02451 -0.63447 2 
60.292 -2.405 -3.13757 -0.81224 2 
62.857 -2.405 -2.48253 -0.40879 2 
65.423 -2.405 -1.72020 -0.61179 2 
67.988 -2.405 -2.95487 -0.78964 2 
70.554 -2.405 -2.74107 -0.07797 2 
73.120 -2.405 -1.75754 0.02169 2 
75.685 -2.405 -2.70420 -0.41353 2 
78.251 -2.405 -1.42994 -0.86868 2 
80.816 -2.405 -1.81711 -0.25982 2 
83.382 -2.405 -1.62825 -0.16708 2 
85.948 -2.405 -1.54518 -0.49369 2 
88.513 -2.405 -0.11388 -0.35342 2 
91.079 -2.405 -0.72468 0.11389 2 
93.644 -2.405 -1.13847 0.08789 2 
96.210 -2.405 -0.74394 0.30956 2 
98.776 -2.405 -0.34942 0.53122 2 
101.341 -2.405 -1.76575 0.85821 2 
103.907 -2.405 -3.56446 -0.11178 2 
106.472 -2.405 -5.36317 -1.08176 2 
109.038 -2.405 -4.30250 -0.49080 2 
111.603 -2.405 -3.43312 -0.04924 2 
114.169 -2.405 -1.71164 0.02616 2 
116.735 -2.405 -1.72507 1.23840 2 
119.300 -2.405 -0.15261 0.00927 2 
-8.980 -4.971 6.72350 -0.72489 2 
-6.414 -4.971 6.76730 -0.84163 2 
-3.848 -4.971 6.60457 -1.02043 2 
-1.283 -4.971 6.44184 -1.19924 2 
1.283 -4.971 0.00000 -0.00000 0 
3.848 -4.971 0.00000 -0.00000 0 
6.414 -4.971 0.00000 -0.00000 0 
8.980 -4.971 0.00000 -0.00000 0 
11.545 -4.971 0.00000 -0.00000 0 
14.111 -4.971 0.00000 -0.00000 0 
16.676 -4.971 0.00000 -0.00000 0 
19.242 -4.971 0.00000 -0.00000 0 
21.808 -4.971 0.00000 -0.00000 0 
24.373 -4.971 0.20473 -0.37643 2 
26.939 -4.971 -0.58882 -0.10006 2 
29.504 -4.971 -0.66933 -0.18722 2 
32.070 -4.971 -1.00831 -0.08002 2 
34.636 -4.971 -1.56506 -0.81496 2 
37.201 -4.971 -1.16410 -0.75667 2 
39.767 -4.971 -2.75580 -0.52800 2 
42.332 -4.971 -3.35640 -0.79488 2 
44.898 -4.971 -2.93547 -1.22535 2 
47.464 -4.971 -3.96258 -1.50762 2 
50.029 -4.971 -3.19372 -0.25538 2 
52.595 -4.971 -2.72957 -0.18127 2 
55.160 -4.971 -2.91183 0.11221 2 
57.726 -4.971 -2.86129 -0.00128 2 
60.292 -4.971 -2.75721 -0.98237 2 
62.857 -4.971 -2.57022 -0.75539 2 
65.423 -4.971 -2.36417 -0.83611 2 
67.988 -4.971 -2.12198 -1.15735 2 
70.554 -4.971 -3.10336 -0.06639 2 
73.120 -4.971 -1.89965 0.44883 2 
75.685 -4.971 -1.40709 0.46411 2 
78.251 -4.971 -1.16061 0.57696 2 
80.816 -4.971 -1.07247 -0.79157 2 
83.382 -4.971 -0.59231 -0.16945 2 
85.948 -4.971 -1.08039 -0.76193 2 
88.513 -4.971 -0.66233 -0.68097 2 
91.079 -4.971 0.20609 0.22939 2 
93.644 -4.971 -0.58407 0.08005 2 
96.210 -4.971 0.10501 1.02024 2 
98.776 -4.971 -0.50748 0.22923 2 
101.341 -4.971 -2.70494 -1.68427 2 
103.907 -4.971 -3.36394 -1.18065 2 
106.472 -4.971 -4.02293 -0.67704 2 
109.038 -4.971 -2.86978 -0.09033 2 
111.603 -4.971 -1.71663 0.49637 2 
114.169 -4.971 -1.03783 0.26572 2 
116.735 -4.971 -1.61932 0.69594 2 
119.300 -4.971 -0.22770 -0.13176 2 
-8.980 -7.536 7.08868 -0.90099 2 
-6.414 -7.536 6.95370 -1.02138 2 
-3.848 -7.536 6.79467 -1.24356 2 
-1.283 -7.536 6.52614 -1.27985 2 
1.283 -7.536 6.73778 -1.76883 2 
3.848 -7.536 0.00000 -0.00000 0 
6.414 -7.536 5.16118 -1.64846 2 
8.980 -7.536 6.05719 -3.75120 2 
11.545 -7.536 7.02856 -1.35968 2 
14.111 -7.536 4.46772 -1.73669 2 
16.676 -7.536 -1.31695 -0.05205 2 
19.242 -7.536 -0.83699 0.19471 2 
21.808 -7.536 -0.53033 -0.20954 2 
24.373 -7.536 0.40946 -0.75286 2 
26.939 -7.536 -0.44174 -0.68395 2 
29.504 -7.536 -0.84326 -0.59097 2 
32.070 -7.536 -1.21350 -0.49088 2 
34.636 -7.536 -1.36548 -0.90659 2 
37.201 -7.536 -2.00657 -1.35630 2 
39.767 -7.536 -1.98980 -0.59702 2 
42.332 -7.536 -2.31530 -1.23393 2 
44.898 -7.536 -2.58979 -1.87068 2 
47.464 -7.536 -1.69415 -1.66829 2 
50.029 -7.536 -1.18004 0.18769 2 
52.595 -7.536 -2.22596 0.13935 2 
55.160 -7.536 -2.08358 -0.20318 2 
57.726 -7.536 -2.19054 -0.85223 2 
60.292 -7.536 -2.37685 -1.15250 2 
62.857 -7.536 -2.65792 -1.10200 2 
65.423 -7.536 -1.76680 0.20574 2 
67.988 -7.536 -1.28910 -1.52507 2 
70.554 -7.536 -0.64832 -0.01219 2 
73.120 -7.536 -0.28404 -0.52154 2 
75.685 -7.536 1.09243 0.77695 2 
78.251 -7.536 0.29790 0.77262 2 
80.816 -7.536 -0.12686 -0.55657 2 
83.382 -7.536 -0.98402 -0.14166 2 
85.948 -7.536 -0.32521 -0.32575 2 
88.513 -7.536 -0.23713 -0.77960 2 
91.079 -7.536 1.28316 -1.02932 2 
93.644 -7.536 1.62642 0.36395 2 
96.210 -7.536 1.31421 -0.27300 2 
98.776 -7.536 -0.71979 -0.66013 2 
101.341 -7.536 -1.09097 -0.96990 2 
103.907 -7.536 0.00078 -0.99265 2 
106.472 -7.536 -0.02778 -1.70374 2 
109.038 -7.536 0.65537 -0.72143 2 
111.603 -7.536 -0.44031 -1.42996 2 
114.169 -7.536 -0.77697 -1.23699 2 
116.735 -7.536 -1.51357 0.15349 2 
119.300 -7.536 -0.22801 1.27557 2 
-8.980 -10.102 6.98178 -0.99623 2 
-6.414 -10.102 6.89591 -1.04926 2 
-3.848 -10.102 6.85854 -1.23810 2 
-1.283 -10.102 6.79077 -1.43950 2 
1.283 -10.102 6.75861 -1.64642 2 
3.848 -10.102 6.86866 -2.28427 2 
6.414 -10.102 6.24351 -2.00216 2 
8.980 -10.102 7.15629 -3.25032 2 
11.545 -10.102 7.91127 -3.28224 2 
14.111 -10.102 8.93544 -3.47338 2 
16.676 -10.102 9.56648 -2.83482 2 
19.242 -10.102 7.94194 -2.08747 2 
21.808 -10.102 5.44713 -1.34446 2 
24.373 -10.102 1.01242 -1.29137 2 
26.939 -10.102 0.15927 -0.43103 2 
29.504 -10.102 -0.62971 -0.66639 2 
32.070 -10.102 -1.41869 -0.90175 2 
34.636 -10.102 -1.16590 -0.99822 2 
37.201 -10.102 -0.13796 -0.65957 2 
39.767 -10.102 -1.22380 -0.66604 2 
42.332 -10.102 -1.49307 -1.32305 2 
44.898 -10.102 -0.02262 -1.19042 2 
47.464 -10.102 1.27074 0.04166 2 
50.029 -10.102 1.69983 -0.06850 2 
52.595 -10.102 4.23730 -0.25265 2 
55.160 -10.102 1.00962 -0.23930 2 
57.726 -10.102 -0.09381 -0.60572 2 
60.292 -10.102 -1.44284 -0.12108 2 
62.857 -10.102 0.18094 -1.12449 2 
65.423 -10.102 0.83677 -1.55852 2 
67.988 -10.102 2.98458 -0.27180 2 
70.554 -10.102 1.80672 0.04201 2 
73.120 -10.102 0.59739 0.50583 2 
75.685 -10.102 1.56301 0.69533 2 
78.251 -10.102 1.75641 0.96827 2 
80.816 -10.102 0.19541 0.10843 2 
83.382 -10.102 2.41177 -0.61121 2 
85.948 -10.102 2.36983 0.30424 2 
88.513 -10.102 1.77437 0.41138 2 
91.079 -10.102 2.07303 1.18860 2 
93.644 -10.102 2.17817 -0.07623 2 
96.210 -10.102 3.86468 0.95950 2 
98.776 -10.102 3.74035 0.70763 2 
101.341 -10.102 3.88782 -0.61558 2 
103.907 -10.102 1.45041 -1.50676 2 
106.472 -10.102 0.42139 -1.78800 2 
109.038 -10.102 1.70434 -0.93175 2 
111.603 -10.102 1.09634 -1.69285 2 
114.169 -10.102 2.67563 -1.10905 2 
116.735 -10.102 2.98194 -0.49788 2 
119.300 -10.102 0.38751 0.89468 2 
-8.980 -12.668 7.14736 -0.97020 2 
-6.414 -12.668 7.16304 -1.12006 2 
-3.848 -12.668 7.17975 -1.22762 2 
-1.283 -12.668 7.17261 -1.34010 2 
1.283 -12.668 7.09175 -1.85302 2 
3.848 -12.668 7.05342 -2.13865 2 
6.414 -12.668 7.32584 -2.35587 2 
8.980 -12.668 7.60218 -2.66980 2 
11.545 -12.668 8.25510 -2.94691 2 
14.111 -12.668 8.56167 -2.80170 2 
16.676 -12.668 8.73866 -2.61433 2 
19.242 -12.668 9.29921 -2.73162 2 
21.808 -12.668 9.85846 -2.46439 2 
24.373 -12.668 7.84246 -2.80924 2 
26.939 -12.668 9.90276 -1.64836 2 
29.504 -12.668 6.33006 -1.98191 2 
32.070 -12.668 9.38436 -0.96130 2 
34.636 -12.668 0.66170 -0.56756 2 
37.201 -12.668 4.11985 -1.09339 2 
39.767 -12.668 2.34730 -0.98397 2 
42.332 -12.668 4.26159 -1.11928 2 
44.898 -12.668 2.02048 -1.80261 2 
47.464 -12.668 2.20554 -1.41431 2 
50.029 -12.668 5.31754 -0.50498 2 
52.595 -12.668 6.20070 -0.03929 2 
55.160 -12.668 4.10281 -0.27542 2 
57.726 -12.668 2.36602 -0.36568 2 
60.292 -12.668 4.18490 0.29634 2 
62.857 -12.668 3.38366 -0.17347 2 
65.423 -12.668 4.81921 -0.34742 2 
67.988 -12.668 7.25825 0.98147 2 
70.554 -12.668 3.42443 0.48491 2 
73.120 -12.668 5.48215 1.40917 2 
75.685 -12.668 4.64558 1.26153 2 
78.251 -12.668 4.12681 1.23624 2 
80.816 -12.668 5.17591 0.37394 2 
83.382 -12.668 4.16719 -0.10330 2 
85.948 -12.668 5.06488 0.93424 2 
88.513 -12.668 3.78587 1.60237 2 
91.079 -12.668 4.08438 1.78686 2 
93.644 -12.668 5.96163 1.64095 2 
96.210 -12.668 4.39574 0.08444 2 
98.776 -12.668 4.86110 1.08932 2 
101.341 -12.668 4.35188 0.14852 2 
103.907 -12.668 3.64129 -1.19796 2 
106.472 -12.668 3.41102 -1.36829 2 
109.038 -12.668 3.32789 -0.15785 2 
111.603 -12.668 5.31745 -0.81718 2 
114.169 -12.668 5.42406 0.12363 2 
116.735 -12.668 4.87656 -0.85092 2 
119.300 -12.668 0.00000 -0.00000 0 
-8.980 -15.233 7.38082 -1.06967 2 
-6.414 -15.233 7.15799 -1.04606 2 
-3.848 -15.233 7.24142 -1.27672 2 
-1.283 -15.233 7.29958 -1.57029 2 
1.283 -15.233 7.26868 -1.68147 2 
3.848 -15.233 7.46973 -1.83122 2 
6.414 -15.233 7.48474 -2.26454 2 
8.980 -15.233 7.81047 -2.23300 2 
11.545 -15.233 8.19616 -2.54362 2 
14.111 -15.233 8.57319 -2.48100 2 
16.676 -15.233 8.77741 -2.39086 2 
19.242 -15.233 8.82243 -2.28480 2 
21.808 -15.233 9.10510 -2.33961 2 
24.373 -15.233 9.36885 -2.31832 2 
26.939 -15.233 9.63895 -1.87981 2 
29.504 -15.233 9.58756 -1.69527 2 
32.070 -15.233 9.90581 -1.65686 2 
34.636 -15.233 10.20953 -1.91125 2 
37.201 -15.233 8.37766 -1.52722 2 
39.767 -15.233 8.13761 -1.76127 2 
42.332 -15.233 10.01626 -0.91551 2 
44.898 -15.233 7.48608 -0.90180 2 
47.464 -15.233 6.08098 -0.85026 2 
50.029 -15.233 10.03739 -0.28927 2 
52.595 -15.233 8.16409 0.17408 2 
55.160 -15.233 5.53448 -0.02495 2 
57.726 -15.233 4.82584 -0.12564 2 
60.292 -15.233 6.97366 0.29622 2 
62.857 -15.233 9.12147 0.71807 2 
65.423 -15.233 8.80165 0.86369 2 
67.988 -15.233 7.09796 0.13942 2 
70.554 -15.233 7.77570 1.32038 2 
73.120 -15.233 7.89699 1.35678 2 
75.685 -15.233 7.81578 1.29240 2 
78.251 -15.233 5.52980 0.67772 2 
80.816 -15.233 5.10958 0.13890 2 
83.382 -15.233 6.65998 0.21020 2 
85.948 -15.233 6.32440 0.27371 2 
88.513 -15.233 6.20070 0.22681 2 
91.079 -15.233 6.11724 1.81175 2 
93.644 -15.233 6.36267 1.82348 2 
96.210 -15.233 6.94151 1.46566 2 
98.776 -15.233 7.62140 0.71985 2 
101.341 -15.233 6.97258 0.22149 2 
103.907 -15.233 5.83217 -0.88917 2 
106.472 -15.233 6.40066 -0.94859 2 
109.038 -15.233 6.56863 -0.02841 2 
111.603 -15.233 5.86579 -0.63854 2 
114.169 -15.233 6.56842 1.55012 2 
116.735 -15.233 7.55150 -0.73755 2 
119.300 -15.233 0.00000 -0.00000 0 
-8.980 -17.799 7.25004 -0.97598 2 
-6.414 -17.799 7.44311 -1.03674 2 
-3.848 -17.799 7.43145 -1.22263 2 
-1.283 -17.799 7.25213 -1.41187 2 
1.283 -17.799 7.49148 -1.54645 2 
3.848 -17.799 7.48976 -1.93407 2 
6.414 -17.799 7.72282 -1.97668 2 
8.980 -17.799 7.72037 -2.12650 2 
11.545 -17.799 8.13848 -2.23317 2 
14.111 -17.799 8.49716 -2.27686 2 
16.676 -17.799 8.63897 -2.14753 2 
19.242 -17.799 8.88775 -2.15033 2 
21.808 -17.799 9.00422 -2.08963 2 
24.373 -17.799 9.33995 -1.99617 2 
26.939 -17.799 9.24249 -1.84419 2 
29.504 -17.799 9.36665 -1.76767 2 
32.070 -17.799 9.54885 -1.82942 2 
34.636 -17.799 9.67846 -1.71190 2 
37.201 -17.799 10.34869 -1.47786 2 
39.767 -17.799 10.54689 -1.11759 2 
42.332 -17.799 10.11650 -0.80542 2 
44.898 -17.799 8.70926 -0.78115 2 
47.464 -17.799 9.95643 -0.28621 2 
50.029 -17.799 10.29243 0.04391 2 
52.595 -17.799 9.02813 -0.04729 2 
55.160 -17.799 7.66369 -0.11908 2 
57.726 -17.799 10.03716 0.76517 2 
60.292 -17.799 8.40765 0.48077 2 
62.857 -17.799 9.29783 0.87320 2 
65.423 -17.799 9.02574 0.58709 2 
67.988 -17.799 9.64089 0.16255 2 
70.554 -17.799 9.82874 0.52169 2 
73.120 -17.799 9.57808 0.90619 2 
75.685 -17.799 8.96031 0.83337 2 
78.251 -17.799 8.64029 -0.07917 2 
80.816 -17.799 8.89653 0.22226 2 
83.382 -17.799 9.15277 0.52370 2 
85.948 -17.799 7.81597 -0.13847 2 
88.513 -17.799 7.46987 -0.18759 2 
91.079 -17.799 7.16980 1.19925 2 
93.644 -17.799 7.62834 0.71619 2 
96.210 -17.799 7.80002 1.01981 2 
98.776 -17.799 8.01103 1.13488 2 
101.341 -17.799 7.82657 0.04257 2 
103.907 -17.799 6.93500 -0.28377 2 
106.472 -17.799 5.83881 -0.77880 2 
109.038 -17.799 5.80176 -0.84920 2 
111.603 -17.799 6.41412 -0.45989 2 
114.169 -17.799 5.83652 1.62425 2 
116.735 -17.799 7.18643 1.32220 2 
119.300 -17.799 0.00000 -0.00000 0 
-8.980 -20.364 7.37742 -0.97360 2 
-6.414 -20.364 7.37184 -1.16895 2 
-3.848 -20.364 7.34443 -1.20416 2 
-1.283 -20.364 7.53990 -1.46095 2 
1.283 -20.364 7.51263 -1.64795 2 
3.848 -20.364 7.61351 -1.70719 2 
6.414 -20.364 7.80304 -1.84456 2 
8.980 -20.364 7.95827 -1.81884 2 
11.545 -20.364 8.15579 -2.10518 2 
14.111 -20.364 8.57792 -1.79798 2 
16.676 -20.364 8.66747 -1.98482 2 
19.242 -20.364 8.77627 -2.00523 2 
21.808 -20.364 8.93751 -1.85420 2 
24.373 -20.364 8.89589 -1.63265 2 
26.939 -20.364 9.12104 -1.66725 2 
29.504 -20.364 9.17393 -1.61979 2 
32.070 -20.364 9.47397 -1.50152 2 
34.636 -20.364 9.61783 -1.41005 2 
37.201 -20.364 9.75865 -1.38402 2 
39.767 -20.364 10.12016 -1.04238 2 
42.332 -20.364 10.01568 -0.83501 2 
44.898 -20.364 9.93244 -0.66050 2 
47.464 -20.364 9.80198 -0.64870 2 
50.029 -20.364 9.86353 -0.63131 2 
52.595 -20.364 9.89216 -0.26867 2 
55.160 -20.364 9.79290 -0.21320 2 
57.726 -20.364 9.92685 0.39415 2 
60.292 -20.364 9.84163 0.66533 2 
62.857 -20.364 9.48224 0.39526 2 
65.423 -20.364 9.47262 0.49336 2 
67.988 -20.364 9.32932 0.25905 2 
70.554 -20.364 9.62158 0.37751 2 
73.120 -20.364 9.26979 0.61686 2 
75.685 -20.364 9.09997 0.56931 2 
78.251 -20.364 8.94941 0.32354 2 
80.816 -20.364 8.92736 0.09777 2 
83.382 -20.364 9.24962 0.13734 2 
85.948 -20.364 9.34603 0.21416 2 
88.513 -20.364 9.41999 0.47938 2 
91.079 -20.364 9.32432 0.85090 2 
93.644 -20.364 8.34402 0.56194 2 
96.210 -20.364 8.65854 0.57396 2 
98.776 -20.364 8.50106 0.61532 2 
101.341 -20.364 8.18952 0.91583 2 
103.907 -20.364 8.87327 0.61188 2 
106.472 -20.364 8.36820 -0.06512 2 
109.038 -20.364 7.71478 -0.54772 2 
111.603 -20.364 8.46890 1.43924 2 
114.169 -20.364 8.52162 0.39855 2 
116.735 -20.364 9.17554 0.12996 2 
119.300 -20.364 0.00000 -0.00000 0 
-8.980 -22.930 7.46702 -0.94284 2 
-6.414 -22.930 7.62087 -1.08032 2 
-3.848 -22.930 7.57709 -1.22741 2 
-1.283 -22.930 7.54669 -1.22900 2 
1.283 -22.930 7.55815 -1.54185 2 
3.848 -22.930 8.10154 -1.53561 2 
6.414 -22.930 7.82497 -1.68127 2 
8.980 -22.930 8.20155 -1.79162 2 
11.545 -22.930 8.38658 -1.75093 2 
14.111 -22.930 8.32442 -1.95098 2 
16.676 -22.930 8.62881 -1.73953 2 
19.242 -22.930 8.77549 -1.68735 2 
21.808 -22.930 8.90382 -1.66110 2 
24.373 -22.930 8.92561 -1.64402 2 
26.939 -22.930 9.05682 -1.59202 2 
29.504 -22.930 9.26835 -1.48766 2 
32.070 -22.930 9.21155 -1.34710 2 
34.636 -22.930 9.54890 -1.23248 2 
37.201 -22.930 9.61544 -1.06730 2 
39.767 -22.930 9.63359 -0.77377 2 
42.332 -22.930 9.71627 -0.93423 2 
44.898 -22.930 9.53139 -0.70604 2 
47.464 -22.930 9.59964 -0.72841 2 
50.029 -22.930 9.81238 -0.64796 2 
52.595 -22.930 9.84103 -0.22246 2 
55.160 -22.930 10.02134 -0.27631 2 
57.726 -22.930 9.81653 0.02313 2 
60.292 -22.930 9.73056 0.14988 2 
62.857 -22.930 9.57814 0.26946 2 
65.423 -22.930 9.51455 0.34754 2 
67.988 -22.930 9.33032 0.37897 2 
70.554 -22.930 9.35592 0.28029 2 
73.120 -22.930 9.31011 0.31110 2 
75.685 -22.930 9.14195 0.37388 2 
78.251 -22.930 9.10328 0.29728 2 
80.816 -22.930 9.05181 0.23884 2 
83.382 -22.930 9.09255 0.33175 2 
85.948 -22.930 8.92498 0.16374 2 
88.513 -22.930 9.19873 0.50919 2 
91.079 -22.930 9.17578 0.61226 2 
93.644 -22.930 9.05970 0.40768 2 
96.210 -22.930 8.93503 0.38257 2 
98.776 -22.930 8.99109 0.09576 2 
101.341 -22.930 9.05250 0.40915 2 
103.907 -22.930 9.20186 0.55067 2 
106.472 -22.930 8.84271 0.23886 2 
109.038 -22.930 9.62781 -0.24624 2 
111.603 -22.930 9.09640 1.03337 2 
114.169 -22.930 9.32694 1.00032 2 
116.735 -22.930 9.51897 0.54463 2 
119.300 -22.930 0.00000 -0.00000 0 
-8.980 -25.496 7.55661 -0.91209 2 
-6.414 -25.496 7.53875 -1.05619 2 
-3.848 -25.496 7.56121 -1.09501 2 
-1.283 -25.496 7.82865 -1.25717 2 
1.283 -25.496 7.74855 -1.44383 2 
3.848 -25.496 7.77775 -1.37719 2 
6.414 -25.496 8.04502 -1.34556 2 
8.980 -25.496 8.16988 -1.56566 2 
11.545 -25.496 8.37227 -1.56417 2 
14.111 -25.496 8.59428 -1.70235 2 
16.676 -25.496 8.63266 -1.59804 2 
19.242 -25.496 8.74351 -1.57093 2 
21.808 -25.496 8.89219 -1.59696 2 
24.373 -25.496 8.80441 -1.44385 2 
26.939 -25.496 9.16053 -1.32080 2 
29.504 -25.496 9.12765 -1.32074 2 
32.070 -25.496 9.12848 -1.13499 2 
34.636 -25.496 9.33495 -1.09553 2 
37.201 -25.496 9.50703 -0.99672 2 
39.767 -25.496 9.44494 -0.94243 2 
42.332 -25.496 9.47713 -0.84697 2 
44.898 -25.496 9.72299 -0.68510 2 
47.464 -25.496 9.57107 -0.69548 2 
50.029 -25.496 9.78071 -0.44508 2 
52.595 -25.496 9.47470 -0.47352 2 
55.160 -25.496 9.57687 -0.30681 2 
57.726 -25.496 9.44082 -0.04018 2 
60.292 -25.496 9.49539 0.05813 2 
62.857 -25.496 9.50061 -0.01936 2 
65.423 -25.496 9.43463 0.24979 2 
67.988 -25.496 9.24510 0.09442 2 
70.554 -25.496 9.28421 0.24630 2 
73.120 -25.496 9.30400 0.09540 2 
75.685 -25.496 9.07098 0.43847 2 
78.251 -25.496 9.02103 0.29712 2 
80.816 -25.496 9.06036 0.39506 2 
83.382 -25.496 9.14583 0.29253 2 
85.948 -25.496 9.03752 0.20576 2 
88.513 -25.496 9.15652 0.21186 2 
91.079 -25.496 9.02065 0.44720 2 
93.644 -25.496 9.03646 0.32783 2 
96.210 -25.496 8.89312 0.30892 2 
98.776 -25.496 8.94174 0.26383 2 
101.341 -25.496 9.02731 0.26111 2 
103.907 -25.496 9.00277 0.31533 2 
106.472 -25.496 8.83307 0.07231 2 
109.038 -25.496 9.23567 0.12221 2 
111.603 -25.496 9.72391 0.62750 2 
114.169 -25.496 9.36960 0.84301 2 
116.735 -25.496 9.54635 0.87137 2 
119.300 -25.496 0.00000 -0.00000 0 
-8.980 -28.061 7.57048 -0.97314 2 
-6.414 -28.061 7.56308 -0.93270 2 
-3.848 -28.061 7.81033 -1.08517 2 
-1.283 -28.061 7.86304 -1.10305 2 
1.283 -28.061 7.74576 -1.21103 2 
3.848 -28.061 8.08316 -1.29157 2 
6.414 -28.061 8.05916 -1.47946 2 
8.980 -28.061 8.01605 -1.38874 2 
11.545 -28.061 8.37472 -1.45525 2 
14.111 -28.061 8.41747 -1.43347 2 
16.676 -28.061 8.50841 -1.41920 2 
19.242 -28.061 8.71105 -1.37624 2 
21.808 -28.061 8.89049 -1.41485 2 
24.373 -28.061 8.97673 -1.28206 2 
26.939 -28.061 8.83784 -1.37551 2 
29.504 -28.061 9.03255 -1.14372 2 
32.070 -28.061 9.17811 -1.03347 2 
34.636 -28.061 9.25559 -1.04187 2 
37.201 -28.061 9.32333 -0.97863 2 
39.767 -28.061 9.36282 -1.04388 2 
42.332 -28.061 9.49920 -0.78182 2 
44.898 -28.061 9.43665 -0.61734 2 
47.464 -28.061 9.64441 -0.64426 2 
50.029 -28.061 9.43146 -0.50277 2 
52.595 -28.061 9.39404 -0.51939 2 
55.160 -28.061 9.42876 -0.32236 2 
57.726 -28.061 9.61449 -0.07909 2 
60.292 -28.061 9.21964 -0.01911 2 
62.857 -28.061 9.36517 0.13823 2 
65.423 -28.061 9.34560 0.04285 2 
67.988 -28.061 9.31621 0.18679 2 
70.554 -28.061 9.22092 0.29259 2 
73.120 -28.061 9.23003 0.21497 2 
75.685 -28.061 9.09309 0.14562 2 
78.251 -28.061 9.12831 0.34952 2 
80.816 -28.061 8.97567 0.12540 2 
83.382 -28.061 9.02619 0.29176 2 
85.948 -28.061 9.08551 0.34316 2 
88.513 -28.061 9.00921 0.24183 2 
91.079 -28.061 9.12016 0.38748 2 
93.644 -28.061 8.94249 0.30679 2 
96.210 -28.061 8.89681 0.34370 2 
98.776 -28.061 8.93964 0.43388 2 
101.341 -28.061 9.10545 0.35441 2 
103.907 -28.061 9.00796 0.09590 2 
106.472 -28.061 9.15725 0.52943 2 
109.038 -28.061 9.20649 0.35869 2 
111.603 -28.061 9.22002 0.75540 2 
114.169 -28.061 9.39183 0.79122 2 
116.735 -28.061 9.47341 0.88566 2 
119.300 -28.061 0.00000 -0.00000 0 
-8.980 -30.627 7.87260 -0.91633 2 
-6.414 -30.627 7.63205 -0.98351 2 
-3.848 -30.627 7.70629 -0.99657 2 
-1.283 -30.627 8.01928 -1.05076 2 
1.283 -30.627 7.87580 -1.14349 2 
3.848 -30.627 8.05220 -1.24802 2 
6.414 -30.627 8.12490 -1.20006 2 
8.980 -30.627 8.24835 -1.16846 2 
11.545 -30.627 8.42348 -1.31262 2 
14.111 -30.627 8.59238 -1.31284 2 
16.676 -30.627 8.51184 -1.27400 2 
19.242 -30.627 8.77273 -1.39920 2 
21.808 -30.627 8.80013 -1.02826 2 
24.373 -30.627 8.81005 -1.40879 2 
26.939 -30.627 8.82731 -1.14536 2 
29.504 -30.627 9.10966 -1.14747 2 
32.070 -30.627 9.08311 -1.09993 2 
34.636 -30.627 8.88232 -0.90144 2 
37.201 -30.627 9.16017 -0.86946 2 
39.767 -30.627 9.31206 -0.77182 2 
42.332 -30.627 9.34641 -0.76169 2 
44.898 -30.627 9.22106 -0.70179 2 
47.464 -30.627 9.36442 -0.52836 2 
50.029 -30.627 9.41622 -0.59015 2 
52.595 -30.627 9.17169 -0.28104 2 
55.160 -30.627 9.53207 -0.31100 2 
57.726 -30.627 9.50006 -0.25535 2 
60.292 -30.627 9.45460 -0.12525 2 
62.857 -30.627 9.27174 -0.08809 2 
65.423 -30.627 9.29981 0.04390 2 
67.988 -30.627 9.24714 -0.02356 2 
70.554 -30.627 9.17137 0.16919 2 
73.120 -30.627 9.25640 0.20496 2 
75.685 -30.627 9.05760 0.12380 2 
78.251 -30.627 9.09657 0.18745 2 
80.816 -30.627 8.95041 0.37638 2 
83.382 -30.627 8.99380 0.05527 2 
85.948 -30.627 8.85309 0.10580 2 
88.513 -30.627 9.00202 0.30639 2 
91.079 -30.627 8.99175 0.17588 2 
93.644 -30.627 8.91921 0.18998 2 
96.210 -30.627 9.08792 0.30924 2 
98.776 -30.627 8.97219 0.28168 2 
101.341 -30.627 9.11975 0.37916 2 
103.907 -30.627 8.97434 0.47573 2 
106.472 -30.627 8.98437 0.48444 2 
109.038 -30.627 9.15042 0.55961 2 
111.603 -30.627 9.15430 0.61560 2 
114.169 -30.627 8.99002 0.58800 2 
116.735 -30.627 9.59424 1.08765 2 
119.300 -30.627 0.00000 -0.00000 0 
-8.980 -33.192 7.63489 -0.85982 2 
-6.414 -33.192 7.93714 -0.95857 2 
-3.848 -33.192 7.78174 -0.88303 2 
-1.283 -33.192 7.89290 -1.10007 2 
1.283 -33.192 8.11802 -0.99087 2 
3.848 -33.192 8.17974 -1.23836 2 
6.414 -33.192 8.28247 -0.98090 2 
8.980 -33.192 8.47342 -1.23547 2 
11.545 -33.192 8.37608 -1.28145 2 
14.111 -33.192 8.44345 -1.07363 2 
16.676 -33.192 8.69318 -1.21531 2 
19.242 -33.192 8.60631 -1.09505 2 
21.808 -33.192 8.82763 -1.12514 2 
24.373 -33.192 8.69350 -1.27396 2 
26.939 -33.192 8.91867 -1.02091 2 
29.504 -33.192 8.96205 -1.00398 2 
32.070 -33.192 8.88185 -0.96054 2 
34.636 -33.192 9.13395 -1.02598 2 
37.201 -33.192 9.20031 -0.84140 2 
39.767 -33.192 9.05384 -0.80068 2 
42.332 -33.192 9.10083 -0.64869 2 
44.898 -33.192 9.19654 -0.78465 2 
47.464 -33.192 9.24478 -0.55150 2 
50.029 -33.192 9.32293 -0.64152 2 
52.595 -33.192 9.18530 -0.56720 2 
55.160 -33.192 9.29357 -0.25276 2 
57.726 -33.192 9.30954 -0.24640 2 
60.292 -33.192 9.27346 -0.26133 2 
62.857 -33.192 9.30055 -0.05961 2 
65.423 -33.192 9.13100 0.02996 2 
67.988 -33.192 9.16891 0.16615 2 
70.554 -33.192 9.33056 0.14066 2 
73.120 -33.192 8.98356 0.07010 2 
75.685 -33.192 9.05327 0.24981 2 
78.251 -33.192 8.97646 0.25794 2 
80.816 -33.192 9.11930 0.36123 2 
83.382 -33.192 9.01407 0.38089 2 
85.948 -33.192 8.97801 0.27836 2 
88.513 -33.192 9.00118 0.40741 2 
91.079 -33.192 8.97717 0.30720 2 
93.644 -33.192 8.96309 0.36816 2 
96.210 -33.192 9.03173 0.46157 2 
98.776 -33.192 8.88301 0.37948 2 
101.341 -33.192 8.98321 0.48873 2 
103.907 -33.192 8.87557 0.47622 2 
106.472 -33.192 9.16970 0.46080 2 
109.038 -33.192 8.88500 0.63387 2 
111.603 -33.192 9.00127 0.60594 2 
114.169 -33.192 9.02724 0.87407 2 
116.735 -33.192 9.15273 0.89326 2 
119.300 -33.192 0.00000 -0.00000 0 
-8.980 -35.758 7.67869 -0.83454 2 
-6.414 -35.758 7.89000 -0.87738 2 
-3.848 -35.758 8.03950 -0.94399 2 
-1.283 -35.758 7.99204 -0.91478 2 
1.283 -35.758 8.07613 -0.95200 2 
3.848 -35.758 8.08112 -1.00899 2 
6.414 -35.758 8.22124 -1.03739 2 
8.980 -35.758 8.34458 -1.07207 2 
11.545 -35.758 8.30444 -1.13456 2 
14.111 -35.758 8.38041 -1.00420 2 
16.676 -35.758 8.60379 -1.10915 2 
19.242 -35.758 8.59222 -1.15960 2 
21.808 -35.758 8.71246 -1.00415 2 
24.373 -35.758 8.68411 -1.05258 2 
26.939 -35.758 8.78662 -1.06375 2 
29.504 -35.758 8.90134 -0.94840 2 
32.070 -35.758 8.91228 -0.85081 2 
34.636 -35.758 9.07714 -0.79205 2 
37.201 -35.758 9.04757 -0.81848 2 
39.767 -35.758 9.04304 -0.69434 2 
42.332 -35.758 9.08321 -0.67352 2 
44.898 -35.758 9.20054 -0.58990 2 
47.464 -35.758 9.16785 -0.61198 2 
50.029 -35.758 9.10630 -0.31807 2 
52.595 -35.758 9.28207 -0.41724 2 
55.160 -35.758 9.34546 -0.23539 2 
57.726 -35.758 9.18304 -0.18724 2 
60.292 -35.758 9.41235 0.01924 2 
62.857 -35.758 9.14505 -0.12555 2 
65.423 -35.758 9.29579 0.04488 2 
67.988 -35.758 9.12068 -0.15179 2 
70.554 -35.758 8.90967 -0.03350 2 
73.120 -35.758 9.12185 0.25012 2 
75.685 -35.758 9.12124 0.17143 2 
78.251 -35.758 9.01503 0.16994 2 
80.816 -35.758 9.02003 0.18468 2 
83.382 -35.758 8.94972 0.09747 2 
85.948 -35.758 9.16011 0.30785 2 
88.513 -35.758 9.01459 0.27865 2 
91.079 -35.758 8.82362 0.37924 2 
93.644 -35.758 8.93345 0.25716 2 
96.210 -35.758 8.94534 0.18208 2 
98.776 -35.758 8.90982 0.36888 2 
101.341 -35.758 9.11061 0.43442 2 
103.907 -35.758 8.96459 0.49392 2 
106.472 -35.758 8.87434 0.68349 2 
109.038 -35.758 9.03317 0.60172 2 
111.603 -35.758 8.84819 0.72574 2 
114.169 -35.758 8.78456 0.60783 2 
116.735 -35.758 9.12940 0.76168 2 
119.300 -35.758 0.00000 -0.00000 0 
-8.980 -38.324 7.89533 -0.87547 2 
-6.414 -38.324 7.97969 -0.78883 2 
-3.848 -38.324 7.92080 -0.95192 2 
-1.283 -38.324 8.07023 -0.93725 2 
1.283 -38.324 8.10472 -1.05084 2 
3.848 -38.324 8.26890 -0.95732 2 
6.414 -38.324 8.24007 -0.97759 2 
8.980 -38.324 8.32059 -1.08896 2 
11.545 -38.324 8.25765 -1.15474 2 
14.111 -38.324 8.51824 -1.03702 2 
16.676 -38.324 8.59940 -0.97604 2 
19.242 -38.324 8.59517 -0.91782 2 
21.808 -38.324 8.76901 -1.03660 2 
24.373 -38.324 8.84375 -0.98110 2 
26.939 -38.324 8.71197 -0.85238 2 
29.504 -38.324 8.82594 -0.83945 2 
32.070 -38.324 8.88724 -0.76846 2 
34.636 -38.324 8.78526 -0.88544 2 
37.201 -38.324 8.90590 -0.84633 2 
39.767 -38.324 9.01432 -0.78875 2 
42.332 -38.324 9.01699 -0.62636 2 
44.898 -38.324 9.21856 -0.62600 2 
47.464 -38.324 9.12449 -0.68737 2 
50.029 -38.324 9.08590 -0.59769 2 
52.595 -38.324 9.29846 -0.47146 2 
55.160 -38.324 8.97016 -0.15655 2 
57.726 -38.324 9.12494 -0.45435 2 
60.292 -38.324 9.05510 -0.15003 2 
62.857 -38.324 9.12929 -0.14086 2 
65.423 -38.324 9.04625 -0.05453 2 
67.988 -38.324 8.98892 -0.04002 2 
70.554 -38.324 9.03435 0.03551 2 
73.120 -38.324 9.06859 0.06578 2 
75.685 -38.324 8.98894 0.17266 2 
78.251 -38.324 8.88824 -0.08555 2 
80.816 -38.324 9.06236 0.07016 2 
83.382 -38.324 8.92847 0.25660 2 
85.948 -38.324 9.00419 0.22132 2 
88.513 -38.324 8.94598 0.27066 2 
91.079 -38.324 8.90738 0.11804 2 
93.644 -38.324 8.82271 0.23848 2 
96.210 -38.324 8.97004 0.40621 2 
98.776 -38.324 9.02059 0.29073 2 
101.341 -38.324 8.90445 0.38959 2 
103.907 -38.324 8.85943 0.41975 2 
106.472 -38.324 8.91723 0.54438 2 
109.038 -38.324 9.01827 0.56556 2 
111.603 -38.324 8.83262 0.73872 2 
114.169 -38.324 8.83070 0.58306 2 
116.735 -38.324 9.10607 0.63010 2 
119.300 -38.324 0.00000 -0.00000 0 
-8.980 -40.889 7.97576 -0.80262 2 
-6.414 -40.889 7.94562 -0.85001 2 
-3.848 -40.889 8.06323 -0.76496 2 
-1.283 -40.889 8.04087 -0.95157 2 
1.283 -40.889 8.28343 -0.83008 2 
3.848 -40.889 8.19418 -0.98721 2 
6.414 -40.889 8.47606 -0.78946 2 
8.980 -40.889 8.14300 -0.92439 2 
11.545 -40.889 8.54692 -0.92734 2 
14.111 -40.889 8.38759 -0.97680 2 
16.676 -40.889 8.57779 -0.94902 2 
19.242 -40.889 8.65334 -0.87922 2 
21.808 -40.889 8.65285 -0.87712 2 
24.373 -40.889 8.67140 -0.93301 2 
26.939 -40.889 8.77327 -0.83240 2 
29.504 -40.889 8.84486 -0.91894 2 
32.070 -40.889 8.80922 -0.83262 2 
34.636 -40.889 9.05463 -0.80051 2 
37.201 -40.889 8.94696 -0.76999 2 
39.767 -40.889 9.05980 -0.60771 2 
42.332 -40.889 9.05120 -0.67366 2 
44.898 -40.889 8.89084 -0.68747 2 
47.464 -40.889 9.02916 -0.43891 2 
50.029 -40.889 9.23889 -0.48988 2 
52.595 -40.889 9.14282 -0.31065 2 
55.160 -40.889 8.98982 -0.40358 2 
57.726 -40.889 9.15220 -0.33403 2 
60.292 -40.889 9.12270 -0.29563 2 
62.857 -40.889 9.05475 -0.09169 2 
65.423 -40.889 9.01644 -0.02457 2 
67.988 -40.889 9.13985 -0.01418 2 
70.554 -40.889 9.04853 -0.09306 2 
73.120 -40.889 9.11142 0.12358 2 
75.685 -40.889 8.92271 0.01063 2 
78.251 -40.889 8.99401 0.32418 2 
80.816 -40.889 8.96354 0.07175 2 
83.382 -40.889 8.89104 0.13988 2 
85.948 -40.889 9.01258 0.31639 2 
88.513 -40.889 8.89197 0.31850 2 
91.079 -40.889 8.90520 0.33467 2 
93.644 -40.889 9.05934 0.33508 2 
96.210 -40.889 8.67151 0.30542 2 
98.776 -40.889 8.91869 0.40343 2 
101.341 -40.889 8.91389 0.40746 2 
103.907 -40.889 9.05359 0.39429 2 
106.472 -40.889 8.67092 0.55028 2 
109.038 -40.889 8.80294 0.62432 2 
111.603 -40.889 8.77474 0.50615 2 
114.169 -40.889 8.64662 0.61827 2 
116.735 -40.889 9.08274 0.49852 2 
119.300 -40.889 0.00000 -0.00000 0 
-8.980 -43.455 7.92852 -0.73154 2 
-6.414 -43.455 8.02058 -0.86156 2 
-3.848 -43.455 8.07468 -0.74735 2 
-1.283 -43.455 8.07512 -0.77612 2 
1.283 -43.455 8.13043 -0.71267 2 
3.848 -43.455 8.18148 -0.88706 2 
6.414 -43.455 8.34859 -0.86270 2 
8.980 -43.455 8.41196 -0.86913 2 
11.545 -43.455 8.46710 -0.84927 2 
14.111 -43.455 8.54236 -0.80841 2 
16.676 -43.455 8.57250 -0.91286 2 
19.242 -43.455 8.56968 -0.94570 2 
21.808 -43.455 8.74021 -0.82726 2 
24.373 -43.455 8.73210 -0.77872 2 
26.939 -43.455 8.67024 -0.80822 2 
29.504 -43.455 8.78123 -0.66486 2 
32.070 -43.455 8.80972 -0.83743 2 
34.636 -43.455 8.80986 -0.67112 2 
37.201 -43.455 8.91046 -0.67536 2 
39.767 -43.455 8.97737 -0.55127 2 
42.332 -43.455 8.96035 -0.65639 2 
44.898 -43.455 8.99482 -0.44295 2 
47.464 -43.455 8.97417 -0.53893 2 
50.029 -43.455 8.99010 -0.39957 2 
52.595 -43.455 9.00072 -0.65285 2 
55.160 -43.455 9.08706 -0.22428 2 
57.726 -43.455 8.90709 -0.20707 2 
60.292 -43.455 8.95464 -0.29673 2 
62.857 -43.455 8.99424 -0.12973 2 
65.423 -43.455 9.10273 -0.17620 2 
67.988 -43.455 8.98459 -0.15525 2 
70.554 -43.455 8.83770 -0.04572 2 
73.120 -43.455 9.04590 0.14913 2 
75.685 -43.455 8.85346 -0.01722 2 
78.251 -43.455 8.99790 0.19416 2 
80.816 -43.455 8.85068 0.25019 2 
83.382 -43.455 8.89826 0.22488 2 
85.948 -43.455 8.93930 0.24500 2 
88.513 -43.455 8.79226 0.28044 2 
91.079 -43.455 8.84112 0.24438 2 
93.644 -43.455 8.71127 0.32139 2 
96.210 -43.455 9.01025 0.39873 2 
98.776 -43.455 8.82046 0.31829 2 
101.341 -43.455 8.83804 0.40012 2 
103.907 -43.455 8.91529 0.45988 2 
106.472 -43.455 8.96919 0.54611 2 
109.038 -43.455 8.76519 0.56195 2 
111.603 -43.455 8.91602 0.61788 2 
114.169 -43.455 8.76047 0.57076 2 
116.735 -43.455 8.97824 0.72051 2 
119.300 -43.455 0.00000 -0.00000 0 
-8.980 -46.020 7.91839 -0.74386 2 
-6.414 -46.020 8.00139 -0.77986 2 
-3.848 -46.020 8.24195 -0.75176 2 
-1.283 -46.020 8.07818 -0.75529 2 
1.283 -46.020 8.20765 -0.89986 2 
3.848 -46.020 8.28645 -0.76152 2 
6.414 -46.020 8.14324 -0.89972 2 
8.980 -46.020 8.38915 -0.68701 2 
11.545 -46.020 8.44226 -0.77024 2 
14.111 -46.020 8.32244 -1.00219 2 
16.676 -46.020 8.50555 -0.90673 2 
19.242 -46.020 8.64866 -0.86093 2 
21.808 -46.020 8.57068 -0.81436 2 
24.373 -46.020 8.68351 -0.70721 2 
26.939 -46.020 8.68542 -0.81919 2 
29.504 -46.020 8.72579 -0.69461 2 
32.070 -46.020 8.78722 -0.58758 2 
34.636 -46.020 8.80623 -0.61815 2 
37.201 -46.020 8.80295 -0.64078 2 
39.767 -46.020 8.97366 -0.52970 2 
42.332 -46.020 8.78047 -0.54508 2 
44.898 -46.020 8.92853 -0.30634 2 
47.464 -46.020 9.02613 -0.54756 2 
50.029 -46.020 8.96404 -0.24016 2 
52.595 -46.020 8.92729 -0.21180 2 
55.160 -46.020 8.91463 -0.17769 2 
57.726 -46.020 8.97761 -0.24714 2 
60.292 -46.020 9.03002 -0.28196 2 
62.857 -46.020 8.90520 -0.06626 2 
65.423 -46.020 8.95268 -0.15118 2 
67.988 -46.020 9.21540 0.00725 2 
70.554 -46.020 8.87696 0.00091 2 
73.120 -46.020 8.87459 0.04741 2 
75.685 -46.020 8.92251 0.05082 2 
78.251 -46.020 8.93159 0.18805 2 
80.816 -46.020 8.78855 0.03579 2 
83.382 -46.020 9.02137 0.19987 2 
85.948 -46.020 8.97628 0.15585 2 
88.513 -46.020 8.97362 0.24586 2 
91.079 -46.020 9.00969 0.20435 2 
93.644 -46.020 8.85930 0.31241 2 
96.210 -46.020 8.84776 0.39382 2 
98.776 -46.020 8.83288 0.41195 2 
101.341 -46.020 8.70052 0.42049 2 
103.907 -46.020 8.83651 0.40009 2 
106.472 -46.020 8.81172 0.54762 2 
109.038 -46.020 8.66984 0.68742 2 
111.603 -46.020 8.72431 0.65050 2 
114.169 -46.020 8.72119 0.59257 2 
116.735 -46.020 9.01524 0.67890 2 
119.300 -46.020 0.00000 -0.00000 0 
-8.980 -48.586 8.31341 -0.65388 2 
-6.414 -48.586 8.07315 -0.71411 2 
-3.848 -48.586 8.17691 -0.76275 2 
-1.283 -48.586 8.08166 -0.81780 2 
1.283 -48.586 8.16753 -0.61475 2 
3.848 -48.586 8.22382 -0.94194 2 
6.414 -48.586 8.38123 -0.78581 2 
8.980 -48.586 8.31654 -0.93879 2 
11.545 -48.586 8.33627 -0.98005 2 
14.111 -48.586 8.56390 -0.79382 2 
16.676 -48.586 8.50991 -0.76131 2 
19.242 -48.586 8.60919 -0.70415 2 
21.808 -48.586 8.66387 -0.77101 2 
24.373 -48.586 8.67101 -0.69354 2 
26.939 -48.586 8.66015 -0.66923 2 
29.504 -48.586 8.88266 -0.80067 2 
32.070 -48.586 8.80496 -0.55272 2 
34.636 -48.586 8.69563 -0.73874 2 
37.201 -48.586 8.92187 -0.65686 2 
39.767 -48.586 8.70969 -0.61052 2 
42.332 -48.586 8.90837 -0.54475 2 
44.898 -48.586 8.92986 -0.42719 2 
47.464 -48.586 8.73613 -0.62029 2 
50.029 -48.586 8.94430 -0.30799 2 
52.595 -48.586 8.97809 -0.27550 2 
55.160 -48.586 8.96438 -0.25297 2 
57.726 -48.586 8.91474 -0.25723 2 
60.292 -48.586 8.78025 -0.05354 2 
62.857 -48.586 8.99004 -0.10510 2 
65.423 -48.586 8.90747 -0.03890 2 
67.988 -48.586 8.91762 0.11869 2 
70.554 -48.586 9.00431 -0.03185 2 
73.120 -48.586 8.86642 0.04482 2 
75.685 -48.586 8.81039 0.11299 2 
78.251 -48.586 8.87949 0.03313 2 
80.816 -48.586 8.82036 0.22863 2 
83.382 -48.586 8.86865 0.18115 2 
85.948 -48.586 8.84233 0.30007 2 
88.513 -48.586 8.82229 0.17666 2 
91.079 -48.586 8.93170 0.31917 2 
93.644 -48.586 8.89204 0.31932 2 
96.210 -48.586 8.79199 0.19669 2 
98.776 -48.586 8.91132 0.40005 2 
101.341 -48.586 8.96693 0.41607 2 
103.907 -48.586 8.87443 0.36932 2 
106.472 -48.586 8.71130 0.58862 2 
109.038 -48.586 8.74030 0.35716 2 
111.603 -48.586 8.71833 0.54791 2 
114.169 -48.586 8.58470 0.65821 2 
116.735 -48.586 8.92858 0.59788 2 
119.300 -48.586 0.00000 -0.00000 0 
-8.980 -51.152 7.89151 -0.76853 2 
-6.414 -51.152 8.05692 -0.80881 2 
-3.848 -51.152 8.11294 -0.75793 2 
-1.283 -51.152 8.05375 -0.69527 2 
1.283 -51.152 8.31476 -0.83242 2 
3.848 -51.152 8.17791 -0.77208 2 
6.414 -51.152 8.29288 -0.80470 2 
8.980 -51.152 8.28157 -0.73927 2 
11.545 -51.152 8.39851 -0.72887 2 
14.111 -51.152 8.54801 -0.63362 2 
16.676 -51.152 8.44103 -0.82223 2 
19.242 -51.152 8.54862 -0.71459 2 
21.808 -51.152 8.49074 -0.71692 2 
24.373 -51.152 8.60351 -0.64335 2 
26.939 -51.152 8.48709 -0.68031 2 
29.504 -51.152 8.66436 -0.67035 2 
32.070 -51.152 8.69658 -0.69594 2 
34.636 -51.152 8.79831 -0.86092 2 
37.201 -51.152 8.76047 -0.49284 2 
39.767 -51.152 8.80193 -0.60624 2 
42.332 -51.152 8.89243 -0.55826 2 
44.898 -51.152 8.82257 -0.43941 2 
47.464 -51.152 8.91840 -0.33519 2 
50.029 -51.152 8.82290 -0.40483 2 
52.595 -51.152 8.79403 -0.35770 2 
55.160 -51.152 8.85536 -0.13719 2 
57.726 -51.152 8.92000 -0.20802 2 
60.292 -51.152 8.80101 -0.16660 2 
62.857 -51.152 8.88155 -0.11411 2 
65.423 -51.152 8.75085 -0.17332 2 
67.988 -51.152 8.90498 0.00867 2 
70.554 -51.152 8.80641 0.02774 2 
73.120 -51.152 8.90338 0.05896 2 
75.685 -51.152 8.96523 0.04848 2 
78.251 -51.152 8.77329 0.14510 2 
80.816 -51.152 8.79866 0.15120 2 
83.382 -51.152 8.84287 0.16722 2 
85.948 -51.152 8.79501 0.15831 2 
88.513 -51.152 8.83282 0.32010 2 
91.079 -51.152 8.76342 0.25033 2 
93.644 -51.152 8.83392 0.38313 2 
96.210 -51.152 8.74677 0.30153 2 
98.776 -51.152 8.75026 0.42848 2 
101.341 -51.152 8.72874 0.46204 2 
103.907 -51.152 8.66347 0.38297 2 
106.472 -51.152 8.68035 0.45465 2 
109.038 -51.152 8.71667 0.62880 2 
111.603 -51.152 8.58136 0.65299 2 
114.169 -51.152 8.74563 0.47887 2 
116.735 -51.152 9.07820 0.76521 2 
119.300 -51.152 0.00000 -0.00000 0 
-8.980 -53.717 8.36663 -0.83842 2 
-6.414 -53.717 8.18888 -0.62566 2 
-3.848 -53.717 8.41251 -0.60703 2 
-1.283 -53.717 8.53979 -0.63701 2 
1.283 -53.717 8.26447 -0.69803 2 
3.848 -53.717 8.46020 -0.68179 2 
6.414 -53.717 8.38025 -0.68196 2 
8.980 -53.717 8.55750 -0.67499 2 
11.545 -53.717 8.38768 -0.76219 2 
14.111 -53.717 8.85754 -0.82669 2 
16.676 -53.717 8.69143 -0.82712 2 
19.242 -53.717 8.75607 -0.63560 2 
21.808 -53.717 8.68479 -0.94373 2 
24.373 -53.717 8.67594 -0.85492 2 
26.939 -53.717 9.17481 -0.66075 2 
29.504 -53.717 8.92933 -0.67508 2 
32.070 -53.717 8.91579 -0.54685 2 
34.636 -53.717 8.93365 -0.56070 2 
37.201 -53.717 9.07872 -0.42050 2 
39.767 -53.717 8.99257 -0.42930 2 
42.332 -53.717 9.01811 -0.52324 2 
44.898 -53.717 8.87137 -0.53318 2 
47.464 -53.717 8.92943 -0.33948 2 
50.029 -53.717 9.09739 -0.34111 2 
52.595 -53.717 9.07740 -0.28772 2 
55.160 -53.717 8.85898 -0.45411 2 
57.726 -53.717 8.86614 -0.28027 2 
60.292 -53.717 8.91391 -0.15825 2 
62.857 -53.717 8.85394 -0.21879 2 
65.423 -53.717 8.85125 -0.02017 2 
67.988 -53.717 8.88152 0.11589 2 
70.554 -53.717 8.77939 -0.07555 2 
73.120 -53.717 8.91575 0.17139 2 
75.685 -53.717 8.68872 0.04525 2 
78.251 -53.717 8.97955 0.23550 2 
80.816 -53.717 8.79434 0.18936 2 
83.382 -53.717 9.01700 0.12253 2 
85.948 -53.717 9.04485 0.12004 2 
88.513 -53.717 9.07269 0.11756 2 
91.079 -53.717 9.04884 0.26740 2 
93.644 -53.717 9.02499 0.41725 2 
96.210 -53.717 9.02289 0.31973 2 
98.776 -53.717 8.88760 0.30134 2 
101.341 -53.717 9.04856 0.49719 2 
103.907 -53.717 8.99257 0.55801 2 
106.472 -53.717 8.93658 0.61883 2 
109.038 -53.717 8.86852 0.42948 2 
111.603 -53.717 8.85658 0.50015 2 
114.169 -53.717 9.36564 0.65204 2 
116.735 -53.717 0.00000 -0.00000 0 
119.300 -53.717 0.00000 -0.00000 0 
-8.980 -56.283 0.00000 -0.00000 0 
-6.414 -56.283 0.00000 -0.00000 0 
-3.848 -56.283 0.00000 -0.00000 0 
-1.283 -56.283 0.00000 -0.00000 0 
1.283 -56.283 0.00000 -0.00000 0 
3.848 -56.283 0.00000 -0.00000 0 
6.414 -56.283 0.00000 -0.00000 0 
8.980 -56.283 0.00000 -0.00000 0 
11.545 -56.283 0.00000 -0.00000 0 
14.111 -56.283 0.00000 -0.00000 0 
16.676 -56.283 0.00000 -0.00000 0 
19.242 -56.283 0.00000 -0.00000 0 
21.808 -56.283 0.00000 -0.00000 0 
24.373 -56.283 0.00000 -0.00000 0 
26.939 -56.283 0.00000 -0.00000 0 
29.504 -56.283 0.00000 -0.00000 0 
32.070 -56.283 0.00000 -0.00000 0 
34.636 -56.283 0.00000 -0.00000 0 
37.201 -56.283 0.00000 -0.00000 0 
39.767 -56.283 0.00000 -0.00000 0 
42.332 -56.283 0.00000 -0.00000 0 
44.898 -56.283 0.00000 -0.00000 0 
47.464 -56.283 8.64554 0.02208 1 
50.029 -56.283 8.71069 -0.04881 2 
52.595 -56.283 8.77584 -0.11971 2 
55.160 -56.283 8.84099 -0.19061 2 
57.726 -56.283 8.90614 -0.26150 2 
60.292 -56.283 8.75553 -0.29549 2 
62.857 -56.283 8.92655 -0.12173 2 
65.423 -56.283 8.81541 -0.09840 2 
67.988 -56.283 8.81856 -0.00948 2 
70.554 -56.283 8.90452 -0.19305 2 
73.120 -56.283 8.86155 0.08178 2 
75.685 -56.283 8.66652 0.21304 2 
78.251 -56.283 8.80457 0.29996 2 
80.816 -56.283 8.79003 0.22752 2 
83.382 -56.283 8.77548 0.15508 2 
85.948 -56.283 8.76094 0.08264 2 
88.513 -56.283 8.74639 0.01020 1 
91.079 -56.283 8.75475 0.02295 2 
93.644 -56.283 8.76311 0.03569 2 
96.210 -56.283 8.77147 0.04844 2 
98.776 -56.283 8.77983 0.06119 1 
101.341 -56.283 8.66230 0.00662 1 
103.907 -56.283 8.67359 0.01283 2 
106.472 -56.283 8.68487 0.01904 2 
109.038 -56.283 8.69615 0.02525 2 
111.603 -56.283 8.70744 0.03146 2 
114.169 -56.283 8.71872 0.03767 1 
116.735 -56.283 0.00000 -0.00000 0 
119.300 -56.283 0.00000 -0.00000 0 
