TITLE = "B00057"
VARIABLES = "X [mm]", "Y [mm]", "Vx [m/s]", "Vy [m/s]", "Flag"
ZONE T="Frame 1", I=51, J=39, F=POINT
-8.980 41.210 7.22466 0.26067 2 
-6.414 41.210 7.33354 0.15948 2 
-3.848 41.210 7.24985 0.39912 2 
-1.283 41.210 7.15850 0.47185 2 
1.283 41.210 7.53752 0.41369 2 
3.848 41.210 0.00000 -0.00000 0 
6.414 41.210 0.00000 -0.00000 0 
8.980 41.210 0.00000 -0.00000 0 
11.545 41.210 0.00000 -0.00000 0 
14.111 41.210 0.00000 -0.00000 0 
16.676 41.210 0.00000 -0.00000 0 
19.242 41.210 3.81959 0.31882 2 
21.808 41.210 7.63918 0.63764 2 
24.373 41.210 7.33438 0.53229 2 
26.939 41.210 7.51180 0.84545 2 
29.504 41.210 7.51695 0.92080 2 
32.070 41.210 7.59931 0.71058 2 
34.636 41.210 7.61278 0.81495 2 
37.201 41.210 7.62626 0.91933 2 
39.767 41.210 7.46689 0.88948 2 
42.332 41.210 7.89350 0.97071 2 
44.898 41.210 7.78910 0.86838 2 
47.464 41.210 7.87739 0.92485 2 
50.029 41.210 8.04065 0.99209 2 
52.595 41.210 8.00728 0.84298 2 
55.160 41.210 7.92572 0.76105 2 
57.726 41.210 8.19118 0.91123 2 
60.292 41.210 8.15473 0.95069 2 
62.857 41.210 8.39399 0.69159 2 
65.423 41.210 8.16658 0.83984 2 
67.988 41.210 8.17659 0.72367 2 
70.554 41.210 8.38750 0.66298 2 
73.120 41.210 8.31955 0.68211 2 
75.685 41.210 8.39011 0.66598 2 
78.251 41.210 8.43811 0.44920 2 
80.816 41.210 0.00000 0.00000 0 
83.382 41.210 8.50574 0.49115 2 
85.948 41.210 8.59347 0.42528 2 
88.513 41.210 8.79785 0.10967 2 
91.079 41.210 8.66448 0.00957 2 
93.644 41.210 8.58790 0.12741 2 
96.210 41.210 8.53547 0.19596 2 
98.776 41.210 8.58308 0.19144 2 
101.341 41.210 8.57821 0.06004 2 
103.907 41.210 8.68966 -0.00237 2 
106.472 41.210 8.50337 -0.15851 2 
109.038 41.210 8.56166 0.11039 2 
111.603 41.210 8.55627 -0.04383 2 
114.169 41.210 8.41150 -0.03463 2 
116.735 41.210 8.75388 -0.06252 2 
119.300 41.210 0.00000 -0.00000 0 
-8.980 38.644 7.34049 0.25926 2 
-6.414 38.644 7.20999 0.50582 2 
-3.848 38.644 7.24038 0.30012 2 
-1.283 38.644 7.29030 0.59762 2 
1.283 38.644 7.33306 0.48495 2 
3.848 38.644 0.00000 -0.00000 0 
6.414 38.644 0.00000 -0.00000 0 
8.980 38.644 0.00000 -0.00000 0 
11.545 38.644 0.00000 -0.00000 0 
14.111 38.644 0.00000 -0.00000 0 
16.676 38.644 0.00000 -0.00000 0 
19.242 38.644 3.83810 0.39816 2 
21.808 38.644 7.67620 0.79632 2 
24.373 38.644 7.26359 0.82515 2 
26.939 38.644 7.41162 0.84995 2 
29.504 38.644 7.37343 0.64080 2 
32.070 38.644 7.55172 0.92299 2 
34.636 38.644 7.45770 0.75578 2 
37.201 38.644 7.73964 0.74302 2 
39.767 38.644 7.72375 1.09711 2 
42.332 38.644 7.74262 1.09821 2 
44.898 38.644 7.77574 0.72484 2 
47.464 38.644 7.81827 0.88073 2 
50.029 38.644 7.87815 0.81224 2 
52.595 38.644 8.19851 0.87346 2 
55.160 38.644 8.17254 0.95718 2 
57.726 38.644 8.18994 0.95159 2 
60.292 38.644 8.01313 0.65933 2 
62.857 38.644 8.16337 0.84106 2 
65.423 38.644 8.46930 0.64739 2 
67.988 38.644 8.39880 0.75624 2 
70.554 38.644 8.33439 0.66168 2 
73.120 38.644 8.55131 0.71909 2 
75.685 38.644 8.60749 0.61933 2 
78.251 38.644 8.44172 0.74221 2 
80.816 38.644 0.00000 0.00000 0 
83.382 38.644 8.59908 0.52194 2 
85.948 38.644 8.75485 0.45444 2 
88.513 38.644 8.65794 0.36568 2 
91.079 38.644 8.64431 0.28854 2 
93.644 38.644 8.66027 0.36615 2 
96.210 38.644 8.66624 0.24830 2 
98.776 38.644 8.74050 0.00964 2 
101.341 38.644 8.57626 0.06027 2 
103.907 38.644 8.47447 -0.03270 2 
106.472 38.644 8.62044 0.13731 2 
109.038 38.644 8.57956 -0.12043 2 
111.603 38.644 8.39775 -0.32915 2 
114.169 38.644 8.64331 0.02788 2 
116.735 38.644 8.69987 0.12859 2 
119.300 38.644 0.00000 -0.00000 0 
-8.980 36.079 7.08339 0.18344 2 
-6.414 36.079 7.12538 0.42163 2 
-3.848 36.079 7.21548 0.55839 2 
-1.283 36.079 7.05976 0.40583 2 
1.283 36.079 7.52980 0.31169 2 
3.848 36.079 0.00000 -0.00000 0 
6.414 36.079 0.00000 -0.00000 0 
8.980 36.079 0.00000 -0.00000 0 
11.545 36.079 0.00000 -0.00000 0 
14.111 36.079 0.00000 -0.00000 0 
16.676 36.079 0.00000 -0.00000 0 
19.242 36.079 4.01057 0.39826 2 
21.808 36.079 8.02114 0.79652 2 
24.373 36.079 7.37453 0.78562 2 
26.939 36.079 7.35922 0.96171 2 
29.504 36.079 7.58032 0.75859 2 
32.070 36.079 7.41037 0.93875 2 
34.636 36.079 7.54406 1.00652 2 
37.201 36.079 7.58219 0.92777 2 
39.767 36.079 7.61190 0.99297 2 
42.332 36.079 7.77163 1.11646 2 
44.898 36.079 7.87970 0.80749 2 
47.464 36.079 7.90467 1.03172 2 
50.029 36.079 7.89761 0.97155 2 
52.595 36.079 7.81777 0.82821 2 
55.160 36.079 7.97548 1.07858 2 
57.726 36.079 8.31729 0.94773 2 
60.292 36.079 8.26623 0.93489 2 
62.857 36.079 8.35410 1.02699 2 
65.423 36.079 8.34758 0.72858 2 
67.988 36.079 8.16530 0.90534 2 
70.554 36.079 8.42324 0.82633 2 
73.120 36.079 8.54965 0.66483 2 
75.685 36.079 8.36443 0.89605 2 
78.251 36.079 8.76224 0.59917 2 
80.816 36.079 0.00000 0.00000 0 
83.382 36.079 8.59381 0.54765 2 
85.948 36.079 8.61825 0.58234 2 
88.513 36.079 8.78907 0.54689 2 
91.079 36.079 8.83180 0.29374 2 
93.644 36.079 8.71922 0.26846 2 
96.210 36.079 8.75555 0.20128 2 
98.776 36.079 8.83581 0.20076 2 
101.341 36.079 8.61732 0.00842 2 
103.907 36.079 8.60557 0.00636 2 
106.472 36.079 8.60427 0.02991 2 
109.038 36.079 8.61880 -0.12976 2 
111.603 36.079 8.62261 -0.04443 2 
114.169 36.079 8.43597 -0.17954 2 
116.735 36.079 8.75884 -0.23416 2 
119.300 36.079 0.00000 -0.00000 0 
-8.980 33.513 7.27727 0.36971 2 
-6.414 33.513 7.17421 0.26766 2 
-3.848 33.513 7.23978 0.28722 2 
-1.283 33.513 7.12539 0.37736 2 
1.283 33.513 3.56270 0.18868 2 
3.848 33.513 0.00000 -0.00000 0 
6.414 33.513 0.00000 -0.00000 0 
8.980 33.513 0.00000 -0.00000 0 
11.545 33.513 0.00000 -0.00000 0 
14.111 33.513 0.00000 -0.00000 0 
16.676 33.513 0.00000 -0.00000 0 
19.242 33.513 3.93426 0.42916 2 
21.808 33.513 7.86851 0.85832 2 
24.373 33.513 7.26870 0.90692 2 
26.939 33.513 7.33213 0.90915 2 
29.504 33.513 7.40556 0.88065 2 
32.070 33.513 7.55821 0.89516 2 
34.636 33.513 7.51462 0.90343 2 
37.201 33.513 7.58632 1.01970 2 
39.767 33.513 7.53249 0.88245 2 
42.332 33.513 7.70433 0.95971 2 
44.898 33.513 7.79044 1.03702 2 
47.464 33.513 7.85402 1.04404 2 
50.029 33.513 7.69103 0.87647 2 
52.595 33.513 8.11940 0.91478 2 
55.160 33.513 8.07854 1.02236 2 
57.726 33.513 8.23635 0.83472 2 
60.292 33.513 8.17388 0.90651 2 
62.857 33.513 8.30875 0.66419 2 
65.423 33.513 8.59560 1.02188 2 
67.988 33.513 8.45524 0.83327 2 
70.554 33.513 8.44429 0.99941 2 
73.120 33.513 8.57765 0.76766 2 
75.685 33.513 8.67692 0.58934 2 
78.251 33.513 8.62137 0.75522 2 
80.816 33.513 0.00000 0.00000 0 
83.382 33.513 8.68339 0.51298 2 
85.948 33.513 8.67946 0.50284 2 
88.513 33.513 8.75080 0.43731 2 
91.079 33.513 8.65680 0.50801 2 
93.644 33.513 8.80575 0.18942 2 
96.210 33.513 8.85953 0.07902 2 
98.776 33.513 8.74172 0.05778 2 
101.341 33.513 8.77722 0.05271 2 
103.907 33.513 8.81195 -0.24418 2 
106.472 33.513 8.46923 -0.45816 2 
109.038 33.513 8.72760 -0.32694 2 
111.603 33.513 8.54487 -0.18193 2 
114.169 33.513 8.69972 -0.13761 2 
116.735 33.513 8.80103 -0.13117 2 
119.300 33.513 0.00000 -0.00000 0 
-8.980 30.948 6.83948 0.35515 2 
-6.414 30.948 7.10264 0.25095 2 
-3.848 30.948 7.07412 0.33159 2 
-1.283 30.948 6.98011 0.43486 2 
1.283 30.948 3.49005 0.21743 2 
3.848 30.948 0.00000 -0.00000 0 
6.414 30.948 0.00000 -0.00000 0 
8.980 30.948 0.00000 -0.00000 0 
11.545 30.948 0.00000 -0.00000 0 
14.111 30.948 0.00000 -0.00000 0 
16.676 30.948 0.00000 -0.00000 0 
19.242 30.948 3.95691 0.48426 2 
21.808 30.948 7.91382 0.96853 2 
24.373 30.948 7.30047 0.84511 2 
26.939 30.948 7.30121 0.95002 2 
29.504 30.948 7.35911 0.90186 2 
32.070 30.948 7.31051 1.14144 2 
34.636 30.948 7.54078 1.04697 2 
37.201 30.948 7.68996 0.96841 2 
39.767 30.948 7.67842 1.14781 2 
42.332 30.948 7.81403 1.04444 2 
44.898 30.948 8.02913 0.97828 2 
47.464 30.948 7.88368 0.89495 2 
50.029 30.948 8.16327 0.92788 2 
52.595 30.948 8.00375 1.02330 2 
55.160 30.948 8.18407 1.09675 2 
57.726 30.948 8.20273 1.17403 2 
60.292 30.948 8.31220 0.88369 2 
62.857 30.948 8.40173 1.16203 2 
65.423 30.948 8.36529 0.99620 2 
67.988 30.948 8.29445 0.74253 2 
70.554 30.948 8.60114 0.92200 2 
73.120 30.948 8.60194 0.86348 2 
75.685 30.948 8.68519 0.55328 2 
78.251 30.948 8.69541 0.92918 2 
80.816 30.948 0.00000 0.00000 0 
83.382 30.948 8.76479 0.61911 2 
85.948 30.948 8.93156 0.64519 2 
88.513 30.948 8.82361 0.45949 2 
91.079 30.948 9.10038 0.36874 2 
93.644 30.948 8.84038 0.30333 2 
96.210 30.948 8.96524 0.05710 2 
98.776 30.948 8.96331 0.03842 2 
101.341 30.948 8.72806 0.05206 2 
103.907 30.948 8.79366 -0.25570 2 
106.472 30.948 8.66609 -0.49283 2 
109.038 30.948 8.41258 0.11207 2 
111.603 30.948 8.45906 -0.50548 2 
114.169 30.948 8.38381 -0.15658 2 
116.735 30.948 8.84321 -0.02818 2 
119.300 30.948 0.00000 -0.00000 0 
-8.980 28.382 7.15007 0.25684 2 
-6.414 28.382 7.03602 0.31201 2 
-3.848 28.382 7.12279 0.45461 2 
-1.283 28.382 7.15036 0.56298 2 
1.283 28.382 7.17850 0.57497 2 
3.848 28.382 3.66145 0.33372 2 
6.414 28.382 0.00000 -0.00000 0 
8.980 28.382 0.00000 -0.00000 0 
11.545 28.382 0.00000 -0.00000 0 
14.111 28.382 0.00000 -0.00000 0 
16.676 28.382 2.62516 0.40625 2 
19.242 28.382 5.20121 0.68809 2 
21.808 28.382 7.72814 0.84553 2 
24.373 28.382 7.16229 0.91000 2 
26.939 28.382 7.30374 1.06293 2 
29.504 28.382 7.41559 1.04770 2 
32.070 28.382 7.50039 1.07188 2 
34.636 28.382 7.58681 0.96149 2 
37.201 28.382 7.51984 1.26418 2 
39.767 28.382 7.58145 1.11229 2 
42.332 28.382 7.59949 1.05614 2 
44.898 28.382 7.79159 1.33966 2 
47.464 28.382 7.71346 0.98474 2 
50.029 28.382 7.89264 1.18441 2 
52.595 28.382 8.03215 1.11953 2 
55.160 28.382 8.19716 0.99980 2 
57.726 28.382 8.20076 1.11699 2 
60.292 28.382 8.33560 1.10585 2 
62.857 28.382 8.53291 1.18641 2 
65.423 28.382 8.66367 0.91291 2 
67.988 28.382 8.43581 0.87797 2 
70.554 28.382 8.46138 1.06787 2 
73.120 28.382 8.69566 0.79796 2 
75.685 28.382 8.65166 0.88088 2 
78.251 28.382 8.78813 0.77679 2 
80.816 28.382 8.68250 0.63333 2 
83.382 28.382 8.77502 0.60981 2 
85.948 28.382 8.84506 0.62645 2 
88.513 28.382 8.91052 0.42887 2 
91.079 28.382 8.92110 0.44349 2 
93.644 28.382 9.10034 0.09163 2 
96.210 28.382 8.86386 0.23436 2 
98.776 28.382 8.90991 -0.07700 2 
101.341 28.382 9.24181 -0.46657 2 
103.907 28.382 8.72928 -0.32156 2 
106.472 28.382 8.71918 -0.21725 2 
109.038 28.382 8.79685 -0.48378 2 
111.603 28.382 8.37860 -0.54750 2 
114.169 28.382 8.42152 -0.19542 2 
116.735 28.382 8.28580 -0.07520 2 
119.300 28.382 0.00000 -0.00000 0 
-8.980 25.816 6.99942 0.24532 2 
-6.414 25.816 6.98681 0.40047 2 
-3.848 25.816 6.95414 0.29590 2 
-1.283 25.816 6.88669 0.43874 2 
1.283 25.816 6.98616 0.36900 2 
3.848 25.816 7.32290 0.66744 2 
6.414 25.816 0.00000 -0.00000 0 
8.980 25.816 0.00000 -0.00000 0 
11.545 25.816 0.00000 -0.00000 0 
14.111 25.816 0.00000 -0.00000 0 
16.676 25.816 3.93775 0.60937 2 
19.242 25.816 7.87549 1.21875 2 
21.808 25.816 7.18139 0.93230 2 
24.373 25.816 7.09626 1.12120 2 
26.939 25.816 7.28020 1.01665 2 
29.504 25.816 7.49328 1.04423 2 
32.070 25.816 7.24658 1.03394 2 
34.636 25.816 7.44742 1.24414 2 
37.201 25.816 7.52222 1.05013 2 
39.767 25.816 7.82635 1.03588 2 
42.332 25.816 7.73204 1.25962 2 
44.898 25.816 7.81512 1.03968 2 
47.464 25.816 7.73741 1.27235 2 
50.029 25.816 8.12251 1.07798 2 
52.595 25.816 8.03538 1.28356 2 
55.160 25.816 8.11613 1.18549 2 
57.726 25.816 8.16033 1.15361 2 
60.292 25.816 8.23434 1.03382 2 
62.857 25.816 8.39581 1.02605 2 
65.423 25.816 8.35450 1.15785 2 
67.988 25.816 8.54073 1.15869 2 
70.554 25.816 8.66334 1.05871 2 
73.120 25.816 8.52276 0.92056 2 
75.685 25.816 8.79095 0.94525 2 
78.251 25.816 8.82155 0.92663 2 
80.816 25.816 8.76698 0.67363 2 
83.382 25.816 0.00000 0.00000 0 
85.948 25.816 8.98558 0.60762 2 
88.513 25.816 8.92573 0.59738 2 
91.079 25.816 9.02238 0.50416 2 
93.644 25.816 9.08760 0.29811 2 
96.210 25.816 9.15157 0.03534 2 
98.776 25.816 8.99799 -0.12463 2 
101.341 25.816 9.12965 -0.19036 2 
103.907 25.816 8.82316 -0.48333 2 
106.472 25.816 8.69228 -0.78415 2 
109.038 25.816 8.43722 -0.58355 2 
111.603 25.816 8.27621 -0.74419 2 
114.169 25.816 8.05074 -0.13875 2 
116.735 25.816 8.34138 -0.04179 2 
119.300 25.816 0.00000 -0.00000 0 
-8.980 23.251 6.87112 0.34488 2 
-6.414 23.251 7.04338 0.04612 2 
-3.848 23.251 7.00942 0.39851 2 
-1.283 23.251 6.82602 0.28191 2 
1.283 23.251 6.74231 0.46533 2 
3.848 23.251 7.21760 0.62053 2 
6.414 23.251 0.00000 -0.00000 0 
8.980 23.251 0.00000 -0.00000 0 
11.545 23.251 0.00000 -0.00000 0 
14.111 23.251 0.00000 -0.00000 0 
16.676 23.251 3.79527 0.61688 2 
19.242 23.251 7.59054 1.23375 2 
21.808 23.251 6.96711 1.01116 2 
24.373 23.251 7.26423 1.15502 2 
26.939 23.251 7.19090 1.18195 2 
29.504 23.251 7.28616 1.05641 2 
32.070 23.251 7.41487 1.32536 2 
34.636 23.251 7.41585 1.23216 2 
37.201 23.251 7.58472 1.36426 2 
39.767 23.251 7.57913 1.42159 2 
42.332 23.251 7.82261 1.09316 2 
44.898 23.251 7.90990 1.17034 2 
47.464 23.251 7.92473 1.15969 2 
50.029 23.251 8.06635 1.25996 2 
52.595 23.251 8.08032 0.96021 2 
55.160 23.251 7.98989 1.22848 2 
57.726 23.251 8.37721 1.10496 2 
60.292 23.251 8.54128 1.30342 2 
62.857 23.251 8.30073 1.03396 2 
65.423 23.251 8.47552 1.21399 2 
67.988 23.251 8.99125 1.10259 2 
70.554 23.251 8.77448 1.12434 2 
73.120 23.251 8.67549 1.05578 2 
75.685 23.251 8.87245 0.78236 2 
78.251 23.251 8.68651 0.94120 2 
80.816 23.251 9.44798 0.77208 2 
83.382 23.251 0.00000 0.00000 0 
85.948 23.251 9.35176 0.63771 2 
88.513 23.251 9.26539 0.58418 2 
91.079 23.251 9.17903 0.53065 2 
93.644 23.251 9.06131 0.37097 2 
96.210 23.251 9.55813 0.19091 2 
98.776 23.251 9.50774 -0.26807 2 
101.341 23.251 9.08248 -0.57624 2 
103.907 23.251 9.22771 -0.60459 2 
106.472 23.251 8.91458 -1.10213 2 
109.038 23.251 8.39175 -0.91273 2 
111.603 23.251 7.88404 -0.66522 2 
114.169 23.251 7.78689 -0.45886 2 
116.735 23.251 7.85368 0.08102 2 
119.300 23.251 0.00000 -0.00000 0 
-8.980 20.685 6.74185 0.10259 2 
-6.414 20.685 6.92769 0.21477 2 
-3.848 20.685 6.85638 0.19331 2 
-1.283 20.685 6.95565 0.45037 2 
1.283 20.685 6.77138 0.48258 2 
3.848 20.685 7.11231 0.57363 2 
6.414 20.685 0.00000 -0.00000 0 
8.980 20.685 0.00000 -0.00000 0 
11.545 20.685 0.00000 -0.00000 0 
14.111 20.685 0.00000 -0.00000 0 
16.676 20.685 3.80440 0.47596 2 
19.242 20.685 7.60879 0.95191 2 
21.808 20.685 7.06674 1.12433 2 
24.373 20.685 7.09846 1.17510 2 
26.939 20.685 7.15437 1.17492 2 
29.504 20.685 7.26989 1.40187 2 
32.070 20.685 7.37368 1.30346 2 
34.636 20.685 7.40960 1.33661 2 
37.201 20.685 7.56257 1.32075 2 
39.767 20.685 7.52770 1.35323 2 
42.332 20.685 7.54783 1.45571 2 
44.898 20.685 7.81683 1.15641 2 
47.464 20.685 7.76712 1.38473 2 
50.029 20.685 7.92057 1.42120 2 
52.595 20.685 8.05938 1.40203 2 
55.160 20.685 8.08454 1.27013 2 
57.726 20.685 8.26413 1.08818 2 
60.292 20.685 8.28768 1.19593 2 
62.857 20.685 8.23878 1.46551 2 
65.423 20.685 8.48668 1.07174 2 
67.988 20.685 4.49562 0.55130 2 
70.554 20.685 9.03807 1.10250 2 
73.120 20.685 8.85267 1.07920 2 
75.685 20.685 9.24802 1.10228 2 
78.251 20.685 8.60055 0.91612 2 
80.816 20.685 10.12898 0.87054 2 
83.382 20.685 0.00000 0.00000 0 
85.948 20.685 0.00000 0.00000 0 
88.513 20.685 0.00000 0.00000 0 
91.079 20.685 9.12399 0.44745 2 
93.644 20.685 9.27210 0.62018 2 
96.210 20.685 9.61442 0.22805 2 
98.776 20.685 9.82742 -0.46205 2 
101.341 20.685 9.60587 -0.42638 2 
103.907 20.685 9.72145 -1.04718 2 
106.472 20.685 9.10229 -1.55041 2 
109.038 20.685 8.21600 -1.38431 2 
111.603 20.685 7.47858 -1.09812 2 
114.169 20.685 7.18232 -0.62793 2 
116.735 20.685 7.69477 0.10410 2 
119.300 20.685 0.00000 -0.00000 0 
-8.980 18.120 6.96822 0.06876 2 
-6.414 18.120 6.89242 0.23796 2 
-3.848 18.120 6.80930 0.10697 2 
-1.283 18.120 6.69859 0.30840 2 
1.283 18.120 6.82130 0.39769 2 
3.848 18.120 6.80768 0.58059 2 
6.414 18.120 0.00000 -0.00000 0 
8.980 18.120 0.00000 -0.00000 0 
11.545 18.120 0.00000 -0.00000 0 
14.111 18.120 0.00000 -0.00000 0 
16.676 18.120 3.66443 0.56793 2 
19.242 18.120 7.32886 1.13587 2 
21.808 18.120 6.84394 1.12875 2 
24.373 18.120 7.05071 1.38181 2 
26.939 18.120 7.16908 1.34463 2 
29.504 18.120 7.29535 1.48941 2 
32.070 18.120 7.21932 1.28915 2 
34.636 18.120 7.48851 1.31577 2 
37.201 18.120 7.60683 1.31612 2 
39.767 18.120 7.54430 1.73266 2 
42.332 18.120 7.73743 1.44413 2 
44.898 18.120 7.95317 1.43392 2 
47.464 18.120 7.89741 1.44543 2 
50.029 18.120 7.84522 1.40827 2 
52.595 18.120 8.08357 1.35469 2 
55.160 18.120 8.24830 1.52995 2 
57.726 18.120 4.13207 0.54409 2 
60.292 18.120 8.44830 1.36219 2 
62.857 18.120 8.94485 1.43655 2 
65.423 18.120 4.24334 0.53587 2 
67.988 18.120 0.00000 -0.00000 0 
70.554 18.120 0.00000 -0.00000 0 
73.120 18.120 0.00000 -0.00000 0 
75.685 18.120 0.00000 -0.00000 0 
78.251 18.120 0.00000 -0.00000 0 
80.816 18.120 0.00000 -0.00000 0 
83.382 18.120 0.00000 -0.00000 0 
85.948 18.120 -0.90318 -0.23962 2 
88.513 18.120 2.41192 0.10193 2 
91.079 18.120 4.67473 0.42233 2 
93.644 18.120 10.30057 0.04332 2 
96.210 18.120 8.20731 0.65625 2 
98.776 18.120 10.34164 -0.41740 2 
101.341 18.120 9.66774 -0.10434 2 
103.907 18.120 10.58015 -1.68850 2 
106.472 18.120 7.23332 -1.74664 2 
109.038 18.120 5.07818 -1.73147 2 
111.603 18.120 7.17624 -1.64061 2 
114.169 18.120 6.48578 -0.64874 2 
116.735 18.120 6.91870 0.01217 2 
119.300 18.120 0.00000 -0.00000 0 
-8.980 15.554 6.96167 0.08649 2 
-6.414 15.554 6.69110 -0.02122 2 
-3.848 15.554 6.75450 0.08476 2 
-1.283 15.554 6.65631 0.32249 2 
1.283 15.554 6.42451 0.23977 2 
3.848 15.554 6.65415 0.67789 2 
6.414 15.554 0.00000 -0.00000 0 
8.980 15.554 0.00000 -0.00000 0 
11.545 15.554 0.00000 -0.00000 0 
14.111 15.554 0.00000 -0.00000 0 
16.676 15.554 3.63551 0.65743 2 
19.242 15.554 7.27103 1.31487 2 
21.808 15.554 6.85968 1.41901 2 
24.373 15.554 7.07139 1.30205 2 
26.939 15.554 7.13797 1.33411 2 
29.504 15.554 7.13750 1.43739 2 
32.070 15.554 7.30035 1.79799 2 
34.636 15.554 7.20658 1.66495 2 
37.201 15.554 7.57017 1.52398 2 
39.767 15.554 8.02285 1.68746 2 
42.332 15.554 8.03126 1.65781 2 
44.898 15.554 8.26123 1.44075 2 
47.464 15.554 8.19382 1.49332 2 
50.029 15.554 8.41049 1.78694 2 
52.595 15.554 4.04178 0.67734 2 
55.160 15.554 0.00000 -0.00000 0 
57.726 15.554 0.00000 -0.00000 0 
60.292 15.554 0.00000 -0.00000 0 
62.857 15.554 0.00000 -0.00000 0 
65.423 15.554 0.00000 -0.00000 0 
67.988 15.554 0.00000 -0.00000 0 
70.554 15.554 0.00000 -0.00000 0 
73.120 15.554 0.00000 -0.00000 0 
75.685 15.554 0.00000 -0.00000 0 
78.251 15.554 0.00000 -0.00000 0 
80.816 15.554 -0.41365 -0.36456 2 
83.382 15.554 0.82983 0.47774 2 
85.948 15.554 -0.33177 -0.35177 2 
88.513 15.554 -0.98504 0.09796 2 
91.079 15.554 0.22547 0.39721 2 
93.644 15.554 2.25615 0.50023 2 
96.210 15.554 1.95363 0.76187 2 
98.776 15.554 3.93315 1.18049 2 
101.341 15.554 4.03145 0.63727 2 
103.907 15.554 6.25063 -2.10897 2 
106.472 15.554 4.09549 -2.09381 2 
109.038 15.554 1.94036 -2.07864 2 
111.603 15.554 6.16527 -1.96427 2 
114.169 15.554 5.45884 -1.22858 2 
116.735 15.554 4.37229 1.10346 2 
119.300 15.554 0.00000 -0.00000 0 
-8.980 12.988 6.66524 -0.02598 2 
-6.414 12.988 6.71531 -0.20201 2 
-3.848 12.988 6.65679 0.01036 2 
-1.283 12.988 6.60386 0.06797 2 
1.283 12.988 6.34691 0.30818 2 
3.848 12.988 6.63271 0.25463 2 
6.414 12.988 0.00000 -0.00000 0 
8.980 12.988 0.00000 -0.00000 0 
11.545 12.988 0.00000 -0.00000 0 
14.111 12.988 0.00000 -0.00000 0 
16.676 12.988 0.40825 0.48748 2 
19.242 12.988 7.07831 1.36560 2 
21.808 12.988 7.07525 1.69101 2 
24.373 12.988 7.03894 1.61340 2 
26.939 12.988 6.89194 1.57834 2 
29.504 12.988 7.26823 1.70136 2 
32.070 12.988 7.61343 1.70737 2 
34.636 12.988 7.76833 1.87616 2 
37.201 12.988 7.94221 1.64907 2 
39.767 12.988 4.01143 0.84373 2 
42.332 12.988 0.00000 -0.00000 0 
44.898 12.988 0.00000 -0.00000 0 
47.464 12.988 0.00000 -0.00000 0 
50.029 12.988 0.00000 -0.00000 0 
52.595 12.988 0.00000 -0.00000 0 
55.160 12.988 0.00000 -0.00000 0 
57.726 12.988 0.00000 -0.00000 0 
60.292 12.988 0.00000 -0.00000 0 
62.857 12.988 0.00000 -0.00000 0 
65.423 12.988 0.00000 -0.00000 0 
67.988 12.988 0.00000 -0.00000 0 
70.554 12.988 0.00000 -0.00000 0 
73.120 12.988 0.00000 -0.00000 0 
75.685 12.988 -0.92858 0.10653 2 
78.251 12.988 -0.79258 -0.65915 2 
80.816 12.988 -1.08914 -0.36391 2 
83.382 12.988 -1.84485 -0.50670 2 
85.948 12.988 -1.75324 -0.67485 2 
88.513 12.988 -1.29429 0.08400 2 
91.079 12.988 -0.23620 0.27619 2 
93.644 12.988 -0.00554 0.07728 2 
96.210 12.988 -0.53907 0.49359 2 
98.776 12.988 -1.07260 0.90990 2 
101.341 12.988 1.31342 -0.14661 2 
103.907 12.988 1.79723 -0.22049 2 
106.472 12.988 0.29988 -1.32315 2 
109.038 12.988 -1.19747 -2.42581 2 
111.603 12.988 -1.05275 -0.42325 2 
114.169 12.988 1.37972 1.35566 2 
116.735 12.988 4.18670 1.45951 2 
119.300 12.988 0.00000 -0.00000 0 
-8.980 10.423 6.75057 -0.21915 2 
-6.414 10.423 6.64167 -0.05412 2 
-3.848 10.423 6.46636 0.03677 2 
-1.283 10.423 6.38964 0.05581 2 
1.283 10.423 6.41007 0.28355 2 
3.848 10.423 6.46791 0.29861 2 
6.414 10.423 3.23395 0.14931 2 
8.980 10.423 0.00000 -0.00000 0 
11.545 10.423 0.00000 -0.00000 0 
14.111 10.423 0.00000 -0.00000 0 
16.676 10.423 0.27216 0.32499 2 
19.242 10.423 4.71887 0.91040 2 
21.808 10.423 5.94531 1.30519 2 
24.373 10.423 7.19263 1.95496 2 
26.939 10.423 7.19869 1.66672 2 
29.504 10.423 3.63411 0.85068 2 
32.070 10.423 0.00000 -0.00000 0 
34.636 10.423 0.00000 -0.00000 0 
37.201 10.423 0.00000 -0.00000 0 
39.767 10.423 0.00000 -0.00000 0 
42.332 10.423 0.00000 -0.00000 0 
44.898 10.423 0.00000 -0.00000 0 
47.464 10.423 0.00000 -0.00000 0 
50.029 10.423 0.00000 -0.00000 0 
52.595 10.423 0.00000 -0.00000 0 
55.160 10.423 0.00000 -0.00000 0 
57.726 10.423 0.00000 -0.00000 0 
60.292 10.423 0.00000 -0.00000 0 
62.857 10.423 0.00000 -0.00000 0 
65.423 10.423 0.00000 -0.00000 0 
67.988 10.423 -0.41495 -0.23496 2 
70.554 10.423 -0.58501 -0.42773 2 
73.120 10.423 -0.72951 -0.18863 2 
75.685 10.423 -1.25371 -1.15271 2 
78.251 10.423 -0.99508 -1.01072 2 
80.816 10.423 -1.76464 -0.36326 2 
83.382 10.423 -1.57420 -0.42321 2 
85.948 10.423 -1.82681 -0.65749 2 
88.513 10.423 -1.60353 0.07003 2 
91.079 10.423 -0.69787 0.15518 2 
93.644 10.423 0.48221 0.67438 2 
96.210 10.423 -0.00797 1.34680 2 
98.776 10.423 -1.02780 1.64815 2 
101.341 10.423 -0.16067 0.71004 2 
103.907 10.423 0.19860 0.88508 2 
106.472 10.423 -1.89912 0.63027 2 
109.038 10.423 -1.14206 -0.40744 2 
111.603 10.423 1.49251 0.02880 2 
114.169 10.423 1.50203 -0.07917 2 
116.735 10.423 3.50543 1.59582 2 
119.300 10.423 0.31093 1.46168 2 
-8.980 7.857 6.77687 -0.33047 2 
-6.414 7.857 6.58822 -0.13951 2 
-3.848 7.857 6.51244 -0.31404 2 
-1.283 7.857 6.48266 -0.06540 2 
1.283 7.857 6.04372 -0.14834 2 
3.848 7.857 6.14048 0.16627 2 
6.414 7.857 3.07024 0.08313 2 
8.980 7.857 0.00000 -0.00000 0 
11.545 7.857 0.00000 -0.00000 0 
14.111 7.857 0.00000 -0.00000 2 
16.676 7.857 0.13608 0.16249 2 
19.242 7.857 2.35944 0.45520 2 
21.808 7.857 0.00000 -0.00000 0 
24.373 7.857 0.00000 -0.00000 0 
26.939 7.857 0.00000 -0.00000 0 
29.504 7.857 0.00000 -0.00000 0 
32.070 7.857 0.00000 -0.00000 0 
34.636 7.857 0.00000 -0.00000 0 
37.201 7.857 0.00000 -0.00000 0 
39.767 7.857 0.00000 -0.00000 0 
42.332 7.857 0.00000 -0.00000 0 
44.898 7.857 0.00000 -0.00000 0 
47.464 7.857 0.00000 -0.00000 0 
50.029 7.857 0.00000 -0.00000 0 
52.595 7.857 0.00000 -0.00000 0 
55.160 7.857 0.00000 -0.00000 0 
57.726 7.857 0.00000 -0.00000 0 
60.292 7.857 -0.19452 -0.03200 2 
62.857 7.857 -0.38904 -0.06401 2 
65.423 7.857 -0.60947 -0.26696 2 
67.988 7.857 -0.82990 -0.46991 2 
70.554 7.857 -1.22369 -0.20256 2 
73.120 7.857 -1.44935 -0.67762 2 
75.685 7.857 -1.42201 -1.00025 2 
78.251 7.857 -1.19757 -1.36229 2 
80.816 7.857 -1.87567 -0.41904 2 
83.382 7.857 -1.02737 0.06543 2 
85.948 7.857 -0.51138 -0.11401 2 
88.513 7.857 0.31500 -0.08520 2 
91.079 7.857 0.54804 -0.15787 2 
93.644 7.857 0.96996 1.27148 2 
96.210 7.857 0.52314 2.20002 2 
98.776 7.857 -0.98300 2.38641 2 
101.341 7.857 -1.63476 1.56669 2 
103.907 7.857 -1.40004 1.99065 2 
106.472 7.857 -0.87057 1.05340 2 
109.038 7.857 -0.17684 -1.14524 2 
111.603 7.857 0.92557 -0.84536 2 
114.169 7.857 2.02797 -0.54549 2 
116.735 7.857 2.82416 1.73214 2 
119.300 7.857 0.37072 1.74991 2 
-8.980 5.292 6.53870 -0.52822 2 
-6.414 5.292 6.67696 -0.38488 2 
-3.848 5.292 6.34942 -0.48867 2 
-1.283 5.292 6.13532 -0.35725 2 
1.283 5.292 5.94171 -0.28203 2 
3.848 5.292 6.36192 0.06717 2 
6.414 5.292 1.53512 0.04157 2 
8.980 5.292 0.00000 -0.00000 0 
11.545 5.292 0.00000 -0.00000 0 
14.111 5.292 0.00000 -0.00000 0 
16.676 5.292 0.00000 -0.00000 0 
19.242 5.292 0.00000 -0.00000 0 
21.808 5.292 0.00000 -0.00000 0 
24.373 5.292 0.00000 -0.00000 0 
26.939 5.292 0.00000 -0.00000 0 
29.504 5.292 0.00000 -0.00000 0 
32.070 5.292 0.00000 -0.00000 0 
34.636 5.292 0.00000 -0.00000 0 
37.201 5.292 0.00000 -0.00000 0 
39.767 5.292 0.00000 -0.00000 0 
42.332 5.292 0.00000 -0.00000 0 
44.898 5.292 0.00000 -0.00000 0 
47.464 5.292 0.00000 -0.00000 0 
50.029 5.292 0.00000 -0.00000 0 
52.595 5.292 -0.46144 -0.17369 2 
55.160 5.292 -0.38514 -0.13238 2 
57.726 5.292 -0.30883 -0.09107 2 
60.292 5.292 -0.61681 -0.26359 2 
62.857 5.292 -0.93128 -0.29133 2 
65.423 5.292 -0.98245 -0.19121 2 
67.988 5.292 -1.03362 -0.09109 2 
70.554 5.292 -0.95685 -0.69755 2 
73.120 5.292 -0.89507 -1.07790 2 
75.685 5.292 -1.59030 -0.84779 2 
78.251 5.292 -0.75356 -0.75586 2 
80.816 5.292 0.33012 0.07026 2 
83.382 5.292 -0.46369 0.08860 2 
85.948 5.292 -0.26792 0.44458 2 
88.513 5.292 0.06400 0.01558 2 
91.079 5.292 -0.07926 -0.01579 2 
93.644 5.292 0.53983 0.42947 2 
96.210 5.292 1.01052 2.35699 2 
98.776 5.292 -0.09351 1.60463 2 
101.341 5.292 -0.55641 2.62718 2 
103.907 5.292 -0.65184 2.12959 2 
106.472 5.292 0.19993 1.71484 2 
109.038 5.292 0.81270 0.66334 2 
111.603 5.292 0.99275 0.48578 2 
114.169 5.292 1.17280 0.30823 2 
116.735 5.292 0.34417 1.45593 2 
119.300 5.292 0.24523 1.57979 2 
-8.980 2.726 6.76081 -0.56326 2 
-6.414 2.726 6.60814 -0.53021 2 
-3.848 2.726 6.44517 -0.55169 2 
-1.283 2.726 6.18634 -0.55308 2 
1.283 2.726 6.09751 -0.39902 2 
3.848 2.726 3.18096 0.03358 2 
6.414 2.726 0.00000 -0.00000 0 
8.980 2.726 0.00000 -0.00000 0 
11.545 2.726 0.00000 -0.00000 0 
14.111 2.726 0.00000 -0.00000 0 
16.676 2.726 0.00000 -0.00000 0 
19.242 2.726 0.00000 -0.00000 0 
21.808 2.726 0.00000 -0.00000 0 
24.373 2.726 0.00000 -0.00000 0 
26.939 2.726 0.00000 -0.00000 0 
29.504 2.726 0.00000 -0.00000 0 
32.070 2.726 0.00000 -0.00000 0 
34.636 2.726 0.00000 -0.00000 0 
37.201 2.726 0.00000 -0.00000 0 
39.767 2.726 0.00000 -0.00000 0 
42.332 2.726 0.00000 -0.00000 0 
44.898 2.726 0.00000 -0.00000 0 
47.464 2.726 -0.39086 -0.12457 2 
50.029 2.726 -0.56736 -0.33082 2 
52.595 2.726 -0.92288 -0.34738 2 
55.160 2.726 -0.77027 -0.26476 2 
57.726 2.726 -0.61766 -0.18214 2 
60.292 2.726 -0.91914 -0.49944 2 
62.857 2.726 -1.20710 -0.02172 2 
65.423 2.726 -0.88586 -0.01962 2 
67.988 2.726 -1.04470 -0.43666 2 
70.554 2.726 -1.22011 -0.50156 2 
73.120 2.726 -1.18985 -0.71919 2 
75.685 2.726 -0.18187 -1.20214 2 
78.251 2.726 -0.30956 -0.14944 2 
80.816 2.726 -0.03630 -0.49986 2 
83.382 2.726 0.04614 -0.63696 2 
85.948 2.726 -0.11068 0.56450 2 
88.513 2.726 0.81519 0.68009 2 
91.079 2.726 0.91072 0.61330 2 
93.644 2.726 1.10135 1.64902 2 
96.210 2.726 1.49790 2.51396 2 
98.776 2.726 -0.16832 1.96154 2 
101.341 2.726 0.23093 2.98706 2 
103.907 2.726 0.09635 2.26853 2 
106.472 2.726 -0.07337 1.49850 2 
109.038 2.726 1.18719 0.68795 2 
111.603 2.726 1.97370 0.15723 2 
114.169 2.726 0.31763 1.16194 2 
116.735 2.726 0.31818 1.02697 2 
119.300 2.726 0.11973 1.40966 2 
-8.980 0.160 6.78178 -0.57446 2 
-6.414 0.160 6.65577 -0.71953 2 
-3.848 0.160 6.27196 -0.58659 2 
-1.283 0.160 6.19638 -0.67027 2 
1.283 0.160 6.55320 -0.60741 2 
3.848 0.160 0.00000 -0.00000 0 
6.414 0.160 0.00000 -0.00000 0 
8.980 0.160 0.00000 -0.00000 0 
11.545 0.160 0.00000 -0.00000 0 
14.111 0.160 0.00000 -0.00000 0 
16.676 0.160 0.00000 -0.00000 0 
19.242 0.160 0.00000 -0.00000 0 
21.808 0.160 0.00000 -0.00000 0 
24.373 0.160 0.00000 -0.00000 0 
26.939 0.160 0.00000 -0.00000 0 
29.504 0.160 0.00000 -0.00000 0 
32.070 0.160 0.00000 -0.00000 0 
34.636 0.160 0.00000 -0.00000 0 
37.201 0.160 0.00000 -0.00000 0 
39.767 0.160 -0.71472 -0.24040 2 
42.332 0.160 -0.85659 -0.23606 2 
44.898 0.160 -1.10494 -0.23167 2 
47.464 0.160 -0.78171 -0.24913 2 
50.029 0.160 -0.88273 -0.45244 2 
52.595 0.160 -1.16523 -0.34825 2 
55.160 0.160 -0.95197 -0.21804 2 
57.726 0.160 -0.73870 -0.08782 2 
60.292 0.160 -0.29778 -0.65317 2 
62.857 0.160 -0.64341 -0.00113 2 
65.423 0.160 -0.80096 0.00327 2 
67.988 0.160 -0.85563 -0.36502 2 
70.554 0.160 -0.59859 0.37054 2 
73.120 0.160 -0.08890 -0.25775 2 
75.685 0.160 -0.26577 0.54676 2 
78.251 0.160 0.68719 -0.42287 2 
80.816 0.160 0.72173 -0.20658 2 
83.382 0.160 0.35491 -0.15740 2 
85.948 0.160 0.24434 1.03070 2 
88.513 0.160 0.82292 0.69164 2 
91.079 0.160 2.30883 1.06987 2 
93.644 0.160 1.66287 2.86858 2 
96.210 0.160 1.25400 2.97831 2 
98.776 0.160 -0.24312 2.31846 2 
101.341 0.160 -0.32543 2.30652 2 
103.907 0.160 0.12250 2.14740 2 
106.472 0.160 -0.13916 0.18753 2 
109.038 0.160 1.56168 0.71257 2 
111.603 0.160 0.59290 0.83380 2 
114.169 0.160 0.99363 0.27957 2 
116.735 0.160 0.29219 0.59802 2 
119.300 0.160 -0.00576 1.23953 2 
-8.980 -2.405 6.71168 -0.76633 2 
-6.414 -2.405 6.68778 -0.82097 2 
-3.848 -2.405 6.42103 -0.96505 2 
-1.283 -2.405 6.28732 -0.99991 2 
1.283 -2.405 0.00000 -0.00000 0 
3.848 -2.405 0.00000 -0.00000 0 
6.414 -2.405 0.00000 -0.00000 0 
8.980 -2.405 0.00000 -0.00000 0 
11.545 -2.405 0.00000 -0.00000 0 
14.111 -2.405 0.00000 -0.00000 0 
16.676 -2.405 0.00000 -0.00000 0 
19.242 -2.405 0.00000 -0.00000 0 
21.808 -2.405 0.00000 -0.00000 0 
24.373 -2.405 0.00000 -0.00000 0 
26.939 -2.405 0.00000 -0.00000 0 
29.504 -2.405 0.00000 -0.00000 0 
32.070 -2.405 -0.20957 -0.06464 2 
34.636 -2.405 -0.41915 -0.12927 2 
37.201 -2.405 -1.84166 -0.54516 2 
39.767 -2.405 -1.42943 -0.48079 2 
42.332 -2.405 -1.71319 -0.47211 2 
44.898 -2.405 -1.43552 0.05948 2 
47.464 -2.405 -1.13812 -0.14352 2 
50.029 -2.405 -1.40584 -0.18712 2 
52.595 -2.405 -0.87541 -0.18017 2 
55.160 -2.405 -0.88568 -0.43837 2 
57.726 -2.405 -0.49239 -0.63198 2 
60.292 -2.405 -0.16719 -0.68188 2 
62.857 -2.405 -0.55566 -0.31458 2 
65.423 -2.405 0.10317 -0.49895 2 
67.988 -2.405 0.30326 0.37011 2 
70.554 -2.405 0.20835 0.56835 2 
73.120 -2.405 0.20728 0.46225 2 
75.685 -2.405 0.71624 0.49122 2 
78.251 -2.405 0.42707 0.93400 2 
80.816 -2.405 1.47975 0.08670 2 
83.382 -2.405 2.35154 0.48122 2 
85.948 -2.405 1.46311 0.59424 2 
88.513 -2.405 1.00994 1.54336 2 
91.079 -2.405 1.75305 1.92191 2 
93.644 -2.405 1.77653 2.32851 2 
96.210 -2.405 1.08061 2.12747 2 
98.776 -2.405 1.07915 2.14757 2 
101.341 -2.405 1.05950 2.07568 2 
103.907 -2.405 0.23334 0.97368 2 
106.472 -2.405 1.48039 -0.00667 2 
109.038 -2.405 1.82870 0.32351 2 
111.603 -2.405 0.59298 0.65973 2 
114.169 -2.405 -0.15529 0.24130 2 
116.735 -2.405 0.26619 0.16906 2 
119.300 -2.405 -0.13126 1.06941 2 
-8.980 -4.971 6.96885 -0.86421 2 
-6.414 -4.971 6.81021 -0.86379 2 
-3.848 -4.971 6.59750 -0.84032 2 
-1.283 -4.971 6.51555 -1.21686 2 
1.283 -4.971 0.00000 -0.00000 0 
3.848 -4.971 0.00000 -0.00000 0 
6.414 -4.971 0.00000 -0.00000 0 
8.980 -4.971 0.00000 -0.00000 0 
11.545 -4.971 0.00000 -0.00000 0 
14.111 -4.971 0.00000 -0.00000 0 
16.676 -4.971 0.00000 -0.00000 0 
19.242 -4.971 0.00000 -0.00000 0 
21.808 -4.971 0.00000 -0.00000 0 
24.373 -4.971 0.15487 -0.07676 2 
26.939 -4.971 -0.23871 0.07725 2 
29.504 -4.971 -0.63230 0.23125 2 
32.070 -4.971 -1.19634 -0.11708 2 
34.636 -4.971 -1.76037 -0.46541 2 
37.201 -4.971 -2.48283 -0.39908 2 
39.767 -4.971 -1.59882 -0.05383 2 
42.332 -4.971 -1.50917 0.01173 2 
44.898 -4.971 -1.02030 -0.30069 2 
47.464 -4.971 -1.05491 0.04933 2 
50.029 -4.971 -1.11118 -0.03935 2 
52.595 -4.971 -0.42087 0.13692 2 
55.160 -4.971 -0.43441 -0.72728 2 
57.726 -4.971 -0.61470 -0.46776 2 
60.292 -4.971 0.24748 -0.32830 2 
62.857 -4.971 0.45849 -0.89140 2 
65.423 -4.971 -0.32434 -0.92085 2 
67.988 -4.971 -0.31929 -0.07142 2 
70.554 -4.971 0.63444 0.12870 2 
73.120 -4.971 0.98695 -0.03215 2 
75.685 -4.971 1.25231 0.18997 2 
78.251 -4.971 1.15039 0.51345 2 
80.816 -4.971 1.74959 0.43553 2 
83.382 -4.971 3.58772 0.80967 2 
85.948 -4.971 3.52621 1.05046 2 
88.513 -4.971 3.86915 0.79320 2 
91.079 -4.971 2.55767 1.69981 2 
93.644 -4.971 2.57560 1.61655 2 
96.210 -4.971 0.90722 1.27664 2 
98.776 -4.971 1.44155 1.34568 2 
101.341 -4.971 2.44443 1.84484 2 
103.907 -4.971 1.60469 1.22344 2 
106.472 -4.971 1.04784 0.43459 2 
109.038 -4.971 1.57808 -0.08609 2 
111.603 -4.971 1.12929 0.12755 2 
114.169 -4.971 -1.30421 0.20304 2 
116.735 -4.971 -0.05049 0.52137 2 
119.300 -4.971 -0.25675 0.89928 2 
-8.980 -7.536 7.08105 -0.89127 2 
-6.414 -7.536 6.90243 -0.94347 2 
-3.848 -7.536 6.74648 -1.02169 2 
-1.283 -7.536 6.74093 -1.33613 2 
1.283 -7.536 6.49710 -1.45530 2 
3.848 -7.536 0.00000 -0.00000 0 
6.414 -7.536 5.54090 -2.55784 2 
8.980 -7.536 4.56101 -1.94239 2 
11.545 -7.536 3.58112 -1.32694 2 
14.111 -7.536 1.59034 -0.67795 2 
16.676 -7.536 -0.40043 -0.02897 2 
19.242 -7.536 -0.49336 0.02640 2 
21.808 -7.536 -0.65236 -0.23120 2 
24.373 -7.536 1.14921 -0.34214 2 
26.939 -7.536 0.99818 -0.34421 2 
29.504 -7.536 -1.26460 0.46250 2 
32.070 -7.536 -2.86904 -0.89627 2 
34.636 -7.536 -1.33740 0.27215 2 
37.201 -7.536 -1.83853 -0.44525 2 
39.767 -7.536 0.82551 0.39548 2 
42.332 -7.536 -1.30515 0.49558 2 
44.898 -7.536 -0.31956 0.41777 2 
47.464 -7.536 -0.36086 -0.36717 2 
50.029 -7.536 1.02129 -0.37544 2 
52.595 -7.536 -0.09819 -0.52522 2 
55.160 -7.536 0.97438 -0.17310 2 
57.726 -7.536 1.44704 -0.33381 2 
60.292 -7.536 0.40078 -0.71496 2 
62.857 -7.536 0.16520 -0.99583 2 
65.423 -7.536 0.07234 -0.90000 2 
67.988 -7.536 -0.32164 -0.78126 2 
70.554 -7.536 0.22477 -0.98466 2 
73.120 -7.536 0.79055 -0.96056 2 
75.685 -7.536 2.01158 -0.02264 2 
78.251 -7.536 2.38407 1.25893 2 
80.816 -7.536 2.78366 0.73352 2 
83.382 -7.536 4.82391 1.13812 2 
85.948 -7.536 4.07836 1.22604 2 
88.513 -7.536 3.02959 1.99104 2 
91.079 -7.536 3.36230 1.47771 2 
93.644 -7.536 3.37467 0.90459 2 
96.210 -7.536 2.68163 1.09253 2 
98.776 -7.536 1.94987 1.15258 2 
101.341 -7.536 1.69962 1.76186 2 
103.907 -7.536 1.83024 0.55628 2 
106.472 -7.536 1.49362 -0.07832 2 
109.038 -7.536 1.32746 -0.49568 2 
111.603 -7.536 1.66560 -0.40462 2 
114.169 -7.536 1.92839 0.04854 2 
116.735 -7.536 -0.36716 0.87367 2 
119.300 -7.536 -0.20460 0.06542 2 
-8.980 -10.102 7.00496 -0.98689 2 
-6.414 -10.102 7.03983 -0.96644 2 
-3.848 -10.102 7.01170 -1.20861 2 
-1.283 -10.102 6.89760 -1.37043 2 
1.283 -10.102 6.83501 -1.68441 2 
3.848 -10.102 6.90901 -2.29062 2 
6.414 -10.102 7.08172 -2.65704 2 
8.980 -10.102 7.12198 -2.65546 2 
11.545 -10.102 7.16223 -2.65388 2 
14.111 -10.102 8.31621 -2.89620 2 
16.676 -10.102 9.47018 -3.13851 2 
19.242 -10.102 9.77657 -1.55413 2 
21.808 -10.102 4.60332 -0.03649 2 
24.373 -10.102 2.14354 -0.60752 2 
26.939 -10.102 4.10428 -1.41837 2 
29.504 -10.102 2.92356 -0.59024 2 
32.070 -10.102 3.27654 0.08599 2 
34.636 -10.102 3.01181 0.47001 2 
37.201 -10.102 3.15755 0.25491 2 
39.767 -10.102 3.24984 0.84479 2 
42.332 -10.102 4.86220 0.32160 2 
44.898 -10.102 5.23812 0.29871 2 
47.464 -10.102 0.65358 0.30667 2 
50.029 -10.102 0.43466 -0.19874 2 
52.595 -10.102 -0.14020 -1.02033 2 
55.160 -10.102 1.25025 -1.17903 2 
57.726 -10.102 1.68362 -1.14486 2 
60.292 -10.102 1.65347 -1.58534 2 
62.857 -10.102 1.13015 -0.46428 2 
65.423 -10.102 0.38904 -0.66581 2 
67.988 -10.102 -0.32399 -1.49110 2 
70.554 -10.102 0.56157 -1.63332 2 
73.120 -10.102 0.77994 -1.48930 2 
75.685 -10.102 2.68220 0.32810 2 
78.251 -10.102 3.00595 1.03706 2 
80.816 -10.102 4.13875 0.36679 2 
83.382 -10.102 4.69199 1.38666 2 
85.948 -10.102 4.97459 0.76996 2 
88.513 -10.102 3.53843 1.03103 2 
91.079 -10.102 4.70815 1.33630 2 
93.644 -10.102 4.98219 1.58420 2 
96.210 -10.102 4.45605 0.90842 2 
98.776 -10.102 4.67758 0.91659 2 
101.341 -10.102 2.39184 1.16155 2 
103.907 -10.102 2.14414 0.85348 2 
106.472 -10.102 2.15963 -0.43699 2 
109.038 -10.102 2.16392 -0.63711 2 
111.603 -10.102 2.43180 -0.46607 2 
114.169 -10.102 1.67528 -0.34523 2 
116.735 -10.102 2.94637 0.06696 2 
119.300 -10.102 0.00000 -0.00000 0 
-8.980 -12.668 7.05021 -0.91291 2 
-6.414 -12.668 7.09314 -1.08236 2 
-3.848 -12.668 7.15916 -1.15500 2 
-1.283 -12.668 7.21450 -1.47029 2 
1.283 -12.668 7.11058 -1.82443 2 
3.848 -12.668 7.14629 -2.11834 2 
6.414 -12.668 7.22399 -2.45222 2 
8.980 -12.668 7.56210 -2.58543 2 
11.545 -12.668 7.75450 -2.53418 2 
14.111 -12.668 8.73665 -2.75961 2 
16.676 -12.668 9.00824 -2.35220 2 
19.242 -12.668 9.43316 -2.55969 2 
21.808 -12.668 8.50373 -2.35665 2 
24.373 -12.668 10.28213 -1.82612 2 
26.939 -12.668 10.00552 -1.22479 2 
29.504 -12.668 7.11173 -1.64298 2 
32.070 -12.668 7.33530 -1.42463 2 
34.636 -12.668 7.55887 -1.20628 2 
37.201 -12.668 7.92912 -0.23315 2 
39.767 -12.668 8.29936 0.73997 2 
42.332 -12.668 6.72274 -0.45184 2 
44.898 -12.668 10.79580 0.17966 2 
47.464 -12.668 0.82342 0.61723 2 
50.029 -12.668 1.53517 -0.72862 2 
52.595 -12.668 0.36767 -0.62806 2 
55.160 -12.668 1.16664 -1.89421 2 
57.726 -12.668 1.30019 -1.48348 2 
60.292 -12.668 1.48834 -1.09650 2 
62.857 -12.668 2.71200 -1.36618 2 
65.423 -12.668 2.09484 -0.91992 2 
67.988 -12.668 1.47670 -0.76456 2 
70.554 -12.668 3.86390 -1.57208 2 
73.120 -12.668 2.64781 -0.48018 2 
75.685 -12.668 4.29609 1.20878 2 
78.251 -12.668 5.06095 1.53000 2 
80.816 -12.668 7.25085 2.30517 2 
83.382 -12.668 7.64106 2.21199 2 
85.948 -12.668 8.03126 2.11882 2 
88.513 -12.668 8.22930 0.77623 2 
91.079 -12.668 6.05400 1.19488 2 
93.644 -12.668 6.56975 1.73611 2 
96.210 -12.668 5.99435 1.71952 2 
98.776 -12.668 6.04593 1.80852 2 
101.341 -12.668 5.32124 1.36206 2 
103.907 -12.668 5.37937 1.57637 2 
106.472 -12.668 3.81688 -0.78095 2 
109.038 -12.668 4.12046 0.57671 2 
111.603 -12.668 3.23129 -0.05220 2 
114.169 -12.668 2.85290 0.49400 2 
116.735 -12.668 3.98376 0.78776 2 
119.300 -12.668 0.00000 -0.00000 0 
-8.980 -15.233 7.49223 -1.04312 2 
-6.414 -15.233 7.31704 -1.06868 2 
-3.848 -15.233 7.17442 -1.24915 2 
-1.283 -15.233 7.16003 -1.50061 2 
1.283 -15.233 7.34399 -1.82334 2 
3.848 -15.233 7.22778 -1.86389 2 
6.414 -15.233 7.63795 -2.21510 2 
8.980 -15.233 7.78146 -2.24221 2 
11.545 -15.233 8.34677 -2.41447 2 
14.111 -15.233 8.57567 -2.39079 2 
16.676 -15.233 8.75287 -2.36772 2 
19.242 -15.233 9.08326 -2.24198 2 
21.808 -15.233 9.42513 -2.33292 2 
24.373 -15.233 9.57742 -1.99606 2 
26.939 -15.233 9.57691 -1.34995 2 
29.504 -15.233 9.77831 -1.51179 2 
32.070 -15.233 9.75725 -1.10675 2 
34.636 -15.233 9.73620 -0.70170 2 
37.201 -15.233 9.70181 0.02339 2 
39.767 -15.233 8.81460 -0.41953 2 
42.332 -15.233 8.58328 -1.22528 2 
44.898 -15.233 9.95061 -0.49507 2 
47.464 -15.233 9.19754 -0.29738 2 
50.029 -15.233 5.30452 -0.93558 2 
52.595 -15.233 3.09772 -1.50754 2 
55.160 -15.233 4.67636 -0.56783 2 
57.726 -15.233 3.73532 -1.15068 2 
60.292 -15.233 3.20490 -1.66236 2 
62.857 -15.233 2.17207 -1.34036 2 
65.423 -15.233 2.51259 -0.05062 2 
67.988 -15.233 2.75059 -0.42687 2 
70.554 -15.233 6.63057 -1.12329 2 
73.120 -15.233 3.29985 -0.30283 2 
75.685 -15.233 6.50254 1.61047 2 
78.251 -15.233 7.11594 2.02293 2 
80.816 -15.233 8.32044 1.91124 2 
83.382 -15.233 8.38860 2.05757 2 
85.948 -15.233 8.62417 1.71452 2 
88.513 -15.233 8.68369 1.88899 2 
91.079 -15.233 9.29832 0.72720 2 
93.644 -15.233 9.01958 1.60810 2 
96.210 -15.233 8.50676 1.41475 2 
98.776 -15.233 8.52543 1.48462 2 
101.341 -15.233 8.25063 1.56258 2 
103.907 -15.233 7.81841 0.96063 2 
106.472 -15.233 7.22627 0.08278 2 
109.038 -15.233 6.57590 -0.05008 2 
111.603 -15.233 6.19536 -0.57738 2 
114.169 -15.233 4.48782 1.47623 2 
116.735 -15.233 6.24515 2.06436 2 
119.300 -15.233 0.00000 -0.00000 0 
-8.980 -17.799 7.44480 -0.98531 2 
-6.414 -17.799 7.24120 -1.10013 2 
-3.848 -17.799 7.35402 -1.23447 2 
-1.283 -17.799 7.33547 -1.42829 2 
1.283 -17.799 7.47869 -1.56281 2 
3.848 -17.799 7.63868 -1.93616 2 
6.414 -17.799 7.68151 -1.90532 2 
8.980 -17.799 8.05750 -2.15772 2 
11.545 -17.799 8.24641 -2.15191 2 
14.111 -17.799 8.49309 -2.16960 2 
16.676 -17.799 8.91330 -2.02106 2 
19.242 -17.799 8.96170 -2.05623 2 
21.808 -17.799 9.14530 -1.87262 2 
24.373 -17.799 9.24533 -1.58604 2 
26.939 -17.799 9.50837 -1.45289 2 
29.504 -17.799 9.53057 -1.22851 2 
32.070 -17.799 9.56506 -1.15129 2 
34.636 -17.799 9.64851 -0.73215 2 
37.201 -17.799 9.38868 -0.70702 2 
39.767 -17.799 9.09457 -0.90554 2 
42.332 -17.799 9.41444 -1.17198 2 
44.898 -17.799 9.54157 -0.62089 2 
47.464 -17.799 8.93418 -0.78920 2 
50.029 -17.799 9.07388 -1.14253 2 
52.595 -17.799 9.48588 -1.14529 2 
55.160 -17.799 9.48617 -0.51395 2 
57.726 -17.799 6.55601 -1.32854 2 
60.292 -17.799 8.00375 -1.18623 2 
62.857 -17.799 9.28551 -0.80006 2 
65.423 -17.799 7.30817 -0.19339 2 
67.988 -17.799 6.43850 -0.07818 2 
70.554 -17.799 9.39724 -0.67450 2 
73.120 -17.799 8.99228 1.19796 2 
75.685 -17.799 8.93895 1.26925 2 
78.251 -17.799 8.90611 1.25119 2 
80.816 -17.799 9.39003 1.51732 2 
83.382 -17.799 9.13614 1.90316 2 
85.948 -17.799 9.21708 1.31022 2 
88.513 -17.799 8.95397 1.03343 2 
91.079 -17.799 9.07273 1.21006 2 
93.644 -17.799 9.07296 1.36569 2 
96.210 -17.799 9.16283 1.33614 2 
98.776 -17.799 8.96835 1.43090 2 
101.341 -17.799 8.54039 1.17281 2 
103.907 -17.799 8.44280 0.87516 2 
106.472 -17.799 8.53849 0.44951 2 
109.038 -17.799 9.05916 0.86292 2 
111.603 -17.799 8.84095 0.25243 2 
114.169 -17.799 9.57381 1.17379 2 
116.735 -17.799 7.49657 1.81911 2 
119.300 -17.799 0.00000 -0.00000 0 
-8.980 -20.364 7.33546 -0.97377 2 
-6.414 -20.364 7.47665 -1.08465 2 
-3.848 -20.364 7.31499 -1.14492 2 
-1.283 -20.364 7.56509 -1.52607 2 
1.283 -20.364 7.60963 -1.38813 2 
3.848 -20.364 7.78086 -1.58974 2 
6.414 -20.364 7.81570 -1.72855 2 
8.980 -20.364 8.14594 -1.83319 2 
11.545 -20.364 8.42674 -1.87009 2 
14.111 -20.364 8.54526 -1.98638 2 
16.676 -20.364 8.68242 -1.95706 2 
19.242 -20.364 8.83484 -1.65237 2 
21.808 -20.364 9.07429 -1.65112 2 
24.373 -20.364 9.01609 -1.63894 2 
26.939 -20.364 9.12051 -1.41376 2 
29.504 -20.364 9.29762 -1.20917 2 
32.070 -20.364 9.29031 -1.04012 2 
34.636 -20.364 9.49351 -0.96364 2 
37.201 -20.364 9.22474 -0.90232 2 
39.767 -20.364 9.28743 -0.71618 2 
42.332 -20.364 9.22856 -0.91169 2 
44.898 -20.364 9.13253 -0.74672 2 
47.464 -20.364 9.30859 -0.63046 2 
50.029 -20.364 9.19774 -0.88394 2 
52.595 -20.364 8.94661 -1.08442 2 
55.160 -20.364 9.15652 -1.17318 2 
57.726 -20.364 9.37669 -1.50639 2 
60.292 -20.364 9.81617 -0.75778 2 
62.857 -20.364 10.25564 -0.00916 2 
65.423 -20.364 10.19102 0.13067 2 
67.988 -20.364 10.12641 0.27051 2 
70.554 -20.364 9.92910 0.29740 2 
73.120 -20.364 9.39481 0.86878 2 
75.685 -20.364 10.04236 0.86845 2 
78.251 -20.364 9.58117 0.80206 2 
80.816 -20.364 9.36057 0.92432 2 
83.382 -20.364 9.43063 0.85208 2 
85.948 -20.364 9.25977 1.01568 2 
88.513 -20.364 9.18850 1.08774 2 
91.079 -20.364 9.12573 0.90152 2 
93.644 -20.364 9.01568 1.20662 2 
96.210 -20.364 9.11094 1.10552 2 
98.776 -20.364 8.79740 0.94306 2 
101.341 -20.364 8.84187 1.10225 2 
103.907 -20.364 8.62990 0.86104 2 
106.472 -20.364 8.54529 0.84234 2 
109.038 -20.364 8.66343 0.81167 2 
111.603 -20.364 8.75558 0.77723 2 
114.169 -20.364 8.84160 1.40554 2 
116.735 -20.364 8.74798 1.57385 2 
119.300 -20.364 0.00000 -0.00000 0 
-8.980 -22.930 7.65780 -1.11480 2 
-6.414 -22.930 7.57823 -1.04018 2 
-3.848 -22.930 7.46639 -1.25042 2 
-1.283 -22.930 7.60338 -1.22653 2 
1.283 -22.930 7.77006 -1.44772 2 
3.848 -22.930 7.83769 -1.44756 2 
6.414 -22.930 7.92213 -1.52304 2 
8.980 -22.930 8.12545 -1.68816 2 
11.545 -22.930 8.27861 -1.63454 2 
14.111 -22.930 8.52899 -1.75896 2 
16.676 -22.930 8.68780 -1.65474 2 
19.242 -22.930 8.77194 -1.59107 2 
21.808 -22.930 8.85994 -1.36531 2 
24.373 -22.930 9.00026 -1.48344 2 
26.939 -22.930 9.09708 -1.31332 2 
29.504 -22.930 9.12098 -0.99875 2 
32.070 -22.930 9.12242 -1.10519 2 
34.636 -22.930 9.24186 -1.04570 2 
37.201 -22.930 9.26600 -0.78962 2 
39.767 -22.930 9.18145 -0.83922 2 
42.332 -22.930 9.21473 -0.78335 2 
44.898 -22.930 9.16767 -0.82918 2 
47.464 -22.930 9.19497 -0.86232 2 
50.029 -22.930 9.21193 -0.72697 2 
52.595 -22.930 9.24329 -0.88241 2 
55.160 -22.930 9.40263 -0.76796 2 
57.726 -22.930 9.59932 -1.03701 2 
60.292 -22.930 10.06970 -0.95869 2 
62.857 -22.930 10.13150 -0.22116 2 
65.423 -22.930 10.21055 -0.17474 2 
67.988 -22.930 10.06448 0.36735 2 
70.554 -22.930 9.86887 0.47426 2 
73.120 -22.930 9.79735 0.53959 2 
75.685 -22.930 9.59085 0.66941 2 
78.251 -22.930 9.52576 0.81717 2 
80.816 -22.930 9.24028 0.83674 2 
83.382 -22.930 9.26254 0.90882 2 
85.948 -22.930 9.12727 0.85637 2 
88.513 -22.930 9.23456 0.91125 2 
91.079 -22.930 8.97659 1.06212 2 
93.644 -22.930 8.97662 0.90792 2 
96.210 -22.930 8.92738 1.06705 2 
98.776 -22.930 8.90873 1.02291 2 
101.341 -22.930 8.65004 1.01495 2 
103.907 -22.930 8.70937 0.90432 2 
106.472 -22.930 8.71765 0.89577 2 
109.038 -22.930 8.64935 1.01940 2 
111.603 -22.930 8.48617 1.07329 2 
114.169 -22.930 8.58332 1.22073 2 
116.735 -22.930 8.37556 0.79570 2 
119.300 -22.930 0.00000 -0.00000 0 
-8.980 -25.496 7.48579 -0.92112 2 
-6.414 -25.496 7.58140 -1.04883 2 
-3.848 -25.496 7.56821 -1.19566 2 
-1.283 -25.496 7.65673 -1.07805 2 
1.283 -25.496 7.71669 -1.42257 2 
3.848 -25.496 7.87710 -1.12185 2 
6.414 -25.496 8.05086 -1.37468 2 
8.980 -25.496 8.28485 -1.48958 2 
11.545 -25.496 8.20838 -1.49985 2 
14.111 -25.496 8.53678 -1.43184 2 
16.676 -25.496 8.58256 -1.54968 2 
19.242 -25.496 8.66796 -1.30778 2 
21.808 -25.496 8.80613 -1.51030 2 
24.373 -25.496 9.03875 -1.28311 2 
26.939 -25.496 8.95139 -1.15129 2 
29.504 -25.496 9.20700 -1.14554 2 
32.070 -25.496 9.10055 -0.94733 2 
34.636 -25.496 9.05509 -0.94683 2 
37.201 -25.496 9.17049 -0.89808 2 
39.767 -25.496 9.14194 -0.91350 2 
42.332 -25.496 9.19449 -0.65661 2 
44.898 -25.496 9.19776 -0.84579 2 
47.464 -25.496 9.21972 -0.61052 2 
50.029 -25.496 9.32341 -0.75607 2 
52.595 -25.496 9.35982 -0.80287 2 
55.160 -25.496 9.44889 -0.76119 2 
57.726 -25.496 9.45553 -0.72726 2 
60.292 -25.496 9.85120 -0.54351 2 
62.857 -25.496 10.00736 -0.43316 2 
65.423 -25.496 10.06088 -0.07463 2 
67.988 -25.496 9.80542 0.16734 2 
70.554 -25.496 9.69107 0.50344 2 
73.120 -25.496 9.64067 0.46224 2 
75.685 -25.496 9.44679 0.59166 2 
78.251 -25.496 9.47320 0.57413 2 
80.816 -25.496 9.42247 0.56160 2 
83.382 -25.496 9.43511 0.69152 2 
85.948 -25.496 9.23066 0.81472 2 
88.513 -25.496 8.94911 0.75998 2 
91.079 -25.496 9.08483 0.84631 2 
93.644 -25.496 9.06766 0.93314 2 
96.210 -25.496 8.86195 0.69469 2 
98.776 -25.496 8.87258 1.00676 2 
101.341 -25.496 8.77732 0.93860 2 
103.907 -25.496 8.69741 0.82706 2 
106.472 -25.496 8.69841 0.85288 2 
109.038 -25.496 8.67722 0.95034 2 
111.603 -25.496 8.58375 0.95803 2 
114.169 -25.496 8.45627 0.87693 2 
116.735 -25.496 8.65413 1.24643 2 
119.300 -25.496 0.00000 -0.00000 0 
-8.980 -28.061 7.79148 -0.92596 2 
-6.414 -28.061 7.64277 -0.88285 2 
-3.848 -28.061 7.73855 -1.03145 2 
-1.283 -28.061 7.91814 -1.08841 2 
1.283 -28.061 7.81171 -1.10562 2 
3.848 -28.061 7.96519 -1.18123 2 
6.414 -28.061 8.08620 -1.22430 2 
8.980 -28.061 8.14248 -1.25208 2 
11.545 -28.061 8.46002 -1.32356 2 
14.111 -28.061 8.50752 -1.29952 2 
16.676 -28.061 8.65237 -1.32927 2 
19.242 -28.061 8.63236 -1.28760 2 
21.808 -28.061 8.71119 -1.21479 2 
24.373 -28.061 8.95168 -1.20660 2 
26.939 -28.061 8.90004 -1.22522 2 
29.504 -28.061 9.01088 -1.09010 2 
32.070 -28.061 8.90536 -0.89341 2 
34.636 -28.061 9.07890 -0.92287 2 
37.201 -28.061 9.13838 -0.91767 2 
39.767 -28.061 9.03666 -0.75146 2 
42.332 -28.061 9.16718 -0.84526 2 
44.898 -28.061 9.21615 -0.70223 2 
47.464 -28.061 9.16343 -0.63228 2 
50.029 -28.061 9.21010 -0.69113 2 
52.595 -28.061 9.16034 -0.63005 2 
55.160 -28.061 9.38670 -0.72817 2 
57.726 -28.061 9.58851 -0.60307 2 
60.292 -28.061 9.53977 -0.57880 2 
62.857 -28.061 9.73179 -0.20619 2 
65.423 -28.061 9.65120 -0.27848 2 
67.988 -28.061 9.58275 -0.04326 2 
70.554 -28.061 9.66261 0.00817 2 
73.120 -28.061 9.53665 0.23490 2 
75.685 -28.061 9.41502 0.46691 2 
78.251 -28.061 9.44664 0.55065 2 
80.816 -28.061 9.21738 0.73329 2 
83.382 -28.061 9.07705 0.44417 2 
85.948 -28.061 9.19323 0.74814 2 
88.513 -28.061 8.92058 0.54915 2 
91.079 -28.061 9.05669 0.81467 2 
93.644 -28.061 8.87255 0.60585 2 
96.210 -28.061 8.93574 1.01197 2 
98.776 -28.061 8.76610 0.61603 2 
101.341 -28.061 8.73650 0.85019 2 
103.907 -28.061 8.85571 0.87892 2 
106.472 -28.061 8.60063 0.77799 2 
109.038 -28.061 8.74235 1.06262 2 
111.603 -28.061 8.52888 0.91312 2 
114.169 -28.061 8.29063 0.94140 2 
116.735 -28.061 8.67833 1.11617 2 
119.300 -28.061 0.00000 -0.00000 0 
-8.980 -30.627 7.64921 -0.96785 2 
-6.414 -30.627 7.69367 -0.91635 2 
-3.848 -30.627 7.71893 -1.09569 2 
-1.283 -30.627 7.92533 -1.11143 2 
1.283 -30.627 7.96700 -1.08678 2 
3.848 -30.627 8.07410 -1.17886 2 
6.414 -30.627 8.10497 -1.23257 2 
8.980 -30.627 8.30201 -1.14791 2 
11.545 -30.627 8.39876 -1.23364 2 
14.111 -30.627 8.52244 -1.25632 2 
16.676 -30.627 8.52416 -1.43575 2 
19.242 -30.627 8.69204 -1.22036 2 
21.808 -30.627 8.70508 -1.13540 2 
24.373 -30.627 8.83629 -1.08898 2 
26.939 -30.627 8.95838 -1.01264 2 
29.504 -30.627 8.96686 -1.04524 2 
32.070 -30.627 8.96394 -0.97430 2 
34.636 -30.627 8.97036 -0.90131 2 
37.201 -30.627 8.96476 -0.76652 2 
39.767 -30.627 8.98031 -0.79330 2 
42.332 -30.627 9.16241 -0.75266 2 
44.898 -30.627 9.06226 -0.69907 2 
47.464 -30.627 9.33590 -0.72051 2 
50.029 -30.627 9.08105 -0.56435 2 
52.595 -30.627 9.28652 -0.45910 2 
55.160 -30.627 9.32975 -0.65845 2 
57.726 -30.627 9.39252 -0.43131 2 
60.292 -30.627 9.44493 -0.30970 2 
62.857 -30.627 9.59215 -0.36804 2 
65.423 -30.627 9.38325 -0.27781 2 
67.988 -30.627 9.53499 0.18226 2 
70.554 -30.627 9.34565 0.42390 2 
73.120 -30.627 9.35576 0.31685 2 
75.685 -30.627 9.37816 0.36941 2 
78.251 -30.627 9.29002 0.58725 2 
80.816 -30.627 9.22292 0.41674 2 
83.382 -30.627 9.23503 0.62411 2 
85.948 -30.627 9.08529 0.56244 2 
88.513 -30.627 9.05926 0.87181 2 
91.079 -30.627 8.90257 0.77935 2 
93.644 -30.627 8.76138 0.79781 2 
96.210 -30.627 8.80611 0.75205 2 
98.776 -30.627 8.85872 0.80637 2 
101.341 -30.627 8.94446 0.74845 2 
103.907 -30.627 8.60005 0.79983 2 
106.472 -30.627 8.60524 0.82500 2 
109.038 -30.627 8.64531 0.84079 2 
111.603 -30.627 8.56740 0.94382 2 
114.169 -30.627 8.37974 0.84911 2 
116.735 -30.627 8.41148 0.66949 2 
119.300 -30.627 0.00000 -0.00000 0 
-8.980 -33.192 7.66813 -0.95984 2 
-6.414 -33.192 7.93036 -0.90367 2 
-3.848 -33.192 7.91236 -1.05653 2 
-1.283 -33.192 7.90616 -0.95113 2 
1.283 -33.192 8.06633 -1.08628 2 
3.848 -33.192 8.04828 -1.02561 2 
6.414 -33.192 8.04846 -1.14584 2 
8.980 -33.192 8.18781 -1.19708 2 
11.545 -33.192 8.33035 -1.13244 2 
14.111 -33.192 8.50933 -1.12767 2 
16.676 -33.192 8.63726 -1.07048 2 
19.242 -33.192 8.67090 -1.03744 2 
21.808 -33.192 8.63330 -1.16877 2 
24.373 -33.192 8.78508 -0.84614 2 
26.939 -33.192 8.81568 -0.99093 2 
29.504 -33.192 8.87936 -0.94041 2 
32.070 -33.192 8.89542 -0.86810 2 
34.636 -33.192 9.03818 -0.84754 2 
37.201 -33.192 9.02759 -0.86678 2 
39.767 -33.192 9.04573 -0.78207 2 
42.332 -33.192 8.97553 -0.88933 2 
44.898 -33.192 9.04400 -0.60353 2 
47.464 -33.192 8.89920 -0.76344 2 
50.029 -33.192 9.22827 -0.56742 2 
52.595 -33.192 9.24545 -0.64654 2 
55.160 -33.192 9.30060 -0.50998 2 
57.726 -33.192 9.23017 -0.24314 2 
60.292 -33.192 9.39455 -0.39143 2 
62.857 -33.192 9.44611 -0.19000 2 
65.423 -33.192 9.33064 -0.04856 2 
67.988 -33.192 9.29531 -0.09382 2 
70.554 -33.192 9.38740 0.15404 2 
73.120 -33.192 9.20343 0.25611 2 
75.685 -33.192 9.24923 0.18373 2 
78.251 -33.192 9.24625 0.43610 2 
80.816 -33.192 9.16476 0.51020 2 
83.382 -33.192 8.92242 0.54133 2 
85.948 -33.192 9.20609 0.63468 2 
88.513 -33.192 8.95228 0.48102 2 
91.079 -33.192 9.10089 0.76161 2 
93.644 -33.192 8.76285 0.55233 2 
96.210 -33.192 8.86752 0.66193 2 
98.776 -33.192 8.82581 0.77605 2 
101.341 -33.192 8.72751 0.69911 2 
103.907 -33.192 8.82579 0.77341 2 
106.472 -33.192 8.49652 0.69150 2 
109.038 -33.192 8.46186 0.87975 2 
111.603 -33.192 8.46616 0.80085 2 
114.169 -33.192 8.31634 0.74810 2 
116.735 -33.192 8.53651 0.96828 2 
119.300 -33.192 0.00000 -0.00000 0 
-8.980 -35.758 7.77622 -0.74846 2 
-6.414 -35.758 7.79750 -0.96148 2 
-3.848 -35.758 7.99150 -0.92551 2 
-1.283 -35.758 8.01198 -0.93489 2 
1.283 -35.758 7.89140 -1.00186 2 
3.848 -35.758 8.17607 -0.97490 2 
6.414 -35.758 8.37101 -0.99356 2 
8.980 -35.758 8.19041 -0.96567 2 
11.545 -35.758 8.41558 -1.01158 2 
14.111 -35.758 8.49192 -1.01765 2 
16.676 -35.758 8.52024 -1.04846 2 
19.242 -35.758 8.69227 -0.99666 2 
21.808 -35.758 8.66398 -1.04886 2 
24.373 -35.758 8.75248 -0.90568 2 
26.939 -35.758 8.72433 -0.96441 2 
29.504 -35.758 8.86231 -0.89276 2 
32.070 -35.758 8.90672 -0.79055 2 
34.636 -35.758 8.88833 -0.82892 2 
37.201 -35.758 8.98637 -0.77547 2 
39.767 -35.758 8.87198 -0.66955 2 
42.332 -35.758 8.99726 -0.67172 2 
44.898 -35.758 9.22210 -0.69562 2 
47.464 -35.758 8.90586 -0.58449 2 
50.029 -35.758 9.10332 -0.51375 2 
52.595 -35.758 9.17508 -0.54207 2 
55.160 -35.758 9.05193 -0.35429 2 
57.726 -35.758 9.23822 -0.36189 2 
60.292 -35.758 9.33634 -0.44822 2 
62.857 -35.758 9.21368 -0.29114 2 
65.423 -35.758 9.18137 -0.07532 2 
67.988 -35.758 9.17859 -0.00083 2 
70.554 -35.758 9.30426 0.17411 2 
73.120 -35.758 9.32026 0.26482 2 
75.685 -35.758 9.07395 0.30621 2 
78.251 -35.758 9.13828 0.33884 2 
80.816 -35.758 9.12525 0.53609 2 
83.382 -35.758 8.86902 0.37165 2 
85.948 -35.758 8.80562 0.40314 2 
88.513 -35.758 8.91379 0.51408 2 
91.079 -35.758 8.94707 0.61568 2 
93.644 -35.758 8.84636 0.70798 2 
96.210 -35.758 8.78528 0.55888 2 
98.776 -35.758 8.73436 0.71018 2 
101.341 -35.758 8.62718 0.78306 2 
103.907 -35.758 8.77643 0.65256 2 
106.472 -35.758 8.68165 0.69238 2 
109.038 -35.758 8.43406 0.83597 2 
111.603 -35.758 8.54564 0.76385 2 
114.169 -35.758 8.44676 0.62495 2 
116.735 -35.758 8.67214 0.85324 2 
119.300 -35.758 0.00000 -0.00000 0 
-8.980 -38.324 7.90844 -0.89646 2 
-6.414 -38.324 7.91942 -0.83734 2 
-3.848 -38.324 7.87203 -0.78292 2 
-1.283 -38.324 8.13063 -0.98459 2 
1.283 -38.324 8.05996 -0.83598 2 
3.848 -38.324 8.22912 -1.06367 2 
6.414 -38.324 8.24665 -0.94977 2 
8.980 -38.324 8.27680 -0.99565 2 
11.545 -38.324 8.42574 -0.95440 2 
14.111 -38.324 8.39967 -0.88163 2 
16.676 -38.324 8.54317 -0.96822 2 
19.242 -38.324 8.56609 -1.01645 2 
21.808 -38.324 8.71018 -0.89727 2 
24.373 -38.324 8.70284 -0.92066 2 
26.939 -38.324 8.91408 -0.83056 2 
29.504 -38.324 8.90264 -0.84445 2 
32.070 -38.324 8.77708 -0.86702 2 
34.636 -38.324 8.90151 -0.70321 2 
37.201 -38.324 8.88364 -0.84302 2 
39.767 -38.324 8.89017 -0.61947 2 
42.332 -38.324 8.90162 -0.76500 2 
44.898 -38.324 8.96395 -0.44050 2 
47.464 -38.324 9.11993 -0.64370 2 
50.029 -38.324 9.04528 -0.52526 2 
52.595 -38.324 9.16080 -0.57505 2 
55.160 -38.324 9.08461 -0.44931 2 
57.726 -38.324 8.98865 -0.16909 2 
60.292 -38.324 9.23757 -0.27988 2 
62.857 -38.324 9.18685 -0.14566 2 
65.423 -38.324 9.12124 -0.08167 2 
67.988 -38.324 9.22913 0.17082 2 
70.554 -38.324 9.07298 -0.08199 2 
73.120 -38.324 9.13924 0.07543 2 
75.685 -38.324 8.92567 0.24517 2 
78.251 -38.324 9.06732 0.41993 2 
80.816 -38.324 8.96698 0.39992 2 
83.382 -38.324 9.15501 0.56909 2 
85.948 -38.324 8.95903 0.44890 2 
88.513 -38.324 9.05089 0.50677 2 
91.079 -38.324 8.81993 0.47460 2 
93.644 -38.324 8.90247 0.57138 2 
96.210 -38.324 8.83075 0.63074 2 
98.776 -38.324 8.80833 0.77164 2 
101.341 -38.324 8.71240 0.63138 2 
103.907 -38.324 8.69801 0.76404 2 
106.472 -38.324 8.60276 0.76978 2 
109.038 -38.324 8.60591 0.65481 2 
111.603 -38.324 8.45360 0.70877 2 
114.169 -38.324 8.45406 0.72656 2 
116.735 -38.324 8.60652 0.67767 2 
119.300 -38.324 0.00000 -0.00000 0 
-8.980 -40.889 7.85587 -0.77891 2 
-6.414 -40.889 7.96891 -0.80659 2 
-3.848 -40.889 8.20273 -0.88194 2 
-1.283 -40.889 7.99709 -0.74714 2 
1.283 -40.889 7.98633 -0.95671 2 
3.848 -40.889 8.13928 -0.84815 2 
6.414 -40.889 8.12763 -0.90562 2 
8.980 -40.889 8.27849 -0.78634 2 
11.545 -40.889 8.37505 -0.86759 2 
14.111 -40.889 8.50517 -1.16822 2 
16.676 -40.889 8.53479 -0.80244 2 
19.242 -40.889 8.54659 -0.97382 2 
21.808 -40.889 8.60398 -0.93822 2 
24.373 -40.889 8.52940 -0.86465 2 
26.939 -40.889 8.69792 -0.87956 2 
29.504 -40.889 8.78300 -0.84464 2 
32.070 -40.889 8.73803 -0.80443 2 
34.636 -40.889 8.78021 -0.70765 2 
37.201 -40.889 8.86129 -0.70090 2 
39.767 -40.889 8.93973 -0.60469 2 
42.332 -40.889 8.90726 -0.65616 2 
44.898 -40.889 8.95524 -0.76118 2 
47.464 -40.889 9.00437 -0.53369 2 
50.029 -40.889 9.10378 -0.35215 2 
52.595 -40.889 9.06821 -0.49943 2 
55.160 -40.889 9.03136 -0.29563 2 
57.726 -40.889 9.07766 -0.29300 2 
60.292 -40.889 9.03627 -0.27055 2 
62.857 -40.889 9.05180 -0.15956 2 
65.423 -40.889 9.09708 -0.09950 2 
67.988 -40.889 8.98378 -0.03416 2 
70.554 -40.889 9.07057 0.14770 2 
73.120 -40.889 9.00159 0.27655 2 
75.685 -40.889 9.10152 0.29056 2 
78.251 -40.889 9.00528 0.07056 2 
80.816 -40.889 8.94960 0.36028 2 
83.382 -40.889 8.82526 0.35768 2 
85.948 -40.889 8.98041 0.35142 2 
88.513 -40.889 8.86593 0.40350 2 
91.079 -40.889 8.89043 0.52908 2 
93.644 -40.889 8.85242 0.54889 2 
96.210 -40.889 8.67933 0.43254 2 
98.776 -40.889 8.74344 0.58060 2 
101.341 -40.889 8.75472 0.61004 2 
103.907 -40.889 8.69602 0.54931 2 
106.472 -40.889 8.53129 0.67409 2 
109.038 -40.889 8.60958 0.52090 2 
111.603 -40.889 8.66307 0.68613 2 
114.169 -40.889 8.27181 0.74618 2 
116.735 -40.889 8.75763 0.65310 2 
119.300 -40.889 0.00000 -0.00000 0 
-8.980 -43.455 8.04220 -0.73630 2 
-6.414 -43.455 7.98722 -0.81128 2 
-3.848 -43.455 7.93476 -0.69282 2 
-1.283 -43.455 8.06142 -0.72931 2 
1.283 -43.455 8.15490 -0.93425 2 
3.848 -43.455 8.19579 -0.84737 2 
6.414 -43.455 8.25868 -0.83271 2 
8.980 -43.455 8.44738 -0.97014 2 
11.545 -43.455 8.36913 -0.86801 2 
14.111 -43.455 8.41900 -0.73606 2 
16.676 -43.455 8.53246 -0.90088 2 
19.242 -43.455 8.64277 -0.74795 2 
21.808 -43.455 8.65935 -0.93898 2 
24.373 -43.455 8.69693 -0.75820 2 
26.939 -43.455 8.70324 -0.70698 2 
29.504 -43.455 8.72470 -0.72971 2 
32.070 -43.455 8.70189 -0.69092 2 
34.636 -43.455 8.91039 -0.74751 2 
37.201 -43.455 8.80429 -0.67522 2 
39.767 -43.455 8.81968 -0.71563 2 
42.332 -43.455 8.92564 -0.64892 2 
44.898 -43.455 8.94883 -0.54011 2 
47.464 -43.455 8.98086 -0.52617 2 
50.029 -43.455 8.86647 -0.54691 2 
52.595 -43.455 8.86843 -0.49238 2 
55.160 -43.455 8.93331 -0.39990 2 
57.726 -43.455 9.03260 -0.25229 2 
60.292 -43.455 8.97683 -0.20217 2 
62.857 -43.455 9.12122 -0.24034 2 
65.423 -43.455 8.99209 -0.00650 2 
67.988 -43.455 9.01638 -0.03764 2 
70.554 -43.455 8.94216 0.02606 2 
73.120 -43.455 9.07281 0.14475 2 
75.685 -43.455 8.91460 0.16756 2 
78.251 -43.455 9.03422 0.21040 2 
80.816 -43.455 8.92903 0.29572 2 
83.382 -43.455 8.79050 0.31031 2 
85.948 -43.455 8.81199 0.34371 2 
88.513 -43.455 8.88193 0.40407 2 
91.079 -43.455 8.72051 0.56558 2 
93.644 -43.455 8.84586 0.43269 2 
96.210 -43.455 8.74025 0.56631 2 
98.776 -43.455 8.70455 0.53556 2 
101.341 -43.455 8.65409 0.41890 2 
103.907 -43.455 8.60288 0.62115 2 
106.472 -43.455 8.57058 0.66923 2 
109.038 -43.455 8.47313 0.53119 2 
111.603 -43.455 8.46236 0.67143 2 
114.169 -43.455 8.40316 0.54072 2 
116.735 -43.455 8.79751 0.71899 2 
119.300 -43.455 0.00000 -0.00000 0 
-8.980 -46.020 8.02294 -0.63156 2 
-6.414 -46.020 7.97426 -0.78936 2 
-3.848 -46.020 8.08539 -0.73110 2 
-1.283 -46.020 8.09329 -0.84824 2 
1.283 -46.020 8.17227 -0.85908 2 
3.848 -46.020 8.40915 -0.82833 2 
6.414 -46.020 8.18873 -0.88303 2 
8.980 -46.020 8.21100 -0.86353 2 
11.545 -46.020 8.46670 -0.84432 2 
14.111 -46.020 8.38389 -0.76112 2 
16.676 -46.020 8.59463 -0.79405 2 
19.242 -46.020 8.48362 -0.79236 2 
21.808 -46.020 8.54651 -0.76936 2 
24.373 -46.020 8.59007 -0.82320 2 
26.939 -46.020 8.72466 -0.66885 2 
29.504 -46.020 8.59935 -0.74234 2 
32.070 -46.020 8.88898 -0.65483 2 
34.636 -46.020 8.68207 -0.67832 2 
37.201 -46.020 8.79188 -0.70602 2 
39.767 -46.020 8.83333 -0.60877 2 
42.332 -46.020 8.81119 -0.81633 2 
44.898 -46.020 8.90323 -0.55123 2 
47.464 -46.020 8.88276 -0.42051 2 
50.029 -46.020 8.84965 -0.62207 2 
52.595 -46.020 8.91555 -0.46339 2 
55.160 -46.020 8.94162 -0.38899 2 
57.726 -46.020 9.07128 -0.33849 2 
60.292 -46.020 8.83239 -0.24924 2 
62.857 -46.020 9.03160 -0.19392 2 
65.423 -46.020 9.01837 -0.14161 2 
67.988 -46.020 8.89624 0.07750 2 
70.554 -46.020 8.98004 0.05219 2 
73.120 -46.020 8.92025 0.15240 2 
75.685 -46.020 8.94711 0.13939 2 
78.251 -46.020 8.79501 0.07721 2 
80.816 -46.020 8.85452 0.33520 2 
83.382 -46.020 8.82350 0.35325 2 
85.948 -46.020 8.97479 0.32783 2 
88.513 -46.020 8.72383 0.39663 2 
91.079 -46.020 8.78185 0.40448 2 
93.644 -46.020 8.79717 0.47945 2 
96.210 -46.020 8.75650 0.59957 2 
98.776 -46.020 8.73198 0.24690 2 
101.341 -46.020 8.68665 0.57091 2 
103.907 -46.020 8.63005 0.54743 2 
106.472 -46.020 8.57073 0.42387 2 
109.038 -46.020 8.60745 0.43916 2 
111.603 -46.020 8.45485 0.63553 2 
114.169 -46.020 8.51862 0.56481 2 
116.735 -46.020 8.83739 0.78488 2 
119.300 -46.020 0.00000 -0.00000 0 
-8.980 -48.586 8.06722 -0.78953 2 
-6.414 -48.586 7.90015 -0.69920 2 
-3.848 -48.586 8.02137 -0.63596 2 
-1.283 -48.586 8.09772 -0.80443 2 
1.283 -48.586 8.14686 -0.66547 2 
3.848 -48.586 8.07664 -0.89647 2 
6.414 -48.586 8.20980 -0.77795 2 
8.980 -48.586 8.34310 -0.81953 2 
11.545 -48.586 8.36213 -0.83854 2 
14.111 -48.586 8.41389 -0.76176 2 
16.676 -48.586 8.64535 -0.82038 2 
19.242 -48.586 8.57585 -0.71348 2 
21.808 -48.586 8.50078 -0.77881 2 
24.373 -48.586 8.63351 -0.74985 2 
26.939 -48.586 8.62262 -0.66266 2 
29.504 -48.586 8.84518 -0.65503 2 
32.070 -48.586 8.68490 -0.57799 2 
34.636 -48.586 8.73303 -0.62127 2 
37.201 -48.586 8.78531 -0.65197 2 
39.767 -48.586 8.88926 -0.60444 2 
42.332 -48.586 8.78884 -0.60907 2 
44.898 -48.586 8.85097 -0.49791 2 
47.464 -48.586 8.73044 -0.39734 2 
50.029 -48.586 8.76496 -0.32288 2 
52.595 -48.586 9.00713 -0.30174 2 
55.160 -48.586 9.07023 -0.28668 2 
57.726 -48.586 8.91048 -0.13060 2 
60.292 -48.586 8.87488 -0.32213 2 
62.857 -48.586 8.85368 -0.09535 2 
65.423 -48.586 8.86085 -0.03230 2 
67.988 -48.586 8.94834 -0.08899 2 
70.554 -48.586 8.92966 0.03661 2 
73.120 -48.586 8.86554 0.11682 2 
75.685 -48.586 8.84099 0.16448 2 
78.251 -48.586 8.86316 0.24076 2 
80.816 -48.586 8.90211 0.24045 2 
83.382 -48.586 8.84931 0.40874 2 
85.948 -48.586 8.76945 0.17517 2 
88.513 -48.586 8.75909 0.40730 2 
91.079 -48.586 8.70524 0.43842 2 
93.644 -48.586 8.65035 0.34184 2 
96.210 -48.586 8.71949 0.57115 2 
98.776 -48.586 8.66697 0.42577 2 
101.341 -48.586 8.66516 0.44748 2 
103.907 -48.586 8.51976 0.56493 2 
106.472 -48.586 8.56876 0.43642 2 
109.038 -48.586 8.39869 0.71573 2 
111.603 -48.586 8.52648 0.34885 2 
114.169 -48.586 8.35252 0.39751 2 
116.735 -48.586 8.58549 0.48333 2 
119.300 -48.586 0.00000 -0.00000 0 
-8.980 -51.152 7.88590 -0.70401 2 
-6.414 -51.152 8.11682 -0.76440 2 
-3.848 -51.152 7.97224 -0.70479 2 
-1.283 -51.152 8.13456 -0.63788 2 
1.283 -51.152 8.20839 -0.85292 2 
3.848 -51.152 8.18208 -0.76401 2 
6.414 -51.152 8.23051 -0.68630 2 
8.980 -51.152 8.41951 -0.74894 2 
11.545 -51.152 8.41591 -0.83017 2 
14.111 -51.152 8.29358 -0.78476 2 
16.676 -51.152 8.43333 -0.74785 2 
19.242 -51.152 8.58225 -0.66676 2 
21.808 -51.152 8.49870 -0.74988 2 
24.373 -51.152 8.61321 -0.75036 2 
26.939 -51.152 8.55913 -0.68402 2 
29.504 -51.152 8.56699 -0.58916 2 
32.070 -51.152 8.63068 -0.73206 2 
34.636 -51.152 8.76507 -0.69453 2 
37.201 -51.152 8.61586 -0.64199 2 
39.767 -51.152 8.68607 -0.51843 2 
42.332 -51.152 8.87420 -0.58014 2 
44.898 -51.152 8.76773 -0.46002 2 
47.464 -51.152 8.87935 -0.38288 2 
50.029 -51.152 8.97992 -0.44780 2 
52.595 -51.152 8.79105 -0.23833 2 
55.160 -51.152 8.85359 -0.36850 2 
57.726 -51.152 8.87583 -0.19446 2 
60.292 -51.152 8.87213 -0.29288 2 
62.857 -51.152 8.87230 -0.13447 2 
65.423 -51.152 8.89618 -0.09491 2 
67.988 -51.152 8.84503 -0.04876 2 
70.554 -51.152 8.92460 0.14283 2 
73.120 -51.152 8.75977 -0.13229 2 
75.685 -51.152 9.01089 0.17169 2 
78.251 -51.152 8.83251 0.12669 2 
80.816 -51.152 8.85251 0.23386 2 
83.382 -51.152 8.72875 0.25203 2 
85.948 -51.152 8.86578 0.28219 2 
88.513 -51.152 8.78561 0.22031 2 
91.079 -51.152 8.85864 0.14174 2 
93.644 -51.152 8.65502 0.40757 2 
96.210 -51.152 8.56660 0.41436 2 
98.776 -51.152 8.55427 0.49368 2 
101.341 -51.152 8.81910 0.45004 2 
103.907 -51.152 8.55010 0.46910 2 
106.472 -51.152 8.61289 0.52427 2 
109.038 -51.152 8.56353 0.47381 2 
111.603 -51.152 8.55941 0.58442 2 
114.169 -51.152 8.51561 0.60305 2 
116.735 -51.152 8.62433 0.47479 2 
119.300 -51.152 0.00000 -0.00000 0 
-8.980 -53.717 0.00000 -0.00000 0 
-6.414 -53.717 8.18744 -0.72764 2 
-3.848 -53.717 8.21694 -0.72672 2 
-1.283 -53.717 8.16639 -0.73516 2 
1.283 -53.717 8.35932 -0.74659 2 
3.848 -53.717 8.17211 -0.75707 2 
6.414 -53.717 8.52941 -0.61550 2 
8.980 -53.717 8.48221 -0.87060 2 
11.545 -53.717 8.58696 -0.81764 2 
14.111 -53.717 8.57334 -0.63027 2 
16.676 -53.717 8.66765 -0.71890 2 
19.242 -53.717 8.74716 -0.77177 2 
21.808 -53.717 8.91459 -0.88315 2 
24.373 -53.717 8.78127 -0.61365 2 
26.939 -53.717 8.90965 -0.79360 2 
29.504 -53.717 9.07187 -0.62184 2 
32.070 -53.717 8.97072 -0.53373 2 
34.636 -53.717 8.87948 -0.57602 2 
37.201 -53.717 8.79255 -0.62869 2 
39.767 -53.717 8.82651 -0.67276 2 
42.332 -53.717 8.86046 -0.71683 2 
44.898 -53.717 8.81635 -0.31028 2 
47.464 -53.717 8.79551 -0.52430 2 
50.029 -53.717 8.86507 -0.38201 2 
52.595 -53.717 8.71277 -0.57621 2 
55.160 -53.717 8.90878 -0.49944 2 
57.726 -53.717 8.72718 -0.27943 2 
60.292 -53.717 8.90239 -0.17271 2 
62.857 -53.717 8.86154 -0.20776 2 
65.423 -53.717 8.87478 -0.00689 2 
67.988 -53.717 8.92288 -0.03601 2 
70.554 -53.717 8.82512 -0.19324 2 
73.120 -53.717 8.89613 0.22757 2 
75.685 -53.717 8.71415 0.11047 2 
78.251 -53.717 8.82432 0.34261 2 
80.816 -53.717 8.78420 0.21145 2 
83.382 -53.717 8.75763 0.25104 2 
85.948 -53.717 8.88449 0.20293 2 
88.513 -53.717 8.73583 0.47936 2 
91.079 -53.717 8.74571 0.45172 2 
93.644 -53.717 8.93664 0.31913 2 
96.210 -53.717 8.79159 0.44555 2 
98.776 -53.717 8.74225 0.47163 2 
101.341 -53.717 8.87814 0.43702 2 
103.907 -53.717 8.69722 0.35117 2 
106.472 -53.717 8.64838 0.40133 2 
109.038 -53.717 8.26490 0.29142 2 
111.603 -53.717 8.58015 0.45522 2 
114.169 -53.717 8.82314 0.37162 2 
116.735 -53.717 0.00000 -0.00000 0 
119.300 -53.717 0.00000 -0.00000 0 
-8.980 -56.283 0.00000 -0.00000 0 
-6.414 -56.283 0.00000 -0.00000 0 
-3.848 -56.283 0.00000 -0.00000 0 
-1.283 -56.283 0.00000 -0.00000 0 
1.283 -56.283 0.00000 -0.00000 0 
3.848 -56.283 0.00000 -0.00000 0 
6.414 -56.283 0.00000 -0.00000 0 
8.980 -56.283 0.00000 -0.00000 0 
11.545 -56.283 0.00000 -0.00000 0 
14.111 -56.283 0.00000 -0.00000 0 
16.676 -56.283 0.00000 -0.00000 0 
19.242 -56.283 0.00000 -0.00000 0 
21.808 -56.283 0.00000 -0.00000 0 
24.373 -56.283 0.00000 -0.00000 0 
26.939 -56.283 0.00000 -0.00000 0 
29.504 -56.283 0.00000 -0.00000 0 
32.070 -56.283 0.00000 -0.00000 0 
34.636 -56.283 0.00000 -0.00000 0 
37.201 -56.283 0.00000 -0.00000 0 
39.767 -56.283 0.00000 -0.00000 0 
42.332 -56.283 0.00000 -0.00000 0 
44.898 -56.283 0.00000 -0.00000 0 
47.464 -56.283 0.00000 -0.00000 0 
50.029 -56.283 8.74528 -0.04744 2 
52.595 -56.283 8.88347 -0.25313 2 
55.160 -56.283 8.75826 -0.21841 2 
57.726 -56.283 8.83049 -0.15261 2 
60.292 -56.283 8.74912 -0.25160 2 
62.857 -56.283 8.94454 -0.22609 2 
65.423 -56.283 8.72173 -0.19870 2 
67.988 -56.283 8.76889 -0.14361 2 
70.554 -56.283 8.78078 -0.07571 2 
73.120 -56.283 8.81806 0.09573 2 
75.685 -56.283 8.73357 0.12450 2 
78.251 -56.283 8.83859 0.16748 2 
80.816 -56.283 8.76614 0.06115 2 
83.382 -56.283 8.71337 0.24366 2 
85.948 -56.283 8.86564 0.03597 2 
88.513 -56.283 8.74180 0.20197 2 
91.079 -56.283 9.04908 0.26066 2 
93.644 -56.283 0.00000 -0.00000 0 
96.210 -56.283 0.00000 -0.00000 0 
98.776 -56.283 0.00000 -0.00000 0 
101.341 -56.283 0.00000 -0.00000 0 
103.907 -56.283 0.00000 -0.00000 0 
106.472 -56.283 0.00000 -0.00000 0 
109.038 -56.283 0.00000 -0.00000 0 
111.603 -56.283 0.00000 -0.00000 0 
114.169 -56.283 0.00000 -0.00000 0 
116.735 -56.283 0.00000 -0.00000 0 
119.300 -56.283 0.00000 -0.00000 0 
