TITLE = "B00044"
VARIABLES = "X [mm]", "Y [mm]", "Vx [m/s]", "Vy [m/s]", "Flag"
ZONE T="Frame 1", I=51, J=39, F=POINT
-8.980 41.210 7.17281 0.33454 2 
-6.414 41.210 7.28874 0.45176 2 
-3.848 41.210 7.17845 0.37727 2 
-1.283 41.210 7.26745 0.32063 2 
1.283 41.210 7.77598 0.35804 2 
3.848 41.210 0.00000 -0.00000 0 
6.414 41.210 0.00000 -0.00000 0 
8.980 41.210 0.00000 -0.00000 0 
11.545 41.210 0.00000 -0.00000 0 
14.111 41.210 0.00000 -0.00000 0 
16.676 41.210 0.00000 -0.00000 0 
19.242 41.210 0.80375 0.01734 2 
21.808 41.210 8.31592 0.59613 2 
24.373 41.210 7.38798 0.66683 2 
26.939 41.210 7.46921 0.65142 2 
29.504 41.210 7.42947 0.70957 2 
32.070 41.210 7.72597 0.82127 2 
34.636 41.210 7.50768 0.86895 2 
37.201 41.210 7.65303 0.78558 2 
39.767 41.210 7.83300 0.83953 2 
42.332 41.210 7.56551 0.88405 2 
44.898 41.210 7.80957 0.89112 2 
47.464 41.210 7.84177 0.89152 2 
50.029 41.210 8.07332 0.84821 2 
52.595 41.210 8.09967 0.79499 2 
55.160 41.210 8.00532 0.94763 2 
57.726 41.210 8.13150 0.81865 2 
60.292 41.210 8.25768 0.68966 2 
62.857 41.210 8.27093 0.65213 2 
65.423 41.210 8.36512 0.89185 2 
67.988 41.210 8.16489 0.65531 2 
70.554 41.210 8.44627 0.72846 2 
73.120 41.210 8.28350 0.80913 2 
75.685 41.210 8.47071 0.46885 2 
78.251 41.210 8.28919 0.69836 2 
80.816 41.210 0.00000 0.00000 0 
83.382 41.210 8.55443 0.50049 2 
85.948 41.210 8.63120 0.48718 2 
88.513 41.210 8.52682 0.43706 2 
91.079 41.210 8.50961 0.36392 2 
93.644 41.210 8.69420 0.30297 2 
96.210 41.210 8.62564 0.18306 2 
98.776 41.210 8.76005 0.26632 2 
101.341 41.210 8.55375 0.17691 2 
103.907 41.210 8.54318 -0.23626 2 
106.472 41.210 8.63220 -0.05317 2 
109.038 41.210 8.65334 -0.24992 2 
111.603 41.210 8.67502 -0.10596 2 
114.169 41.210 8.88072 -0.34009 2 
116.735 41.210 0.00000 -0.00000 0 
119.300 41.210 0.00000 -0.00000 0 
-8.980 38.644 7.26983 0.24841 2 
-6.414 38.644 7.28177 0.35195 2 
-3.848 38.644 7.22465 0.34167 2 
-1.283 38.644 7.14403 0.47364 2 
1.283 38.644 7.58139 0.48054 2 
3.848 38.644 0.00000 -0.00000 0 
6.414 38.644 0.00000 -0.00000 0 
8.980 38.644 0.00000 -0.00000 0 
11.545 38.644 0.00000 -0.00000 0 
14.111 38.644 0.00000 -0.00000 0 
16.676 38.644 0.00000 -0.00000 0 
19.242 38.644 0.11284 -0.25412 2 
21.808 38.644 8.01829 0.79618 2 
24.373 38.644 7.34832 0.82946 2 
26.939 38.644 7.40519 0.78629 2 
29.504 38.644 7.30277 0.90113 2 
32.070 38.644 7.43520 0.72771 2 
34.636 38.644 7.79370 0.77834 2 
37.201 38.644 7.59296 0.99780 2 
39.767 38.644 7.62550 0.74218 2 
42.332 38.644 7.86417 0.93482 2 
44.898 38.644 7.75185 0.97500 2 
47.464 38.644 7.97775 0.77465 2 
50.029 38.644 8.01071 0.87525 2 
52.595 38.644 8.27195 0.73626 2 
55.160 38.644 8.11939 0.85629 2 
57.726 38.644 8.08602 0.91373 2 
60.292 38.644 8.23342 0.91275 2 
62.857 38.644 8.26927 0.80719 2 
65.423 38.644 8.41767 0.84390 2 
67.988 38.644 8.33408 0.72457 2 
70.554 38.644 8.37587 0.83251 2 
73.120 38.644 8.58721 0.64792 2 
75.685 38.644 8.40859 0.87888 2 
78.251 38.644 8.50504 0.54669 2 
80.816 38.644 0.00000 0.00000 0 
83.382 38.644 8.57046 0.55583 2 
85.948 38.644 8.70601 0.40504 2 
88.513 38.644 8.74458 0.34655 2 
91.079 38.644 8.69663 0.35276 2 
93.644 38.644 8.67865 0.09717 2 
96.210 38.644 8.64964 0.28126 2 
98.776 38.644 8.73319 0.03394 2 
101.341 38.644 8.62315 0.21913 2 
103.907 38.644 8.70476 0.00320 2 
106.472 38.644 8.70832 -0.05469 2 
109.038 38.644 8.53889 -0.12067 2 
111.603 38.644 8.67268 -0.07629 2 
114.169 38.644 8.77635 -0.17039 2 
116.735 38.644 8.80537 0.08153 2 
119.300 38.644 0.00000 -0.00000 0 
-8.980 36.079 7.13563 0.40489 2 
-6.414 36.079 7.10631 0.47167 2 
-3.848 36.079 7.09392 0.44015 2 
-1.283 36.079 7.21010 0.40642 2 
1.283 36.079 7.50148 0.58569 2 
3.848 36.079 0.00000 -0.00000 0 
6.414 36.079 0.00000 -0.00000 0 
8.980 36.079 0.00000 -0.00000 0 
11.545 36.079 0.00000 -0.00000 0 
14.111 36.079 0.00000 -0.00000 0 
16.676 36.079 0.00000 -0.00000 0 
19.242 36.079 2.02662 0.08123 2 
21.808 36.079 7.36923 0.83136 2 
24.373 36.079 7.37795 0.84590 2 
26.939 36.079 7.52255 0.85277 2 
29.504 36.079 7.58569 0.97990 2 
32.070 36.079 7.57624 0.85183 2 
34.636 36.079 7.48050 0.90912 2 
37.201 36.079 7.80510 1.04761 2 
39.767 36.079 7.72420 0.92825 2 
42.332 36.079 7.64543 0.93771 2 
44.898 36.079 7.82378 0.95294 2 
47.464 36.079 7.85603 0.96824 2 
50.029 36.079 8.03458 0.83249 2 
52.595 36.079 8.06560 1.04212 2 
55.160 36.079 8.20043 1.00619 2 
57.726 36.079 8.18356 0.80076 2 
60.292 36.079 8.23168 0.86905 2 
62.857 36.079 8.08599 0.96511 2 
65.423 36.079 8.26047 0.96941 2 
67.988 36.079 8.31107 0.73750 2 
70.554 36.079 8.44466 0.83483 2 
73.120 36.079 8.58707 0.90315 2 
75.685 36.079 8.48281 0.68728 2 
78.251 36.079 8.75862 0.72778 2 
80.816 36.079 0.00000 0.00000 0 
83.382 36.079 8.58649 0.61117 2 
85.948 36.079 8.55805 0.66083 2 
88.513 36.079 8.84926 0.48738 2 
91.079 36.079 8.46593 0.31678 2 
93.644 36.079 8.81267 0.30143 2 
96.210 36.079 8.67149 0.29370 2 
98.776 36.079 8.59887 0.13693 2 
101.341 36.079 8.82301 0.14876 2 
103.907 36.079 8.68511 0.22122 2 
106.472 36.079 8.73364 -0.26432 2 
109.038 36.079 8.73944 -0.11220 2 
111.603 36.079 8.56410 -0.22366 2 
114.169 36.079 8.78698 -0.34542 2 
116.735 36.079 8.90938 -0.54265 2 
119.300 36.079 0.00000 -0.00000 0 
-8.980 33.513 7.13297 0.25233 2 
-6.414 33.513 7.16647 0.28127 2 
-3.848 33.513 7.05998 0.40461 2 
-1.283 33.513 7.15966 0.33640 2 
1.283 33.513 7.30230 0.59351 2 
3.848 33.513 0.00000 -0.00000 0 
6.414 33.513 0.00000 -0.00000 0 
8.980 33.513 0.00000 -0.00000 0 
11.545 33.513 0.00000 -0.00000 0 
14.111 33.513 0.00000 -0.00000 0 
16.676 33.513 0.00000 -0.00000 0 
19.242 33.513 3.94039 0.41658 2 
21.808 33.513 7.88078 0.83317 2 
24.373 33.513 7.24650 0.88298 2 
26.939 33.513 7.37308 1.00646 2 
29.504 33.513 7.45747 0.81353 2 
32.070 33.513 7.56527 0.96412 2 
34.636 33.513 7.57354 0.84028 2 
37.201 33.513 7.72089 0.96574 2 
39.767 33.513 7.63645 0.92645 2 
42.332 33.513 7.58060 1.14338 2 
44.898 33.513 7.72804 0.82101 2 
47.464 33.513 7.94019 0.95829 2 
50.029 33.513 8.04549 1.07198 2 
52.595 33.513 8.05578 1.02362 2 
55.160 33.513 8.09914 0.87209 2 
57.726 33.513 8.20668 0.91332 2 
60.292 33.513 8.24571 0.96416 2 
62.857 33.513 8.57316 0.75680 2 
65.423 33.513 8.48529 0.84270 2 
67.988 33.513 8.46286 1.07737 2 
70.554 33.513 8.48879 0.88028 2 
73.120 33.513 8.47919 0.86367 2 
75.685 33.513 8.79038 0.73761 2 
78.251 33.513 8.78656 0.64869 2 
80.816 33.513 0.00000 0.00000 0 
83.382 33.513 8.83511 0.52405 2 
85.948 33.513 8.87731 0.48328 2 
88.513 33.513 8.72796 0.40721 2 
91.079 33.513 8.83052 0.32823 2 
93.644 33.513 8.90306 0.36621 2 
96.210 33.513 8.79518 0.28118 2 
98.776 33.513 8.74140 0.03846 2 
101.341 33.513 8.63274 0.02621 2 
103.907 33.513 8.73464 -0.04027 2 
106.472 33.513 8.79146 -0.06216 2 
109.038 33.513 8.89426 0.01369 2 
111.603 33.513 8.69346 -0.12535 2 
114.169 33.513 8.58479 -0.08391 2 
116.735 33.513 8.91736 -0.35348 2 
119.300 33.513 0.00000 -0.00000 0 
-8.980 30.948 7.05904 0.30350 2 
-6.414 30.948 7.10769 0.29690 2 
-3.848 30.948 7.14065 0.40200 2 
-1.283 30.948 7.13801 0.40766 2 
1.283 30.948 7.49276 0.48156 2 
3.848 30.948 0.00000 -0.00000 0 
6.414 30.948 0.00000 -0.00000 0 
8.980 30.948 0.00000 -0.00000 0 
11.545 30.948 0.00000 -0.00000 0 
14.111 30.948 0.00000 -0.00000 0 
16.676 30.948 0.00000 -0.00000 0 
19.242 30.948 3.83308 0.51026 2 
21.808 30.948 7.66615 1.02053 2 
24.373 30.948 7.26579 0.85821 2 
26.939 30.948 7.35254 0.82240 2 
29.504 30.948 7.43422 1.10832 2 
32.070 30.948 7.33021 1.04283 2 
34.636 30.948 7.43469 1.05758 2 
37.201 30.948 7.52356 1.16430 2 
39.767 30.948 7.61316 0.97823 2 
42.332 30.948 7.66483 0.99428 2 
44.898 30.948 7.84379 1.13148 2 
47.464 30.948 7.79752 0.93762 2 
50.029 30.948 8.01736 1.14257 2 
52.595 30.948 7.99298 1.08276 2 
55.160 30.948 8.13962 1.08350 2 
57.726 30.948 8.33400 1.00487 2 
60.292 30.948 8.34966 1.21462 2 
62.857 30.948 8.07871 0.89336 2 
65.423 30.948 8.52996 1.03841 2 
67.988 30.948 8.43771 0.80666 2 
70.554 30.948 8.48548 0.81305 2 
73.120 30.948 8.65699 0.93390 2 
75.685 30.948 8.45962 0.81042 2 
78.251 30.948 8.72438 0.97091 2 
80.816 30.948 0.00000 0.00000 0 
83.382 30.948 8.80645 0.61048 2 
85.948 30.948 8.81517 0.61294 2 
88.513 30.948 8.66734 0.37437 2 
91.079 30.948 9.08496 0.55919 2 
93.644 30.948 8.77414 0.03325 2 
96.210 30.948 8.81071 0.12042 2 
98.776 30.948 8.87106 0.19692 2 
101.341 30.948 8.89831 -0.11062 2 
103.907 30.948 8.70721 -0.13395 2 
106.472 30.948 8.68497 -0.30778 2 
109.038 30.948 8.59218 -0.13847 2 
111.603 30.948 8.61540 -0.20297 2 
114.169 30.948 8.65304 -0.04236 2 
116.735 30.948 8.86874 -0.18352 2 
119.300 30.948 0.00000 -0.00000 0 
-8.980 28.382 7.01305 0.30226 2 
-6.414 28.382 7.07172 0.39716 2 
-3.848 28.382 6.96694 0.25910 2 
-1.283 28.382 7.01775 0.46031 2 
1.283 28.382 7.23679 0.52956 2 
3.848 28.382 3.72284 0.22281 2 
6.414 28.382 0.00000 -0.00000 0 
8.980 28.382 0.00000 -0.00000 0 
11.545 28.382 0.00000 -0.00000 0 
14.111 28.382 0.00000 -0.00000 0 
16.676 28.382 2.19807 0.70085 2 
19.242 28.382 4.39614 1.40169 2 
21.808 28.382 7.57906 1.02432 2 
24.373 28.382 7.15397 1.08705 2 
26.939 28.382 7.19428 1.04902 2 
29.504 28.382 7.39148 1.04569 2 
32.070 28.382 7.56015 0.91362 2 
34.636 28.382 7.55874 1.23149 2 
37.201 28.382 7.57147 1.07481 2 
39.767 28.382 7.61418 1.05605 2 
42.332 28.382 7.76900 1.11039 2 
44.898 28.382 7.78856 1.08346 2 
47.464 28.382 7.84822 1.07248 2 
50.029 28.382 7.98720 1.08286 2 
52.595 28.382 7.95469 1.04606 2 
55.160 28.382 8.19217 1.11643 2 
57.726 28.382 8.35482 1.00650 2 
60.292 28.382 8.27138 1.24524 2 
62.857 28.382 8.17865 0.86286 2 
65.423 28.382 8.58660 1.21956 2 
67.988 28.382 8.41533 0.89457 2 
70.554 28.382 8.48522 1.15183 2 
73.120 28.382 8.68755 0.77302 2 
75.685 28.382 8.86097 0.88291 2 
78.251 28.382 8.77229 0.79128 2 
80.816 28.382 8.79079 0.84177 2 
83.382 28.382 8.81959 0.60251 2 
85.948 28.382 8.84838 0.36326 2 
88.513 28.382 8.89638 0.30921 2 
91.079 28.382 8.88334 0.45969 2 
93.644 28.382 8.99231 0.25883 2 
96.210 28.382 9.02037 0.24249 2 
98.776 28.382 8.91106 0.12004 2 
101.341 28.382 8.78476 -0.05385 2 
103.907 28.382 8.96291 -0.28648 2 
106.472 28.382 8.72567 -0.18372 2 
109.038 28.382 8.74874 -0.25852 2 
111.603 28.382 8.75823 -0.05144 2 
114.169 28.382 8.76325 -0.31089 2 
116.735 28.382 8.83641 -0.00195 2 
119.300 28.382 0.00000 -0.00000 0 
-8.980 25.816 6.98623 0.20105 2 
-6.414 25.816 6.98700 0.28758 2 
-3.848 25.816 7.01455 0.28710 2 
-1.283 25.816 6.96354 0.32237 2 
1.283 25.816 6.98083 0.57755 2 
3.848 25.816 7.44568 0.44563 2 
6.414 25.816 0.00000 -0.00000 0 
8.980 25.816 0.00000 -0.00000 0 
11.545 25.816 0.00000 -0.00000 0 
14.111 25.816 0.00000 -0.00000 0 
16.676 25.816 3.79130 0.59206 2 
19.242 25.816 7.58261 1.18412 2 
21.808 25.816 7.16633 0.97565 2 
24.373 25.816 7.23003 1.01397 2 
26.939 25.816 7.20594 0.91755 2 
29.504 25.816 7.32430 1.25360 2 
32.070 25.816 7.40682 1.13510 2 
34.636 25.816 7.29549 1.16353 2 
37.201 25.816 7.51807 1.22046 2 
39.767 25.816 7.63653 1.18578 2 
42.332 25.816 7.78243 1.14363 2 
44.898 25.816 7.76087 1.22275 2 
47.464 25.816 7.82806 1.19799 2 
50.029 25.816 7.94650 1.02179 2 
52.595 25.816 8.03584 1.10399 2 
55.160 25.816 8.16832 1.35570 2 
57.726 25.816 8.19322 1.26190 2 
60.292 25.816 8.08221 1.11003 2 
62.857 25.816 8.51560 1.24773 2 
65.423 25.816 8.37643 0.92144 2 
67.988 25.816 8.62253 1.16591 2 
70.554 25.816 8.51165 0.85730 2 
73.120 25.816 8.71067 1.03004 2 
75.685 25.816 8.73211 0.76851 2 
78.251 25.816 8.83908 0.86283 2 
80.816 25.816 8.79185 0.75806 2 
83.382 25.816 0.00000 0.00000 0 
85.948 25.816 8.71154 0.50276 2 
88.513 25.816 9.24473 0.45843 2 
91.079 25.816 8.96405 0.36088 2 
93.644 25.816 9.00091 0.11726 2 
96.210 25.816 9.05767 0.16032 2 
98.776 25.816 8.99605 0.10599 2 
101.341 25.816 8.91352 -0.08501 2 
103.907 25.816 8.77706 -0.06394 2 
106.472 25.816 8.65003 -0.08120 2 
109.038 25.816 8.57191 -0.10776 2 
111.603 25.816 8.37892 0.07494 2 
114.169 25.816 8.58448 0.49161 2 
116.735 25.816 8.80407 0.17962 2 
119.300 25.816 0.00000 -0.00000 0 
-8.980 23.251 6.95940 0.09985 2 
-6.414 23.251 7.02092 0.28062 2 
-3.848 23.251 6.94543 0.23404 2 
-1.283 23.251 6.95451 0.40782 2 
1.283 23.251 6.87815 0.45442 2 
3.848 23.251 7.13411 0.37045 2 
6.414 23.251 0.00000 -0.00000 0 
8.980 23.251 0.00000 -0.00000 0 
11.545 23.251 0.00000 -0.00000 0 
14.111 23.251 0.00000 -0.00000 0 
16.676 23.251 4.02700 0.44117 2 
19.242 23.251 8.05401 0.88235 2 
21.808 23.251 6.96805 1.04045 2 
24.373 23.251 7.24403 1.06458 2 
26.939 23.251 7.35112 1.34363 2 
29.504 23.251 7.27594 1.11624 2 
32.070 23.251 7.42978 1.13651 2 
34.636 23.251 7.48589 1.21525 2 
37.201 23.251 7.56402 1.34695 2 
39.767 23.251 7.65683 1.11749 2 
42.332 23.251 7.80921 1.32141 2 
44.898 23.251 7.75035 1.25941 2 
47.464 23.251 7.80754 1.26457 2 
50.029 23.251 8.15518 1.21259 2 
52.595 23.251 7.87589 1.32215 2 
55.160 23.251 8.14136 1.17976 2 
57.726 23.251 8.28118 1.21281 2 
60.292 23.251 8.33617 1.22781 2 
62.857 23.251 8.58654 1.17878 2 
65.423 23.251 8.35110 1.03549 2 
67.988 23.251 8.61551 1.31133 2 
70.554 23.251 8.67324 1.01395 2 
73.120 23.251 8.64397 1.06114 2 
75.685 23.251 8.65212 1.27413 2 
78.251 23.251 8.87458 0.95204 2 
80.816 23.251 6.76338 0.59919 2 
83.382 23.251 0.00000 0.00000 0 
85.948 23.251 8.57471 0.64226 2 
88.513 23.251 6.68486 0.55469 2 
91.079 23.251 9.48341 0.36029 2 
93.644 23.251 9.28346 0.28056 2 
96.210 23.251 9.35116 0.07836 2 
98.776 23.251 9.04764 0.04405 2 
101.341 23.251 9.18140 -0.21422 2 
103.907 23.251 8.97786 -0.44562 2 
106.472 23.251 8.52954 -0.54042 2 
109.038 23.251 8.34215 -0.05325 2 
111.603 23.251 8.31279 0.22346 2 
114.169 23.251 8.35295 0.52628 2 
116.735 23.251 9.80755 0.16032 2 
119.300 23.251 0.00000 -0.00000 0 
-8.980 20.685 6.83304 0.16901 2 
-6.414 20.685 6.98114 0.21707 2 
-3.848 20.685 6.89029 0.34922 2 
-1.283 20.685 6.77410 0.31338 2 
1.283 20.685 6.81883 0.41859 2 
3.848 20.685 6.96412 0.62786 2 
6.414 20.685 0.00000 -0.00000 0 
8.980 20.685 0.00000 -0.00000 0 
11.545 20.685 0.00000 -0.00000 0 
14.111 20.685 0.00000 -0.00000 0 
16.676 20.685 3.66274 0.62483 2 
19.242 20.685 7.32549 1.24966 2 
21.808 20.685 7.00392 1.13724 2 
24.373 20.685 7.15081 1.22894 2 
26.939 20.685 7.15302 1.21103 2 
29.504 20.685 7.29969 1.24507 2 
32.070 20.685 7.44145 1.27206 2 
34.636 20.685 7.43326 1.49773 2 
37.201 20.685 7.48071 1.43467 2 
39.767 20.685 7.58948 1.35969 2 
42.332 20.685 7.64380 1.44048 2 
44.898 20.685 7.81345 1.23802 2 
47.464 20.685 7.82519 1.42353 2 
50.029 20.685 7.98873 1.54830 2 
52.595 20.685 8.14948 1.23628 2 
55.160 20.685 8.23637 1.40717 2 
57.726 20.685 8.38887 1.22252 2 
60.292 20.685 8.18309 1.34487 2 
62.857 20.685 8.36210 1.14021 2 
65.423 20.685 8.21941 1.15205 2 
67.988 20.685 8.89838 1.18034 2 
70.554 20.685 8.59219 1.02377 2 
73.120 20.685 8.92960 1.18751 2 
75.685 20.685 9.18672 1.15033 2 
78.251 20.685 9.02469 0.97940 2 
80.816 20.685 4.73491 0.44031 2 
83.382 20.685 0.00000 0.00000 0 
85.948 20.685 0.00000 0.00000 0 
88.513 20.685 0.00000 0.00000 0 
91.079 20.685 7.84389 0.11675 2 
93.644 20.685 8.95806 0.06665 2 
96.210 20.685 9.78154 0.03917 2 
98.776 20.685 9.23022 0.37190 2 
101.341 20.685 9.47613 -0.04807 2 
103.907 20.685 9.45486 -0.82932 2 
106.472 20.685 8.40905 -0.99964 2 
109.038 20.685 7.75200 -0.69144 2 
111.603 20.685 7.58058 0.26580 2 
114.169 20.685 8.52019 0.62339 2 
116.735 20.685 10.81102 0.14101 2 
119.300 20.685 0.00000 -0.00000 0 
-8.980 18.120 7.10723 -0.00817 2 
-6.414 18.120 6.92223 0.29494 2 
-3.848 18.120 6.79347 0.13342 2 
-1.283 18.120 6.81390 0.21372 2 
1.283 18.120 6.62044 0.55234 2 
3.848 18.120 7.12749 0.43393 2 
6.414 18.120 0.00000 -0.00000 0 
8.980 18.120 0.00000 -0.00000 0 
11.545 18.120 0.00000 -0.00000 0 
14.111 18.120 0.00000 -0.00000 0 
16.676 18.120 0.33071 0.72370 2 
19.242 18.120 7.29394 1.13716 2 
21.808 18.120 6.98064 1.03416 2 
24.373 18.120 7.12534 1.30146 2 
26.939 18.120 7.17741 1.33022 2 
29.504 18.120 7.37296 1.48135 2 
32.070 18.120 7.29471 1.50950 2 
34.636 18.120 7.53968 1.27277 2 
37.201 18.120 7.40076 1.64039 2 
39.767 18.120 7.68187 1.44378 2 
42.332 18.120 7.64436 1.29689 2 
44.898 18.120 7.77541 1.71080 2 
47.464 18.120 8.03432 1.37865 2 
50.029 18.120 7.95325 1.47009 2 
52.595 18.120 8.31140 1.30390 2 
55.160 18.120 8.46862 1.27346 2 
57.726 18.120 8.66307 1.32889 2 
60.292 18.120 8.63599 1.45596 2 
62.857 18.120 8.79383 1.34300 2 
65.423 18.120 8.08771 1.26862 2 
67.988 18.120 0.00000 -0.00000 0 
70.554 18.120 0.00000 -0.00000 0 
73.120 18.120 0.00000 -0.00000 0 
75.685 18.120 0.00000 -0.00000 0 
78.251 18.120 0.00000 -0.00000 0 
80.816 18.120 0.00000 -0.00000 0 
83.382 18.120 0.00000 -0.00000 0 
85.948 18.120 -0.40675 0.29207 2 
88.513 18.120 -0.81349 0.58414 2 
91.079 18.120 3.15923 0.16283 2 
93.644 18.120 7.13196 -0.25848 2 
96.210 18.120 8.36224 -0.04152 2 
98.776 18.120 9.14579 0.58943 2 
101.341 18.120 6.30534 0.81435 2 
103.907 18.120 8.36280 -1.67613 2 
106.472 18.120 6.53753 -1.47642 2 
109.038 18.120 7.81811 -0.73303 2 
111.603 18.120 7.75844 -0.21036 2 
114.169 18.120 4.91991 1.61631 2 
116.735 18.120 3.47057 0.25259 2 
119.300 18.120 0.71752 2.67660 2 
-8.980 15.554 6.80847 -0.04178 2 
-6.414 15.554 6.82891 0.07242 2 
-3.848 15.554 6.83138 0.04093 2 
-1.283 15.554 6.64380 0.21562 2 
1.283 15.554 6.60399 0.48360 2 
3.848 15.554 6.92443 0.51754 2 
6.414 15.554 0.00000 -0.00000 0 
8.980 15.554 0.00000 -0.00000 0 
11.545 15.554 0.00000 -0.00000 0 
14.111 15.554 0.00000 -0.00000 0 
16.676 15.554 3.58781 0.64039 2 
19.242 15.554 7.17562 1.28078 2 
21.808 15.554 6.87108 1.31138 2 
24.373 15.554 7.08019 1.45168 2 
26.939 15.554 7.04534 1.57599 2 
29.504 15.554 7.32248 1.52630 2 
32.070 15.554 7.63689 1.67583 2 
34.636 15.554 7.67158 1.78851 2 
37.201 15.554 7.47586 1.51125 2 
39.767 15.554 8.08508 1.69569 2 
42.332 15.554 8.10287 1.53036 2 
44.898 15.554 7.89311 1.79526 2 
47.464 15.554 7.92442 1.53582 2 
50.029 15.554 8.34216 1.44938 2 
52.595 15.554 7.92682 1.72117 2 
55.160 15.554 0.00000 -0.00000 0 
57.726 15.554 0.00000 -0.00000 0 
60.292 15.554 0.00000 -0.00000 0 
62.857 15.554 0.00000 -0.00000 0 
65.423 15.554 0.00000 -0.00000 0 
67.988 15.554 0.00000 -0.00000 0 
70.554 15.554 0.00000 -0.00000 0 
73.120 15.554 0.00000 -0.00000 0 
75.685 15.554 0.00000 -0.00000 0 
78.251 15.554 0.00000 -0.00000 0 
80.816 15.554 0.17862 0.33567 2 
83.382 15.554 0.69437 0.38183 2 
85.948 15.554 -1.20157 0.09408 2 
88.513 15.554 -1.30059 -0.11524 2 
91.079 15.554 -1.38359 0.33750 2 
93.644 15.554 -1.46660 0.79025 2 
96.210 15.554 0.60500 -0.20342 2 
98.776 15.554 1.91240 1.24661 2 
101.341 15.554 3.13455 1.67676 2 
103.907 15.554 3.24819 -0.47760 2 
106.472 15.554 4.66600 -1.95320 2 
109.038 15.554 3.56978 -2.12848 2 
111.603 15.554 3.00204 1.78886 2 
114.169 15.554 1.31963 2.60923 2 
116.735 15.554 1.70552 1.28488 2 
119.300 15.554 0.37025 3.44716 2 
-8.980 12.988 6.86120 -0.03363 2 
-6.414 12.988 6.66565 -0.00406 2 
-3.848 12.988 6.69590 0.19058 2 
-1.283 12.988 6.62610 0.17563 2 
1.283 12.988 6.70749 0.21556 2 
3.848 12.988 6.52994 0.46222 2 
6.414 12.988 0.00000 -0.00000 0 
8.980 12.988 0.00000 -0.00000 0 
11.545 12.988 0.00000 -0.00000 0 
14.111 12.988 0.00000 -0.00000 0 
16.676 12.988 3.59864 0.73106 2 
19.242 12.988 7.19729 1.46213 2 
21.808 12.988 6.79939 1.41002 2 
24.373 12.988 6.85302 1.54553 2 
26.939 12.988 7.21844 1.67799 2 
29.504 12.988 7.69780 1.81536 2 
32.070 12.988 6.67985 1.64041 2 
34.636 12.988 8.01760 1.88755 2 
37.201 12.988 7.94023 1.86397 2 
39.767 12.988 7.00621 1.39413 2 
42.332 12.988 0.00000 -0.00000 0 
44.898 12.988 0.00000 -0.00000 0 
47.464 12.988 0.00000 -0.00000 0 
50.029 12.988 0.00000 -0.00000 0 
52.595 12.988 0.00000 -0.00000 0 
55.160 12.988 0.00000 -0.00000 0 
57.726 12.988 0.00000 -0.00000 0 
60.292 12.988 0.00000 -0.00000 0 
62.857 12.988 0.00000 -0.00000 0 
65.423 12.988 0.00000 -0.00000 0 
67.988 12.988 0.00000 -0.00000 0 
70.554 12.988 0.00000 -0.00000 0 
73.120 12.988 0.00000 -0.00000 0 
75.685 12.988 -0.76602 -0.16648 2 
78.251 12.988 -0.63387 -0.31352 2 
80.816 12.988 -0.85823 0.16020 2 
83.382 12.988 -1.58788 -0.60841 2 
85.948 12.988 -2.09226 -0.03452 2 
88.513 12.988 -1.92448 -0.04175 2 
91.079 12.988 -1.38553 0.05913 2 
93.644 12.988 -0.84658 0.16000 2 
96.210 12.988 -0.46298 0.56621 2 
98.776 12.988 0.44018 1.11620 2 
101.341 12.988 1.01850 1.63747 2 
103.907 12.988 -1.86641 0.72093 2 
106.472 12.988 -0.50772 1.17019 2 
109.038 12.988 0.55611 -1.11336 2 
111.603 12.988 1.53549 2.25536 2 
114.169 12.988 1.71551 2.24850 2 
116.735 12.988 -0.05953 2.31717 2 
119.300 12.988 0.45997 2.73616 2 
-8.980 10.423 6.74047 -0.17479 2 
-6.414 10.423 6.70628 -0.09827 2 
-3.848 10.423 6.48884 -0.01376 2 
-1.283 10.423 6.40360 0.02285 2 
1.283 10.423 6.42347 0.19675 2 
3.848 10.423 6.13545 0.40690 2 
6.414 10.423 1.62096 0.02255 2 
8.980 10.423 0.00000 -0.00000 0 
11.545 10.423 0.00000 -0.00000 0 
14.111 10.423 0.00000 -0.00000 0 
16.676 10.423 2.39910 0.48738 2 
19.242 10.423 4.79819 0.97475 2 
21.808 10.423 7.15742 1.60505 2 
24.373 10.423 7.23561 1.71500 2 
26.939 10.423 7.68348 1.95036 2 
29.504 10.423 8.28201 1.63085 2 
32.070 10.423 0.00000 -0.00000 0 
34.636 10.423 0.00000 -0.00000 0 
37.201 10.423 0.00000 -0.00000 0 
39.767 10.423 0.00000 -0.00000 0 
42.332 10.423 0.00000 -0.00000 0 
44.898 10.423 0.00000 -0.00000 0 
47.464 10.423 0.00000 -0.00000 0 
50.029 10.423 0.00000 -0.00000 0 
52.595 10.423 0.00000 -0.00000 0 
55.160 10.423 0.00000 -0.00000 0 
57.726 10.423 0.00000 -0.00000 0 
60.292 10.423 0.00000 -0.00000 0 
62.857 10.423 0.00000 -0.00000 0 
65.423 10.423 0.00000 -0.00000 0 
67.988 10.423 -0.51377 -0.19017 2 
70.554 10.423 -1.29013 -0.24055 2 
73.120 10.423 -0.62900 -0.35413 2 
75.685 10.423 -1.53203 -0.33295 2 
78.251 10.423 -1.26773 -0.62704 2 
80.816 10.423 -1.89509 -0.01526 2 
83.382 10.423 -1.76952 -0.52196 2 
85.948 10.423 -1.72989 -0.33722 2 
88.513 10.423 -1.45694 1.38753 2 
91.079 10.423 -1.09977 1.10050 2 
93.644 10.423 -0.74259 0.81347 2 
96.210 10.423 -1.03729 1.30342 2 
98.776 10.423 -1.03203 0.98579 2 
101.341 10.423 -1.09755 1.59819 2 
103.907 10.423 -1.16421 1.68471 2 
106.472 10.423 -0.41495 0.82635 2 
109.038 10.423 -0.42702 0.09476 2 
111.603 10.423 0.06894 2.72186 2 
114.169 10.423 0.18594 2.28004 2 
116.735 10.423 -0.26726 2.66598 2 
119.300 10.423 0.38223 2.62705 2 
-8.980 7.857 6.77569 -0.22462 2 
-6.414 7.857 6.65525 -0.23842 2 
-3.848 7.857 6.52676 -0.19516 2 
-1.283 7.857 6.40947 -0.13644 2 
1.283 7.857 6.11341 0.03917 2 
3.848 7.857 6.48385 0.09022 2 
6.414 7.857 3.24192 0.04511 2 
8.980 7.857 0.00000 -0.00000 0 
11.545 7.857 0.00000 -0.00000 0 
14.111 7.857 0.00000 -0.00000 2 
16.676 7.857 1.59940 0.32492 2 
19.242 7.857 2.39910 0.48738 2 
21.808 7.857 0.00000 -0.00000 0 
24.373 7.857 0.00000 -0.00000 0 
26.939 7.857 0.00000 -0.00000 0 
29.504 7.857 0.00000 -0.00000 0 
32.070 7.857 0.00000 -0.00000 0 
34.636 7.857 0.00000 -0.00000 0 
37.201 7.857 0.00000 -0.00000 0 
39.767 7.857 0.00000 -0.00000 0 
42.332 7.857 0.00000 -0.00000 0 
44.898 7.857 0.00000 -0.00000 0 
47.464 7.857 0.00000 -0.00000 0 
50.029 7.857 0.00000 -0.00000 0 
52.595 7.857 0.00000 -0.00000 0 
55.160 7.857 0.00000 -0.00000 0 
57.726 7.857 0.00000 -0.00000 0 
60.292 7.857 -0.11549 -0.09261 2 
62.857 7.857 0.03741 -0.25027 2 
65.423 7.857 -0.33500 -0.05300 2 
67.988 7.857 -1.02754 -0.38034 2 
70.554 7.857 -1.72008 -0.70767 2 
73.120 7.857 -1.25800 -0.70827 2 
75.685 7.857 -0.50136 -0.15955 2 
78.251 7.857 -0.67975 -0.67812 2 
80.816 7.857 -1.19693 -0.08816 2 
83.382 7.857 -1.95115 -0.43552 2 
85.948 7.857 -1.09112 0.19206 2 
88.513 7.857 -0.79734 1.17012 2 
91.079 7.857 -0.78672 1.99859 2 
93.644 7.857 -1.55034 1.51028 2 
96.210 7.857 -1.41927 0.56328 2 
98.776 7.857 -0.98226 0.83794 2 
101.341 7.857 -0.54524 1.11261 2 
103.907 7.857 -1.23854 1.71283 2 
106.472 7.857 -0.63907 0.92875 2 
109.038 7.857 -0.79654 1.13325 2 
111.603 7.857 -1.30769 2.54026 2 
114.169 7.857 -1.34362 2.31159 2 
116.735 7.857 -0.47499 3.01478 2 
119.300 7.857 0.30449 2.51793 2 
-8.980 5.292 6.70982 -0.42545 2 
-6.414 5.292 6.52451 -0.31633 2 
-3.848 5.292 6.33307 -0.36055 2 
-1.283 5.292 6.17960 -0.11735 2 
1.283 5.292 6.01727 -0.19649 2 
3.848 5.292 6.15350 0.23270 2 
6.414 5.292 1.62096 0.02255 2 
8.980 5.292 0.00000 -0.00000 0 
11.545 5.292 0.00000 -0.00000 0 
14.111 5.292 0.00000 -0.00000 0 
16.676 5.292 0.00000 -0.00000 0 
19.242 5.292 0.00000 -0.00000 0 
21.808 5.292 0.00000 -0.00000 0 
24.373 5.292 0.00000 -0.00000 0 
26.939 5.292 0.00000 -0.00000 0 
29.504 5.292 0.00000 -0.00000 0 
32.070 5.292 0.00000 -0.00000 0 
34.636 5.292 0.00000 -0.00000 0 
37.201 5.292 0.00000 -0.00000 0 
39.767 5.292 0.00000 -0.00000 0 
42.332 5.292 0.00000 -0.00000 0 
44.898 5.292 0.00000 -0.00000 0 
47.464 5.292 0.00000 -0.00000 0 
50.029 5.292 0.00000 -0.00000 0 
52.595 5.292 -0.13011 -0.02883 2 
55.160 5.292 -0.26066 -0.17891 2 
57.726 5.292 -0.31653 -0.06989 2 
60.292 5.292 -0.23098 -0.18522 2 
62.857 5.292 -1.30611 -0.54700 2 
65.423 5.292 -1.13405 -0.50051 2 
67.988 5.292 -1.36268 -0.51890 2 
70.554 5.292 -1.66662 -0.25520 2 
73.120 5.292 -1.21169 -0.05058 2 
75.685 5.292 -0.96342 -0.42943 2 
78.251 5.292 -0.57777 -0.11496 2 
80.816 5.292 -0.49878 -0.16106 2 
83.382 5.292 -0.76826 -0.92328 2 
85.948 5.292 0.03764 -0.27652 2 
88.513 5.292 -0.13774 0.95272 2 
91.079 5.292 -1.57352 1.48974 2 
93.644 5.292 -1.81662 1.48679 2 
96.210 5.292 -1.36395 1.08795 2 
98.776 5.292 -1.31231 1.05416 2 
101.341 5.292 -0.56426 1.21043 2 
103.907 5.292 -1.35994 1.19618 2 
106.472 5.292 -2.15562 1.18192 2 
109.038 5.292 -1.16605 2.17174 2 
111.603 5.292 -1.71584 1.62536 2 
114.169 5.292 -0.95064 2.03094 2 
116.735 5.292 -0.58459 2.56348 2 
119.300 5.292 0.22675 2.40882 2 
-8.980 2.726 6.92921 -0.48324 2 
-6.414 2.726 6.58106 -0.58764 2 
-3.848 2.726 6.31015 -0.54064 2 
-1.283 2.726 6.19855 -0.56727 2 
1.283 2.726 6.07734 -0.49967 2 
3.848 2.726 3.07675 0.11635 2 
6.414 2.726 0.00000 -0.00000 0 
8.980 2.726 0.00000 -0.00000 0 
11.545 2.726 0.00000 -0.00000 0 
14.111 2.726 0.00000 -0.00000 0 
16.676 2.726 0.00000 -0.00000 0 
19.242 2.726 0.00000 -0.00000 0 
21.808 2.726 0.00000 -0.00000 0 
24.373 2.726 0.00000 -0.00000 0 
26.939 2.726 0.00000 -0.00000 0 
29.504 2.726 0.00000 -0.00000 0 
32.070 2.726 0.00000 -0.00000 0 
34.636 2.726 0.00000 -0.00000 0 
37.201 2.726 0.00000 -0.00000 0 
39.767 2.726 0.00000 -0.00000 0 
42.332 2.726 0.00000 -0.00000 0 
44.898 2.726 0.00000 -0.00000 0 
47.464 2.726 -0.33880 -0.08433 2 
50.029 2.726 -0.67761 -0.16867 2 
52.595 2.726 -0.26021 -0.05766 2 
55.160 2.726 -0.52132 -0.35782 2 
57.726 2.726 -0.48253 -0.19732 2 
60.292 2.726 -1.01299 -0.49155 2 
62.857 2.726 -1.01902 -0.70162 2 
65.423 2.726 -1.00489 -0.75087 2 
67.988 2.726 -1.69782 -0.65746 2 
70.554 2.726 -1.42366 -0.36173 2 
73.120 2.726 -1.36232 -1.01060 2 
75.685 2.726 -0.33552 -0.89211 2 
78.251 2.726 -0.99322 -0.43609 2 
80.816 2.726 -0.67281 -0.46792 2 
83.382 2.726 -0.01232 -0.36590 2 
85.948 2.726 -0.00966 -0.07680 2 
88.513 2.726 -0.62817 0.27298 2 
91.079 2.726 -1.90579 1.03523 2 
93.644 2.726 -1.52058 1.23533 2 
96.210 2.726 -1.30864 1.61262 2 
98.776 2.726 -1.95340 1.38878 2 
101.341 2.726 -1.32089 1.10174 2 
103.907 2.726 -1.64845 0.99218 2 
106.472 2.726 -1.97601 0.88262 2 
109.038 2.726 -0.22953 1.67415 2 
111.603 2.726 -1.22338 1.28274 2 
114.169 2.726 0.71481 2.03205 2 
116.735 2.726 0.17453 2.02595 2 
119.300 2.726 0.35421 2.11145 2 
-8.980 0.160 6.72899 -0.68575 2 
-6.414 0.160 6.52588 -0.59620 2 
-3.848 0.160 6.44686 -0.69426 2 
-1.283 0.160 6.12201 -0.69131 2 
1.283 0.160 6.42641 -0.56062 2 
3.848 0.160 0.00000 -0.00000 0 
6.414 0.160 0.00000 -0.00000 0 
8.980 0.160 0.00000 -0.00000 0 
11.545 0.160 0.00000 -0.00000 0 
14.111 0.160 0.00000 -0.00000 0 
16.676 0.160 0.00000 -0.00000 0 
19.242 0.160 0.00000 -0.00000 0 
21.808 0.160 0.00000 -0.00000 0 
24.373 0.160 0.00000 -0.00000 0 
26.939 0.160 0.00000 -0.00000 0 
29.504 0.160 0.00000 -0.00000 0 
32.070 0.160 0.00000 -0.00000 0 
34.636 0.160 0.00000 -0.00000 0 
37.201 0.160 0.00000 -0.00000 0 
39.767 0.160 -0.54342 -0.16828 2 
42.332 0.160 -1.08685 -0.33656 2 
44.898 0.160 -0.94673 0.01949 2 
47.464 0.160 -1.26425 -0.10905 2 
50.029 0.160 -1.17942 -0.04151 2 
52.595 0.160 -0.69840 -0.13614 2 
55.160 0.160 -1.07066 -0.17625 2 
57.726 0.160 -0.50543 0.01351 2 
60.292 0.160 -0.54789 -0.31825 2 
62.857 0.160 -0.73193 -0.85625 2 
65.423 0.160 -0.87573 -1.00124 2 
67.988 0.160 -1.22858 -0.78728 2 
70.554 0.160 -1.58142 -0.57332 2 
73.120 0.160 -1.02511 -0.56405 2 
75.685 0.160 -0.92514 -0.88416 2 
78.251 0.160 -0.46401 -0.94128 2 
80.816 0.160 -0.47371 -0.96684 2 
83.382 0.160 0.01172 -0.54930 2 
85.948 0.160 -1.01218 -0.32453 2 
88.513 0.160 -0.45936 0.83521 2 
91.079 0.160 -0.06403 0.96254 2 
93.644 0.160 -1.22454 0.98387 2 
96.210 0.160 -0.50114 1.40387 2 
98.776 0.160 -2.09497 0.60921 2 
101.341 0.160 -1.35689 0.70605 2 
103.907 0.160 -0.74569 0.74832 2 
106.472 0.160 -2.33430 0.99810 2 
109.038 0.160 -0.97201 0.79888 2 
111.603 0.160 0.89775 1.54087 2 
114.169 0.160 0.14020 1.42833 2 
116.735 0.160 0.93366 1.48843 2 
119.300 0.160 0.38802 1.37408 2 
-8.980 -2.405 6.78041 -0.65652 2 
-6.414 -2.405 6.68011 -0.85347 2 
-3.848 -2.405 6.38963 -0.84558 2 
-1.283 -2.405 6.42342 -0.98947 2 
1.283 -2.405 0.00000 -0.00000 0 
3.848 -2.405 0.00000 -0.00000 0 
6.414 -2.405 0.00000 -0.00000 0 
8.980 -2.405 0.00000 -0.00000 0 
11.545 -2.405 0.00000 -0.00000 0 
14.111 -2.405 0.00000 -0.00000 0 
16.676 -2.405 0.00000 -0.00000 0 
19.242 -2.405 0.00000 -0.00000 0 
21.808 -2.405 0.00000 -0.00000 0 
24.373 -2.405 0.00000 -0.00000 0 
26.939 -2.405 0.00000 -0.00000 0 
29.504 -2.405 0.00000 -0.00000 0 
32.070 -2.405 -0.99964 -0.37660 2 
34.636 -2.405 -1.84671 -0.44831 2 
37.201 -2.405 -1.59924 -0.64979 2 
39.767 -2.405 -1.15835 -0.53027 2 
42.332 -2.405 -1.38918 -0.44800 2 
44.898 -2.405 -1.89347 0.03897 2 
47.464 -2.405 -2.16842 -0.17798 2 
50.029 -2.405 -1.68123 0.08565 2 
52.595 -2.405 -1.13658 -0.21463 2 
55.160 -2.405 -0.73739 0.32151 2 
57.726 -2.405 -0.64804 -0.28576 2 
60.292 -2.405 -0.50781 -0.42916 2 
62.857 -2.405 -0.63931 -0.65128 2 
65.423 -2.405 0.35371 -0.90802 2 
67.988 -2.405 -0.57085 -0.76620 2 
70.554 -2.405 -1.15993 -0.66327 2 
73.120 -2.405 -1.05995 -1.04504 2 
75.685 -2.405 -0.49560 -0.77055 2 
78.251 -2.405 0.25320 -0.73021 2 
80.816 -2.405 -0.27461 -1.46577 2 
83.382 -2.405 -0.17052 -0.73444 2 
85.948 -2.405 -0.74808 -0.39377 2 
88.513 -2.405 -0.09298 0.73813 2 
91.079 -2.405 -0.14481 0.41737 2 
93.644 -2.405 -1.48231 0.60302 2 
96.210 -2.405 -0.71895 0.81291 2 
98.776 -2.405 -1.02878 0.66065 2 
101.341 -2.405 -1.38830 0.13521 2 
103.907 -2.405 0.04006 0.23182 2 
106.472 -2.405 -0.74869 0.34631 2 
109.038 -2.405 -0.73759 0.32552 2 
111.603 -2.405 0.06032 0.64831 2 
114.169 -2.405 0.85823 0.97110 2 
116.735 -2.405 -0.28638 0.87591 2 
119.300 -2.405 0.56942 0.84855 2 
-8.980 -4.971 6.80252 -0.84431 2 
-6.414 -4.971 6.74326 -0.82698 2 
-3.848 -4.971 6.64482 -1.01336 2 
-1.283 -4.971 6.43994 -1.02378 2 
1.283 -4.971 0.00000 -0.00000 0 
3.848 -4.971 0.00000 -0.00000 0 
6.414 -4.971 0.00000 -0.00000 0 
8.980 -4.971 0.00000 -0.00000 0 
11.545 -4.971 0.00000 -0.00000 0 
14.111 -4.971 0.00000 -0.00000 0 
16.676 -4.971 0.00000 -0.00000 0 
19.242 -4.971 0.00000 -0.00000 0 
21.808 -4.971 0.00000 -0.00000 0 
24.373 -4.971 -1.04140 -0.09602 2 
26.939 -4.971 -0.41420 -0.00625 2 
29.504 -4.971 -1.66868 -0.47153 2 
32.070 -4.971 -1.99928 -0.75321 2 
34.636 -4.971 -2.29749 -0.10043 2 
37.201 -4.971 -2.18499 -0.38825 2 
39.767 -4.971 -1.77328 -0.89226 2 
42.332 -4.971 -1.69152 -0.55944 2 
44.898 -4.971 -1.77474 0.18073 2 
47.464 -4.971 -2.06948 0.30221 2 
50.029 -4.971 -2.06797 -0.01899 2 
52.595 -4.971 -0.67090 0.33920 2 
55.160 -4.971 -0.67142 0.71167 2 
57.726 -4.971 -0.02309 0.21481 2 
60.292 -4.971 -0.01806 -0.69671 2 
62.857 -4.971 -0.19774 -0.70375 2 
65.423 -4.971 0.07425 -0.94661 2 
67.988 -4.971 -0.48483 -0.81726 2 
70.554 -4.971 -0.73844 -0.75322 2 
73.120 -4.971 -0.24219 -1.23077 2 
75.685 -4.971 -0.06605 -0.65694 2 
78.251 -4.971 0.50011 -0.90638 2 
80.816 -4.971 0.24416 -1.60188 2 
83.382 -4.971 -0.35277 -0.91958 2 
85.948 -4.971 -0.48398 -0.46302 2 
88.513 -4.971 -0.48373 -0.71492 2 
91.079 -4.971 0.22197 -0.56824 2 
93.644 -4.971 -1.31411 -0.34229 2 
96.210 -4.971 -1.11304 -0.42948 2 
98.776 -4.971 0.03741 0.71209 2 
101.341 -4.971 0.43151 -0.06536 2 
103.907 -4.971 0.82581 -0.28468 2 
106.472 -4.971 1.34084 0.05638 2 
109.038 -4.971 1.85586 0.39745 2 
111.603 -4.971 1.71606 0.45566 2 
114.169 -4.971 1.57625 0.51388 2 
116.735 -4.971 0.26119 1.45733 2 
119.300 -4.971 -0.17720 1.76345 2 
-8.980 -7.536 6.90701 -0.85773 2 
-6.414 -7.536 6.87298 -0.82722 2 
-3.848 -7.536 6.76587 -1.27085 2 
-1.283 -7.536 6.70882 -1.24142 2 
1.283 -7.536 6.54394 -1.63583 2 
3.848 -7.536 0.00000 -0.00000 0 
6.414 -7.536 5.97098 -2.63556 2 
8.980 -7.536 4.51607 -1.91626 2 
11.545 -7.536 3.78861 -1.55661 2 
14.111 -7.536 4.36678 -1.56887 2 
16.676 -7.536 0.12487 -0.00730 2 
19.242 -7.536 -0.83635 0.14976 2 
21.808 -7.536 -1.45958 -0.02114 2 
24.373 -7.536 -2.08281 -0.19203 2 
26.939 -7.536 -0.82840 -0.01249 2 
29.504 -7.536 -1.75337 -0.54792 2 
32.070 -7.536 -1.87383 -0.87535 2 
34.636 -7.536 -1.58808 -0.56061 2 
37.201 -7.536 -1.74040 0.01455 2 
39.767 -7.536 1.18452 -0.64871 2 
42.332 -7.536 0.62136 -0.35672 2 
44.898 -7.536 -0.16416 0.23430 2 
47.464 -7.536 -0.37899 0.43037 2 
50.029 -7.536 -0.63620 -0.06819 2 
52.595 -7.536 -0.20522 0.89303 2 
55.160 -7.536 -0.77255 0.71825 2 
57.726 -7.536 -1.33988 0.54347 2 
60.292 -7.536 0.49866 0.56447 2 
62.857 -7.536 0.24383 -0.75623 2 
65.423 -7.536 -0.12767 -0.94888 2 
67.988 -7.536 0.56995 -0.99076 2 
70.554 -7.536 -0.06739 -0.93694 2 
73.120 -7.536 -0.03931 -0.92961 2 
75.685 -7.536 -0.63336 -1.74694 2 
78.251 -7.536 0.25748 -1.42356 2 
80.816 -7.536 1.07235 -0.80318 2 
83.382 -7.536 1.06596 -1.22111 2 
85.948 -7.536 0.35774 -1.10297 2 
88.513 -7.536 0.31677 -1.50986 2 
91.079 -7.536 0.12576 -0.40055 2 
93.644 -7.536 -1.14590 -1.28760 2 
96.210 -7.536 -1.59557 -0.57021 2 
98.776 -7.536 -2.02694 0.19964 2 
101.341 -7.536 1.17532 1.59021 2 
103.907 -7.536 2.06298 2.05101 2 
106.472 -7.536 2.67810 1.43128 2 
109.038 -7.536 3.65253 -0.30315 2 
111.603 -7.536 3.20273 1.02170 2 
114.169 -7.536 5.06682 2.01134 2 
116.735 -7.536 5.92568 2.35169 2 
119.300 -7.536 0.00000 -0.00000 0 
-8.980 -10.102 6.91607 -0.87979 2 
-6.414 -10.102 6.96621 -1.16732 2 
-3.848 -10.102 6.96450 -1.03044 2 
-1.283 -10.102 6.82852 -1.50060 2 
1.283 -10.102 6.69156 -1.73338 2 
3.848 -10.102 6.93338 -2.22792 2 
6.414 -10.102 7.05792 -2.64045 2 
8.980 -10.102 7.31757 -2.87683 2 
11.545 -10.102 7.57722 -3.11321 2 
14.111 -10.102 8.73356 -3.13775 2 
16.676 -10.102 4.57647 -1.29438 2 
19.242 -10.102 8.51502 -2.25681 2 
21.808 -10.102 5.25069 -1.68881 2 
24.373 -10.102 3.86436 -0.71942 2 
26.939 -10.102 -1.40073 -1.68654 2 
29.504 -10.102 1.44094 -0.75255 2 
32.070 -10.102 3.76550 -0.69650 2 
34.636 -10.102 0.56553 -0.80077 2 
37.201 -10.102 -0.00719 -0.07198 2 
39.767 -10.102 4.14231 -0.40515 2 
42.332 -10.102 2.93424 -0.15401 2 
44.898 -10.102 1.44642 0.28787 2 
47.464 -10.102 3.61424 0.35660 2 
50.029 -10.102 1.73639 -0.00692 2 
52.595 -10.102 1.93546 0.56846 2 
55.160 -10.102 1.66644 0.85564 2 
57.726 -10.102 1.26769 -0.04540 2 
60.292 -10.102 -0.75780 -0.43663 2 
62.857 -10.102 -0.53473 -0.25513 2 
65.423 -10.102 0.62985 -0.38643 2 
67.988 -10.102 0.80467 -1.10498 2 
70.554 -10.102 1.22305 -1.35527 2 
73.120 -10.102 0.50777 -2.24263 2 
75.685 -10.102 0.62210 -2.23908 2 
78.251 -10.102 0.36959 -1.49605 2 
80.816 -10.102 0.92207 -1.38327 2 
83.382 -10.102 2.36244 -0.01420 2 
85.948 -10.102 0.59688 -1.86365 2 
88.513 -10.102 0.37309 -1.80111 2 
91.079 -10.102 0.84577 -1.80077 2 
93.644 -10.102 2.11943 0.30352 2 
96.210 -10.102 -3.48294 0.51692 2 
98.776 -10.102 3.87469 2.80060 2 
101.341 -10.102 1.53225 1.39076 2 
103.907 -10.102 1.81285 1.30967 2 
106.472 -10.102 4.86399 2.26398 2 
109.038 -10.102 5.31117 1.69018 2 
111.603 -10.102 4.19314 1.83131 2 
114.169 -10.102 6.13737 1.52133 2 
116.735 -10.102 6.50574 2.69592 2 
119.300 -10.102 0.00000 -0.00000 0 
-8.980 -12.668 7.09201 -0.97666 2 
-6.414 -12.668 7.15049 -1.05682 2 
-3.848 -12.668 7.05890 -1.24792 2 
-1.283 -12.668 7.13277 -1.40729 2 
1.283 -12.668 7.04084 -1.73681 2 
3.848 -12.668 7.12586 -2.20650 2 
6.414 -12.668 7.17541 -2.30981 2 
8.980 -12.668 7.68566 -2.71209 2 
11.545 -12.668 8.35852 -2.77340 2 
14.111 -12.668 8.94939 -2.71960 2 
16.676 -12.668 9.02808 -2.58147 2 
19.242 -12.668 9.53083 -2.46676 2 
21.808 -12.668 9.31984 -2.61760 2 
24.373 -12.668 9.81153 -1.24681 2 
26.939 -12.668 9.79379 -2.06797 2 
29.504 -12.668 5.49351 -1.10548 2 
32.070 -12.668 9.40483 -0.51766 2 
34.636 -12.668 10.40447 -0.09952 2 
37.201 -12.668 4.92427 -0.07279 2 
39.767 -12.668 8.82085 0.37180 2 
42.332 -12.668 6.48963 0.05058 2 
44.898 -12.668 6.08517 0.02092 2 
47.464 -12.668 7.60746 0.28282 2 
50.029 -12.668 4.47323 0.21229 2 
52.595 -12.668 4.41264 1.09516 2 
55.160 -12.668 4.19320 0.79250 2 
57.726 -12.668 3.87526 -0.63427 2 
60.292 -12.668 3.81268 -0.02607 2 
62.857 -12.668 2.28756 -0.76569 2 
65.423 -12.668 1.53422 0.23631 2 
67.988 -12.668 1.60294 -0.43072 2 
70.554 -12.668 0.98886 -1.84577 2 
73.120 -12.668 2.29951 -2.31998 2 
75.685 -12.668 4.15263 -1.54011 2 
78.251 -12.668 4.22013 -0.53285 2 
80.816 -12.668 4.37532 -0.87763 2 
83.382 -12.668 2.46082 0.07304 2 
85.948 -12.668 4.66533 -0.77351 2 
88.513 -12.668 2.79130 -1.10593 2 
91.079 -12.668 4.19626 0.11005 2 
93.644 -12.668 5.38476 1.89464 2 
96.210 -12.668 6.26306 2.61119 2 
98.776 -12.668 4.29963 1.14223 2 
101.341 -12.668 4.40037 2.03138 2 
103.907 -12.668 7.16601 2.74603 2 
106.472 -12.668 7.04989 3.09668 2 
109.038 -12.668 5.61126 1.31286 2 
111.603 -12.668 6.28282 2.10205 2 
114.169 -12.668 7.44573 1.26664 2 
116.735 -12.668 7.08580 3.04015 2 
119.300 -12.668 0.00000 -0.00000 0 
-8.980 -15.233 7.27845 -0.96338 2 
-6.414 -15.233 7.20924 -1.13936 2 
-3.848 -15.233 7.27133 -1.25465 2 
-1.283 -15.233 7.26351 -1.49832 2 
1.283 -15.233 7.22458 -1.65715 2 
3.848 -15.233 7.41831 -2.02856 2 
6.414 -15.233 7.64657 -2.21469 2 
8.980 -15.233 7.82257 -2.34934 2 
11.545 -15.233 8.12968 -2.41575 2 
14.111 -15.233 8.62132 -2.38860 2 
16.676 -15.233 8.90449 -2.30698 2 
19.242 -15.233 9.05752 -2.17897 2 
21.808 -15.233 9.43550 -1.96779 2 
24.373 -15.233 9.35234 -1.83449 2 
26.939 -15.233 9.59378 -1.43404 2 
29.504 -15.233 9.54607 -1.45840 2 
32.070 -15.233 9.79240 -1.78643 2 
34.636 -15.233 10.07961 -0.82414 2 
37.201 -15.233 9.85574 -0.07361 2 
39.767 -15.233 9.81494 -0.26552 2 
42.332 -15.233 9.20162 -0.50792 2 
44.898 -15.233 9.62828 0.02259 2 
47.464 -15.233 10.05495 0.55309 2 
50.029 -15.233 6.91153 0.14763 2 
52.595 -15.233 7.05924 0.50436 2 
55.160 -15.233 6.71997 0.72936 2 
57.726 -15.233 6.49509 -0.45611 2 
60.292 -15.233 8.38316 0.38449 2 
62.857 -15.233 5.72094 -0.43253 2 
65.423 -15.233 7.51197 0.08668 2 
67.988 -15.233 3.91442 -1.81392 2 
70.554 -15.233 4.09841 -2.13347 2 
73.120 -15.233 4.28240 -2.45302 2 
75.685 -15.233 5.17501 -2.08979 2 
78.251 -15.233 5.23793 -0.12415 2 
80.816 -15.233 6.32815 -1.27382 2 
83.382 -15.233 7.34552 0.16556 2 
85.948 -15.233 8.73379 0.31663 2 
88.513 -15.233 8.89973 -0.06435 2 
91.079 -15.233 7.54676 2.02086 2 
93.644 -15.233 8.95087 2.39505 2 
96.210 -15.233 9.16262 2.64941 2 
98.776 -15.233 9.40779 2.12509 2 
101.341 -15.233 7.26849 2.67199 2 
103.907 -15.233 7.29731 2.88183 2 
106.472 -15.233 7.02101 2.13565 2 
109.038 -15.233 7.09558 0.85727 2 
111.603 -15.233 7.50731 2.04557 2 
114.169 -15.233 8.20896 2.00109 2 
116.735 -15.233 9.06681 1.96858 2 
119.300 -15.233 0.00000 -0.00000 0 
-8.980 -17.799 7.19422 -1.02140 2 
-6.414 -17.799 7.27837 -1.06819 2 
-3.848 -17.799 7.36492 -1.32235 2 
-1.283 -17.799 7.40878 -1.46074 2 
1.283 -17.799 7.38630 -1.58835 2 
3.848 -17.799 7.39188 -1.73018 2 
6.414 -17.799 7.81088 -1.97123 2 
8.980 -17.799 7.89594 -2.03764 2 
11.545 -17.799 8.19050 -2.16309 2 
14.111 -17.799 8.51150 -2.28121 2 
16.676 -17.799 8.72856 -2.26276 2 
19.242 -17.799 8.87274 -1.94635 2 
21.808 -17.799 9.08048 -1.87313 2 
24.373 -17.799 9.26288 -1.59505 2 
26.939 -17.799 9.39851 -1.41918 2 
29.504 -17.799 9.50468 -1.42765 2 
32.070 -17.799 9.58238 -1.31360 2 
34.636 -17.799 9.77206 -1.09914 2 
37.201 -17.799 9.72268 -0.69743 2 
39.767 -17.799 9.65610 -0.75322 2 
42.332 -17.799 9.50122 -0.72631 2 
44.898 -17.799 9.57780 -0.58207 2 
47.464 -17.799 9.77091 -0.13441 2 
50.029 -17.799 9.34983 0.08296 2 
52.595 -17.799 9.70583 -0.08643 2 
55.160 -17.799 9.03619 0.00372 2 
57.726 -17.799 9.11493 -0.27794 2 
60.292 -17.799 8.71894 0.01108 2 
62.857 -17.799 9.15432 -0.09936 2 
65.423 -17.799 8.95612 -0.16188 2 
67.988 -17.799 7.15741 -1.28815 2 
70.554 -17.799 6.52704 -1.52127 2 
73.120 -17.799 5.89667 -1.75439 2 
75.685 -17.799 5.74347 -1.39694 2 
78.251 -17.799 7.09101 -0.74406 2 
80.816 -17.799 7.83993 -1.16646 2 
83.382 -17.799 8.52300 -0.40089 2 
85.948 -17.799 6.62671 -0.73181 2 
88.513 -17.799 7.35825 -0.62409 2 
91.079 -17.799 8.42345 -0.05588 2 
93.644 -17.799 9.58850 2.07094 2 
96.210 -17.799 9.45744 1.67069 2 
98.776 -17.799 9.71825 2.14789 2 
101.341 -17.799 9.17856 2.19695 2 
103.907 -17.799 8.33308 2.55747 2 
106.472 -17.799 8.15381 1.99345 2 
109.038 -17.799 7.69055 1.14193 2 
111.603 -17.799 7.68158 1.11991 2 
114.169 -17.799 8.19052 1.36138 2 
116.735 -17.799 8.89368 1.61425 2 
119.300 -17.799 0.00000 -0.00000 0 
-8.980 -20.364 7.54167 -1.02565 2 
-6.414 -20.364 7.43971 -1.05410 2 
-3.848 -20.364 7.38702 -1.09964 2 
-1.283 -20.364 7.50566 -1.32445 2 
1.283 -20.364 7.53552 -1.43358 2 
3.848 -20.364 7.70209 -1.69953 2 
6.414 -20.364 7.80910 -1.69504 2 
8.980 -20.364 7.98494 -1.90534 2 
11.545 -20.364 8.47004 -2.01548 2 
14.111 -20.364 8.44327 -1.80243 2 
16.676 -20.364 8.78005 -1.88680 2 
19.242 -20.364 8.87257 -1.85801 2 
21.808 -20.364 8.91322 -1.65264 2 
24.373 -20.364 9.11301 -1.62452 2 
26.939 -20.364 8.99949 -1.53910 2 
29.504 -20.364 9.38229 -1.19557 2 
32.070 -20.364 9.52698 -1.15468 2 
34.636 -20.364 9.61335 -0.95810 2 
37.201 -20.364 9.67527 -1.05138 2 
39.767 -20.364 9.41019 -0.49164 2 
42.332 -20.364 9.51635 -0.69099 2 
44.898 -20.364 9.62656 -0.61517 2 
47.464 -20.364 9.65952 -0.34141 2 
50.029 -20.364 9.44138 -0.39092 2 
52.595 -20.364 9.20204 -0.03407 2 
55.160 -20.364 8.92813 -0.16013 2 
57.726 -20.364 9.04597 -0.31093 2 
60.292 -20.364 9.05472 -0.36234 2 
62.857 -20.364 8.75096 -0.41196 2 
65.423 -20.364 8.71830 -0.77475 2 
67.988 -20.364 8.76936 -0.90450 2 
70.554 -20.364 8.70995 -1.40743 2 
73.120 -20.364 9.61558 -1.07979 2 
75.685 -20.364 10.52122 -0.75216 2 
78.251 -20.364 9.70902 -1.01244 2 
80.816 -20.364 9.35172 -1.05910 2 
83.382 -20.364 9.70048 -0.96734 2 
85.948 -20.364 8.66325 -0.02480 2 
88.513 -20.364 10.57787 1.11060 2 
91.079 -20.364 10.64114 1.15046 2 
93.644 -20.364 10.22613 1.74682 2 
96.210 -20.364 9.77091 1.65332 2 
98.776 -20.364 9.59472 1.90207 2 
101.341 -20.364 8.99327 1.93880 2 
103.907 -20.364 8.73033 1.85400 2 
106.472 -20.364 8.31048 1.58507 2 
109.038 -20.364 7.98994 1.42967 2 
111.603 -20.364 8.05402 0.91938 2 
114.169 -20.364 8.39545 0.79681 2 
116.735 -20.364 8.72879 0.66600 2 
119.300 -20.364 0.00000 -0.00000 0 
-8.980 -22.930 7.27035 -0.92530 2 
-6.414 -22.930 7.61799 -1.05005 2 
-3.848 -22.930 7.55564 -1.15660 2 
-1.283 -22.930 7.68815 -1.34503 2 
1.283 -22.930 7.79736 -1.42455 2 
3.848 -22.930 7.83985 -1.47096 2 
6.414 -22.930 7.98941 -1.62391 2 
8.980 -22.930 8.29078 -1.62677 2 
11.545 -22.930 8.19301 -1.69195 2 
14.111 -22.930 8.51700 -1.77751 2 
16.676 -22.930 8.62295 -1.66816 2 
19.242 -22.930 8.79683 -1.58204 2 
21.808 -22.930 8.95721 -1.51387 2 
24.373 -22.930 9.05748 -1.43701 2 
26.939 -22.930 9.02108 -1.24704 2 
29.504 -22.930 9.22548 -1.22570 2 
32.070 -22.930 9.11873 -1.05700 2 
34.636 -22.930 9.35254 -0.95581 2 
37.201 -22.930 9.41115 -0.85399 2 
39.767 -22.930 9.33779 -0.87361 2 
42.332 -22.930 9.45779 -0.68385 2 
44.898 -22.930 9.48915 -0.71900 2 
47.464 -22.930 9.37595 -0.45608 2 
50.029 -22.930 9.26472 -0.35450 2 
52.595 -22.930 9.23038 -0.40706 2 
55.160 -22.930 9.14493 -0.46480 2 
57.726 -22.930 8.96813 -0.32620 2 
60.292 -22.930 9.01469 -0.44816 2 
62.857 -22.930 8.98189 -0.41302 2 
65.423 -22.930 8.96506 -0.64143 2 
67.988 -22.930 9.03091 -0.76856 2 
70.554 -22.930 9.23009 -0.87642 2 
73.120 -22.930 9.29131 -1.03565 2 
75.685 -22.930 9.83143 -1.04993 2 
78.251 -22.930 9.66877 -0.73889 2 
80.816 -22.930 10.46351 -0.68077 2 
83.382 -22.930 10.57105 -0.40065 2 
85.948 -22.930 10.69978 0.68222 2 
88.513 -22.930 10.21321 0.89596 2 
91.079 -22.930 10.33397 0.97124 2 
93.644 -22.930 10.01845 1.23073 2 
96.210 -22.930 9.53464 1.40889 2 
98.776 -22.930 9.34777 1.61967 2 
101.341 -22.930 9.06629 1.45176 2 
103.907 -22.930 8.89752 1.43051 2 
106.472 -22.930 8.52151 1.33915 2 
109.038 -22.930 8.30703 1.06057 2 
111.603 -22.930 8.34693 1.02122 2 
114.169 -22.930 8.41035 0.65558 2 
116.735 -22.930 9.15956 1.02759 2 
119.300 -22.930 0.00000 -0.00000 0 
-8.980 -25.496 7.45675 -0.97253 2 
-6.414 -25.496 7.53784 -0.98850 2 
-3.848 -25.496 7.69211 -1.04657 2 
-1.283 -25.496 7.65293 -1.09929 2 
1.283 -25.496 7.68480 -1.27602 2 
3.848 -25.496 7.99757 -1.23731 2 
6.414 -25.496 8.09341 -1.56852 2 
8.980 -25.496 8.03051 -1.39337 2 
11.545 -25.496 8.33835 -1.41043 2 
14.111 -25.496 8.54444 -1.52400 2 
16.676 -25.496 8.62821 -1.48173 2 
19.242 -25.496 8.66327 -1.46009 2 
21.808 -25.496 8.76285 -1.45655 2 
24.373 -25.496 8.93856 -1.24407 2 
26.939 -25.496 8.90640 -1.18868 2 
29.504 -25.496 9.18701 -1.03987 2 
32.070 -25.496 9.07718 -1.05751 2 
34.636 -25.496 9.27741 -0.87151 2 
37.201 -25.496 9.36010 -0.93577 2 
39.767 -25.496 9.22942 -0.75035 2 
42.332 -25.496 9.32868 -0.62689 2 
44.898 -25.496 9.20362 -0.71636 2 
47.464 -25.496 9.31970 -0.57762 2 
50.029 -25.496 9.26879 -0.49200 2 
52.595 -25.496 9.03877 -0.48230 2 
55.160 -25.496 9.14395 -0.37202 2 
57.726 -25.496 9.01115 -0.51142 2 
60.292 -25.496 9.06419 -0.42951 2 
62.857 -25.496 9.00787 -0.59885 2 
65.423 -25.496 9.18938 -0.60396 2 
67.988 -25.496 9.07588 -0.77325 2 
70.554 -25.496 9.23301 -0.79390 2 
73.120 -25.496 9.33964 -0.81254 2 
75.685 -25.496 9.60678 -0.78950 2 
78.251 -25.496 9.71979 -0.61182 2 
80.816 -25.496 10.12336 -0.44281 2 
83.382 -25.496 10.08673 -0.12887 2 
85.948 -25.496 10.10269 0.38506 2 
88.513 -25.496 10.38922 0.60419 2 
91.079 -25.496 9.78286 0.72264 2 
93.644 -25.496 9.90499 0.93413 2 
96.210 -25.496 9.52739 1.08398 2 
98.776 -25.496 9.18862 1.07306 2 
101.341 -25.496 9.10127 1.49238 2 
103.907 -25.496 8.67036 1.22611 2 
106.472 -25.496 8.63241 1.08713 2 
109.038 -25.496 8.83221 1.11840 2 
111.603 -25.496 8.42885 0.91226 2 
114.169 -25.496 8.49426 0.96821 2 
116.735 -25.496 8.75408 1.00760 2 
119.300 -25.496 0.00000 -0.00000 0 
-8.980 -28.061 7.71561 -0.90843 2 
-6.414 -28.061 7.69908 -0.95643 2 
-3.848 -28.061 7.69303 -1.00726 2 
-1.283 -28.061 7.79346 -1.05400 2 
1.283 -28.061 7.85222 -1.16262 2 
3.848 -28.061 7.88330 -1.30906 2 
6.414 -28.061 8.09776 -1.40065 2 
8.980 -28.061 8.11823 -1.27816 2 
11.545 -28.061 8.30477 -1.52180 2 
14.111 -28.061 8.48407 -1.23676 2 
16.676 -28.061 8.63735 -1.39566 2 
19.242 -28.061 8.71197 -1.40575 2 
21.808 -28.061 8.79129 -1.20791 2 
24.373 -28.061 8.91897 -1.16420 2 
26.939 -28.061 9.02443 -1.18839 2 
29.504 -28.061 8.91804 -1.02780 2 
32.070 -28.061 9.04102 -0.99709 2 
34.636 -28.061 9.06665 -0.98844 2 
37.201 -28.061 9.16640 -0.82175 2 
39.767 -28.061 9.10577 -0.84742 2 
42.332 -28.061 9.24019 -0.62479 2 
44.898 -28.061 9.34127 -0.75163 2 
47.464 -28.061 9.22569 -0.55801 2 
50.029 -28.061 9.07699 -0.55903 2 
52.595 -28.061 9.26678 -0.46350 2 
55.160 -28.061 9.11818 -0.50935 2 
57.726 -28.061 8.98775 -0.40584 2 
60.292 -28.061 9.05936 -0.46744 2 
62.857 -28.061 9.11938 -0.41722 2 
65.423 -28.061 9.13828 -0.65657 2 
67.988 -28.061 9.16593 -0.50714 2 
70.554 -28.061 9.14162 -0.48126 2 
73.120 -28.061 9.38166 -0.47506 2 
75.685 -28.061 9.46257 -0.65525 2 
78.251 -28.061 9.60733 -0.41028 2 
80.816 -28.061 9.57995 -0.28673 2 
83.382 -28.061 9.83551 -0.11661 2 
85.948 -28.061 9.88984 0.23072 2 
88.513 -28.061 9.85178 0.54156 2 
91.079 -28.061 9.75946 0.59909 2 
93.644 -28.061 9.44842 0.82506 2 
96.210 -28.061 9.32201 1.05940 2 
98.776 -28.061 9.23706 0.88675 2 
101.341 -28.061 9.01805 1.12667 2 
103.907 -28.061 8.95441 1.13891 2 
106.472 -28.061 8.67513 0.93227 2 
109.038 -28.061 8.66358 1.03944 2 
111.603 -28.061 8.59704 0.91755 2 
114.169 -28.061 8.65619 0.88203 2 
116.735 -28.061 9.02584 0.78925 2 
119.300 -28.061 0.00000 -0.00000 0 
-8.980 -30.627 7.47840 -0.92369 2 
-6.414 -30.627 7.79787 -1.02253 2 
-3.848 -30.627 7.75429 -0.96828 2 
-1.283 -30.627 7.84795 -1.07400 2 
1.283 -30.627 7.95493 -1.01530 2 
3.848 -30.627 8.15261 -1.16530 2 
6.414 -30.627 8.12445 -1.17966 2 
8.980 -30.627 8.31342 -1.19588 2 
11.545 -30.627 8.38422 -1.12686 2 
14.111 -30.627 8.40847 -1.23901 2 
16.676 -30.627 8.53990 -1.21599 2 
19.242 -30.627 8.71106 -1.23774 2 
21.808 -30.627 8.68304 -1.01132 2 
24.373 -30.627 8.79558 -1.17959 2 
26.939 -30.627 8.84661 -1.00186 2 
29.504 -30.627 8.83218 -0.91134 2 
32.070 -30.627 9.09422 -0.98356 2 
34.636 -30.627 8.95394 -0.93937 2 
37.201 -30.627 9.20571 -0.79906 2 
39.767 -30.627 8.86709 -0.67712 2 
42.332 -30.627 9.26172 -0.71078 2 
44.898 -30.627 8.88719 -0.60711 2 
47.464 -30.627 9.22855 -0.54055 2 
50.029 -30.627 9.09327 -0.52786 2 
52.595 -30.627 8.94938 -0.54470 2 
55.160 -30.627 9.15034 -0.54434 2 
57.726 -30.627 9.02914 -0.42921 2 
60.292 -30.627 9.10165 -0.45698 2 
62.857 -30.627 9.01493 -0.48209 2 
65.423 -30.627 9.18336 -0.50879 2 
67.988 -30.627 9.05004 -0.52946 2 
70.554 -30.627 9.26031 -0.52239 2 
73.120 -30.627 9.32102 -0.37569 2 
75.685 -30.627 9.33962 -0.35785 2 
78.251 -30.627 9.52549 -0.43468 2 
80.816 -30.627 9.65514 -0.20989 2 
83.382 -30.627 9.61217 -0.01617 2 
85.948 -30.627 9.63486 0.35788 2 
88.513 -30.627 9.61582 0.28959 2 
91.079 -30.627 9.61512 0.59526 2 
93.644 -30.627 9.45710 0.75361 2 
96.210 -30.627 9.38891 0.76817 2 
98.776 -30.627 9.36067 1.08184 2 
101.341 -30.627 8.83618 0.86066 2 
103.907 -30.627 8.88232 0.89144 2 
106.472 -30.627 8.82250 1.05847 2 
109.038 -30.627 8.74264 1.04035 2 
111.603 -30.627 8.58752 0.89165 2 
114.169 -30.627 8.55187 0.72648 2 
116.735 -30.627 8.86708 0.98601 2 
119.300 -30.627 0.00000 -0.00000 0 
-8.980 -33.192 7.64975 -0.75351 2 
-6.414 -33.192 7.83759 -0.91878 2 
-3.848 -33.192 7.74601 -0.87069 2 
-1.283 -33.192 8.06217 -0.89289 2 
1.283 -33.192 8.00537 -1.07268 2 
3.848 -33.192 8.00830 -1.00467 2 
6.414 -33.192 8.10396 -1.03490 2 
8.980 -33.192 8.34999 -1.19581 2 
11.545 -33.192 8.34804 -1.17497 2 
14.111 -33.192 8.52067 -1.08194 2 
16.676 -33.192 8.65902 -1.14577 2 
19.242 -33.192 8.76217 -0.98973 2 
21.808 -33.192 8.59439 -1.14864 2 
24.373 -33.192 8.91883 -0.77663 2 
26.939 -33.192 8.90825 -0.98691 2 
29.504 -33.192 8.89912 -1.09004 2 
32.070 -33.192 8.88828 -0.87760 2 
34.636 -33.192 8.98080 -0.78472 2 
37.201 -33.192 8.95899 -0.76076 2 
39.767 -33.192 9.03577 -0.71648 2 
42.332 -33.192 9.00850 -0.80655 2 
44.898 -33.192 9.14438 -0.70856 2 
47.464 -33.192 9.11162 -0.62371 2 
50.029 -33.192 9.15847 -0.61693 2 
52.595 -33.192 8.95759 -0.43156 2 
55.160 -33.192 9.04297 -0.59434 2 
57.726 -33.192 8.95483 -0.53806 2 
60.292 -33.192 9.18722 -0.59011 2 
62.857 -33.192 8.91048 -0.54696 2 
65.423 -33.192 9.12681 -0.40938 2 
67.988 -33.192 9.03080 -0.44053 2 
70.554 -33.192 9.16943 -0.26027 2 
73.120 -33.192 9.11263 -0.36286 2 
75.685 -33.192 9.16378 -0.20248 2 
78.251 -33.192 9.39995 -0.13346 2 
80.816 -33.192 9.49940 -0.22861 2 
83.382 -33.192 9.41638 0.01303 2 
85.948 -33.192 9.54837 0.19125 2 
88.513 -33.192 9.44219 0.31234 2 
91.079 -33.192 9.33033 0.43440 2 
93.644 -33.192 9.18109 0.72607 2 
96.210 -33.192 9.12322 0.75020 2 
98.776 -33.192 9.08143 0.75499 2 
101.341 -33.192 8.95289 0.89885 2 
103.907 -33.192 8.98773 0.79593 2 
106.472 -33.192 8.78427 0.83400 2 
109.038 -33.192 8.82206 0.68829 2 
111.603 -33.192 8.56868 0.89814 2 
114.169 -33.192 8.61309 0.95306 2 
116.735 -33.192 9.01042 0.65735 2 
119.300 -33.192 0.00000 -0.00000 0 
-8.980 -35.758 7.99139 -0.85435 2 
-6.414 -35.758 7.91539 -0.78378 2 
-3.848 -35.758 8.00577 -0.86588 2 
-1.283 -35.758 7.95497 -1.02815 2 
1.283 -35.758 8.06629 -0.98299 2 
3.848 -35.758 8.11786 -1.04543 2 
6.414 -35.758 8.10199 -1.06659 2 
8.980 -35.758 8.32484 -0.96667 2 
11.545 -35.758 8.33402 -1.00510 2 
14.111 -35.758 8.39824 -1.10954 2 
16.676 -35.758 8.47432 -0.97896 2 
19.242 -35.758 8.53220 -1.03236 2 
21.808 -35.758 8.74861 -0.93332 2 
24.373 -35.758 8.76160 -0.95529 2 
26.939 -35.758 8.79118 -0.97052 2 
29.504 -35.758 8.72233 -0.93717 2 
32.070 -35.758 8.88955 -0.79916 2 
34.636 -35.758 8.98443 -0.95310 2 
37.201 -35.758 8.82017 -0.72246 2 
39.767 -35.758 9.07417 -0.71902 2 
42.332 -35.758 8.97730 -0.63892 2 
44.898 -35.758 9.05573 -0.55688 2 
47.464 -35.758 9.08820 -0.50090 2 
50.029 -35.758 9.04687 -0.58729 2 
52.595 -35.758 9.02375 -0.39596 2 
55.160 -35.758 9.24197 -0.41115 2 
57.726 -35.758 8.89408 -0.42760 2 
60.292 -35.758 9.04220 -0.42473 2 
62.857 -35.758 9.07190 -0.45130 2 
65.423 -35.758 9.01468 -0.22305 2 
67.988 -35.758 8.90867 -0.41511 2 
70.554 -35.758 9.18884 -0.40812 2 
73.120 -35.758 9.16978 -0.23268 2 
75.685 -35.758 9.29811 -0.15177 2 
78.251 -35.758 9.22004 -0.10585 2 
80.816 -35.758 9.33091 0.04402 2 
83.382 -35.758 9.29266 0.29775 2 
85.948 -35.758 9.48842 0.32297 2 
88.513 -35.758 9.31732 0.37752 2 
91.079 -35.758 9.35206 0.47105 2 
93.644 -35.758 9.05584 0.49226 2 
96.210 -35.758 9.14449 0.58431 2 
98.776 -35.758 8.95794 0.65084 2 
101.341 -35.758 8.99661 0.75863 2 
103.907 -35.758 8.95858 0.74950 2 
106.472 -35.758 8.79736 0.77526 2 
109.038 -35.758 8.70220 0.77483 2 
111.603 -35.758 8.76676 0.80002 2 
114.169 -35.758 8.57128 0.81411 2 
116.735 -35.758 9.02546 0.73250 2 
119.300 -35.758 0.00000 -0.00000 0 
-8.980 -38.324 7.89903 -0.77759 2 
-6.414 -38.324 7.91152 -0.88699 2 
-3.848 -38.324 7.94022 -0.97695 2 
-1.283 -38.324 7.86301 -0.76624 2 
1.283 -38.324 8.12149 -0.92674 2 
3.848 -38.324 8.13476 -0.89626 2 
6.414 -38.324 8.22549 -0.93006 2 
8.980 -38.324 8.27312 -0.88630 2 
11.545 -38.324 8.30827 -0.96147 2 
14.111 -38.324 8.52099 -1.02123 2 
16.676 -38.324 8.44264 -0.99772 2 
19.242 -38.324 8.64366 -0.97281 2 
21.808 -38.324 8.53516 -0.91027 2 
24.373 -38.324 8.79658 -0.95928 2 
26.939 -38.324 8.74170 -0.83493 2 
29.504 -38.324 8.84350 -0.81533 2 
32.070 -38.324 8.91008 -0.76932 2 
34.636 -38.324 8.90922 -0.84349 2 
37.201 -38.324 8.92102 -0.81103 2 
39.767 -38.324 8.87661 -0.74066 2 
42.332 -38.324 8.87652 -0.69038 2 
44.898 -38.324 9.02672 -0.56001 2 
47.464 -38.324 9.08324 -0.65415 2 
50.029 -38.324 8.92558 -0.49806 2 
52.595 -38.324 9.12341 -0.51498 2 
55.160 -38.324 9.04156 -0.58682 2 
57.726 -38.324 9.22881 -0.56354 2 
60.292 -38.324 9.00768 -0.40565 2 
62.857 -38.324 9.08175 -0.35281 2 
65.423 -38.324 9.08606 -0.39201 2 
67.988 -38.324 9.10615 -0.41115 2 
70.554 -38.324 9.11874 -0.12800 2 
73.120 -38.324 9.11216 -0.23979 2 
75.685 -38.324 9.16491 -0.28538 2 
78.251 -38.324 9.07086 0.01757 2 
80.816 -38.324 9.31073 -0.06561 2 
83.382 -38.324 9.11890 0.13453 2 
85.948 -38.324 9.15656 0.19643 2 
88.513 -38.324 9.35867 0.19676 2 
91.079 -38.324 8.92035 0.56363 2 
93.644 -38.324 9.05185 0.54876 2 
96.210 -38.324 9.10571 0.67834 2 
98.776 -38.324 8.93065 0.67188 2 
101.341 -38.324 8.96997 0.70745 2 
103.907 -38.324 8.75155 0.63052 2 
106.472 -38.324 8.72703 0.76850 2 
109.038 -38.324 8.78639 0.63681 2 
111.603 -38.324 8.66268 0.82499 2 
114.169 -38.324 8.54250 0.75951 2 
116.735 -38.324 9.00863 0.71980 2 
119.300 -38.324 0.00000 -0.00000 0 
-8.980 -40.889 7.83283 -0.78954 2 
-6.414 -40.889 7.92290 -0.73933 2 
-3.848 -40.889 8.07186 -0.78916 2 
-1.283 -40.889 7.96481 -0.88196 2 
1.283 -40.889 8.18023 -0.89725 2 
3.848 -40.889 8.16373 -0.87519 2 
6.414 -40.889 8.39747 -0.90740 2 
8.980 -40.889 8.27523 -0.96097 2 
11.545 -40.889 8.31800 -0.87755 2 
14.111 -40.889 8.40528 -1.02218 2 
16.676 -40.889 8.45271 -0.89469 2 
19.242 -40.889 8.55183 -0.89386 2 
21.808 -40.889 8.75296 -0.92803 2 
24.373 -40.889 8.69161 -0.79768 2 
26.939 -40.889 8.80080 -0.82771 2 
29.504 -40.889 8.80990 -0.73825 2 
32.070 -40.889 8.83614 -0.89554 2 
34.636 -40.889 8.81815 -0.63913 2 
37.201 -40.889 8.80212 -0.70822 2 
39.767 -40.889 8.92770 -0.74474 2 
42.332 -40.889 8.92634 -0.55225 2 
44.898 -40.889 8.81652 -0.73129 2 
47.464 -40.889 9.07749 -0.57566 2 
50.029 -40.889 8.82807 -0.47285 2 
52.595 -40.889 8.96226 -0.50988 2 
55.160 -40.889 8.86852 -0.48152 2 
57.726 -40.889 8.90988 -0.27394 2 
60.292 -40.889 8.98201 -0.36826 2 
62.857 -40.889 9.03665 -0.21566 2 
65.423 -40.889 9.11776 -0.27878 2 
67.988 -40.889 8.92960 -0.25932 2 
70.554 -40.889 9.01507 -0.27088 2 
73.120 -40.889 9.22024 -0.35099 2 
75.685 -40.889 9.20709 -0.13475 2 
78.251 -40.889 9.23010 -0.05951 2 
80.816 -40.889 8.99861 0.16827 2 
83.382 -40.889 9.21159 0.09535 2 
85.948 -40.889 9.09285 0.26801 2 
88.513 -40.889 9.02358 0.19332 2 
91.079 -40.889 9.16886 0.25995 2 
93.644 -40.889 9.16331 0.41611 2 
96.210 -40.889 8.92356 0.58181 2 
98.776 -40.889 8.97812 0.43700 2 
101.341 -40.889 8.87784 0.62798 2 
103.907 -40.889 8.76435 0.62351 2 
106.472 -40.889 8.82204 0.70532 2 
109.038 -40.889 8.68184 0.73890 2 
111.603 -40.889 8.66600 0.63789 2 
114.169 -40.889 8.51602 0.62739 2 
116.735 -40.889 8.99180 0.70710 2 
119.300 -40.889 0.00000 -0.00000 0 
-8.980 -43.455 7.93238 -0.75307 2 
-6.414 -43.455 7.95726 -0.84826 2 
-3.848 -43.455 8.01950 -0.74986 2 
-1.283 -43.455 8.08941 -0.78113 2 
1.283 -43.455 8.13665 -0.81301 2 
3.848 -43.455 8.22077 -0.96201 2 
6.414 -43.455 8.17330 -0.84867 2 
8.980 -43.455 8.52989 -0.87714 2 
11.545 -43.455 8.33793 -0.83596 2 
14.111 -43.455 8.55508 -0.80362 2 
16.676 -43.455 8.54899 -0.87433 2 
19.242 -43.455 8.62542 -0.94850 2 
21.808 -43.455 8.62972 -0.82601 2 
24.373 -43.455 8.56396 -0.89367 2 
26.939 -43.455 8.63644 -0.75975 2 
29.504 -43.455 8.73924 -0.85484 2 
32.070 -43.455 8.70932 -0.74998 2 
34.636 -43.455 8.86439 -0.79171 2 
37.201 -43.455 8.81255 -0.72950 2 
39.767 -43.455 8.86131 -0.59426 2 
42.332 -43.455 8.83090 -0.77420 2 
44.898 -43.455 8.95785 -0.45095 2 
47.464 -43.455 8.74664 -0.47954 2 
50.029 -43.455 8.97728 -0.39496 2 
52.595 -43.455 8.97141 -0.49069 2 
55.160 -43.455 8.89715 -0.34541 2 
57.726 -43.455 8.86707 -0.39704 2 
60.292 -43.455 9.01009 -0.29122 2 
62.857 -43.455 8.87870 -0.31679 2 
65.423 -43.455 9.02986 -0.35242 2 
67.988 -43.455 8.96926 -0.18371 2 
70.554 -43.455 8.93115 -0.23310 2 
73.120 -43.455 9.01685 -0.01506 2 
75.685 -43.455 9.07960 0.12440 2 
78.251 -43.455 8.80453 -0.05616 2 
80.816 -43.455 9.12722 0.08620 2 
83.382 -43.455 9.01990 0.08039 2 
85.948 -43.455 8.94023 0.25726 2 
88.513 -43.455 9.01367 0.45921 2 
91.079 -43.455 8.98254 0.30829 2 
93.644 -43.455 9.02143 0.40229 2 
96.210 -43.455 8.88627 0.52331 2 
98.776 -43.455 8.98097 0.42176 2 
101.341 -43.455 8.88936 0.67972 2 
103.907 -43.455 8.69152 0.64691 2 
106.472 -43.455 8.77956 0.55824 2 
109.038 -43.455 8.78713 0.76518 2 
111.603 -43.455 8.72985 0.65651 2 
114.169 -43.455 8.47979 0.57047 2 
116.735 -43.455 8.97496 0.69440 2 
119.300 -43.455 0.00000 -0.00000 0 
-8.980 -46.020 7.89834 -0.77019 2 
-6.414 -46.020 7.97708 -0.69833 2 
-3.848 -46.020 7.92364 -0.90717 2 
-1.283 -46.020 8.15966 -0.88198 2 
1.283 -46.020 8.14216 -0.81838 2 
3.848 -46.020 8.21902 -0.74741 2 
6.414 -46.020 8.26115 -0.88810 2 
8.980 -46.020 8.29175 -0.73663 2 
11.545 -46.020 8.41924 -0.78190 2 
14.111 -46.020 8.36783 -0.92442 2 
16.676 -46.020 8.59044 -0.78522 2 
19.242 -46.020 8.49852 -0.75878 2 
21.808 -46.020 8.55920 -0.79923 2 
24.373 -46.020 8.75099 -0.72972 2 
26.939 -46.020 8.76755 -0.71305 2 
29.504 -46.020 8.68375 -0.68747 2 
32.070 -46.020 8.66803 -0.70157 2 
34.636 -46.020 8.83346 -0.71754 2 
37.201 -46.020 8.76373 -0.67341 2 
39.767 -46.020 8.87987 -0.63759 2 
42.332 -46.020 8.75302 -0.71502 2 
44.898 -46.020 8.81506 -0.53405 2 
47.464 -46.020 8.86674 -0.51775 2 
50.029 -46.020 8.75312 -0.62098 2 
52.595 -46.020 8.92070 -0.35658 2 
55.160 -46.020 9.02423 -0.42393 2 
57.726 -46.020 8.87586 -0.28699 2 
60.292 -46.020 8.88241 -0.32431 2 
62.857 -46.020 8.92549 -0.13692 2 
65.423 -46.020 8.97005 -0.24874 2 
67.988 -46.020 8.93087 -0.24656 2 
70.554 -46.020 9.02851 -0.15957 2 
73.120 -46.020 8.95957 -0.11792 2 
75.685 -46.020 9.01381 -0.07269 2 
78.251 -46.020 9.05565 0.09544 2 
80.816 -46.020 9.06028 0.03014 2 
83.382 -46.020 8.97065 0.22869 2 
85.948 -46.020 8.98238 0.19587 2 
88.513 -46.020 9.00957 0.28178 2 
91.079 -46.020 8.88920 0.33964 2 
93.644 -46.020 9.09037 0.60966 2 
96.210 -46.020 8.94945 0.34042 2 
98.776 -46.020 8.75945 0.58616 2 
101.341 -46.020 8.81259 0.52849 2 
103.907 -46.020 8.80058 0.57785 2 
106.472 -46.020 8.79049 0.57521 2 
109.038 -46.020 8.67391 0.38670 2 
111.603 -46.020 8.62819 0.69175 2 
114.169 -46.020 8.57870 0.62455 2 
116.735 -46.020 8.95813 0.68170 2 
119.300 -46.020 0.00000 -0.00000 0 
-8.980 -48.586 8.03166 -0.69298 2 
-6.414 -48.586 7.98310 -0.77390 2 
-3.848 -48.586 8.16701 -0.66654 2 
-1.283 -48.586 8.09029 -0.79816 2 
1.283 -48.586 8.23766 -0.78308 2 
3.848 -48.586 8.22000 -0.62488 2 
6.414 -48.586 8.28487 -0.84520 2 
8.980 -48.586 8.27464 -0.86214 2 
11.545 -48.586 8.28771 -0.88826 2 
14.111 -48.586 8.40648 -0.84720 2 
16.676 -48.586 8.49012 -0.80495 2 
19.242 -48.586 8.51073 -0.82790 2 
21.808 -48.586 8.56177 -0.73347 2 
24.373 -48.586 8.57529 -0.72704 2 
26.939 -48.586 8.56978 -0.74853 2 
29.504 -48.586 8.76209 -0.69561 2 
32.070 -48.586 8.89228 -0.73475 2 
34.636 -48.586 8.74583 -0.45808 2 
37.201 -48.586 8.77658 -0.63859 2 
39.767 -48.586 8.75422 -0.62401 2 
42.332 -48.586 8.89198 -0.56674 2 
44.898 -48.586 8.72562 -0.56729 2 
47.464 -48.586 8.88204 -0.36225 2 
50.029 -48.586 8.80835 -0.44502 2 
52.595 -48.586 8.84104 -0.39365 2 
55.160 -48.586 8.82665 -0.39805 2 
57.726 -48.586 8.96230 -0.39783 2 
60.292 -48.586 8.84916 -0.27269 2 
62.857 -48.586 9.00171 -0.26557 2 
65.423 -48.586 8.91808 -0.23634 2 
67.988 -48.586 8.86246 -0.12794 2 
70.554 -48.586 8.83434 -0.13866 2 
73.120 -48.586 9.02595 -0.19958 2 
75.685 -48.586 9.00302 -0.05437 2 
78.251 -48.586 8.92365 0.08164 2 
80.816 -48.586 8.94570 0.00875 2 
83.382 -48.586 8.85544 0.29116 2 
85.948 -48.586 8.90439 0.11074 2 
88.513 -48.586 8.84235 0.23042 2 
91.079 -48.586 9.09873 0.27722 2 
93.644 -48.586 8.76726 0.31606 2 
96.210 -48.586 8.80360 0.50362 2 
98.776 -48.586 8.69605 0.49094 2 
101.341 -48.586 8.75392 0.43574 2 
103.907 -48.586 8.87851 0.48558 2 
106.472 -48.586 8.65386 0.63946 2 
109.038 -48.586 8.69572 0.58399 2 
111.603 -48.586 8.54109 0.64921 2 
114.169 -48.586 8.62309 0.54591 2 
116.735 -48.586 8.99195 0.72527 2 
119.300 -48.586 0.00000 -0.00000 0 
-8.980 -51.152 7.95945 -0.72504 2 
-6.414 -51.152 8.05102 -0.65173 2 
-3.848 -51.152 7.98851 -0.66045 2 
-1.283 -51.152 8.03454 -0.76117 2 
1.283 -51.152 8.10150 -0.75401 2 
3.848 -51.152 8.17796 -0.67097 2 
6.414 -51.152 8.29094 -0.71370 2 
8.980 -51.152 8.41484 -0.67406 2 
11.545 -51.152 8.39555 -0.77260 2 
14.111 -51.152 8.45052 -0.67312 2 
16.676 -51.152 8.42930 -0.70702 2 
19.242 -51.152 8.51880 -0.67360 2 
21.808 -51.152 8.45579 -0.73309 2 
24.373 -51.152 8.55414 -0.73868 2 
26.939 -51.152 8.60136 -0.63314 2 
29.504 -51.152 8.64864 -0.67366 2 
32.070 -51.152 8.51934 -0.55133 2 
34.636 -51.152 8.71555 -0.63282 2 
37.201 -51.152 8.61128 -0.70143 2 
39.767 -51.152 8.84600 -0.50430 2 
42.332 -51.152 8.72813 -0.47278 2 
44.898 -51.152 8.86876 -0.57191 2 
47.464 -51.152 8.75645 -0.38522 2 
50.029 -51.152 8.95069 -0.41198 2 
52.595 -51.152 8.77058 -0.43950 2 
55.160 -51.152 8.84711 -0.16987 2 
57.726 -51.152 8.66198 -0.25694 2 
60.292 -51.152 9.11027 -0.27324 2 
62.857 -51.152 8.75713 -0.10144 2 
65.423 -51.152 8.83864 -0.36110 2 
67.988 -51.152 8.89859 -0.08023 2 
70.554 -51.152 8.95475 -0.24114 2 
73.120 -51.152 8.88577 -0.08903 2 
75.685 -51.152 8.94563 0.13247 2 
78.251 -51.152 8.87142 -0.06260 2 
80.816 -51.152 8.83706 0.13127 2 
83.382 -51.152 8.93612 0.13772 2 
85.948 -51.152 8.86368 0.19495 2 
88.513 -51.152 8.84324 0.25361 2 
91.079 -51.152 8.80586 0.36102 2 
93.644 -51.152 8.85383 0.31405 2 
96.210 -51.152 8.93003 0.47478 2 
98.776 -51.152 8.81154 0.39360 2 
101.341 -51.152 8.73967 0.51544 2 
103.907 -51.152 8.60128 0.59222 2 
106.472 -51.152 8.71644 0.52531 2 
109.038 -51.152 8.53355 0.60509 2 
111.603 -51.152 8.74028 0.52339 2 
114.169 -51.152 8.48144 0.46185 2 
116.735 -51.152 8.99302 0.76295 2 
119.300 -51.152 0.00000 -0.00000 0 
-8.980 -53.717 8.05632 -0.80771 2 
-6.414 -53.717 8.21527 -0.64835 2 
-3.848 -53.717 7.98995 -0.75140 2 
-1.283 -53.717 8.22244 -0.68522 2 
1.283 -53.717 8.21041 -0.78292 2 
3.848 -53.717 8.23717 -0.76600 2 
6.414 -53.717 8.19433 -0.74595 2 
8.980 -53.717 8.33311 -0.87689 2 
11.545 -53.717 8.37690 -0.82469 2 
14.111 -53.717 8.44980 -0.84187 2 
16.676 -53.717 8.47686 -0.72956 2 
19.242 -53.717 8.58831 -0.94127 2 
21.808 -53.717 8.57696 -0.73973 2 
24.373 -53.717 8.63950 -0.65647 2 
26.939 -53.717 8.63380 -0.83755 2 
29.504 -53.717 8.72161 -0.57839 2 
32.070 -53.717 8.77100 -0.69590 2 
34.636 -53.717 8.67858 -0.63995 2 
37.201 -53.717 8.76760 -0.66871 2 
39.767 -53.717 8.62391 -0.61146 2 
42.332 -53.717 8.88535 -0.55329 2 
44.898 -53.717 8.72744 -0.65295 2 
47.464 -53.717 8.73908 -0.62316 2 
50.029 -53.717 8.90737 -0.33799 2 
52.595 -53.717 8.70004 -0.45797 2 
55.160 -53.717 8.89102 -0.31542 2 
57.726 -53.717 8.94804 -0.33719 2 
60.292 -53.717 8.79521 -0.26322 2 
62.857 -53.717 8.79626 -0.27836 2 
65.423 -53.717 8.83886 -0.26564 2 
67.988 -53.717 8.90432 -0.17805 2 
70.554 -53.717 8.76905 -0.18868 2 
73.120 -53.717 8.76995 0.03092 2 
75.685 -53.717 8.82417 -0.06229 2 
78.251 -53.717 8.92026 -0.01710 2 
80.816 -53.717 8.82603 0.20698 2 
83.382 -53.717 8.84624 0.14195 2 
85.948 -53.717 9.03426 0.17244 2 
88.513 -53.717 8.80117 0.33804 2 
91.079 -53.717 8.75065 0.27050 2 
93.644 -53.717 8.85265 0.38058 2 
96.210 -53.717 8.83406 0.42352 2 
98.776 -53.717 8.84498 0.51200 2 
101.341 -53.717 8.80241 0.38267 2 
103.907 -53.717 8.72177 0.47001 2 
106.472 -53.717 8.71812 0.48791 2 
109.038 -53.717 8.62624 0.66503 2 
111.603 -53.717 8.55991 0.52961 2 
114.169 -53.717 8.65451 0.71651 2 
116.735 -53.717 0.00000 -0.00000 0 
119.300 -53.717 0.00000 -0.00000 0 
-8.980 -56.283 0.00000 -0.00000 0 
-6.414 -56.283 8.14653 -0.57507 2 
-3.848 -56.283 8.05340 -0.39883 2 
-1.283 -56.283 8.12984 -0.47629 2 
1.283 -56.283 8.13390 -0.54004 2 
3.848 -56.283 8.07902 -0.51345 2 
6.414 -56.283 8.12144 -0.48196 2 
8.980 -56.283 8.16386 -0.45048 2 
11.545 -56.283 8.20629 -0.41899 2 
14.111 -56.283 8.24871 -0.38750 2 
16.676 -56.283 8.29113 -0.35601 2 
19.242 -56.283 8.33355 -0.32452 2 
21.808 -56.283 8.37597 -0.29304 2 
24.373 -56.283 8.41839 -0.26155 2 
26.939 -56.283 8.46081 -0.23006 2 
29.504 -56.283 8.50323 -0.19857 2 
32.070 -56.283 8.54565 -0.16708 2 
34.636 -56.283 8.58807 -0.13560 2 
37.201 -56.283 8.63050 -0.10411 2 
39.767 -56.283 8.67292 -0.07262 2 
42.332 -56.283 8.71534 -0.04113 2 
44.898 -56.283 8.75776 -0.00964 2 
47.464 -56.283 8.81523 -0.01470 2 
50.029 -56.283 8.87270 -0.01976 2 
52.595 -56.283 8.78324 -0.04072 2 
55.160 -56.283 8.69377 -0.06167 2 
57.726 -56.283 8.80125 -0.00250 2 
60.292 -56.283 8.83393 -0.00934 2 
62.857 -56.283 8.86661 -0.01618 2 
65.423 -56.283 8.75302 -0.08966 2 
67.988 -56.283 8.79187 -0.03378 2 
70.554 -56.283 8.90339 -0.02980 2 
73.120 -56.283 8.74870 0.03324 2 
75.685 -56.283 8.80193 -0.00485 2 
78.251 -56.283 8.86779 -0.15155 2 
80.816 -56.283 8.89186 -0.04988 2 
83.382 -56.283 8.79867 -0.06205 2 
85.948 -56.283 8.93793 0.14129 2 
88.513 -56.283 8.78223 0.08040 2 
91.079 -56.283 8.84959 -0.00650 2 
93.644 -56.283 8.86822 0.04941 2 
96.210 -56.283 8.78230 0.13340 2 
98.776 -56.283 8.72745 0.17382 2 
101.341 -56.283 8.67259 0.21425 2 
103.907 -56.283 8.61774 0.25467 2 
106.472 -56.283 8.79037 0.22679 2 
109.038 -56.283 8.73598 0.30622 2 
111.603 -56.283 8.66099 0.33175 2 
114.169 -56.283 0.00000 -0.00000 0 
116.735 -56.283 0.00000 -0.00000 0 
119.300 -56.283 0.00000 -0.00000 0 
