TITLE = "B00004"
VARIABLES = "X [mm]", "Y [mm]", "Vx [m/s]", "Vy [m/s]", "Flag"
ZONE T="Frame 1", I=51, J=39, F=POINT
-8.980 41.210 7.25753 0.29906 2 
-6.414 41.210 7.29090 0.27470 2 
-3.848 41.210 7.32564 0.40427 2 
-1.283 41.210 7.20676 0.40445 2 
1.283 41.210 7.65391 0.45352 2 
3.848 41.210 0.00000 -0.00000 0 
6.414 41.210 0.00000 -0.00000 0 
8.980 41.210 0.00000 -0.00000 0 
11.545 41.210 0.00000 -0.00000 0 
14.111 41.210 0.00000 -0.00000 0 
16.676 41.210 0.00000 -0.00000 0 
19.242 41.210 4.11939 0.36413 2 
21.808 41.210 8.23879 0.72825 2 
24.373 41.210 7.39585 0.74452 2 
26.939 41.210 7.36068 0.61372 2 
29.504 41.210 7.61416 0.93020 2 
32.070 41.210 7.76124 0.73306 2 
34.636 41.210 7.53047 0.58816 2 
37.201 41.210 7.54431 0.98832 2 
39.767 41.210 7.65033 0.82275 2 
42.332 41.210 7.80733 0.65523 2 
44.898 41.210 7.77338 0.97860 2 
47.464 41.210 7.88620 0.73166 2 
50.029 41.210 7.94452 0.82672 2 
52.595 41.210 8.14653 0.87825 2 
55.160 41.210 8.07762 0.74863 2 
57.726 41.210 8.12988 0.69818 2 
60.292 41.210 8.38207 0.80464 2 
62.857 41.210 8.20125 0.79320 2 
65.423 41.210 8.31430 0.72424 2 
67.988 41.210 8.39488 0.75542 2 
70.554 41.210 8.53016 0.51709 2 
73.120 41.210 8.57881 0.74513 2 
75.685 41.210 8.49264 0.60213 2 
78.251 41.210 8.40646 0.45913 2 
80.816 41.210 0.00000 0.00000 0 
83.382 41.210 8.48463 0.45759 2 
85.948 41.210 8.51745 0.52095 2 
88.513 41.210 8.62328 0.40307 2 
91.079 41.210 8.46811 0.23775 2 
93.644 41.210 8.62396 0.22384 2 
96.210 41.210 8.46556 0.15281 2 
98.776 41.210 8.56222 0.03045 2 
101.341 41.210 8.54513 -0.11488 2 
103.907 41.210 8.50241 -0.09053 2 
106.472 41.210 8.52268 0.04836 2 
109.038 41.210 8.35927 -0.32805 2 
111.603 41.210 8.11770 -0.21952 2 
114.169 41.210 8.43493 -0.36869 2 
116.735 41.210 0.00000 -0.00000 0 
119.300 41.210 0.00000 -0.00000 0 
-8.980 38.644 7.16771 0.28351 2 
-6.414 38.644 7.10883 0.21836 2 
-3.848 38.644 7.18020 0.37077 2 
-1.283 38.644 7.23369 0.41755 2 
1.283 38.644 7.56115 0.65265 2 
3.848 38.644 0.00000 -0.00000 0 
6.414 38.644 0.00000 -0.00000 0 
8.980 38.644 0.00000 -0.00000 0 
11.545 38.644 0.00000 -0.00000 0 
14.111 38.644 0.00000 -0.00000 0 
16.676 38.644 0.00000 -0.00000 0 
19.242 38.644 3.92224 0.40311 2 
21.808 38.644 7.84447 0.80622 2 
24.373 38.644 7.32905 0.69922 2 
26.939 38.644 7.44612 0.83027 2 
29.504 38.644 7.43104 0.76672 2 
32.070 38.644 7.52583 0.79724 2 
34.636 38.644 7.74262 0.89115 2 
37.201 38.644 7.77971 0.84134 2 
39.767 38.644 7.72860 0.79590 2 
42.332 38.644 7.92601 0.89737 2 
44.898 38.644 7.77551 0.79101 2 
47.464 38.644 7.92950 0.87511 2 
50.029 38.644 7.81424 0.94335 2 
52.595 38.644 8.01951 0.83742 2 
55.160 38.644 8.02240 0.73776 2 
57.726 38.644 8.22954 0.75926 2 
60.292 38.644 8.17036 0.85957 2 
62.857 38.644 8.38868 0.77505 2 
65.423 38.644 8.44017 0.75960 2 
67.988 38.644 8.55458 0.81032 2 
70.554 38.644 8.35039 0.51188 2 
73.120 38.644 8.32368 0.74963 2 
75.685 38.644 8.68687 0.50138 2 
78.251 38.644 8.69723 0.50264 2 
80.816 38.644 0.00000 0.00000 0 
83.382 38.644 8.69904 0.29520 2 
85.948 38.644 8.77751 0.31043 2 
88.513 38.644 8.66883 0.32400 2 
91.079 38.644 8.55431 0.02091 2 
93.644 38.644 8.59446 0.11728 2 
96.210 38.644 8.65630 0.00324 2 
98.776 38.644 8.67263 0.01536 2 
101.341 38.644 8.45544 0.03018 2 
103.907 38.644 8.56739 0.09576 2 
106.472 38.644 8.40119 -0.15937 2 
109.038 38.644 8.35797 -0.08030 2 
111.603 38.644 8.36350 -0.20326 2 
114.169 38.644 8.40133 -0.08370 2 
116.735 38.644 0.00000 -0.00000 0 
119.300 38.644 0.00000 -0.00000 0 
-8.980 36.079 7.20417 0.25196 2 
-6.414 36.079 7.22809 0.34710 2 
-3.848 36.079 7.23809 0.40847 2 
-1.283 36.079 7.05145 0.34013 2 
1.283 36.079 7.93655 0.14501 2 
3.848 36.079 0.00000 -0.00000 0 
6.414 36.079 0.00000 -0.00000 0 
8.980 36.079 0.00000 -0.00000 0 
11.545 36.079 0.00000 -0.00000 0 
14.111 36.079 0.00000 -0.00000 0 
16.676 36.079 0.00000 -0.00000 0 
19.242 36.079 -0.57346 0.93236 2 
21.808 36.079 8.04893 0.92802 2 
24.373 36.079 7.34575 0.82037 2 
26.939 36.079 7.52658 0.76847 2 
29.504 36.079 7.55005 0.69917 2 
32.070 36.079 7.53769 0.97956 2 
34.636 36.079 7.61271 1.13262 2 
37.201 36.079 7.62363 0.88793 2 
39.767 36.079 7.60351 0.92811 2 
42.332 36.079 7.88109 0.92542 2 
44.898 36.079 7.89771 0.84748 2 
47.464 36.079 8.01882 0.92650 2 
50.029 36.079 8.15138 1.07132 2 
52.595 36.079 7.92908 0.96637 2 
55.160 36.079 7.98386 0.96809 2 
57.726 36.079 8.29773 0.98109 2 
60.292 36.079 8.21344 0.81937 2 
62.857 36.079 8.38720 0.84624 2 
65.423 36.079 8.28823 0.67952 2 
67.988 36.079 8.59168 0.90584 2 
70.554 36.079 8.27634 0.87266 2 
73.120 36.079 8.64156 0.74819 2 
75.685 36.079 8.61446 0.63774 2 
78.251 36.079 8.66580 0.61823 2 
80.816 36.079 0.00000 0.00000 0 
83.382 36.079 8.63015 0.42963 2 
85.948 36.079 8.63396 0.38564 2 
88.513 36.079 8.79732 0.42029 2 
91.079 36.079 8.72778 0.51894 2 
93.644 36.079 8.83687 -0.02733 2 
96.210 36.079 8.69431 0.10239 2 
98.776 36.079 8.62836 0.05645 2 
101.341 36.079 8.68836 -0.24191 2 
103.907 36.079 8.45739 -0.31377 2 
106.472 36.079 8.50466 -0.17780 2 
109.038 36.079 8.31908 -0.22446 2 
111.603 36.079 8.10946 -0.14192 2 
114.169 36.079 8.27902 -0.09018 2 
116.735 36.079 8.62275 -0.21323 2 
119.300 36.079 0.00000 -0.00000 0 
-8.980 33.513 7.17196 0.29714 2 
-6.414 33.513 7.12882 0.20413 2 
-3.848 33.513 7.20106 0.31611 2 
-1.283 33.513 7.13751 0.50914 2 
1.283 33.513 7.65475 0.66007 2 
3.848 33.513 0.00000 -0.00000 0 
6.414 33.513 0.00000 -0.00000 0 
8.980 33.513 0.00000 -0.00000 0 
11.545 33.513 0.00000 -0.00000 0 
14.111 33.513 0.00000 -0.00000 0 
16.676 33.513 0.00000 -0.00000 0 
19.242 33.513 0.39032 0.75053 2 
21.808 33.513 7.50333 0.98103 2 
24.373 33.513 7.13151 0.73635 2 
26.939 33.513 7.49515 0.97589 2 
29.504 33.513 7.33872 0.88799 2 
32.070 33.513 7.44379 0.83296 2 
34.636 33.513 7.50739 0.79260 2 
37.201 33.513 7.79756 0.85279 2 
39.767 33.513 7.59485 0.98167 2 
42.332 33.513 7.76611 1.03004 2 
44.898 33.513 7.69017 0.89627 2 
47.464 33.513 7.97899 1.01687 2 
50.029 33.513 7.84878 1.15552 2 
52.595 33.513 7.95500 0.79205 2 
55.160 33.513 8.10145 0.78447 2 
57.726 33.513 8.55660 0.96210 2 
60.292 33.513 8.04656 0.83119 2 
62.857 33.513 8.38571 0.91744 2 
65.423 33.513 8.44587 0.99221 2 
67.988 33.513 8.53718 0.84718 2 
70.554 33.513 8.70034 0.87718 2 
73.120 33.513 8.36771 0.76018 2 
75.685 33.513 8.55960 0.63682 2 
78.251 33.513 8.69744 0.84548 2 
80.816 33.513 0.00000 0.00000 0 
83.382 33.513 8.83413 0.41318 2 
85.948 33.513 8.96008 0.28725 2 
88.513 33.513 8.88662 0.23956 2 
91.079 33.513 8.79406 0.15641 2 
93.644 33.513 8.76542 -0.09731 2 
96.210 33.513 8.76409 0.30345 2 
98.776 33.513 8.62282 -0.28677 2 
101.341 33.513 8.44609 -0.18733 2 
103.907 33.513 8.50930 -0.26479 2 
106.472 33.513 8.37795 -0.34161 2 
109.038 33.513 8.46868 -0.28987 2 
111.603 33.513 8.24367 -0.12494 2 
114.169 33.513 8.04368 -0.15577 2 
116.735 33.513 8.55731 -0.10472 2 
119.300 33.513 0.00000 -0.00000 0 
-8.980 30.948 7.09434 0.19860 2 
-6.414 30.948 7.34824 0.28141 2 
-3.848 30.948 6.96532 0.42393 2 
-1.283 30.948 7.04390 0.41624 2 
1.283 30.948 7.49479 0.48568 2 
3.848 30.948 0.00000 -0.00000 0 
6.414 30.948 0.00000 -0.00000 0 
8.980 30.948 0.00000 -0.00000 0 
11.545 30.948 0.00000 -0.00000 0 
14.111 30.948 0.00000 -0.00000 0 
16.676 30.948 0.00000 -0.00000 0 
19.242 30.948 4.23831 0.76200 2 
21.808 30.948 7.52307 0.84123 2 
24.373 30.948 7.27096 0.85665 2 
26.939 30.948 7.44455 0.90600 2 
29.504 30.948 7.33378 0.94847 2 
32.070 30.948 7.43239 1.02364 2 
34.636 30.948 7.59015 1.18099 2 
37.201 30.948 7.52938 1.04928 2 
39.767 30.948 7.71235 0.99032 2 
42.332 30.948 7.70490 0.95931 2 
44.898 30.948 7.83089 1.08476 2 
47.464 30.948 7.99849 1.05390 2 
50.029 30.948 8.16564 1.15464 2 
52.595 30.948 8.04232 1.06131 2 
55.160 30.948 8.46981 0.96765 2 
57.726 30.948 8.05286 0.92141 2 
60.292 30.948 8.37348 1.03344 2 
62.857 30.948 8.40699 0.74354 2 
65.423 30.948 8.39039 0.89331 2 
67.988 30.948 8.47776 0.87118 2 
70.554 30.948 8.56583 0.86313 2 
73.120 30.948 8.86013 0.84850 2 
75.685 30.948 8.83447 0.54917 2 
78.251 30.948 8.62273 0.77613 2 
80.816 30.948 0.00000 0.00000 0 
83.382 30.948 8.86219 0.51357 2 
85.948 30.948 8.94650 0.51128 2 
88.513 30.948 8.94350 0.37718 2 
91.079 30.948 8.79621 0.24968 2 
93.644 30.948 8.99396 -0.12758 2 
96.210 30.948 8.80226 -0.19115 2 
98.776 30.948 8.92186 -0.35076 2 
101.341 30.948 8.51862 -0.33287 2 
103.907 30.948 8.71153 -0.30622 2 
106.472 30.948 8.19242 -0.43399 2 
109.038 30.948 8.21938 -0.43412 2 
111.603 30.948 8.18711 0.12380 2 
114.169 30.948 8.05513 0.06090 2 
116.735 30.948 8.22458 0.33647 2 
119.300 30.948 0.00000 -0.00000 0 
-8.980 28.382 7.12225 0.28410 2 
-6.414 28.382 7.04190 0.33558 2 
-3.848 28.382 7.06839 0.34578 2 
-1.283 28.382 7.02607 0.37285 2 
1.283 28.382 7.40819 0.41599 2 
3.848 28.382 2.66930 0.29846 2 
6.414 28.382 0.00000 -0.00000 0 
8.980 28.382 0.00000 -0.00000 0 
11.545 28.382 0.00000 -0.00000 0 
14.111 28.382 0.00000 -0.00000 0 
16.676 28.382 2.09394 0.26549 2 
19.242 28.382 8.08630 0.77346 2 
21.808 28.382 7.52552 0.84367 2 
24.373 28.382 7.14423 0.88694 2 
26.939 28.382 7.41067 0.92959 2 
29.504 28.382 7.46765 1.09238 2 
32.070 28.382 7.41877 1.10312 2 
34.636 28.382 7.40830 0.96335 2 
37.201 28.382 7.59248 1.17157 2 
39.767 28.382 7.75075 1.00575 2 
42.332 28.382 7.80482 1.10078 2 
44.898 28.382 7.61927 1.04591 2 
47.464 28.382 8.01840 1.20234 2 
50.029 28.382 7.80731 0.83486 2 
52.595 28.382 8.24979 1.29750 2 
55.160 28.382 8.17097 1.06705 2 
57.726 28.382 8.08273 0.94997 2 
60.292 28.382 8.24512 1.04913 2 
62.857 28.382 8.39003 1.05830 2 
65.423 28.382 8.29091 1.12664 2 
67.988 28.382 8.43194 0.88401 2 
70.554 28.382 8.43467 1.06283 2 
73.120 28.382 8.75168 0.96008 2 
75.685 28.382 8.72838 0.78724 2 
78.251 28.382 8.74773 0.74889 2 
80.816 28.382 8.88622 0.56820 2 
83.382 28.382 8.89354 0.52786 2 
85.948 28.382 8.90085 0.48752 2 
88.513 28.382 8.92396 0.24550 2 
91.079 28.382 9.00972 0.25574 2 
93.644 28.382 8.99617 -0.06063 2 
96.210 28.382 9.05065 -0.19681 2 
98.776 28.382 8.90240 -0.49384 2 
101.341 28.382 8.66434 -0.40267 2 
103.907 28.382 8.53766 -0.48401 2 
106.472 28.382 8.37540 -0.49968 2 
109.038 28.382 8.03094 -0.07322 2 
111.603 28.382 7.90201 0.03529 2 
114.169 28.382 7.71024 0.45805 2 
116.735 28.382 7.90756 0.71997 2 
119.300 28.382 0.00000 -0.00000 0 
-8.980 25.816 6.91311 0.15270 2 
-6.414 25.816 7.12493 0.35984 2 
-3.848 25.816 6.86756 0.28274 2 
-1.283 25.816 6.96497 0.25310 2 
1.283 25.816 7.32158 0.34629 2 
3.848 25.816 5.33860 0.59693 2 
6.414 25.816 0.00000 -0.00000 0 
8.980 25.816 0.00000 -0.00000 0 
11.545 25.816 0.00000 -0.00000 0 
14.111 25.816 0.00000 -0.00000 0 
16.676 25.816 4.18789 0.53098 2 
19.242 25.816 8.37578 1.06197 2 
21.808 25.816 7.10322 1.05810 2 
24.373 25.816 7.11878 0.91242 2 
26.939 25.816 7.36170 1.00830 2 
29.504 25.816 7.18666 1.05521 2 
32.070 25.816 7.35559 0.93420 2 
34.636 25.816 7.48245 1.16205 2 
37.201 25.816 7.48242 1.13151 2 
39.767 25.816 7.70498 1.19006 2 
42.332 25.816 7.75433 1.10735 2 
44.898 25.816 7.90832 1.40299 2 
47.464 25.816 7.92322 1.21897 2 
50.029 25.816 8.11973 1.03284 2 
52.595 25.816 8.19844 1.33156 2 
55.160 25.816 8.24152 1.07719 2 
57.726 25.816 8.45107 1.29225 2 
60.292 25.816 8.27417 1.18896 2 
62.857 25.816 8.50121 1.18023 2 
65.423 25.816 8.68030 1.10156 2 
67.988 25.816 8.45516 1.13399 2 
70.554 25.816 8.83302 0.74989 2 
73.120 25.816 8.64323 1.07166 2 
75.685 25.816 8.72629 0.81812 2 
78.251 25.816 8.77244 0.97239 2 
80.816 25.816 8.73778 0.64449 2 
83.382 25.816 0.00000 0.00000 0 
85.948 25.816 9.10872 0.60482 2 
88.513 25.816 9.31067 0.35269 2 
91.079 25.816 9.12775 -0.04567 2 
93.644 25.816 9.15751 -0.17848 2 
96.210 25.816 9.02606 -0.50330 2 
98.776 25.816 8.91377 -0.63247 2 
101.341 25.816 8.77454 -0.68826 2 
103.907 25.816 8.56196 -0.53729 2 
106.472 25.816 8.07790 -0.65375 2 
109.038 25.816 7.83722 -0.58633 2 
111.603 25.816 7.25273 0.00971 2 
114.169 25.816 7.50645 0.85334 2 
116.735 25.816 7.21973 1.74400 2 
119.300 25.816 0.00000 -0.00000 0 
-8.980 23.251 7.06464 0.03938 2 
-6.414 23.251 7.03514 0.14892 2 
-3.848 23.251 6.87862 0.26985 2 
-1.283 23.251 6.90021 0.17234 2 
1.283 23.251 6.85852 0.55462 2 
3.848 23.251 6.08751 0.65969 2 
6.414 23.251 0.00000 -0.00000 0 
8.980 23.251 0.00000 -0.00000 0 
11.545 23.251 0.00000 -0.00000 0 
14.111 23.251 0.00000 -0.00000 0 
16.676 23.251 4.03966 0.58554 2 
19.242 23.251 8.07931 1.17108 2 
21.808 23.251 6.96006 1.06444 2 
24.373 23.251 7.20524 1.07334 2 
26.939 23.251 7.24851 0.99142 2 
29.504 23.251 7.36861 1.09269 2 
32.070 23.251 7.31805 1.17799 2 
34.636 23.251 7.42441 1.22576 2 
37.201 23.251 7.67992 1.16381 2 
39.767 23.251 7.59824 1.17235 2 
42.332 23.251 7.70046 1.27542 2 
44.898 23.251 7.83481 1.22610 2 
47.464 23.251 8.05507 1.10355 2 
50.029 23.251 7.95559 1.41991 2 
52.595 23.251 8.04826 1.03304 2 
55.160 23.251 8.08443 1.15738 2 
57.726 23.251 8.31828 1.05972 2 
60.292 23.251 8.44316 1.09323 2 
62.857 23.251 8.50781 0.94324 2 
65.423 23.251 8.33412 1.14154 2 
67.988 23.251 8.61410 0.86557 2 
70.554 23.251 8.61717 1.05693 2 
73.120 23.251 8.83226 1.31708 2 
75.685 23.251 8.96504 0.85032 2 
78.251 23.251 9.32450 1.06482 2 
80.816 23.251 9.16870 0.82976 2 
83.382 23.251 0.00000 0.00000 0 
85.948 23.251 9.82053 0.42987 2 
88.513 23.251 9.79867 0.62499 2 
91.079 23.251 9.41924 0.19487 2 
93.644 23.251 9.58188 -0.07133 2 
96.210 23.251 9.30378 -0.57786 2 
98.776 23.251 9.16176 -0.71816 2 
101.341 23.251 8.88217 -1.03454 2 
103.907 23.251 8.60459 -1.12426 2 
106.472 23.251 7.79571 -0.90708 2 
109.038 23.251 7.15441 -0.76135 2 
111.603 23.251 6.65560 0.43421 2 
114.169 23.251 6.10185 1.66084 2 
116.735 23.251 6.53191 2.76804 2 
119.300 23.251 0.00000 -0.00000 0 
-8.980 20.685 6.93614 0.08228 2 
-6.414 20.685 7.08027 0.23286 2 
-3.848 20.685 6.77644 0.12889 2 
-1.283 20.685 7.02223 0.31583 2 
1.283 20.685 6.82437 0.32471 2 
3.848 20.685 6.83641 0.72246 2 
6.414 20.685 0.00000 -0.00000 0 
8.980 20.685 0.00000 -0.00000 0 
11.545 20.685 0.00000 -0.00000 0 
14.111 20.685 0.00000 -0.00000 0 
16.676 20.685 3.76760 0.51363 2 
19.242 20.685 7.53520 1.02726 2 
21.808 20.685 6.80219 1.08826 2 
24.373 20.685 7.32842 1.13231 2 
26.939 20.685 7.11586 1.31420 2 
29.504 20.685 7.35660 1.25765 2 
32.070 20.685 7.44427 1.25893 2 
34.636 20.685 7.35474 1.41967 2 
37.201 20.685 7.60193 1.35865 2 
39.767 20.685 7.67074 1.19903 2 
42.332 20.685 7.81547 1.30983 2 
44.898 20.685 7.91111 1.38719 2 
47.464 20.685 7.84213 1.23135 2 
50.029 20.685 8.03309 1.38919 2 
52.595 20.685 8.13930 1.38091 2 
55.160 20.685 8.26673 1.21994 2 
57.726 20.685 8.18768 1.41201 2 
60.292 20.685 8.35373 1.38138 2 
62.857 20.685 8.85430 1.28604 2 
65.423 20.685 9.03731 0.97401 2 
67.988 20.685 4.30705 0.43279 2 
70.554 20.685 8.91181 1.13553 2 
73.120 20.685 9.22144 1.08658 2 
75.685 20.685 4.48252 0.42516 2 
78.251 20.685 7.12545 0.71074 2 
80.816 20.685 4.58435 0.41488 2 
83.382 20.685 0.00000 0.00000 0 
85.948 20.685 0.00000 0.00000 0 
88.513 20.685 0.00000 0.00000 0 
91.079 20.685 10.35678 -0.21561 2 
93.644 20.685 9.65791 -0.17193 2 
96.210 20.685 9.83541 -0.37362 2 
98.776 20.685 9.57069 -1.20914 2 
101.341 20.685 9.14671 -1.57767 2 
103.907 20.685 8.38726 -1.84591 2 
106.472 20.685 7.67870 -1.45063 2 
109.038 20.685 6.79611 -0.93909 2 
111.603 20.685 5.05855 0.18819 2 
114.169 20.685 5.00953 2.46855 2 
116.735 20.685 3.94682 3.91807 2 
119.300 20.685 0.22442 3.21978 2 
-8.980 18.120 6.98712 -0.04666 2 
-6.414 18.120 6.87553 0.19270 2 
-3.848 18.120 6.78809 0.30050 2 
-1.283 18.120 6.73806 0.19445 2 
1.283 18.120 6.73764 0.30290 2 
3.848 18.120 6.87852 0.53430 2 
6.414 18.120 0.00000 -0.00000 0 
8.980 18.120 0.00000 -0.00000 0 
11.545 18.120 0.00000 -0.00000 0 
14.111 18.120 0.00000 -0.00000 0 
16.676 18.120 3.70309 0.49692 2 
19.242 18.120 7.40617 0.99384 2 
21.808 18.120 7.04212 1.19288 2 
24.373 18.120 7.05972 1.12497 2 
26.939 18.120 7.20348 1.30934 2 
29.504 18.120 7.24492 1.22125 2 
32.070 18.120 7.41882 1.12575 2 
34.636 18.120 7.50943 1.42828 2 
37.201 18.120 7.38314 1.46363 2 
39.767 18.120 7.62306 1.44607 2 
42.332 18.120 7.87924 1.51393 2 
44.898 18.120 7.92374 1.31312 2 
47.464 18.120 7.74856 1.50244 2 
50.029 18.120 7.77471 1.28404 2 
52.595 18.120 8.41870 1.50658 2 
55.160 18.120 8.42804 1.36421 2 
57.726 18.120 8.64134 1.42617 2 
60.292 18.120 8.89932 1.41084 2 
62.857 18.120 8.27162 1.09464 2 
65.423 18.120 4.51865 0.48701 2 
67.988 18.120 0.00000 -0.00000 0 
70.554 18.120 0.00000 -0.00000 0 
73.120 18.120 0.00000 -0.00000 0 
75.685 18.120 0.00000 -0.00000 0 
78.251 18.120 0.00000 -0.00000 0 
80.816 18.120 0.00000 -0.00000 0 
83.382 18.120 0.00000 0.00000 0 
85.948 18.120 2.64342 1.09189 2 
88.513 18.120 2.98154 0.67520 2 
91.079 18.120 7.07964 1.80897 2 
93.644 18.120 10.34862 -0.09985 2 
96.210 18.120 10.36704 -0.16938 2 
98.776 18.120 7.49670 -2.30829 2 
101.341 18.120 9.24702 -3.18891 2 
103.907 18.120 8.30278 -2.69677 2 
106.472 18.120 7.37359 -2.58702 2 
109.038 18.120 5.43927 -1.59305 2 
111.603 18.120 4.18094 -0.79728 2 
114.169 18.120 2.29961 2.32926 2 
116.735 18.120 1.01727 4.37901 2 
119.300 18.120 0.20634 4.40488 2 
-8.980 15.554 6.80929 0.01492 2 
-6.414 15.554 6.80917 -0.01401 2 
-3.848 15.554 6.74897 0.04731 2 
-1.283 15.554 6.68713 0.24674 2 
1.283 15.554 6.60581 0.37717 2 
3.848 15.554 6.78362 0.42906 2 
6.414 15.554 0.00000 -0.00000 0 
8.980 15.554 0.00000 -0.00000 0 
11.545 15.554 0.00000 -0.00000 0 
14.111 15.554 0.00000 -0.00000 0 
16.676 15.554 3.61337 0.60686 2 
19.242 15.554 7.22673 1.21372 2 
21.808 15.554 6.77501 1.36852 2 
24.373 15.554 7.02740 1.48218 2 
26.939 15.554 7.15825 1.29368 2 
29.504 15.554 7.13497 1.46115 2 
32.070 15.554 7.11220 1.60389 2 
34.636 15.554 7.46929 1.55148 2 
37.201 15.554 7.54087 1.45847 2 
39.767 15.554 8.11031 1.63102 2 
42.332 15.554 8.11414 1.69487 2 
44.898 15.554 7.95531 1.73556 2 
47.464 15.554 8.51357 1.65147 2 
50.029 15.554 8.69418 1.94914 2 
52.595 15.554 9.67739 1.17706 2 
55.160 15.554 0.00000 -0.00000 0 
57.726 15.554 0.00000 -0.00000 0 
60.292 15.554 0.00000 -0.00000 0 
62.857 15.554 0.00000 -0.00000 0 
65.423 15.554 0.00000 -0.00000 0 
67.988 15.554 0.00000 -0.00000 0 
70.554 15.554 0.00000 -0.00000 0 
73.120 15.554 0.00000 -0.00000 0 
75.685 15.554 0.00000 -0.00000 0 
78.251 15.554 0.00000 -0.00000 0 
80.816 15.554 0.99937 0.30247 2 
83.382 15.554 1.99875 0.60494 2 
85.948 15.554 -1.05833 0.74400 2 
88.513 15.554 1.10879 0.79068 2 
91.079 15.554 -1.02278 0.98490 2 
93.644 15.554 2.98951 1.67684 2 
96.210 15.554 4.46519 2.65383 2 
98.776 15.554 5.42272 -3.40744 2 
101.341 15.554 9.26040 -4.54987 2 
103.907 15.554 7.88538 -4.59222 2 
106.472 15.554 6.51035 -4.63457 2 
109.038 15.554 4.61027 -2.77440 2 
111.603 15.554 2.87483 0.36734 2 
114.169 15.554 1.99084 2.03155 2 
116.735 15.554 -0.81872 2.74850 2 
119.300 15.554 0.28624 3.68413 2 
-8.980 12.988 7.00698 -0.22893 2 
-6.414 12.988 6.72092 0.09652 2 
-3.848 12.988 6.68272 0.03460 2 
-1.283 12.988 6.56645 0.26115 2 
1.283 12.988 6.44581 0.20713 2 
3.848 12.988 6.55968 0.37284 2 
6.414 12.988 0.00000 -0.00000 0 
8.980 12.988 0.00000 -0.00000 0 
11.545 12.988 0.00000 -0.00000 0 
14.111 12.988 0.00000 -0.00000 0 
16.676 12.988 -0.14023 1.07193 2 
19.242 12.988 7.22641 1.44435 2 
21.808 12.988 7.04380 1.54364 2 
24.373 12.988 6.90699 1.47569 2 
26.939 12.988 7.14637 1.67356 2 
29.504 12.988 7.70940 1.85192 2 
32.070 12.988 7.65089 1.74847 2 
34.636 12.988 7.83111 1.72087 2 
37.201 12.988 7.61520 1.73722 2 
39.767 12.988 7.06572 1.70154 2 
42.332 12.988 0.00000 -0.00000 0 
44.898 12.988 0.00000 -0.00000 0 
47.464 12.988 0.00000 -0.00000 0 
50.029 12.988 0.00000 -0.00000 0 
52.595 12.988 0.00000 -0.00000 0 
55.160 12.988 0.00000 -0.00000 0 
57.726 12.988 0.00000 -0.00000 0 
60.292 12.988 0.00000 -0.00000 0 
62.857 12.988 0.00000 -0.00000 0 
65.423 12.988 0.00000 -0.00000 0 
67.988 12.988 0.00000 -0.00000 0 
70.554 12.988 0.00000 -0.00000 0 
73.120 12.988 0.00000 -0.00000 0 
75.685 12.988 -0.73870 -0.18646 2 
78.251 12.988 -1.47740 -0.37293 2 
80.816 12.988 -2.02481 0.36167 2 
83.382 12.988 -2.19507 0.74121 2 
85.948 12.988 -1.70704 0.60540 2 
88.513 12.988 -0.47539 0.55313 2 
91.079 12.988 -0.98400 1.34553 2 
93.644 12.988 -1.61119 1.46271 2 
96.210 12.988 -0.66882 2.42947 2 
98.776 12.988 2.45327 -1.92819 2 
101.341 12.988 4.12707 -5.27757 2 
103.907 12.988 3.99272 -5.30683 2 
106.472 12.988 3.85837 -5.33609 2 
109.038 12.988 -1.65503 0.43091 2 
111.603 12.988 -0.10041 1.76094 2 
114.169 12.988 -0.53367 0.66612 2 
116.735 12.988 -1.34749 4.11809 2 
119.300 12.988 -0.02794 3.84102 2 
-8.980 10.423 6.95839 -0.17967 2 
-6.414 10.423 6.61095 -0.18126 2 
-3.848 10.423 6.58852 -0.09858 2 
-1.283 10.423 6.55702 -0.00646 2 
1.283 10.423 6.33647 0.10196 2 
3.848 10.423 6.45609 0.25142 2 
6.414 10.423 1.58813 0.03250 2 
8.980 10.423 0.00000 -0.00000 0 
11.545 10.423 0.00000 -0.00000 0 
14.111 10.423 0.00000 -0.00000 0 
16.676 10.423 -0.09349 0.71462 2 
19.242 10.423 4.81760 0.96290 2 
21.808 10.423 6.01103 1.60973 2 
24.373 10.423 7.33017 2.05724 2 
26.939 10.423 8.02158 2.04711 2 
29.504 10.423 3.85470 0.92596 2 
32.070 10.423 0.00000 -0.00000 0 
34.636 10.423 0.00000 -0.00000 0 
37.201 10.423 0.00000 -0.00000 0 
39.767 10.423 0.00000 -0.00000 0 
42.332 10.423 0.00000 -0.00000 0 
44.898 10.423 0.00000 -0.00000 0 
47.464 10.423 0.00000 -0.00000 0 
50.029 10.423 0.00000 -0.00000 0 
52.595 10.423 0.00000 -0.00000 0 
55.160 10.423 0.00000 -0.00000 0 
57.726 10.423 0.00000 -0.00000 0 
60.292 10.423 0.00000 -0.00000 0 
62.857 10.423 0.00000 -0.00000 0 
65.423 10.423 0.00000 -0.00000 0 
67.988 10.423 -0.92675 -0.17611 2 
70.554 10.423 -1.63836 -0.02801 2 
73.120 10.423 -2.96228 -0.98821 2 
75.685 10.423 -2.95853 -0.86703 2 
78.251 10.423 -2.95479 -0.74585 2 
80.816 10.423 -3.87937 0.34379 2 
83.382 10.423 -2.68145 0.28488 2 
85.948 10.423 -2.35576 0.46680 2 
88.513 10.423 -2.50851 0.99875 2 
91.079 10.423 -2.29789 1.13530 2 
93.644 10.423 -3.68126 1.23700 2 
96.210 10.423 -4.01208 1.85276 2 
98.776 10.423 -1.56369 1.70294 2 
101.341 10.423 1.73563 -1.45768 2 
103.907 10.423 2.53279 -2.70599 2 
106.472 10.423 3.32995 -3.95430 2 
109.038 10.423 -0.08375 -2.73242 2 
111.603 10.423 -1.49315 2.01717 2 
114.169 10.423 -1.73067 2.50281 2 
116.735 10.423 -1.96819 2.98845 2 
119.300 10.423 -0.34211 3.99790 2 
-8.980 7.857 6.73764 -0.36945 2 
-6.414 7.857 6.56887 -0.28186 2 
-3.848 7.857 6.42329 -0.15712 2 
-1.283 7.857 6.24707 -0.19427 2 
1.283 7.857 6.10702 -0.07474 2 
3.848 7.857 6.35250 0.13001 2 
6.414 7.857 3.17625 0.06500 2 
8.980 7.857 0.00000 -0.00000 0 
11.545 7.857 0.00000 -0.00000 0 
14.111 7.857 0.00000 -0.00000 2 
16.676 7.857 -0.04674 0.35731 2 
19.242 7.857 2.40880 0.48145 2 
21.808 7.857 0.00000 -0.00000 0 
24.373 7.857 0.00000 -0.00000 0 
26.939 7.857 0.00000 -0.00000 0 
29.504 7.857 0.00000 -0.00000 0 
32.070 7.857 0.00000 -0.00000 0 
34.636 7.857 0.00000 -0.00000 0 
37.201 7.857 0.00000 -0.00000 0 
39.767 7.857 0.00000 -0.00000 0 
42.332 7.857 0.00000 -0.00000 0 
44.898 7.857 0.00000 -0.00000 0 
47.464 7.857 0.00000 -0.00000 0 
50.029 7.857 0.00000 -0.00000 0 
52.595 7.857 0.00000 -0.00000 0 
55.160 7.857 0.00000 -0.00000 0 
57.726 7.857 0.00000 -0.00000 0 
60.292 7.857 -0.49354 -0.25638 2 
62.857 7.857 -1.02752 -0.46222 2 
65.423 7.857 -2.28140 -0.81675 2 
67.988 7.857 -1.85351 -0.35221 2 
70.554 7.857 -3.77482 -1.43985 2 
73.120 7.857 -3.55151 -0.58773 2 
75.685 7.857 -3.86883 -0.24918 2 
78.251 7.857 -4.16048 -0.16043 2 
80.816 7.857 -4.35623 -0.09593 2 
83.382 7.857 -3.47382 0.37243 2 
85.948 7.857 -3.44304 -0.44800 2 
88.513 7.857 -2.81168 -0.55251 2 
91.079 7.857 -3.61179 0.92506 2 
93.644 7.857 -2.96931 1.67812 2 
96.210 7.857 -5.12474 2.80415 2 
98.776 7.857 -3.49909 0.97121 2 
101.341 7.857 -5.47592 -1.18761 2 
103.907 7.857 -4.77715 -2.79618 2 
106.472 7.857 0.33151 -1.96201 2 
109.038 7.857 -3.28824 -0.62100 2 
111.603 7.857 -1.54032 1.62121 2 
114.169 7.857 -2.06461 1.74001 2 
116.735 7.857 -2.58890 1.85881 2 
119.300 7.857 -0.34369 2.66088 2 
-8.980 5.292 6.82131 -0.43592 2 
-6.414 5.292 6.61465 -0.52114 2 
-3.848 5.292 6.37781 -0.47060 2 
-1.283 5.292 6.30899 -0.28167 2 
1.283 5.292 5.93584 -0.28229 2 
3.848 5.292 6.19672 0.07823 2 
6.414 5.292 3.09836 0.03912 2 
8.980 5.292 0.00000 -0.00000 0 
11.545 5.292 0.00000 -0.00000 0 
14.111 5.292 0.00000 -0.00000 0 
16.676 5.292 0.00000 -0.00000 0 
19.242 5.292 0.00000 -0.00000 0 
21.808 5.292 0.00000 -0.00000 0 
24.373 5.292 0.00000 -0.00000 0 
26.939 5.292 0.00000 -0.00000 0 
29.504 5.292 0.00000 -0.00000 0 
32.070 5.292 0.00000 -0.00000 0 
34.636 5.292 0.00000 -0.00000 0 
37.201 5.292 0.00000 -0.00000 0 
39.767 5.292 0.00000 -0.00000 0 
42.332 5.292 0.00000 -0.00000 0 
44.898 5.292 0.00000 -0.00000 0 
47.464 5.292 0.00000 -0.00000 0 
50.029 5.292 0.00000 -0.00000 0 
52.595 5.292 -0.23622 -0.16591 2 
55.160 5.292 -0.43158 -0.21345 2 
57.726 5.292 0.08087 -0.10108 2 
60.292 5.292 -0.98708 -0.51276 2 
62.857 5.292 -2.05504 -0.92444 2 
65.423 5.292 -2.31938 -0.73635 2 
67.988 5.292 -1.86212 -1.58486 2 
70.554 5.292 -3.93414 -1.00728 2 
73.120 5.292 -3.61265 -1.43989 2 
75.685 5.292 -3.82336 -0.39577 2 
78.251 5.292 -4.05161 -0.57234 2 
80.816 5.292 -3.59171 -0.79063 2 
83.382 5.292 -3.99948 -0.47191 2 
85.948 5.292 -3.57139 -0.07879 2 
88.513 5.292 -2.59178 -0.05159 2 
91.079 5.292 -3.36433 1.65565 2 
93.644 5.292 -2.25736 2.11923 2 
96.210 5.292 -5.02280 2.42884 2 
98.776 5.292 -5.43450 0.23948 2 
101.341 5.292 -5.05900 -0.92903 2 
103.907 5.292 -3.67258 -0.31837 2 
106.472 5.292 -2.66693 0.03029 2 
109.038 5.292 -2.00641 -0.89896 2 
111.603 5.292 -1.58749 1.22525 2 
114.169 5.292 -3.70915 0.15859 2 
116.735 5.292 -3.20960 0.72917 2 
119.300 5.292 -0.34527 1.32386 2 
-8.980 2.726 6.82710 -0.58251 2 
-6.414 2.726 6.64753 -0.65391 2 
-3.848 2.726 6.49573 -0.58182 2 
-1.283 2.726 6.12922 -0.67926 2 
1.283 2.726 5.94450 -0.47380 2 
3.848 2.726 5.92929 -0.33151 2 
6.414 2.726 0.00000 -0.00000 0 
8.980 2.726 0.00000 -0.00000 0 
11.545 2.726 0.00000 -0.00000 0 
14.111 2.726 0.00000 -0.00000 0 
16.676 2.726 0.00000 -0.00000 0 
19.242 2.726 0.00000 -0.00000 0 
21.808 2.726 0.00000 -0.00000 0 
24.373 2.726 0.00000 -0.00000 0 
26.939 2.726 0.00000 -0.00000 0 
29.504 2.726 0.00000 -0.00000 0 
32.070 2.726 0.00000 -0.00000 0 
34.636 2.726 0.00000 -0.00000 0 
37.201 2.726 0.00000 -0.00000 0 
39.767 2.726 0.00000 -0.00000 0 
42.332 2.726 0.00000 -0.00000 0 
44.898 2.726 0.00000 -0.00000 0 
47.464 2.726 -0.11163 -0.17125 2 
50.029 2.726 0.08286 0.20991 2 
52.595 2.726 -0.47243 -0.33182 2 
55.160 2.726 -0.80872 -0.55613 2 
57.726 2.726 -1.49037 -0.21382 2 
60.292 2.726 -1.53399 -0.50697 2 
62.857 2.726 -2.30271 -0.30178 2 
65.423 2.726 -2.35736 -0.65595 2 
67.988 2.726 -2.41201 -1.01012 2 
70.554 2.726 -3.64126 -1.27499 2 
73.120 2.726 -3.40344 -1.31300 2 
75.685 2.726 -2.34399 -1.17495 2 
78.251 2.726 -2.31233 -0.50544 2 
80.816 2.726 -2.82594 -0.58621 2 
83.382 2.726 -2.24844 -0.44427 2 
85.948 2.726 -2.18543 -0.14704 2 
88.513 2.726 -2.37188 0.44933 2 
91.079 2.726 -2.75151 0.79737 2 
93.644 2.726 -2.06574 1.46515 2 
96.210 2.726 -1.80116 2.33715 2 
98.776 2.726 -3.85511 -0.88634 2 
101.341 2.726 -5.01329 -0.13110 2 
103.907 2.726 -4.37672 0.26201 2 
106.472 2.726 -2.80656 1.09924 2 
109.038 2.726 -2.61723 -0.44795 2 
111.603 2.726 -2.29718 1.41085 2 
114.169 2.726 -1.66715 -0.35016 2 
116.735 2.726 -1.34107 -0.63265 2 
119.300 2.726 -0.34686 -0.01317 2 
-8.980 0.160 6.82177 -0.72698 2 
-6.414 0.160 6.58505 -0.70263 2 
-3.848 0.160 6.36434 -0.72325 2 
-1.283 0.160 6.08164 -0.75065 2 
1.283 0.160 6.63496 -0.76910 2 
3.848 0.160 0.00000 -0.00000 0 
6.414 0.160 0.00000 -0.00000 0 
8.980 0.160 0.00000 -0.00000 0 
11.545 0.160 0.00000 -0.00000 0 
14.111 0.160 0.00000 -0.00000 0 
16.676 0.160 0.00000 -0.00000 0 
19.242 0.160 0.00000 -0.00000 0 
21.808 0.160 0.00000 -0.00000 0 
24.373 0.160 0.00000 -0.00000 0 
26.939 0.160 0.00000 -0.00000 0 
29.504 0.160 0.00000 -0.00000 0 
32.070 0.160 0.00000 -0.00000 0 
34.636 0.160 0.00000 -0.00000 0 
37.201 0.160 0.00000 -0.00000 0 
39.767 0.160 -0.54034 -0.20369 2 
42.332 0.160 -0.83166 -0.32626 2 
44.898 0.160 -0.44876 -0.25227 2 
47.464 0.160 -0.61872 -0.12321 2 
50.029 0.160 -0.25092 0.05878 2 
52.595 0.160 -1.23260 -0.44720 2 
55.160 0.160 -0.81232 -0.18277 2 
57.726 0.160 -1.29955 -0.22698 2 
60.292 0.160 -2.08091 -0.50119 2 
62.857 0.160 -2.51962 -0.30219 2 
65.423 0.160 -2.74233 -0.69470 2 
67.988 0.160 -2.96505 -1.08721 2 
70.554 0.160 -3.34837 -1.54270 2 
73.120 0.160 -2.66334 -1.43056 2 
75.685 0.160 -2.96777 -1.09475 2 
78.251 0.160 -2.33619 -1.45384 2 
80.816 0.160 -2.06017 -0.38179 2 
83.382 0.160 -0.49740 -0.41663 2 
85.948 0.160 -0.79946 -0.21528 2 
88.513 0.160 -1.10953 -0.02424 2 
91.079 0.160 -2.13869 -0.06092 2 
93.644 0.160 -2.36023 1.02970 2 
96.210 0.160 -2.58177 2.12033 2 
98.776 0.160 -3.70116 0.14564 2 
101.341 0.160 -3.44380 -0.82733 2 
103.907 0.160 -3.29356 -0.09836 2 
106.472 0.160 -3.41378 1.72777 2 
109.038 0.160 -3.69898 0.60018 2 
111.603 0.160 -3.00687 1.59644 2 
114.169 0.160 -0.97471 0.02137 2 
116.735 0.160 -1.25154 0.07400 2 
119.300 0.160 -0.31552 0.00808 2 
-8.980 -2.405 6.79491 -0.69600 2 
-6.414 -2.405 6.64562 -0.93749 2 
-3.848 -2.405 6.49445 -0.82826 2 
-1.283 -2.405 6.14234 -0.97035 2 
1.283 -2.405 0.00000 -0.00000 0 
3.848 -2.405 0.00000 -0.00000 0 
6.414 -2.405 0.00000 -0.00000 0 
8.980 -2.405 0.00000 -0.00000 0 
11.545 -2.405 0.00000 -0.00000 0 
14.111 -2.405 0.00000 -0.00000 0 
16.676 -2.405 0.00000 -0.00000 0 
19.242 -2.405 0.00000 -0.00000 0 
21.808 -2.405 0.00000 -0.00000 0 
24.373 -2.405 0.00000 -0.00000 0 
26.939 -2.405 0.00000 -0.00000 0 
29.504 -2.405 0.00000 -0.00000 0 
32.070 -2.405 -0.62107 -0.25880 2 
34.636 -2.405 -0.25396 -0.35345 2 
37.201 -2.405 -1.39096 -0.28616 2 
39.767 -2.405 -1.08068 -0.40738 2 
42.332 -2.405 -1.24398 -0.07567 2 
44.898 -2.405 -0.63116 -0.16272 2 
47.464 -2.405 -0.91574 -0.04613 2 
50.029 -2.405 -0.58469 -0.09234 2 
52.595 -2.405 -1.08284 0.00054 2 
55.160 -2.405 -0.81591 0.19058 2 
57.726 -2.405 -1.10873 -0.24014 2 
60.292 -2.405 -1.29218 -0.87859 2 
62.857 -2.405 -1.88942 -0.89368 2 
65.423 -2.405 -2.93476 -0.02439 2 
67.988 -2.405 -2.61630 -0.79952 2 
70.554 -2.405 -2.09101 -1.82843 2 
73.120 -2.405 -1.92324 -1.54811 2 
75.685 -2.405 -1.65719 -2.00748 2 
78.251 -2.405 -2.21391 -1.08657 2 
80.816 -2.405 -1.61358 -0.27385 2 
83.382 -2.405 -0.83379 -0.28068 2 
85.948 -2.405 -2.61680 -0.76088 2 
88.513 -2.405 -2.69399 0.28369 2 
91.079 -2.405 -2.81435 -0.67997 2 
93.644 -2.405 -0.34612 0.77462 2 
96.210 -2.405 -2.74155 0.36292 2 
98.776 -2.405 -3.54721 1.17763 2 
101.341 -2.405 -2.37044 -0.92757 2 
103.907 -2.405 -0.29032 0.81455 2 
106.472 -2.405 0.84408 0.25457 2 
109.038 -2.405 -1.64863 1.23849 2 
111.603 -2.405 -0.33463 2.16413 2 
114.169 -2.405 -0.37057 2.86022 2 
116.735 -2.405 -0.83996 0.25728 2 
119.300 -2.405 -0.51815 0.55728 2 
-8.980 -4.971 6.76762 -0.84443 2 
-6.414 -4.971 6.74520 -0.82852 2 
-3.848 -4.971 6.67300 -0.95669 2 
-1.283 -4.971 6.53421 -1.18493 2 
1.283 -4.971 0.00000 -0.00000 0 
3.848 -4.971 0.00000 -0.00000 0 
6.414 -4.971 0.00000 -0.00000 0 
8.980 -4.971 0.00000 -0.00000 0 
11.545 -4.971 0.00000 -0.00000 0 
14.111 -4.971 0.00000 -0.00000 0 
16.676 -4.971 0.00000 -0.00000 0 
19.242 -4.971 0.00000 -0.00000 0 
21.808 -4.971 0.00000 -0.00000 0 
24.373 -4.971 0.05053 -0.11588 2 
26.939 -4.971 -0.18682 0.10069 2 
29.504 -4.971 -0.41528 0.10916 2 
32.070 -4.971 -1.24213 -0.51760 2 
34.636 -4.971 -0.50792 -0.70690 2 
37.201 -4.971 -1.08352 -0.18697 2 
39.767 -4.971 -0.80826 -0.27418 2 
42.332 -4.971 -1.00842 -0.11592 2 
44.898 -4.971 -0.90761 -0.16499 2 
47.464 -4.971 -1.06682 0.12160 2 
50.029 -4.971 -0.80298 0.11681 2 
52.595 -4.971 -0.93307 0.44829 2 
55.160 -4.971 -1.00802 0.80844 2 
57.726 -4.971 -0.74958 -0.34781 2 
60.292 -4.971 -0.55181 -1.36457 2 
62.857 -4.971 -1.25923 -1.48517 2 
65.423 -4.971 -1.00851 -1.10769 2 
67.988 -4.971 -1.79941 0.36574 2 
70.554 -4.971 -0.13795 -0.86639 2 
73.120 -4.971 -0.49012 -1.91949 2 
75.685 -4.971 -1.05900 -1.15265 2 
78.251 -4.971 -0.21604 -1.42856 2 
80.816 -4.971 0.64273 -0.72851 2 
83.382 -4.971 0.73324 -0.36245 2 
85.948 -4.971 2.62795 -0.38610 2 
88.513 -4.971 2.34749 0.11213 2 
91.079 -4.971 0.79223 0.31854 2 
93.644 -4.971 3.32578 2.80850 2 
96.210 -4.971 1.33960 0.90837 2 
98.776 -4.971 3.19707 2.21746 2 
101.341 -4.971 1.06211 0.31143 2 
103.907 -4.971 1.83568 2.02036 2 
106.472 -4.971 0.54513 1.07506 2 
109.038 -4.971 0.40172 1.87679 2 
111.603 -4.971 2.33760 2.73183 2 
114.169 -4.971 1.79770 3.56758 2 
116.735 -4.971 2.45914 0.60952 2 
119.300 -4.971 -0.26919 1.79495 2 
-8.980 -7.536 7.08203 -0.95597 2 
-6.414 -7.536 6.91636 -1.08132 2 
-3.848 -7.536 6.78683 -1.19358 2 
-1.283 -7.536 6.72022 -1.30592 2 
1.283 -7.536 6.70457 -1.78610 2 
3.848 -7.536 0.00000 -0.00000 0 
6.414 -7.536 5.12695 -2.49817 2 
8.980 -7.536 6.55187 -4.11559 2 
11.545 -7.536 8.25101 -4.09673 2 
14.111 -7.536 6.73097 -3.12997 2 
16.676 -7.536 -1.69687 0.08678 2 
19.242 -7.536 0.40157 0.33648 2 
21.808 -7.536 -0.33416 -0.51398 2 
24.373 -7.536 0.10106 -0.23177 2 
26.939 -7.536 -0.37364 0.20139 2 
29.504 -7.536 -0.83055 0.21832 2 
32.070 -7.536 -1.86320 -0.77640 2 
34.636 -7.536 -0.76188 -1.06035 2 
37.201 -7.536 -0.77609 -0.08778 2 
39.767 -7.536 -0.23889 -0.54127 2 
42.332 -7.536 -0.59416 -0.53959 2 
44.898 -7.536 -0.94942 -0.53792 2 
47.464 -7.536 -0.59608 -0.26726 2 
50.029 -7.536 -0.98097 -0.15634 2 
52.595 -7.536 0.15430 0.00947 2 
55.160 -7.536 1.91635 0.62941 2 
57.726 -7.536 -0.69059 0.55912 2 
60.292 -7.536 -0.22927 -0.19804 2 
62.857 -7.536 -0.72324 -1.46696 2 
65.423 -7.536 0.11749 0.37111 2 
67.988 -7.536 -0.20382 0.31832 2 
70.554 -7.536 0.14946 0.01966 2 
73.120 -7.536 -0.27024 -1.80985 2 
75.685 -7.536 -0.41194 -1.62266 2 
78.251 -7.536 0.17316 -0.73722 2 
80.816 -7.536 1.56830 -0.67028 2 
83.382 -7.536 2.53447 0.44563 2 
85.948 -7.536 3.01534 0.14298 2 
88.513 -7.536 3.14506 -0.54821 2 
91.079 -7.536 5.45344 1.53912 2 
93.644 -7.536 5.23892 2.26918 2 
96.210 -7.536 4.70001 2.09974 2 
98.776 -7.536 4.75726 2.59596 2 
101.341 -7.536 4.75920 2.54197 2 
103.907 -7.536 4.40821 2.58168 2 
106.472 -7.536 3.19894 0.98308 2 
109.038 -7.536 1.91257 0.95557 2 
111.603 -7.536 3.30327 1.78274 2 
114.169 -7.536 4.19409 3.31105 2 
116.735 -7.536 5.63731 3.19805 2 
119.300 -7.536 0.00000 -0.00000 0 
-8.980 -10.102 6.96031 -0.96442 2 
-6.414 -10.102 7.12063 -1.04778 2 
-3.848 -10.102 6.79104 -1.29504 2 
-1.283 -10.102 6.92857 -1.47049 2 
1.283 -10.102 6.72676 -1.83351 2 
3.848 -10.102 6.95715 -2.33243 2 
6.414 -10.102 7.28905 -2.71214 2 
8.980 -10.102 7.29865 -3.27573 2 
11.545 -10.102 8.24788 -3.38521 2 
14.111 -10.102 9.13224 -3.25030 2 
16.676 -10.102 9.59748 -2.78816 2 
19.242 -10.102 9.20042 -2.09380 2 
21.808 -10.102 11.61846 -2.42820 2 
24.373 -10.102 3.60264 -0.94247 2 
26.939 -10.102 4.20514 -1.51626 2 
29.504 -10.102 4.72772 -0.52072 2 
32.070 -10.102 -0.49465 -1.39280 2 
34.636 -10.102 1.67834 -1.12716 2 
37.201 -10.102 2.35702 -1.17553 2 
39.767 -10.102 1.22272 0.28065 2 
42.332 -10.102 1.12463 -0.23657 2 
44.898 -10.102 1.02654 -0.75379 2 
47.464 -10.102 1.66767 0.41829 2 
50.029 -10.102 2.77233 0.59296 2 
52.595 -10.102 2.96006 0.40252 2 
55.160 -10.102 4.84071 0.45037 2 
57.726 -10.102 1.98331 0.35250 2 
60.292 -10.102 1.11511 -0.40771 2 
62.857 -10.102 0.81614 -0.45594 2 
65.423 -10.102 1.38702 -0.26163 2 
67.988 -10.102 2.06454 0.31509 2 
70.554 -10.102 1.45637 -0.05482 2 
73.120 -10.102 1.61092 -0.52117 2 
75.685 -10.102 1.35486 -1.68825 2 
78.251 -10.102 3.15190 -0.70343 2 
80.816 -10.102 3.11777 0.18213 2 
83.382 -10.102 3.56157 -0.27612 2 
85.948 -10.102 3.40273 0.67206 2 
88.513 -10.102 4.92609 -0.56648 2 
91.079 -10.102 5.81517 1.35359 2 
93.644 -10.102 6.16248 1.81343 2 
96.210 -10.102 5.66209 1.69446 2 
98.776 -10.102 6.04037 1.89361 2 
101.341 -10.102 5.45270 1.38736 2 
103.907 -10.102 6.76653 1.87631 2 
106.472 -10.102 5.85275 0.89110 2 
109.038 -10.102 5.68422 2.29965 2 
111.603 -10.102 6.13152 2.22205 2 
114.169 -10.102 6.52804 3.66133 2 
116.735 -10.102 6.61848 3.51969 2 
119.300 -10.102 0.00000 -0.00000 0 
-8.980 -12.668 7.37467 -0.92067 2 
-6.414 -12.668 7.19954 -1.15069 2 
-3.848 -12.668 7.16897 -1.27484 2 
-1.283 -12.668 7.07530 -1.41153 2 
1.283 -12.668 7.20035 -1.85945 2 
3.848 -12.668 7.25035 -2.19435 2 
6.414 -12.668 7.25521 -2.42560 2 
8.980 -12.668 7.75868 -2.82283 2 
11.545 -12.668 8.21470 -2.93993 2 
14.111 -12.668 8.89012 -2.85839 2 
16.676 -12.668 9.23513 -2.69892 2 
19.242 -12.668 9.38074 -2.54271 2 
21.808 -12.668 9.58532 -2.08848 2 
24.373 -12.668 6.56347 -1.37869 2 
26.939 -12.668 9.89758 -0.90195 2 
29.504 -12.668 9.56515 -1.81298 2 
32.070 -12.668 9.02780 -1.12272 2 
34.636 -12.668 8.49046 -0.43245 2 
37.201 -12.668 6.12067 -0.95995 2 
39.767 -12.668 5.37176 -0.08586 2 
42.332 -12.668 5.74123 0.10284 2 
44.898 -12.668 6.83340 0.03486 2 
47.464 -12.668 5.47530 -0.22749 2 
50.029 -12.668 4.74804 0.09347 2 
52.595 -12.668 4.67547 0.42069 2 
55.160 -12.668 6.04729 0.02518 2 
57.726 -12.668 5.62355 0.47867 2 
60.292 -12.668 5.19748 -0.17521 2 
62.857 -12.668 2.51455 -0.93424 2 
65.423 -12.668 2.05601 -0.40783 2 
67.988 -12.668 2.48366 -0.57723 2 
70.554 -12.668 1.75406 -1.05798 2 
73.120 -12.668 1.92135 -0.70588 2 
75.685 -12.668 2.77790 -0.09943 2 
78.251 -12.668 3.98450 -0.05387 2 
80.816 -12.668 4.64517 0.30722 2 
83.382 -12.668 4.97062 0.26781 2 
85.948 -12.668 4.06217 -0.63801 2 
88.513 -12.668 5.27349 0.41786 2 
91.079 -12.668 5.28318 0.14247 2 
93.644 -12.668 5.89323 0.33706 2 
96.210 -12.668 6.90025 0.29191 2 
98.776 -12.668 6.12656 0.91900 2 
101.341 -12.668 6.07315 0.63039 2 
103.907 -12.668 6.10408 1.46621 2 
106.472 -12.668 7.32880 1.62236 2 
109.038 -12.668 7.01573 2.13298 2 
111.603 -12.668 7.44826 2.64913 2 
114.169 -12.668 7.88078 3.16528 2 
116.735 -12.668 8.39719 3.30682 2 
119.300 -12.668 0.00000 -0.00000 0 
-8.980 -15.233 7.32657 -1.02864 2 
-6.414 -15.233 7.32267 -1.12761 2 
-3.848 -15.233 7.18534 -1.26678 2 
-1.283 -15.233 7.28358 -1.47565 2 
1.283 -15.233 7.29809 -1.72749 2 
3.848 -15.233 7.33484 -2.15157 2 
6.414 -15.233 7.67965 -2.10420 2 
8.980 -15.233 7.86585 -2.41014 2 
11.545 -15.233 8.39079 -2.33033 2 
14.111 -15.233 8.69114 -2.44576 2 
16.676 -15.233 8.81065 -2.35896 2 
19.242 -15.233 9.19529 -2.22726 2 
21.808 -15.233 9.24913 -1.93794 2 
24.373 -15.233 9.52431 -1.81492 2 
26.939 -15.233 9.64232 -1.54576 2 
29.504 -15.233 9.64127 -1.53454 2 
32.070 -15.233 9.59732 -1.25045 2 
34.636 -15.233 9.55337 -0.96636 2 
37.201 -15.233 9.88432 -0.74437 2 
39.767 -15.233 9.52080 -0.45236 2 
42.332 -15.233 10.04056 -0.42559 2 
44.898 -15.233 10.23294 -0.10144 2 
47.464 -15.233 9.28293 -0.87327 2 
50.029 -15.233 7.23022 0.02640 2 
52.595 -15.233 7.67652 0.13700 2 
55.160 -15.233 7.25387 -0.40001 2 
57.726 -15.233 7.47776 0.19888 2 
60.292 -15.233 9.27984 0.05729 2 
62.857 -15.233 7.77187 0.00114 2 
65.423 -15.233 8.27500 -0.22766 2 
67.988 -15.233 5.70338 -0.61226 2 
70.554 -15.233 5.52602 -1.02902 2 
73.120 -15.233 3.54912 -1.25736 2 
75.685 -15.233 3.21610 -0.96566 2 
78.251 -15.233 4.21844 -0.03464 2 
80.816 -15.233 5.43681 -0.12864 2 
83.382 -15.233 5.90529 -0.22591 2 
85.948 -15.233 5.12654 -0.83173 2 
88.513 -15.233 5.65657 -0.20257 2 
91.079 -15.233 6.76995 0.54885 2 
93.644 -15.233 7.09274 0.63120 2 
96.210 -15.233 7.50337 0.43348 2 
98.776 -15.233 6.65129 1.29636 2 
101.341 -15.233 6.74933 1.57550 2 
103.907 -15.233 7.89575 1.57001 2 
106.472 -15.233 8.80486 2.35362 2 
109.038 -15.233 8.75649 2.57355 2 
111.603 -15.233 8.65345 2.63026 2 
114.169 -15.233 8.55042 2.68697 2 
116.735 -15.233 8.51988 2.58266 2 
119.300 -15.233 0.00000 -0.00000 0 
-8.980 -17.799 7.29653 -1.10043 2 
-6.414 -17.799 7.31829 -1.11959 2 
-3.848 -17.799 7.55599 -1.35776 2 
-1.283 -17.799 7.32954 -1.48872 2 
1.283 -17.799 7.43138 -1.62668 2 
3.848 -17.799 7.74479 -1.94975 2 
6.414 -17.799 7.74765 -2.19355 2 
8.980 -17.799 8.08708 -2.05286 2 
11.545 -17.799 8.33994 -2.19744 2 
14.111 -17.799 8.56235 -2.17378 2 
16.676 -17.799 8.93009 -2.11745 2 
19.242 -17.799 8.98600 -2.02641 2 
21.808 -17.799 9.25849 -1.85608 2 
24.373 -17.799 9.30564 -1.70077 2 
26.939 -17.799 9.52182 -1.40805 2 
29.504 -17.799 9.71739 -1.25610 2 
32.070 -17.799 9.66049 -1.14710 2 
34.636 -17.799 9.59454 -1.03081 2 
37.201 -17.799 9.66402 -1.03607 2 
39.767 -17.799 9.51523 -0.95905 2 
42.332 -17.799 9.61285 -1.02164 2 
44.898 -17.799 9.99397 -0.82990 2 
47.464 -17.799 10.17218 -0.39850 2 
50.029 -17.799 9.71239 -0.04068 2 
52.595 -17.799 9.47456 -0.42948 2 
55.160 -17.799 9.67072 -0.15175 2 
57.726 -17.799 9.33197 -0.08092 2 
60.292 -17.799 9.37379 -0.27161 2 
62.857 -17.799 9.47841 -0.26470 2 
65.423 -17.799 8.95266 -0.91907 2 
67.988 -17.799 7.56272 -0.75269 2 
70.554 -17.799 9.29799 -1.00005 2 
73.120 -17.799 8.07659 -0.43614 2 
75.685 -17.799 7.36481 -0.28574 2 
78.251 -17.799 5.53199 -0.39963 2 
80.816 -17.799 6.22845 -0.56451 2 
83.382 -17.799 6.83995 -0.71964 2 
85.948 -17.799 6.92519 -0.30146 2 
88.513 -17.799 6.60032 0.56461 2 
91.079 -17.799 8.46426 1.26489 2 
93.644 -17.799 8.29225 0.92534 2 
96.210 -17.799 8.10649 0.57505 2 
98.776 -17.799 9.09869 0.00494 2 
101.341 -17.799 8.13310 2.07806 2 
103.907 -17.799 9.01020 2.72731 2 
106.472 -17.799 9.12046 2.45384 2 
109.038 -17.799 9.07198 2.50202 2 
111.603 -17.799 8.91725 2.54631 2 
114.169 -17.799 8.64540 2.41181 2 
116.735 -17.799 8.51099 2.50441 2 
119.300 -17.799 0.00000 -0.00000 0 
-8.980 -20.364 7.30609 -1.06158 2 
-6.414 -20.364 7.36807 -1.13242 2 
-3.848 -20.364 7.60441 -1.36753 2 
-1.283 -20.364 7.50323 -1.31329 2 
1.283 -20.364 7.56560 -1.42979 2 
3.848 -20.364 7.73002 -1.69649 2 
6.414 -20.364 7.75853 -1.86951 2 
8.980 -20.364 8.15690 -1.86386 2 
11.545 -20.364 8.54617 -2.03120 2 
14.111 -20.364 8.57086 -2.03757 2 
16.676 -20.364 8.71302 -1.91697 2 
19.242 -20.364 8.96145 -1.85259 2 
21.808 -20.364 9.06040 -1.83698 2 
24.373 -20.364 9.22998 -1.54041 2 
26.939 -20.364 9.12178 -1.46836 2 
29.504 -20.364 9.27558 -1.16446 2 
32.070 -20.364 9.49578 -1.14980 2 
34.636 -20.364 9.39688 -1.02849 2 
37.201 -20.364 9.55252 -1.04756 2 
39.767 -20.364 9.53086 -0.91057 2 
42.332 -20.364 9.63440 -1.00538 2 
44.898 -20.364 9.85352 -0.79202 2 
47.464 -20.364 9.89112 -0.55051 2 
50.029 -20.364 9.61767 -0.53943 2 
52.595 -20.364 9.47394 -0.32521 2 
55.160 -20.364 9.49245 -0.37127 2 
57.726 -20.364 9.34356 -0.55861 2 
60.292 -20.364 9.36573 -0.60569 2 
62.857 -20.364 9.23016 -0.51798 2 
65.423 -20.364 9.27571 -0.71051 2 
67.988 -20.364 9.42205 -0.89313 2 
70.554 -20.364 10.17679 -0.67235 2 
73.120 -20.364 10.08050 -0.72844 2 
75.685 -20.364 10.52885 -0.43202 2 
78.251 -20.364 8.56034 -0.30685 2 
80.816 -20.364 8.48453 -0.24505 2 
83.382 -20.364 8.40872 -0.18326 2 
85.948 -20.364 9.86948 0.41274 2 
88.513 -20.364 10.05100 0.85299 2 
91.079 -20.364 9.76226 1.05892 2 
93.644 -20.364 9.91346 0.83560 2 
96.210 -20.364 9.72338 1.30363 2 
98.776 -20.364 9.64226 0.89685 2 
101.341 -20.364 9.10792 1.46031 2 
103.907 -20.364 9.25414 2.36285 2 
106.472 -20.364 9.23375 2.46313 2 
109.038 -20.364 9.08573 2.31244 2 
111.603 -20.364 8.79681 2.22043 2 
114.169 -20.364 8.64977 2.24523 2 
116.735 -20.364 9.07765 2.13812 2 
119.300 -20.364 0.00000 -0.00000 0 
-8.980 -22.930 7.43104 -0.93946 2 
-6.414 -22.930 7.57353 -1.10529 2 
-3.848 -22.930 7.50423 -1.16399 2 
-1.283 -22.930 7.70330 -1.30077 2 
1.283 -22.930 7.82305 -1.39813 2 
3.848 -22.930 7.88256 -1.72706 2 
6.414 -22.930 8.05767 -1.53805 2 
8.980 -22.930 8.22898 -1.88082 2 
11.545 -22.930 8.35520 -1.54337 2 
14.111 -22.930 8.53716 -1.82562 2 
16.676 -22.930 8.81181 -1.77022 2 
19.242 -22.930 8.87153 -1.62207 2 
21.808 -22.930 8.98089 -1.52591 2 
24.373 -22.930 8.99957 -1.37548 2 
26.939 -22.930 9.17844 -1.25462 2 
29.504 -22.930 9.18702 -1.28188 2 
32.070 -22.930 9.32976 -1.02862 2 
34.636 -22.930 9.39242 -0.94564 2 
37.201 -22.930 9.42892 -1.03303 2 
39.767 -22.930 9.57877 -0.87310 2 
42.332 -22.930 9.54830 -0.91668 2 
44.898 -22.930 9.70393 -0.75873 2 
47.464 -22.930 9.66324 -0.54822 2 
50.029 -22.930 9.53856 -0.57647 2 
52.595 -22.930 9.64217 -0.39481 2 
55.160 -22.930 9.38556 -0.51209 2 
57.726 -22.930 9.63408 -0.51151 2 
60.292 -22.930 9.39939 -0.42694 2 
62.857 -22.930 9.50009 -0.58207 2 
65.423 -22.930 9.34404 -0.55932 2 
67.988 -22.930 9.58139 -0.60995 2 
70.554 -22.930 9.62304 -0.66160 2 
73.120 -22.930 9.78076 -0.59010 2 
75.685 -22.930 9.72013 -0.33202 2 
78.251 -22.930 9.85365 -0.35619 2 
80.816 -22.930 10.15692 -0.07243 2 
83.382 -22.930 9.66518 0.49712 2 
85.948 -22.930 10.07778 0.59178 2 
88.513 -22.930 9.86859 0.67864 2 
91.079 -22.930 9.91485 0.85216 2 
93.644 -22.930 9.72416 0.85044 2 
96.210 -22.930 9.83112 0.79290 2 
98.776 -22.930 9.87049 0.85172 2 
101.341 -22.930 9.41894 1.35846 2 
103.907 -22.930 9.49809 1.99839 2 
106.472 -22.930 9.47174 2.02062 2 
109.038 -22.930 9.03520 2.06943 2 
111.603 -22.930 9.13516 2.00155 2 
114.169 -22.930 8.70127 1.94827 2 
116.735 -22.930 8.32016 1.96830 2 
119.300 -22.930 0.00000 -0.00000 0 
-8.980 -25.496 7.80480 -0.92153 2 
-6.414 -25.496 7.59232 -1.03022 2 
-3.848 -25.496 7.75463 -1.05264 2 
-1.283 -25.496 7.82161 -1.19238 2 
1.283 -25.496 7.76150 -1.27684 2 
3.848 -25.496 7.97792 -1.34956 2 
6.414 -25.496 8.07980 -1.49444 2 
8.980 -25.496 8.23413 -1.63046 2 
11.545 -25.496 8.40799 -1.57331 2 
14.111 -25.496 8.59052 -1.55274 2 
16.676 -25.496 8.74026 -1.59555 2 
19.242 -25.496 8.90267 -1.44855 2 
21.808 -25.496 8.90964 -1.33156 2 
24.373 -25.496 9.05733 -1.38217 2 
26.939 -25.496 9.03802 -1.21688 2 
29.504 -25.496 9.18676 -1.06162 2 
32.070 -25.496 9.09357 -1.18903 2 
34.636 -25.496 9.27464 -0.95098 2 
37.201 -25.496 9.38249 -0.96052 2 
39.767 -25.496 9.24026 -0.88389 2 
42.332 -25.496 9.40970 -0.78072 2 
44.898 -25.496 9.46974 -0.83699 2 
47.464 -25.496 9.54800 -0.75805 2 
50.029 -25.496 9.40842 -0.57158 2 
52.595 -25.496 9.56273 -0.44252 2 
55.160 -25.496 9.44316 -0.58880 2 
57.726 -25.496 9.37442 -0.46036 2 
60.292 -25.496 9.44117 -0.59238 2 
62.857 -25.496 9.43256 -0.55501 2 
65.423 -25.496 9.34125 -0.45131 2 
67.988 -25.496 9.51731 -0.45981 2 
70.554 -25.496 9.67933 -0.44683 2 
73.120 -25.496 9.85154 -0.28998 2 
75.685 -25.496 9.72005 -0.15625 2 
78.251 -25.496 9.84866 -0.14504 2 
80.816 -25.496 9.88359 -0.07518 2 
83.382 -25.496 10.04620 0.39562 2 
85.948 -25.496 10.03627 0.42640 2 
88.513 -25.496 9.58774 0.65958 2 
91.079 -25.496 9.73084 0.62887 2 
93.644 -25.496 9.71154 0.90021 2 
96.210 -25.496 9.51847 0.76642 2 
98.776 -25.496 9.59542 1.05965 2 
101.341 -25.496 9.72997 1.25661 2 
103.907 -25.496 9.43150 1.51675 2 
106.472 -25.496 9.24308 1.64262 2 
109.038 -25.496 8.95382 1.74110 2 
111.603 -25.496 8.86527 1.68139 2 
114.169 -25.496 8.50372 1.81474 2 
116.735 -25.496 8.70122 1.93079 2 
119.300 -25.496 0.00000 -0.00000 0 
-8.980 -28.061 7.59599 -0.92856 2 
-6.414 -28.061 7.58395 -1.04023 2 
-3.848 -28.061 7.95172 -1.13108 2 
-1.283 -28.061 7.86781 -1.14049 2 
1.283 -28.061 7.96816 -1.32661 2 
3.848 -28.061 8.00073 -1.16074 2 
6.414 -28.061 8.07392 -1.34063 2 
8.980 -28.061 8.38828 -1.31654 2 
11.545 -28.061 8.41923 -1.52617 2 
14.111 -28.061 8.53656 -1.30181 2 
16.676 -28.061 8.62620 -1.43663 2 
19.242 -28.061 8.87327 -1.38632 2 
21.808 -28.061 8.81243 -1.43274 2 
24.373 -28.061 8.89165 -1.24489 2 
26.939 -28.061 9.15905 -1.21002 2 
29.504 -28.061 9.04123 -0.95103 2 
32.070 -28.061 9.21753 -1.01210 2 
34.636 -28.061 9.18459 -0.94084 2 
37.201 -28.061 9.34749 -0.86981 2 
39.767 -28.061 9.29826 -0.83225 2 
42.332 -28.061 9.49821 -0.83034 2 
44.898 -28.061 9.30482 -0.81488 2 
47.464 -28.061 9.35995 -0.52109 2 
50.029 -28.061 9.30874 -0.65116 2 
52.595 -28.061 9.24080 -0.51793 2 
55.160 -28.061 9.32404 -0.62964 2 
57.726 -28.061 9.27221 -0.27158 2 
60.292 -28.061 9.31804 -0.53412 2 
62.857 -28.061 9.45194 -0.19395 2 
65.423 -28.061 9.31154 -0.40456 2 
67.988 -28.061 9.44072 -0.41760 2 
70.554 -28.061 9.29236 -0.32835 2 
73.120 -28.061 9.75027 -0.26497 2 
75.685 -28.061 9.61065 -0.04198 2 
78.251 -28.061 9.62753 -0.05582 2 
80.816 -28.061 9.66816 0.27644 2 
83.382 -28.061 9.66088 0.27934 2 
85.948 -28.061 9.67601 0.41672 2 
88.513 -28.061 9.70307 0.56317 2 
91.079 -28.061 9.72018 0.82737 2 
93.644 -28.061 9.22612 0.68568 2 
96.210 -28.061 9.65162 0.98883 2 
98.776 -28.061 9.47712 1.00527 2 
101.341 -28.061 9.19385 1.08657 2 
103.907 -28.061 9.23651 1.34260 2 
106.472 -28.061 9.02901 1.46394 2 
109.038 -28.061 8.84845 1.49394 2 
111.603 -28.061 8.88107 1.52813 2 
114.169 -28.061 8.50397 1.44349 2 
116.735 -28.061 8.64833 1.74724 2 
119.300 -28.061 0.00000 -0.00000 0 
-8.980 -30.627 7.46470 -0.95492 2 
-6.414 -30.627 7.92540 -0.86235 2 
-3.848 -30.627 7.85722 -1.08366 2 
-1.283 -30.627 7.87882 -1.04312 2 
1.283 -30.627 8.06930 -1.11683 2 
3.848 -30.627 8.16981 -1.13526 2 
6.414 -30.627 8.17595 -1.24447 2 
8.980 -30.627 8.17111 -1.35571 2 
11.545 -30.627 8.49400 -1.15152 2 
14.111 -30.627 8.36147 -1.33838 2 
16.676 -30.627 8.76897 -1.16156 2 
19.242 -30.627 8.72129 -1.28085 2 
21.808 -30.627 8.79659 -1.04302 2 
24.373 -30.627 8.85128 -1.21582 2 
26.939 -30.627 8.91069 -1.06033 2 
29.504 -30.627 8.94187 -0.97248 2 
32.070 -30.627 9.03359 -0.90097 2 
34.636 -30.627 9.15030 -1.12124 2 
37.201 -30.627 9.30676 -0.81123 2 
39.767 -30.627 9.10284 -0.83917 2 
42.332 -30.627 9.14242 -0.71080 2 
44.898 -30.627 9.30847 -0.66706 2 
47.464 -30.627 9.34260 -0.63433 2 
50.029 -30.627 9.45553 -0.60488 2 
52.595 -30.627 9.26301 -0.48414 2 
55.160 -30.627 9.45736 -0.47495 2 
57.726 -30.627 9.45284 -0.42361 2 
60.292 -30.627 9.30156 -0.52977 2 
62.857 -30.627 9.35567 -0.33330 2 
65.423 -30.627 9.56793 -0.42543 2 
67.988 -30.627 9.54438 -0.24333 2 
70.554 -30.627 9.40926 -0.25056 2 
73.120 -30.627 9.52488 -0.00958 2 
75.685 -30.627 9.56846 -0.04669 2 
78.251 -30.627 9.61424 0.22044 2 
80.816 -30.627 9.70673 0.00914 2 
83.382 -30.627 9.59399 0.44758 2 
85.948 -30.627 9.36009 0.40695 2 
88.513 -30.627 9.47745 0.73260 2 
91.079 -30.627 9.28038 0.53293 2 
93.644 -30.627 9.59758 0.69021 2 
96.210 -30.627 9.31595 0.70232 2 
98.776 -30.627 9.22974 0.95667 2 
101.341 -30.627 9.29014 0.99825 2 
103.907 -30.627 9.15445 1.24181 2 
106.472 -30.627 8.92634 1.18295 2 
109.038 -30.627 8.93618 1.27291 2 
111.603 -30.627 8.71862 1.25894 2 
114.169 -30.627 8.79597 1.44284 2 
116.735 -30.627 8.59544 1.56369 2 
119.300 -30.627 0.00000 -0.00000 0 
-8.980 -33.192 7.75465 -0.78782 2 
-6.414 -33.192 7.95981 -1.01685 2 
-3.848 -33.192 7.81382 -1.05936 2 
-1.283 -33.192 8.00488 -1.05231 2 
1.283 -33.192 7.99358 -1.09633 2 
3.848 -33.192 8.19489 -1.13683 2 
6.414 -33.192 8.19636 -1.14862 2 
8.980 -33.192 8.34235 -1.19530 2 
11.545 -33.192 8.42285 -1.21360 2 
14.111 -33.192 8.51945 -1.37758 2 
16.676 -33.192 8.51458 -1.14773 2 
19.242 -33.192 8.76409 -1.18743 2 
21.808 -33.192 8.80585 -1.14946 2 
24.373 -33.192 8.83437 -1.13127 2 
26.939 -33.192 8.87849 -1.01417 2 
29.504 -33.192 9.02673 -1.03017 2 
32.070 -33.192 9.00031 -1.09035 2 
34.636 -33.192 9.13965 -0.85788 2 
37.201 -33.192 9.13836 -0.82617 2 
39.767 -33.192 9.23631 -0.86936 2 
42.332 -33.192 9.14324 -0.60940 2 
44.898 -33.192 9.24077 -0.73223 2 
47.464 -33.192 9.04671 -0.48450 2 
50.029 -33.192 9.31931 -0.66594 2 
52.595 -33.192 9.17957 -0.64393 2 
55.160 -33.192 9.22985 -0.48324 2 
57.726 -33.192 9.20750 -0.40877 2 
60.292 -33.192 9.43555 -0.44966 2 
62.857 -33.192 9.30747 -0.33066 2 
65.423 -33.192 9.28974 -0.29094 2 
67.988 -33.192 9.43939 -0.13337 2 
70.554 -33.192 9.47784 -0.25607 2 
73.120 -33.192 9.48622 -0.02813 2 
75.685 -33.192 9.31860 0.01315 2 
78.251 -33.192 9.44465 0.18067 2 
80.816 -33.192 9.39373 0.39210 2 
83.382 -33.192 9.39341 0.30827 2 
85.948 -33.192 9.55096 0.37805 2 
88.513 -33.192 9.42108 0.55571 2 
91.079 -33.192 9.24826 0.63854 2 
93.644 -33.192 9.34782 0.75339 2 
96.210 -33.192 9.27171 0.80989 2 
98.776 -33.192 9.34605 0.74794 2 
101.341 -33.192 9.21034 0.95781 2 
103.907 -33.192 9.00415 1.00411 2 
106.472 -33.192 8.89458 1.31129 2 
109.038 -33.192 8.92638 1.04219 2 
111.603 -33.192 8.67877 1.16848 2 
114.169 -33.192 8.77514 1.16300 2 
116.735 -33.192 8.85436 1.30028 2 
119.300 -33.192 0.00000 -0.00000 0 
-8.980 -35.758 7.94435 -0.89777 2 
-6.414 -35.758 7.94147 -0.91515 2 
-3.848 -35.758 7.98388 -0.97222 2 
-1.283 -35.758 8.01289 -0.99129 2 
1.283 -35.758 8.17550 -0.95541 2 
3.848 -35.758 8.21280 -1.19529 2 
6.414 -35.758 8.33801 -1.13252 2 
8.980 -35.758 8.42935 -1.10173 2 
11.545 -35.758 8.51972 -1.13505 2 
14.111 -35.758 8.44973 -0.99605 2 
16.676 -35.758 8.58665 -1.16299 2 
19.242 -35.758 8.74235 -1.05117 2 
21.808 -35.758 8.75293 -1.17489 2 
24.373 -35.758 8.71705 -0.95321 2 
26.939 -35.758 8.98261 -0.90113 2 
29.504 -35.758 8.87050 -0.99020 2 
32.070 -35.758 8.96689 -0.81760 2 
34.636 -35.758 9.03932 -0.98997 2 
37.201 -35.758 8.92131 -0.71652 2 
39.767 -35.758 9.07625 -0.76552 2 
42.332 -35.758 9.23841 -0.75887 2 
44.898 -35.758 9.18636 -0.58139 2 
47.464 -35.758 9.13153 -0.65825 2 
50.029 -35.758 9.17953 -0.46708 2 
52.595 -35.758 9.14515 -0.35989 2 
55.160 -35.758 9.24009 -0.39292 2 
57.726 -35.758 9.31197 -0.49785 2 
60.292 -35.758 9.19243 -0.23918 2 
62.857 -35.758 9.31578 -0.33756 2 
65.423 -35.758 9.19391 -0.13440 2 
67.988 -35.758 9.24546 -0.25714 2 
70.554 -35.758 9.12305 0.02016 2 
73.120 -35.758 9.32575 -0.04295 2 
75.685 -35.758 9.35182 0.12614 2 
78.251 -35.758 9.41984 0.18747 2 
80.816 -35.758 9.31113 0.25775 2 
83.382 -35.758 9.30666 0.39533 2 
85.948 -35.758 9.43227 0.39642 2 
88.513 -35.758 9.15419 0.64368 2 
91.079 -35.758 9.18064 0.48338 2 
93.644 -35.758 9.15648 0.50784 2 
96.210 -35.758 9.15709 0.61289 2 
98.776 -35.758 9.13011 0.96620 2 
101.341 -35.758 8.77994 0.85062 2 
103.907 -35.758 8.95081 0.89406 2 
106.472 -35.758 8.93821 0.95342 2 
109.038 -35.758 8.90054 0.85642 2 
111.603 -35.758 8.94918 1.03203 2 
114.169 -35.758 8.53601 1.08212 2 
116.735 -35.758 9.03019 1.03700 2 
119.300 -35.758 0.00000 -0.00000 0 
-8.980 -38.324 7.91814 -0.81395 2 
-6.414 -38.324 7.85032 -0.78875 2 
-3.848 -38.324 8.11766 -0.88303 2 
-1.283 -38.324 8.09494 -0.99013 2 
1.283 -38.324 8.17152 -0.91056 2 
3.848 -38.324 8.20946 -1.02417 2 
6.414 -38.324 8.23278 -0.94244 2 
8.980 -38.324 8.22638 -0.97244 2 
11.545 -38.324 8.39314 -1.01347 2 
14.111 -38.324 8.50423 -1.02225 2 
16.676 -38.324 8.60323 -1.02145 2 
19.242 -38.324 8.64898 -0.83360 2 
21.808 -38.324 8.71572 -0.89749 2 
24.373 -38.324 8.83555 -1.02625 2 
26.939 -38.324 8.81115 -1.16277 2 
29.504 -38.324 8.90738 -0.95267 2 
32.070 -38.324 8.90398 -0.90943 2 
34.636 -38.324 9.01922 -1.02792 2 
37.201 -38.324 8.89071 -0.93339 2 
39.767 -38.324 8.94700 -0.71642 2 
42.332 -38.324 9.06313 -0.84458 2 
44.898 -38.324 9.07917 -0.90052 2 
47.464 -38.324 9.25171 -0.51596 2 
50.029 -38.324 9.23417 -0.75118 2 
52.595 -38.324 9.23553 -0.67194 2 
55.160 -38.324 9.09847 -0.45922 2 
57.726 -38.324 9.36943 -0.50919 2 
60.292 -38.324 9.17872 -0.38524 2 
62.857 -38.324 9.10441 -0.24244 2 
65.423 -38.324 9.29732 -0.26866 2 
67.988 -38.324 9.29132 -0.09998 2 
70.554 -38.324 9.28709 -0.09340 2 
73.120 -38.324 9.21753 -0.00711 2 
75.685 -38.324 9.26680 0.17542 2 
78.251 -38.324 9.12117 -0.04960 2 
80.816 -38.324 9.22219 0.13729 2 
83.382 -38.324 9.16155 0.13277 2 
85.948 -38.324 9.16526 0.39440 2 
88.513 -38.324 9.24181 0.40997 2 
91.079 -38.324 9.24528 0.61344 2 
93.644 -38.324 9.10303 0.64102 2 
96.210 -38.324 8.95988 0.77422 2 
98.776 -38.324 9.01779 0.62404 2 
101.341 -38.324 9.02218 0.82307 2 
103.907 -38.324 8.94595 0.70527 2 
106.472 -38.324 8.91552 0.98144 2 
109.038 -38.324 8.80448 0.90499 2 
111.603 -38.324 8.62146 0.91191 2 
114.169 -38.324 8.74370 0.92229 2 
116.735 -38.324 8.99610 1.01543 2 
119.300 -38.324 0.00000 -0.00000 0 
-8.980 -40.889 7.87561 -0.78281 2 
-6.414 -40.889 7.95641 -0.94295 2 
-3.848 -40.889 7.94842 -0.87791 2 
-1.283 -40.889 7.97325 -0.92885 2 
1.283 -40.889 8.20766 -0.89588 2 
3.848 -40.889 8.20003 -0.95209 2 
6.414 -40.889 8.24973 -0.84669 2 
8.980 -40.889 8.37823 -1.03563 2 
11.545 -40.889 8.49890 -0.97166 2 
14.111 -40.889 8.53315 -0.93506 2 
16.676 -40.889 8.62669 -0.98112 2 
19.242 -40.889 8.54751 -0.93820 2 
21.808 -40.889 8.73186 -0.84863 2 
24.373 -40.889 8.64741 -0.99083 2 
26.939 -40.889 8.76073 -0.86360 2 
29.504 -40.889 8.91410 -0.84437 2 
32.070 -40.889 8.88046 -0.85749 2 
34.636 -40.889 8.80181 -0.81109 2 
37.201 -40.889 8.96072 -0.65798 2 
39.767 -40.889 9.02617 -0.70356 2 
42.332 -40.889 9.10294 -0.56837 2 
44.898 -40.889 9.07928 -0.50935 2 
47.464 -40.889 8.93132 -0.43795 2 
50.029 -40.889 8.98050 -0.50686 2 
52.595 -40.889 9.05534 -0.35888 2 
55.160 -40.889 9.11845 -0.50323 2 
57.726 -40.889 8.94698 -0.19689 2 
60.292 -40.889 9.10131 -0.30830 2 
62.857 -40.889 9.21644 -0.25393 2 
65.423 -40.889 9.13328 -0.07522 2 
67.988 -40.889 9.17092 -0.24651 2 
70.554 -40.889 9.02005 -0.06785 2 
73.120 -40.889 9.15013 -0.02993 2 
75.685 -40.889 9.24886 0.04118 2 
78.251 -40.889 9.22207 0.09818 2 
80.816 -40.889 9.09535 0.29431 2 
83.382 -40.889 9.14802 0.33754 2 
85.948 -40.889 9.16858 0.25107 2 
88.513 -40.889 9.04810 0.61737 2 
91.079 -40.889 9.12279 0.39183 2 
93.644 -40.889 9.11378 0.63336 2 
96.210 -40.889 9.15863 0.58726 2 
98.776 -40.889 8.87964 0.69711 2 
101.341 -40.889 8.91551 0.84116 2 
103.907 -40.889 8.90823 0.71802 2 
106.472 -40.889 8.80760 0.82942 2 
109.038 -40.889 8.79319 0.96839 2 
111.603 -40.889 8.79197 0.85051 2 
114.169 -40.889 8.61994 0.95013 2 
116.735 -40.889 8.96201 0.99385 2 
119.300 -40.889 0.00000 -0.00000 0 
-8.980 -43.455 7.98746 -0.73793 2 
-6.414 -43.455 8.02007 -0.82240 2 
-3.848 -43.455 8.02396 -0.72158 2 
-1.283 -43.455 8.03890 -0.86818 2 
1.283 -43.455 8.19908 -0.85740 2 
3.848 -43.455 8.21447 -0.98212 2 
6.414 -43.455 8.24534 -0.82962 2 
8.980 -43.455 8.52419 -0.90487 2 
11.545 -43.455 8.41299 -0.85288 2 
14.111 -43.455 8.49621 -0.89271 2 
16.676 -43.455 8.54239 -0.78413 2 
19.242 -43.455 8.61872 -0.85797 2 
21.808 -43.455 8.62502 -0.78492 2 
24.373 -43.455 8.84708 -0.84041 2 
26.939 -43.455 8.72899 -0.83879 2 
29.504 -43.455 8.70093 -0.92329 2 
32.070 -43.455 8.81955 -0.71046 2 
34.636 -43.455 8.93659 -0.66662 2 
37.201 -43.455 8.79576 -0.63323 2 
39.767 -43.455 9.03018 -0.68721 2 
42.332 -43.455 9.04543 -0.56187 2 
44.898 -43.455 8.93238 -0.42651 2 
47.464 -43.455 8.95460 -0.51168 2 
50.029 -43.455 9.07272 -0.65401 2 
52.595 -43.455 8.95289 -0.37935 2 
55.160 -43.455 9.12512 -0.19973 2 
57.726 -43.455 9.10475 -0.31129 2 
60.292 -43.455 9.23405 -0.14613 2 
62.857 -43.455 9.04636 -0.29895 2 
65.423 -43.455 9.05811 0.02153 2 
67.988 -43.455 9.16719 -0.28034 2 
70.554 -43.455 9.10172 0.01501 2 
73.120 -43.455 9.07170 -0.06822 2 
75.685 -43.455 9.17144 0.08720 2 
78.251 -43.455 9.06474 0.12242 2 
80.816 -43.455 9.20172 0.18664 2 
83.382 -43.455 9.06730 0.26510 2 
85.948 -43.455 8.98943 0.49420 2 
88.513 -43.455 9.13090 0.54391 2 
91.079 -43.455 8.97097 0.50531 2 
93.644 -43.455 9.06148 0.59279 2 
96.210 -43.455 8.91382 0.69228 2 
98.776 -43.455 9.10801 0.77924 2 
101.341 -43.455 8.85647 0.68175 2 
103.907 -43.455 8.83635 0.80134 2 
106.472 -43.455 8.77515 0.75744 2 
109.038 -43.455 8.67214 0.76820 2 
111.603 -43.455 8.68439 0.81759 2 
114.169 -43.455 8.58481 0.81955 2 
116.735 -43.455 8.70973 0.79229 2 
119.300 -43.455 0.00000 -0.00000 0 
-8.980 -46.020 8.06304 -0.63582 2 
-6.414 -46.020 8.10951 -0.71594 2 
-3.848 -46.020 8.12331 -0.84322 2 
-1.283 -46.020 8.11776 -0.75409 2 
1.283 -46.020 8.31382 -0.83039 2 
3.848 -46.020 8.24578 -0.82608 2 
6.414 -46.020 8.28492 -0.78209 2 
8.980 -46.020 8.49822 -0.77331 2 
11.545 -46.020 8.40862 -0.88101 2 
14.111 -46.020 8.51528 -0.90209 2 
16.676 -46.020 8.66236 -0.88078 2 
19.242 -46.020 8.56054 -0.77221 2 
21.808 -46.020 8.74778 -0.85867 2 
24.373 -46.020 8.75858 -0.76128 2 
26.939 -46.020 8.72517 -0.78567 2 
29.504 -46.020 8.74709 -0.51799 2 
32.070 -46.020 8.84540 -0.80078 2 
34.636 -46.020 8.97495 -0.53238 2 
37.201 -46.020 8.78697 -0.71897 2 
39.767 -46.020 8.94500 -0.68382 2 
42.332 -46.020 8.82293 -0.61916 2 
44.898 -46.020 9.02894 -0.43813 2 
47.464 -46.020 8.93180 -0.48515 2 
50.029 -46.020 8.99831 -0.39221 2 
52.595 -46.020 9.02229 -0.41326 2 
55.160 -46.020 9.04026 -0.31139 2 
57.726 -46.020 8.97846 -0.27215 2 
60.292 -46.020 9.00028 -0.04281 2 
62.857 -46.020 9.00800 -0.31619 2 
65.423 -46.020 9.04284 -0.13770 2 
67.988 -46.020 9.09937 -0.09493 2 
70.554 -46.020 8.99431 -0.12498 2 
73.120 -46.020 9.14156 0.01874 2 
75.685 -46.020 9.03965 0.19599 2 
78.251 -46.020 9.07270 0.24259 2 
80.816 -46.020 8.92523 0.21334 2 
83.382 -46.020 9.02910 0.36795 2 
85.948 -46.020 9.08911 0.27491 2 
88.513 -46.020 8.87260 0.30822 2 
91.079 -46.020 8.97869 0.48496 2 
93.644 -46.020 8.85749 0.59621 2 
96.210 -46.020 8.99672 0.52083 2 
98.776 -46.020 8.87496 0.62082 2 
101.341 -46.020 8.76109 0.62725 2 
103.907 -46.020 8.84012 0.71801 2 
106.472 -46.020 8.78674 0.69341 2 
109.038 -46.020 8.75335 0.77957 2 
111.603 -46.020 8.63118 0.83469 2 
114.169 -46.020 8.54478 0.65701 2 
116.735 -46.020 8.74202 0.80668 2 
119.300 -46.020 0.00000 -0.00000 0 
-8.980 -48.586 8.00909 -0.78012 2 
-6.414 -48.586 7.97039 -0.76142 2 
-3.848 -48.586 8.15844 -0.79916 2 
-1.283 -48.586 8.15744 -0.84075 2 
1.283 -48.586 8.16596 -0.71287 2 
3.848 -48.586 8.42184 -0.82819 2 
6.414 -48.586 8.26460 -0.87295 2 
8.980 -48.586 8.32673 -0.77205 2 
11.545 -48.586 8.53711 -0.81946 2 
14.111 -48.586 8.53132 -0.84666 2 
16.676 -48.586 8.65453 -0.68111 2 
19.242 -48.586 8.64968 -0.79103 2 
21.808 -48.586 8.62836 -0.68409 2 
24.373 -48.586 8.64690 -0.67158 2 
26.939 -48.586 8.77463 -0.71502 2 
29.504 -48.586 8.71622 -0.77634 2 
32.070 -48.586 8.78355 -0.64511 2 
34.636 -48.586 8.85497 -0.68208 2 
37.201 -48.586 8.80252 -0.64876 2 
39.767 -48.586 8.98609 -0.57468 2 
42.332 -48.586 8.91795 -0.62426 2 
44.898 -48.586 8.98615 -0.55406 2 
47.464 -48.586 8.93707 -0.57945 2 
50.029 -48.586 8.96023 -0.47955 2 
52.595 -48.586 8.95968 -0.39380 2 
55.160 -48.586 8.95304 -0.36493 2 
57.726 -48.586 8.85992 -0.23722 2 
60.292 -48.586 9.12020 -0.33990 2 
62.857 -48.586 8.98387 -0.27014 2 
65.423 -48.586 9.06344 -0.00246 2 
67.988 -48.586 8.97263 -0.13447 2 
70.554 -48.586 9.09672 -0.06246 2 
73.120 -48.586 9.04675 0.18507 2 
75.685 -48.586 8.98248 0.12040 2 
78.251 -48.586 8.89789 0.42644 2 
80.816 -48.586 9.07463 0.14930 2 
83.382 -48.586 8.99985 0.35724 2 
85.948 -48.586 8.95566 0.39118 2 
88.513 -48.586 8.93947 0.43318 2 
91.079 -48.586 8.95793 0.49001 2 
93.644 -48.586 8.88095 0.54462 2 
96.210 -48.586 8.91137 0.60530 2 
98.776 -48.586 8.77456 0.49899 2 
101.341 -48.586 8.85777 0.61106 2 
103.907 -48.586 8.78616 0.66502 2 
106.472 -48.586 8.79643 0.63078 2 
109.038 -48.586 8.75326 0.63315 2 
111.603 -48.586 8.64047 0.72275 2 
114.169 -48.586 8.52503 0.65268 2 
116.735 -48.586 0.00000 -0.00000 0 
119.300 -48.586 0.00000 -0.00000 0 
-8.980 -51.152 7.88499 -0.75837 2 
-6.414 -51.152 8.09646 -0.63719 2 
-3.848 -51.152 8.17839 -0.71441 2 
-1.283 -51.152 8.19418 -0.74190 2 
1.283 -51.152 8.20426 -0.83623 2 
3.848 -51.152 8.14766 -0.58916 2 
6.414 -51.152 8.34660 -0.83726 2 
8.980 -51.152 8.37853 -0.73662 2 
11.545 -51.152 8.41382 -0.83853 2 
14.111 -51.152 8.48754 -0.82649 2 
16.676 -51.152 8.41501 -0.81873 2 
19.242 -51.152 8.79681 -0.76060 2 
21.808 -51.152 8.47599 -0.80292 2 
24.373 -51.152 8.66205 -0.76339 2 
26.939 -51.152 8.66387 -0.73072 2 
29.504 -51.152 8.86010 -0.65186 2 
32.070 -51.152 8.72190 -0.75783 2 
34.636 -51.152 8.81060 -0.68433 2 
37.201 -51.152 8.74259 -0.61526 2 
39.767 -51.152 8.81051 -0.60489 2 
42.332 -51.152 8.78071 -0.47885 2 
44.898 -51.152 8.83544 -0.48021 2 
47.464 -51.152 8.89659 -0.43373 2 
50.029 -51.152 8.97999 -0.34602 2 
52.595 -51.152 8.96404 -0.15252 2 
55.160 -51.152 8.92409 -0.28810 2 
57.726 -51.152 8.81557 -0.19467 2 
60.292 -51.152 8.82189 -0.07716 2 
62.857 -51.152 8.90745 -0.26212 2 
65.423 -51.152 8.91692 -0.13281 2 
67.988 -51.152 8.90675 -0.00826 2 
70.554 -51.152 9.02049 -0.13355 2 
73.120 -51.152 8.95795 0.00662 2 
75.685 -51.152 8.97723 0.03948 2 
78.251 -51.152 9.06643 0.13780 2 
80.816 -51.152 8.90321 0.17054 2 
83.382 -51.152 8.97326 0.36182 2 
85.948 -51.152 8.86237 0.20971 2 
88.513 -51.152 8.93837 0.41995 2 
91.079 -51.152 8.85726 0.29703 2 
93.644 -51.152 8.87290 0.44856 2 
96.210 -51.152 8.85062 0.53604 2 
98.776 -51.152 8.92863 0.61066 2 
101.341 -51.152 8.76762 0.51333 2 
103.907 -51.152 8.75268 0.57846 2 
106.472 -51.152 8.74167 0.68226 2 
109.038 -51.152 8.56742 0.68178 2 
111.603 -51.152 8.74559 0.64160 2 
114.169 -51.152 8.69034 0.78417 2 
116.735 -51.152 0.00000 -0.00000 0 
119.300 -51.152 0.00000 -0.00000 0 
-8.980 -53.717 8.13596 -0.75083 2 
-6.414 -53.717 8.36089 -0.93052 2 
-3.848 -53.717 8.23422 -0.79671 2 
-1.283 -53.717 8.14143 -0.69010 2 
1.283 -53.717 8.38386 -0.56130 2 
3.848 -53.717 8.34056 -0.89710 2 
6.414 -53.717 8.51193 -0.75235 2 
8.980 -53.717 8.36452 -0.78209 2 
11.545 -53.717 8.45798 -0.52740 2 
14.111 -53.717 8.53727 -0.83997 2 
16.676 -53.717 8.79259 -0.72688 2 
19.242 -53.717 8.87356 -0.89047 2 
21.808 -53.717 8.96088 -0.70237 2 
24.373 -53.717 8.79718 -0.76581 2 
26.939 -53.717 8.95531 -0.65397 2 
29.504 -53.717 8.83456 -0.68013 2 
32.070 -53.717 9.03230 -0.50261 2 
34.636 -53.717 8.92161 -0.65320 2 
37.201 -53.717 8.95289 -0.55862 2 
39.767 -53.717 8.95027 -0.55246 2 
42.332 -53.717 8.94765 -0.54631 2 
44.898 -53.717 9.04529 -0.59682 2 
47.464 -53.717 8.89216 -0.41433 2 
50.029 -53.717 8.97806 -0.37069 2 
52.595 -53.717 9.07953 -0.41315 2 
55.160 -53.717 8.92426 -0.37324 2 
57.726 -53.717 8.93805 -0.26507 2 
60.292 -53.717 9.00902 -0.29516 2 
62.857 -53.717 8.96074 -0.09843 2 
65.423 -53.717 8.78624 -0.21903 2 
67.988 -53.717 8.93524 -0.04428 2 
70.554 -53.717 9.01818 -0.00216 2 
73.120 -53.717 8.90482 0.02401 2 
75.685 -53.717 8.96383 0.12329 2 
78.251 -53.717 8.95492 0.35268 2 
80.816 -53.717 8.91129 0.21102 2 
83.382 -53.717 9.04201 0.56165 2 
85.948 -53.717 8.98523 0.45502 2 
88.513 -53.717 8.92845 0.34840 2 
91.079 -53.717 9.10212 0.42427 2 
93.644 -53.717 9.00473 0.42073 2 
96.210 -53.717 8.90733 0.41719 2 
98.776 -53.717 9.01966 0.46540 2 
101.341 -53.717 9.07453 0.55268 2 
103.907 -53.717 8.90478 0.68589 2 
106.472 -53.717 8.99014 0.61699 2 
109.038 -53.717 9.04561 0.63312 2 
111.603 -53.717 8.57101 0.63248 2 
114.169 -53.717 0.00000 -0.00000 0 
116.735 -53.717 0.00000 -0.00000 0 
119.300 -53.717 0.00000 -0.00000 0 
-8.980 -56.283 0.00000 -0.00000 0 
-6.414 -56.283 0.00000 -0.00000 0 
-3.848 -56.283 0.00000 -0.00000 0 
-1.283 -56.283 0.00000 -0.00000 0 
1.283 -56.283 0.00000 -0.00000 0 
3.848 -56.283 0.00000 -0.00000 0 
6.414 -56.283 0.00000 -0.00000 0 
8.980 -56.283 0.00000 -0.00000 0 
11.545 -56.283 0.00000 -0.00000 0 
14.111 -56.283 0.00000 -0.00000 0 
16.676 -56.283 0.00000 -0.00000 0 
19.242 -56.283 0.00000 -0.00000 0 
21.808 -56.283 0.00000 -0.00000 0 
24.373 -56.283 0.00000 -0.00000 0 
26.939 -56.283 0.00000 -0.00000 0 
29.504 -56.283 0.00000 -0.00000 0 
32.070 -56.283 0.00000 -0.00000 0 
34.636 -56.283 0.00000 -0.00000 0 
37.201 -56.283 0.00000 -0.00000 0 
39.767 -56.283 0.00000 -0.00000 0 
42.332 -56.283 0.00000 -0.00000 0 
44.898 -56.283 0.00000 -0.00000 0 
47.464 -56.283 0.00000 -0.00000 0 
50.029 -56.283 0.00000 -0.00000 0 
52.595 -56.283 0.00000 -0.00000 0 
55.160 -56.283 9.10392 -0.19942 2 
57.726 -56.283 8.83684 -0.23761 2 
60.292 -56.283 8.88018 -0.11698 2 
62.857 -56.283 8.83571 -0.11019 2 
65.423 -56.283 8.98744 -0.13257 2 
67.988 -56.283 8.84670 -0.14585 2 
70.554 -56.283 8.90615 0.04566 2 
73.120 -56.283 8.81959 -0.05328 2 
75.685 -56.283 8.93586 0.06474 2 
78.251 -56.283 8.89414 0.09846 2 
80.816 -56.283 8.85490 0.04863 2 
83.382 -56.283 0.00000 -0.00000 0 
85.948 -56.283 0.00000 -0.00000 0 
88.513 -56.283 0.00000 -0.00000 0 
91.079 -56.283 0.00000 -0.00000 0 
93.644 -56.283 0.00000 -0.00000 0 
96.210 -56.283 0.00000 -0.00000 0 
98.776 -56.283 0.00000 -0.00000 0 
101.341 -56.283 0.00000 -0.00000 0 
103.907 -56.283 0.00000 -0.00000 0 
106.472 -56.283 0.00000 -0.00000 0 
109.038 -56.283 0.00000 -0.00000 0 
111.603 -56.283 0.00000 -0.00000 0 
114.169 -56.283 0.00000 -0.00000 0 
116.735 -56.283 0.00000 -0.00000 0 
119.300 -56.283 0.00000 -0.00000 0 
