TITLE = "B00097"
VARIABLES = "X [mm]", "Y [mm]", "Vx [m/s]", "Vy [m/s]", "Flag"
ZONE T="Frame 1", I=51, J=39, F=POINT
-8.980 41.210 7.09790 0.29001 2 
-6.414 41.210 7.27233 0.30718 2 
-3.848 41.210 7.20432 0.38024 2 
-1.283 41.210 7.13448 0.41576 2 
1.283 41.210 7.46440 0.51394 2 
3.848 41.210 0.00000 -0.00000 0 
6.414 41.210 0.00000 -0.00000 0 
8.980 41.210 0.00000 -0.00000 0 
11.545 41.210 0.00000 -0.00000 0 
14.111 41.210 0.00000 -0.00000 0 
16.676 41.210 0.00000 -0.00000 0 
19.242 41.210 3.91170 0.33726 2 
21.808 41.210 7.82340 0.67452 2 
24.373 41.210 7.34224 0.65702 2 
26.939 41.210 7.32921 0.95262 2 
29.504 41.210 7.30075 0.69067 2 
32.070 41.210 7.60254 0.66666 2 
34.636 41.210 7.71806 0.91736 2 
37.201 41.210 7.61530 0.69617 2 
39.767 41.210 7.63973 0.83514 2 
42.332 41.210 7.79841 0.88916 2 
44.898 41.210 7.68070 0.99335 2 
47.464 41.210 7.70626 0.94400 2 
50.029 41.210 7.73182 0.89465 2 
52.595 41.210 8.06718 0.71673 2 
55.160 41.210 7.88827 0.56114 2 
57.726 41.210 7.96696 0.57444 2 
60.292 41.210 8.31584 0.85164 2 
62.857 41.210 8.19891 0.61218 2 
65.423 41.210 8.30837 0.66904 2 
67.988 41.210 8.19820 0.52564 2 
70.554 41.210 8.36642 0.44973 2 
73.120 41.210 8.41134 0.51712 2 
75.685 41.210 8.54253 0.47994 2 
78.251 41.210 8.71700 0.43384 2 
80.816 41.210 0.00000 0.00000 0 
83.382 41.210 8.52441 0.26033 2 
85.948 41.210 8.48697 0.09306 2 
88.513 41.210 8.56063 0.12629 2 
91.079 41.210 8.52196 0.37261 2 
93.644 41.210 8.59440 -0.02873 2 
96.210 41.210 8.71821 -0.12398 2 
98.776 41.210 8.41214 0.05036 2 
101.341 41.210 8.44955 -0.12080 2 
103.907 41.210 8.36132 -0.18788 2 
106.472 41.210 8.31398 -0.07424 2 
109.038 41.210 8.14875 -0.18547 2 
111.603 41.210 8.20877 -0.12084 2 
114.169 41.210 8.21177 -0.05246 2 
116.735 41.210 8.18764 -0.30661 2 
119.300 41.210 0.00000 -0.00000 0 
-8.980 38.644 7.26818 0.26018 2 
-6.414 38.644 7.06588 0.23901 2 
-3.848 38.644 7.14772 0.34339 2 
-1.283 38.644 7.28270 0.43649 2 
1.283 38.644 7.16763 0.58431 2 
3.848 38.644 0.00000 -0.00000 0 
6.414 38.644 0.00000 -0.00000 0 
8.980 38.644 0.00000 -0.00000 0 
11.545 38.644 0.00000 -0.00000 0 
14.111 38.644 0.00000 -0.00000 0 
16.676 38.644 0.00000 -0.00000 0 
19.242 38.644 1.19075 0.11385 2 
21.808 38.644 7.78523 0.71513 2 
24.373 38.644 7.40133 0.88633 2 
26.939 38.644 7.54708 0.59062 2 
29.504 38.644 7.46339 0.87636 2 
32.070 38.644 7.50413 0.78631 2 
34.636 38.644 7.46780 0.85565 2 
37.201 38.644 7.57429 0.92603 2 
39.767 38.644 7.69512 0.84238 2 
42.332 38.644 7.85443 0.79246 2 
44.898 38.644 7.59789 0.84009 2 
47.464 38.644 7.94474 0.84150 2 
50.029 38.644 7.62779 0.93743 2 
52.595 38.644 7.83115 0.75492 2 
55.160 38.644 7.98959 0.90559 2 
57.726 38.644 7.95072 0.83137 2 
60.292 38.644 8.04970 0.63478 2 
62.857 38.644 8.34085 0.66159 2 
65.423 38.644 8.30934 0.59261 2 
67.988 38.644 8.40081 0.65363 2 
70.554 38.644 8.42961 0.71301 2 
73.120 38.644 8.45140 0.63861 2 
75.685 38.644 8.27754 0.52036 2 
78.251 38.644 8.40590 0.49029 2 
80.816 38.644 0.00000 0.00000 0 
83.382 38.644 8.55644 0.36378 2 
85.948 38.644 8.70606 0.35813 2 
88.513 38.644 8.72070 0.05798 2 
91.079 38.644 8.73875 0.09930 2 
93.644 38.644 8.49582 -0.04044 2 
96.210 38.644 8.22051 -0.01025 2 
98.776 38.644 8.51246 -0.17746 2 
101.341 38.644 8.38363 -0.23367 2 
103.907 38.644 8.30079 -0.12542 2 
106.472 38.644 8.44328 -0.20663 2 
109.038 38.644 7.91941 -0.17228 2 
111.603 38.644 8.23289 -0.38788 2 
114.169 38.644 8.02982 -0.30236 2 
116.735 38.644 8.17620 -0.20096 2 
119.300 38.644 0.00000 -0.00000 0 
-8.980 36.079 7.28066 0.33051 2 
-6.414 36.079 7.16131 0.23614 2 
-3.848 36.079 7.28425 0.43901 2 
-1.283 36.079 7.00358 0.47750 2 
1.283 36.079 7.59130 0.30205 2 
3.848 36.079 0.00000 -0.00000 0 
6.414 36.079 0.00000 -0.00000 0 
8.980 36.079 0.00000 -0.00000 0 
11.545 36.079 0.00000 -0.00000 0 
14.111 36.079 0.00000 -0.00000 0 
16.676 36.079 0.00000 -0.00000 0 
19.242 36.079 3.89868 0.43040 2 
21.808 36.079 7.79737 0.86079 2 
24.373 36.079 7.37291 0.80609 2 
26.939 36.079 7.32338 0.78040 2 
29.504 36.079 7.44241 0.98772 2 
32.070 36.079 7.42629 0.93368 2 
34.636 36.079 7.41852 0.98951 2 
37.201 36.079 7.70355 0.83021 2 
39.767 36.079 7.66072 1.12804 2 
42.332 36.079 7.70873 0.87718 2 
44.898 36.079 7.87276 0.91439 2 
47.464 36.079 7.84794 0.97960 2 
50.029 36.079 7.72733 1.00450 2 
52.595 36.079 7.98198 0.90704 2 
55.160 36.079 8.06512 0.75568 2 
57.726 36.079 8.02219 0.86231 2 
60.292 36.079 8.22424 0.96511 2 
62.857 36.079 8.38834 0.82352 2 
65.423 36.079 8.39616 0.77324 2 
67.988 36.079 8.36386 0.81166 2 
70.554 36.079 8.48760 0.79636 2 
73.120 36.079 8.50673 0.66269 2 
75.685 36.079 8.71222 0.76377 2 
78.251 36.079 8.45434 0.31295 2 
80.816 36.079 0.00000 0.00000 0 
83.382 36.079 8.52507 0.17123 2 
85.948 36.079 8.65191 0.15480 2 
88.513 36.079 8.63368 0.40363 2 
91.079 36.079 8.66180 0.07096 2 
93.644 36.079 8.67599 -0.09931 2 
96.210 36.079 8.60436 -0.23304 2 
98.776 36.079 8.62832 -0.24436 2 
101.341 36.079 8.47939 -0.20126 2 
103.907 36.079 8.37343 -0.38192 2 
106.472 36.079 8.43378 -0.39000 2 
109.038 36.079 8.35976 -0.32464 2 
111.603 36.079 8.26041 -0.17687 2 
114.169 36.079 7.81357 -0.27434 2 
116.735 36.079 8.16475 -0.09530 2 
119.300 36.079 0.00000 -0.00000 0 
-8.980 33.513 7.11694 0.20370 2 
-6.414 33.513 7.18267 0.27677 2 
-3.848 33.513 7.14263 0.47941 2 
-1.283 33.513 6.91407 0.52837 2 
1.283 33.513 7.61708 0.46373 2 
3.848 33.513 0.00000 -0.00000 0 
6.414 33.513 0.00000 -0.00000 0 
8.980 33.513 0.00000 -0.00000 0 
11.545 33.513 0.00000 -0.00000 0 
14.111 33.513 0.00000 -0.00000 0 
16.676 33.513 0.00000 -0.00000 0 
19.242 33.513 3.89424 0.36509 2 
21.808 33.513 7.78847 0.73019 2 
24.373 33.513 7.25308 0.89668 2 
26.939 33.513 7.40986 0.91239 2 
29.504 33.513 7.32828 0.89007 2 
32.070 33.513 7.50515 0.75437 2 
34.636 33.513 7.39630 1.16448 2 
37.201 33.513 7.69668 0.84180 2 
39.767 33.513 7.65240 0.89403 2 
42.332 33.513 7.54538 0.87965 2 
44.898 33.513 7.66448 1.03395 2 
47.464 33.513 7.67256 0.93436 2 
50.029 33.513 7.76142 0.98255 2 
52.595 33.513 8.06704 0.89881 2 
55.160 33.513 8.06434 0.97721 2 
57.726 33.513 8.21448 0.97463 2 
60.292 33.513 8.06276 1.02072 2 
62.857 33.513 8.41700 0.78501 2 
65.423 33.513 8.29305 0.83052 2 
67.988 33.513 8.49145 0.78529 2 
70.554 33.513 8.26177 0.78337 2 
73.120 33.513 8.57826 0.61639 2 
75.685 33.513 8.65285 0.71962 2 
78.251 33.513 8.71368 0.51453 2 
80.816 33.513 0.00000 0.00000 0 
83.382 33.513 8.71126 0.32397 2 
85.948 33.513 8.67593 0.25110 2 
88.513 33.513 8.73454 0.26330 2 
91.079 33.513 8.85552 0.06569 2 
93.644 33.513 8.77511 -0.01803 2 
96.210 33.513 8.78250 -0.41105 2 
98.776 33.513 8.60219 -0.34053 2 
101.341 33.513 8.44497 -0.46940 2 
103.907 33.513 8.32365 -0.52910 2 
106.472 33.513 8.19923 -0.44252 2 
109.038 33.513 8.02281 -0.40660 2 
111.603 33.513 7.85033 -0.39576 2 
114.169 33.513 7.92609 -0.31665 2 
116.735 33.513 8.22846 -0.28592 2 
119.300 33.513 0.00000 -0.00000 0 
-8.980 30.948 6.96926 0.21930 2 
-6.414 30.948 7.07325 0.39273 2 
-3.848 30.948 7.06767 0.24633 2 
-1.283 30.948 7.19183 0.22301 2 
1.283 30.948 7.58449 0.15892 2 
3.848 30.948 0.00000 -0.00000 0 
6.414 30.948 0.00000 -0.00000 0 
8.980 30.948 0.00000 -0.00000 0 
11.545 30.948 0.00000 -0.00000 0 
14.111 30.948 0.00000 -0.00000 0 
16.676 30.948 0.00000 -0.00000 0 
19.242 30.948 3.90104 0.46239 2 
21.808 30.948 7.80207 0.92478 2 
24.373 30.948 7.25876 0.93122 2 
26.939 30.948 7.20797 0.93014 2 
29.504 30.948 7.37703 1.08651 2 
32.070 30.948 7.35002 0.83106 2 
34.636 30.948 7.53442 0.89050 2 
37.201 30.948 7.55930 0.94313 2 
39.767 30.948 7.63509 1.13095 2 
42.332 30.948 7.82058 1.15712 2 
44.898 30.948 7.87563 1.01608 2 
47.464 30.948 7.82440 1.18908 2 
50.029 30.948 7.87656 0.99545 2 
52.595 30.948 7.98854 1.02518 2 
55.160 30.948 7.93188 1.05773 2 
57.726 30.948 8.40849 0.79421 2 
60.292 30.948 8.27749 0.81905 2 
62.857 30.948 8.21246 0.95326 2 
65.423 30.948 8.54170 0.99473 2 
67.988 30.948 8.48625 0.93917 2 
70.554 30.948 8.76581 0.83229 2 
73.120 30.948 8.58576 0.71749 2 
75.685 30.948 8.64780 0.71383 2 
78.251 30.948 8.70651 0.77416 2 
80.816 30.948 0.00000 0.00000 0 
83.382 30.948 8.84903 0.44289 2 
85.948 30.948 8.93925 0.35902 2 
88.513 30.948 8.99191 0.25451 2 
91.079 30.948 8.71348 0.21297 2 
93.644 30.948 8.82535 -0.13444 2 
96.210 30.948 8.65188 -0.10573 2 
98.776 30.948 8.82515 -0.49269 2 
101.341 30.948 8.66914 -0.41081 2 
103.907 30.948 8.20813 -0.63047 2 
106.472 30.948 8.25580 -0.61477 2 
109.038 30.948 8.22237 -0.76198 2 
111.603 30.948 7.80665 -0.62746 2 
114.169 30.948 7.79424 -0.34153 2 
116.735 30.948 7.94441 -0.28255 2 
119.300 30.948 0.00000 -0.00000 0 
-8.980 28.382 6.88451 0.17120 2 
-6.414 28.382 7.06615 0.38576 2 
-3.848 28.382 6.91870 0.43534 2 
-1.283 28.382 6.85201 0.42939 2 
1.283 28.382 7.43655 0.32137 2 
3.848 28.382 2.42953 0.16127 2 
6.414 28.382 0.00000 -0.00000 0 
8.980 28.382 0.00000 -0.00000 0 
11.545 28.382 0.00000 -0.00000 0 
14.111 28.382 0.00000 -0.00000 0 
16.676 28.382 2.89849 0.38545 2 
19.242 28.382 5.42166 0.73174 2 
21.808 28.382 7.56950 1.03887 2 
24.373 28.382 7.12574 1.03763 2 
26.939 28.382 7.31670 1.04126 2 
29.504 28.382 7.30627 1.07776 2 
32.070 28.382 7.29642 1.06398 2 
34.636 28.382 7.45991 1.11134 2 
37.201 28.382 7.46237 1.17656 2 
39.767 28.382 7.72300 1.12306 2 
42.332 28.382 7.74036 1.23419 2 
44.898 28.382 7.90181 1.08883 2 
47.464 28.382 7.95595 1.14773 2 
50.029 28.382 7.78227 1.03833 2 
52.595 28.382 8.07903 1.14688 2 
55.160 28.382 8.36634 0.98151 2 
57.726 28.382 8.24790 1.12644 2 
60.292 28.382 8.07062 1.17867 2 
62.857 28.382 8.40082 1.02192 2 
65.423 28.382 8.49476 1.10111 2 
67.988 28.382 8.54989 0.91016 2 
70.554 28.382 8.44436 0.78388 2 
73.120 28.382 8.57912 0.76099 2 
75.685 28.382 8.85669 0.81253 2 
78.251 28.382 8.96448 0.68625 2 
80.816 28.382 8.97874 0.82094 2 
83.382 28.382 8.94507 0.60126 2 
85.948 28.382 8.91141 0.38159 2 
88.513 28.382 8.89075 0.17894 2 
91.079 28.382 8.94839 0.09104 2 
93.644 28.382 9.05219 -0.05529 2 
96.210 28.382 8.93605 -0.40659 2 
98.776 28.382 8.61773 -0.57644 2 
101.341 28.382 8.62482 -0.80383 2 
103.907 28.382 8.48066 -0.85836 2 
106.472 28.382 8.09710 -0.70989 2 
109.038 28.382 7.97115 -0.76849 2 
111.603 28.382 7.76638 -0.50895 2 
114.169 28.382 7.62800 -0.41773 2 
116.735 28.382 7.71020 -0.30763 2 
119.300 28.382 0.00000 -0.00000 0 
-8.980 25.816 6.98373 0.16890 2 
-6.414 25.816 7.08613 0.47562 2 
-3.848 25.816 6.94981 0.09994 2 
-1.283 25.816 7.10750 0.47074 2 
1.283 25.816 7.28860 0.48381 2 
3.848 25.816 3.64430 0.24190 2 
6.414 25.816 0.00000 -0.00000 0 
8.980 25.816 0.00000 -0.00000 0 
11.545 25.816 0.00000 -0.00000 0 
14.111 25.816 0.00000 -0.00000 0 
16.676 25.816 4.34774 0.57817 2 
19.242 25.816 8.69548 1.15634 2 
21.808 25.816 7.05672 0.98929 2 
24.373 25.816 7.23057 1.03343 2 
26.939 25.816 7.30164 1.06332 2 
29.504 25.816 7.45048 1.10552 2 
32.070 25.816 7.44602 1.13935 2 
34.636 25.816 7.51613 1.22719 2 
37.201 25.816 7.50140 1.16013 2 
39.767 25.816 7.54438 1.16938 2 
42.332 25.816 7.66013 1.31126 2 
44.898 25.816 7.83916 1.22823 2 
47.464 25.816 7.83669 1.23989 2 
50.029 25.816 8.02527 1.12389 2 
52.595 25.816 8.17605 1.11642 2 
55.160 25.816 8.10886 1.14049 2 
57.726 25.816 8.20566 1.11677 2 
60.292 25.816 8.30169 0.94198 2 
62.857 25.816 8.54089 1.03165 2 
65.423 25.816 8.56945 0.81345 2 
67.988 25.816 8.63141 1.12442 2 
70.554 25.816 8.74440 1.01604 2 
73.120 25.816 8.80630 0.71038 2 
75.685 25.816 8.83236 0.79758 2 
78.251 25.816 8.70143 0.88101 2 
80.816 25.816 8.95608 0.58818 2 
83.382 25.816 0.00000 0.00000 0 
85.948 25.816 9.10061 0.52595 2 
88.513 25.816 8.93609 0.10692 2 
91.079 25.816 9.18060 -0.05922 2 
93.644 25.816 8.97862 -0.27474 2 
96.210 25.816 9.17674 -0.44647 2 
98.776 25.816 9.09285 -0.42534 2 
101.341 25.816 8.91179 -0.83458 2 
103.907 25.816 8.65040 -1.08092 2 
106.472 25.816 8.11889 -1.00504 2 
109.038 25.816 7.89689 -1.08803 2 
111.603 25.816 7.43252 -0.83813 2 
114.169 25.816 7.20844 -0.70874 2 
116.735 25.816 7.74589 -0.23092 2 
119.300 25.816 0.00000 -0.00000 0 
-8.980 23.251 7.15357 0.17485 2 
-6.414 23.251 6.94305 0.18990 2 
-3.848 23.251 6.94710 0.33852 2 
-1.283 23.251 6.80407 0.27943 2 
1.283 23.251 6.76976 0.46752 2 
3.848 23.251 7.98602 0.53617 2 
6.414 23.251 0.00000 -0.00000 0 
8.980 23.251 0.00000 -0.00000 0 
11.545 23.251 0.00000 -0.00000 0 
14.111 23.251 0.00000 -0.00000 0 
16.676 23.251 3.93723 0.53862 2 
19.242 23.251 7.87447 1.07723 2 
21.808 23.251 6.91662 1.04440 2 
24.373 23.251 7.08151 1.03774 2 
26.939 23.251 7.08620 1.13747 2 
29.504 23.251 7.25123 1.19398 2 
32.070 23.251 7.36866 1.15925 2 
34.636 23.251 7.34985 1.13002 2 
37.201 23.251 7.44067 1.23139 2 
39.767 23.251 7.71622 1.27079 2 
42.332 23.251 7.72106 1.08225 2 
44.898 23.251 7.77651 1.36762 2 
47.464 23.251 7.87064 1.18957 2 
50.029 23.251 7.95272 1.38518 2 
52.595 23.251 8.16830 1.08824 2 
55.160 23.251 8.06417 1.20758 2 
57.726 23.251 8.23857 1.19230 2 
60.292 23.251 8.42205 1.09571 2 
62.857 23.251 8.34067 1.25913 2 
65.423 23.251 8.41322 1.05338 2 
67.988 23.251 8.51737 0.90737 2 
70.554 23.251 8.74988 1.05867 2 
73.120 23.251 8.85953 1.01328 2 
75.685 23.251 8.86206 1.00952 2 
78.251 23.251 9.30883 0.87900 2 
80.816 23.251 9.13364 0.75564 2 
83.382 23.251 0.00000 0.00000 0 
85.948 23.251 9.38783 0.49840 2 
88.513 23.251 9.63366 0.39587 2 
91.079 23.251 9.35816 0.15146 2 
93.644 23.251 9.39788 -0.33099 2 
96.210 23.251 9.38266 -0.50460 2 
98.776 23.251 9.29207 -0.90615 2 
101.341 23.251 9.03117 -1.04628 2 
103.907 23.251 8.78678 -1.46880 2 
106.472 23.251 8.09692 -1.59339 2 
109.038 23.251 7.57212 -1.39522 2 
111.603 23.251 7.26901 -0.88266 2 
114.169 23.251 7.00722 -0.64850 2 
116.735 23.251 7.78158 -0.15422 2 
119.300 23.251 0.00000 -0.00000 0 
-8.980 20.685 6.83861 -0.00871 2 
-6.414 20.685 6.91928 0.27824 2 
-3.848 20.685 6.75572 0.16260 2 
-1.283 20.685 6.90853 0.32810 2 
1.283 20.685 6.73328 0.36871 2 
3.848 20.685 6.82969 0.42096 2 
6.414 20.685 0.00000 -0.00000 0 
8.980 20.685 0.00000 -0.00000 0 
11.545 20.685 0.00000 -0.00000 0 
14.111 20.685 0.00000 -0.00000 0 
16.676 20.685 3.83802 0.54647 2 
19.242 20.685 7.67603 1.09293 2 
21.808 20.685 6.99543 1.03983 2 
24.373 20.685 7.17364 1.20254 2 
26.939 20.685 7.27484 1.20987 2 
29.504 20.685 7.16237 1.25364 2 
32.070 20.685 7.34699 1.33170 2 
34.636 20.685 7.50308 1.27055 2 
37.201 20.685 7.50374 1.43301 2 
39.767 20.685 7.61954 1.38020 2 
42.332 20.685 7.66368 1.29485 2 
44.898 20.685 7.79200 1.51408 2 
47.464 20.685 7.87412 1.27389 2 
50.029 20.685 8.07420 1.14437 2 
52.595 20.685 8.15885 1.28347 2 
55.160 20.685 7.95408 1.25836 2 
57.726 20.685 8.32649 1.15607 2 
60.292 20.685 8.22686 1.40606 2 
62.857 20.685 8.34637 1.03556 2 
65.423 20.685 8.63094 1.07278 2 
67.988 20.685 8.91551 1.11000 2 
70.554 20.685 8.72359 0.85163 2 
73.120 20.685 9.34020 1.20631 2 
75.685 20.685 9.38398 0.84121 2 
78.251 20.685 8.79155 0.99303 2 
80.816 20.685 4.56682 0.37782 2 
83.382 20.685 0.00000 0.00000 0 
85.948 20.685 0.00000 0.00000 0 
88.513 20.685 0.00000 -0.00000 0 
91.079 20.685 10.11983 -0.19492 2 
93.644 20.685 9.29926 -0.03263 2 
96.210 20.685 9.44234 -0.24579 2 
98.776 20.685 9.85546 -0.37489 2 
101.341 20.685 9.90945 -1.79678 2 
103.907 20.685 9.19537 -2.22380 2 
106.472 20.685 8.00407 -2.51970 2 
109.038 20.685 7.42293 -1.97271 2 
111.603 20.685 6.74130 -1.42993 2 
114.169 20.685 6.36604 -0.81248 2 
116.735 20.685 7.22988 -0.37875 2 
119.300 20.685 0.00000 -0.00000 0 
-8.980 18.120 6.94071 -0.09164 2 
-6.414 18.120 6.75046 0.10455 2 
-3.848 18.120 6.87371 0.21638 2 
-1.283 18.120 6.68708 0.21990 2 
1.283 18.120 6.64032 0.35483 2 
3.848 18.120 7.03555 0.55794 2 
6.414 18.120 0.00000 -0.00000 0 
8.980 18.120 0.00000 -0.00000 0 
11.545 18.120 0.00000 -0.00000 0 
14.111 18.120 0.00000 -0.00000 0 
16.676 18.120 3.59576 0.55685 2 
19.242 18.120 7.19152 1.11370 2 
21.808 18.120 6.96798 1.19083 2 
24.373 18.120 6.95731 1.33632 2 
26.939 18.120 7.26758 1.38562 2 
29.504 18.120 7.09655 1.16545 2 
32.070 18.120 7.37815 1.35213 2 
34.636 18.120 7.30621 1.35890 2 
37.201 18.120 7.50676 1.40096 2 
39.767 18.120 7.50847 1.43915 2 
42.332 18.120 7.90575 1.34789 2 
44.898 18.120 7.84329 1.26056 2 
47.464 18.120 7.96097 1.55767 2 
50.029 18.120 7.90064 1.51985 2 
52.595 18.120 8.21950 1.41219 2 
55.160 18.120 8.64948 1.47094 2 
57.726 18.120 8.51752 1.41681 2 
60.292 18.120 8.98769 1.31932 2 
62.857 18.120 9.38493 1.19634 2 
65.423 18.120 4.69246 0.59817 2 
67.988 18.120 0.00000 -0.00000 0 
70.554 18.120 0.00000 -0.00000 0 
73.120 18.120 0.00000 -0.00000 0 
75.685 18.120 0.00000 -0.00000 0 
78.251 18.120 0.00000 -0.00000 0 
80.816 18.120 0.00000 -0.00000 0 
83.382 18.120 0.00000 -0.00000 0 
85.948 18.120 -1.41191 -0.23699 2 
88.513 18.120 3.56457 0.32802 2 
91.079 18.120 9.67949 -0.27631 2 
93.644 18.120 10.26822 -0.50826 2 
96.210 18.120 9.81089 -0.03244 2 
98.776 18.120 7.33972 -0.26179 2 
101.341 18.120 7.88910 -2.21283 2 
103.907 18.120 8.84998 -3.38394 2 
106.472 18.120 7.60595 -3.50459 2 
109.038 18.120 6.64277 -2.85211 2 
111.603 18.120 5.97246 -1.77524 2 
114.169 18.120 5.71919 -0.74274 2 
116.735 18.120 6.48413 0.15486 2 
119.300 18.120 0.00000 -0.00000 0 
-8.980 15.554 6.89505 0.20504 2 
-6.414 15.554 6.70488 0.02091 2 
-3.848 15.554 6.80015 0.04376 2 
-1.283 15.554 6.56709 0.24026 2 
1.283 15.554 6.69715 0.35029 2 
3.848 15.554 6.61897 0.36702 2 
6.414 15.554 0.00000 -0.00000 0 
8.980 15.554 0.00000 -0.00000 0 
11.545 15.554 0.00000 -0.00000 0 
14.111 15.554 0.00000 -0.00000 0 
16.676 15.554 3.42361 0.67415 2 
19.242 15.554 6.84722 1.34830 2 
21.808 15.554 6.81332 1.26990 2 
24.373 15.554 6.92381 1.29666 2 
26.939 15.554 6.97674 1.35726 2 
29.504 15.554 7.22664 1.54792 2 
32.070 15.554 7.29412 1.69430 2 
34.636 15.554 7.23035 1.52535 2 
37.201 15.554 7.58206 1.69763 2 
39.767 15.554 7.51332 1.65051 2 
42.332 15.554 7.98096 1.64369 2 
44.898 15.554 8.27299 1.54698 2 
47.464 15.554 7.93480 1.55923 2 
50.029 15.554 8.34689 1.39403 2 
52.595 15.554 8.79043 1.36781 2 
55.160 15.554 0.00000 -0.00000 0 
57.726 15.554 0.00000 -0.00000 0 
60.292 15.554 0.00000 -0.00000 0 
62.857 15.554 0.00000 -0.00000 0 
65.423 15.554 0.00000 -0.00000 0 
67.988 15.554 0.00000 -0.00000 0 
70.554 15.554 0.00000 -0.00000 0 
73.120 15.554 0.00000 -0.00000 0 
75.685 15.554 0.00000 -0.00000 0 
78.251 15.554 0.00000 -0.00000 0 
80.816 15.554 -0.34910 -0.11913 2 
83.382 15.554 -0.69820 -0.23827 2 
85.948 15.554 -1.71765 0.12758 2 
88.513 15.554 0.80343 0.27093 2 
91.079 15.554 4.12551 -0.43279 2 
93.644 15.554 3.53914 -1.01168 2 
96.210 15.554 4.18156 -0.58019 2 
98.776 15.554 4.82397 -0.14870 2 
101.341 15.554 5.86876 -2.62889 2 
103.907 15.554 8.50458 -4.54409 2 
106.472 15.554 5.04282 -3.45761 2 
109.038 15.554 5.31228 -3.67881 2 
111.603 15.554 4.50069 -2.36466 2 
114.169 15.554 4.46391 -0.23094 2 
116.735 15.554 5.63081 -2.37984 2 
119.300 15.554 0.00000 -0.00000 0 
-8.980 12.988 6.82058 -0.06420 2 
-6.414 12.988 6.74008 0.03967 2 
-3.848 12.988 6.56616 0.08159 2 
-1.283 12.988 6.50645 0.10346 2 
1.283 12.988 6.28215 0.21357 2 
3.848 12.988 6.43572 0.41607 2 
6.414 12.988 0.00000 -0.00000 0 
8.980 12.988 0.00000 -0.00000 0 
11.545 12.988 0.00000 -0.00000 0 
14.111 12.988 0.00000 -0.00000 0 
16.676 12.988 3.25146 0.79145 2 
19.242 12.988 6.50292 1.58291 2 
21.808 12.988 7.16986 1.59608 2 
24.373 12.988 6.78745 1.61420 2 
26.939 12.988 7.12023 1.66062 2 
29.504 12.988 7.32530 1.57033 2 
32.070 12.988 7.79995 1.68439 2 
34.636 12.988 7.71261 1.76641 2 
37.201 12.988 7.84229 1.49440 2 
39.767 12.988 3.75666 0.82526 2 
42.332 12.988 0.00000 -0.00000 0 
44.898 12.988 0.00000 -0.00000 0 
47.464 12.988 0.00000 -0.00000 0 
50.029 12.988 0.00000 -0.00000 0 
52.595 12.988 0.00000 -0.00000 0 
55.160 12.988 0.00000 -0.00000 0 
57.726 12.988 0.00000 -0.00000 0 
60.292 12.988 0.00000 -0.00000 0 
62.857 12.988 0.00000 -0.00000 0 
65.423 12.988 0.00000 -0.00000 0 
67.988 12.988 0.00000 -0.00000 0 
70.554 12.988 0.00000 -0.00000 0 
73.120 12.988 0.00000 -0.00000 0 
75.685 12.988 -0.39717 -0.03886 2 
78.251 12.988 -0.44286 -0.36561 2 
80.816 12.988 -0.91963 -0.42107 2 
83.382 12.988 -1.39640 -0.47653 2 
85.948 12.988 -1.34179 -0.62087 2 
88.513 12.988 -1.95770 0.21383 2 
91.079 12.988 -1.42847 -0.58928 2 
93.644 12.988 -1.65764 0.81519 2 
96.210 12.988 -0.19508 0.85976 2 
98.776 12.988 1.26748 0.90433 2 
101.341 12.988 3.57961 -1.49108 2 
103.907 12.988 1.69349 -2.56445 2 
106.472 12.988 2.47969 -3.41062 2 
109.038 12.988 3.26590 -4.25679 2 
111.603 12.988 3.74456 -3.03568 2 
114.169 12.988 3.27121 -2.63445 2 
116.735 12.988 2.09114 -0.35641 2 
119.300 12.988 0.31657 -0.21293 2 
-8.980 10.423 6.55411 -0.21737 2 
-6.414 10.423 6.51272 -0.18938 2 
-3.848 10.423 6.47106 0.00207 2 
-1.283 10.423 6.37723 -0.07312 2 
1.283 10.423 6.25427 0.25084 2 
3.848 10.423 6.34478 0.33141 2 
6.414 10.423 2.08462 0.08225 2 
8.980 10.423 0.00000 -0.00000 0 
11.545 10.423 0.00000 -0.00000 0 
14.111 10.423 0.00000 -0.00000 0 
16.676 10.423 2.13361 0.50603 2 
19.242 10.423 3.22594 0.77525 2 
21.808 10.423 3.58493 0.79804 2 
24.373 10.423 7.23780 2.00911 2 
26.939 10.423 7.95303 1.97696 2 
29.504 10.423 6.80368 1.58885 2 
32.070 10.423 0.00000 -0.00000 0 
34.636 10.423 0.00000 -0.00000 0 
37.201 10.423 0.00000 -0.00000 0 
39.767 10.423 0.00000 -0.00000 0 
42.332 10.423 0.00000 -0.00000 0 
44.898 10.423 0.00000 -0.00000 0 
47.464 10.423 0.00000 -0.00000 0 
50.029 10.423 0.00000 -0.00000 0 
52.595 10.423 0.00000 -0.00000 0 
55.160 10.423 0.00000 -0.00000 0 
57.726 10.423 0.00000 -0.00000 0 
60.292 10.423 0.00000 -0.00000 0 
62.857 10.423 0.00000 -0.00000 0 
65.423 10.423 0.00000 -0.00000 0 
67.988 10.423 -0.48024 -0.12924 2 
70.554 10.423 -0.44696 -0.15419 2 
73.120 10.423 -0.40639 -0.61096 2 
75.685 10.423 -0.41835 -0.37678 2 
78.251 10.423 -0.88572 -0.73122 2 
80.816 10.423 -1.02656 -0.83839 2 
83.382 10.423 -1.19879 -0.75199 2 
85.948 10.423 -0.92819 -0.87855 2 
88.513 10.423 -0.94252 -0.01392 2 
91.079 10.423 -1.34865 -0.81870 2 
93.644 10.423 -1.50908 1.04320 2 
96.210 10.423 -0.93058 2.41891 2 
98.776 10.423 -3.72533 2.65734 2 
101.341 10.423 -4.41290 2.65746 2 
103.907 10.423 -5.11761 -0.58481 2 
106.472 10.423 -3.50735 -1.59550 2 
109.038 10.423 -1.89709 -2.60619 2 
111.603 10.423 1.09173 -2.39626 2 
114.169 10.423 -0.15801 -1.50077 2 
116.735 10.423 0.12849 -1.35552 2 
119.300 10.423 0.03319 0.25043 2 
-8.980 7.857 6.49325 -0.40255 2 
-6.414 7.857 6.54714 -0.18717 2 
-3.848 7.857 6.41549 -0.29357 2 
-1.283 7.857 6.33785 -0.10975 2 
1.283 7.857 6.06364 -0.09788 2 
3.848 7.857 6.25385 0.24676 2 
6.414 7.857 3.12693 0.12338 2 
8.980 7.857 0.00000 -0.00000 0 
11.545 7.857 0.00000 -0.00000 0 
14.111 7.857 0.00000 -0.00000 2 
16.676 7.857 -0.10209 -0.06483 2 
19.242 7.857 -0.05105 -0.03241 2 
21.808 7.857 0.00000 -0.00000 0 
24.373 7.857 0.00000 -0.00000 0 
26.939 7.857 0.00000 -0.00000 0 
29.504 7.857 0.00000 -0.00000 0 
32.070 7.857 0.00000 -0.00000 0 
34.636 7.857 0.00000 -0.00000 0 
37.201 7.857 0.00000 -0.00000 0 
39.767 7.857 0.00000 -0.00000 0 
42.332 7.857 0.00000 -0.00000 0 
44.898 7.857 0.00000 -0.00000 0 
47.464 7.857 0.00000 -0.00000 0 
50.029 7.857 0.00000 -0.00000 0 
52.595 7.857 0.00000 -0.00000 0 
55.160 7.857 0.00000 -0.00000 0 
57.726 7.857 0.00000 -0.00000 0 
60.292 7.857 -0.17693 -0.02841 2 
62.857 7.857 -0.41964 -0.13102 2 
65.423 7.857 0.23345 -0.20307 2 
67.988 7.857 -0.96048 -0.25849 2 
70.554 7.857 -1.01919 -0.87215 2 
73.120 7.857 -0.83998 -0.81982 2 
75.685 7.857 -0.43953 -0.71470 2 
78.251 7.857 -0.45846 -0.41729 2 
80.816 7.857 -0.11177 -0.18139 2 
83.382 7.857 0.11709 -0.08658 2 
85.948 7.857 0.24928 0.12023 2 
88.513 7.857 -0.20698 1.07286 2 
91.079 7.857 -0.24315 0.27989 2 
93.644 7.857 -0.78273 0.11163 2 
96.210 7.857 -0.81650 1.53808 2 
98.776 7.857 -1.73374 2.36632 2 
101.341 7.857 -3.03133 2.39564 2 
103.907 7.857 -3.40597 -0.04532 2 
106.472 7.857 -2.24678 -3.25722 2 
109.038 7.857 -0.93546 -2.11344 2 
111.603 7.857 -1.10620 -1.40671 2 
114.169 7.857 0.25805 -0.87191 2 
116.735 7.857 1.72318 -0.16654 2 
119.300 7.857 0.05559 -0.16068 2 
-8.980 5.292 6.63770 -0.31343 2 
-6.414 5.292 6.52247 -0.58229 2 
-3.848 5.292 6.29183 -0.32383 2 
-1.283 5.292 6.04990 -0.44631 2 
1.283 5.292 5.82428 -0.23000 2 
3.848 5.292 6.32110 -0.00500 2 
6.414 5.292 3.16055 -0.00250 2 
8.980 5.292 0.00000 -0.00000 0 
11.545 5.292 0.00000 -0.00000 0 
14.111 5.292 0.00000 -0.00000 0 
16.676 5.292 0.00000 -0.00000 0 
19.242 5.292 0.00000 -0.00000 0 
21.808 5.292 0.00000 -0.00000 0 
24.373 5.292 0.00000 -0.00000 0 
26.939 5.292 0.00000 -0.00000 0 
29.504 5.292 0.00000 -0.00000 0 
32.070 5.292 0.00000 -0.00000 0 
34.636 5.292 0.00000 -0.00000 0 
37.201 5.292 0.00000 -0.00000 0 
39.767 5.292 0.00000 -0.00000 0 
42.332 5.292 0.00000 -0.00000 0 
44.898 5.292 0.00000 -0.00000 0 
47.464 5.292 0.00000 -0.00000 0 
50.029 5.292 0.00000 -0.00000 0 
52.595 5.292 -0.44896 -0.14203 2 
55.160 5.292 -0.65188 -0.08450 2 
57.726 5.292 -0.12958 0.05352 2 
60.292 5.292 -0.35385 -0.05682 2 
62.857 5.292 -0.93876 -0.76547 2 
65.423 5.292 -1.33131 -0.39453 2 
67.988 5.292 -0.97569 -0.67997 2 
70.554 5.292 -0.07122 -1.08827 2 
73.120 5.292 -0.62152 -0.79420 2 
75.685 5.292 -0.27527 -0.48220 2 
78.251 5.292 0.19136 -0.56872 2 
80.816 5.292 0.20139 -0.08307 2 
83.382 5.292 0.10538 0.23772 2 
85.948 5.292 -0.52622 -0.41814 2 
88.513 5.292 -0.45757 1.04392 2 
91.079 5.292 0.03593 0.48279 2 
93.644 5.292 0.24813 0.72912 2 
96.210 5.292 -0.18662 0.93366 2 
98.776 5.292 0.25785 2.07530 2 
101.341 5.292 -1.64976 2.13383 2 
103.907 5.292 -1.69432 0.49417 2 
106.472 5.292 -0.81685 -1.23392 2 
109.038 5.292 -1.19986 -2.07901 2 
111.603 5.292 -0.68056 -0.73450 2 
114.169 5.292 0.67410 -0.24305 2 
116.735 5.292 1.94942 0.73859 2 
119.300 5.292 0.14310 -1.18510 2 
-8.980 2.726 6.83118 -0.59456 2 
-6.414 2.726 6.43224 -0.53111 2 
-3.848 2.726 6.38639 -0.47849 2 
-1.283 2.726 6.17320 -0.40953 2 
1.283 2.726 5.94972 -0.40579 2 
3.848 2.726 3.16055 -0.00250 2 
6.414 2.726 0.00000 -0.00000 0 
8.980 2.726 0.00000 -0.00000 0 
11.545 2.726 0.00000 -0.00000 0 
14.111 2.726 0.00000 -0.00000 0 
16.676 2.726 0.00000 -0.00000 0 
19.242 2.726 0.00000 -0.00000 0 
21.808 2.726 0.00000 -0.00000 0 
24.373 2.726 0.00000 -0.00000 0 
26.939 2.726 0.00000 -0.00000 0 
29.504 2.726 0.00000 -0.00000 0 
32.070 2.726 0.00000 -0.00000 0 
34.636 2.726 0.00000 -0.00000 0 
37.201 2.726 0.00000 -0.00000 0 
39.767 2.726 0.00000 -0.00000 0 
42.332 2.726 0.00000 -0.00000 0 
44.898 2.726 0.00000 -0.00000 0 
47.464 2.726 -0.65541 -0.31319 2 
50.029 2.726 -0.84538 -0.40476 2 
52.595 2.726 -0.89792 -0.28406 2 
55.160 2.726 -0.62797 -0.45163 2 
57.726 2.726 -0.45894 -1.21231 2 
60.292 2.726 -0.87406 -0.39316 2 
62.857 2.726 -0.91766 -1.24352 2 
65.423 2.726 -1.08083 -0.77960 2 
67.988 2.726 -0.99091 -1.10145 2 
70.554 2.726 -0.19010 -1.42997 2 
73.120 2.726 -0.12389 -1.15638 2 
75.685 2.726 -0.05769 -0.88280 2 
78.251 2.726 -0.16204 -0.74095 2 
80.816 2.726 0.32988 -0.07814 2 
83.382 2.726 0.43294 -0.48789 2 
85.948 2.726 -0.18872 -0.81787 2 
88.513 2.726 -0.48820 0.43586 2 
91.079 2.726 -0.91968 0.83379 2 
93.644 2.726 -0.83808 0.96008 2 
96.210 2.726 0.44327 0.32924 2 
98.776 2.726 0.11443 1.42869 2 
101.341 2.726 0.84909 1.41404 2 
103.907 2.726 0.50127 0.43650 2 
106.472 2.726 0.61308 0.78937 2 
109.038 2.726 0.06852 -0.42337 2 
111.603 2.726 0.73430 -0.00850 2 
114.169 2.726 1.29358 1.10685 2 
116.735 2.726 2.17565 1.64371 2 
119.300 2.726 0.05533 0.34410 2 
-8.980 0.160 6.66136 -0.64533 2 
-6.414 0.160 6.72306 -0.73484 2 
-3.848 0.160 6.30437 -0.73980 2 
-1.283 0.160 6.07593 -0.72107 2 
1.283 0.160 3.03797 -0.36054 2 
3.848 0.160 0.00000 -0.00000 0 
6.414 0.160 0.00000 -0.00000 0 
8.980 0.160 0.00000 -0.00000 0 
11.545 0.160 0.00000 -0.00000 0 
14.111 0.160 0.00000 -0.00000 0 
16.676 0.160 0.00000 -0.00000 0 
19.242 0.160 0.00000 -0.00000 0 
21.808 0.160 0.00000 -0.00000 0 
24.373 0.160 0.00000 -0.00000 0 
26.939 0.160 0.00000 -0.00000 0 
29.504 0.160 0.00000 -0.00000 0 
32.070 0.160 0.00000 -0.00000 0 
34.636 0.160 0.00000 -0.00000 0 
37.201 0.160 0.00000 -0.00000 0 
39.767 0.160 -0.49097 -0.11149 2 
42.332 0.160 -0.45653 0.10632 2 
44.898 0.160 -0.88437 -0.43616 2 
47.464 0.160 -1.31083 -0.62638 2 
50.029 0.160 -1.56317 -0.70623 2 
52.595 0.160 -1.22777 -0.68407 2 
55.160 0.160 -0.73156 -0.63605 2 
57.726 0.160 -0.40544 -1.17815 2 
60.292 0.160 -0.73750 -1.24968 2 
62.857 0.160 -0.93680 -0.77777 2 
65.423 0.160 -0.83035 -1.16466 2 
67.988 0.160 -0.37931 -0.75451 2 
70.554 0.160 -0.72805 -1.18098 2 
73.120 0.160 -0.28408 -1.23219 2 
75.685 0.160 0.15989 -1.28340 2 
78.251 0.160 1.05851 0.06786 2 
80.816 0.160 0.85936 -0.97384 2 
83.382 0.160 0.76045 -0.55256 2 
85.948 0.160 -0.08702 -1.29972 2 
88.513 0.160 -0.51884 -0.17220 2 
91.079 0.160 0.02084 0.37543 2 
93.644 0.160 -0.01253 0.19260 2 
96.210 0.160 0.77521 0.93438 2 
98.776 0.160 -0.02899 0.78207 2 
101.341 0.160 0.19786 0.77811 2 
103.907 0.160 0.16153 0.20970 2 
106.472 0.160 0.70284 0.59872 2 
109.038 0.160 1.33690 1.23226 2 
111.603 0.160 2.00646 0.36545 2 
114.169 0.160 2.72410 1.54095 2 
116.735 0.160 3.65929 1.22984 2 
119.300 0.160 -0.03243 1.87330 2 
-8.980 -2.405 6.73617 -0.79669 2 
-6.414 -2.405 6.47908 -0.66262 2 
-3.848 -2.405 6.64938 -0.89347 2 
-1.283 -2.405 6.32054 -1.10265 2 
1.283 -2.405 0.00000 -0.00000 0 
3.848 -2.405 0.00000 -0.00000 0 
6.414 -2.405 0.00000 -0.00000 0 
8.980 -2.405 0.00000 -0.00000 0 
11.545 -2.405 0.00000 -0.00000 0 
14.111 -2.405 0.00000 -0.00000 0 
16.676 -2.405 0.00000 -0.00000 0 
19.242 -2.405 0.00000 -0.00000 0 
21.808 -2.405 0.00000 -0.00000 0 
24.373 -2.405 0.00000 -0.00000 0 
26.939 -2.405 0.00000 -0.00000 0 
29.504 -2.405 0.00000 -0.00000 0 
32.070 -2.405 -1.04286 -0.10481 2 
34.636 -2.405 -0.78864 -0.12600 2 
37.201 -2.405 -1.10704 -0.13617 2 
39.767 -2.405 -1.11804 -0.24752 2 
42.332 -2.405 -1.60457 -0.75972 2 
44.898 -2.405 -1.77918 -0.40874 2 
47.464 -2.405 -1.58492 -0.60284 2 
50.029 -2.405 -1.62357 -0.48757 2 
52.595 -2.405 -1.44340 -0.68349 2 
55.160 -2.405 -0.83515 -0.82047 2 
57.726 -2.405 -1.37107 -0.73009 2 
60.292 -2.405 -1.00035 -0.22324 2 
62.857 -2.405 -0.79910 -0.94026 2 
65.423 -2.405 -0.98087 -1.24449 2 
67.988 -2.405 -0.23237 -0.72137 2 
70.554 -2.405 0.04140 -0.93043 2 
73.120 -2.405 0.67451 -0.99195 2 
75.685 -2.405 1.49424 -0.56756 2 
78.251 -2.405 1.41428 -0.17424 2 
80.816 -2.405 0.90538 -0.32225 2 
83.382 -2.405 0.80131 -0.82917 2 
85.948 -2.405 0.20293 -1.00801 2 
88.513 -2.405 0.67811 -0.38674 2 
91.079 -2.405 0.96136 -0.08293 2 
93.644 -2.405 0.81301 -0.57488 2 
96.210 -2.405 0.43522 -0.53833 2 
98.776 -2.405 0.34889 -0.45794 2 
101.341 -2.405 0.68793 0.26771 2 
103.907 -2.405 1.15939 0.71624 2 
106.472 -2.405 1.52009 0.96630 2 
109.038 -2.405 2.44868 0.72067 2 
111.603 -2.405 2.49757 1.83501 2 
114.169 -2.405 3.92161 2.16236 2 
116.735 -2.405 3.45500 0.94128 2 
119.300 -2.405 -0.21861 1.77926 2 
-8.980 -4.971 6.59986 -0.80992 2 
-6.414 -4.971 6.70834 -0.99475 2 
-3.848 -4.971 6.58857 -1.03224 2 
-1.283 -4.971 6.30356 -1.14865 2 
1.283 -4.971 0.00000 -0.00000 0 
3.848 -4.971 0.00000 -0.00000 0 
6.414 -4.971 0.00000 -0.00000 0 
8.980 -4.971 0.00000 -0.00000 0 
11.545 -4.971 0.00000 -0.00000 0 
14.111 -4.971 0.00000 -0.00000 0 
16.676 -4.971 0.00000 -0.00000 0 
19.242 -4.971 0.00000 -0.00000 0 
21.808 -4.971 0.00000 -0.00000 0 
24.373 -4.971 -0.73726 -0.08106 2 
26.939 -4.971 -0.93735 -0.37215 2 
29.504 -4.971 -0.84714 -0.39690 2 
32.070 -4.971 -1.28371 -0.44397 2 
34.636 -4.971 -0.99265 -0.13795 2 
37.201 -4.971 -1.13149 -0.24782 2 
39.767 -4.971 -1.74511 -0.38356 2 
42.332 -4.971 -0.91736 -0.35687 2 
44.898 -4.971 -0.62912 -0.27979 2 
47.464 -4.971 -1.34444 -0.91893 2 
50.029 -4.971 -1.99736 -0.58614 2 
52.595 -4.971 -1.00801 -0.02413 2 
55.160 -4.971 -1.36163 -0.68330 2 
57.726 -4.971 -0.67277 0.39433 2 
60.292 -4.971 -1.07285 -1.07356 2 
62.857 -4.971 0.40277 0.11769 2 
65.423 -4.971 -0.61767 -0.63457 2 
67.988 -4.971 1.10455 -0.97797 2 
70.554 -4.971 1.92319 -0.88922 2 
73.120 -4.971 0.76852 -0.69343 2 
75.685 -4.971 1.03906 0.00755 2 
78.251 -4.971 1.07218 -0.89077 2 
80.816 -4.971 1.00121 0.27513 2 
83.382 -4.971 0.84218 -1.10579 2 
85.948 -4.971 0.50810 -0.31242 2 
88.513 -4.971 0.48318 -0.94582 2 
91.079 -4.971 1.31291 -0.36303 2 
93.644 -4.971 1.51410 -0.80241 2 
96.210 -4.971 0.60016 -0.12065 2 
98.776 -4.971 1.20905 0.02587 2 
101.341 -4.971 1.48419 -0.12819 2 
103.907 -4.971 2.78167 1.00324 2 
106.472 -4.971 2.30939 0.39394 2 
109.038 -4.971 1.97832 0.24358 2 
111.603 -4.971 3.68917 1.93645 2 
114.169 -4.971 4.20520 1.79380 2 
116.735 -4.971 5.19445 1.14226 2 
119.300 -4.971 0.00000 -0.00000 0 
-8.980 -7.536 6.86200 -0.86416 2 
-6.414 -7.536 6.91222 -1.07444 2 
-3.848 -7.536 6.70635 -1.04992 2 
-1.283 -7.536 6.69726 -1.34035 2 
1.283 -7.536 6.52839 -1.56056 2 
3.848 -7.536 0.00000 -0.00000 0 
6.414 -7.536 10.01849 -1.34015 2 
8.980 -7.536 0.61062 -0.20227 2 
11.545 -7.536 4.18739 -1.81049 2 
14.111 -7.536 -0.13476 -0.11264 2 
16.676 -7.536 -0.64216 0.06128 2 
19.242 -7.536 -0.38321 0.05636 2 
21.808 -7.536 1.71092 0.11918 2 
24.373 -7.536 -1.47452 -0.16211 2 
26.939 -7.536 -1.87471 -0.74430 2 
29.504 -7.536 -1.69429 -0.79380 2 
32.070 -7.536 -1.52456 -0.78312 2 
34.636 -7.536 -1.19666 -0.14990 2 
37.201 -7.536 -1.15594 -0.35947 2 
39.767 -7.536 0.21415 0.26202 2 
42.332 -7.536 -0.79947 0.23705 2 
44.898 -7.536 -0.01770 -0.67446 2 
47.464 -7.536 0.19965 -0.75971 2 
50.029 -7.536 0.86641 0.01018 2 
52.595 -7.536 0.79754 0.56376 2 
55.160 -7.536 2.10086 0.46785 2 
57.726 -7.536 1.72058 0.26330 2 
60.292 -7.536 1.60088 -0.56632 2 
62.857 -7.536 2.69192 0.03570 2 
65.423 -7.536 3.39839 0.04848 2 
67.988 -7.536 3.29147 -0.39498 2 
70.554 -7.536 1.94652 -1.29972 2 
73.120 -7.536 2.36830 -0.84482 2 
75.685 -7.536 2.07102 -0.16920 2 
78.251 -7.536 1.59321 -0.50074 2 
80.816 -7.536 1.31817 0.41601 2 
83.382 -7.536 2.79991 -0.65866 2 
85.948 -7.536 2.64468 -1.26695 2 
88.513 -7.536 2.74711 0.84041 2 
91.079 -7.536 1.96691 -0.92072 2 
93.644 -7.536 0.66225 -0.70603 2 
96.210 -7.536 0.44517 -0.76915 2 
98.776 -7.536 3.10835 1.67073 2 
101.341 -7.536 3.60467 1.84947 2 
103.907 -7.536 2.68476 0.89818 2 
106.472 -7.536 4.77154 1.17188 2 
109.038 -7.536 4.75885 0.72650 2 
111.603 -7.536 3.46199 1.72295 2 
114.169 -7.536 5.15823 2.46188 2 
116.735 -7.536 5.13435 1.34270 2 
119.300 -7.536 0.00000 -0.00000 0 
-8.980 -10.102 6.85296 -0.81974 2 
-6.414 -10.102 7.03976 -1.12836 2 
-3.848 -10.102 6.95717 -1.21814 2 
-1.283 -10.102 6.86076 -1.43185 2 
1.283 -10.102 6.84216 -1.68207 2 
3.848 -10.102 6.94975 -2.39277 2 
6.414 -10.102 7.14949 -2.87395 2 
8.980 -10.102 7.43202 -3.38636 2 
11.545 -10.102 8.37479 -3.62097 2 
14.111 -10.102 9.05965 -3.32253 2 
16.676 -10.102 10.03342 -3.34689 2 
19.242 -10.102 4.49087 -1.23329 2 
21.808 -10.102 3.42183 0.23837 2 
24.373 -10.102 3.08889 -0.21067 2 
26.939 -10.102 -0.18867 -1.49125 2 
29.504 -10.102 -0.03954 -0.96105 2 
32.070 -10.102 0.40088 -0.51559 2 
34.636 -10.102 0.75443 -0.90233 2 
37.201 -10.102 1.10799 -1.28906 2 
39.767 -10.102 0.36255 0.20777 2 
42.332 -10.102 0.54207 0.28139 2 
44.898 -10.102 3.15404 -0.93846 2 
47.464 -10.102 4.41953 -0.26234 2 
50.029 -10.102 3.73019 0.60649 2 
52.595 -10.102 1.55520 -0.11142 2 
55.160 -10.102 2.92408 0.07987 2 
57.726 -10.102 4.05913 0.16188 2 
60.292 -10.102 4.27460 -0.05908 2 
62.857 -10.102 5.17572 -0.06527 2 
65.423 -10.102 6.07684 -0.07146 2 
67.988 -10.102 5.47838 0.18801 2 
70.554 -10.102 4.30182 -1.57769 2 
73.120 -10.102 3.78259 -0.99123 2 
75.685 -10.102 4.25403 -1.76870 2 
78.251 -10.102 5.02320 -0.78736 2 
80.816 -10.102 5.22419 -0.01637 2 
83.382 -10.102 5.43054 0.87521 2 
85.948 -10.102 5.83552 0.88281 2 
88.513 -10.102 7.11064 1.09575 2 
91.079 -10.102 4.34973 -0.12193 2 
93.644 -10.102 7.43956 0.96285 2 
96.210 -10.102 7.67129 1.78306 2 
98.776 -10.102 7.90303 2.60327 2 
101.341 -10.102 5.48586 1.32216 2 
103.907 -10.102 5.34211 1.23154 2 
106.472 -10.102 7.23368 1.94982 2 
109.038 -10.102 7.53939 1.20943 2 
111.603 -10.102 8.19045 2.74255 2 
114.169 -10.102 6.63184 2.78392 2 
116.735 -10.102 6.13691 1.27384 2 
119.300 -10.102 0.00000 -0.00000 0 
-8.980 -12.668 6.80126 -1.02314 2 
-6.414 -12.668 6.99176 -0.93247 2 
-3.848 -12.668 7.06034 -1.27274 2 
-1.283 -12.668 7.09657 -1.61141 2 
1.283 -12.668 7.05916 -1.77331 2 
3.848 -12.668 7.16454 -2.16550 2 
6.414 -12.668 7.10881 -2.24813 2 
8.980 -12.668 7.66362 -2.65329 2 
11.545 -12.668 8.04702 -2.87501 2 
14.111 -12.668 8.67604 -2.80183 2 
16.676 -12.668 8.94976 -2.49791 2 
19.242 -12.668 9.36495 -2.52293 2 
21.808 -12.668 6.30534 -0.90416 2 
24.373 -12.668 9.53077 -0.94167 2 
26.939 -12.668 4.60161 -1.75097 2 
29.504 -12.668 11.18794 -1.47753 2 
32.070 -12.668 5.07110 -0.81299 2 
34.636 -12.668 5.34126 -1.27280 2 
37.201 -12.668 5.38170 -1.19305 2 
39.767 -12.668 4.87264 -0.17151 2 
42.332 -12.668 5.58011 -0.49939 2 
44.898 -12.668 6.28757 -0.82728 2 
47.464 -12.668 5.38919 -1.23696 2 
50.029 -12.668 5.09066 -0.03819 2 
52.595 -12.668 7.16191 0.09623 2 
55.160 -12.668 6.05615 -0.02338 2 
57.726 -12.668 5.94150 -0.02042 2 
60.292 -12.668 5.42995 -0.24955 2 
62.857 -12.668 5.69981 -0.12893 2 
65.423 -12.668 4.84365 0.19923 2 
67.988 -12.668 5.74118 0.07744 2 
70.554 -12.668 4.07281 -0.54625 2 
73.120 -12.668 3.84186 -1.48247 2 
75.685 -12.668 3.62937 -1.16136 2 
78.251 -12.668 1.98127 -0.79433 2 
80.816 -12.668 3.74211 1.66210 2 
83.382 -12.668 4.21955 1.07159 2 
85.948 -12.668 6.30157 1.58239 2 
88.513 -12.668 4.80137 0.71947 2 
91.079 -12.668 4.94833 0.76418 2 
93.644 -12.668 7.69564 2.32588 2 
96.210 -12.668 8.20806 2.68713 2 
98.776 -12.668 8.72048 3.04838 2 
101.341 -12.668 9.23331 2.93112 2 
103.907 -12.668 8.76377 1.48820 2 
106.472 -12.668 8.65627 2.04853 2 
109.038 -12.668 8.93953 2.26636 2 
111.603 -12.668 8.49514 2.42957 2 
114.169 -12.668 7.83608 2.36156 2 
116.735 -12.668 8.09267 1.69187 2 
119.300 -12.668 0.00000 -0.00000 0 
-8.980 -15.233 7.43223 -0.92297 2 
-6.414 -15.233 7.18592 -1.05898 2 
-3.848 -15.233 7.15649 -1.29324 2 
-1.283 -15.233 7.24958 -1.50386 2 
1.283 -15.233 7.22164 -1.72546 2 
3.848 -15.233 7.34919 -1.92041 2 
6.414 -15.233 7.48873 -2.30807 2 
8.980 -15.233 7.74284 -2.28648 2 
11.545 -15.233 8.37156 -2.47019 2 
14.111 -15.233 8.42185 -2.43739 2 
16.676 -15.233 8.74842 -2.17833 2 
19.242 -15.233 8.92106 -2.25214 2 
21.808 -15.233 9.18885 -2.04669 2 
24.373 -15.233 9.15708 -1.92885 2 
26.939 -15.233 9.39190 -2.01069 2 
29.504 -15.233 10.29204 -1.38325 2 
32.070 -15.233 9.74133 -1.11038 2 
34.636 -15.233 7.40471 -1.13421 2 
37.201 -15.233 9.65541 -1.09704 2 
39.767 -15.233 7.22054 -0.52512 2 
42.332 -15.233 7.83459 -0.65090 2 
44.898 -15.233 8.88412 -0.76871 2 
47.464 -15.233 9.32216 -0.87052 2 
50.029 -15.233 7.75907 -0.53071 2 
52.595 -15.233 8.48306 0.14944 2 
55.160 -15.233 9.08244 0.35000 2 
57.726 -15.233 7.82388 -0.20272 2 
60.292 -15.233 6.58530 -0.44002 2 
62.857 -15.233 6.58167 -0.40921 2 
65.423 -15.233 6.23554 0.28553 2 
67.988 -15.233 6.12592 -0.66868 2 
70.554 -15.233 8.37426 0.51444 2 
73.120 -15.233 6.86107 -0.79058 2 
75.685 -15.233 6.85963 -0.82289 2 
78.251 -15.233 8.03453 0.37823 2 
80.816 -15.233 6.78444 1.62919 2 
83.382 -15.233 7.53783 1.49384 2 
85.948 -15.233 7.12601 1.12984 2 
88.513 -15.233 7.09226 0.45735 2 
91.079 -15.233 7.65690 1.29932 2 
93.644 -15.233 8.45293 2.68996 2 
96.210 -15.233 8.47480 2.12939 2 
98.776 -15.233 9.40389 2.88118 2 
101.341 -15.233 9.53188 2.47602 2 
103.907 -15.233 9.09467 2.50456 2 
106.472 -15.233 8.94150 2.50106 2 
109.038 -15.233 8.66090 2.15118 2 
111.603 -15.233 8.79984 2.11658 2 
114.169 -15.233 8.14195 2.17200 2 
116.735 -15.233 8.56194 2.05379 2 
119.300 -15.233 0.00000 -0.00000 0 
-8.980 -17.799 7.51660 -1.12352 2 
-6.414 -17.799 7.18995 -1.15060 2 
-3.848 -17.799 7.37478 -1.23066 2 
-1.283 -17.799 7.29194 -1.39614 2 
1.283 -17.799 7.42445 -1.75813 2 
3.848 -17.799 7.52500 -1.78981 2 
6.414 -17.799 7.73823 -1.84741 2 
8.980 -17.799 7.82587 -2.17833 2 
11.545 -17.799 8.14470 -2.19233 2 
14.111 -17.799 8.50656 -2.34391 2 
16.676 -17.799 8.62255 -2.15227 2 
19.242 -17.799 8.90042 -2.04057 2 
21.808 -17.799 8.94735 -1.74912 2 
24.373 -17.799 9.33835 -1.76996 2 
26.939 -17.799 9.33432 -1.73781 2 
29.504 -17.799 9.39615 -1.28897 2 
32.070 -17.799 9.44607 -1.32447 2 
34.636 -17.799 9.46815 -0.99561 2 
37.201 -17.799 9.56118 -1.02319 2 
39.767 -17.799 9.56843 -0.87872 2 
42.332 -17.799 9.74700 -1.01247 2 
44.898 -17.799 9.68615 -1.06927 2 
47.464 -17.799 9.78139 -1.15653 2 
50.029 -17.799 9.80459 -0.37273 2 
52.595 -17.799 9.80421 0.20265 2 
55.160 -17.799 9.38917 -0.06307 2 
57.726 -17.799 9.27096 -0.16821 2 
60.292 -17.799 9.78189 -0.27327 2 
62.857 -17.799 9.93925 -0.04653 2 
65.423 -17.799 8.02453 0.04710 2 
67.988 -17.799 9.34417 -0.17310 2 
70.554 -17.799 9.57361 -0.79047 2 
73.120 -17.799 9.88027 -0.09870 2 
75.685 -17.799 10.03320 -0.10540 2 
78.251 -17.799 11.02847 1.03262 2 
80.816 -17.799 9.82676 1.59628 2 
83.382 -17.799 9.48588 1.15444 2 
85.948 -17.799 8.52912 0.79322 2 
88.513 -17.799 9.09205 1.16349 2 
91.079 -17.799 10.36548 1.83447 2 
93.644 -17.799 9.81897 2.16013 2 
96.210 -17.799 9.23551 1.69673 2 
98.776 -17.799 9.30047 1.79739 2 
101.341 -17.799 9.83046 2.02092 2 
103.907 -17.799 9.25196 2.25960 2 
106.472 -17.799 9.01879 2.09231 2 
109.038 -17.799 8.79027 2.20861 2 
111.603 -17.799 8.53942 2.17842 2 
114.169 -17.799 8.20595 2.06265 2 
116.735 -17.799 8.43630 2.07494 2 
119.300 -17.799 0.00000 -0.00000 0 
-8.980 -20.364 7.37861 -1.02855 2 
-6.414 -20.364 7.47349 -1.19126 2 
-3.848 -20.364 7.28571 -1.20975 2 
-1.283 -20.364 7.45413 -1.22261 2 
1.283 -20.364 7.58320 -1.41927 2 
3.848 -20.364 7.61079 -1.72809 2 
6.414 -20.364 7.84378 -1.83524 2 
8.980 -20.364 8.04437 -1.86486 2 
11.545 -20.364 8.26980 -1.94503 2 
14.111 -20.364 8.51304 -2.00830 2 
16.676 -20.364 8.71447 -2.00908 2 
19.242 -20.364 8.83823 -1.76436 2 
21.808 -20.364 8.97865 -1.74996 2 
24.373 -20.364 9.03910 -1.66045 2 
26.939 -20.364 9.15090 -1.36617 2 
29.504 -20.364 9.25768 -1.41191 2 
32.070 -20.364 9.22419 -0.95578 2 
34.636 -20.364 9.36320 -1.06466 2 
37.201 -20.364 9.39611 -0.99926 2 
39.767 -20.364 9.33897 -0.89465 2 
42.332 -20.364 9.52503 -0.99405 2 
44.898 -20.364 9.60997 -0.91787 2 
47.464 -20.364 9.97142 -0.87654 2 
50.029 -20.364 9.64730 -0.62783 2 
52.595 -20.364 9.96916 -0.38429 2 
55.160 -20.364 9.57670 -0.06198 2 
57.726 -20.364 9.56368 -0.51615 2 
60.292 -20.364 9.69927 -0.39291 2 
62.857 -20.364 9.43500 -0.10007 2 
65.423 -20.364 9.81353 -0.19132 2 
67.988 -20.364 9.65810 -0.39863 2 
70.554 -20.364 9.82058 -0.48798 2 
73.120 -20.364 10.50141 0.06563 2 
75.685 -20.364 10.40209 0.13479 2 
78.251 -20.364 10.50965 0.69284 2 
80.816 -20.364 10.29325 0.98441 2 
83.382 -20.364 9.80618 0.96793 2 
85.948 -20.364 9.93223 0.45660 2 
88.513 -20.364 9.78468 0.52615 2 
91.079 -20.364 10.11758 1.35928 2 
93.644 -20.364 9.97518 1.53188 2 
96.210 -20.364 9.99621 1.26408 2 
98.776 -20.364 9.67652 1.79862 2 
101.341 -20.364 9.69887 1.70801 2 
103.907 -20.364 9.41325 1.86600 2 
106.472 -20.364 9.01927 2.01677 2 
109.038 -20.364 8.84573 1.87917 2 
111.603 -20.364 8.52500 2.03270 2 
114.169 -20.364 8.71375 1.86612 2 
116.735 -20.364 8.87697 1.82385 2 
119.300 -20.364 0.00000 -0.00000 0 
-8.980 -22.930 7.34372 -1.02456 2 
-6.414 -22.930 7.47728 -1.15891 2 
-3.848 -22.930 7.53399 -1.08180 2 
-1.283 -22.930 7.52477 -1.29334 2 
1.283 -22.930 7.55899 -1.45970 2 
3.848 -22.930 7.78641 -1.56459 2 
6.414 -22.930 7.99968 -1.56245 2 
8.980 -22.930 8.00921 -1.90353 2 
11.545 -22.930 8.35002 -1.68463 2 
14.111 -22.930 8.55046 -1.87373 2 
16.676 -22.930 8.61510 -1.82933 2 
19.242 -22.930 8.82526 -1.62199 2 
21.808 -22.930 8.97159 -1.58635 2 
24.373 -22.930 8.94413 -1.53333 2 
26.939 -22.930 9.16757 -1.42252 2 
29.504 -22.930 9.19622 -1.18230 2 
32.070 -22.930 9.18993 -1.31417 2 
34.636 -22.930 9.22709 -1.17806 2 
37.201 -22.930 9.28994 -0.86006 2 
39.767 -22.930 9.34698 -1.03528 2 
42.332 -22.930 9.41078 -0.86545 2 
44.898 -22.930 9.39918 -0.88133 2 
47.464 -22.930 9.67386 -0.73587 2 
50.029 -22.930 9.74941 -0.78019 2 
52.595 -22.930 9.86724 -0.48437 2 
55.160 -22.930 9.64917 -0.41980 2 
57.726 -22.930 9.50797 -0.42942 2 
60.292 -22.930 9.60089 -0.30823 2 
62.857 -22.930 9.67783 -0.40170 2 
65.423 -22.930 9.42356 -0.36813 2 
67.988 -22.930 9.74931 -0.13271 2 
70.554 -22.930 9.92436 -0.23689 2 
73.120 -22.930 10.03872 -0.15620 2 
75.685 -22.930 10.14090 0.14046 2 
78.251 -22.930 10.26373 0.43867 2 
80.816 -22.930 10.13828 0.70856 2 
83.382 -22.930 9.94742 0.60658 2 
85.948 -22.930 9.83947 0.62865 2 
88.513 -22.930 9.90084 0.73229 2 
91.079 -22.930 9.86968 0.88408 2 
93.644 -22.930 9.80848 1.04824 2 
96.210 -22.930 9.53592 1.15484 2 
98.776 -22.930 9.61566 1.47437 2 
101.341 -22.930 9.30300 1.58599 2 
103.907 -22.930 9.19677 1.51413 2 
106.472 -22.930 9.08526 2.03597 2 
109.038 -22.930 8.60973 1.89417 2 
111.603 -22.930 8.67582 1.84199 2 
114.169 -22.930 8.40140 1.41458 2 
116.735 -22.930 8.51249 1.79146 2 
119.300 -22.930 0.00000 -0.00000 0 
-8.980 -25.496 7.60731 -0.84472 2 
-6.414 -25.496 7.56121 -1.02324 2 
-3.848 -25.496 7.58349 -1.12486 2 
-1.283 -25.496 7.82998 -1.26970 2 
1.283 -25.496 7.80327 -1.16546 2 
3.848 -25.496 7.86953 -1.51948 2 
6.414 -25.496 8.05215 -1.49851 2 
8.980 -25.496 8.25462 -1.50107 2 
11.545 -25.496 8.19896 -1.62103 2 
14.111 -25.496 8.50553 -1.71727 2 
16.676 -25.496 8.58433 -1.49630 2 
19.242 -25.496 8.67439 -1.60597 2 
21.808 -25.496 8.74083 -1.42171 2 
24.373 -25.496 8.85574 -1.48572 2 
26.939 -25.496 9.08083 -1.24853 2 
29.504 -25.496 8.96534 -1.27129 2 
32.070 -25.496 9.09118 -1.15172 2 
34.636 -25.496 9.15989 -1.06944 2 
37.201 -25.496 9.31329 -0.94815 2 
39.767 -25.496 9.29633 -1.13046 2 
42.332 -25.496 9.38762 -0.77741 2 
44.898 -25.496 9.41970 -0.73006 2 
47.464 -25.496 9.59042 -0.75877 2 
50.029 -25.496 9.55243 -0.52329 2 
52.595 -25.496 9.41422 -0.53945 2 
55.160 -25.496 9.62001 -0.55246 2 
57.726 -25.496 9.45853 -0.29558 2 
60.292 -25.496 9.51700 -0.27843 2 
62.857 -25.496 9.29830 -0.56006 2 
65.423 -25.496 9.51351 -0.12420 2 
67.988 -25.496 9.69578 -0.30942 2 
70.554 -25.496 9.67517 -0.19836 2 
73.120 -25.496 9.83912 -0.07914 2 
75.685 -25.496 10.21197 0.10894 2 
78.251 -25.496 10.02379 0.34794 2 
80.816 -25.496 9.97509 0.58036 2 
83.382 -25.496 9.83717 0.51349 2 
85.948 -25.496 9.74603 0.74872 2 
88.513 -25.496 9.64169 0.75458 2 
91.079 -25.496 9.90604 0.91397 2 
93.644 -25.496 9.59504 0.90408 2 
96.210 -25.496 9.55119 1.33295 2 
98.776 -25.496 9.27588 1.23202 2 
101.341 -25.496 9.37889 1.25215 2 
103.907 -25.496 9.00469 1.54327 2 
106.472 -25.496 8.88222 1.48544 2 
109.038 -25.496 8.77467 1.60313 2 
111.603 -25.496 8.81049 1.71164 2 
114.169 -25.496 8.51686 1.60036 2 
116.735 -25.496 8.71860 1.45403 2 
119.300 -25.496 0.00000 -0.00000 0 
-8.980 -28.061 7.62139 -0.96141 2 
-6.414 -28.061 7.58144 -0.92625 2 
-3.848 -28.061 7.82832 -1.03129 2 
-1.283 -28.061 7.68970 -1.18330 2 
1.283 -28.061 7.73727 -1.09032 2 
3.848 -28.061 7.92450 -1.27397 2 
6.414 -28.061 7.96845 -1.32496 2 
8.980 -28.061 8.18404 -1.35925 2 
11.545 -28.061 8.32460 -1.49427 2 
14.111 -28.061 8.37191 -1.38756 2 
16.676 -28.061 8.45343 -1.40584 2 
19.242 -28.061 8.74856 -1.53004 2 
21.808 -28.061 8.77258 -1.21693 2 
24.373 -28.061 8.77428 -1.17162 2 
26.939 -28.061 8.82697 -1.19749 2 
29.504 -28.061 9.05809 -1.21926 2 
32.070 -28.061 8.90177 -1.06227 2 
34.636 -28.061 9.11428 -1.03377 2 
37.201 -28.061 9.06910 -1.04353 2 
39.767 -28.061 9.28909 -0.76547 2 
42.332 -28.061 9.54719 -0.86394 2 
44.898 -28.061 9.22036 -0.90255 2 
47.464 -28.061 9.43133 -0.63283 2 
50.029 -28.061 9.41693 -0.61649 2 
52.595 -28.061 9.36950 -0.54646 2 
55.160 -28.061 9.40204 -0.42284 2 
57.726 -28.061 9.32758 -0.49927 2 
60.292 -28.061 9.31244 -0.33681 2 
62.857 -28.061 9.44463 -0.24981 2 
65.423 -28.061 9.39587 -0.35625 2 
67.988 -28.061 9.57695 -0.00757 2 
70.554 -28.061 9.62920 -0.13332 2 
73.120 -28.061 9.74165 0.03622 2 
75.685 -28.061 9.81041 0.08901 2 
78.251 -28.061 9.74098 0.21701 2 
80.816 -28.061 9.77621 0.42148 2 
83.382 -28.061 9.72465 0.61511 2 
85.948 -28.061 9.76519 0.67857 2 
88.513 -28.061 9.66549 0.81798 2 
91.079 -28.061 9.51375 0.85446 2 
93.644 -28.061 9.49109 0.76763 2 
96.210 -28.061 9.26582 1.22261 2 
98.776 -28.061 9.30546 1.11890 2 
101.341 -28.061 9.01829 1.36186 2 
103.907 -28.061 9.04693 1.22750 2 
106.472 -28.061 8.96199 1.46257 2 
109.038 -28.061 8.92776 1.49864 2 
111.603 -28.061 8.55790 1.78348 2 
114.169 -28.061 8.56342 1.52571 2 
116.735 -28.061 8.59761 1.61965 2 
119.300 -28.061 0.00000 -0.00000 0 
-8.980 -30.627 7.58023 -0.94718 2 
-6.414 -30.627 7.70918 -0.86834 2 
-3.848 -30.627 7.70235 -1.05410 2 
-1.283 -30.627 7.82113 -0.85563 2 
1.283 -30.627 7.91299 -1.11521 2 
3.848 -30.627 8.13839 -1.22081 2 
6.414 -30.627 8.07611 -1.23510 2 
8.980 -30.627 8.26505 -1.23731 2 
11.545 -30.627 8.27110 -1.21759 2 
14.111 -30.627 8.53663 -1.35437 2 
16.676 -30.627 8.52510 -1.21098 2 
19.242 -30.627 8.65351 -1.17380 2 
21.808 -30.627 8.75908 -1.14154 2 
24.373 -30.627 8.88904 -1.16031 2 
26.939 -30.627 8.85109 -1.06457 2 
29.504 -30.627 8.98164 -0.96536 2 
32.070 -30.627 8.94120 -0.82936 2 
34.636 -30.627 9.07710 -0.96346 2 
37.201 -30.627 9.11326 -0.95399 2 
39.767 -30.627 9.24890 -1.01729 2 
42.332 -30.627 9.11601 -0.82783 2 
44.898 -30.627 9.21344 -0.76753 2 
47.464 -30.627 9.33923 -0.85106 2 
50.029 -30.627 9.36131 -0.69378 2 
52.595 -30.627 9.22849 -0.57389 2 
55.160 -30.627 9.40979 -0.33168 2 
57.726 -30.627 9.39330 -0.44549 2 
60.292 -30.627 9.54543 -0.40608 2 
62.857 -30.627 9.30343 -0.42407 2 
65.423 -30.627 9.38725 -0.21065 2 
67.988 -30.627 9.43993 -0.16975 2 
70.554 -30.627 9.46976 -0.18635 2 
73.120 -30.627 9.60506 0.07106 2 
75.685 -30.627 9.81596 0.01213 2 
78.251 -30.627 9.77866 0.41219 2 
80.816 -30.627 9.69529 0.36509 2 
83.382 -30.627 9.58807 0.73294 2 
85.948 -30.627 9.49908 0.45843 2 
88.513 -30.627 9.43912 0.79515 2 
91.079 -30.627 9.38279 0.70858 2 
93.644 -30.627 9.37086 0.98379 2 
96.210 -30.627 9.17830 0.87899 2 
98.776 -30.627 9.20740 1.02345 2 
101.341 -30.627 9.02070 1.10351 2 
103.907 -30.627 8.83226 1.16547 2 
106.472 -30.627 8.91202 1.19185 2 
109.038 -30.627 8.80829 1.42652 2 
111.603 -30.627 8.59908 1.40525 2 
114.169 -30.627 8.41825 1.37783 2 
116.735 -30.627 8.73447 1.21981 2 
119.300 -30.627 0.00000 -0.00000 0 
-8.980 -33.192 7.42166 -0.77201 2 
-6.414 -33.192 7.84866 -0.87761 2 
-3.848 -33.192 7.87946 -1.11242 2 
-1.283 -33.192 7.95141 -0.97100 2 
1.283 -33.192 7.84239 -1.11384 2 
3.848 -33.192 8.04344 -1.17818 2 
6.414 -33.192 8.20389 -1.01868 2 
8.980 -33.192 8.19761 -1.23105 2 
11.545 -33.192 8.30478 -1.22162 2 
14.111 -33.192 8.36760 -1.09631 2 
16.676 -33.192 8.54862 -1.15673 2 
19.242 -33.192 8.64011 -1.11105 2 
21.808 -33.192 8.60216 -1.23246 2 
24.373 -33.192 8.75253 -1.03896 2 
26.939 -33.192 8.82592 -1.12819 2 
29.504 -33.192 8.84817 -1.11508 2 
32.070 -33.192 8.88198 -0.99378 2 
34.636 -33.192 9.09976 -0.91011 2 
37.201 -33.192 9.10334 -0.77518 2 
39.767 -33.192 9.01413 -0.85120 2 
42.332 -33.192 9.16762 -0.81440 2 
44.898 -33.192 9.23210 -0.70241 2 
47.464 -33.192 9.15229 -0.64324 2 
50.029 -33.192 9.16871 -0.82971 2 
52.595 -33.192 9.28010 -0.51169 2 
55.160 -33.192 9.21132 -0.50989 2 
57.726 -33.192 9.07213 -0.23943 2 
60.292 -33.192 9.29940 -0.33276 2 
62.857 -33.192 9.39339 -0.28402 2 
65.423 -33.192 9.33275 -0.24856 2 
67.988 -33.192 9.36650 0.02608 2 
70.554 -33.192 9.52291 -0.18025 2 
73.120 -33.192 9.36304 0.06862 2 
75.685 -33.192 9.57811 0.29718 2 
78.251 -33.192 9.35455 0.40157 2 
80.816 -33.192 9.51766 0.40343 2 
83.382 -33.192 9.46424 0.39976 2 
85.948 -33.192 9.57861 0.60138 2 
88.513 -33.192 9.30174 0.63084 2 
91.079 -33.192 9.22510 0.80845 2 
93.644 -33.192 9.27817 0.82033 2 
96.210 -33.192 9.37215 0.93252 2 
98.776 -33.192 8.93722 0.99818 2 
101.341 -33.192 8.96155 1.16511 2 
103.907 -33.192 8.98844 1.02966 2 
106.472 -33.192 8.78260 1.10913 2 
109.038 -33.192 8.86878 1.22418 2 
111.603 -33.192 8.61347 1.19807 2 
114.169 -33.192 8.43926 1.05316 2 
116.735 -33.192 8.66879 0.96552 2 
119.300 -33.192 0.00000 -0.00000 0 
-8.980 -35.758 7.99167 -0.87471 2 
-6.414 -35.758 7.70250 -0.83675 2 
-3.848 -35.758 7.76736 -0.90020 2 
-1.283 -35.758 8.01558 -0.95540 2 
1.283 -35.758 8.03617 -1.02017 2 
3.848 -35.758 8.12487 -0.97615 2 
6.414 -35.758 8.23551 -1.13086 2 
8.980 -35.758 8.26913 -1.09215 2 
11.545 -35.758 8.28537 -1.08426 2 
14.111 -35.758 8.52374 -0.97789 2 
16.676 -35.758 8.46500 -1.13146 2 
19.242 -35.758 8.54458 -1.10927 2 
21.808 -35.758 8.72344 -0.92075 2 
24.373 -35.758 8.77871 -1.07835 2 
26.939 -35.758 8.81382 -0.97073 2 
29.504 -35.758 9.00891 -0.91366 2 
32.070 -35.758 8.84422 -0.73221 2 
34.636 -35.758 8.84478 -0.83910 2 
37.201 -35.758 8.97232 -0.72746 2 
39.767 -35.758 9.08699 -0.81611 2 
42.332 -35.758 8.89456 -0.83176 2 
44.898 -35.758 9.21770 -0.71082 2 
47.464 -35.758 9.05129 -0.58574 2 
50.029 -35.758 9.14028 -0.60419 2 
52.595 -35.758 9.22798 -0.49993 2 
55.160 -35.758 9.09109 -0.33589 2 
57.726 -35.758 9.26683 -0.41111 2 
60.292 -35.758 9.16671 -0.23321 2 
62.857 -35.758 9.24226 -0.33900 2 
65.423 -35.758 9.24874 -0.02278 2 
67.988 -35.758 9.33972 -0.22260 2 
70.554 -35.758 9.37743 0.05605 2 
73.120 -35.758 9.34962 0.16141 2 
75.685 -35.758 9.40947 0.28801 2 
78.251 -35.758 9.39828 0.32124 2 
80.816 -35.758 9.42608 0.44223 2 
83.382 -35.758 9.34617 0.55486 2 
85.948 -35.758 9.32123 0.58334 2 
88.513 -35.758 9.19344 0.72051 2 
91.079 -35.758 9.23349 0.69375 2 
93.644 -35.758 9.21461 0.64008 2 
96.210 -35.758 9.05202 0.89186 2 
98.776 -35.758 8.94606 0.90927 2 
101.341 -35.758 9.18150 0.70250 2 
103.907 -35.758 8.91717 0.93814 2 
106.472 -35.758 8.73269 1.05550 2 
109.038 -35.758 8.63342 1.02156 2 
111.603 -35.758 8.60422 1.07563 2 
114.169 -35.758 8.67512 1.05170 2 
116.735 -35.758 8.81186 0.94636 2 
119.300 -35.758 0.00000 -0.00000 0 
-8.980 -38.324 7.65792 -0.86493 2 
-6.414 -38.324 7.80616 -0.95948 2 
-3.848 -38.324 7.92828 -0.83617 2 
-1.283 -38.324 8.14688 -0.93518 2 
1.283 -38.324 7.99433 -0.93192 2 
3.848 -38.324 8.08382 -0.98594 2 
6.414 -38.324 8.15603 -0.99378 2 
8.980 -38.324 8.32493 -0.98285 2 
11.545 -38.324 8.44360 -1.17477 2 
14.111 -38.324 8.49731 -1.12510 2 
16.676 -38.324 8.57970 -0.99043 2 
19.242 -38.324 8.59030 -0.92173 2 
21.808 -38.324 8.65311 -1.14363 2 
24.373 -38.324 8.64097 -0.94224 2 
26.939 -38.324 8.77598 -0.90029 2 
29.504 -38.324 8.82820 -0.85333 2 
32.070 -38.324 8.82610 -0.99225 2 
34.636 -38.324 8.90149 -0.89488 2 
37.201 -38.324 9.02611 -0.77837 2 
39.767 -38.324 8.91320 -0.83567 2 
42.332 -38.324 9.08914 -0.86770 2 
44.898 -38.324 9.05964 -0.54912 2 
47.464 -38.324 9.09331 -0.60323 2 
50.029 -38.324 9.04859 -0.46943 2 
52.595 -38.324 9.23419 -0.67542 2 
55.160 -38.324 9.13279 -0.51264 2 
57.726 -38.324 9.16280 -0.33119 2 
60.292 -38.324 9.12869 -0.18512 2 
62.857 -38.324 9.30332 -0.14680 2 
65.423 -38.324 9.14297 -0.14565 2 
67.988 -38.324 9.28236 -0.14213 2 
70.554 -38.324 9.17598 0.04913 2 
73.120 -38.324 9.40529 0.04171 2 
75.685 -38.324 9.28140 0.00768 2 
78.251 -38.324 9.34794 0.24076 2 
80.816 -38.324 9.19547 0.17617 2 
83.382 -38.324 9.32812 0.37111 2 
85.948 -38.324 9.34707 0.43256 2 
88.513 -38.324 9.16026 0.60140 2 
91.079 -38.324 9.27983 0.64087 2 
93.644 -38.324 9.06087 0.79607 2 
96.210 -38.324 9.02427 0.81898 2 
98.776 -38.324 8.90610 0.91899 2 
101.341 -38.324 8.80234 0.79851 2 
103.907 -38.324 8.92194 0.82241 2 
106.472 -38.324 8.62439 0.99365 2 
109.038 -38.324 8.81803 0.99550 2 
111.603 -38.324 8.61209 1.06065 2 
114.169 -38.324 8.51778 0.98018 2 
116.735 -38.324 8.73992 0.93938 2 
119.300 -38.324 0.00000 -0.00000 0 
-8.980 -40.889 7.91600 -0.69255 2 
-6.414 -40.889 7.91767 -0.74375 2 
-3.848 -40.889 7.96797 -0.88426 2 
-1.283 -40.889 8.03676 -0.90693 2 
1.283 -40.889 7.89124 -0.85643 2 
3.848 -40.889 8.20940 -0.89996 2 
6.414 -40.889 8.18483 -0.80101 2 
8.980 -40.889 8.15106 -0.89557 2 
11.545 -40.889 8.38272 -1.00381 2 
14.111 -40.889 8.34067 -0.85063 2 
16.676 -40.889 8.53919 -0.96943 2 
19.242 -40.889 8.59234 -0.99636 2 
21.808 -40.889 8.70746 -0.88327 2 
24.373 -40.889 8.75545 -0.86653 2 
26.939 -40.889 8.72214 -0.83071 2 
29.504 -40.889 8.75428 -0.82665 2 
32.070 -40.889 8.87611 -0.85243 2 
34.636 -40.889 8.80152 -0.71209 2 
37.201 -40.889 8.84341 -0.79074 2 
39.767 -40.889 8.98205 -0.67612 2 
42.332 -40.889 9.01071 -0.73263 2 
44.898 -40.889 9.02524 -0.54045 2 
47.464 -40.889 8.96909 -0.55652 2 
50.029 -40.889 9.13822 -0.56724 2 
52.595 -40.889 9.00242 -0.40880 2 
55.160 -40.889 9.12105 -0.51484 2 
57.726 -40.889 8.99180 -0.34732 2 
60.292 -40.889 9.08353 -0.15944 2 
62.857 -40.889 9.20295 -0.40578 2 
65.423 -40.889 9.06534 -0.13041 2 
67.988 -40.889 9.22431 -0.07405 2 
70.554 -40.889 9.24507 0.08162 2 
73.120 -40.889 9.27247 0.03407 2 
75.685 -40.889 9.05406 0.09183 2 
78.251 -40.889 9.19685 0.20760 2 
80.816 -40.889 9.36060 0.29945 2 
83.382 -40.889 9.26055 0.28510 2 
85.948 -40.889 9.24385 0.32315 2 
88.513 -40.889 9.06787 0.77155 2 
91.079 -40.889 8.87857 0.61467 2 
93.644 -40.889 8.99609 0.63661 2 
96.210 -40.889 8.89237 0.77968 2 
98.776 -40.889 8.92373 0.65831 2 
101.341 -40.889 8.83691 0.81645 2 
103.907 -40.889 8.66054 0.96363 2 
106.472 -40.889 8.75084 0.94378 2 
109.038 -40.889 8.65392 1.08022 2 
111.603 -40.889 8.47720 0.81835 2 
114.169 -40.889 8.63456 0.92678 2 
116.735 -40.889 8.78198 1.16320 2 
119.300 -40.889 0.00000 -0.00000 0 
-8.980 -43.455 8.03579 -0.93427 2 
-6.414 -43.455 7.95500 -0.84610 2 
-3.848 -43.455 7.89259 -0.82863 2 
-1.283 -43.455 8.02765 -0.89729 2 
1.283 -43.455 8.16227 -0.86504 2 
3.848 -43.455 8.12953 -0.84140 2 
6.414 -43.455 8.12048 -1.01504 2 
8.980 -43.455 8.37576 -0.91327 2 
11.545 -43.455 8.29192 -0.78860 2 
14.111 -43.455 8.32312 -0.90590 2 
16.676 -43.455 8.45499 -0.81463 2 
19.242 -43.455 8.49621 -0.96005 2 
21.808 -43.455 8.63055 -0.84423 2 
24.373 -43.455 8.63559 -0.82708 2 
26.939 -43.455 8.81288 -0.87167 2 
29.504 -43.455 8.68960 -0.82104 2 
32.070 -43.455 8.61952 -0.79121 2 
34.636 -43.455 8.82704 -0.61343 2 
37.201 -43.455 8.92947 -0.64958 2 
39.767 -43.455 8.80684 -0.59530 2 
42.332 -43.455 8.84547 -0.54736 2 
44.898 -43.455 8.98713 -0.51297 2 
47.464 -43.455 9.11597 -0.51809 2 
50.029 -43.455 8.81287 -0.47833 2 
52.595 -43.455 9.18920 -0.47376 2 
55.160 -43.455 9.10550 -0.43945 2 
57.726 -43.455 9.08556 -0.29026 2 
60.292 -43.455 9.15865 -0.15823 2 
62.857 -43.455 9.15244 -0.14874 2 
65.423 -43.455 9.06050 -0.04576 2 
67.988 -43.455 9.08218 -0.09111 2 
70.554 -43.455 9.05069 0.09307 2 
73.120 -43.455 9.20406 0.03049 2 
75.685 -43.455 9.06554 0.23606 2 
78.251 -43.455 9.10360 0.35163 2 
80.816 -43.455 9.14016 0.30373 2 
83.382 -43.455 8.89692 0.51854 2 
85.948 -43.455 8.99518 0.55482 2 
88.513 -43.455 9.02410 0.62777 2 
91.079 -43.455 9.11849 0.60345 2 
93.644 -43.455 8.92622 0.78704 2 
96.210 -43.455 8.92984 0.72765 2 
98.776 -43.455 8.95800 0.69931 2 
101.341 -43.455 8.74376 0.60364 2 
103.907 -43.455 8.84956 0.88731 2 
106.472 -43.455 8.70035 0.78257 2 
109.038 -43.455 8.66972 0.99479 2 
111.603 -43.455 8.69701 0.92031 2 
114.169 -43.455 8.33732 0.94223 2 
116.735 -43.455 8.85626 1.00312 2 
119.300 -43.455 0.00000 -0.00000 0 
-8.980 -46.020 7.75992 -0.77402 2 
-6.414 -46.020 8.01010 -0.71294 2 
-3.848 -46.020 7.98271 -0.78634 2 
-1.283 -46.020 8.11833 -0.83318 2 
1.283 -46.020 8.08612 -0.76257 2 
3.848 -46.020 8.26438 -0.86783 2 
6.414 -46.020 8.24998 -0.81326 2 
8.980 -46.020 8.40270 -0.76617 2 
11.545 -46.020 8.52200 -0.88603 2 
14.111 -46.020 8.41450 -0.91359 2 
16.676 -46.020 8.39406 -0.81948 2 
19.242 -46.020 8.58512 -0.73297 2 
21.808 -46.020 8.52029 -0.86537 2 
24.373 -46.020 8.68984 -0.83315 2 
26.939 -46.020 8.68645 -0.74289 2 
29.504 -46.020 8.69284 -0.66562 2 
32.070 -46.020 8.83635 -0.63052 2 
34.636 -46.020 8.86087 -0.85695 2 
37.201 -46.020 8.88555 -0.58232 2 
39.767 -46.020 8.78373 -0.73560 2 
42.332 -46.020 9.00803 -0.65751 2 
44.898 -46.020 8.92308 -0.55240 2 
47.464 -46.020 8.96753 -0.53429 2 
50.029 -46.020 8.99873 -0.47760 2 
52.595 -46.020 8.84306 -0.38733 2 
55.160 -46.020 8.99995 -0.22864 2 
57.726 -46.020 8.94131 -0.40062 2 
60.292 -46.020 9.04104 -0.33683 2 
62.857 -46.020 8.95029 -0.22767 2 
65.423 -46.020 9.07758 -0.08868 2 
67.988 -46.020 9.02223 -0.01302 2 
70.554 -46.020 9.18542 -0.06543 2 
73.120 -46.020 8.96770 0.12672 2 
75.685 -46.020 9.17594 0.15545 2 
78.251 -46.020 8.99848 0.16931 2 
80.816 -46.020 8.96434 0.30085 2 
83.382 -46.020 8.97507 0.48528 2 
85.948 -46.020 8.96152 0.47433 2 
88.513 -46.020 8.96898 0.42459 2 
91.079 -46.020 8.78194 0.51826 2 
93.644 -46.020 8.93272 0.69991 2 
96.210 -46.020 8.86417 0.55782 2 
98.776 -46.020 8.77680 0.70300 2 
101.341 -46.020 8.76706 0.77694 2 
103.907 -46.020 8.58421 0.59711 2 
106.472 -46.020 8.71592 0.86612 2 
109.038 -46.020 8.57870 0.71113 2 
111.603 -46.020 8.56298 0.85430 2 
114.169 -46.020 8.55670 0.80814 2 
116.735 -46.020 8.81751 0.92582 2 
119.300 -46.020 0.00000 -0.00000 0 
-8.980 -48.586 7.94326 -0.75527 2 
-6.414 -48.586 8.09769 -0.76716 2 
-3.848 -48.586 8.03346 -0.72545 2 
-1.283 -48.586 8.03037 -0.78787 2 
1.283 -48.586 8.10445 -0.73824 2 
3.848 -48.586 8.09439 -0.75541 2 
6.414 -48.586 8.18797 -0.73434 2 
8.980 -48.586 8.21339 -0.79305 2 
11.545 -48.586 8.33474 -0.77239 2 
14.111 -48.586 8.27853 -0.89147 2 
16.676 -48.586 8.44044 -0.68089 2 
19.242 -48.586 8.51052 -0.89041 2 
21.808 -48.586 8.67510 -0.79424 2 
24.373 -48.586 8.61238 -0.69411 2 
26.939 -48.586 8.63254 -0.72587 2 
29.504 -48.586 8.69517 -0.66565 2 
32.070 -48.586 8.63520 -0.70580 2 
34.636 -48.586 8.73896 -0.56366 2 
37.201 -48.586 8.82468 -0.71613 2 
39.767 -48.586 8.76125 -0.68345 2 
42.332 -48.586 8.85473 -0.62142 2 
44.898 -48.586 8.81392 -0.55098 2 
47.464 -48.586 8.94773 -0.37510 2 
50.029 -48.586 8.74144 -0.52287 2 
52.595 -48.586 8.99934 -0.46629 2 
55.160 -48.586 9.01915 -0.27338 2 
57.726 -48.586 8.97353 -0.17436 2 
60.292 -48.586 8.93381 -0.14507 2 
62.857 -48.586 9.05407 -0.03201 2 
65.423 -48.586 8.94391 -0.13953 2 
67.988 -48.586 9.08425 -0.07774 2 
70.554 -48.586 8.95467 0.10527 2 
73.120 -48.586 9.07776 0.29252 2 
75.685 -48.586 9.01893 0.01495 2 
78.251 -48.586 8.96944 0.23038 2 
80.816 -48.586 8.95635 0.35470 2 
83.382 -48.586 8.95211 0.20888 2 
85.948 -48.586 8.99188 0.49475 2 
88.513 -48.586 8.87283 0.55063 2 
91.079 -48.586 8.91332 0.60854 2 
93.644 -48.586 8.96440 0.62926 2 
96.210 -48.586 8.81079 0.60070 2 
98.776 -48.586 8.74027 0.74132 2 
101.341 -48.586 8.73727 0.77154 2 
103.907 -48.586 8.76241 0.71538 2 
106.472 -48.586 8.76493 0.70838 2 
109.038 -48.586 8.62295 0.76511 2 
111.603 -48.586 8.54713 0.69498 2 
114.169 -48.586 8.48881 0.71756 2 
116.735 -48.586 8.77875 0.84851 2 
119.300 -48.586 0.00000 -0.00000 0 
-8.980 -51.152 8.07121 -0.61210 2 
-6.414 -51.152 7.92744 -0.72671 2 
-3.848 -51.152 8.21227 -0.71343 2 
-1.283 -51.152 8.09322 -0.79361 2 
1.283 -51.152 8.18608 -0.83920 2 
3.848 -51.152 8.10437 -0.77997 2 
6.414 -51.152 8.23992 -0.88229 2 
8.980 -51.152 8.34183 -0.82975 2 
11.545 -51.152 8.36752 -0.71064 2 
14.111 -51.152 8.38557 -0.68106 2 
16.676 -51.152 8.47811 -0.73871 2 
19.242 -51.152 8.59068 -0.71702 2 
21.808 -51.152 8.47770 -0.68185 2 
24.373 -51.152 8.65272 -0.76531 2 
26.939 -51.152 8.66728 -0.64758 2 
29.504 -51.152 8.72633 -0.78726 2 
32.070 -51.152 8.64332 -0.63141 2 
34.636 -51.152 8.76074 -0.60387 2 
37.201 -51.152 8.78034 -0.65749 2 
39.767 -51.152 8.82886 -0.62319 2 
42.332 -51.152 8.81355 -0.51082 2 
44.898 -51.152 8.78279 -0.47792 2 
47.464 -51.152 8.99318 -0.37508 2 
50.029 -51.152 8.87273 -0.48810 2 
52.595 -51.152 8.98079 -0.27605 2 
55.160 -51.152 8.94681 -0.35660 2 
57.726 -51.152 8.98799 -0.28120 2 
60.292 -51.152 8.89869 -0.26480 2 
62.857 -51.152 8.91987 -0.17247 2 
65.423 -51.152 8.87572 -0.15568 2 
67.988 -51.152 9.02415 0.01207 2 
70.554 -51.152 8.92070 -0.11554 2 
73.120 -51.152 8.92653 -0.00124 2 
75.685 -51.152 8.78111 0.17846 2 
78.251 -51.152 9.01309 0.15076 2 
80.816 -51.152 8.90295 0.39343 2 
83.382 -51.152 8.91527 0.28253 2 
85.948 -51.152 8.90106 0.50227 2 
88.513 -51.152 8.87379 0.35727 2 
91.079 -51.152 8.83743 0.48582 2 
93.644 -51.152 8.74386 0.48183 2 
96.210 -51.152 8.74923 0.59544 2 
98.776 -51.152 8.77799 0.59618 2 
101.341 -51.152 8.72776 0.67797 2 
103.907 -51.152 8.61810 0.59835 2 
106.472 -51.152 8.49452 0.77845 2 
109.038 -51.152 8.47272 0.73109 2 
111.603 -51.152 8.44447 0.73541 2 
114.169 -51.152 8.48001 0.74729 2 
116.735 -51.152 8.73479 0.87518 2 
119.300 -51.152 0.00000 -0.00000 0 
-8.980 -53.717 8.04230 -0.73987 2 
-6.414 -53.717 8.18561 -0.69355 2 
-3.848 -53.717 8.01786 -0.72730 2 
-1.283 -53.717 8.06404 -0.71973 2 
1.283 -53.717 8.11969 -0.67670 2 
3.848 -53.717 8.34001 -0.85939 2 
6.414 -53.717 8.29892 -0.67400 2 
8.980 -53.717 8.36007 -0.80761 2 
11.545 -53.717 8.47456 -0.77601 2 
14.111 -53.717 8.47426 -0.66814 2 
16.676 -53.717 8.69425 -0.88394 2 
19.242 -53.717 8.63398 -0.74463 2 
21.808 -53.717 8.74467 -0.76690 2 
24.373 -53.717 8.52172 -0.85186 2 
26.939 -53.717 8.95690 -0.63041 2 
29.504 -53.717 8.79534 -0.61759 2 
32.070 -53.717 8.72904 -0.69594 2 
34.636 -53.717 8.90084 -0.71599 2 
37.201 -53.717 9.08208 -0.67851 2 
39.767 -53.717 8.98928 -0.70509 2 
42.332 -53.717 8.83311 -0.44342 2 
44.898 -53.717 8.89783 -0.77014 2 
47.464 -53.717 9.01069 -0.30352 2 
50.029 -53.717 8.95449 -0.39188 2 
52.595 -53.717 8.91098 -0.37952 2 
55.160 -53.717 9.18065 -0.22495 2 
57.726 -53.717 8.90215 -0.12313 2 
60.292 -53.717 8.97693 -0.34890 2 
62.857 -53.717 8.88917 -0.13352 2 
65.423 -53.717 8.87927 -0.03642 2 
67.988 -53.717 8.86949 -0.01486 2 
70.554 -53.717 8.96419 -0.12586 2 
73.120 -53.717 8.95787 0.19224 2 
75.685 -53.717 8.96645 0.21378 2 
78.251 -53.717 8.92172 0.17063 2 
80.816 -53.717 8.84148 0.19824 2 
83.382 -53.717 8.79588 0.44996 2 
85.948 -53.717 8.97443 0.45210 2 
88.513 -53.717 8.97498 0.58926 2 
91.079 -53.717 9.01728 0.72205 2 
93.644 -53.717 9.18014 0.56986 2 
96.210 -53.717 9.06049 0.71163 2 
98.776 -53.717 8.93028 0.63923 2 
101.341 -53.717 8.96776 0.66812 2 
103.907 -53.717 9.02901 0.77177 2 
106.472 -53.717 8.89182 0.77164 2 
109.038 -53.717 8.95087 0.73526 2 
111.603 -53.717 8.73662 0.70669 2 
114.169 -53.717 8.73301 0.75329 2 
116.735 -53.717 8.88602 0.75346 2 
119.300 -53.717 0.00000 -0.00000 0 
-8.980 -56.283 0.00000 -0.00000 0 
-6.414 -56.283 0.00000 -0.00000 0 
-3.848 -56.283 0.00000 -0.00000 0 
-1.283 -56.283 0.00000 -0.00000 0 
1.283 -56.283 0.00000 -0.00000 0 
3.848 -56.283 0.00000 -0.00000 0 
6.414 -56.283 0.00000 -0.00000 0 
8.980 -56.283 0.00000 -0.00000 0 
11.545 -56.283 0.00000 -0.00000 0 
14.111 -56.283 0.00000 -0.00000 0 
16.676 -56.283 0.00000 -0.00000 0 
19.242 -56.283 0.00000 -0.00000 0 
21.808 -56.283 0.00000 -0.00000 0 
24.373 -56.283 0.00000 -0.00000 0 
26.939 -56.283 0.00000 -0.00000 0 
29.504 -56.283 0.00000 -0.00000 0 
32.070 -56.283 0.00000 -0.00000 0 
34.636 -56.283 0.00000 -0.00000 0 
37.201 -56.283 0.00000 -0.00000 0 
39.767 -56.283 0.00000 -0.00000 0 
42.332 -56.283 0.00000 -0.00000 0 
44.898 -56.283 0.00000 -0.00000 0 
47.464 -56.283 0.00000 -0.00000 0 
50.029 -56.283 0.00000 -0.00000 0 
52.595 -56.283 0.00000 -0.00000 0 
55.160 -56.283 0.00000 -0.00000 0 
57.726 -56.283 9.02579 -0.14816 2 
60.292 -56.283 8.72971 -0.15640 2 
62.857 -56.283 8.73745 -0.10810 2 
65.423 -56.283 8.86103 -0.10451 2 
67.988 -56.283 8.89496 -0.06715 2 
70.554 -56.283 8.89505 0.05726 2 
73.120 -56.283 8.89166 -0.02645 2 
75.685 -56.283 8.93700 -0.15011 2 
78.251 -56.283 8.84114 0.09096 2 
80.816 -56.283 8.97342 0.24625 2 
83.382 -56.283 8.91740 0.29006 2 
85.948 -56.283 8.80033 0.14365 2 
88.513 -56.283 8.70388 0.17745 2 
91.079 -56.283 8.60743 0.21125 2 
93.644 -56.283 8.51098 0.24505 2 
96.210 -56.283 8.41452 0.27885 2 
98.776 -56.283 8.31807 0.31264 2 
101.341 -56.283 8.22162 0.34644 2 
103.907 -56.283 8.12516 0.38024 2 
106.472 -56.283 8.02871 0.41404 2 
109.038 -56.283 7.93226 0.44784 2 
111.603 -56.283 7.83581 0.48164 2 
114.169 -56.283 7.73935 0.51543 2 
116.735 -56.283 0.00000 -0.00000 0 
119.300 -56.283 0.00000 -0.00000 0 
