TITLE = "B00025"
VARIABLES = "X [mm]", "Y [mm]", "Vx [m/s]", "Vy [m/s]", "Flag"
ZONE T="Frame 1", I=51, J=39, F=POINT
-8.980 41.210 7.32294 0.24459 2 
-6.414 41.210 7.22697 0.30855 2 
-3.848 41.210 7.32535 0.38370 2 
-1.283 41.210 4.88357 0.25580 2 
1.283 41.210 2.44178 0.12790 2 
3.848 41.210 0.00000 -0.00000 0 
6.414 41.210 0.00000 -0.00000 0 
8.980 41.210 0.00000 -0.00000 0 
11.545 41.210 0.00000 -0.00000 0 
14.111 41.210 0.00000 -0.00000 0 
16.676 41.210 0.00000 -0.00000 0 
19.242 41.210 4.05197 0.28835 2 
21.808 41.210 8.10393 0.57670 2 
24.373 41.210 7.33087 0.79585 2 
26.939 41.210 7.45343 0.74969 2 
29.504 41.210 7.57599 0.70353 2 
32.070 41.210 7.63171 0.56544 2 
34.636 41.210 7.68882 0.59218 2 
37.201 41.210 7.74594 0.61893 2 
39.767 41.210 7.80306 0.64568 2 
42.332 41.210 7.82697 0.68893 2 
44.898 41.210 7.87634 0.71568 2 
47.464 41.210 7.92202 0.85502 2 
50.029 41.210 7.89485 0.85031 2 
52.595 41.210 8.13372 0.66878 2 
55.160 41.210 7.96486 1.03117 2 
57.726 41.210 8.15371 0.63738 2 
60.292 41.210 8.13244 0.87119 2 
62.857 41.210 8.23704 0.71012 2 
65.423 41.210 8.35823 0.87727 2 
67.988 41.210 8.30654 0.57951 2 
70.554 41.210 8.46811 0.67815 2 
73.120 41.210 8.51033 0.69652 2 
75.685 41.210 8.42303 0.55356 2 
78.251 41.210 8.71040 0.57321 2 
80.816 41.210 0.00000 0.00000 0 
83.382 41.210 8.67959 0.29169 2 
85.948 41.210 8.71607 0.19863 2 
88.513 41.210 8.70663 0.19144 2 
91.079 41.210 8.65519 0.10525 2 
93.644 41.210 8.60374 0.01906 2 
96.210 41.210 8.69981 -0.26976 2 
98.776 41.210 8.57064 -0.08448 2 
101.341 41.210 8.45342 -0.17713 2 
103.907 41.210 8.60166 -0.23593 2 
106.472 41.210 8.56786 -0.07353 2 
109.038 41.210 8.48312 -0.10314 2 
111.603 41.210 8.28435 -0.14878 2 
114.169 41.210 8.23937 -0.03119 2 
116.735 41.210 8.51721 -0.12360 2 
119.300 41.210 0.00000 -0.00000 0 
-8.980 38.644 7.06537 0.38468 2 
-6.414 38.644 7.15876 0.27161 2 
-3.848 38.644 7.27104 0.28800 2 
-1.283 38.644 7.32590 0.49891 2 
1.283 38.644 7.84284 0.40259 2 
3.848 38.644 0.00000 -0.00000 0 
6.414 38.644 0.00000 -0.00000 0 
8.980 38.644 0.00000 -0.00000 0 
11.545 38.644 0.00000 -0.00000 0 
14.111 38.644 0.00000 -0.00000 0 
16.676 38.644 0.00000 -0.00000 0 
19.242 38.644 3.89522 0.42809 2 
21.808 38.644 7.79045 0.85618 2 
24.373 38.644 7.25022 0.75904 2 
26.939 38.644 7.47662 0.71890 2 
29.504 38.644 7.37720 0.81384 2 
32.070 38.644 7.74160 0.80074 2 
34.636 38.644 7.47880 0.97134 2 
37.201 38.644 7.64287 0.98040 2 
39.767 38.644 7.55162 0.75520 2 
42.332 38.644 7.79533 1.08166 2 
44.898 38.644 7.98172 0.94469 2 
47.464 38.644 7.86241 0.95751 2 
50.029 38.644 7.95566 0.82354 2 
52.595 38.644 8.01655 0.89015 2 
55.160 38.644 8.16710 0.78782 2 
57.726 38.644 8.01770 0.65771 2 
60.292 38.644 8.21315 0.86197 2 
62.857 38.644 8.25682 0.81424 2 
65.423 38.644 8.32278 0.80892 2 
67.988 38.644 8.28212 0.77335 2 
70.554 38.644 8.50678 0.81959 2 
73.120 38.644 8.21108 0.71159 2 
75.685 38.644 8.81009 0.75712 2 
78.251 38.644 8.64698 0.60391 2 
80.816 38.644 0.00000 0.00000 0 
83.382 38.644 8.56981 0.32724 2 
85.948 38.644 8.63802 0.49970 2 
88.513 38.644 8.58786 0.33999 2 
91.079 38.644 8.87052 0.29664 2 
93.644 38.644 8.73865 0.21222 2 
96.210 38.644 8.66029 -0.01502 2 
98.776 38.644 8.82250 0.20265 2 
101.341 38.644 8.59433 -0.14510 2 
103.907 38.644 8.52826 -0.25531 2 
106.472 38.644 8.55236 -0.35013 2 
109.038 38.644 8.43984 -0.36247 2 
111.603 38.644 8.68043 -0.31964 2 
114.169 38.644 8.26543 -0.42140 2 
116.735 38.644 8.60662 -0.14989 2 
119.300 38.644 0.00000 -0.00000 0 
-8.980 36.079 7.03215 0.30498 2 
-6.414 36.079 7.32578 0.31598 2 
-3.848 36.079 7.14113 0.38428 2 
-1.283 36.079 7.16056 0.28432 2 
1.283 36.079 7.46456 0.48644 2 
3.848 36.079 0.00000 -0.00000 0 
6.414 36.079 0.00000 -0.00000 0 
8.980 36.079 0.00000 -0.00000 0 
11.545 36.079 0.00000 -0.00000 0 
14.111 36.079 0.00000 -0.00000 0 
16.676 36.079 0.00000 -0.00000 0 
19.242 36.079 0.99157 0.41997 2 
21.808 36.079 7.91976 0.81096 2 
24.373 36.079 7.42904 0.88727 2 
26.939 36.079 7.50443 0.96653 2 
29.504 36.079 7.44927 0.94053 2 
32.070 36.079 7.40545 0.85289 2 
34.636 36.079 7.67880 0.88717 2 
37.201 36.079 7.58675 0.90524 2 
39.767 36.079 7.83988 0.95399 2 
42.332 36.079 7.76948 0.98014 2 
44.898 36.079 7.70891 0.92944 2 
47.464 36.079 7.92016 0.81476 2 
50.029 36.079 8.26866 0.86987 2 
52.595 36.079 8.08453 1.03637 2 
55.160 36.079 8.08562 0.79001 2 
57.726 36.079 8.26897 1.15091 2 
60.292 36.079 8.29649 0.87202 2 
62.857 36.079 8.32238 0.81404 2 
65.423 36.079 8.38753 0.75475 2 
67.988 36.079 8.37081 0.82597 2 
70.554 36.079 8.62185 0.85578 2 
73.120 36.079 8.71141 0.86049 2 
75.685 36.079 8.47501 0.51302 2 
78.251 36.079 8.61023 0.75167 2 
80.816 36.079 0.00000 0.00000 0 
83.382 36.079 8.46003 0.36278 2 
85.948 36.079 8.81574 0.32553 2 
88.513 36.079 8.73988 0.52001 2 
91.079 36.079 8.59116 0.31839 2 
93.644 36.079 8.97427 0.06818 2 
96.210 36.079 8.73890 0.04640 2 
98.776 36.079 8.71204 -0.13288 2 
101.341 36.079 8.75285 -0.12711 2 
103.907 36.079 8.66789 -0.36689 2 
106.472 36.079 8.61267 -0.14991 2 
109.038 36.079 8.80051 -0.28001 2 
111.603 36.079 8.17190 -0.28615 2 
114.169 36.079 8.36761 -0.38224 2 
116.735 36.079 8.67729 -0.31124 2 
119.300 36.079 0.00000 -0.00000 0 
-8.980 33.513 7.20267 0.32767 2 
-6.414 33.513 7.10955 0.29930 2 
-3.848 33.513 7.10137 0.44921 2 
-1.283 33.513 7.07851 0.37615 2 
1.283 33.513 7.44353 0.55077 2 
3.848 33.513 0.00000 -0.00000 0 
6.414 33.513 0.00000 -0.00000 0 
8.980 33.513 0.00000 -0.00000 0 
11.545 33.513 0.00000 -0.00000 0 
14.111 33.513 0.00000 -0.00000 0 
16.676 33.513 0.00000 -0.00000 0 
19.242 33.513 -0.19443 -0.04992 2 
21.808 33.513 7.71715 0.84973 2 
24.373 33.513 7.16991 0.77616 2 
26.939 33.513 7.47791 0.95145 2 
29.504 33.513 7.38385 0.85189 2 
32.070 33.513 7.37084 1.12321 2 
34.636 33.513 7.68756 0.96355 2 
37.201 33.513 7.43867 1.09500 2 
39.767 33.513 7.73050 0.92570 2 
42.332 33.513 7.81494 1.03029 2 
44.898 33.513 7.79235 1.07578 2 
47.464 33.513 7.97187 0.79138 2 
50.029 33.513 7.82121 1.01472 2 
52.595 33.513 7.90094 1.11646 2 
55.160 33.513 8.26484 1.17145 2 
57.726 33.513 8.12709 0.72256 2 
60.292 33.513 8.40432 0.74378 2 
62.857 33.513 8.18012 0.95629 2 
65.423 33.513 8.42963 0.77479 2 
67.988 33.513 8.45821 0.87361 2 
70.554 33.513 8.38017 0.74183 2 
73.120 33.513 8.75451 0.96982 2 
75.685 33.513 8.62521 0.82469 2 
78.251 33.513 8.82402 0.55371 2 
80.816 33.513 0.00000 0.00000 0 
83.382 33.513 8.70216 0.45411 2 
85.948 33.513 8.75080 0.43930 2 
88.513 33.513 8.93436 0.47297 2 
91.079 33.513 8.84430 0.23932 2 
93.644 33.513 8.74839 0.13937 2 
96.210 33.513 8.80151 0.00393 2 
98.776 33.513 8.78525 -0.30379 2 
101.341 33.513 8.71493 -0.40913 2 
103.907 33.513 8.87976 -0.17875 2 
106.472 33.513 8.58164 -0.51847 2 
109.038 33.513 8.53626 -0.41709 2 
111.603 33.513 8.49239 -0.77319 2 
114.169 33.513 8.16765 -0.52293 2 
116.735 33.513 8.42239 -0.97411 2 
119.300 33.513 0.00000 -0.00000 0 
-8.980 30.948 7.12768 0.27144 2 
-6.414 30.948 7.19649 0.22506 2 
-3.848 30.948 7.15980 0.32227 2 
-1.283 30.948 7.04979 0.48033 2 
1.283 30.948 7.59868 0.38936 2 
3.848 30.948 0.00000 -0.00000 0 
6.414 30.948 0.00000 -0.00000 0 
8.980 30.948 0.00000 -0.00000 0 
11.545 30.948 0.00000 -0.00000 0 
14.111 30.948 0.00000 -0.00000 0 
16.676 30.948 0.00000 -0.00000 0 
19.242 30.948 3.92471 0.40107 2 
21.808 30.948 7.84942 0.80215 2 
24.373 30.948 7.31810 0.97878 2 
26.939 30.948 7.38726 0.95849 2 
29.504 30.948 7.53902 1.07395 2 
32.070 30.948 7.41190 0.97965 2 
34.636 30.948 7.55609 0.98248 2 
37.201 30.948 7.60017 1.03559 2 
39.767 30.948 7.62575 0.97602 2 
42.332 30.948 7.68446 1.05014 2 
44.898 30.948 7.95290 1.12264 2 
47.464 30.948 7.81121 0.95780 2 
50.029 30.948 7.87633 1.11674 2 
52.595 30.948 8.04987 1.01595 2 
55.160 30.948 8.13007 0.90823 2 
57.726 30.948 8.32579 1.00784 2 
60.292 30.948 8.09739 0.94866 2 
62.857 30.948 8.53644 0.89060 2 
65.423 30.948 8.52426 1.06367 2 
67.988 30.948 8.49668 0.85914 2 
70.554 30.948 8.69856 0.91446 2 
73.120 30.948 8.69910 0.90373 2 
75.685 30.948 8.71056 0.66599 2 
78.251 30.948 8.61865 0.85005 2 
80.816 30.948 0.00000 0.00000 0 
83.382 30.948 8.79724 0.53922 2 
85.948 30.948 8.86482 0.54721 2 
88.513 30.948 9.06177 0.30169 2 
91.079 30.948 8.81828 0.36971 2 
93.644 30.948 9.02749 0.20828 2 
96.210 30.948 8.94178 -0.09593 2 
98.776 30.948 8.95378 -0.19745 2 
101.341 30.948 8.87185 -0.32430 2 
103.907 30.948 8.80434 -0.52887 2 
106.472 30.948 8.77166 -0.52329 2 
109.038 30.948 8.49302 -0.75890 2 
111.603 30.948 8.34763 -0.47296 2 
114.169 30.948 8.15939 -0.64040 2 
116.735 30.948 8.39814 -0.57039 2 
119.300 30.948 0.00000 -0.00000 0 
-8.980 28.382 7.05270 0.21521 2 
-6.414 28.382 6.98647 0.41813 2 
-3.848 28.382 7.06491 0.44198 2 
-1.283 28.382 6.93859 0.41360 2 
1.283 28.382 7.10761 0.49847 2 
3.848 28.382 7.79105 0.50481 2 
6.414 28.382 0.00000 -0.00000 0 
8.980 28.382 0.00000 -0.00000 0 
11.545 28.382 0.00000 -0.00000 0 
14.111 28.382 0.00000 -0.00000 0 
16.676 28.382 2.23036 0.27170 2 
19.242 28.382 5.46262 0.70902 2 
21.808 28.382 7.46641 1.04025 2 
24.373 28.382 7.18666 0.85895 2 
26.939 28.382 7.34086 0.99045 2 
29.504 28.382 7.42558 0.97318 2 
32.070 28.382 7.48985 1.20356 2 
34.636 28.382 7.48389 1.04854 2 
37.201 28.382 7.69093 1.18782 2 
39.767 28.382 7.68101 1.23788 2 
42.332 28.382 7.76293 0.92627 2 
44.898 28.382 7.78493 1.10275 2 
47.464 28.382 8.00512 1.15390 2 
50.029 28.382 8.03404 1.08347 2 
52.595 28.382 7.84092 1.11502 2 
55.160 28.382 8.10672 1.02115 2 
57.726 28.382 8.25062 1.27767 2 
60.292 28.382 8.39537 0.97804 2 
62.857 28.382 8.48172 0.98443 2 
65.423 28.382 8.49386 1.04629 2 
67.988 28.382 8.46452 1.02627 2 
70.554 28.382 8.69010 0.86263 2 
73.120 28.382 8.68645 0.77765 2 
75.685 28.382 8.72062 0.92884 2 
78.251 28.382 8.76459 0.62653 2 
80.816 28.382 8.74173 0.58880 2 
83.382 28.382 8.82666 0.61893 2 
85.948 28.382 8.91160 0.64906 2 
88.513 28.382 8.92484 0.20162 2 
91.079 28.382 9.24975 0.40432 2 
93.644 28.382 9.05775 0.04549 2 
96.210 28.382 9.04685 -0.08481 2 
98.776 28.382 9.00706 -0.17035 2 
101.341 28.382 8.97308 -0.29510 2 
103.907 28.382 9.00843 -0.52361 2 
106.472 28.382 8.62119 -0.74236 2 
109.038 28.382 8.60065 -0.73989 2 
111.603 28.382 8.39867 -0.79325 2 
114.169 28.382 8.31619 -0.66652 2 
116.735 28.382 8.44682 -0.46848 2 
119.300 28.382 0.00000 -0.00000 0 
-8.980 25.816 7.14568 0.24601 2 
-6.414 25.816 7.02980 0.12705 2 
-3.848 25.816 6.96779 0.36059 2 
-1.283 25.816 7.03445 0.36721 2 
1.283 25.816 6.94296 0.55921 2 
3.848 25.816 7.35509 0.45552 2 
6.414 25.816 0.00000 -0.00000 0 
8.980 25.816 0.00000 -0.00000 0 
11.545 25.816 0.00000 -0.00000 0 
14.111 25.816 0.00000 -0.00000 0 
16.676 25.816 4.46072 0.54340 2 
19.242 25.816 8.92145 1.08680 2 
21.808 25.816 7.17289 1.06055 2 
24.373 25.816 7.14366 0.96229 2 
26.939 25.816 7.42029 1.09077 2 
29.504 25.816 7.19389 1.12850 2 
32.070 25.816 7.37442 1.18172 2 
34.636 25.816 7.45004 1.10976 2 
37.201 25.816 7.46725 1.05192 2 
39.767 25.816 7.71546 1.02359 2 
42.332 25.816 7.81370 1.24937 2 
44.898 25.816 7.74364 1.22140 2 
47.464 25.816 7.88787 1.22299 2 
50.029 25.816 7.89156 1.06757 2 
52.595 25.816 8.28828 1.22280 2 
55.160 25.816 8.18390 1.24610 2 
57.726 25.816 8.35218 1.10396 2 
60.292 25.816 8.37515 1.25951 2 
62.857 25.816 8.61145 1.08420 2 
65.423 25.816 8.50385 0.99277 2 
67.988 25.816 8.58171 1.07706 2 
70.554 25.816 8.59070 0.97863 2 
73.120 25.816 8.73902 0.83052 2 
75.685 25.816 8.67830 0.90151 2 
78.251 25.816 9.05995 0.83968 2 
80.816 25.816 8.82597 0.85765 2 
83.382 25.816 0.00000 0.00000 0 
85.948 25.816 8.98580 0.59217 2 
88.513 25.816 9.08794 0.69050 2 
91.079 25.816 9.15266 0.22975 2 
93.644 25.816 9.32185 0.25022 2 
96.210 25.816 9.29228 -0.03164 2 
98.776 25.816 9.39543 -0.06540 2 
101.341 25.816 9.16664 -0.51576 2 
103.907 25.816 9.07483 -0.58757 2 
106.472 25.816 9.05902 -0.92347 2 
109.038 25.816 8.54899 -0.92687 2 
111.603 25.816 8.22203 -1.12830 2 
114.169 25.816 7.88672 -0.76233 2 
116.735 25.816 8.41861 -0.67582 2 
119.300 25.816 0.00000 -0.00000 0 
-8.980 23.251 6.86307 0.27988 2 
-6.414 23.251 7.06288 0.38701 2 
-3.848 23.251 6.83641 0.27719 2 
-1.283 23.251 6.91611 0.50157 2 
1.283 23.251 6.76605 0.54885 2 
3.848 23.251 7.22882 0.44563 2 
6.414 23.251 0.00000 -0.00000 0 
8.980 23.251 0.00000 -0.00000 0 
11.545 23.251 0.00000 -0.00000 0 
14.111 23.251 0.00000 -0.00000 0 
16.676 23.251 3.91693 0.54543 2 
19.242 23.251 7.83386 1.09086 2 
21.808 23.251 6.93840 1.07148 2 
24.373 23.251 7.12113 1.10690 2 
26.939 23.251 7.28153 1.13292 2 
29.504 23.251 7.33051 1.09755 2 
32.070 23.251 7.57590 1.22930 2 
34.636 23.251 7.40518 1.14013 2 
37.201 23.251 7.65088 1.35536 2 
39.767 23.251 7.73227 1.29521 2 
42.332 23.251 7.54754 1.29826 2 
44.898 23.251 7.95795 1.24795 2 
47.464 23.251 8.03627 1.31678 2 
50.029 23.251 7.96792 1.17620 2 
52.595 23.251 7.94362 1.33761 2 
55.160 23.251 8.42817 1.21582 2 
57.726 23.251 8.07992 1.29559 2 
60.292 23.251 8.18751 1.34532 2 
62.857 23.251 8.49974 1.06624 2 
65.423 23.251 8.33595 1.06361 2 
67.988 23.251 8.56827 1.15904 2 
70.554 23.251 8.52700 1.08681 2 
73.120 23.251 8.96584 0.86734 2 
75.685 23.251 9.32804 0.84760 2 
78.251 23.251 9.07163 1.02243 2 
80.816 23.251 9.03286 0.87006 2 
83.382 23.251 0.00000 0.00000 0 
85.948 23.251 7.72733 0.68173 2 
88.513 23.251 9.50587 0.40887 2 
91.079 23.251 9.60300 0.27402 2 
93.644 23.251 9.31559 0.27305 2 
96.210 23.251 9.43677 -0.05744 2 
98.776 23.251 9.62223 -0.24581 2 
101.341 23.251 9.57991 -0.55344 2 
103.907 23.251 9.68105 -0.75204 2 
106.472 23.251 8.98048 -1.24680 2 
109.038 23.251 8.66392 -1.31275 2 
111.603 23.251 8.19234 -1.37755 2 
114.169 23.251 7.73451 -1.08298 2 
116.735 23.251 7.74553 -1.05397 2 
119.300 23.251 0.00000 -0.00000 0 
-8.980 20.685 6.99573 0.13624 2 
-6.414 20.685 6.91771 0.19057 2 
-3.848 20.685 6.94858 0.26636 2 
-1.283 20.685 6.86362 0.28785 2 
1.283 20.685 6.71224 0.38400 2 
3.848 20.685 7.13826 0.48766 2 
6.414 20.685 0.00000 -0.00000 0 
8.980 20.685 0.00000 -0.00000 0 
11.545 20.685 0.00000 -0.00000 0 
14.111 20.685 0.00000 -0.00000 0 
16.676 20.685 -0.83111 0.65260 2 
19.242 20.685 7.22554 1.20805 2 
21.808 20.685 7.06346 0.99138 2 
24.373 20.685 7.12585 1.27205 2 
26.939 20.685 7.15549 1.19658 2 
29.504 20.685 7.35554 1.38489 2 
32.070 20.685 7.33432 1.24860 2 
34.636 20.685 7.51361 1.30630 2 
37.201 20.685 7.45135 1.30061 2 
39.767 20.685 7.61855 1.44179 2 
42.332 20.685 7.74541 1.31431 2 
44.898 20.685 7.86196 1.31458 2 
47.464 20.685 7.97110 1.36395 2 
50.029 20.685 7.89103 1.39307 2 
52.595 20.685 8.11782 1.29026 2 
55.160 20.685 8.12563 1.33786 2 
57.726 20.685 8.45272 1.11094 2 
60.292 20.685 8.19710 1.36255 2 
62.857 20.685 8.49880 1.19494 2 
65.423 20.685 9.04004 1.22821 2 
67.988 20.685 8.84231 1.12325 2 
70.554 20.685 8.88600 1.09324 2 
73.120 20.685 9.03592 1.11196 2 
75.685 20.685 4.66402 0.42380 2 
78.251 20.685 9.57485 1.14364 2 
80.816 20.685 9.31774 1.07253 2 
83.382 20.685 0.00000 0.00000 0 
85.948 20.685 0.00000 0.00000 0 
88.513 20.685 0.00000 0.00000 0 
91.079 20.685 9.50263 -0.05371 2 
93.644 20.685 9.79158 0.12041 2 
96.210 20.685 9.43303 -0.02332 2 
98.776 20.685 9.79169 -0.28726 2 
101.341 20.685 10.14217 -0.57997 2 
103.907 20.685 10.08562 -0.94811 2 
106.472 20.685 9.41047 -1.62196 2 
109.038 20.685 8.95529 -2.03678 2 
111.603 20.685 8.08202 -2.05629 2 
114.169 20.685 7.29377 -1.46760 2 
116.735 20.685 7.43053 -0.68126 2 
119.300 20.685 0.00000 -0.00000 0 
-8.980 18.120 6.98236 0.00416 2 
-6.414 18.120 6.80420 0.26874 2 
-3.848 18.120 6.91421 0.31155 2 
-1.283 18.120 6.84797 0.36362 2 
1.283 18.120 6.75129 0.46208 2 
3.848 18.120 6.89669 0.40726 2 
6.414 18.120 0.00000 -0.00000 0 
8.980 18.120 0.00000 -0.00000 0 
11.545 18.120 0.00000 -0.00000 0 
14.111 18.120 0.00000 -0.00000 0 
16.676 18.120 0.08369 0.43735 2 
19.242 18.120 7.60723 1.21454 2 
21.808 18.120 6.76338 1.14311 2 
24.373 18.120 7.05888 1.14880 2 
26.939 18.120 7.20289 1.40610 2 
29.504 18.120 7.26357 1.49254 2 
32.070 18.120 7.20037 1.73756 2 
34.636 18.120 7.58159 1.35044 2 
37.201 18.120 7.46134 1.49012 2 
39.767 18.120 7.73536 1.26348 2 
42.332 18.120 7.79834 1.60607 2 
44.898 18.120 7.64453 1.37081 2 
47.464 18.120 7.87890 1.49778 2 
50.029 18.120 7.98818 1.49010 2 
52.595 18.120 8.15433 1.30723 2 
55.160 18.120 8.73175 1.43123 2 
57.726 18.120 8.39846 1.27873 2 
60.292 18.120 8.72315 1.39133 2 
62.857 18.120 8.67607 1.68523 2 
65.423 18.120 9.69251 1.13510 2 
67.988 18.120 0.00000 -0.00000 0 
70.554 18.120 0.00000 -0.00000 0 
73.120 18.120 0.00000 -0.00000 0 
75.685 18.120 0.00000 -0.00000 0 
78.251 18.120 0.00000 -0.00000 0 
80.816 18.120 0.00000 -0.00000 0 
83.382 18.120 0.00000 0.00000 0 
85.948 18.120 3.13702 0.84170 2 
88.513 18.120 3.40207 0.75296 2 
91.079 18.120 10.90064 1.06001 2 
93.644 18.120 10.29030 -0.20586 2 
96.210 18.120 10.00792 -0.36514 2 
98.776 18.120 10.18044 -0.60157 2 
101.341 18.120 9.95855 -0.92062 2 
103.907 18.120 10.50060 -0.88856 2 
106.472 18.120 7.46747 -1.53645 2 
109.038 18.120 6.80427 -2.65376 2 
111.603 18.120 7.22035 -2.60307 2 
114.169 18.120 6.65144 -2.05859 2 
116.735 18.120 6.61155 -0.55513 2 
119.300 18.120 0.00000 -0.00000 0 
-8.980 15.554 6.91124 -0.06762 2 
-6.414 15.554 6.78880 0.16177 2 
-3.848 15.554 6.68793 0.12289 2 
-1.283 15.554 6.61463 0.33649 2 
1.283 15.554 6.62027 0.43024 2 
3.848 15.554 6.82227 0.41954 2 
6.414 15.554 0.00000 -0.00000 0 
8.980 15.554 0.00000 -0.00000 0 
11.545 15.554 0.00000 -0.00000 0 
14.111 15.554 0.00000 -0.00000 0 
16.676 15.554 -0.20681 1.08050 2 
19.242 15.554 7.76248 1.37689 2 
21.808 15.554 6.86862 1.32063 2 
24.373 15.554 7.01131 1.57888 2 
26.939 15.554 7.06528 1.34216 2 
29.504 15.554 7.19089 1.63573 2 
32.070 15.554 7.32233 1.67825 2 
34.636 15.554 7.42176 1.40100 2 
37.201 15.554 7.39151 1.71776 2 
39.767 15.554 7.71447 1.59611 2 
42.332 15.554 7.86728 1.70907 2 
44.898 15.554 8.14820 1.36292 2 
47.464 15.554 8.20552 1.21261 2 
50.029 15.554 8.48451 1.26632 2 
52.595 15.554 8.37237 1.35832 2 
55.160 15.554 0.00000 -0.00000 0 
57.726 15.554 0.00000 -0.00000 0 
60.292 15.554 0.00000 -0.00000 0 
62.857 15.554 0.00000 -0.00000 0 
65.423 15.554 0.00000 -0.00000 0 
67.988 15.554 0.00000 -0.00000 0 
70.554 15.554 0.00000 -0.00000 0 
73.120 15.554 0.00000 -0.00000 0 
75.685 15.554 0.00000 -0.00000 0 
78.251 15.554 0.00000 -0.00000 0 
80.816 15.554 -0.17004 -0.26149 2 
83.382 15.554 1.38858 0.48233 2 
85.948 15.554 -0.19483 0.91210 2 
88.513 15.554 0.35018 0.92501 2 
91.079 15.554 1.17394 0.45765 2 
93.644 15.554 3.71884 -0.04754 2 
96.210 15.554 5.26624 -0.09255 2 
98.776 15.554 3.95004 -0.05741 2 
101.341 15.554 7.82092 -0.85627 2 
103.907 15.554 6.67269 -1.15360 2 
106.472 15.554 5.52447 -1.45094 2 
109.038 15.554 4.65325 -3.27074 2 
111.603 15.554 5.20039 -3.06944 2 
114.169 15.554 5.74752 -2.86813 2 
116.735 15.554 5.01089 -1.49177 2 
119.300 15.554 4.06855 0.06669 2 
-8.980 12.988 6.90519 -0.07108 2 
-6.414 12.988 6.71952 -0.03449 2 
-3.848 12.988 6.61627 0.08771 2 
-1.283 12.988 6.68572 0.14682 2 
1.283 12.988 6.50369 0.28106 2 
3.848 12.988 6.58230 0.40954 2 
6.414 12.988 0.00000 -0.00000 0 
8.980 12.988 0.00000 -0.00000 0 
11.545 12.988 0.00000 -0.00000 0 
14.111 12.988 0.00000 -0.00000 0 
16.676 12.988 0.07624 1.31722 2 
19.242 12.988 3.69077 1.45819 2 
21.808 12.988 7.30530 1.59915 2 
24.373 12.988 6.93580 1.47269 2 
26.939 12.988 7.12091 1.64070 2 
29.504 12.988 7.80358 1.80931 2 
32.070 12.988 7.60458 1.80884 2 
34.636 12.988 7.84107 1.49372 2 
37.201 12.988 7.96475 1.39156 2 
39.767 12.988 3.85723 0.79806 2 
42.332 12.988 0.00000 -0.00000 0 
44.898 12.988 0.00000 -0.00000 0 
47.464 12.988 0.00000 -0.00000 0 
50.029 12.988 0.00000 -0.00000 0 
52.595 12.988 0.00000 -0.00000 0 
55.160 12.988 0.00000 -0.00000 0 
57.726 12.988 0.00000 -0.00000 0 
60.292 12.988 0.00000 -0.00000 0 
62.857 12.988 0.00000 -0.00000 0 
65.423 12.988 0.00000 -0.00000 0 
67.988 12.988 0.00000 -0.00000 0 
70.554 12.988 0.00000 -0.00000 0 
73.120 12.988 0.00000 -0.00000 0 
75.685 12.988 -0.57136 -0.00884 2 
78.251 12.988 -1.28123 0.02494 2 
80.816 12.988 -2.64065 0.05898 2 
83.382 12.988 -1.26674 0.55688 2 
85.948 12.988 -1.29562 1.26329 2 
88.513 12.988 -0.95584 0.90108 2 
91.079 12.988 -0.72347 1.65652 2 
93.644 12.988 0.23664 0.45437 2 
96.210 12.988 0.52456 0.18003 2 
98.776 12.988 -2.28036 0.48675 2 
101.341 12.988 1.30767 1.35522 2 
103.907 12.988 -0.28203 1.62647 2 
106.472 12.988 -1.87173 1.89773 2 
109.038 12.988 1.08915 -3.23921 2 
111.603 12.988 2.01504 -3.17037 2 
114.169 12.988 2.94093 -3.10153 2 
116.735 12.988 1.58322 -2.44054 2 
119.300 12.988 2.12557 -2.30861 2 
-8.980 10.423 6.78832 -0.14121 2 
-6.414 10.423 6.62659 -0.14216 2 
-3.848 10.423 6.56356 0.04819 2 
-1.283 10.423 6.50603 0.08399 2 
1.283 10.423 6.23791 0.16540 2 
3.848 10.423 6.49469 0.37785 2 
6.414 10.423 2.13569 0.11539 2 
8.980 10.423 0.00000 -0.00000 0 
11.545 10.423 0.00000 -0.00000 0 
14.111 10.423 0.00000 -0.00000 0 
16.676 10.423 0.05083 0.87815 2 
19.242 10.423 0.03812 0.65861 2 
21.808 10.423 3.65265 0.79958 2 
24.373 10.423 7.61228 1.82039 2 
26.939 10.423 7.95080 1.81314 2 
29.504 10.423 6.50517 1.67324 2 
32.070 10.423 0.00000 -0.00000 0 
34.636 10.423 0.00000 -0.00000 0 
37.201 10.423 0.00000 -0.00000 0 
39.767 10.423 0.00000 -0.00000 0 
42.332 10.423 0.00000 -0.00000 0 
44.898 10.423 0.00000 -0.00000 0 
47.464 10.423 0.00000 -0.00000 0 
50.029 10.423 0.00000 -0.00000 0 
52.595 10.423 0.00000 -0.00000 0 
55.160 10.423 0.00000 -0.00000 0 
57.726 10.423 0.00000 -0.00000 0 
60.292 10.423 0.00000 -0.00000 0 
62.857 10.423 0.00000 -0.00000 0 
65.423 10.423 0.00000 -0.00000 0 
67.988 10.423 -0.69206 -0.27949 2 
70.554 10.423 -0.98214 -0.45500 2 
73.120 10.423 -2.41826 -0.51251 2 
75.685 10.423 -2.73226 -0.43566 2 
78.251 10.423 -2.56245 0.04989 2 
80.816 10.423 -2.12751 -0.59419 2 
83.382 10.423 -2.37650 -0.09298 2 
85.948 10.423 -1.15645 0.78144 2 
88.513 10.423 -0.89713 0.84824 2 
91.079 10.423 -0.79358 1.59779 2 
93.644 10.423 -1.24239 0.85639 2 
96.210 10.423 0.29562 1.27330 2 
98.776 10.423 -0.89938 1.68062 2 
101.341 10.423 -1.11964 1.72866 2 
103.907 10.423 -1.72866 0.43497 2 
106.472 10.423 0.45049 1.07323 2 
109.038 10.423 -0.84471 0.56725 2 
111.603 10.423 -2.13991 0.06127 2 
114.169 10.423 2.28087 0.43997 2 
116.735 10.423 2.69753 -1.49577 2 
119.300 10.423 0.88356 -1.57996 2 
-8.980 7.857 6.72309 -0.28959 2 
-6.414 7.857 6.62208 -0.20361 2 
-3.848 7.857 6.39253 -0.03681 2 
-1.283 7.857 6.32392 -0.12630 2 
1.283 7.857 6.03137 0.00089 2 
3.848 7.857 6.40708 0.34616 2 
6.414 7.857 3.20354 0.17308 2 
8.980 7.857 0.00000 -0.00000 0 
11.545 7.857 0.00000 -0.00000 0 
14.111 7.857 0.00000 -0.00000 2 
16.676 7.857 0.02541 0.43907 2 
19.242 7.857 0.01906 0.32931 2 
21.808 7.857 0.00000 -0.00000 0 
24.373 7.857 0.00000 -0.00000 0 
26.939 7.857 0.00000 -0.00000 0 
29.504 7.857 0.00000 -0.00000 0 
32.070 7.857 0.00000 -0.00000 0 
34.636 7.857 0.00000 -0.00000 0 
37.201 7.857 0.00000 -0.00000 0 
39.767 7.857 0.00000 -0.00000 0 
42.332 7.857 0.00000 -0.00000 0 
44.898 7.857 0.00000 -0.00000 0 
47.464 7.857 0.00000 -0.00000 0 
50.029 7.857 0.00000 -0.00000 0 
52.595 7.857 0.00000 -0.00000 0 
55.160 7.857 0.00000 -0.00000 0 
57.726 7.857 0.00000 -0.00000 0 
60.292 7.857 -0.71504 -0.06164 2 
62.857 7.857 -0.73388 -0.04960 2 
65.423 7.857 -0.02513 -0.35474 2 
67.988 7.857 -1.38413 -0.55899 2 
70.554 7.857 -2.74312 -0.76324 2 
73.120 7.857 -2.49877 -0.66632 2 
75.685 7.857 -2.52300 -0.59681 2 
78.251 7.857 -2.25431 -0.40757 2 
80.816 7.857 -1.63421 -0.24072 2 
83.382 7.857 -1.14652 0.17715 2 
85.948 7.857 -1.01728 0.29959 2 
88.513 7.857 -0.07853 0.38786 2 
91.079 7.857 -0.70582 1.40762 2 
93.644 7.857 -1.46802 1.15865 2 
96.210 7.857 0.98357 1.41485 2 
98.776 7.857 -1.68346 1.34505 2 
101.341 7.857 -1.40106 1.73319 2 
103.907 7.857 -1.55988 0.35893 2 
106.472 7.857 -1.90646 1.49583 2 
109.038 7.857 -1.45285 0.73761 2 
111.603 7.857 -0.99923 -0.02061 2 
114.169 7.857 -1.73169 -0.26188 2 
116.735 7.857 -1.61830 -0.68966 2 
119.300 7.857 -0.35844 -0.85130 2 
-8.980 5.292 6.55044 -0.45354 2 
-6.414 5.292 6.55848 -0.31163 2 
-3.848 5.292 6.54861 -0.36193 2 
-1.283 5.292 6.21871 -0.28001 2 
1.283 5.292 5.88644 -0.15514 2 
3.848 5.292 6.15805 0.04160 2 
6.414 5.292 3.07902 0.02080 2 
8.980 5.292 0.00000 -0.00000 0 
11.545 5.292 0.00000 -0.00000 0 
14.111 5.292 0.00000 -0.00000 0 
16.676 5.292 0.00000 -0.00000 0 
19.242 5.292 0.00000 -0.00000 0 
21.808 5.292 0.00000 -0.00000 0 
24.373 5.292 0.00000 -0.00000 0 
26.939 5.292 0.00000 -0.00000 0 
29.504 5.292 0.00000 -0.00000 0 
32.070 5.292 0.00000 -0.00000 0 
34.636 5.292 0.00000 -0.00000 0 
37.201 5.292 0.00000 -0.00000 0 
39.767 5.292 0.00000 -0.00000 0 
42.332 5.292 0.00000 -0.00000 0 
44.898 5.292 0.00000 -0.00000 0 
47.464 5.292 0.00000 -0.00000 0 
50.029 5.292 0.00000 -0.00000 0 
52.595 5.292 -0.18476 -0.12546 2 
55.160 5.292 -0.28936 -0.15774 2 
57.726 5.292 -0.57242 -0.40060 2 
60.292 5.292 -1.43008 -0.12328 2 
62.857 5.292 -1.46775 -0.09919 2 
65.423 5.292 -0.41753 -0.25544 2 
67.988 5.292 -1.18677 -0.54020 2 
70.554 5.292 -1.95277 -0.90946 2 
73.120 5.292 -0.99069 -0.25100 2 
75.685 5.292 -2.31374 -0.75795 2 
78.251 5.292 -1.41976 0.68052 2 
80.816 5.292 -0.59744 0.06924 2 
83.382 5.292 1.68151 1.76701 2 
85.948 5.292 1.75412 1.53759 2 
88.513 5.292 1.06003 1.31757 2 
91.079 5.292 0.42636 0.91596 2 
93.644 5.292 2.36532 1.97251 2 
96.210 5.292 1.67153 1.55639 2 
98.776 5.292 -0.91459 1.26520 2 
101.341 5.292 -0.30383 1.51563 2 
103.907 5.292 -1.39109 0.28290 2 
106.472 5.292 -0.19937 0.87971 2 
109.038 5.292 -1.22720 0.16072 2 
111.603 5.292 -2.25503 -0.55826 2 
114.169 5.292 -1.40319 -0.30666 2 
116.735 5.292 -1.58673 -0.14570 2 
119.300 5.292 -0.41573 -0.30593 2 
-8.980 2.726 6.54770 -0.55552 2 
-6.414 2.726 6.48721 -0.56069 2 
-3.848 2.726 6.34963 -0.63206 2 
-1.283 2.726 6.17869 -0.44426 2 
1.283 2.726 6.11349 -0.42481 2 
3.848 2.726 3.05675 -0.21241 2 
6.414 2.726 0.00000 -0.00000 0 
8.980 2.726 0.00000 -0.00000 0 
11.545 2.726 0.00000 -0.00000 0 
14.111 2.726 0.00000 -0.00000 0 
16.676 2.726 0.00000 -0.00000 0 
19.242 2.726 0.00000 -0.00000 0 
21.808 2.726 0.00000 -0.00000 0 
24.373 2.726 0.00000 -0.00000 0 
26.939 2.726 0.00000 -0.00000 0 
29.504 2.726 0.00000 -0.00000 0 
32.070 2.726 0.00000 -0.00000 0 
34.636 2.726 0.00000 -0.00000 0 
37.201 2.726 0.00000 -0.00000 0 
39.767 2.726 0.00000 -0.00000 0 
42.332 2.726 0.00000 -0.00000 0 
44.898 2.726 0.00000 -0.00000 0 
47.464 2.726 -0.33381 0.01918 2 
50.029 2.726 -0.53927 0.02318 2 
52.595 2.726 -0.36952 -0.25091 2 
55.160 2.726 -1.67522 -0.69931 2 
57.726 2.726 -1.14484 -0.80120 2 
60.292 2.726 -2.16566 -0.36585 2 
62.857 2.726 -1.97616 -0.51887 2 
65.423 2.726 -0.80992 -0.15614 2 
67.988 2.726 -0.98941 -0.52141 2 
70.554 2.726 -1.15433 -0.52911 2 
73.120 2.726 0.51739 0.16433 2 
75.685 2.726 -0.52247 0.60584 2 
78.251 2.726 1.76874 0.98814 2 
80.816 2.726 0.65929 0.82552 2 
83.382 2.726 1.79870 1.01850 2 
85.948 2.726 1.98281 2.04697 2 
88.513 2.726 1.77068 1.23564 2 
91.079 2.726 1.55854 0.42431 2 
93.644 2.726 2.07035 1.70861 2 
96.210 2.726 1.93509 2.24368 2 
98.776 2.726 2.18336 1.73096 2 
101.341 2.726 0.79341 1.29807 2 
103.907 2.726 -0.22530 -0.03979 2 
106.472 2.726 -0.72997 0.21564 2 
109.038 2.726 -1.31178 0.76230 2 
111.603 2.726 -1.32162 -0.02071 2 
114.169 2.726 -1.07469 -0.35143 2 
116.735 2.726 -0.62539 -0.22445 2 
119.300 2.726 -0.47302 0.23943 2 
-8.980 0.160 6.58870 -0.54512 2 
-6.414 0.160 6.54969 -0.72115 2 
-3.848 0.160 6.48297 -0.70687 2 
-1.283 0.160 6.22031 -0.75324 2 
1.283 0.160 6.56686 -0.75368 2 
3.848 0.160 0.00000 -0.00000 0 
6.414 0.160 0.00000 -0.00000 0 
8.980 0.160 0.00000 -0.00000 0 
11.545 0.160 0.00000 -0.00000 0 
14.111 0.160 0.00000 -0.00000 0 
16.676 0.160 0.00000 -0.00000 0 
19.242 0.160 0.00000 -0.00000 0 
21.808 0.160 0.00000 -0.00000 0 
24.373 0.160 0.00000 -0.00000 0 
26.939 0.160 0.00000 -0.00000 0 
29.504 0.160 0.00000 -0.00000 0 
32.070 0.160 0.00000 -0.00000 0 
34.636 0.160 0.00000 -0.00000 0 
37.201 0.160 0.00000 -0.00000 0 
39.767 0.160 -0.53427 -0.06188 2 
42.332 0.160 -0.35408 0.07063 2 
44.898 0.160 -0.38363 -0.28725 2 
47.464 0.160 0.00684 0.00966 2 
50.029 0.160 -0.87635 -0.48914 2 
52.595 0.160 -0.82769 -0.59649 2 
55.160 0.160 -1.20257 -0.77196 2 
57.726 0.160 -1.13546 -0.92529 2 
60.292 0.160 -0.89230 -0.05223 2 
62.857 0.160 -0.07289 0.65636 2 
65.423 0.160 -0.15224 0.49476 2 
67.988 0.160 0.35223 0.34320 2 
70.554 0.160 -0.27154 -0.01352 2 
73.120 0.160 1.21639 1.17858 2 
75.685 0.160 1.91127 1.24949 2 
78.251 0.160 1.47038 0.34289 2 
80.816 0.160 1.91601 1.58180 2 
83.382 0.160 1.91589 0.26999 2 
85.948 0.160 2.11833 2.44635 2 
88.513 0.160 2.20685 1.55865 2 
91.079 0.160 2.22665 0.58919 2 
93.644 0.160 3.00440 1.28051 2 
96.210 0.160 2.15734 1.46567 2 
98.776 0.160 1.72352 1.69815 2 
101.341 0.160 0.62296 0.38017 2 
103.907 0.160 0.92506 0.27041 2 
106.472 0.160 1.49214 1.10206 2 
109.038 0.160 1.24095 0.64662 2 
111.603 0.160 0.04145 -0.00897 2 
114.169 0.160 0.51950 -0.71599 2 
116.735 0.160 1.26573 -0.92590 2 
119.300 0.160 0.41766 -0.25374 2 
-8.980 -2.405 6.98685 -0.86171 2 
-6.414 -2.405 6.68350 -0.78678 2 
-3.848 -2.405 6.41336 -0.86018 2 
-1.283 -2.405 6.30845 -0.80031 2 
1.283 -2.405 0.00000 -0.00000 0 
3.848 -2.405 0.00000 -0.00000 0 
6.414 -2.405 0.00000 -0.00000 0 
8.980 -2.405 0.00000 -0.00000 0 
11.545 -2.405 0.00000 -0.00000 0 
14.111 -2.405 0.00000 -0.00000 0 
16.676 -2.405 0.00000 -0.00000 0 
19.242 -2.405 0.00000 -0.00000 0 
21.808 -2.405 0.00000 -0.00000 0 
24.373 -2.405 0.00000 -0.00000 0 
26.939 -2.405 0.00000 -0.00000 0 
29.504 -2.405 0.00000 -0.00000 0 
32.070 -2.405 -0.38328 -0.19676 2 
34.636 -2.405 -0.33567 -0.22530 2 
37.201 -2.405 -0.70133 -0.24500 2 
39.767 -2.405 -0.83336 -0.13394 2 
42.332 -2.405 -0.84309 -0.40103 2 
44.898 -2.405 -1.06604 -0.29002 2 
47.464 -2.405 -1.28978 -0.48949 2 
50.029 -2.405 -0.50291 -0.82099 2 
52.595 -2.405 -1.28586 -0.94207 2 
55.160 -2.405 -0.72993 -0.84460 2 
57.726 -2.405 -1.12608 -1.04939 2 
60.292 -2.405 -0.16457 -0.71165 2 
62.857 -2.405 0.40721 -0.18645 2 
65.423 -2.405 1.21685 0.83974 2 
67.988 -2.405 1.20851 0.76663 2 
70.554 -2.405 0.61125 0.50207 2 
73.120 -2.405 0.61360 1.03161 2 
75.685 -2.405 0.55079 0.49985 2 
78.251 -2.405 1.35824 -0.13600 2 
80.816 -2.405 1.51394 0.23406 2 
83.382 -2.405 2.40758 1.80716 2 
85.948 -2.405 2.25385 2.84573 2 
88.513 -2.405 2.41109 2.03979 2 
91.079 -2.405 2.47150 0.95003 2 
93.644 -2.405 3.59257 1.38098 2 
96.210 -2.405 2.37958 0.68766 2 
98.776 -2.405 0.82072 0.52290 2 
101.341 -2.405 2.37195 0.91438 2 
103.907 -2.405 2.41870 0.48070 2 
106.472 -2.405 2.33243 0.94443 2 
109.038 -2.405 1.23329 0.11246 2 
111.603 -2.405 1.51978 0.22717 2 
114.169 -2.405 1.81265 0.41447 2 
116.735 -2.405 2.84006 -0.32048 2 
119.300 -2.405 0.00000 -0.00000 0 
-8.980 -4.971 6.71378 -0.78775 2 
-6.414 -4.971 6.91840 -0.87865 2 
-3.848 -4.971 6.54207 -1.02553 2 
-1.283 -4.971 6.47185 -1.16886 2 
1.283 -4.971 0.00000 -0.00000 0 
3.848 -4.971 0.00000 -0.00000 0 
6.414 -4.971 0.00000 -0.00000 0 
8.980 -4.971 0.00000 -0.00000 0 
11.545 -4.971 0.00000 -0.00000 0 
14.111 -4.971 0.00000 -0.00000 0 
16.676 -4.971 0.00000 -0.00000 0 
19.242 -4.971 0.00000 -0.00000 0 
21.808 -4.971 0.00000 -0.00000 0 
24.373 -4.971 -0.31284 -0.08250 2 
26.939 -4.971 -0.30011 0.09215 2 
29.504 -4.971 -0.95995 -0.29977 2 
32.070 -4.971 -0.98905 -0.48947 2 
34.636 -4.971 -1.18361 -0.34242 2 
37.201 -4.971 -1.25286 -0.68606 2 
39.767 -4.971 -0.92651 -0.39887 2 
42.332 -4.971 0.06224 -0.58806 2 
44.898 -4.971 -1.64143 -0.50992 2 
47.464 -4.971 -0.96084 -0.12223 2 
50.029 -4.971 -0.12947 -1.15285 2 
52.595 -4.971 0.51439 -0.30541 2 
55.160 -4.971 0.21785 -0.51620 2 
57.726 -4.971 0.51404 -1.18729 2 
60.292 -4.971 0.15508 0.03924 2 
62.857 -4.971 1.53410 0.54796 2 
65.423 -4.971 0.91401 0.32788 2 
67.988 -4.971 1.38811 -0.00230 2 
70.554 -4.971 1.06216 -0.08645 2 
73.120 -4.971 0.73620 -0.17061 2 
75.685 -4.971 1.42870 -0.01540 2 
78.251 -4.971 2.47589 0.38731 2 
80.816 -4.971 1.74519 1.08866 2 
83.382 -4.971 2.89928 3.34433 2 
85.948 -4.971 2.75730 2.93263 2 
88.513 -4.971 2.61532 2.52092 2 
91.079 -4.971 2.71635 1.31087 2 
93.644 -4.971 4.18074 1.48145 2 
96.210 -4.971 4.81159 1.84563 2 
98.776 -4.971 5.44243 2.20980 2 
101.341 -4.971 3.02862 1.09105 2 
103.907 -4.971 3.01321 0.16534 2 
106.472 -4.971 3.17273 0.78681 2 
109.038 -4.971 3.56742 1.39820 2 
111.603 -4.971 3.10431 -0.07290 2 
114.169 -4.971 3.99990 0.35992 2 
116.735 -4.971 4.41440 0.28494 2 
119.300 -4.971 0.00000 -0.00000 0 
-8.980 -7.536 6.95044 -0.87653 2 
-6.414 -7.536 6.77133 -0.91835 2 
-3.848 -7.536 6.77629 -1.12407 2 
-1.283 -7.536 6.68605 -1.22048 2 
1.283 -7.536 6.18188 -1.89258 2 
3.848 -7.536 0.00000 -0.00000 0 
6.414 -7.536 6.66116 -2.78916 2 
8.980 -7.536 6.96324 -4.06352 2 
11.545 -7.536 5.92704 -3.38022 2 
14.111 -7.536 -0.54219 0.14446 2 
16.676 -7.536 -0.77973 -0.06685 2 
19.242 -7.536 -0.22669 -0.02941 2 
21.808 -7.536 -0.03076 0.33538 2 
24.373 -7.536 -0.62568 -0.16499 2 
26.939 -7.536 -0.32516 -0.34748 2 
29.504 -7.536 -0.62284 -0.22057 2 
32.070 -7.536 -1.57159 -0.88778 2 
34.636 -7.536 -1.46718 -0.84732 2 
37.201 -7.536 -1.36277 -0.80686 2 
39.767 -7.536 -1.01966 -0.66379 2 
42.332 -7.536 0.96757 -0.77510 2 
44.898 -7.536 -0.07274 0.08963 2 
47.464 -7.536 0.90825 0.30288 2 
50.029 -7.536 1.80253 -0.14063 2 
52.595 -7.536 2.83782 0.49648 2 
55.160 -7.536 2.89541 -1.15599 2 
57.726 -7.536 4.34491 -0.02189 2 
60.292 -7.536 2.30136 -0.53606 2 
62.857 -7.536 2.13351 -0.52891 2 
65.423 -7.536 2.94366 0.04443 2 
67.988 -7.536 3.76004 0.73828 2 
70.554 -7.536 2.84699 0.30200 2 
73.120 -7.536 2.15307 -0.12195 2 
75.685 -7.536 3.43564 1.04117 2 
78.251 -7.536 0.68992 1.17057 2 
80.816 -7.536 1.73487 1.27865 2 
83.382 -7.536 3.42273 2.76792 2 
85.948 -7.536 3.94383 3.00767 2 
88.513 -7.536 5.41673 3.18678 2 
91.079 -7.536 4.88870 1.88075 2 
93.644 -7.536 5.14841 2.58343 2 
96.210 -7.536 5.48601 2.10788 2 
98.776 -7.536 6.81955 2.59294 2 
101.341 -7.536 7.63197 2.17150 2 
103.907 -7.536 8.36560 1.50041 2 
106.472 -7.536 4.39014 0.36961 2 
109.038 -7.536 4.22919 1.59711 2 
111.603 -7.536 3.56764 0.95669 2 
114.169 -7.536 3.42173 0.22024 2 
116.735 -7.536 4.51186 -0.45668 2 
119.300 -7.536 0.00000 -0.00000 0 
-8.980 -10.102 6.80984 -0.87797 2 
-6.414 -10.102 7.07315 -1.08228 2 
-3.848 -10.102 6.97591 -1.28458 2 
-1.283 -10.102 6.85807 -1.41537 2 
1.283 -10.102 6.76034 -1.80709 2 
3.848 -10.102 6.75814 -2.11945 2 
6.414 -10.102 7.04307 -2.63162 2 
8.980 -10.102 7.12881 -3.19902 2 
11.545 -10.102 8.16355 -3.33335 2 
14.111 -10.102 9.08405 -3.45499 2 
16.676 -10.102 9.57213 -2.66943 2 
19.242 -10.102 8.96955 -2.41884 2 
21.808 -10.102 6.46817 -1.47970 2 
24.373 -10.102 -0.60247 0.38071 2 
26.939 -10.102 -0.35021 -0.78712 2 
29.504 -10.102 -0.28573 -0.14138 2 
32.070 -10.102 1.89999 0.08165 2 
34.636 -10.102 1.54850 -0.49402 2 
37.201 -10.102 1.19701 -1.06969 2 
39.767 -10.102 0.97154 -0.32333 2 
42.332 -10.102 0.41419 -0.70576 2 
44.898 -10.102 2.14173 0.15576 2 
47.464 -10.102 2.93813 0.51367 2 
50.029 -10.102 3.73453 0.87158 2 
52.595 -10.102 3.09939 0.61545 2 
55.160 -10.102 4.09470 -0.49987 2 
57.726 -10.102 4.23686 -0.17710 2 
60.292 -10.102 3.38287 -0.21029 2 
62.857 -10.102 4.29637 -0.79691 2 
65.423 -10.102 3.38903 0.44153 2 
67.988 -10.102 3.25155 0.63266 2 
70.554 -10.102 4.04471 0.33834 2 
73.120 -10.102 3.56994 -0.07330 2 
75.685 -10.102 2.78605 0.81750 2 
78.251 -10.102 3.26352 0.76169 2 
80.816 -10.102 4.63617 1.52201 2 
83.382 -10.102 5.21661 1.51029 2 
85.948 -10.102 4.96847 1.68904 2 
88.513 -10.102 5.53393 2.46355 2 
91.079 -10.102 7.21509 2.45593 2 
93.644 -10.102 4.87303 2.39628 2 
96.210 -10.102 7.29732 2.47485 2 
98.776 -10.102 7.37196 1.46251 2 
101.341 -10.102 7.92542 1.67903 2 
103.907 -10.102 6.95481 1.71238 2 
106.472 -10.102 7.30084 1.06136 2 
109.038 -10.102 7.49099 1.05137 2 
111.603 -10.102 7.21582 1.66687 2 
114.169 -10.102 4.13234 -0.13504 2 
116.735 -10.102 5.50380 -0.76641 2 
119.300 -10.102 0.00000 -0.00000 0 
-8.980 -12.668 7.14918 -1.02416 2 
-6.414 -12.668 7.05232 -1.09442 2 
-3.848 -12.668 7.17435 -1.25213 2 
-1.283 -12.668 7.14930 -1.46730 2 
1.283 -12.668 7.09775 -1.75273 2 
3.848 -12.668 7.17588 -2.13661 2 
6.414 -12.668 7.27288 -2.41168 2 
8.980 -12.668 7.69209 -2.46531 2 
11.545 -12.668 8.13444 -2.89092 2 
14.111 -12.668 8.72890 -2.70153 2 
16.676 -12.668 8.78618 -2.61152 2 
19.242 -12.668 9.36227 -2.36136 2 
21.808 -12.668 9.43072 -2.44080 2 
24.373 -12.668 4.31291 -0.75612 2 
26.939 -12.668 4.60135 -1.20989 2 
29.504 -12.668 4.79589 -0.75687 2 
32.070 -12.668 7.81449 -0.79442 2 
34.636 -12.668 4.49187 -1.59236 2 
37.201 -12.668 3.62313 -0.48964 2 
39.767 -12.668 4.95915 -0.08010 2 
42.332 -12.668 4.36757 -0.63628 2 
44.898 -12.668 6.56031 0.29525 2 
47.464 -12.668 6.17096 0.61447 2 
50.029 -12.668 5.78160 0.93370 2 
52.595 -12.668 5.46949 -0.95852 2 
55.160 -12.668 4.09680 0.10622 2 
57.726 -12.668 3.30483 -0.16894 2 
60.292 -12.668 4.46438 0.11548 2 
62.857 -12.668 5.41296 -0.88764 2 
65.423 -12.668 5.43243 0.71216 2 
67.988 -12.668 4.37353 0.08695 2 
70.554 -12.668 5.42345 0.97690 2 
73.120 -12.668 6.73321 0.70082 2 
75.685 -12.668 6.19520 -0.03288 2 
78.251 -12.668 5.83712 0.35282 2 
80.816 -12.668 7.53748 1.76538 2 
83.382 -12.668 5.95419 1.27063 2 
85.948 -12.668 7.43801 1.24519 2 
88.513 -12.668 7.07871 1.89482 2 
91.079 -12.668 7.28839 2.40331 2 
93.644 -12.668 8.59417 1.74920 2 
96.210 -12.668 8.69475 2.13899 2 
98.776 -12.668 8.20672 1.59400 2 
101.341 -12.668 8.21887 1.18657 2 
103.907 -12.668 8.12476 0.83084 2 
106.472 -12.668 8.17852 1.05202 2 
109.038 -12.668 8.78224 1.81064 2 
111.603 -12.668 8.44031 1.75926 2 
114.169 -12.668 6.48026 -0.54454 2 
116.735 -12.668 7.14261 0.40204 2 
119.300 -12.668 0.00000 -0.00000 0 
-8.980 -15.233 7.20676 -0.88249 2 
-6.414 -15.233 7.25280 -1.16364 2 
-3.848 -15.233 7.19949 -1.14920 2 
-1.283 -15.233 7.25645 -1.54944 2 
1.283 -15.233 7.24326 -1.64620 2 
3.848 -15.233 7.39081 -1.80468 2 
6.414 -15.233 7.45202 -2.20563 2 
8.980 -15.233 7.81998 -2.30876 2 
11.545 -15.233 8.22531 -2.31925 2 
14.111 -15.233 8.58222 -2.42168 2 
16.676 -15.233 8.83575 -2.14601 2 
19.242 -15.233 8.96192 -2.22358 2 
21.808 -15.233 9.02015 -2.25886 2 
24.373 -15.233 9.22829 -1.89295 2 
26.939 -15.233 9.55291 -1.63265 2 
29.504 -15.233 9.87752 -1.37235 2 
32.070 -15.233 9.47500 -1.22232 2 
34.636 -15.233 9.44432 -1.47847 2 
37.201 -15.233 9.41364 -1.73462 2 
39.767 -15.233 8.94676 0.16313 2 
42.332 -15.233 7.81195 -0.55600 2 
44.898 -15.233 8.04855 -0.10656 2 
47.464 -15.233 8.79640 -0.06357 2 
50.029 -15.233 9.54426 -0.02058 2 
52.595 -15.233 8.81093 0.15954 2 
55.160 -15.233 9.93891 -0.59958 2 
57.726 -15.233 7.17509 -0.88763 2 
60.292 -15.233 7.40336 -0.06391 2 
62.857 -15.233 6.52955 -0.97836 2 
65.423 -15.233 7.70225 0.61773 2 
67.988 -15.233 6.61957 -0.07001 2 
70.554 -15.233 6.59375 0.63288 2 
73.120 -15.233 8.38002 0.65181 2 
75.685 -15.233 8.05695 0.78661 2 
78.251 -15.233 8.51512 1.35395 2 
80.816 -15.233 8.97328 1.92128 2 
83.382 -15.233 8.28943 1.28014 2 
85.948 -15.233 9.26544 0.66742 2 
88.513 -15.233 8.11311 1.39399 2 
91.079 -15.233 8.50127 2.10993 2 
93.644 -15.233 8.50455 1.47167 2 
96.210 -15.233 8.68883 1.13943 2 
98.776 -15.233 8.62339 1.14834 2 
101.341 -15.233 8.25882 0.54277 2 
103.907 -15.233 8.63710 0.67412 2 
106.472 -15.233 9.05620 1.04268 2 
109.038 -15.233 8.35133 1.37207 2 
111.603 -15.233 8.74230 1.50175 2 
114.169 -15.233 8.82398 0.74552 2 
116.735 -15.233 10.13038 -0.23488 2 
119.300 -15.233 0.00000 -0.00000 0 
-8.980 -17.799 7.29284 -1.00576 2 
-6.414 -17.799 7.23897 -1.03930 2 
-3.848 -17.799 7.34119 -1.40129 2 
-1.283 -17.799 7.38944 -1.44398 2 
1.283 -17.799 7.38309 -1.52351 2 
3.848 -17.799 7.48533 -1.96938 2 
6.414 -17.799 7.79991 -1.96816 2 
8.980 -17.799 7.92898 -2.12834 2 
11.545 -17.799 8.24289 -2.20432 2 
14.111 -17.799 8.56545 -2.18025 2 
16.676 -17.799 8.57948 -2.11200 2 
19.242 -17.799 8.92869 -2.02623 2 
21.808 -17.799 8.98882 -1.87390 2 
24.373 -17.799 9.09488 -1.72588 2 
26.939 -17.799 9.17299 -1.48219 2 
29.504 -17.799 9.23583 -1.46316 2 
32.070 -17.799 9.26982 -1.32363 2 
34.636 -17.799 9.40617 -1.41268 2 
37.201 -17.799 9.50872 -1.37598 2 
39.767 -17.799 9.22412 -0.38309 2 
42.332 -17.799 9.73129 -0.80720 2 
44.898 -17.799 9.53679 -0.50837 2 
47.464 -17.799 9.35974 -0.68833 2 
50.029 -17.799 9.25317 -0.57386 2 
52.595 -17.799 9.63694 -0.67459 2 
55.160 -17.799 9.92157 -0.99678 2 
57.726 -17.799 10.30449 -0.44664 2 
60.292 -17.799 10.71526 -0.55090 2 
62.857 -17.799 10.35974 -0.54135 2 
65.423 -17.799 9.97208 0.52330 2 
67.988 -17.799 8.86560 -0.22696 2 
70.554 -17.799 8.34811 0.43440 2 
73.120 -17.799 10.02682 0.60279 2 
75.685 -17.799 10.34591 1.25293 2 
78.251 -17.799 9.98839 1.35485 2 
80.816 -17.799 9.63087 1.45678 2 
83.382 -17.799 9.56656 1.46088 2 
85.948 -17.799 9.33678 1.04392 2 
88.513 -17.799 9.65708 1.66333 2 
91.079 -17.799 8.79189 1.57785 2 
93.644 -17.799 8.69477 1.31038 2 
96.210 -17.799 8.86444 0.98361 2 
98.776 -17.799 8.82888 0.79890 2 
101.341 -17.799 8.74021 0.60919 2 
103.907 -17.799 9.14945 0.51739 2 
106.472 -17.799 8.85488 0.56792 2 
109.038 -17.799 8.61248 0.91188 2 
111.603 -17.799 8.53164 1.13148 2 
114.169 -17.799 8.53207 0.86318 2 
116.735 -17.799 7.94142 -0.31421 2 
119.300 -17.799 0.00000 -0.00000 0 
-8.980 -20.364 7.38875 -1.11574 2 
-6.414 -20.364 7.36662 -1.12990 2 
-3.848 -20.364 7.41042 -1.30377 2 
-1.283 -20.364 7.48543 -1.20012 2 
1.283 -20.364 7.60069 -1.53996 2 
3.848 -20.364 7.81532 -1.62689 2 
6.414 -20.364 7.69248 -1.73066 2 
8.980 -20.364 8.14349 -2.01309 2 
11.545 -20.364 8.32636 -1.85393 2 
14.111 -20.364 8.48314 -1.95434 2 
16.676 -20.364 8.65424 -1.95086 2 
19.242 -20.364 8.68085 -1.84631 2 
21.808 -20.364 8.88527 -1.74343 2 
24.373 -20.364 9.05139 -1.59568 2 
26.939 -20.364 8.99581 -1.72263 2 
29.504 -20.364 9.17417 -1.46867 2 
32.070 -20.364 9.32580 -1.35975 2 
34.636 -20.364 9.53505 -1.17978 2 
37.201 -20.364 9.60381 -1.01734 2 
39.767 -20.364 9.50148 -0.92932 2 
42.332 -20.364 9.40357 -0.65080 2 
44.898 -20.364 9.37764 -0.73604 2 
47.464 -20.364 9.13868 -0.63429 2 
50.029 -20.364 9.45526 -0.89607 2 
52.595 -20.364 9.50063 -0.82307 2 
55.160 -20.364 9.95381 -0.89942 2 
57.726 -20.364 10.26455 -0.93973 2 
60.292 -20.364 10.31979 -0.48312 2 
62.857 -20.364 10.45166 -0.18626 2 
65.423 -20.364 10.24050 0.24710 2 
67.988 -20.364 10.02856 -0.14463 2 
70.554 -20.364 10.10247 0.23592 2 
73.120 -20.364 10.17638 0.61647 2 
75.685 -20.364 10.12404 0.68596 2 
78.251 -20.364 9.92001 1.09388 2 
80.816 -20.364 9.73206 0.91309 2 
83.382 -20.364 9.64730 1.02267 2 
85.948 -20.364 9.43006 0.90932 2 
88.513 -20.364 9.25406 1.04499 2 
91.079 -20.364 9.08251 1.04576 2 
93.644 -20.364 9.11364 1.17471 2 
96.210 -20.364 8.93823 0.84858 2 
98.776 -20.364 8.93931 1.03664 2 
101.341 -20.364 8.90897 0.70705 2 
103.907 -20.364 8.96875 0.71342 2 
106.472 -20.364 8.80546 0.71374 2 
109.038 -20.364 8.80814 0.67101 2 
111.603 -20.364 8.52415 0.82592 2 
114.169 -20.364 8.24016 0.98083 2 
116.735 -20.364 9.16784 0.42571 2 
119.300 -20.364 0.00000 -0.00000 0 
-8.980 -22.930 7.43669 -0.95620 2 
-6.414 -22.930 7.58552 -1.10612 2 
-3.848 -22.930 7.56438 -1.18572 2 
-1.283 -22.930 7.52396 -1.24292 2 
1.283 -22.930 7.65285 -1.41734 2 
3.848 -22.930 7.78866 -1.50901 2 
6.414 -22.930 7.84246 -1.61245 2 
8.980 -22.930 8.12486 -1.65485 2 
11.545 -22.930 8.39377 -1.78365 2 
14.111 -22.930 8.44708 -1.66756 2 
16.676 -22.930 8.65098 -1.66729 2 
19.242 -22.930 8.79327 -1.81125 2 
21.808 -22.930 8.81995 -1.68055 2 
24.373 -22.930 8.91017 -1.45744 2 
26.939 -22.930 9.00981 -1.26865 2 
29.504 -22.930 9.14577 -1.41080 2 
32.070 -22.930 9.14126 -1.17861 2 
34.636 -22.930 9.24354 -0.99169 2 
37.201 -22.930 9.41125 -1.11654 2 
39.767 -22.930 9.38567 -0.89561 2 
42.332 -22.930 9.29276 -0.80564 2 
44.898 -22.930 9.36731 -0.92575 2 
47.464 -22.930 9.52331 -0.70851 2 
50.029 -22.930 9.27275 -0.92231 2 
52.595 -22.930 9.61975 -0.71723 2 
55.160 -22.930 9.86848 -0.69822 2 
57.726 -22.930 10.07657 -0.59064 2 
60.292 -22.930 9.92433 -0.41534 2 
62.857 -22.930 10.03516 -0.14201 2 
65.423 -22.930 10.07848 -0.18988 2 
67.988 -22.930 9.84003 0.14237 2 
70.554 -22.930 9.88770 0.28477 2 
73.120 -22.930 10.00213 0.28326 2 
75.685 -22.930 9.89636 0.68896 2 
78.251 -22.930 9.73210 0.70014 2 
80.816 -22.930 9.74852 0.90134 2 
83.382 -22.930 9.39384 0.78259 2 
85.948 -22.930 9.49982 0.80946 2 
88.513 -22.930 9.18116 0.93875 2 
91.079 -22.930 9.38414 0.90331 2 
93.644 -22.930 9.00544 0.84706 2 
96.210 -22.930 9.30125 0.87747 2 
98.776 -22.930 8.94639 0.74671 2 
101.341 -22.930 9.01196 0.66481 2 
103.907 -22.930 9.06049 0.68290 2 
106.472 -22.930 8.86945 0.63965 2 
109.038 -22.930 8.93848 0.53930 2 
111.603 -22.930 9.20516 0.66246 2 
114.169 -22.930 9.19215 0.61302 2 
116.735 -22.930 9.53887 0.58206 2 
119.300 -22.930 0.00000 -0.00000 0 
-8.980 -25.496 7.72866 -0.95265 2 
-6.414 -25.496 7.59513 -1.05142 2 
-3.848 -25.496 7.52337 -1.10007 2 
-1.283 -25.496 7.60688 -1.25239 2 
1.283 -25.496 7.77744 -1.27179 2 
3.848 -25.496 7.94251 -1.33046 2 
6.414 -25.496 8.00025 -1.41150 2 
8.980 -25.496 8.25297 -1.55562 2 
11.545 -25.496 8.18257 -1.50689 2 
14.111 -25.496 8.46374 -1.58542 2 
16.676 -25.496 8.63731 -1.58178 2 
19.242 -25.496 8.71147 -1.26474 2 
21.808 -25.496 8.77803 -1.54416 2 
24.373 -25.496 8.77050 -1.35612 2 
26.939 -25.496 9.00287 -1.28783 2 
29.504 -25.496 9.01349 -1.25684 2 
32.070 -25.496 9.18808 -1.23238 2 
34.636 -25.496 9.21378 -1.07002 2 
37.201 -25.496 9.15231 -0.90159 2 
39.767 -25.496 9.23910 -0.91196 2 
42.332 -25.496 9.24998 -0.83075 2 
44.898 -25.496 9.24850 -0.71670 2 
47.464 -25.496 9.35898 -0.78768 2 
50.029 -25.496 9.32085 -0.86041 2 
52.595 -25.496 9.55635 -0.65764 2 
55.160 -25.496 9.63530 -0.74818 2 
57.726 -25.496 9.89520 -0.55276 2 
60.292 -25.496 9.84990 -0.32794 2 
62.857 -25.496 9.94918 -0.09006 2 
65.423 -25.496 9.93545 0.06954 2 
67.988 -25.496 9.78841 -0.07701 2 
70.554 -25.496 9.76220 0.22955 2 
73.120 -25.496 10.01192 0.38217 2 
75.685 -25.496 9.65455 0.54681 2 
78.251 -25.496 9.69908 0.58944 2 
80.816 -25.496 9.63115 0.55144 2 
83.382 -25.496 9.58256 0.84172 2 
85.948 -25.496 9.43708 0.81736 2 
88.513 -25.496 9.27157 0.65795 2 
91.079 -25.496 9.28761 0.74170 2 
93.644 -25.496 9.15657 0.85054 2 
96.210 -25.496 9.07204 0.68659 2 
98.776 -25.496 9.07376 0.75979 2 
101.341 -25.496 9.07949 0.63170 2 
103.907 -25.496 8.99711 0.74692 2 
106.472 -25.496 8.91924 0.78486 2 
109.038 -25.496 9.07360 0.76315 2 
111.603 -25.496 8.85810 0.80701 2 
114.169 -25.496 9.06721 0.82666 2 
116.735 -25.496 9.44870 0.77198 2 
119.300 -25.496 0.00000 -0.00000 0 
-8.980 -28.061 7.61886 -0.90152 2 
-6.414 -28.061 7.57015 -1.03664 2 
-3.848 -28.061 7.87430 -1.04966 2 
-1.283 -28.061 7.73111 -1.15406 2 
1.283 -28.061 7.91644 -1.11253 2 
3.848 -28.061 7.91072 -1.28196 2 
6.414 -28.061 8.08611 -1.30541 2 
8.980 -28.061 8.25766 -1.39990 2 
11.545 -28.061 8.21504 -1.41728 2 
14.111 -28.061 8.50370 -1.46008 2 
16.676 -28.061 8.58567 -1.25196 2 
19.242 -28.061 8.79754 -1.38635 2 
21.808 -28.061 8.85214 -1.43492 2 
24.373 -28.061 8.94947 -1.33561 2 
26.939 -28.061 8.83632 -1.20643 2 
29.504 -28.061 9.07113 -1.12927 2 
32.070 -28.061 9.05898 -1.07447 2 
34.636 -28.061 9.09405 -1.00408 2 
37.201 -28.061 9.08490 -0.83000 2 
39.767 -28.061 9.06465 -0.86412 2 
42.332 -28.061 9.38270 -0.91626 2 
44.898 -28.061 9.24438 -0.81480 2 
47.464 -28.061 9.24333 -0.81224 2 
50.029 -28.061 9.41946 -0.83452 2 
52.595 -28.061 9.49164 -0.62454 2 
55.160 -28.061 9.71854 -0.60959 2 
57.726 -28.061 9.51106 -0.44624 2 
60.292 -28.061 9.60460 -0.50553 2 
62.857 -28.061 9.66128 -0.20368 2 
65.423 -28.061 9.66027 -0.10478 2 
67.988 -28.061 9.73998 0.27084 2 
70.554 -28.061 9.72314 0.23230 2 
73.120 -28.061 9.61253 0.28828 2 
75.685 -28.061 9.37760 0.43301 2 
78.251 -28.061 9.46218 0.50020 2 
80.816 -28.061 9.35328 0.50902 2 
83.382 -28.061 9.46436 0.57094 2 
85.948 -28.061 9.27391 0.60366 2 
88.513 -28.061 9.27463 0.72126 2 
91.079 -28.061 9.26634 0.72737 2 
93.644 -28.061 9.04089 0.59291 2 
96.210 -28.061 9.16867 0.86295 2 
98.776 -28.061 9.12046 0.75879 2 
101.341 -28.061 9.04733 0.84558 2 
103.907 -28.061 8.90120 0.88059 2 
106.472 -28.061 8.92311 0.60208 2 
109.038 -28.061 8.97977 0.83247 2 
111.603 -28.061 8.97912 0.88335 2 
114.169 -28.061 8.81806 0.73368 2 
116.735 -28.061 9.25162 0.79738 2 
119.300 -28.061 0.00000 -0.00000 0 
-8.980 -30.627 7.65489 -0.99011 2 
-6.414 -30.627 7.72072 -0.87640 2 
-3.848 -30.627 7.73297 -1.01323 2 
-1.283 -30.627 7.80271 -1.08175 2 
1.283 -30.627 7.88935 -1.13039 2 
3.848 -30.627 8.10170 -1.20536 2 
6.414 -30.627 8.05932 -1.32839 2 
8.980 -30.627 8.18838 -1.16974 2 
11.545 -30.627 8.42972 -1.32426 2 
14.111 -30.627 8.37442 -1.18284 2 
16.676 -30.627 8.59244 -1.37434 2 
19.242 -30.627 8.62676 -1.15808 2 
21.808 -30.627 8.68104 -1.17330 2 
24.373 -30.627 8.80419 -1.19830 2 
26.939 -30.627 8.91958 -1.03098 2 
29.504 -30.627 8.81286 -1.07825 2 
32.070 -30.627 9.03578 -0.96228 2 
34.636 -30.627 8.89441 -1.05294 2 
37.201 -30.627 9.13352 -0.91959 2 
39.767 -30.627 9.07993 -0.87492 2 
42.332 -30.627 9.05650 -0.66051 2 
44.898 -30.627 9.12736 -0.75515 2 
47.464 -30.627 9.32783 -0.64113 2 
50.029 -30.627 9.24813 -0.74249 2 
52.595 -30.627 9.39169 -0.68423 2 
55.160 -30.627 9.53315 -0.52674 2 
57.726 -30.627 9.29097 -0.59793 2 
60.292 -30.627 9.49132 -0.31226 2 
62.857 -30.627 9.57018 -0.26277 2 
65.423 -30.627 9.48515 -0.20195 2 
67.988 -30.627 9.70518 -0.09252 2 
70.554 -30.627 9.50056 0.10693 2 
73.120 -30.627 9.67101 0.23856 2 
75.685 -30.627 9.58191 0.38235 2 
78.251 -30.627 9.56005 0.42187 2 
80.816 -30.627 9.41747 0.55515 2 
83.382 -30.627 9.41996 0.45655 2 
85.948 -30.627 9.12043 0.72085 2 
88.513 -30.627 9.26896 0.65293 2 
91.079 -30.627 9.12492 0.60157 2 
93.644 -30.627 9.07569 0.80238 2 
96.210 -30.627 9.13808 0.49332 2 
98.776 -30.627 9.03097 0.79143 2 
101.341 -30.627 8.94013 0.72130 2 
103.907 -30.627 9.05361 0.61140 2 
106.472 -30.627 8.90262 0.83880 2 
109.038 -30.627 9.01580 0.58216 2 
111.603 -30.627 8.94156 0.86933 2 
114.169 -30.627 9.00385 0.65643 2 
116.735 -30.627 9.00114 0.72739 2 
119.300 -30.627 0.00000 -0.00000 0 
-8.980 -33.192 7.67174 -0.86178 2 
-6.414 -33.192 7.81166 -1.05353 2 
-3.848 -33.192 7.78736 -0.78560 2 
-1.283 -33.192 7.88319 -1.16075 2 
1.283 -33.192 8.04861 -1.06839 2 
3.848 -33.192 8.13009 -1.05411 2 
6.414 -33.192 8.17203 -1.18355 2 
8.980 -33.192 8.19963 -1.22442 2 
11.545 -33.192 8.38593 -1.06514 2 
14.111 -33.192 8.43917 -1.29255 2 
16.676 -33.192 8.60118 -1.17615 2 
19.242 -33.192 8.49339 -1.11868 2 
21.808 -33.192 8.60147 -1.28473 2 
24.373 -33.192 8.71695 -1.01617 2 
26.939 -33.192 8.70043 -1.01629 2 
29.504 -33.192 8.92169 -1.08955 2 
32.070 -33.192 8.92203 -1.00725 2 
34.636 -33.192 8.99245 -0.89133 2 
37.201 -33.192 9.18754 -0.88444 2 
39.767 -33.192 9.07239 -0.74646 2 
42.332 -33.192 9.07732 -0.89490 2 
44.898 -33.192 9.23397 -0.74850 2 
47.464 -33.192 9.09812 -0.80492 2 
50.029 -33.192 9.13800 -0.72506 2 
52.595 -33.192 9.35419 -0.52678 2 
55.160 -33.192 9.37742 -0.59862 2 
57.726 -33.192 9.33115 -0.25716 2 
60.292 -33.192 9.47990 -0.38812 2 
62.857 -33.192 9.42388 -0.26861 2 
65.423 -33.192 9.33252 -0.15211 2 
67.988 -33.192 9.55163 -0.10795 2 
70.554 -33.192 9.45257 0.01319 2 
73.120 -33.192 9.34178 0.43217 2 
75.685 -33.192 9.42811 0.31865 2 
78.251 -33.192 9.22678 0.23553 2 
80.816 -33.192 9.39220 0.49131 2 
83.382 -33.192 9.33173 0.52530 2 
85.948 -33.192 9.23379 0.37379 2 
88.513 -33.192 9.00731 0.63181 2 
91.079 -33.192 9.13512 0.61516 2 
93.644 -33.192 9.07985 0.73942 2 
96.210 -33.192 9.06401 0.64830 2 
98.776 -33.192 8.85464 0.69335 2 
101.341 -33.192 8.95216 0.73330 2 
103.907 -33.192 8.88593 0.67939 2 
106.472 -33.192 8.89459 0.71145 2 
109.038 -33.192 8.87217 0.82019 2 
111.603 -33.192 8.92381 0.73055 2 
114.169 -33.192 8.93074 0.95522 2 
116.735 -33.192 8.75066 0.65741 2 
119.300 -33.192 0.00000 -0.00000 0 
-8.980 -35.758 7.70245 -0.90519 2 
-6.414 -35.758 7.77035 -0.82313 2 
-3.848 -35.758 7.90012 -1.02200 2 
-1.283 -35.758 8.04801 -0.83872 2 
1.283 -35.758 8.00213 -1.10428 2 
3.848 -35.758 8.08944 -1.05897 2 
6.414 -35.758 8.20665 -1.03310 2 
8.980 -35.758 8.33865 -0.90118 2 
11.545 -35.758 8.29079 -1.16298 2 
14.111 -35.758 8.25972 -1.05414 2 
16.676 -35.758 8.65581 -1.05978 2 
19.242 -35.758 8.64814 -1.16622 2 
21.808 -35.758 8.77984 -1.01090 2 
24.373 -35.758 8.74868 -1.09880 2 
26.939 -35.758 8.75125 -1.06500 2 
29.504 -35.758 8.90895 -0.95571 2 
32.070 -35.758 8.90369 -0.88955 2 
34.636 -35.758 8.89670 -0.90555 2 
37.201 -35.758 8.93258 -0.85467 2 
39.767 -35.758 9.06450 -0.80438 2 
42.332 -35.758 8.88742 -0.66340 2 
44.898 -35.758 9.11071 -0.73967 2 
47.464 -35.758 9.12393 -0.73673 2 
50.029 -35.758 9.32911 -0.56826 2 
52.595 -35.758 9.22269 -0.52388 2 
55.160 -35.758 9.28597 -0.46615 2 
57.726 -35.758 9.04658 -0.39398 2 
60.292 -35.758 9.44450 -0.34608 2 
62.857 -35.758 9.43232 -0.15798 2 
65.423 -35.758 9.40018 -0.15287 2 
67.988 -35.758 9.27555 -0.13848 2 
70.554 -35.758 9.43303 0.11593 2 
73.120 -35.758 9.33071 -0.03573 2 
75.685 -35.758 9.29344 0.26608 2 
78.251 -35.758 9.29365 0.18350 2 
80.816 -35.758 9.20646 0.46372 2 
83.382 -35.758 9.25814 0.30450 2 
85.948 -35.758 9.05081 0.46154 2 
88.513 -35.758 9.22751 0.59554 2 
91.079 -35.758 9.03836 0.65972 2 
93.644 -35.758 9.03397 0.49146 2 
96.210 -35.758 9.04775 0.58357 2 
98.776 -35.758 9.14209 0.56888 2 
101.341 -35.758 8.89014 0.68146 2 
103.907 -35.758 8.96038 0.67697 2 
106.472 -35.758 8.97037 0.68728 2 
109.038 -35.758 8.86293 0.71369 2 
111.603 -35.758 8.85177 0.78611 2 
114.169 -35.758 8.83955 0.69037 2 
116.735 -35.758 8.99448 0.98523 2 
119.300 -35.758 0.00000 -0.00000 0 
-8.980 -38.324 7.75418 -0.92136 2 
-6.414 -38.324 7.94865 -0.80078 2 
-3.848 -38.324 7.95584 -0.91347 2 
-1.283 -38.324 8.01423 -0.93553 2 
1.283 -38.324 8.15556 -0.94598 2 
3.848 -38.324 8.06204 -0.95073 2 
6.414 -38.324 8.22539 -1.04003 2 
8.980 -38.324 8.26637 -0.99663 2 
11.545 -38.324 8.40177 -1.00320 2 
14.111 -38.324 8.57856 -1.02384 2 
16.676 -38.324 8.41233 -1.01707 2 
19.242 -38.324 8.61092 -0.91807 2 
21.808 -38.324 8.61222 -0.99708 2 
24.373 -38.324 8.76916 -0.89489 2 
26.939 -38.324 8.74396 -0.93301 2 
29.504 -38.324 8.86329 -0.97574 2 
32.070 -38.324 8.83801 -0.83841 2 
34.636 -38.324 8.88917 -0.74646 2 
37.201 -38.324 8.98303 -0.81794 2 
39.767 -38.324 8.93657 -0.78119 2 
42.332 -38.324 8.88016 -0.80816 2 
44.898 -38.324 9.08395 -0.55762 2 
47.464 -38.324 8.97576 -0.72028 2 
50.029 -38.324 9.12061 -0.39565 2 
52.595 -38.324 9.18599 -0.52619 2 
55.160 -38.324 9.21176 -0.60598 2 
57.726 -38.324 9.27809 -0.31584 2 
60.292 -38.324 9.25857 -0.28928 2 
62.857 -38.324 9.25792 -0.37029 2 
65.423 -38.324 9.17323 -0.15048 2 
67.988 -38.324 9.35239 -0.16591 2 
70.554 -38.324 9.37278 0.03350 2 
73.120 -38.324 9.18343 0.26526 2 
75.685 -38.324 9.36973 0.28193 2 
78.251 -38.324 9.14677 0.28560 2 
80.816 -38.324 9.29484 0.36964 2 
83.382 -38.324 9.08647 0.34977 2 
85.948 -38.324 9.30913 0.40052 2 
88.513 -38.324 9.16369 0.48128 2 
91.079 -38.324 9.01390 0.46307 2 
93.644 -38.324 9.12967 0.50769 2 
96.210 -38.324 8.96132 0.58726 2 
98.776 -38.324 8.99529 0.70436 2 
101.341 -38.324 8.93314 0.60859 2 
103.907 -38.324 8.97175 0.63892 2 
106.472 -38.324 8.95914 0.77893 2 
109.038 -38.324 8.76133 0.77634 2 
111.603 -38.324 8.81517 0.79318 2 
114.169 -38.324 8.79536 0.74706 2 
116.735 -38.324 9.12811 0.92263 2 
119.300 -38.324 0.00000 -0.00000 0 
-8.980 -40.889 7.79309 -0.69869 2 
-6.414 -40.889 7.96708 -0.89688 2 
-3.848 -40.889 7.85812 -0.84789 2 
-1.283 -40.889 8.07822 -0.90510 2 
1.283 -40.889 7.95877 -0.96334 2 
3.848 -40.889 8.19722 -0.82478 2 
6.414 -40.889 8.17579 -0.90102 2 
8.980 -40.889 8.26307 -0.97237 2 
11.545 -40.889 8.38959 -0.87686 2 
14.111 -40.889 8.52090 -0.99390 2 
16.676 -40.889 8.47547 -0.92205 2 
19.242 -40.889 8.62180 -0.94064 2 
21.808 -40.889 8.58984 -0.91753 2 
24.373 -40.889 8.78405 -0.99802 2 
26.939 -40.889 8.73251 -0.95166 2 
29.504 -40.889 8.87246 -0.86044 2 
32.070 -40.889 8.79833 -0.82175 2 
34.636 -40.889 8.83374 -0.74528 2 
37.201 -40.889 8.83480 -0.84599 2 
39.767 -40.889 8.99779 -0.83936 2 
42.332 -40.889 8.83074 -0.72764 2 
44.898 -40.889 9.09833 -0.60731 2 
47.464 -40.889 9.06478 -0.57640 2 
50.029 -40.889 8.98821 -0.68642 2 
52.595 -40.889 9.07916 -0.61644 2 
55.160 -40.889 9.23342 -0.40822 2 
57.726 -40.889 9.31808 -0.35428 2 
60.292 -40.889 9.06312 -0.47868 2 
62.857 -40.889 9.22902 -0.19101 2 
65.423 -40.889 9.12032 -0.31300 2 
67.988 -40.889 9.20807 -0.00601 2 
70.554 -40.889 9.18191 -0.01101 2 
73.120 -40.889 9.17972 0.00871 2 
75.685 -40.889 9.21049 0.16171 2 
78.251 -40.889 9.22412 0.19317 2 
80.816 -40.889 9.02569 0.33209 2 
83.382 -40.889 9.06959 0.31191 2 
85.948 -40.889 9.04453 0.48411 2 
88.513 -40.889 9.07102 0.39679 2 
91.079 -40.889 8.95035 0.54753 2 
93.644 -40.889 9.10878 0.46363 2 
96.210 -40.889 8.87353 0.55301 2 
98.776 -40.889 8.83497 0.59062 2 
101.341 -40.889 9.01332 0.61330 2 
103.907 -40.889 8.93232 0.59823 2 
106.472 -40.889 8.81137 0.71144 2 
109.038 -40.889 8.89038 0.66493 2 
111.603 -40.889 8.82056 0.77128 2 
114.169 -40.889 8.63874 0.73261 2 
116.735 -40.889 9.01218 0.82060 2 
119.300 -40.889 0.00000 -0.00000 0 
-8.980 -43.455 7.87241 -0.78086 2 
-6.414 -43.455 7.83220 -0.64685 2 
-3.848 -43.455 8.09077 -0.88202 2 
-1.283 -43.455 8.02111 -0.80736 2 
1.283 -43.455 8.07450 -0.84915 2 
3.848 -43.455 8.18267 -0.87695 2 
6.414 -43.455 8.29839 -0.92187 2 
8.980 -43.455 8.34481 -0.88862 2 
11.545 -43.455 8.27452 -0.90074 2 
14.111 -43.455 8.47757 -0.95765 2 
16.676 -43.455 8.54405 -0.76792 2 
19.242 -43.455 8.49917 -0.81292 2 
21.808 -43.455 8.62308 -0.88680 2 
24.373 -43.455 8.49029 -0.88571 2 
26.939 -43.455 8.78473 -0.77417 2 
29.504 -43.455 8.73871 -0.84597 2 
32.070 -43.455 8.79027 -0.84630 2 
34.636 -43.455 8.89858 -0.70359 2 
37.201 -43.455 8.80604 -0.69867 2 
39.767 -43.455 8.93770 -0.59886 2 
42.332 -43.455 8.99797 -0.57537 2 
44.898 -43.455 8.92875 -0.57822 2 
47.464 -43.455 8.94897 -0.49636 2 
50.029 -43.455 8.98224 -0.42745 2 
52.595 -43.455 9.01841 -0.54659 2 
55.160 -43.455 9.06179 -0.40671 2 
57.726 -43.455 9.03221 -0.37063 2 
60.292 -43.455 9.21237 -0.40315 2 
62.857 -43.455 9.11100 -0.25812 2 
65.423 -43.455 9.14445 -0.13201 2 
67.988 -43.455 9.06027 -0.04352 2 
70.554 -43.455 9.12211 0.01538 2 
73.120 -43.455 9.01823 -0.06218 2 
75.685 -43.455 9.07668 0.05635 2 
78.251 -43.455 9.05803 0.17844 2 
80.816 -43.455 9.13422 0.22133 2 
83.382 -43.455 9.14657 0.45943 2 
85.948 -43.455 9.14481 0.28702 2 
88.513 -43.455 8.99429 0.37922 2 
91.079 -43.455 9.07051 0.44745 2 
93.644 -43.455 9.04710 0.52646 2 
96.210 -43.455 8.90050 0.47419 2 
98.776 -43.455 8.93451 0.59859 2 
101.341 -43.455 8.87451 0.63559 2 
103.907 -43.455 8.82245 0.67665 2 
106.472 -43.455 8.87484 0.65555 2 
109.038 -43.455 8.68801 0.69765 2 
111.603 -43.455 8.63686 0.63044 2 
114.169 -43.455 8.73190 0.62446 2 
116.735 -43.455 9.10583 0.78073 2 
119.300 -43.455 0.00000 -0.00000 0 
-8.980 -46.020 7.82024 -0.74089 2 
-6.414 -46.020 8.07513 -0.82936 2 
-3.848 -46.020 8.15718 -0.77547 2 
-1.283 -46.020 8.06779 -0.79820 2 
1.283 -46.020 8.16035 -0.80007 2 
3.848 -46.020 8.10874 -0.88185 2 
6.414 -46.020 8.19508 -0.82870 2 
8.980 -46.020 8.32854 -0.91451 2 
11.545 -46.020 8.37831 -0.94012 2 
14.111 -46.020 8.35813 -0.84634 2 
16.676 -46.020 8.49949 -0.88771 2 
19.242 -46.020 8.59167 -0.87478 2 
21.808 -46.020 8.61955 -0.73466 2 
24.373 -46.020 8.72224 -0.88640 2 
26.939 -46.020 8.69713 -0.78885 2 
29.504 -46.020 8.60704 -0.77172 2 
32.070 -46.020 8.85493 -0.72175 2 
34.636 -46.020 8.65529 -0.62298 2 
37.201 -46.020 8.80847 -0.66573 2 
39.767 -46.020 8.73399 -0.65195 2 
42.332 -46.020 8.82788 -0.63590 2 
44.898 -46.020 8.90218 -0.57513 2 
47.464 -46.020 8.99542 -0.53804 2 
50.029 -46.020 8.87653 -0.52147 2 
52.595 -46.020 9.05889 -0.59397 2 
55.160 -46.020 9.00849 -0.40160 2 
57.726 -46.020 9.03395 -0.24346 2 
60.292 -46.020 8.84312 -0.25028 2 
62.857 -46.020 9.13823 -0.15977 2 
65.423 -46.020 8.99059 -0.12484 2 
67.988 -46.020 9.07946 -0.01129 2 
70.554 -46.020 8.98418 -0.01637 2 
73.120 -46.020 9.16545 0.10306 2 
75.685 -46.020 9.03926 0.09375 2 
78.251 -46.020 9.09700 0.17933 2 
80.816 -46.020 8.94037 0.27221 2 
83.382 -46.020 9.05679 0.23037 2 
85.948 -46.020 8.94625 0.45581 2 
88.513 -46.020 9.01431 0.26615 2 
91.079 -46.020 8.93748 0.44309 2 
93.644 -46.020 9.04939 0.51052 2 
96.210 -46.020 8.83923 0.50379 2 
98.776 -46.020 8.99057 0.53656 2 
101.341 -46.020 8.88492 0.52746 2 
103.907 -46.020 8.90141 0.62460 2 
106.472 -46.020 8.80031 0.55700 2 
109.038 -46.020 8.84179 0.82183 2 
111.603 -46.020 8.65649 0.69420 2 
114.169 -46.020 8.63386 0.78293 2 
116.735 -46.020 9.11156 0.77147 2 
119.300 -46.020 0.00000 -0.00000 0 
-8.980 -48.586 8.16231 -0.68209 2 
-6.414 -48.586 8.01041 -0.74069 2 
-3.848 -48.586 8.05865 -0.72783 2 
-1.283 -48.586 8.00473 -0.82365 2 
1.283 -48.586 8.16343 -0.83220 2 
3.848 -48.586 8.31850 -0.78120 2 
6.414 -48.586 8.24826 -0.67356 2 
8.980 -48.586 8.21464 -0.81858 2 
11.545 -48.586 8.31534 -0.77093 2 
14.111 -48.586 8.62784 -0.76284 2 
16.676 -48.586 8.44265 -0.77577 2 
19.242 -48.586 8.49302 -0.77361 2 
21.808 -48.586 8.58281 -0.75532 2 
24.373 -48.586 8.51693 -0.65032 2 
26.939 -48.586 8.68744 -0.85627 2 
29.504 -48.586 8.79434 -0.68406 2 
32.070 -48.586 8.68483 -0.75552 2 
34.636 -48.586 8.71853 -0.63587 2 
37.201 -48.586 8.85906 -0.71193 2 
39.767 -48.586 8.76245 -0.54867 2 
42.332 -48.586 8.82381 -0.64143 2 
44.898 -48.586 8.78123 -0.47349 2 
47.464 -48.586 8.78869 -0.56881 2 
50.029 -48.586 9.08478 -0.48392 2 
52.595 -48.586 8.90020 -0.41174 2 
55.160 -48.586 9.06774 -0.29474 2 
57.726 -48.586 8.97892 -0.27009 2 
60.292 -48.586 8.91188 -0.22006 2 
62.857 -48.586 9.17470 -0.25545 2 
65.423 -48.586 8.90956 -0.07096 2 
67.988 -48.586 8.94678 -0.05197 2 
70.554 -48.586 9.04841 0.04982 2 
73.120 -48.586 9.00032 -0.07238 2 
75.685 -48.586 8.99612 0.21694 2 
78.251 -48.586 9.00488 0.22825 2 
80.816 -48.586 9.02460 0.21457 2 
83.382 -48.586 8.86589 0.38729 2 
85.948 -48.586 9.08109 0.41793 2 
88.513 -48.586 8.84658 0.37445 2 
91.079 -48.586 8.87960 0.36343 2 
93.644 -48.586 8.92774 0.45849 2 
96.210 -48.586 8.92193 0.44921 2 
98.776 -48.586 8.71115 0.44782 2 
101.341 -48.586 8.86548 0.54799 2 
103.907 -48.586 8.79621 0.50586 2 
106.472 -48.586 8.75411 0.63776 2 
109.038 -48.586 8.66660 0.51425 2 
111.603 -48.586 8.66833 0.60475 2 
114.169 -48.586 8.75042 0.65021 2 
116.735 -48.586 9.11728 0.76220 2 
119.300 -48.586 0.00000 -0.00000 0 
-8.980 -51.152 8.04129 -0.78391 2 
-6.414 -51.152 7.98734 -0.61986 2 
-3.848 -51.152 8.11596 -0.78729 2 
-1.283 -51.152 8.19522 -0.67388 2 
1.283 -51.152 8.12748 -0.76293 2 
3.848 -51.152 8.20398 -0.75971 2 
6.414 -51.152 8.36911 -0.86479 2 
8.980 -51.152 8.31864 -0.84268 2 
11.545 -51.152 8.41151 -0.81475 2 
14.111 -51.152 8.51530 -0.76762 2 
16.676 -51.152 8.40952 -0.81029 2 
19.242 -51.152 8.60986 -0.75895 2 
21.808 -51.152 8.50830 -0.71284 2 
24.373 -51.152 8.60322 -0.78892 2 
26.939 -51.152 8.60102 -0.66900 2 
29.504 -51.152 8.68638 -0.71543 2 
32.070 -51.152 8.63540 -0.63390 2 
34.636 -51.152 8.72007 -0.65628 2 
37.201 -51.152 8.85477 -0.56056 2 
39.767 -51.152 8.83620 -0.61913 2 
42.332 -51.152 8.82462 -0.68262 2 
44.898 -51.152 8.78226 -0.57862 2 
47.464 -51.152 9.03330 -0.35063 2 
50.029 -51.152 8.79495 -0.51033 2 
52.595 -51.152 8.88066 -0.30358 2 
55.160 -51.152 8.84927 -0.37543 2 
57.726 -51.152 9.02342 -0.44488 2 
60.292 -51.152 8.92459 -0.30652 2 
62.857 -51.152 9.00746 -0.16599 2 
65.423 -51.152 9.05157 -0.18705 2 
67.988 -51.152 8.95573 -0.01893 2 
70.554 -51.152 8.96401 0.09892 2 
73.120 -51.152 9.03239 0.06746 2 
75.685 -51.152 8.92144 0.08150 2 
78.251 -51.152 8.99086 0.18246 2 
80.816 -51.152 8.93426 0.19042 2 
83.382 -51.152 9.04253 0.34106 2 
85.948 -51.152 8.94511 0.16605 2 
88.513 -51.152 8.90649 0.30112 2 
91.079 -51.152 8.96866 0.28365 2 
93.644 -51.152 8.94704 0.45906 2 
96.210 -51.152 8.88398 0.29009 2 
98.776 -51.152 8.67569 0.48286 2 
101.341 -51.152 8.69115 0.50322 2 
103.907 -51.152 8.79919 0.56683 2 
106.472 -51.152 8.66160 0.56373 2 
109.038 -51.152 8.72893 0.62566 2 
111.603 -51.152 8.71315 0.65920 2 
114.169 -51.152 8.58264 0.61116 2 
116.735 -51.152 8.83900 0.60440 2 
119.300 -51.152 0.00000 -0.00000 0 
-8.980 -53.717 7.82332 -0.70638 2 
-6.414 -53.717 8.20636 -0.84336 2 
-3.848 -53.717 7.93097 -0.61797 2 
-1.283 -53.717 8.15514 -0.86501 2 
1.283 -53.717 8.22227 -0.73701 2 
3.848 -53.717 8.05388 -0.82546 2 
6.414 -53.717 8.26636 -0.70539 2 
8.980 -53.717 8.32037 -0.80422 2 
11.545 -53.717 8.38763 -0.67021 2 
14.111 -53.717 8.48849 -0.85952 2 
16.676 -53.717 8.43077 -0.76740 2 
19.242 -53.717 8.49397 -0.76457 2 
21.808 -53.717 8.61262 -0.80394 2 
24.373 -53.717 8.57970 -0.81034 2 
26.939 -53.717 8.53851 -0.75999 2 
29.504 -53.717 8.72510 -0.72655 2 
32.070 -53.717 8.68069 -0.72839 2 
34.636 -53.717 8.67592 -0.66252 2 
37.201 -53.717 8.68616 -0.72251 2 
39.767 -53.717 8.80084 -0.55837 2 
42.332 -53.717 8.73791 -0.62943 2 
44.898 -53.717 8.84635 -0.59110 2 
47.464 -53.717 8.68915 -0.47387 2 
50.029 -53.717 8.78543 -0.52165 2 
52.595 -53.717 8.82602 -0.37016 2 
55.160 -53.717 8.92159 -0.45534 2 
57.726 -53.717 8.90069 -0.30983 2 
60.292 -53.717 8.74929 -0.26353 2 
62.857 -53.717 8.88332 -0.24905 2 
65.423 -53.717 8.78976 0.01868 2 
67.988 -53.717 8.96102 -0.10470 2 
70.554 -53.717 8.96849 -0.02923 2 
73.120 -53.717 9.01321 0.10136 2 
75.685 -53.717 8.81500 -0.02697 2 
78.251 -53.717 8.80213 0.08137 2 
80.816 -53.717 8.92478 0.25918 2 
83.382 -53.717 8.94907 0.43931 2 
85.948 -53.717 9.01559 0.21850 2 
88.513 -53.717 8.72245 0.38598 2 
91.079 -53.717 8.79564 0.50067 2 
93.644 -53.717 8.79824 0.42997 2 
96.210 -53.717 8.75647 0.39886 2 
98.776 -53.717 8.89581 0.44563 2 
101.341 -53.717 8.80232 0.62027 2 
103.907 -53.717 8.70279 0.45981 2 
106.472 -53.717 8.71553 0.62920 2 
109.038 -53.717 8.63487 0.54685 2 
111.603 -53.717 8.46680 0.66907 2 
114.169 -53.717 8.81885 0.63241 2 
116.735 -53.717 0.00000 -0.00000 0 
119.300 -53.717 0.00000 -0.00000 0 
-8.980 -56.283 8.21883 -0.44513 2 
-6.414 -56.283 8.15044 -0.50874 2 
-3.848 -56.283 8.08205 -0.57235 2 
-1.283 -56.283 8.12057 -0.43707 2 
1.283 -56.283 8.15604 -0.35932 2 
3.848 -56.283 8.22478 -0.60827 2 
6.414 -56.283 8.24397 -0.44725 2 
8.980 -56.283 8.30973 -0.53444 2 
11.545 -56.283 8.34379 -0.51413 2 
14.111 -56.283 8.37786 -0.49381 2 
16.676 -56.283 8.41192 -0.47350 2 
19.242 -56.283 8.44598 -0.45318 2 
21.808 -56.283 8.48004 -0.43287 2 
24.373 -56.283 8.51411 -0.41255 2 
26.939 -56.283 8.54817 -0.39224 2 
29.504 -56.283 8.58223 -0.37192 2 
32.070 -56.283 8.61630 -0.35161 2 
34.636 -56.283 8.65036 -0.33130 2 
37.201 -56.283 8.68442 -0.31098 2 
39.767 -56.283 8.71848 -0.29067 2 
42.332 -56.283 8.75255 -0.27035 2 
44.898 -56.283 8.83890 -0.20300 2 
47.464 -56.283 8.92526 -0.13564 2 
50.029 -56.283 8.77308 0.03549 2 
52.595 -56.283 8.82811 -0.08792 2 
55.160 -56.283 8.75376 0.05818 2 
57.726 -56.283 8.84159 -0.12819 2 
60.292 -56.283 8.79796 -0.08970 2 
62.857 -56.283 8.93802 -0.01732 2 
65.423 -56.283 8.90449 -0.03939 2 
67.988 -56.283 8.95428 0.16765 2 
70.554 -56.283 8.94448 0.01697 2 
73.120 -56.283 8.91623 0.12523 2 
75.685 -56.283 8.88115 0.06061 2 
78.251 -56.283 8.84428 -0.01921 2 
80.816 -56.283 8.89342 0.25371 2 
83.382 -56.283 8.80717 0.03492 2 
85.948 -56.283 8.90977 0.02454 2 
88.513 -56.283 8.86512 0.12972 2 
91.079 -56.283 8.91892 -0.03637 2 
93.644 -56.283 8.86155 0.03651 2 
96.210 -56.283 8.77551 0.09349 2 
98.776 -56.283 8.79069 0.08059 2 
101.341 -56.283 8.80587 0.06769 2 
103.907 -56.283 8.74018 0.29790 2 
106.472 -56.283 0.00000 -0.00000 0 
109.038 -56.283 0.00000 -0.00000 0 
111.603 -56.283 0.00000 -0.00000 0 
114.169 -56.283 0.00000 -0.00000 0 
116.735 -56.283 0.00000 -0.00000 0 
119.300 -56.283 0.00000 -0.00000 0 
