TITLE = "B00003"
VARIABLES = "X [mm]", "Y [mm]", "Vx [m/s]", "Vy [m/s]", "Flag"
ZONE T="Frame 1", I=51, J=39, F=POINT
-8.980 41.210 7.27197 0.43380 2 
-6.414 41.210 7.16949 0.45223 2 
-3.848 41.210 7.30668 0.32952 2 
-1.283 41.210 7.37657 0.44563 2 
1.283 41.210 7.43709 0.41604 2 
3.848 41.210 0.00000 -0.00000 0 
6.414 41.210 0.00000 -0.00000 0 
8.980 41.210 0.00000 -0.00000 0 
11.545 41.210 0.00000 -0.00000 0 
14.111 41.210 0.00000 -0.00000 0 
16.676 41.210 0.00000 -0.00000 0 
19.242 41.210 3.51969 0.34501 2 
21.808 41.210 7.03938 0.69001 2 
24.373 41.210 7.72713 0.79716 2 
26.939 41.210 7.54001 0.61418 2 
29.504 41.210 7.61053 0.87568 2 
32.070 41.210 7.59941 0.82835 2 
34.636 41.210 7.59931 0.70945 2 
37.201 41.210 7.82768 0.74898 2 
39.767 41.210 7.57509 0.68812 2 
42.332 41.210 7.80534 0.76258 2 
44.898 41.210 7.89089 0.81553 2 
47.464 41.210 8.01072 0.76246 2 
50.029 41.210 7.87797 0.68358 2 
52.595 41.210 8.23972 0.76711 2 
55.160 41.210 8.07439 0.92909 2 
57.726 41.210 8.13861 0.57195 2 
60.292 41.210 8.23667 1.02529 2 
62.857 41.210 8.28653 0.60544 2 
65.423 41.210 8.35961 0.90873 2 
67.988 41.210 8.33748 0.69273 2 
70.554 41.210 8.46010 0.62272 2 
73.120 41.210 8.54826 0.80216 2 
75.685 41.210 8.55274 0.78011 2 
78.251 41.210 8.76591 0.45080 2 
80.816 41.210 0.00000 0.00000 0 
83.382 41.210 8.48546 0.48351 2 
85.948 41.210 8.48895 0.50953 2 
88.513 41.210 8.78326 0.35236 2 
91.079 41.210 8.57844 0.28281 2 
93.644 41.210 8.92307 0.04453 2 
96.210 41.210 8.57704 0.16286 2 
98.776 41.210 8.69207 -0.18375 2 
101.341 41.210 8.63033 -0.06533 2 
103.907 41.210 8.65827 -0.14948 2 
106.472 41.210 8.52850 -0.24166 2 
109.038 41.210 8.59982 -0.26652 2 
111.603 41.210 8.32776 -0.41331 2 
114.169 41.210 8.35491 -0.29171 2 
116.735 41.210 8.82456 -0.40587 2 
119.300 41.210 0.00000 -0.00000 0 
-8.980 38.644 7.31136 0.36907 2 
-6.414 38.644 7.24311 0.32783 2 
-3.848 38.644 7.29345 0.37998 2 
-1.283 38.644 7.10727 0.44550 2 
1.283 38.644 7.78499 0.41590 2 
3.848 38.644 0.00000 -0.00000 0 
6.414 38.644 0.00000 -0.00000 0 
8.980 38.644 0.00000 -0.00000 0 
11.545 38.644 0.00000 -0.00000 0 
14.111 38.644 0.00000 -0.00000 0 
16.676 38.644 0.00000 -0.00000 0 
19.242 38.644 3.94473 0.43575 2 
21.808 38.644 7.88947 0.87149 2 
24.373 38.644 7.36601 0.70460 2 
26.939 38.644 7.53725 0.75464 2 
29.504 38.644 7.50375 0.76600 2 
32.070 38.644 7.65716 0.86807 2 
34.636 38.644 7.78727 0.91913 2 
37.201 38.644 7.70455 0.85118 2 
39.767 38.644 7.90628 0.77161 2 
42.332 38.644 7.81550 0.92840 2 
44.898 38.644 7.94394 0.90356 2 
47.464 38.644 7.84973 0.77176 2 
50.029 38.644 8.04622 1.04052 2 
52.595 38.644 8.20749 0.83489 2 
55.160 38.644 8.28216 0.97206 2 
57.726 38.644 8.16670 0.97118 2 
60.292 38.644 8.36063 0.78859 2 
62.857 38.644 8.52480 0.66966 2 
65.423 38.644 8.37402 0.85406 2 
67.988 38.644 8.54765 0.81869 2 
70.554 38.644 8.44994 0.81753 2 
73.120 38.644 8.45830 0.62238 2 
75.685 38.644 8.79750 0.64946 2 
78.251 38.644 8.81803 0.67877 2 
80.816 38.644 0.00000 0.00000 0 
83.382 38.644 8.75980 0.58800 2 
85.948 38.644 8.77078 0.52622 2 
88.513 38.644 8.73846 0.20211 2 
91.079 38.644 8.61284 0.36402 2 
93.644 38.644 8.59368 0.31513 2 
96.210 38.644 8.71544 0.00886 2 
98.776 38.644 8.65410 0.10132 2 
101.341 38.644 8.83749 -0.38244 2 
103.907 38.644 8.57316 -0.26173 2 
106.472 38.644 8.60272 -0.24399 2 
109.038 38.644 8.44464 -0.37867 2 
111.603 38.644 8.67091 -0.39365 2 
114.169 38.644 8.19459 -0.39963 2 
116.735 38.644 8.44885 -0.52565 2 
119.300 38.644 0.00000 -0.00000 0 
-8.980 36.079 6.96295 0.25881 2 
-6.414 36.079 7.33110 0.34800 2 
-3.848 36.079 7.15591 0.48267 2 
-1.283 36.079 7.11455 0.56968 2 
1.283 36.079 7.64504 0.15114 2 
3.848 36.079 0.00000 -0.00000 0 
6.414 36.079 0.00000 -0.00000 0 
8.980 36.079 0.00000 -0.00000 0 
11.545 36.079 0.00000 -0.00000 0 
14.111 36.079 0.00000 -0.00000 0 
16.676 36.079 0.00000 -0.00000 0 
19.242 36.079 1.22432 -0.01973 2 
21.808 36.079 7.87020 0.90613 2 
24.373 36.079 7.27096 0.74076 2 
26.939 36.079 7.40717 0.94819 2 
29.504 36.079 7.66600 1.00013 2 
32.070 36.079 7.55085 0.81956 2 
34.636 36.079 7.46724 0.97050 2 
37.201 36.079 7.76632 0.81811 2 
39.767 36.079 7.66254 0.90026 2 
42.332 36.079 7.69387 0.95040 2 
44.898 36.079 7.85213 0.85955 2 
47.464 36.079 7.90314 1.14073 2 
50.029 36.079 8.16650 0.67983 2 
52.595 36.079 8.17947 0.91468 2 
55.160 36.079 8.25529 0.88133 2 
57.726 36.079 8.10149 0.85376 2 
60.292 36.079 8.42766 0.78358 2 
62.857 36.079 8.22357 0.79819 2 
65.423 36.079 8.53536 0.65898 2 
67.988 36.079 8.31754 0.89014 2 
70.554 36.079 8.66120 0.58855 2 
73.120 36.079 8.49427 0.65608 2 
75.685 36.079 8.59980 0.49309 2 
78.251 36.079 8.40560 0.63996 2 
80.816 36.079 0.00000 0.00000 0 
83.382 36.079 8.62191 0.52340 2 
85.948 36.079 8.67218 0.32581 2 
88.513 36.079 8.64351 0.20239 2 
91.079 36.079 8.93286 0.55113 2 
93.644 36.079 8.93662 0.31230 2 
96.210 36.079 8.79956 -0.05498 2 
98.776 36.079 8.96398 -0.00363 2 
101.341 36.079 8.83353 -0.01829 2 
103.907 36.079 8.89137 -0.30420 2 
106.472 36.079 8.59871 -0.14444 2 
109.038 36.079 8.56852 -0.38301 2 
111.603 36.079 8.47348 -0.55326 2 
114.169 36.079 8.57916 -0.62486 2 
116.735 36.079 8.62957 -0.94898 2 
119.300 36.079 0.00000 -0.00000 0 
-8.980 33.513 7.16703 0.20519 2 
-6.414 33.513 7.21282 0.26706 2 
-3.848 33.513 7.35240 0.41715 2 
-1.283 33.513 7.09700 0.40466 2 
1.283 33.513 7.63637 0.50727 2 
3.848 33.513 0.00000 -0.00000 0 
6.414 33.513 0.00000 -0.00000 0 
8.980 33.513 0.00000 -0.00000 0 
11.545 33.513 0.00000 -0.00000 0 
14.111 33.513 0.00000 -0.00000 0 
16.676 33.513 0.00000 -0.00000 0 
19.242 33.513 3.81189 0.47521 2 
21.808 33.513 7.62377 0.95042 2 
24.373 33.513 7.52699 0.81659 2 
26.939 33.513 7.36501 0.81659 2 
29.504 33.513 7.51321 0.92454 2 
32.070 33.513 7.74748 0.96177 2 
34.636 33.513 7.56118 1.04840 2 
37.201 33.513 7.84048 0.98257 2 
39.767 33.513 7.71467 1.08460 2 
42.332 33.513 7.79414 0.89983 2 
44.898 33.513 8.04765 0.95018 2 
47.464 33.513 7.90435 0.92560 2 
50.029 33.513 8.14149 1.00186 2 
52.595 33.513 8.16838 0.93016 2 
55.160 33.513 8.14923 0.93739 2 
57.726 33.513 8.42932 1.02984 2 
60.292 33.513 8.05974 1.01449 2 
62.857 33.513 8.50681 0.69087 2 
65.423 33.513 8.34197 1.04103 2 
67.988 33.513 8.59609 0.72171 2 
70.554 33.513 8.51095 0.71200 2 
73.120 33.513 8.60216 0.88194 2 
75.685 33.513 8.82986 0.74840 2 
78.251 33.513 8.82543 0.53783 2 
80.816 33.513 0.00000 0.00000 0 
83.382 33.513 8.80722 0.59877 2 
85.948 33.513 8.87739 0.58047 2 
88.513 33.513 8.91014 0.42859 2 
91.079 33.513 8.72522 0.05779 2 
93.644 33.513 9.08950 0.23453 2 
96.210 33.513 9.05564 0.05591 2 
98.776 33.513 8.79064 -0.12781 2 
101.341 33.513 8.84641 -0.10992 2 
103.907 33.513 8.73245 -0.34748 2 
106.472 33.513 8.79323 -0.67028 2 
109.038 33.513 8.69279 -0.63301 2 
111.603 33.513 8.42935 -0.75502 2 
114.169 33.513 8.21008 -0.54057 2 
116.735 33.513 8.56851 -0.59172 2 
119.300 33.513 0.00000 -0.00000 0 
-8.980 30.948 7.07123 0.33517 2 
-6.414 30.948 7.22557 0.40160 2 
-3.848 30.948 7.03096 0.32532 2 
-1.283 30.948 7.15998 0.31180 2 
1.283 30.948 7.38476 0.47524 2 
3.848 30.948 0.00000 -0.00000 0 
6.414 30.948 0.00000 -0.00000 0 
8.980 30.948 0.00000 -0.00000 0 
11.545 30.948 0.00000 -0.00000 0 
14.111 30.948 0.00000 -0.00000 0 
16.676 30.948 0.00000 -0.00000 0 
19.242 30.948 3.83034 0.42587 2 
21.808 30.948 7.66068 0.85175 2 
24.373 30.948 7.42308 0.94493 2 
26.939 30.948 7.41904 1.03279 2 
29.504 30.948 7.50728 0.81488 2 
32.070 30.948 7.40960 1.04120 2 
34.636 30.948 7.44735 0.91893 2 
37.201 30.948 7.59289 1.18252 2 
39.767 30.948 7.71980 0.89268 2 
42.332 30.948 7.71498 1.17304 2 
44.898 30.948 8.06730 0.94138 2 
47.464 30.948 7.78112 1.18342 2 
50.029 30.948 8.20593 1.00563 2 
52.595 30.948 7.98996 1.09281 2 
55.160 30.948 8.15960 1.15200 2 
57.726 30.948 8.27165 0.91620 2 
60.292 30.948 8.18811 0.74074 2 
62.857 30.948 8.63341 1.06627 2 
65.423 30.948 8.37589 0.91869 2 
67.988 30.948 8.61492 1.02138 2 
70.554 30.948 8.53756 0.82148 2 
73.120 30.948 8.68878 0.92133 2 
75.685 30.948 8.62826 0.76024 2 
78.251 30.948 8.81192 0.75871 2 
80.816 30.948 0.00000 0.00000 0 
83.382 30.948 8.84888 0.65022 2 
85.948 30.948 8.88738 0.59640 2 
88.513 30.948 9.06358 0.42655 2 
91.079 30.948 8.97939 0.51317 2 
93.644 30.948 8.87870 0.16431 2 
96.210 30.948 9.11172 0.25298 2 
98.776 30.948 9.06661 -0.19990 2 
101.341 30.948 9.00279 -0.41636 2 
103.907 30.948 9.09281 -0.45629 2 
106.472 30.948 8.59956 -0.44253 2 
109.038 30.948 8.91531 -0.64410 2 
111.603 30.948 8.57515 -0.97837 2 
114.169 30.948 8.33850 -0.92109 2 
116.735 30.948 8.74136 -0.91138 2 
119.300 30.948 0.00000 -0.00000 0 
-8.980 28.382 7.16432 0.19790 2 
-6.414 28.382 7.16775 0.36585 2 
-3.848 28.382 7.13454 0.41758 2 
-1.283 28.382 7.05287 0.49349 2 
1.283 28.382 7.23112 0.55389 2 
3.848 28.382 7.12372 0.45982 2 
6.414 28.382 0.00000 -0.00000 0 
8.980 28.382 0.00000 -0.00000 0 
11.545 28.382 0.00000 -0.00000 0 
14.111 28.382 0.00000 -0.00000 0 
16.676 28.382 2.61669 0.35483 2 
19.242 28.382 5.15723 0.71831 2 
21.808 28.382 7.62159 1.09046 2 
24.373 28.382 7.26516 1.05608 2 
26.939 28.382 7.40598 0.95225 2 
29.504 28.382 7.41633 1.12545 2 
32.070 28.382 7.50127 1.07313 2 
34.636 28.382 7.54127 1.00567 2 
37.201 28.382 7.70488 1.12734 2 
39.767 28.382 7.74371 1.07760 2 
42.332 28.382 7.86659 1.07501 2 
44.898 28.382 7.81428 1.29776 2 
47.464 28.382 8.19103 1.02770 2 
50.029 28.382 7.95813 1.10458 2 
52.595 28.382 8.09310 1.01597 2 
55.160 28.382 8.37511 1.16517 2 
57.726 28.382 8.44188 1.05465 2 
60.292 28.382 8.32401 1.08519 2 
62.857 28.382 8.22992 0.83825 2 
65.423 28.382 8.47961 1.07038 2 
67.988 28.382 8.61824 1.01666 2 
70.554 28.382 8.75798 1.06609 2 
73.120 28.382 8.69132 0.68582 2 
75.685 28.382 8.76512 1.01471 2 
78.251 28.382 8.61817 0.69763 2 
80.816 28.382 8.91501 0.72430 2 
83.382 28.382 8.88658 0.58184 2 
85.948 28.382 8.85815 0.43938 2 
88.513 28.382 9.09762 0.65725 2 
91.079 28.382 9.03031 0.25422 2 
93.644 28.382 9.27526 0.06580 2 
96.210 28.382 9.11730 0.13377 2 
98.776 28.382 9.25982 -0.07202 2 
101.341 28.382 9.02937 -0.21002 2 
103.907 28.382 9.07677 -0.53806 2 
106.472 28.382 9.22385 -0.65669 2 
109.038 28.382 8.97311 -0.72325 2 
111.603 28.382 8.68523 -0.86850 2 
114.169 28.382 8.60530 -0.89006 2 
116.735 28.382 8.80120 -1.05817 2 
119.300 28.382 0.00000 -0.00000 0 
-8.980 25.816 7.00886 0.23684 2 
-6.414 25.816 7.04142 0.36628 2 
-3.848 25.816 7.05071 0.29014 2 
-1.283 25.816 7.03801 0.41292 2 
1.283 25.816 7.01691 0.43424 2 
3.848 25.816 7.60174 0.58458 2 
6.414 25.816 0.00000 -0.00000 0 
8.980 25.816 0.00000 -0.00000 0 
11.545 25.816 0.00000 -0.00000 0 
14.111 25.816 0.00000 -0.00000 0 
16.676 25.816 3.92504 0.53224 2 
19.242 25.816 7.85008 1.06448 2 
21.808 25.816 7.09756 0.94997 2 
24.373 25.816 7.27765 1.14621 2 
26.939 25.816 7.34109 1.06507 2 
29.504 25.816 7.39420 1.12598 2 
32.070 25.816 7.54811 1.10504 2 
34.636 25.816 7.47307 1.30167 2 
37.201 25.816 7.73038 1.10575 2 
39.767 25.816 7.60854 1.14326 2 
42.332 25.816 7.79218 1.07688 2 
44.898 25.816 7.99345 1.22503 2 
47.464 25.816 7.78537 1.08086 2 
50.029 25.816 8.09995 1.08237 2 
52.595 25.816 8.19315 1.24242 2 
55.160 25.816 8.06683 1.14870 2 
57.726 25.816 8.41484 1.18473 2 
60.292 25.816 8.28965 1.22229 2 
62.857 25.816 8.28552 1.09925 2 
65.423 25.816 8.47038 1.09983 2 
67.988 25.816 8.52757 0.97591 2 
70.554 25.816 8.79656 0.95959 2 
73.120 25.816 8.85805 0.85395 2 
75.685 25.816 8.82590 0.77639 2 
78.251 25.816 8.97037 1.11702 2 
80.816 25.816 8.86770 0.92144 2 
83.382 25.816 0.00000 0.00000 0 
85.948 25.816 9.01171 0.58087 2 
88.513 25.816 9.34540 0.55445 2 
91.079 25.816 8.94361 0.25618 2 
93.644 25.816 9.28242 0.36066 2 
96.210 25.816 9.22656 0.07525 2 
98.776 25.816 9.40261 -0.16873 2 
101.341 25.816 9.45491 -0.15765 2 
103.907 25.816 9.25741 -0.70960 2 
106.472 25.816 9.20191 -0.76481 2 
109.038 25.816 8.94961 -0.92842 2 
111.603 25.816 8.72514 -1.22112 2 
114.169 25.816 8.57646 -1.23709 2 
116.735 25.816 8.53356 -1.44425 2 
119.300 25.816 0.00000 -0.00000 0 
-8.980 23.251 7.01918 0.13184 2 
-6.414 23.251 6.94097 0.36499 2 
-3.848 23.251 6.99927 0.07528 2 
-1.283 23.251 6.99444 0.43787 2 
1.283 23.251 6.80986 0.43305 2 
3.848 23.251 7.14471 0.48568 2 
6.414 23.251 0.00000 -0.00000 0 
8.980 23.251 0.00000 -0.00000 0 
11.545 23.251 0.00000 -0.00000 0 
14.111 23.251 0.00000 -0.00000 0 
16.676 23.251 3.98155 0.42529 2 
19.242 23.251 7.96309 0.85058 2 
21.808 23.251 7.11826 1.00198 2 
24.373 23.251 7.26021 1.04853 2 
26.939 23.251 7.42212 1.05971 2 
29.504 23.251 7.31118 1.12059 2 
32.070 23.251 7.48531 1.31389 2 
34.636 23.251 7.38581 1.28409 2 
37.201 23.251 7.57206 1.44405 2 
39.767 23.251 7.56496 1.20073 2 
42.332 23.251 7.74852 1.33379 2 
44.898 23.251 7.94754 1.26732 2 
47.464 23.251 7.82560 1.35417 2 
50.029 23.251 8.12237 1.24995 2 
52.595 23.251 8.06209 1.26876 2 
55.160 23.251 8.54005 1.26395 2 
57.726 23.251 8.30361 1.20685 2 
60.292 23.251 8.32633 1.03817 2 
62.857 23.251 8.51751 1.27241 2 
65.423 23.251 8.84790 1.01304 2 
67.988 23.251 8.80080 1.13843 2 
70.554 23.251 8.67263 1.19425 2 
73.120 23.251 8.75490 1.17319 2 
75.685 23.251 8.71480 0.98506 2 
78.251 23.251 8.86365 0.79101 2 
80.816 23.251 9.17950 1.00501 2 
83.382 23.251 0.00000 0.00000 0 
85.948 23.251 9.48529 0.73538 2 
88.513 23.251 9.51788 0.66202 2 
91.079 23.251 9.55047 0.58867 2 
93.644 23.251 9.46443 0.20521 2 
96.210 23.251 9.47348 0.29481 2 
98.776 23.251 9.71132 -0.01784 2 
101.341 23.251 9.80120 -0.30071 2 
103.907 23.251 9.78293 -0.77082 2 
106.472 23.251 9.44792 -0.78442 2 
109.038 23.251 9.31554 -1.27448 2 
111.603 23.251 9.03559 -1.66140 2 
114.169 23.251 8.54000 -1.76970 2 
116.735 23.251 8.41091 -1.83711 2 
119.300 23.251 0.00000 -0.00000 0 
-8.980 20.685 7.04552 0.09694 2 
-6.414 20.685 6.97812 0.14000 2 
-3.848 20.685 6.87270 0.27210 2 
-1.283 20.685 6.93336 0.32036 2 
1.283 20.685 6.84513 0.43404 2 
3.848 20.685 7.16409 0.56321 2 
6.414 20.685 0.00000 -0.00000 0 
8.980 20.685 0.00000 -0.00000 0 
11.545 20.685 0.00000 -0.00000 0 
14.111 20.685 0.00000 -0.00000 0 
16.676 20.685 3.88380 0.43717 2 
19.242 20.685 7.76760 0.87434 2 
21.808 20.685 6.92182 1.13720 2 
24.373 20.685 7.26729 1.18870 2 
26.939 20.685 7.24009 1.13758 2 
29.504 20.685 7.34701 1.25305 2 
32.070 20.685 7.26560 1.27205 2 
34.636 20.685 7.62018 1.38785 2 
37.201 20.685 7.40249 1.49875 2 
39.767 20.685 7.66513 1.19283 2 
42.332 20.685 7.92434 1.33488 2 
44.898 20.685 7.94038 1.35742 2 
47.464 20.685 7.99869 1.48047 2 
50.029 20.685 8.06752 1.20622 2 
52.595 20.685 8.11754 1.35746 2 
55.160 20.685 8.22487 1.09958 2 
57.726 20.685 8.20808 1.09814 2 
60.292 20.685 8.42633 1.32700 2 
62.857 20.685 8.62615 1.31243 2 
65.423 20.685 9.14952 1.51674 2 
67.988 20.685 9.07403 1.30095 2 
70.554 20.685 9.19681 1.22203 2 
73.120 20.685 9.06093 1.17347 2 
75.685 20.685 9.03578 0.91619 2 
78.251 20.685 9.61762 1.18789 2 
80.816 20.685 9.50545 0.94401 2 
83.382 20.685 0.00000 0.00000 0 
85.948 20.685 0.00000 0.00000 0 
88.513 20.685 0.00000 0.00000 0 
91.079 20.685 9.14758 0.30586 2 
93.644 20.685 9.66403 0.39437 2 
96.210 20.685 9.93504 0.29367 2 
98.776 20.685 9.76810 0.42244 2 
101.341 20.685 10.25104 -0.19863 2 
103.907 20.685 10.08311 -0.56642 2 
106.472 20.685 9.86883 -1.34725 2 
109.038 20.685 9.59589 -1.63165 2 
111.603 20.685 9.19330 -1.97433 2 
114.169 20.685 8.56119 -2.39167 2 
116.735 20.685 8.38088 -2.14914 2 
119.300 20.685 0.00000 -0.00000 0 
-8.980 18.120 6.87408 0.10267 2 
-6.414 18.120 6.86885 0.11345 2 
-3.848 18.120 6.88581 0.16876 2 
-1.283 18.120 6.96219 0.35661 2 
1.283 18.120 6.74797 0.47816 2 
3.848 18.120 6.85998 0.66293 2 
6.414 18.120 0.00000 -0.00000 0 
8.980 18.120 0.00000 -0.00000 0 
11.545 18.120 0.00000 -0.00000 0 
14.111 18.120 0.00000 -0.00000 0 
16.676 18.120 -1.17643 0.70830 2 
19.242 18.120 7.31275 1.01807 2 
21.808 18.120 7.09084 1.23843 2 
24.373 18.120 6.96174 1.23835 2 
26.939 18.120 7.37789 1.34544 2 
29.504 18.120 7.23312 1.45070 2 
32.070 18.120 7.24011 1.25000 2 
34.636 18.120 7.55195 1.44359 2 
37.201 18.120 7.57171 1.52272 2 
39.767 18.120 7.77284 1.48523 2 
42.332 18.120 7.61650 1.52119 2 
44.898 18.120 8.00859 1.54412 2 
47.464 18.120 7.91234 1.41459 2 
50.029 18.120 8.12771 1.42555 2 
52.595 18.120 8.21219 1.28466 2 
55.160 18.120 8.40897 1.73486 2 
57.726 18.120 8.69049 1.44303 2 
60.292 18.120 8.43617 1.55267 2 
62.857 18.120 8.95462 1.05807 2 
65.423 18.120 4.57476 0.75837 2 
67.988 18.120 0.00000 -0.00000 0 
70.554 18.120 0.00000 -0.00000 0 
73.120 18.120 0.00000 -0.00000 0 
75.685 18.120 0.00000 -0.00000 0 
78.251 18.120 0.00000 -0.00000 0 
80.816 18.120 0.00000 -0.00000 0 
83.382 18.120 0.00000 -0.00000 0 
85.948 18.120 0.01638 1.18626 2 
88.513 18.120 4.40035 0.81581 2 
91.079 18.120 8.78433 0.44536 2 
93.644 18.120 10.77952 0.04705 2 
96.210 18.120 5.44735 0.16357 2 
98.776 18.120 9.90383 0.70860 2 
101.341 18.120 10.27615 0.26563 2 
103.907 18.120 9.60453 -0.45105 2 
106.472 18.120 6.46317 0.41918 2 
109.038 18.120 9.95591 -2.12225 2 
111.603 18.120 9.75036 -2.26285 2 
114.169 18.120 9.27596 -3.28945 2 
116.735 18.120 8.03677 -3.55661 2 
119.300 18.120 0.00000 -0.00000 0 
-8.980 15.554 6.95481 0.07107 2 
-6.414 15.554 6.91408 0.19047 2 
-3.848 15.554 6.54743 0.10884 2 
-1.283 15.554 6.74027 0.30647 2 
1.283 15.554 6.64724 0.34954 2 
3.848 15.554 6.96960 0.42886 2 
6.414 15.554 0.00000 -0.00000 0 
8.980 15.554 0.00000 -0.00000 0 
11.545 15.554 0.00000 -0.00000 0 
14.111 15.554 0.00000 -0.00000 0 
16.676 15.554 -0.61832 -0.50011 2 
19.242 15.554 7.26710 1.26749 2 
21.808 15.554 6.98118 1.25032 2 
24.373 15.554 7.10871 1.38007 2 
26.939 15.554 7.13055 1.49680 2 
29.504 15.554 7.21879 1.49150 2 
32.070 15.554 7.40127 1.65306 2 
34.636 15.554 7.42367 1.65531 2 
37.201 15.554 7.63781 1.54884 2 
39.767 15.554 7.74445 1.60402 2 
42.332 15.554 8.05698 1.70701 2 
44.898 15.554 8.11887 1.54180 2 
47.464 15.554 8.13940 1.40735 2 
50.029 15.554 8.15393 1.84067 2 
52.595 15.554 8.70588 1.40911 2 
55.160 15.554 0.00000 -0.00000 0 
57.726 15.554 0.00000 -0.00000 0 
60.292 15.554 0.00000 -0.00000 0 
62.857 15.554 0.00000 -0.00000 0 
65.423 15.554 0.00000 -0.00000 0 
67.988 15.554 0.00000 -0.00000 0 
70.554 15.554 0.00000 -0.00000 0 
73.120 15.554 0.00000 -0.00000 0 
75.685 15.554 0.00000 -0.00000 0 
78.251 15.554 0.00000 -0.00000 0 
80.816 15.554 -0.40871 -0.19151 2 
83.382 15.554 1.43997 0.46795 2 
85.948 15.554 -1.39858 0.09054 2 
88.513 15.554 -1.77504 0.77197 2 
91.079 15.554 2.85155 0.82891 2 
93.644 15.554 3.43573 0.09306 2 
96.210 15.554 0.95966 0.03347 2 
98.776 15.554 3.63919 0.82694 2 
101.341 15.554 4.60627 0.95936 2 
103.907 15.554 4.18857 0.65170 2 
106.472 15.554 3.05750 2.18561 2 
109.038 15.554 4.16471 -0.26502 2 
111.603 15.554 9.88856 -3.66849 2 
114.169 15.554 10.18692 -4.17572 2 
116.735 15.554 8.15643 -5.15152 2 
119.300 15.554 0.00000 -0.00000 0 
-8.980 12.988 6.91174 0.01486 2 
-6.414 12.988 6.72233 0.08299 2 
-3.848 12.988 6.76139 -0.01028 2 
-1.283 12.988 6.64292 0.18290 2 
1.283 12.988 6.54064 0.19065 2 
3.848 12.988 6.53097 0.52586 2 
6.414 12.988 0.00000 -0.00000 0 
8.980 12.988 0.00000 -0.00000 0 
11.545 12.988 0.00000 -0.00000 0 
14.111 12.988 0.00000 -0.00000 0 
16.676 12.988 3.54621 0.77968 2 
19.242 12.988 7.09242 1.55936 2 
21.808 12.988 6.91166 1.53794 2 
24.373 12.988 7.05464 1.57256 2 
26.939 12.988 7.10389 1.75854 2 
29.504 12.988 7.60976 1.79202 2 
32.070 12.988 8.11563 1.82549 2 
34.636 12.988 7.85489 1.73089 2 
37.201 12.988 7.83621 1.86854 2 
39.767 12.988 8.11098 1.85545 2 
42.332 12.988 0.00000 -0.00000 0 
44.898 12.988 0.00000 -0.00000 0 
47.464 12.988 0.00000 -0.00000 0 
50.029 12.988 0.00000 -0.00000 0 
52.595 12.988 0.00000 -0.00000 0 
55.160 12.988 0.00000 -0.00000 0 
57.726 12.988 0.00000 -0.00000 0 
60.292 12.988 0.00000 -0.00000 0 
62.857 12.988 0.00000 -0.00000 0 
65.423 12.988 0.00000 -0.00000 0 
67.988 12.988 0.00000 -0.00000 0 
70.554 12.988 0.00000 -0.00000 0 
73.120 12.988 0.00000 -0.00000 0 
75.685 12.988 -0.21226 -0.04985 2 
78.251 12.988 -0.07169 -0.10015 2 
80.816 12.988 -0.12797 -0.32724 2 
83.382 12.988 -1.24610 -0.42592 2 
85.948 12.988 -1.94280 -0.36091 2 
88.513 12.988 -1.97774 0.38351 2 
91.079 12.988 -3.08122 1.21246 2 
93.644 12.988 -0.32512 0.27113 2 
96.210 12.988 -4.04268 0.71306 2 
98.776 12.988 -2.62544 0.94528 2 
101.341 12.988 -1.06360 1.65310 2 
103.907 12.988 -1.22738 1.75444 2 
106.472 12.988 -0.62271 1.85786 2 
109.038 12.988 -1.62648 1.59221 2 
111.603 12.988 1.29163 -0.72707 2 
114.169 12.988 4.63473 -4.33747 2 
116.735 12.988 4.86737 -5.60361 2 
119.300 12.988 -0.08793 -5.43544 1 
-8.980 10.423 6.78335 -0.25271 2 
-6.414 10.423 6.71418 -0.10025 2 
-3.848 10.423 6.55976 0.13907 2 
-1.283 10.423 6.48207 0.09909 2 
1.283 10.423 6.24609 0.17724 2 
3.848 10.423 6.41846 0.38264 2 
6.414 10.423 1.57649 0.05986 2 
8.980 10.423 0.00000 -0.00000 0 
11.545 10.423 0.00000 -0.00000 0 
14.111 10.423 0.00000 -0.00000 0 
16.676 10.423 2.83697 0.62374 2 
19.242 10.423 4.72828 1.03957 2 
21.808 10.423 7.15533 1.75501 2 
24.373 10.423 7.31240 1.93793 2 
26.939 10.423 7.90752 1.87559 2 
29.504 10.423 3.95376 0.93780 2 
32.070 10.423 0.00000 -0.00000 0 
34.636 10.423 0.00000 -0.00000 0 
37.201 10.423 0.00000 -0.00000 0 
39.767 10.423 0.00000 -0.00000 0 
42.332 10.423 0.00000 -0.00000 0 
44.898 10.423 0.00000 -0.00000 0 
47.464 10.423 0.00000 -0.00000 0 
50.029 10.423 0.00000 -0.00000 0 
52.595 10.423 0.00000 -0.00000 0 
55.160 10.423 0.00000 -0.00000 0 
57.726 10.423 0.00000 -0.00000 0 
60.292 10.423 0.00000 -0.00000 0 
62.857 10.423 0.00000 -0.00000 0 
65.423 10.423 0.00000 -0.00000 0 
67.988 10.423 -0.02837 0.05118 2 
70.554 10.423 -0.05673 0.10236 2 
73.120 10.423 -0.29050 -0.10330 2 
75.685 10.423 -0.42451 -0.09970 2 
78.251 10.423 -0.14339 -0.20031 2 
80.816 10.423 0.15277 -0.46298 2 
83.382 10.423 -1.48906 -0.45775 2 
85.948 10.423 -1.25421 -1.02475 2 
88.513 10.423 -2.56981 0.39941 2 
91.079 10.423 -3.89100 -0.54459 2 
93.644 10.423 -4.08598 0.44919 2 
96.210 10.423 -4.09697 0.91889 2 
98.776 10.423 -3.81862 1.58365 2 
101.341 10.423 -3.90501 1.86135 2 
103.907 10.423 -2.27440 1.82277 2 
106.472 10.423 -3.35127 2.49405 2 
109.038 10.423 -3.12335 1.95536 2 
111.603 10.423 -2.93422 -1.78621 2 
114.169 10.423 -0.91746 -4.49922 2 
116.735 10.423 1.57831 -6.05570 2 
119.300 10.423 -0.01432 -4.48754 2 
-8.980 7.857 6.83777 -0.35350 2 
-6.414 7.857 6.70029 0.00322 2 
-3.848 7.857 6.52341 -0.24346 2 
-1.283 7.857 6.36726 -0.07232 2 
1.283 7.857 6.11229 0.10977 2 
3.848 7.857 6.30594 0.23942 2 
6.414 7.857 3.15297 0.11971 2 
8.980 7.857 0.00000 -0.00000 0 
11.545 7.857 0.00000 -0.00000 0 
14.111 7.857 0.00000 -0.00000 2 
16.676 7.857 1.41848 0.31187 2 
19.242 7.857 2.36414 0.51979 2 
21.808 7.857 0.00000 -0.00000 0 
24.373 7.857 0.00000 -0.00000 0 
26.939 7.857 0.00000 -0.00000 0 
29.504 7.857 0.00000 -0.00000 0 
32.070 7.857 0.00000 -0.00000 0 
34.636 7.857 0.00000 -0.00000 0 
37.201 7.857 0.00000 -0.00000 0 
39.767 7.857 0.00000 -0.00000 0 
42.332 7.857 0.00000 -0.00000 0 
44.898 7.857 0.00000 -0.00000 0 
47.464 7.857 0.00000 -0.00000 0 
50.029 7.857 0.00000 -0.00000 0 
52.595 7.857 0.00000 -0.00000 0 
55.160 7.857 0.00000 -0.00000 0 
57.726 7.857 0.00000 -0.00000 0 
60.292 7.857 0.08708 0.05338 2 
62.857 7.857 0.04814 -0.04405 2 
65.423 7.857 0.34201 0.03941 2 
67.988 7.857 0.25706 0.04773 2 
70.554 7.857 0.17211 0.05606 2 
73.120 7.857 0.29541 0.22196 2 
75.685 7.857 0.34080 0.16079 2 
78.251 7.857 0.54542 0.25269 2 
80.816 7.857 0.42928 -0.44584 2 
83.382 7.857 -0.08996 -0.75047 2 
85.948 7.857 -1.09709 -0.60079 2 
88.513 7.857 -2.10422 -0.45110 2 
91.079 7.857 -3.49143 -0.83672 2 
93.644 7.857 -3.42129 -0.49485 2 
96.210 7.857 -2.35547 1.25749 2 
98.776 7.857 -3.23240 1.77471 2 
101.341 7.857 -4.25039 1.67186 2 
103.907 7.857 -2.54123 1.88870 2 
106.472 7.857 -4.11622 1.96699 2 
109.038 7.857 -4.23048 0.88574 2 
111.603 7.857 -4.45068 -0.43869 2 
114.169 7.857 -3.35213 -2.12207 2 
116.735 7.857 0.12545 -4.96421 2 
119.300 7.857 0.05929 -3.53964 2 
-8.980 5.292 6.69919 -0.27394 2 
-6.414 5.292 6.63518 -0.46369 2 
-3.848 5.292 6.51115 -0.40343 2 
-1.283 5.292 6.17951 -0.31560 2 
1.283 5.292 6.11850 -0.17432 2 
3.848 5.292 6.60730 0.23919 2 
6.414 5.292 3.30365 0.11960 2 
8.980 5.292 0.00000 -0.00000 0 
11.545 5.292 0.00000 -0.00000 0 
14.111 5.292 0.00000 -0.00000 0 
16.676 5.292 0.00000 -0.00000 0 
19.242 5.292 0.00000 -0.00000 0 
21.808 5.292 0.00000 -0.00000 0 
24.373 5.292 0.00000 -0.00000 0 
26.939 5.292 0.00000 -0.00000 0 
29.504 5.292 0.00000 -0.00000 0 
32.070 5.292 0.00000 -0.00000 0 
34.636 5.292 0.00000 -0.00000 0 
37.201 5.292 0.00000 -0.00000 0 
39.767 5.292 0.00000 -0.00000 0 
42.332 5.292 0.00000 -0.00000 0 
44.898 5.292 0.00000 -0.00000 0 
47.464 5.292 0.00000 -0.00000 0 
50.029 5.292 0.00000 -0.00000 0 
52.595 5.292 -0.26440 -0.06251 2 
55.160 5.292 -0.03778 -0.03113 2 
57.726 5.292 0.00404 -0.01498 2 
60.292 5.292 0.17416 0.10677 2 
62.857 5.292 0.22561 -0.03430 2 
65.423 5.292 0.39482 0.13196 2 
67.988 5.292 0.56402 0.29823 2 
70.554 5.292 0.66932 0.10568 2 
73.120 5.292 0.58459 0.55625 2 
75.685 5.292 0.90884 0.01097 2 
78.251 5.292 0.93598 -0.23187 2 
80.816 5.292 1.25193 -0.29573 2 
83.382 5.292 0.69002 -0.36514 2 
85.948 5.292 0.39754 -0.91874 2 
88.513 5.292 0.10507 -1.47234 2 
91.079 5.292 0.45901 -0.99211 2 
93.644 5.292 -1.98211 0.29996 2 
96.210 5.292 -0.61397 1.59608 2 
98.776 5.292 -2.64618 1.96576 2 
101.341 5.292 -4.63213 1.83805 2 
103.907 5.292 -2.80806 1.95463 2 
106.472 5.292 -3.35929 2.57270 2 
109.038 5.292 -4.40797 0.08939 2 
111.603 5.292 -3.32868 -0.85461 2 
114.169 5.292 -3.11845 -1.60763 2 
116.735 5.292 -2.69023 -2.44082 2 
119.300 5.292 -0.37365 -3.86159 2 
-8.980 2.726 6.81271 -0.56180 2 
-6.414 2.726 6.55729 -0.50146 2 
-3.848 2.726 6.41154 -0.67781 2 
-1.283 2.726 6.04348 -0.55212 2 
1.283 2.726 6.10063 -0.56364 2 
3.848 2.726 5.26085 -0.17915 2 
6.414 2.726 0.00000 -0.00000 0 
8.980 2.726 0.00000 -0.00000 0 
11.545 2.726 0.00000 -0.00000 0 
14.111 2.726 0.00000 -0.00000 0 
16.676 2.726 0.00000 -0.00000 0 
19.242 2.726 0.00000 -0.00000 0 
21.808 2.726 0.00000 -0.00000 0 
24.373 2.726 0.00000 -0.00000 0 
26.939 2.726 0.00000 -0.00000 0 
29.504 2.726 0.00000 -0.00000 0 
32.070 2.726 0.00000 -0.00000 0 
34.636 2.726 0.00000 -0.00000 0 
37.201 2.726 0.00000 -0.00000 0 
39.767 2.726 0.00000 -0.00000 0 
42.332 2.726 0.00000 -0.00000 0 
44.898 2.726 0.00000 -0.00000 0 
47.464 2.726 -0.35685 -0.17201 2 
50.029 2.726 -0.47640 -0.21828 2 
52.595 2.726 -0.52880 -0.12502 2 
55.160 2.726 -0.29589 -0.18138 2 
57.726 2.726 0.09035 0.02949 2 
60.292 2.726 0.02351 -0.28158 2 
62.857 2.726 -0.01118 -0.26878 2 
65.423 2.726 0.36043 0.21342 2 
67.988 2.726 0.95278 0.43251 2 
70.554 2.726 0.53095 0.14142 2 
73.120 2.726 0.65825 0.74261 2 
75.685 2.726 0.95298 0.69064 2 
78.251 2.726 1.32845 -0.39637 2 
80.816 2.726 0.96810 -0.98044 2 
83.382 2.726 0.92470 -0.87805 2 
85.948 2.726 1.09713 -1.10045 2 
88.513 2.726 1.26955 -1.32284 2 
91.079 2.726 1.53070 -1.23086 2 
93.644 2.726 1.32027 0.95456 2 
96.210 2.726 -0.47422 0.05273 2 
98.776 2.726 -1.88150 1.29844 2 
101.341 2.726 -2.68447 2.17863 2 
103.907 2.726 -2.78469 1.67075 2 
106.472 2.726 -3.38889 1.09925 2 
109.038 2.726 -3.57604 0.19123 2 
111.603 2.726 -2.20667 -1.27053 2 
114.169 2.726 -2.88478 -1.09319 2 
116.735 2.726 -1.29294 -2.43815 2 
119.300 2.726 -0.16898 -2.91462 2 
-8.980 0.160 6.84854 -0.61687 2 
-6.414 0.160 6.73133 -0.58900 2 
-3.848 0.160 6.47896 -0.73119 2 
-1.283 0.160 6.18414 -0.64453 2 
1.283 0.160 6.33873 -0.75981 2 
3.848 0.160 0.00000 -0.00000 0 
6.414 0.160 0.00000 -0.00000 0 
8.980 0.160 0.00000 -0.00000 0 
11.545 0.160 0.00000 -0.00000 0 
14.111 0.160 0.00000 -0.00000 0 
16.676 0.160 0.00000 -0.00000 0 
19.242 0.160 0.00000 -0.00000 0 
21.808 0.160 0.00000 -0.00000 0 
24.373 0.160 0.00000 -0.00000 0 
26.939 0.160 0.00000 -0.00000 0 
29.504 0.160 0.00000 -0.00000 0 
32.070 0.160 0.00000 -0.00000 0 
34.636 0.160 0.00000 -0.00000 0 
37.201 0.160 0.00000 -0.00000 0 
39.767 0.160 -0.36754 -0.17036 2 
42.332 0.160 -0.58026 -0.11338 2 
44.898 0.160 -0.53554 -0.12597 2 
47.464 0.160 -0.71370 -0.34402 2 
50.029 0.160 -0.90606 -0.04118 2 
52.595 0.160 -0.43581 0.05935 2 
55.160 0.160 -0.28369 0.22408 2 
57.726 0.160 -0.62831 -0.09252 2 
60.292 0.160 0.15481 -0.15825 2 
62.857 0.160 -0.24797 -0.50325 2 
65.423 0.160 -0.09710 0.24204 2 
67.988 0.160 0.49979 0.37974 2 
70.554 0.160 0.39258 0.17717 2 
73.120 0.160 0.68449 0.39459 2 
75.685 0.160 0.31206 0.42447 2 
78.251 0.160 0.21304 -0.12365 2 
80.816 0.160 0.11401 -0.67177 2 
83.382 0.160 0.74651 -0.80830 2 
85.948 0.160 -0.25269 -0.73743 2 
88.513 0.160 0.28995 -1.30202 2 
91.079 0.160 1.27284 -1.23873 2 
93.644 0.160 2.62583 1.24058 2 
96.210 0.160 1.99337 0.92826 2 
98.776 0.160 0.96982 0.82498 2 
101.341 0.160 -0.73680 2.51920 2 
103.907 0.160 -1.49104 0.60916 2 
106.472 0.160 -1.15591 0.25518 2 
109.038 0.160 -1.93863 -0.38120 2 
111.603 0.160 -2.87321 -1.66664 2 
114.169 0.160 -1.12186 -0.68618 2 
116.735 0.160 -0.58917 -1.60828 2 
119.300 0.160 0.14695 -1.17298 2 
-8.980 -2.405 6.71607 -0.68976 2 
-6.414 -2.405 6.54283 -0.78675 2 
-3.848 -2.405 6.61362 -0.80393 2 
-1.283 -2.405 6.53298 -0.87073 2 
1.283 -2.405 0.00000 -0.00000 0 
3.848 -2.405 0.00000 -0.00000 0 
6.414 -2.405 0.00000 -0.00000 0 
8.980 -2.405 0.00000 -0.00000 0 
11.545 -2.405 0.00000 -0.00000 0 
14.111 -2.405 0.00000 -0.00000 0 
16.676 -2.405 0.00000 -0.00000 0 
19.242 -2.405 0.00000 -0.00000 0 
21.808 -2.405 0.00000 -0.00000 0 
24.373 -2.405 0.00000 -0.00000 0 
26.939 -2.405 0.00000 -0.00000 0 
29.504 -2.405 0.00000 -0.00000 0 
32.070 -2.405 -0.56946 -0.27407 2 
34.636 -2.405 -0.76318 0.00533 2 
37.201 -2.405 -0.88757 -0.14736 2 
39.767 -2.405 -0.73509 -0.34073 2 
42.332 -2.405 -1.16052 -0.22675 2 
44.898 -2.405 -1.26201 -0.09644 2 
47.464 -2.405 -0.51941 -0.39980 2 
50.029 -2.405 -0.63886 0.30117 2 
52.595 -2.405 -0.17675 0.40109 2 
55.160 -2.405 -0.34030 0.14378 2 
57.726 -2.405 -0.57758 -0.01301 2 
60.292 -2.405 -0.29357 -0.09240 2 
62.857 -2.405 -0.32445 -0.57582 2 
65.423 -2.405 -0.36664 -0.02270 2 
67.988 -2.405 -0.03442 0.15356 2 
70.554 -2.405 0.47573 0.40969 2 
73.120 -2.405 0.90967 -0.04499 2 
75.685 -2.405 1.03540 0.40339 2 
78.251 -2.405 0.42385 0.39264 2 
80.816 -2.405 -0.18771 0.38189 2 
83.382 -2.405 0.15807 0.15569 2 
85.948 -2.405 0.33789 -0.78505 2 
88.513 -2.405 -0.05950 -0.95565 2 
91.079 -2.405 1.82140 0.56962 2 
93.644 -2.405 3.93140 1.52660 2 
96.210 -2.405 4.46096 1.80379 2 
98.776 -2.405 3.82113 0.35153 2 
101.341 -2.405 3.09543 2.12330 2 
103.907 -2.405 2.75137 2.27503 2 
106.472 -2.405 1.92624 0.62864 2 
109.038 -2.405 1.19121 -1.13180 2 
111.603 -2.405 2.63897 -0.93244 2 
114.169 -2.405 3.48082 1.54838 2 
116.735 -2.405 2.78535 0.81534 2 
119.300 -2.405 0.07113 -2.64833 2 
-8.980 -4.971 6.92718 -0.89158 2 
-6.414 -4.971 6.87737 -0.83690 2 
-3.848 -4.971 6.61110 -0.98784 2 
-1.283 -4.971 6.43721 -0.97107 2 
1.283 -4.971 0.00000 -0.00000 0 
3.848 -4.971 0.00000 -0.00000 0 
6.414 -4.971 0.00000 -0.00000 0 
8.980 -4.971 0.00000 -0.00000 0 
11.545 -4.971 0.00000 -0.00000 0 
14.111 -4.971 0.00000 -0.00000 0 
16.676 -4.971 0.00000 -0.00000 0 
19.242 -4.971 0.00000 -0.00000 0 
21.808 -4.971 0.00000 -0.00000 0 
24.373 -4.971 -0.07943 -0.26208 2 
26.939 -4.971 -0.28869 -0.25979 2 
29.504 -4.971 -0.49794 -0.25750 2 
32.070 -4.971 -1.13892 -0.54814 2 
34.636 -4.971 -0.46294 -0.16057 2 
37.201 -4.971 -1.29734 -0.49246 2 
39.767 -4.971 -1.54783 -0.15695 2 
42.332 -4.971 -0.72973 -0.47047 2 
44.898 -4.971 -0.29498 0.12411 2 
47.464 -4.971 -0.61435 0.17251 2 
50.029 -4.971 -0.93373 0.22091 2 
52.595 -4.971 -1.36207 0.12345 2 
55.160 -4.971 -0.47895 0.68771 2 
57.726 -4.971 -0.87777 0.44245 2 
60.292 -4.971 -0.08908 -0.55567 2 
62.857 -4.971 -0.23264 -0.24187 2 
65.423 -4.971 0.80983 0.56983 2 
67.988 -4.971 1.08617 0.48124 2 
70.554 -4.971 0.55888 0.64221 2 
73.120 -4.971 1.15881 0.51226 2 
75.685 -4.971 1.75875 0.38230 2 
78.251 -4.971 3.34480 0.20105 2 
80.816 -4.971 2.16820 0.49744 2 
83.382 -4.971 2.26959 0.33923 2 
85.948 -4.971 3.86984 0.22778 2 
88.513 -4.971 3.71257 0.68456 2 
91.079 -4.971 3.55530 1.14134 2 
93.644 -4.971 3.27084 0.54121 2 
96.210 -4.971 3.80134 0.54542 2 
98.776 -4.971 3.17647 1.22151 2 
101.341 -4.971 4.93426 1.77932 2 
103.907 -4.971 3.44696 1.58608 2 
106.472 -4.971 5.00839 1.00210 2 
109.038 -4.971 5.89228 1.43957 2 
111.603 -4.971 5.48030 0.55928 2 
114.169 -4.971 5.29267 2.38998 2 
116.735 -4.971 6.40356 2.33602 2 
119.300 -4.971 0.00000 -0.00000 0 
-8.980 -7.536 6.82244 -0.84829 2 
-6.414 -7.536 6.90779 -0.97824 2 
-3.848 -7.536 6.81362 -1.16153 2 
-1.283 -7.536 6.55910 -1.22952 2 
1.283 -7.536 6.57333 -1.67594 2 
3.848 -7.536 0.00000 -0.00000 0 
6.414 -7.536 5.74524 -3.02824 2 
8.980 -7.536 6.49622 -4.03800 2 
11.545 -7.536 8.61448 -4.11270 2 
14.111 -7.536 4.14614 -1.56567 2 
16.676 -7.536 -0.18836 0.03783 2 
19.242 -7.536 -0.43175 -0.11849 2 
21.808 -7.536 -0.08087 -0.14269 2 
24.373 -7.536 3.40029 -0.78197 2 
26.939 -7.536 1.39685 -0.47198 2 
29.504 -7.536 -1.80611 -0.46518 2 
32.070 -7.536 0.54060 -0.61872 2 
34.636 -7.536 -0.16271 -0.32647 2 
37.201 -7.536 -2.06317 -0.62524 2 
39.767 -7.536 -2.36058 0.02683 2 
42.332 -7.536 -0.29894 -0.71419 2 
44.898 -7.536 0.79806 0.18074 2 
47.464 -7.536 1.35896 -0.06563 2 
50.029 -7.536 2.68035 0.41281 2 
52.595 -7.536 0.61921 0.06210 2 
55.160 -7.536 1.21768 0.85428 2 
57.726 -7.536 2.04216 0.63720 2 
60.292 -7.536 -0.92140 0.83742 2 
62.857 -7.536 0.10187 -0.48274 2 
65.423 -7.536 0.76929 0.41140 2 
67.988 -7.536 0.40497 0.76472 2 
70.554 -7.536 0.63472 0.22363 2 
73.120 -7.536 1.55841 0.29243 2 
75.685 -7.536 2.48209 0.36122 2 
78.251 -7.536 4.00819 0.21296 2 
80.816 -7.536 4.52412 0.61298 2 
83.382 -7.536 4.38111 0.52278 2 
85.948 -7.536 4.49168 0.28157 2 
88.513 -7.536 4.83150 0.45834 2 
91.079 -7.536 5.17132 0.63511 2 
93.644 -7.536 4.28502 0.63434 2 
96.210 -7.536 4.54500 0.03161 2 
98.776 -7.536 5.08229 1.25676 2 
101.341 -7.536 5.41764 1.06455 2 
103.907 -7.536 4.59343 1.27194 2 
106.472 -7.536 4.99235 0.34237 2 
109.038 -7.536 5.77284 0.21035 2 
111.603 -7.536 6.25998 1.84276 2 
114.169 -7.536 6.05055 2.21462 2 
116.735 -7.536 7.09703 1.75612 2 
119.300 -7.536 0.00000 -0.00000 0 
-8.980 -10.102 7.06821 -0.97758 2 
-6.414 -10.102 7.19293 -1.09104 2 
-3.848 -10.102 7.04509 -1.16350 2 
-1.283 -10.102 6.91481 -1.43365 2 
1.283 -10.102 6.75595 -1.77332 2 
3.848 -10.102 6.99626 -2.14858 2 
6.414 -10.102 7.41222 -2.62994 2 
8.980 -10.102 7.15908 -3.36024 2 
11.545 -10.102 8.53250 -3.37868 2 
14.111 -10.102 8.29227 -3.13134 2 
16.676 -10.102 9.86700 -2.81790 2 
19.242 -10.102 4.53197 -1.25100 2 
21.808 -10.102 7.21173 -1.39566 2 
24.373 -10.102 6.88002 -1.30187 2 
26.939 -10.102 6.07611 -0.68867 2 
29.504 -10.102 0.71387 -0.66584 2 
32.070 -10.102 2.22011 -0.68930 2 
34.636 -10.102 3.23478 -1.20285 2 
37.201 -10.102 3.87066 -0.34610 2 
39.767 -10.102 -0.51548 0.07516 2 
42.332 -10.102 2.12217 -0.29390 2 
44.898 -10.102 4.92527 -0.07891 2 
47.464 -10.102 4.21255 -0.59855 2 
50.029 -10.102 6.29443 0.60471 2 
52.595 -10.102 4.41889 0.55997 2 
55.160 -10.102 4.52615 0.03078 2 
57.726 -10.102 4.96208 0.83195 2 
60.292 -10.102 2.51149 -0.12382 2 
62.857 -10.102 1.77417 -0.49883 2 
65.423 -10.102 2.68969 0.92024 2 
67.988 -10.102 0.96759 -0.01500 2 
70.554 -10.102 2.75746 0.72699 2 
73.120 -10.102 3.18426 1.26468 2 
75.685 -10.102 2.96862 -0.05411 2 
78.251 -10.102 5.65774 0.28733 2 
80.816 -10.102 4.84778 -0.01488 2 
83.382 -10.102 5.39848 0.26285 2 
85.948 -10.102 6.29097 0.23824 2 
88.513 -10.102 6.48632 0.35415 2 
91.079 -10.102 5.56806 1.51524 2 
93.644 -10.102 5.62529 1.40350 2 
96.210 -10.102 5.68252 1.29176 2 
98.776 -10.102 6.16762 0.85185 2 
101.341 -10.102 5.90102 0.34978 2 
103.907 -10.102 5.73990 0.95781 2 
106.472 -10.102 4.88694 1.73539 2 
109.038 -10.102 6.63116 0.98173 2 
111.603 -10.102 7.17787 1.04383 2 
114.169 -10.102 7.25659 1.36065 2 
116.735 -10.102 7.09913 1.51766 2 
119.300 -10.102 0.00000 -0.00000 0 
-8.980 -12.668 7.07882 -0.97680 2 
-6.414 -12.668 7.09788 -1.01217 2 
-3.848 -12.668 7.11217 -1.28408 2 
-1.283 -12.668 7.19612 -1.42007 2 
1.283 -12.668 7.10847 -1.78566 2 
3.848 -12.668 7.11000 -2.15803 2 
6.414 -12.668 7.17357 -2.40905 2 
8.980 -12.668 7.65389 -2.68331 2 
11.545 -12.668 8.32396 -2.76811 2 
14.111 -12.668 8.78296 -2.88536 2 
16.676 -12.668 9.01949 -2.47253 2 
19.242 -12.668 9.49570 -2.38350 2 
21.808 -12.668 9.53661 -2.71222 2 
24.373 -12.668 10.35975 -1.82176 2 
26.939 -12.668 7.82409 -1.06894 2 
29.504 -12.668 8.02482 -1.06840 2 
32.070 -12.668 7.94630 -0.71882 2 
34.636 -12.668 7.86518 -0.71512 2 
37.201 -12.668 7.78406 -0.71142 2 
39.767 -12.668 9.41979 0.22688 2 
42.332 -12.668 8.68233 -0.12079 2 
44.898 -12.668 7.94487 -0.46847 2 
47.464 -12.668 7.78553 0.32108 2 
50.029 -12.668 6.97801 0.20889 2 
52.595 -12.668 6.79030 -0.09757 2 
55.160 -12.668 7.18959 0.28946 2 
57.726 -12.668 5.95214 1.23763 2 
60.292 -12.668 4.51404 0.18169 2 
62.857 -12.668 3.44648 -0.51492 2 
65.423 -12.668 4.61008 1.42908 2 
67.988 -12.668 4.12765 0.96995 2 
70.554 -12.668 6.93828 1.67112 2 
73.120 -12.668 7.51201 1.73019 2 
75.685 -12.668 8.21226 0.83993 2 
78.251 -12.668 7.30728 0.36170 2 
80.816 -12.668 6.73771 0.33308 2 
83.382 -12.668 7.24740 0.28959 2 
85.948 -12.668 7.75710 0.24609 2 
88.513 -12.668 7.90532 0.99719 2 
91.079 -12.668 7.51915 1.32854 2 
93.644 -12.668 8.64036 0.94600 2 
96.210 -12.668 9.76156 0.56346 2 
98.776 -12.668 7.44687 1.22426 2 
101.341 -12.668 6.20185 0.00068 2 
103.907 -12.668 6.63527 0.44685 2 
106.472 -12.668 7.73244 2.07760 2 
109.038 -12.668 7.17917 2.44579 2 
111.603 -12.668 8.34529 2.11235 2 
114.169 -12.668 7.89116 1.08726 2 
116.735 -12.668 7.43956 2.45667 2 
119.300 -12.668 0.00000 -0.00000 0 
-8.980 -15.233 7.21089 -1.00806 2 
-6.414 -15.233 7.23536 -1.21516 2 
-3.848 -15.233 7.21542 -1.14310 2 
-1.283 -15.233 7.40688 -1.37386 2 
1.283 -15.233 7.29080 -1.66760 2 
3.848 -15.233 7.39081 -2.04456 2 
6.414 -15.233 7.63742 -2.03230 2 
8.980 -15.233 7.92390 -2.41966 2 
11.545 -15.233 8.32055 -2.41106 2 
14.111 -15.233 8.62051 -2.45264 2 
16.676 -15.233 8.89954 -2.27129 2 
19.242 -15.233 9.00036 -2.24158 2 
21.808 -15.233 9.32017 -2.21451 2 
24.373 -15.233 9.52048 -1.79653 2 
26.939 -15.233 9.57207 -1.44921 2 
29.504 -15.233 9.51635 -1.21679 2 
32.070 -15.233 9.16040 -1.88790 2 
34.636 -15.233 9.80384 -1.44532 2 
37.201 -15.233 10.44729 -1.00273 2 
39.767 -15.233 10.25797 -0.58220 2 
42.332 -15.233 10.06865 -0.16167 2 
44.898 -15.233 9.30447 -0.33292 2 
47.464 -15.233 9.34134 -0.74475 2 
50.029 -15.233 10.58922 -0.59191 2 
52.595 -15.233 9.16171 -0.75510 2 
55.160 -15.233 9.85303 0.54814 2 
57.726 -15.233 9.03395 0.58419 2 
60.292 -15.233 9.32802 0.08052 2 
62.857 -15.233 6.60907 -0.92648 2 
65.423 -15.233 6.53560 -0.77665 2 
67.988 -15.233 7.28772 1.95489 2 
70.554 -15.233 8.22177 1.21960 2 
73.120 -15.233 8.60511 1.27902 2 
75.685 -15.233 8.55632 0.80972 2 
78.251 -15.233 8.84330 0.73766 2 
80.816 -15.233 8.68942 0.27496 2 
83.382 -15.233 8.95633 0.26445 2 
85.948 -15.233 9.22324 0.25395 2 
88.513 -15.233 9.32487 0.97586 2 
91.079 -15.233 9.47025 1.14184 2 
93.644 -15.233 9.77435 1.36499 2 
96.210 -15.233 10.07845 1.58814 2 
98.776 -15.233 8.61701 1.33259 2 
101.341 -15.233 8.00374 0.99525 2 
103.907 -15.233 9.21947 2.34806 2 
106.472 -15.233 9.07814 2.26174 2 
109.038 -15.233 9.04990 2.50518 2 
111.603 -15.233 8.90906 2.09011 2 
114.169 -15.233 8.98858 2.28717 2 
116.735 -15.233 8.18913 2.22336 2 
119.300 -15.233 0.00000 -0.00000 0 
-8.980 -17.799 7.30709 -0.89548 2 
-6.414 -17.799 7.38560 -1.15129 2 
-3.848 -17.799 7.31306 -1.33377 2 
-1.283 -17.799 7.37826 -1.45675 2 
1.283 -17.799 7.49209 -1.54183 2 
3.848 -17.799 7.48695 -1.61248 2 
6.414 -17.799 7.82124 -1.97275 2 
8.980 -17.799 7.95641 -2.17444 2 
11.545 -17.799 8.29168 -2.01794 2 
14.111 -17.799 8.53153 -2.16130 2 
16.676 -17.799 8.80550 -1.99023 2 
19.242 -17.799 8.88528 -2.11576 2 
21.808 -17.799 9.10247 -1.86268 2 
24.373 -17.799 9.32217 -1.65702 2 
26.939 -17.799 9.32500 -1.50140 2 
29.504 -17.799 9.35864 -1.38489 2 
32.070 -17.799 9.33228 -1.59422 2 
34.636 -17.799 10.01503 -1.56818 2 
37.201 -17.799 10.23701 -0.84758 2 
39.767 -17.799 10.02865 -0.55433 2 
42.332 -17.799 9.82029 -0.26108 2 
44.898 -17.799 9.42913 -0.28515 2 
47.464 -17.799 9.52112 -0.57887 2 
50.029 -17.799 9.88609 -0.64251 2 
52.595 -17.799 9.90464 -0.60076 2 
55.160 -17.799 10.22722 0.01961 2 
57.726 -17.799 10.12021 0.08645 2 
60.292 -17.799 9.84762 -0.18442 2 
62.857 -17.799 9.49488 -0.55558 2 
65.423 -17.799 10.05967 -0.19509 2 
67.988 -17.799 9.91617 1.20253 2 
70.554 -17.799 9.27900 1.23677 2 
73.120 -17.799 9.13261 0.68285 2 
75.685 -17.799 8.90613 0.68024 2 
78.251 -17.799 8.88510 0.16658 2 
80.816 -17.799 8.97349 0.20564 2 
83.382 -17.799 9.11720 0.34983 2 
85.948 -17.799 9.59100 0.54884 2 
88.513 -17.799 9.85883 0.62947 2 
91.079 -17.799 9.62381 0.36758 2 
93.644 -17.799 9.92819 0.66874 2 
96.210 -17.799 10.16587 0.46054 2 
98.776 -17.799 9.78715 1.44093 2 
101.341 -17.799 9.80563 1.98982 2 
103.907 -17.799 10.09414 1.84838 2 
106.472 -17.799 9.61427 2.24741 2 
109.038 -17.799 9.05659 2.14384 2 
111.603 -17.799 8.90036 1.93074 2 
114.169 -17.799 8.71638 1.82086 2 
116.735 -17.799 8.93869 1.99006 2 
119.300 -17.799 0.00000 -0.00000 0 
-8.980 -20.364 7.31338 -0.93552 2 
-6.414 -20.364 7.32670 -1.04584 2 
-3.848 -20.364 7.51660 -1.18756 2 
-1.283 -20.364 7.62749 -1.30919 2 
1.283 -20.364 7.45607 -1.60640 2 
3.848 -20.364 7.85734 -1.66191 2 
6.414 -20.364 7.88416 -1.73965 2 
8.980 -20.364 8.16054 -1.83152 2 
11.545 -20.364 8.34859 -2.02271 2 
14.111 -20.364 8.61163 -1.83532 2 
16.676 -20.364 8.84766 -2.10352 2 
19.242 -20.364 8.86528 -1.71337 2 
21.808 -20.364 9.01964 -1.69892 2 
24.373 -20.364 9.15123 -1.47665 2 
26.939 -20.364 9.19981 -1.42396 2 
29.504 -20.364 9.36057 -1.32347 2 
32.070 -20.364 9.41456 -1.24966 2 
34.636 -20.364 9.76292 -1.35512 2 
37.201 -20.364 9.86317 -0.98412 2 
39.767 -20.364 9.84658 -0.85345 2 
42.332 -20.364 9.82518 -0.31961 2 
44.898 -20.364 9.64058 -0.64241 2 
47.464 -20.364 9.63821 -0.55512 2 
50.029 -20.364 9.78005 -0.70658 2 
52.595 -20.364 10.00321 -0.45437 2 
55.160 -20.364 10.11678 -0.26776 2 
57.726 -20.364 9.99247 -0.15199 2 
60.292 -20.364 9.96184 0.04531 2 
62.857 -20.364 9.87544 0.12040 2 
65.423 -20.364 9.76932 0.27118 2 
67.988 -20.364 9.72830 0.62931 2 
70.554 -20.364 9.30651 0.57148 2 
73.120 -20.364 9.18775 0.61595 2 
75.685 -20.364 8.96222 0.47683 2 
78.251 -20.364 8.98739 0.36416 2 
80.816 -20.364 9.10979 0.12190 2 
83.382 -20.364 8.90882 0.23596 2 
85.948 -20.364 9.36363 0.19006 2 
88.513 -20.364 9.57985 0.03609 2 
91.079 -20.364 9.47825 0.10695 2 
93.644 -20.364 10.08202 -0.02751 2 
96.210 -20.364 10.18267 0.50482 2 
98.776 -20.364 9.95112 1.15084 2 
101.341 -20.364 10.32999 1.42255 2 
103.907 -20.364 9.79045 1.70402 2 
106.472 -20.364 9.79577 1.76680 2 
109.038 -20.364 9.28324 2.07867 2 
111.603 -20.364 9.05481 1.88580 2 
114.169 -20.364 8.92925 1.77226 2 
116.735 -20.364 9.09439 2.07651 2 
119.300 -20.364 0.00000 -0.00000 0 
-8.980 -22.930 7.55339 -0.96458 2 
-6.414 -22.930 7.58222 -1.12133 2 
-3.848 -22.930 7.55915 -1.10081 2 
-1.283 -22.930 7.74412 -1.25884 2 
1.283 -22.930 7.78404 -1.29991 2 
3.848 -22.930 7.94423 -1.43981 2 
6.414 -22.930 8.06376 -1.65426 2 
8.980 -22.930 8.17035 -1.57771 2 
11.545 -22.930 8.46920 -1.82697 2 
14.111 -22.930 8.58568 -1.80805 2 
16.676 -22.930 8.73082 -1.67106 2 
19.242 -22.930 8.73750 -1.68537 2 
21.808 -22.930 9.01262 -1.51977 2 
24.373 -22.930 9.02831 -1.43940 2 
26.939 -22.930 9.06363 -1.20060 2 
29.504 -22.930 9.32773 -1.31899 2 
32.070 -22.930 9.41939 -1.14289 2 
34.636 -22.930 9.51927 -1.01532 2 
37.201 -22.930 9.63147 -0.92673 2 
39.767 -22.930 9.53180 -0.68046 2 
42.332 -22.930 9.70061 -0.77526 2 
44.898 -22.930 9.50352 -0.64312 2 
47.464 -22.930 9.57305 -0.64756 2 
50.029 -22.930 9.56291 -0.65771 2 
52.595 -22.930 9.80143 -0.48720 2 
55.160 -22.930 9.67563 -0.16068 2 
57.726 -22.930 9.79761 0.03728 2 
60.292 -22.930 9.70593 -0.01155 2 
62.857 -22.930 9.70345 0.24242 2 
65.423 -22.930 9.48116 0.22564 2 
67.988 -22.930 9.41199 0.46590 2 
70.554 -22.930 9.22175 0.46813 2 
73.120 -22.930 9.16370 0.40032 2 
75.685 -22.930 9.19224 0.37999 2 
78.251 -22.930 9.19091 0.15462 2 
80.816 -22.930 9.22714 0.29120 2 
83.382 -22.930 9.28150 0.33580 2 
85.948 -22.930 9.51561 0.20426 2 
88.513 -22.930 9.56851 0.20128 2 
91.079 -22.930 9.56323 0.35025 2 
93.644 -22.930 9.85788 0.25608 2 
96.210 -22.930 10.19947 0.54909 2 
98.776 -22.930 10.11510 0.86074 2 
101.341 -22.930 9.77294 1.09875 2 
103.907 -22.930 9.72501 1.41609 2 
106.472 -22.930 9.39808 1.50996 2 
109.038 -22.930 9.27468 1.63395 2 
111.603 -22.930 9.01092 1.48556 2 
114.169 -22.930 8.95049 1.67795 2 
116.735 -22.930 9.20176 1.64786 2 
119.300 -22.930 0.00000 -0.00000 0 
-8.980 -25.496 7.66160 -1.01132 2 
-6.414 -25.496 7.65013 -0.93499 2 
-3.848 -25.496 7.63758 -1.16655 2 
-1.283 -25.496 7.81895 -1.02722 2 
1.283 -25.496 7.73554 -1.34587 2 
3.848 -25.496 7.95100 -1.35952 2 
6.414 -25.496 8.12689 -1.49710 2 
8.980 -25.496 8.26953 -1.58670 2 
11.545 -25.496 8.36367 -1.54593 2 
14.111 -25.496 8.42964 -1.54225 2 
16.676 -25.496 8.70788 -1.46692 2 
19.242 -25.496 8.84386 -1.49164 2 
21.808 -25.496 8.80231 -1.38344 2 
24.373 -25.496 8.98001 -1.43857 2 
26.939 -25.496 9.13554 -1.30302 2 
29.504 -25.496 9.09984 -1.15572 2 
32.070 -25.496 9.31881 -1.06993 2 
34.636 -25.496 9.40068 -0.95987 2 
37.201 -25.496 9.61729 -0.73759 2 
39.767 -25.496 9.49613 -0.71662 2 
42.332 -25.496 9.42963 -0.63942 2 
44.898 -25.496 9.40413 -0.80351 2 
47.464 -25.496 9.33746 -0.60776 2 
50.029 -25.496 9.56344 -0.45086 2 
52.595 -25.496 9.71892 -0.30491 2 
55.160 -25.496 9.79462 -0.39852 2 
57.726 -25.496 9.86384 -0.09087 2 
60.292 -25.496 9.51723 0.13818 2 
62.857 -25.496 9.59294 0.05965 2 
65.423 -25.496 9.46031 0.18517 2 
67.988 -25.496 9.19544 0.16782 2 
70.554 -25.496 9.26880 0.47231 2 
73.120 -25.496 9.38660 0.44616 2 
75.685 -25.496 9.23664 0.30262 2 
78.251 -25.496 9.09190 0.21774 2 
80.816 -25.496 9.36920 0.24865 2 
83.382 -25.496 9.35310 0.39282 2 
85.948 -25.496 9.25597 0.33826 2 
88.513 -25.496 9.43227 0.17461 2 
91.079 -25.496 9.46434 0.20519 2 
93.644 -25.496 9.78464 0.43936 2 
96.210 -25.496 9.83315 0.62446 2 
98.776 -25.496 9.84332 0.90242 2 
101.341 -25.496 9.69239 1.00527 2 
103.907 -25.496 9.44077 1.10372 2 
106.472 -25.496 9.33032 1.26085 2 
109.038 -25.496 9.13105 1.38951 2 
111.603 -25.496 9.10934 1.44585 2 
114.169 -25.496 8.57502 1.53384 2 
116.735 -25.496 9.12837 1.43557 2 
119.300 -25.496 0.00000 -0.00000 0 
-8.980 -28.061 7.57730 -0.83019 2 
-6.414 -28.061 7.73077 -1.00138 2 
-3.848 -28.061 7.73922 -1.05661 2 
-1.283 -28.061 7.83004 -1.14277 2 
1.283 -28.061 7.98969 -1.33505 2 
3.848 -28.061 8.02118 -1.30933 2 
6.414 -28.061 8.13336 -1.28001 2 
8.980 -28.061 8.34882 -1.42213 2 
11.545 -28.061 8.43597 -1.45947 2 
14.111 -28.061 8.67080 -1.27589 2 
16.676 -28.061 8.64082 -1.34680 2 
19.242 -28.061 8.69332 -1.34649 2 
21.808 -28.061 8.82709 -1.21708 2 
24.373 -28.061 8.87482 -1.36162 2 
26.939 -28.061 8.98345 -1.03374 2 
29.504 -28.061 9.15496 -1.05458 2 
32.070 -28.061 9.16696 -1.03286 2 
34.636 -28.061 9.29875 -0.92501 2 
37.201 -28.061 9.27190 -0.93035 2 
39.767 -28.061 9.38221 -0.68660 2 
42.332 -28.061 9.38377 -0.70487 2 
44.898 -28.061 9.37748 -0.59214 2 
47.464 -28.061 9.48285 -0.37131 2 
50.029 -28.061 9.38117 -0.42686 2 
52.595 -28.061 9.49438 -0.42491 2 
55.160 -28.061 9.50497 -0.21521 2 
57.726 -28.061 9.35829 -0.18580 2 
60.292 -28.061 9.58565 -0.04078 2 
62.857 -28.061 9.30649 0.01735 2 
65.423 -28.061 9.57830 0.07687 2 
67.988 -28.061 9.31749 0.21231 2 
70.554 -28.061 9.41433 0.06575 2 
73.120 -28.061 9.29201 0.27104 2 
75.685 -28.061 9.15769 0.10946 2 
78.251 -28.061 9.13328 0.36441 2 
80.816 -28.061 9.25498 0.15034 2 
83.382 -28.061 9.26172 0.29796 2 
85.948 -28.061 9.42322 0.36283 2 
88.513 -28.061 9.37210 0.52251 2 
91.079 -28.061 9.42729 0.44304 2 
93.644 -28.061 9.37071 0.61690 2 
96.210 -28.061 9.49917 0.67707 2 
98.776 -28.061 9.51386 0.87083 2 
101.341 -28.061 9.57553 0.81543 2 
103.907 -28.061 9.15617 1.07686 2 
106.472 -28.061 9.16750 0.98754 2 
109.038 -28.061 9.18388 1.31746 2 
111.603 -28.061 8.94585 1.25919 2 
114.169 -28.061 8.86486 1.29329 2 
116.735 -28.061 8.80758 1.27633 2 
119.300 -28.061 0.00000 -0.00000 0 
-8.980 -30.627 7.62757 -0.93823 2 
-6.414 -30.627 7.75641 -0.85816 2 
-3.848 -30.627 7.84651 -1.05852 2 
-1.283 -30.627 7.83814 -1.01208 2 
1.283 -30.627 8.05243 -1.08674 2 
3.848 -30.627 8.13979 -1.05094 2 
6.414 -30.627 8.22223 -1.11865 2 
8.980 -30.627 8.18202 -1.14218 2 
11.545 -30.627 8.52097 -1.32086 2 
14.111 -30.627 8.51771 -1.22051 2 
16.676 -30.627 8.79540 -1.22025 2 
19.242 -30.627 8.62661 -1.17766 2 
21.808 -30.627 8.82954 -1.12640 2 
24.373 -30.627 8.76731 -1.07278 2 
26.939 -30.627 9.07322 -1.03728 2 
29.504 -30.627 9.02773 -0.95704 2 
32.070 -30.627 9.16070 -0.96041 2 
34.636 -30.627 9.03651 -0.93461 2 
37.201 -30.627 9.22396 -0.77118 2 
39.767 -30.627 9.33744 -0.66046 2 
42.332 -30.627 9.35203 -0.74989 2 
44.898 -30.627 9.27780 -0.61784 2 
47.464 -30.627 9.49839 -0.57582 2 
50.029 -30.627 9.41044 -0.43239 2 
52.595 -30.627 9.40966 -0.28195 2 
55.160 -30.627 9.42627 -0.30044 2 
57.726 -30.627 9.34117 -0.30655 2 
60.292 -30.627 9.39653 -0.07186 2 
62.857 -30.627 9.50590 0.02576 2 
65.423 -30.627 9.15708 0.04636 2 
67.988 -30.627 9.28522 0.12924 2 
70.554 -30.627 9.23966 0.12937 2 
73.120 -30.627 9.40763 0.18352 2 
75.685 -30.627 9.33898 0.14179 2 
78.251 -30.627 9.29971 0.21718 2 
80.816 -30.627 9.23028 0.28160 2 
83.382 -30.627 9.36580 0.31021 2 
85.948 -30.627 9.09515 0.22117 2 
88.513 -30.627 9.26767 0.20819 2 
91.079 -30.627 9.32887 0.30135 2 
93.644 -30.627 9.45389 0.52922 2 
96.210 -30.627 9.35304 0.53685 2 
98.776 -30.627 9.27849 0.77049 2 
101.341 -30.627 9.06103 0.81279 2 
103.907 -30.627 9.12908 0.94239 2 
106.472 -30.627 9.16947 1.08366 2 
109.038 -30.627 8.84748 1.03457 2 
111.603 -30.627 8.88360 1.14943 2 
114.169 -30.627 8.87603 1.05823 2 
116.735 -30.627 8.74493 1.26150 2 
119.300 -30.627 0.00000 -0.00000 0 
-8.980 -33.192 7.70167 -0.83333 2 
-6.414 -33.192 7.67333 -0.90838 2 
-3.848 -33.192 7.89262 -1.00265 2 
-1.283 -33.192 7.87547 -1.01844 2 
1.283 -33.192 8.04958 -0.98825 2 
3.848 -33.192 8.10275 -0.98931 2 
6.414 -33.192 8.17259 -1.23864 2 
8.980 -33.192 8.37061 -1.02657 2 
11.545 -33.192 8.43895 -1.03987 2 
14.111 -33.192 8.42876 -1.21024 2 
16.676 -33.192 8.54135 -1.06000 2 
19.242 -33.192 8.81176 -0.97308 2 
21.808 -33.192 8.73583 -1.02963 2 
24.373 -33.192 8.85657 -0.88671 2 
26.939 -33.192 8.92868 -0.96582 2 
29.504 -33.192 9.12645 -0.94727 2 
32.070 -33.192 8.91458 -0.81272 2 
34.636 -33.192 9.11500 -0.83475 2 
37.201 -33.192 9.02756 -0.71875 2 
39.767 -33.192 9.09184 -0.71526 2 
42.332 -33.192 9.21482 -0.69913 2 
44.898 -33.192 9.23489 -0.52646 2 
47.464 -33.192 9.34725 -0.63171 2 
50.029 -33.192 9.12820 -0.42848 2 
52.595 -33.192 9.38297 -0.48424 2 
55.160 -33.192 9.32400 -0.26224 2 
57.726 -33.192 9.12382 -0.22449 2 
60.292 -33.192 9.40447 -0.09450 2 
62.857 -33.192 9.23275 -0.06407 2 
65.423 -33.192 9.24844 0.00380 2 
67.988 -33.192 9.28168 0.11665 2 
70.554 -33.192 9.21873 0.09094 2 
73.120 -33.192 9.07260 0.36339 2 
75.685 -33.192 8.99359 0.07021 2 
78.251 -33.192 9.21796 0.40901 2 
80.816 -33.192 9.22456 0.27346 2 
83.382 -33.192 9.12773 0.19135 2 
85.948 -33.192 9.34487 0.40002 2 
88.513 -33.192 9.22127 0.39833 2 
91.079 -33.192 9.21800 0.46696 2 
93.644 -33.192 9.07686 0.74923 2 
96.210 -33.192 9.29916 0.63203 2 
98.776 -33.192 9.23680 0.70321 2 
101.341 -33.192 9.26072 0.81834 2 
103.907 -33.192 9.10947 0.83509 2 
106.472 -33.192 8.93294 0.97491 2 
109.038 -33.192 8.97548 0.91096 2 
111.603 -33.192 8.78660 0.99105 2 
114.169 -33.192 8.72644 1.03205 2 
116.735 -33.192 8.68229 1.24668 2 
119.300 -33.192 0.00000 -0.00000 0 
-8.980 -35.758 7.72057 -0.84017 2 
-6.414 -35.758 7.98254 -0.85612 2 
-3.848 -35.758 7.97702 -0.94310 2 
-1.283 -35.758 8.03245 -0.94204 2 
1.283 -35.758 8.02459 -1.09511 2 
3.848 -35.758 8.20422 -0.98260 2 
6.414 -35.758 8.36626 -1.09810 2 
8.980 -35.758 8.22317 -1.05676 2 
11.545 -35.758 8.56453 -1.09856 2 
14.111 -35.758 8.47025 -0.96725 2 
16.676 -35.758 8.68393 -1.10629 2 
19.242 -35.758 8.71211 -1.02067 2 
21.808 -35.758 8.64212 -0.93286 2 
24.373 -35.758 8.81223 -0.95835 2 
26.939 -35.758 8.88702 -0.98756 2 
29.504 -35.758 8.80494 -0.80960 2 
32.070 -35.758 9.03353 -0.91938 2 
34.636 -35.758 9.02288 -0.82589 2 
37.201 -35.758 9.03071 -0.76551 2 
39.767 -35.758 9.16951 -0.67267 2 
42.332 -35.758 8.98307 -0.75679 2 
44.898 -35.758 9.39048 -0.65175 2 
47.464 -35.758 9.27241 -0.54776 2 
50.029 -35.758 9.16793 -0.48078 2 
52.595 -35.758 9.21763 -0.33551 2 
55.160 -35.758 9.22581 -0.20311 2 
57.726 -35.758 9.26042 -0.06433 2 
60.292 -35.758 9.18237 -0.16730 2 
62.857 -35.758 9.22404 0.00118 2 
65.423 -35.758 9.11535 0.14454 2 
67.988 -35.758 9.18675 -0.10177 2 
70.554 -35.758 9.21932 0.07450 2 
73.120 -35.758 9.14571 0.13767 2 
75.685 -35.758 9.34835 0.21340 2 
78.251 -35.758 9.14585 0.16886 2 
80.816 -35.758 9.17880 0.20489 2 
83.382 -35.758 9.28630 0.38511 2 
85.948 -35.758 9.12725 0.27008 2 
88.513 -35.758 9.12603 0.28122 2 
91.079 -35.758 9.14834 0.38945 2 
93.644 -35.758 9.20998 0.48207 2 
96.210 -35.758 9.02293 0.57408 2 
98.776 -35.758 9.03863 0.66696 2 
101.341 -35.758 9.03407 0.85047 2 
103.907 -35.758 9.12529 0.64440 2 
106.472 -35.758 8.89053 0.86360 2 
109.038 -35.758 8.95664 1.07404 2 
111.603 -35.758 8.79018 0.92718 2 
114.169 -35.758 8.81102 0.95696 2 
116.735 -35.758 8.81622 1.01775 2 
119.300 -35.758 0.00000 -0.00000 0 
-8.980 -38.324 8.05245 -0.82871 2 
-6.414 -38.324 8.00528 -0.73983 2 
-3.848 -38.324 7.94393 -0.92105 2 
-1.283 -38.324 8.02997 -0.79279 2 
1.283 -38.324 8.23360 -0.91142 2 
3.848 -38.324 8.33823 -1.00798 2 
6.414 -38.324 8.25929 -0.85251 2 
8.980 -38.324 8.48975 -1.04186 2 
11.545 -38.324 8.32645 -1.02174 2 
14.111 -38.324 8.65912 -0.93994 2 
16.676 -38.324 8.57954 -0.93865 2 
19.242 -38.324 8.71566 -0.84821 2 
21.808 -38.324 8.76487 -0.90070 2 
24.373 -38.324 8.77203 -0.82429 2 
26.939 -38.324 8.81380 -0.84417 2 
29.504 -38.324 8.90587 -0.85153 2 
32.070 -38.324 8.88205 -0.70306 2 
34.636 -38.324 8.93465 -0.86370 2 
37.201 -38.324 8.98830 -0.72626 2 
39.767 -38.324 8.98868 -0.68380 2 
42.332 -38.324 9.02700 -0.67727 2 
44.898 -38.324 9.21672 -0.57031 2 
47.464 -38.324 9.11971 -0.61547 2 
50.029 -38.324 9.22450 -0.33820 2 
52.595 -38.324 9.13902 -0.47930 2 
55.160 -38.324 9.24381 -0.27222 2 
57.726 -38.324 9.24552 -0.28676 2 
60.292 -38.324 9.17522 -0.21478 2 
62.857 -38.324 9.04795 -0.10326 2 
65.423 -38.324 9.08356 0.14382 2 
67.988 -38.324 9.12835 -0.10931 2 
70.554 -38.324 9.09015 0.07502 2 
73.120 -38.324 9.06383 0.17767 2 
75.685 -38.324 9.09162 0.11115 2 
78.251 -38.324 9.14175 0.22130 2 
80.816 -38.324 9.16648 0.38087 2 
83.382 -38.324 9.10234 0.24654 2 
85.948 -38.324 9.23059 0.38866 2 
88.513 -38.324 9.23271 0.55126 2 
91.079 -38.324 9.04857 0.38310 2 
93.644 -38.324 9.00772 0.66059 2 
96.210 -38.324 9.12112 0.57415 2 
98.776 -38.324 9.11909 0.65724 2 
101.341 -38.324 9.01000 0.72361 2 
103.907 -38.324 8.89635 0.78943 2 
106.472 -38.324 8.88794 0.87678 2 
109.038 -38.324 8.90554 0.73063 2 
111.603 -38.324 8.86854 0.82234 2 
114.169 -38.324 8.76084 0.86912 2 
116.735 -38.324 8.96318 1.03384 2 
119.300 -38.324 0.00000 -0.00000 0 
-8.980 -40.889 8.04733 -0.77372 2 
-6.414 -40.889 8.04578 -0.82313 2 
-3.848 -40.889 7.94516 -0.94694 2 
-1.283 -40.889 8.09478 -0.80735 2 
1.283 -40.889 8.10907 -0.79763 2 
3.848 -40.889 8.25580 -0.82208 2 
6.414 -40.889 8.32355 -0.99120 2 
8.980 -40.889 8.31108 -1.00628 2 
11.545 -40.889 8.60029 -0.78228 2 
14.111 -40.889 8.45447 -0.96745 2 
16.676 -40.889 8.62897 -0.87161 2 
19.242 -40.889 8.56158 -0.97039 2 
21.808 -40.889 8.85188 -0.91957 2 
24.373 -40.889 8.59791 -0.90114 2 
26.939 -40.889 8.77940 -0.84035 2 
29.504 -40.889 8.89594 -0.82187 2 
32.070 -40.889 8.88714 -0.82293 2 
34.636 -40.889 8.94798 -0.66694 2 
37.201 -40.889 9.00592 -0.75894 2 
39.767 -40.889 9.08337 -0.56115 2 
42.332 -40.889 9.07409 -0.66085 2 
44.898 -40.889 8.92142 -0.59378 2 
47.464 -40.889 9.18109 -0.43866 2 
50.029 -40.889 8.89683 -0.30852 2 
52.595 -40.889 9.22608 -0.32068 2 
55.160 -40.889 9.03717 -0.40878 2 
57.726 -40.889 9.02873 -0.36113 2 
60.292 -40.889 9.10276 -0.00423 2 
62.857 -40.889 9.07059 -0.06016 2 
65.423 -40.889 9.14740 0.05279 2 
67.988 -40.889 9.13038 0.06774 2 
70.554 -40.889 9.20652 -0.06978 2 
73.120 -40.889 9.06167 0.18790 2 
75.685 -40.889 9.08030 0.19514 2 
78.251 -40.889 9.06010 0.11513 2 
80.816 -40.889 8.93330 0.29500 2 
83.382 -40.889 9.28356 0.14836 2 
85.948 -40.889 9.03710 0.33642 2 
88.513 -40.889 9.04627 0.48141 2 
91.079 -40.889 9.06389 0.54546 2 
93.644 -40.889 9.06837 0.37156 2 
96.210 -40.889 9.03143 0.53493 2 
98.776 -40.889 9.06214 0.65010 2 
101.341 -40.889 8.91308 0.73389 2 
103.907 -40.889 8.83227 0.71781 2 
106.472 -40.889 8.80910 0.73278 2 
109.038 -40.889 8.84856 0.81818 2 
111.603 -40.889 8.85402 0.90521 2 
114.169 -40.889 8.60796 0.90852 2 
116.735 -40.889 9.02021 0.98792 2 
119.300 -40.889 0.00000 -0.00000 0 
-8.980 -43.455 8.08831 -0.71650 2 
-6.414 -43.455 8.08278 -0.82045 2 
-3.848 -43.455 7.95640 -0.82595 2 
-1.283 -43.455 8.14952 -0.78154 2 
1.283 -43.455 8.29265 -0.84823 2 
3.848 -43.455 8.23457 -0.73845 2 
6.414 -43.455 8.28761 -0.84221 2 
8.980 -43.455 8.33001 -0.86904 2 
11.545 -43.455 8.53938 -0.97172 2 
14.111 -43.455 8.41723 -0.86676 2 
16.676 -43.455 8.64678 -0.75915 2 
19.242 -43.455 8.61573 -0.85045 2 
21.808 -43.455 8.58160 -0.85922 2 
24.373 -43.455 8.83937 -0.79247 2 
26.939 -43.455 8.73183 -0.78796 2 
29.504 -43.455 8.80427 -0.73485 2 
32.070 -43.455 8.84834 -0.74915 2 
34.636 -43.455 8.96987 -0.68805 2 
37.201 -43.455 8.88224 -0.63970 2 
39.767 -43.455 8.88852 -0.60746 2 
42.332 -43.455 9.01375 -0.62481 2 
44.898 -43.455 9.08874 -0.57411 2 
47.464 -43.455 8.91456 -0.52080 2 
50.029 -43.455 9.15834 -0.41497 2 
52.595 -43.455 8.87688 -0.34764 2 
55.160 -43.455 9.14659 -0.21240 2 
57.726 -43.455 9.06436 -0.17797 2 
60.292 -43.455 9.11237 -0.16344 2 
62.857 -43.455 9.11763 -0.06357 2 
65.423 -43.455 9.03922 -0.17248 2 
67.988 -43.455 9.01745 0.14213 2 
70.554 -43.455 9.03541 0.04704 2 
73.120 -43.455 8.95358 0.11564 2 
75.685 -43.455 9.05206 0.29569 2 
78.251 -43.455 9.09090 0.20766 2 
80.816 -43.455 9.01760 0.16026 2 
83.382 -43.455 9.15425 0.27295 2 
85.948 -43.455 8.93315 0.21215 2 
88.513 -43.455 8.92743 0.40285 2 
91.079 -43.455 9.00896 0.39185 2 
93.644 -43.455 8.95557 0.59680 2 
96.210 -43.455 8.98600 0.45370 2 
98.776 -43.455 9.01792 0.53310 2 
101.341 -43.455 8.87254 0.63227 2 
103.907 -43.455 8.93175 0.75906 2 
106.472 -43.455 8.81130 0.55716 2 
109.038 -43.455 8.61264 0.90289 2 
111.603 -43.455 8.81799 0.71045 2 
114.169 -43.455 8.60958 0.82096 2 
116.735 -43.455 9.07724 0.94201 2 
119.300 -43.455 0.00000 -0.00000 0 
-8.980 -46.020 7.97024 -0.68757 2 
-6.414 -46.020 7.98382 -0.70625 2 
-3.848 -46.020 8.14824 -0.76979 2 
-1.283 -46.020 8.04568 -0.88858 2 
1.283 -46.020 8.21207 -0.80458 2 
3.848 -46.020 8.24249 -0.86371 2 
6.414 -46.020 8.29530 -0.89839 2 
8.980 -46.020 8.49484 -0.71507 2 
11.545 -46.020 8.48877 -0.80160 2 
14.111 -46.020 8.57233 -0.81127 2 
16.676 -46.020 8.60230 -0.86138 2 
19.242 -46.020 8.46929 -0.75386 2 
21.808 -46.020 8.62821 -0.76729 2 
24.373 -46.020 8.49536 -0.68859 2 
26.939 -46.020 8.79380 -0.78880 2 
29.504 -46.020 8.72074 -0.55928 2 
32.070 -46.020 8.81141 -0.72049 2 
34.636 -46.020 8.74395 -0.75296 2 
37.201 -46.020 8.84172 -0.51653 2 
39.767 -46.020 8.91039 -0.57894 2 
42.332 -46.020 8.92238 -0.63743 2 
44.898 -46.020 9.06155 -0.57750 2 
47.464 -46.020 8.97977 -0.31185 2 
50.029 -46.020 8.95789 -0.49867 2 
52.595 -46.020 8.88977 -0.18029 2 
55.160 -46.020 8.87980 -0.25187 2 
57.726 -46.020 9.07461 -0.16408 2 
60.292 -46.020 8.92316 -0.14764 2 
62.857 -46.020 9.04668 -0.16679 2 
65.423 -46.020 8.97102 0.02288 2 
67.988 -46.020 9.11044 -0.03248 2 
70.554 -46.020 8.99441 0.10525 2 
73.120 -46.020 9.06386 0.18193 2 
75.685 -46.020 8.89852 0.18717 2 
78.251 -46.020 9.13993 0.09871 2 
80.816 -46.020 8.88047 0.27214 2 
83.382 -46.020 9.06025 0.20537 2 
85.948 -46.020 9.11631 0.54601 2 
88.513 -46.020 8.90711 0.37349 2 
91.079 -46.020 8.88993 0.58713 2 
93.644 -46.020 9.10227 0.32801 2 
96.210 -46.020 8.83867 0.73459 2 
98.776 -46.020 8.84988 0.52318 2 
101.341 -46.020 8.87425 0.70135 2 
103.907 -46.020 8.81428 0.63672 2 
106.472 -46.020 8.88260 0.54919 2 
109.038 -46.020 8.66990 0.72458 2 
111.603 -46.020 8.79105 0.66055 2 
114.169 -46.020 8.58919 0.73589 2 
116.735 -46.020 8.83922 0.77155 2 
119.300 -46.020 0.00000 -0.00000 0 
-8.980 -48.586 8.10127 -0.79147 2 
-6.414 -48.586 8.10143 -0.81270 2 
-3.848 -48.586 8.23395 -0.80180 2 
-1.283 -48.586 8.02659 -0.74734 2 
1.283 -48.586 8.22730 -0.79114 2 
3.848 -48.586 8.30551 -0.66167 2 
6.414 -48.586 8.35081 -0.68014 2 
8.980 -48.586 8.35608 -0.83720 2 
11.545 -48.586 8.36611 -0.82904 2 
14.111 -48.586 8.47277 -0.71966 2 
16.676 -48.586 8.69276 -0.83551 2 
19.242 -48.586 8.53448 -0.77861 2 
21.808 -48.586 8.71774 -0.73714 2 
24.373 -48.586 8.65363 -0.75418 2 
26.939 -48.586 8.68688 -0.77330 2 
29.504 -48.586 8.81287 -0.59318 2 
32.070 -48.586 8.74389 -0.80694 2 
34.636 -48.586 8.85426 -0.50831 2 
37.201 -48.586 8.84397 -0.56436 2 
39.767 -48.586 8.80306 -0.66705 2 
42.332 -48.586 8.80772 -0.40740 2 
44.898 -48.586 8.88470 -0.57642 2 
47.464 -48.586 8.96743 -0.40994 2 
50.029 -48.586 8.97333 -0.26174 2 
52.595 -48.586 8.86612 -0.38358 2 
55.160 -48.586 9.02629 -0.33725 2 
57.726 -48.586 8.97534 -0.22312 2 
60.292 -48.586 8.91694 -0.07330 2 
62.857 -48.586 8.80698 0.06122 2 
65.423 -48.586 8.97021 -0.07991 2 
67.988 -48.586 8.89337 -0.02233 2 
70.554 -48.586 8.96167 0.07247 2 
73.120 -48.586 8.91109 0.11384 2 
75.685 -48.586 8.87937 0.32619 2 
78.251 -48.586 9.01017 0.26898 2 
80.816 -48.586 9.01595 0.21955 2 
83.382 -48.586 8.85445 0.43031 2 
85.948 -48.586 8.89322 0.19434 2 
88.513 -48.586 8.79160 0.34739 2 
91.079 -48.586 8.99090 0.40160 2 
93.644 -48.586 8.82781 0.41522 2 
96.210 -48.586 8.89468 0.55028 2 
98.776 -48.586 8.80236 0.58583 2 
101.341 -48.586 8.83502 0.59618 2 
103.907 -48.586 8.77709 0.61810 2 
106.472 -48.586 8.78399 0.64532 2 
109.038 -48.586 8.64517 0.78382 2 
111.603 -48.586 8.65656 0.61727 2 
114.169 -48.586 8.57267 0.68138 2 
116.735 -48.586 0.00000 -0.00000 0 
119.300 -48.586 0.00000 -0.00000 0 
-8.980 -51.152 7.95957 -0.63084 2 
-6.414 -51.152 8.05764 -0.72737 2 
-3.848 -51.152 8.17779 -0.68899 2 
-1.283 -51.152 8.31036 -0.75563 2 
1.283 -51.152 8.13823 -0.77794 2 
3.848 -51.152 8.27101 -0.80587 2 
6.414 -51.152 8.23271 -0.79731 2 
8.980 -51.152 8.37618 -0.77692 2 
11.545 -51.152 8.43999 -0.72961 2 
14.111 -51.152 8.59664 -0.81748 2 
16.676 -51.152 8.52884 -0.65524 2 
19.242 -51.152 8.71902 -0.72798 2 
21.808 -51.152 8.53737 -0.66120 2 
24.373 -51.152 8.65194 -0.61888 2 
26.939 -51.152 8.73368 -0.70458 2 
29.504 -51.152 8.74395 -0.73580 2 
32.070 -51.152 8.76436 -0.58380 2 
34.636 -51.152 8.75091 -0.72295 2 
37.201 -51.152 8.82105 -0.56212 2 
39.767 -51.152 8.84833 -0.44774 2 
42.332 -51.152 8.75893 -0.62183 2 
44.898 -51.152 8.77802 -0.41841 2 
47.464 -51.152 8.91709 -0.47918 2 
50.029 -51.152 8.80072 -0.41194 2 
52.595 -51.152 8.93805 -0.32823 2 
55.160 -51.152 8.93535 -0.22015 2 
57.726 -51.152 8.82567 -0.20341 2 
60.292 -51.152 8.93347 -0.21139 2 
62.857 -51.152 8.92833 -0.19014 2 
65.423 -51.152 8.95707 -0.06337 2 
67.988 -51.152 8.87924 -0.05005 2 
70.554 -51.152 8.99495 0.13931 2 
73.120 -51.152 8.94438 -0.02586 2 
75.685 -51.152 8.85110 0.16598 2 
78.251 -51.152 8.94561 0.09891 2 
80.816 -51.152 8.83589 0.20945 2 
83.382 -51.152 8.97731 0.22422 2 
85.948 -51.152 8.98913 0.31642 2 
88.513 -51.152 8.75004 0.48905 2 
91.079 -51.152 8.84094 0.44845 2 
93.644 -51.152 8.89638 0.37796 2 
96.210 -51.152 8.80760 0.46099 2 
98.776 -51.152 8.81222 0.61597 2 
101.341 -51.152 8.78489 0.50512 2 
103.907 -51.152 8.71165 0.55690 2 
106.472 -51.152 8.74716 0.41687 2 
109.038 -51.152 8.83150 0.61357 2 
111.603 -51.152 8.65575 0.71714 2 
114.169 -51.152 8.72818 0.72692 2 
116.735 -51.152 0.00000 -0.00000 0 
119.300 -51.152 0.00000 -0.00000 0 
-8.980 -53.717 8.24527 -0.62163 2 
-6.414 -53.717 8.24979 -0.66808 2 
-3.848 -53.717 8.33993 -0.73988 2 
-1.283 -53.717 8.19849 -0.75161 2 
1.283 -53.717 8.26535 -0.69739 2 
3.848 -53.717 8.31148 -0.74387 2 
6.414 -53.717 8.38682 -0.84864 2 
8.980 -53.717 8.35987 -0.63031 2 
11.545 -53.717 8.47476 -0.71632 2 
14.111 -53.717 8.30994 -0.68393 2 
16.676 -53.717 8.53338 -0.82480 2 
19.242 -53.717 8.58089 -0.91333 2 
21.808 -53.717 8.49288 -0.54702 2 
24.373 -53.717 8.70874 -0.76579 2 
26.939 -53.717 8.60688 -0.60494 2 
29.504 -53.717 8.68004 -0.61775 2 
32.070 -53.717 8.79573 -0.71127 2 
34.636 -53.717 8.73061 -0.55916 2 
37.201 -53.717 8.77070 -0.61816 2 
39.767 -53.717 8.78996 -0.57383 2 
42.332 -53.717 8.92069 -0.42908 2 
44.898 -53.717 8.84496 -0.53521 2 
47.464 -53.717 8.81857 -0.36641 2 
50.029 -53.717 8.99006 -0.39340 2 
52.595 -53.717 8.84957 -0.47940 2 
55.160 -53.717 8.89362 -0.24558 2 
57.726 -53.717 8.77051 -0.16099 2 
60.292 -53.717 9.05117 0.03829 2 
62.857 -53.717 8.92695 -0.12195 2 
65.423 -53.717 8.83217 -0.04645 2 
67.988 -53.717 8.98200 0.00950 2 
70.554 -53.717 8.84086 -0.14706 2 
73.120 -53.717 8.93166 0.12158 2 
75.685 -53.717 8.90332 0.02993 2 
78.251 -53.717 8.97371 0.14313 2 
80.816 -53.717 8.86975 0.23437 2 
83.382 -53.717 8.82342 0.36409 2 
85.948 -53.717 8.86462 0.29990 2 
88.513 -53.717 8.83153 0.36064 2 
91.079 -53.717 8.82633 0.30405 2 
93.644 -53.717 8.84915 0.53811 2 
96.210 -53.717 8.67362 0.49511 2 
98.776 -53.717 8.82310 0.57338 2 
101.341 -53.717 8.82237 0.55182 2 
103.907 -53.717 8.74185 0.56664 2 
106.472 -53.717 8.97211 0.72929 2 
109.038 -53.717 8.89806 0.69025 2 
111.603 -53.717 8.77265 0.72134 2 
114.169 -53.717 9.20116 0.86063 2 
116.735 -53.717 0.00000 -0.00000 0 
119.300 -53.717 0.00000 -0.00000 0 
-8.980 -56.283 0.00000 -0.00000 0 
-6.414 -56.283 0.00000 -0.00000 0 
-3.848 -56.283 0.00000 -0.00000 0 
-1.283 -56.283 0.00000 -0.00000 0 
1.283 -56.283 0.00000 -0.00000 0 
3.848 -56.283 0.00000 -0.00000 0 
6.414 -56.283 0.00000 -0.00000 0 
8.980 -56.283 0.00000 -0.00000 0 
11.545 -56.283 8.43421 -0.42032 2 
14.111 -56.283 8.48887 -0.43308 2 
16.676 -56.283 8.53191 -0.39174 2 
19.242 -56.283 8.57494 -0.35040 2 
21.808 -56.283 8.60665 -0.32092 2 
24.373 -56.283 8.63836 -0.29143 2 
26.939 -56.283 8.67007 -0.26195 2 
29.504 -56.283 8.68914 -0.22582 2 
32.070 -56.283 8.70822 -0.18970 2 
34.636 -56.283 8.72730 -0.15358 2 
37.201 -56.283 8.72793 -0.13421 2 
39.767 -56.283 8.72856 -0.11485 2 
42.332 -56.283 8.72918 -0.09548 2 
44.898 -56.283 8.72981 -0.07612 2 
47.464 -56.283 8.73044 -0.05675 2 
50.029 -56.283 8.73106 -0.03739 2 
52.595 -56.283 8.66868 -0.20069 2 
55.160 -56.283 8.99030 -0.11070 2 
57.726 -56.283 8.99982 -0.03324 2 
60.292 -56.283 8.79192 -0.16931 2 
62.857 -56.283 8.86517 -0.09531 2 
65.423 -56.283 8.88350 -0.09866 2 
67.988 -56.283 8.91717 -0.10267 2 
70.554 -56.283 8.94653 -0.06519 2 
73.120 -56.283 8.87659 -0.18572 2 
75.685 -56.283 8.98841 -0.05610 2 
78.251 -56.283 8.95328 0.05138 2 
80.816 -56.283 8.92145 0.18820 2 
83.382 -56.283 8.83944 0.15736 2 
85.948 -56.283 8.79361 0.05804 2 
88.513 -56.283 8.86951 -0.00335 2 
91.079 -56.283 8.81348 -0.04900 2 
93.644 -56.283 8.82511 0.04695 2 
96.210 -56.283 8.81304 0.06038 2 
98.776 -56.283 8.80098 0.07382 2 
101.341 -56.283 8.78891 0.08725 2 
103.907 -56.283 8.77685 0.10068 2 
106.472 -56.283 8.76478 0.11412 2 
109.038 -56.283 8.75272 0.12755 2 
111.603 -56.283 8.74065 0.14098 2 
114.169 -56.283 8.72859 0.15442 1 
116.735 -56.283 0.00000 -0.00000 0 
119.300 -56.283 0.00000 -0.00000 0 
