TITLE = "B00092"
VARIABLES = "X [mm]", "Y [mm]", "Vx [m/s]", "Vy [m/s]", "Flag"
ZONE T="Frame 1", I=51, J=39, F=POINT
-8.980 41.210 7.18693 0.29243 2 
-6.414 41.210 7.18319 0.29410 2 
-3.848 41.210 7.16304 0.30446 2 
-1.283 41.210 7.32233 0.32257 2 
1.283 41.210 7.41658 0.36542 2 
3.848 41.210 0.00000 -0.00000 0 
6.414 41.210 0.00000 -0.00000 0 
8.980 41.210 0.00000 -0.00000 0 
11.545 41.210 0.00000 -0.00000 0 
14.111 41.210 0.00000 -0.00000 0 
16.676 41.210 0.00000 -0.00000 0 
19.242 41.210 3.90105 0.25176 2 
21.808 41.210 7.80210 0.50352 2 
24.373 41.210 7.37777 0.61537 2 
26.939 41.210 7.38822 0.61872 2 
29.504 41.210 7.59597 0.75984 2 
32.070 41.210 7.49599 0.72788 2 
34.636 41.210 7.74396 0.73318 2 
37.201 41.210 7.63511 0.77223 2 
39.767 41.210 7.69847 0.94704 2 
42.332 41.210 7.70027 0.72442 2 
44.898 41.210 7.94855 0.65703 2 
47.464 41.210 7.85691 0.79653 2 
50.029 41.210 7.90252 0.74962 2 
52.595 41.210 7.98256 0.70463 2 
55.160 41.210 8.14241 0.73294 2 
57.726 41.210 8.18741 0.81724 2 
60.292 41.210 8.08093 0.60835 2 
62.857 41.210 8.19385 0.68517 2 
65.423 41.210 8.30677 0.76198 2 
67.988 41.210 8.42864 0.85532 2 
70.554 41.210 8.29416 0.50665 2 
73.120 41.210 8.47824 0.44768 2 
75.685 41.210 8.40067 0.63512 2 
78.251 41.210 8.34297 0.11637 2 
80.816 41.210 0.00000 0.00000 0 
83.382 41.210 8.48098 0.30625 2 
85.948 41.210 8.53301 0.33352 2 
88.513 41.210 8.43689 0.04943 2 
91.079 41.210 8.49367 -0.07952 2 
93.644 41.210 8.39030 -0.02795 2 
96.210 41.210 8.40982 -0.09455 2 
98.776 41.210 8.12599 0.02579 2 
101.341 41.210 8.25915 -0.14290 2 
103.907 41.210 8.17063 -0.10289 2 
106.472 41.210 8.10908 -0.10975 2 
109.038 41.210 7.81905 0.12191 2 
111.603 41.210 7.92019 -0.08647 2 
114.169 41.210 7.96210 0.01565 2 
116.735 41.210 0.00000 -0.00000 0 
119.300 41.210 0.00000 -0.00000 0 
-8.980 38.644 7.35945 0.29420 2 
-6.414 38.644 7.20566 0.43421 2 
-3.848 38.644 7.26304 0.53537 2 
-1.283 38.644 7.11149 0.47827 2 
1.283 38.644 7.41733 0.37899 2 
3.848 38.644 0.00000 -0.00000 0 
6.414 38.644 0.00000 -0.00000 0 
8.980 38.644 0.00000 -0.00000 0 
11.545 38.644 0.00000 -0.00000 0 
14.111 38.644 0.00000 -0.00000 0 
16.676 38.644 0.00000 -0.00000 0 
19.242 38.644 3.90307 0.49019 2 
21.808 38.644 7.80613 0.98037 2 
24.373 38.644 7.24065 0.77677 2 
26.939 38.644 7.51448 0.92843 2 
29.504 38.644 7.38536 0.82083 2 
32.070 38.644 7.57434 0.73618 2 
34.636 38.644 7.54917 0.98717 2 
37.201 38.644 7.68220 0.69223 2 
39.767 38.644 7.63419 0.83985 2 
42.332 38.644 7.81657 1.06431 2 
44.898 38.644 7.79709 0.74905 2 
47.464 38.644 7.83764 0.90812 2 
50.029 38.644 7.95912 0.89720 2 
52.595 38.644 7.97136 1.07696 2 
55.160 38.644 8.07533 0.71232 2 
57.726 38.644 8.20070 0.91375 2 
60.292 38.644 8.18446 0.76993 2 
62.857 38.644 8.12664 0.62078 2 
65.423 38.644 8.17898 0.68241 2 
67.988 38.644 8.35227 0.76529 2 
70.554 38.644 8.26395 0.63921 2 
73.120 38.644 8.44557 0.54522 2 
75.685 38.644 8.26400 0.71083 2 
78.251 38.644 8.61172 0.54198 2 
80.816 38.644 0.00000 0.00000 0 
83.382 38.644 8.55767 0.31360 2 
85.948 38.644 8.67985 0.26708 2 
88.513 38.644 8.51840 -0.12268 2 
91.079 38.644 8.56377 -0.08837 2 
93.644 38.644 8.55277 0.02259 2 
96.210 38.644 8.30640 -0.26518 2 
98.776 38.644 8.30349 -0.24343 2 
101.341 38.644 8.22800 -0.16562 2 
103.907 38.644 8.24977 -0.19498 2 
106.472 38.644 7.80286 -0.31077 2 
109.038 38.644 7.92265 -0.00693 2 
111.603 38.644 7.75695 0.01194 2 
114.169 38.644 7.79073 0.20073 2 
116.735 38.644 7.93718 0.38789 2 
119.300 38.644 0.00000 -0.00000 0 
-8.980 36.079 7.07773 0.32372 2 
-6.414 36.079 7.22676 0.17774 2 
-3.848 36.079 7.14304 0.42731 2 
-1.283 36.079 7.03827 0.30592 2 
1.283 36.079 7.70012 0.52418 2 
3.848 36.079 0.00000 -0.00000 0 
6.414 36.079 0.00000 -0.00000 0 
8.980 36.079 0.00000 -0.00000 0 
11.545 36.079 0.00000 -0.00000 0 
14.111 36.079 0.00000 -0.00000 0 
16.676 36.079 0.00000 -0.00000 0 
19.242 36.079 3.91104 0.36496 2 
21.808 36.079 7.82207 0.72991 2 
24.373 36.079 7.22160 0.73543 2 
26.939 36.079 7.53890 0.79616 2 
29.504 36.079 7.40157 0.80261 2 
32.070 36.079 7.57322 0.86949 2 
34.636 36.079 7.47847 0.96004 2 
37.201 36.079 7.67526 0.83481 2 
39.767 36.079 7.69823 0.86660 2 
42.332 36.079 7.87562 0.93942 2 
44.898 36.079 7.64143 1.01223 2 
47.464 36.079 7.87359 0.87586 2 
50.029 36.079 8.22949 0.93780 2 
52.595 36.079 7.87077 0.74944 2 
55.160 36.079 8.27691 0.90752 2 
57.726 36.079 8.31343 0.96083 2 
60.292 36.079 8.31632 0.73359 2 
62.857 36.079 8.37883 0.80846 2 
65.423 36.079 8.33476 0.76462 2 
67.988 36.079 8.48369 0.97152 2 
70.554 36.079 8.48712 0.48775 2 
73.120 36.079 8.61445 0.42914 2 
75.685 36.079 8.58415 0.79274 2 
78.251 36.079 8.69430 0.61898 2 
80.816 36.079 0.00000 0.00000 0 
83.382 36.079 8.56137 0.35594 2 
85.948 36.079 8.61803 0.26970 2 
88.513 36.079 8.69262 0.21515 2 
91.079 36.079 8.56614 -0.01275 2 
93.644 36.079 8.58333 -0.17190 2 
96.210 36.079 8.64151 -0.33381 2 
98.776 36.079 8.29179 -0.40293 2 
101.341 36.079 8.20382 -0.40716 2 
103.907 36.079 7.91894 -0.40150 2 
106.472 36.079 8.11566 -0.48743 2 
109.038 36.079 7.70464 -0.10765 2 
111.603 36.079 7.71393 0.09032 2 
114.169 36.079 7.59570 0.01915 2 
116.735 36.079 8.13260 0.28039 2 
119.300 36.079 0.00000 -0.00000 0 
-8.980 33.513 7.05112 0.32249 2 
-6.414 33.513 7.15743 0.38314 2 
-3.848 33.513 7.14422 0.25206 2 
-1.283 33.513 7.09577 0.45600 2 
1.283 33.513 7.46055 0.63329 2 
3.848 33.513 0.00000 -0.00000 0 
6.414 33.513 0.00000 -0.00000 0 
8.980 33.513 0.00000 -0.00000 0 
11.545 33.513 0.00000 -0.00000 0 
14.111 33.513 0.00000 -0.00000 0 
16.676 33.513 0.00000 -0.00000 0 
19.242 33.513 3.77616 0.47750 2 
21.808 33.513 7.55232 0.95501 2 
24.373 33.513 7.20086 0.86876 2 
26.939 33.513 7.39757 0.79348 2 
29.504 33.513 7.48462 0.89060 2 
32.070 33.513 7.44250 0.93209 2 
34.636 33.513 7.72333 0.90334 2 
37.201 33.513 7.54302 0.93194 2 
39.767 33.513 7.66566 0.92004 2 
42.332 33.513 7.63441 0.99314 2 
44.898 33.513 7.79184 1.10327 2 
47.464 33.513 7.92843 0.96943 2 
50.029 33.513 7.99005 0.80455 2 
52.595 33.513 8.14328 0.90032 2 
55.160 33.513 7.99049 0.96132 2 
57.726 33.513 8.18052 1.02431 2 
60.292 33.513 8.31302 0.95072 2 
62.857 33.513 8.38468 0.79550 2 
65.423 33.513 8.44223 0.93105 2 
67.988 33.513 8.56744 0.72354 2 
70.554 33.513 8.42245 0.81054 2 
73.120 33.513 8.73748 0.82176 2 
75.685 33.513 8.47580 0.55171 2 
78.251 33.513 8.79268 0.47571 2 
80.816 33.513 0.00000 0.00000 0 
83.382 33.513 8.75669 0.28727 2 
85.948 33.513 8.77226 0.28922 2 
88.513 33.513 8.80310 0.09419 2 
91.079 33.513 8.64862 0.04609 2 
93.644 33.513 8.60528 -0.45810 2 
96.210 33.513 8.53196 -0.23553 2 
98.776 33.513 8.48702 -0.35600 2 
101.341 33.513 8.35229 -0.55674 2 
103.907 33.513 8.05537 -0.50566 2 
106.472 33.513 7.99160 -0.37664 2 
109.038 33.513 7.57090 -0.29520 2 
111.603 33.513 7.35005 -0.09953 2 
114.169 33.513 7.28484 0.01339 2 
116.735 33.513 7.97050 0.55768 2 
119.300 33.513 0.00000 -0.00000 0 
-8.980 30.948 7.16016 0.26362 2 
-6.414 30.948 7.11383 0.32847 2 
-3.848 30.948 7.11740 0.44015 2 
-1.283 30.948 7.08911 0.39814 2 
1.283 30.948 7.24054 0.40786 2 
3.848 30.948 0.00000 -0.00000 0 
6.414 30.948 0.00000 -0.00000 0 
8.980 30.948 0.00000 -0.00000 0 
11.545 30.948 0.00000 -0.00000 0 
14.111 30.948 0.00000 -0.00000 0 
16.676 30.948 0.00000 -0.00000 0 
19.242 30.948 3.89532 0.39486 2 
21.808 30.948 7.79065 0.78972 2 
24.373 30.948 7.33741 0.87496 2 
26.939 30.948 7.24604 1.01169 2 
29.504 30.948 7.41070 0.98638 2 
32.070 30.948 7.55594 1.09611 2 
34.636 30.948 7.69547 0.88557 2 
37.201 30.948 7.47365 1.10469 2 
39.767 30.948 7.74134 1.07020 2 
42.332 30.948 7.77536 0.90310 2 
44.898 30.948 7.79220 1.09785 2 
47.464 30.948 8.04490 0.96803 2 
50.029 30.948 7.80213 1.14472 2 
52.595 30.948 8.15510 1.07244 2 
55.160 30.948 8.11651 0.94438 2 
57.726 30.948 8.19273 1.00535 2 
60.292 30.948 8.16744 0.88519 2 
62.857 30.948 8.46209 0.99559 2 
65.423 30.948 8.37762 0.85821 2 
67.988 30.948 8.39167 1.06970 2 
70.554 30.948 8.53257 0.67537 2 
73.120 30.948 8.93831 0.82774 2 
75.685 30.948 8.63145 0.67797 2 
78.251 30.948 8.88054 0.73343 2 
80.816 30.948 0.00000 0.00000 0 
83.382 30.948 8.88210 0.24817 2 
85.948 30.948 8.92546 0.13670 2 
88.513 30.948 8.94537 0.16669 2 
91.079 30.948 8.66792 -0.01752 2 
93.644 30.948 8.78799 -0.12058 2 
96.210 30.948 8.65957 -0.48683 2 
98.776 30.948 8.48904 -0.81674 2 
101.341 30.948 8.40027 -0.57366 2 
103.907 30.948 7.94512 -0.63432 2 
106.472 30.948 7.56878 -0.82063 2 
109.038 30.948 7.36934 -0.45085 2 
111.603 30.948 7.31707 -0.30233 2 
114.169 30.948 7.07728 0.01466 2 
116.735 30.948 7.36319 0.54493 2 
119.300 30.948 0.00000 -0.00000 0 
-8.980 28.382 7.22679 0.28360 2 
-6.414 28.382 7.17115 0.20950 2 
-3.848 28.382 7.02108 0.21359 2 
-1.283 28.382 7.07607 0.38310 2 
1.283 28.382 7.12180 0.40383 2 
3.848 28.382 7.85445 0.46363 2 
6.414 28.382 0.00000 -0.00000 0 
8.980 28.382 0.00000 -0.00000 0 
11.545 28.382 0.00000 -0.00000 0 
14.111 28.382 0.00000 -0.00000 0 
16.676 28.382 2.50666 0.41547 2 
19.242 28.382 5.01331 0.83093 2 
21.808 28.382 7.61192 0.92353 2 
24.373 28.382 7.24375 1.05540 2 
26.939 28.382 7.43283 1.03174 2 
29.504 28.382 7.29425 0.85712 2 
32.070 28.382 7.48293 1.03689 2 
34.636 28.382 7.48794 1.10398 2 
37.201 28.382 7.50400 1.03252 2 
39.767 28.382 7.65134 1.03738 2 
42.332 28.382 7.70905 1.13771 2 
44.898 28.382 7.74960 1.05306 2 
47.464 28.382 7.98918 0.94697 2 
50.029 28.382 8.06712 0.83253 2 
52.595 28.382 7.94978 1.09852 2 
55.160 28.382 8.37440 1.11665 2 
57.726 28.382 8.21506 1.06216 2 
60.292 28.382 8.46856 1.04878 2 
62.857 28.382 8.40020 0.99568 2 
65.423 28.382 8.53181 1.01586 2 
67.988 28.382 8.59339 0.79519 2 
70.554 28.382 8.63781 0.82621 2 
73.120 28.382 8.61302 0.93338 2 
75.685 28.382 8.77278 0.64287 2 
78.251 28.382 8.90355 0.69517 2 
80.816 28.382 8.61050 0.57623 2 
83.382 28.382 8.84688 0.50410 2 
85.948 28.382 9.08325 0.43197 2 
88.513 28.382 8.93712 0.10434 2 
91.079 28.382 9.22221 -0.14223 2 
93.644 28.382 8.90760 -0.89590 2 
96.210 28.382 8.64992 -0.68862 2 
98.776 28.382 8.62192 -0.87301 2 
101.341 28.382 8.25549 -0.88657 2 
103.907 28.382 8.09468 -0.88463 2 
106.472 28.382 7.47899 -0.82622 2 
109.038 28.382 7.41266 -0.69491 2 
111.603 28.382 7.13494 -0.29789 2 
114.169 28.382 6.76560 -0.08637 2 
116.735 28.382 6.82869 0.67238 2 
119.300 28.382 0.00000 -0.00000 0 
-8.980 25.816 6.82353 0.09496 2 
-6.414 25.816 7.11592 0.30024 2 
-3.848 25.816 6.95706 0.32350 2 
-1.283 25.816 7.03330 0.47013 2 
1.283 25.816 6.84953 0.50864 2 
3.848 25.816 7.00368 0.55184 2 
6.414 25.816 0.00000 -0.00000 0 
8.980 25.816 0.00000 -0.00000 0 
11.545 25.816 0.00000 -0.00000 0 
14.111 25.816 0.00000 -0.00000 0 
16.676 25.816 3.74298 0.49090 2 
19.242 25.816 7.48595 0.98180 2 
21.808 25.816 7.20043 0.96490 2 
24.373 25.816 7.29546 1.02263 2 
26.939 25.816 7.40718 0.91070 2 
29.504 25.816 7.20292 1.09950 2 
32.070 25.816 7.53284 1.05513 2 
34.636 25.816 7.34699 1.21005 2 
37.201 25.816 7.65121 1.14485 2 
39.767 25.816 7.66205 1.25955 2 
42.332 25.816 7.67096 1.10145 2 
44.898 25.816 7.95792 1.11746 2 
47.464 25.816 7.91207 1.30595 2 
50.029 25.816 8.05834 1.27057 2 
52.595 25.816 8.03492 1.12024 2 
55.160 25.816 7.99939 1.18533 2 
57.726 25.816 8.33362 1.14565 2 
60.292 25.816 8.26929 1.25421 2 
62.857 25.816 8.55156 1.02417 2 
65.423 25.816 8.37774 0.99885 2 
67.988 25.816 8.55721 0.99276 2 
70.554 25.816 8.71293 0.95231 2 
73.120 25.816 8.83019 0.91962 2 
75.685 25.816 8.71497 0.86456 2 
78.251 25.816 8.86875 0.78992 2 
80.816 25.816 9.12381 0.83055 2 
83.382 25.816 0.00000 0.00000 0 
85.948 25.816 9.45007 0.41181 2 
88.513 25.816 9.45795 0.12342 2 
91.079 25.816 9.27087 -0.34441 2 
93.644 25.816 9.35385 -0.34290 2 
96.210 25.816 8.92643 -0.99966 2 
98.776 25.816 8.77487 -1.10854 2 
101.341 25.816 8.30277 -1.56856 2 
103.907 25.816 7.61240 -1.50871 2 
106.472 25.816 7.42492 -1.09336 2 
109.038 25.816 7.04075 -0.98961 2 
111.603 25.816 6.45713 -0.89090 2 
114.169 25.816 6.20463 -0.04589 2 
116.735 25.816 6.67491 0.30781 2 
119.300 25.816 0.00000 -0.00000 0 
-8.980 23.251 6.92232 0.24549 2 
-6.414 23.251 7.03681 0.24276 2 
-3.848 23.251 7.01192 0.39004 2 
-1.283 23.251 6.87577 0.27426 2 
1.283 23.251 6.88579 0.46546 2 
3.848 23.251 6.97896 0.38305 2 
6.414 23.251 0.00000 -0.00000 0 
8.980 23.251 0.00000 -0.00000 0 
11.545 23.251 0.00000 -0.00000 0 
14.111 23.251 0.00000 -0.00000 0 
16.676 23.251 4.01757 0.52466 2 
19.242 23.251 8.03514 1.04932 2 
21.808 23.251 6.93652 1.02716 2 
24.373 23.251 7.12459 1.04357 2 
26.939 23.251 7.32060 1.03016 2 
29.504 23.251 7.29327 1.33783 2 
32.070 23.251 7.36708 1.16131 2 
34.636 23.251 7.50292 1.22612 2 
37.201 23.251 7.59315 1.25959 2 
39.767 23.251 7.83320 1.06999 2 
42.332 23.251 7.57798 1.33048 2 
44.898 23.251 7.80949 1.37676 2 
47.464 23.251 7.89216 1.04238 2 
50.029 23.251 7.99250 1.11976 2 
52.595 23.251 8.41168 1.06869 2 
55.160 23.251 8.20699 1.17648 2 
57.726 23.251 8.26371 1.05256 2 
60.292 23.251 8.25443 1.05777 2 
62.857 23.251 8.51284 0.96866 2 
65.423 23.251 8.46318 1.00333 2 
67.988 23.251 8.83402 1.17145 2 
70.554 23.251 8.83946 1.02389 2 
73.120 23.251 8.77460 0.83943 2 
75.685 23.251 8.92216 0.91544 2 
78.251 23.251 9.19600 0.98460 2 
80.816 23.251 9.86787 0.81521 2 
83.382 23.251 0.00000 0.00000 0 
85.948 23.251 9.55143 0.54362 2 
88.513 23.251 9.72559 0.16654 2 
91.079 23.251 10.08760 -0.36309 2 
93.644 23.251 9.88477 -0.83241 2 
96.210 23.251 9.49976 -1.19056 2 
98.776 23.251 8.94016 -1.51387 2 
101.341 23.251 8.43756 -1.87030 2 
103.907 23.251 7.84766 -1.83964 2 
106.472 23.251 7.07489 -1.70360 2 
109.038 23.251 6.49682 -1.05966 2 
111.603 23.251 6.12775 -0.97006 2 
114.169 23.251 5.73192 -0.20162 2 
116.735 23.251 5.42696 0.25371 2 
119.300 23.251 0.00000 -0.00000 0 
-8.980 20.685 7.00684 0.04757 2 
-6.414 20.685 6.95345 0.15781 2 
-3.848 20.685 6.93401 0.14627 2 
-1.283 20.685 6.83504 0.40749 2 
1.283 20.685 6.77378 0.25674 2 
3.848 20.685 6.95423 0.21427 2 
6.414 20.685 0.00000 -0.00000 0 
8.980 20.685 0.00000 -0.00000 0 
11.545 20.685 0.00000 -0.00000 0 
14.111 20.685 0.00000 -0.00000 0 
16.676 20.685 3.65199 0.53398 2 
19.242 20.685 7.30399 1.06796 2 
21.808 20.685 7.08469 0.86560 2 
24.373 20.685 7.05377 1.31782 2 
26.939 20.685 7.14124 1.26323 2 
29.504 20.685 7.37788 1.24140 2 
32.070 20.685 7.33931 1.26251 2 
34.636 20.685 7.27800 1.37291 2 
37.201 20.685 7.52322 1.42515 2 
39.767 20.685 7.70558 1.49722 2 
42.332 20.685 7.74587 1.23180 2 
44.898 20.685 7.86375 1.19814 2 
47.464 20.685 7.87587 1.36514 2 
50.029 20.685 8.07066 1.30348 2 
52.595 20.685 8.03109 1.31808 2 
55.160 20.685 8.27208 1.22750 2 
57.726 20.685 8.46295 1.24890 2 
60.292 20.685 8.35783 1.35306 2 
62.857 20.685 8.48390 1.29901 2 
65.423 20.685 8.92707 1.34509 2 
67.988 20.685 4.41701 0.58572 2 
70.554 20.685 9.27909 1.13373 2 
73.120 20.685 9.22329 1.15030 2 
75.685 20.685 9.31329 0.93308 2 
78.251 20.685 4.59800 0.49230 2 
80.816 20.685 4.93394 0.40760 2 
83.382 20.685 0.00000 -0.00000 0 
85.948 20.685 0.00000 0.00000 0 
88.513 20.685 0.00000 0.00000 0 
91.079 20.685 10.65766 0.36865 2 
93.644 20.685 9.97323 -0.93080 2 
96.210 20.685 10.23895 -1.92911 2 
98.776 20.685 9.43221 -2.20266 2 
101.341 20.685 8.55725 -2.53241 2 
103.907 20.685 7.63103 -2.47543 2 
106.472 20.685 6.89122 -2.53115 2 
109.038 20.685 6.19049 -2.02258 2 
111.603 20.685 5.61236 -1.29678 2 
114.169 20.685 5.14693 -0.68979 2 
116.735 20.685 5.37333 0.14868 2 
119.300 20.685 0.00000 -0.00000 0 
-8.980 18.120 7.03405 0.09767 2 
-6.414 18.120 6.78701 0.09502 2 
-3.848 18.120 6.89525 0.24175 2 
-1.283 18.120 6.66313 0.26301 2 
1.283 18.120 6.79348 0.38298 2 
3.848 18.120 6.58983 0.34142 2 
6.414 18.120 0.00000 -0.00000 0 
8.980 18.120 0.00000 -0.00000 0 
11.545 18.120 0.00000 -0.00000 0 
14.111 18.120 0.00000 -0.00000 0 
16.676 18.120 3.73807 0.63159 2 
19.242 18.120 7.47613 1.26318 2 
21.808 18.120 6.87308 1.13620 2 
24.373 18.120 6.96579 1.28285 2 
26.939 18.120 7.18650 1.31609 2 
29.504 18.120 7.31825 1.32985 2 
32.070 18.120 7.33973 1.43639 2 
34.636 18.120 7.46950 1.61331 2 
37.201 18.120 7.63210 1.41172 2 
39.767 18.120 7.73782 1.38264 2 
42.332 18.120 7.73636 1.46794 2 
44.898 18.120 7.83722 1.33296 2 
47.464 18.120 7.99537 1.44072 2 
50.029 18.120 8.07952 1.23655 2 
52.595 18.120 7.91441 1.21682 2 
55.160 18.120 8.75192 1.02300 2 
57.726 18.120 8.45697 1.26680 2 
60.292 18.120 8.40242 1.29576 2 
62.857 18.120 8.96355 1.44634 2 
65.423 18.120 4.46353 0.67255 2 
67.988 18.120 0.00000 -0.00000 0 
70.554 18.120 0.00000 -0.00000 0 
73.120 18.120 0.00000 -0.00000 0 
75.685 18.120 0.00000 -0.00000 0 
78.251 18.120 0.00000 -0.00000 0 
80.816 18.120 0.00000 -0.00000 0 
83.382 18.120 0.00000 -0.00000 0 
85.948 18.120 -0.53381 0.33494 2 
88.513 18.120 1.80825 0.93376 2 
91.079 18.120 7.14420 0.70688 2 
93.644 18.120 11.52432 -1.09088 2 
96.210 18.120 10.78172 -1.67444 2 
98.776 18.120 10.28462 -3.71041 2 
101.341 18.120 9.03387 -3.82530 2 
103.907 18.120 7.08769 -3.86645 2 
106.472 18.120 6.55928 -3.22745 2 
109.038 18.120 5.53858 -2.36543 2 
111.603 18.120 4.94455 -2.20139 2 
114.169 18.120 4.36353 -1.06245 2 
116.735 18.120 4.32555 -0.43437 2 
119.300 18.120 0.00000 -0.00000 0 
-8.980 15.554 6.81080 0.00261 2 
-6.414 15.554 6.76753 -0.01500 2 
-3.848 15.554 6.72673 0.31132 2 
-1.283 15.554 6.69335 0.20036 2 
1.283 15.554 6.57075 0.41085 2 
3.848 15.554 6.69696 0.44032 2 
6.414 15.554 0.00000 -0.00000 0 
8.980 15.554 0.00000 -0.00000 0 
11.545 15.554 0.00000 -0.00000 0 
14.111 15.554 0.00000 -0.00000 0 
16.676 15.554 3.49358 0.65822 2 
19.242 15.554 6.98717 1.31645 2 
21.808 15.554 7.02872 1.27446 2 
24.373 15.554 6.98636 1.28208 2 
26.939 15.554 7.14493 1.47534 2 
29.504 15.554 7.20201 1.47429 2 
32.070 15.554 7.32516 1.51017 2 
34.636 15.554 7.45031 1.47112 2 
37.201 15.554 7.48290 1.45924 2 
39.767 15.554 7.47812 1.59167 2 
42.332 15.554 8.07271 1.53320 2 
44.898 15.554 8.17245 1.28244 2 
47.464 15.554 7.88149 1.32679 2 
50.029 15.554 8.49774 1.66081 2 
52.595 15.554 8.81962 1.35284 2 
55.160 15.554 0.00000 -0.00000 0 
57.726 15.554 0.00000 -0.00000 0 
60.292 15.554 0.00000 -0.00000 0 
62.857 15.554 0.00000 -0.00000 0 
65.423 15.554 0.00000 -0.00000 0 
67.988 15.554 0.00000 -0.00000 0 
70.554 15.554 0.00000 -0.00000 0 
73.120 15.554 0.00000 -0.00000 0 
75.685 15.554 0.00000 -0.00000 0 
78.251 15.554 0.00000 -0.00000 0 
80.816 15.554 -0.20004 -0.65986 2 
83.382 15.554 -0.34917 -0.28217 2 
85.948 15.554 0.60026 -0.04892 2 
88.513 15.554 2.97816 0.09859 2 
91.079 15.554 4.05937 0.69884 2 
93.644 15.554 6.60843 0.17569 2 
96.210 15.554 8.48627 0.75257 2 
98.776 15.554 10.47379 -4.50822 2 
101.341 15.554 9.45319 -5.72093 2 
103.907 15.554 7.01206 -5.65498 2 
106.472 15.554 5.44098 -4.26800 2 
109.038 15.554 4.66611 -3.42159 2 
111.603 15.554 4.04991 -2.40626 2 
114.169 15.554 3.58494 -1.84051 2 
116.735 15.554 1.16987 -0.46045 2 
119.300 15.554 0.12620 -0.11037 2 
-8.980 12.988 6.91182 -0.06298 2 
-6.414 12.988 6.59341 -0.19011 2 
-3.848 12.988 6.58165 -0.07481 2 
-1.283 12.988 6.57318 0.15438 2 
1.283 12.988 6.43656 0.09707 2 
3.848 12.988 6.72458 0.37349 2 
6.414 12.988 0.00000 -0.00000 0 
8.980 12.988 0.00000 -0.00000 0 
11.545 12.988 0.00000 -0.00000 0 
14.111 12.988 0.00000 -0.00000 0 
16.676 12.988 3.59246 0.73438 2 
19.242 12.988 7.18492 1.46875 2 
21.808 12.988 6.65207 1.29524 2 
24.373 12.988 7.04908 1.56854 2 
26.939 12.988 7.03329 1.62967 2 
29.504 12.988 7.58143 1.51752 2 
32.070 12.988 3.66258 0.75508 2 
34.636 12.988 3.72516 0.73556 2 
37.201 12.988 7.71308 1.58555 2 
39.767 12.988 3.73906 0.79584 2 
42.332 12.988 0.00000 -0.00000 0 
44.898 12.988 0.00000 -0.00000 0 
47.464 12.988 0.00000 -0.00000 0 
50.029 12.988 0.00000 -0.00000 0 
52.595 12.988 0.00000 -0.00000 0 
55.160 12.988 0.00000 -0.00000 0 
57.726 12.988 0.00000 -0.00000 0 
60.292 12.988 0.00000 -0.00000 0 
62.857 12.988 0.00000 -0.00000 0 
65.423 12.988 0.00000 -0.00000 0 
67.988 12.988 0.00000 -0.00000 0 
70.554 12.988 0.00000 -0.00000 0 
73.120 12.988 0.00000 -0.00000 0 
75.685 12.988 -0.34615 -0.25831 2 
78.251 12.988 -0.74600 -0.54936 2 
80.816 12.988 -0.79283 -0.76299 2 
83.382 12.988 -0.69833 -0.56433 2 
85.948 12.988 -0.81959 1.10431 2 
88.513 12.988 0.85545 0.60645 2 
91.079 12.988 1.33414 2.01056 2 
93.644 12.988 2.66574 2.19054 2 
96.210 12.988 5.53005 0.28597 2 
98.776 12.988 6.71327 -4.08270 2 
101.341 12.988 6.25870 -5.71721 2 
103.907 12.988 4.80643 -5.63451 2 
106.472 12.988 4.34304 -5.53506 2 
109.038 12.988 3.70986 -4.14568 2 
111.603 12.988 3.41694 -2.84342 2 
114.169 12.988 3.60636 -3.91120 2 
116.735 12.988 2.93836 -0.40318 2 
119.300 12.988 0.19418 -0.20610 2 
-8.980 10.423 6.79206 -0.26666 2 
-6.414 10.423 6.77860 -0.19859 2 
-3.848 10.423 6.57263 -0.00904 2 
-1.283 10.423 6.35168 0.13791 2 
1.283 10.423 6.18755 0.12517 2 
3.848 10.423 6.62455 0.34799 2 
6.414 10.423 1.58579 0.05542 2 
8.980 10.423 0.00000 -0.00000 0 
11.545 10.423 0.00000 -0.00000 0 
14.111 10.423 0.00000 -0.00000 0 
16.676 10.423 2.87397 0.58750 2 
19.242 10.423 4.78995 0.97917 2 
21.808 10.423 3.32604 0.64762 2 
24.373 10.423 7.32481 1.71121 2 
26.939 10.423 7.53705 1.86016 2 
29.504 10.423 3.79071 0.75876 2 
32.070 10.423 0.00000 -0.00000 0 
34.636 10.423 0.00000 -0.00000 0 
37.201 10.423 0.00000 -0.00000 0 
39.767 10.423 0.00000 -0.00000 0 
42.332 10.423 0.00000 -0.00000 0 
44.898 10.423 0.00000 -0.00000 0 
47.464 10.423 0.00000 -0.00000 0 
50.029 10.423 0.00000 -0.00000 0 
52.595 10.423 0.00000 -0.00000 0 
55.160 10.423 0.00000 -0.00000 0 
57.726 10.423 0.00000 -0.00000 0 
60.292 10.423 0.00000 -0.00000 0 
62.857 10.423 0.00000 -0.00000 0 
65.423 10.423 0.00000 -0.00000 0 
67.988 10.423 -1.72968 -0.47997 2 
70.554 10.423 -0.55979 0.15219 2 
73.120 10.423 -1.74015 -0.55761 2 
75.685 10.423 -0.81742 -0.96768 2 
78.251 10.423 -1.00967 -1.01424 2 
80.816 10.423 -1.58026 -1.22857 2 
83.382 10.423 -1.08020 -0.50861 2 
85.948 10.423 -2.23944 2.25754 2 
88.513 10.423 -2.91221 0.47232 2 
91.079 10.423 -1.53562 2.82065 2 
93.644 10.423 -1.00918 3.06200 2 
96.210 10.423 -2.01883 2.03881 2 
98.776 10.423 0.20084 -3.45860 2 
101.341 10.423 3.06420 -5.71349 2 
103.907 10.423 2.73000 -5.96187 2 
106.472 10.423 2.39579 -6.21025 2 
109.038 10.423 2.16727 -3.63748 2 
111.603 10.423 4.16615 -4.95514 2 
114.169 10.423 2.70123 -2.18062 2 
116.735 10.423 1.00335 -1.45661 2 
119.300 10.423 0.27184 0.18443 2 
-8.980 7.857 6.75783 -0.19696 2 
-6.414 7.857 6.63972 -0.38417 2 
-3.848 7.857 6.52063 -0.18465 2 
-1.283 7.857 6.33477 -0.12074 2 
1.283 7.857 6.07721 0.09062 2 
3.848 7.857 6.34315 0.22168 2 
6.414 7.857 3.17157 0.11084 2 
8.980 7.857 0.00000 -0.00000 0 
11.545 7.857 0.00000 -0.00000 0 
14.111 7.857 0.00000 -0.00000 2 
16.676 7.857 1.43698 0.29375 2 
19.242 7.857 2.39497 0.48958 2 
21.808 7.857 0.00000 -0.00000 0 
24.373 7.857 0.00000 -0.00000 0 
26.939 7.857 0.00000 -0.00000 0 
29.504 7.857 0.00000 -0.00000 0 
32.070 7.857 0.00000 -0.00000 0 
34.636 7.857 0.00000 -0.00000 0 
37.201 7.857 0.00000 -0.00000 0 
39.767 7.857 0.00000 -0.00000 0 
42.332 7.857 0.00000 -0.00000 0 
44.898 7.857 0.00000 -0.00000 0 
47.464 7.857 0.00000 -0.00000 0 
50.029 7.857 0.00000 -0.00000 0 
52.595 7.857 0.00000 -0.00000 0 
55.160 7.857 0.00000 -0.00000 0 
57.726 7.857 0.00000 -0.00000 0 
60.292 7.857 -0.14545 -0.01505 2 
62.857 7.857 -1.50211 -0.85419 2 
65.423 7.857 0.35094 0.30650 2 
67.988 7.857 -3.45936 -0.95995 2 
70.554 7.857 -1.29766 -0.38594 2 
73.120 7.857 -1.47049 -1.28736 2 
75.685 7.857 -1.28870 -1.67706 2 
78.251 7.857 -1.68893 -0.81155 2 
80.816 7.857 -2.19267 -0.68136 2 
83.382 7.857 -3.76082 0.39255 2 
85.948 7.857 -2.51702 2.40565 2 
88.513 7.857 -4.13276 0.59621 2 
91.079 7.857 -5.54141 3.66912 2 
93.644 7.857 -4.68410 3.93347 2 
96.210 7.857 -5.50461 2.13262 2 
98.776 7.857 -3.27900 -2.48053 2 
101.341 7.857 -1.86121 -5.36233 2 
103.907 7.857 -0.30101 -6.70456 2 
106.472 7.857 0.91720 -5.86311 2 
109.038 7.857 0.31305 -4.76478 2 
111.603 7.857 0.79670 -1.96565 2 
114.169 7.857 2.79060 -2.21173 2 
116.735 7.857 3.68082 -0.82160 2 
119.300 7.857 0.34949 0.57495 2 
-8.980 5.292 6.53450 -0.48417 2 
-6.414 5.292 6.62391 -0.35365 2 
-3.848 5.292 6.40146 -0.33528 2 
-1.283 5.292 6.14067 -0.53804 2 
1.283 5.292 6.01348 -0.20409 2 
3.848 5.292 6.30522 0.07167 2 
6.414 5.292 1.58579 0.05542 2 
8.980 5.292 0.00000 -0.00000 0 
11.545 5.292 0.00000 -0.00000 0 
14.111 5.292 0.00000 -0.00000 0 
16.676 5.292 0.00000 -0.00000 0 
19.242 5.292 0.00000 -0.00000 0 
21.808 5.292 0.00000 -0.00000 0 
24.373 5.292 0.00000 -0.00000 0 
26.939 5.292 0.00000 -0.00000 0 
29.504 5.292 0.00000 -0.00000 0 
32.070 5.292 0.00000 -0.00000 0 
34.636 5.292 0.00000 -0.00000 0 
37.201 5.292 0.00000 -0.00000 0 
39.767 5.292 0.00000 -0.00000 0 
42.332 5.292 0.00000 -0.00000 0 
44.898 5.292 0.00000 -0.00000 0 
47.464 5.292 0.00000 -0.00000 0 
50.029 5.292 0.00000 -0.00000 0 
52.595 5.292 0.06040 0.07086 2 
55.160 5.292 0.24260 -0.04085 2 
57.726 5.292 -0.02415 -0.03548 2 
60.292 5.292 -0.29091 -0.03011 2 
62.857 5.292 -3.00423 -1.70839 2 
65.423 5.292 -3.63858 -0.89750 2 
67.988 5.292 -3.22909 -0.72397 2 
70.554 5.292 -2.03553 -0.92406 2 
73.120 5.292 -2.32648 -1.22641 2 
75.685 5.292 -1.57831 -1.29050 2 
78.251 5.292 -2.36820 -0.60886 2 
80.816 5.292 -2.80508 -0.13416 2 
83.382 5.292 -3.60769 0.16651 2 
85.948 5.292 -3.52016 2.31932 2 
88.513 5.292 -3.12477 4.16959 2 
91.079 5.292 -3.20070 4.21132 2 
93.644 5.292 -5.34665 1.26652 2 
96.210 5.292 -5.87134 -2.28456 2 
98.776 5.292 -4.89385 -4.14995 2 
101.341 5.292 -5.36212 -4.77698 2 
103.907 5.292 -1.99974 -6.26171 2 
106.472 5.292 0.06640 -5.60043 2 
109.038 5.292 1.40741 -4.69135 2 
111.603 5.292 0.18959 -1.62430 2 
114.169 5.292 2.25920 -1.30537 2 
116.735 5.292 2.71398 -0.01426 2 
119.300 5.292 0.42715 0.96547 2 
-8.980 2.726 6.65976 -0.52809 2 
-6.414 2.726 6.51560 -0.52456 2 
-3.848 2.726 6.38918 -0.69808 2 
-1.283 2.726 6.14503 -0.49831 2 
1.283 2.726 5.94976 -0.49880 2 
3.848 2.726 6.48667 -0.00634 2 
6.414 2.726 0.00000 -0.00000 0 
8.980 2.726 0.00000 -0.00000 0 
11.545 2.726 0.00000 -0.00000 0 
14.111 2.726 0.00000 -0.00000 0 
16.676 2.726 0.00000 -0.00000 0 
19.242 2.726 0.00000 -0.00000 0 
21.808 2.726 0.00000 -0.00000 0 
24.373 2.726 0.00000 -0.00000 0 
26.939 2.726 0.00000 -0.00000 0 
29.504 2.726 0.00000 -0.00000 0 
32.070 2.726 0.00000 -0.00000 0 
34.636 2.726 0.00000 -0.00000 0 
37.201 2.726 0.00000 -0.00000 0 
39.767 2.726 0.00000 -0.00000 0 
42.332 2.726 0.00000 -0.00000 0 
44.898 2.726 0.00000 -0.00000 0 
47.464 2.726 -0.51111 -0.30707 2 
50.029 2.726 -0.20642 -0.08433 2 
52.595 2.726 0.13941 -0.06904 2 
55.160 2.726 -0.14220 -0.64525 2 
57.726 2.726 -0.40895 -0.63988 2 
60.292 2.726 -1.54945 -0.99696 2 
62.857 2.726 -2.68994 -1.35405 2 
65.423 2.726 -2.32509 -0.97333 2 
67.988 2.726 -2.20465 -1.41080 2 
70.554 2.726 -1.52982 -0.78402 2 
73.120 2.726 -1.35659 -1.09674 2 
75.685 2.726 -1.86792 -0.90395 2 
78.251 2.726 -1.40207 -0.40520 2 
80.816 2.726 -1.34514 -0.01291 2 
83.382 2.726 -2.39484 -0.44003 2 
85.948 2.726 -4.13465 1.95979 2 
88.513 2.726 -2.91170 3.86498 2 
91.079 2.726 -2.09589 3.97255 2 
93.644 2.726 -5.46219 0.01701 2 
96.210 2.726 -5.10109 -1.00800 2 
98.776 2.726 -4.52584 -1.92792 2 
101.341 2.726 -3.17187 -4.21347 2 
103.907 2.726 -2.23921 -3.29026 2 
106.472 2.726 -0.73900 -3.92342 2 
109.038 2.726 -0.01967 -3.16251 2 
111.603 2.726 1.96374 -0.03249 2 
114.169 2.726 1.37463 -0.57389 2 
116.735 2.726 2.27710 -0.17576 2 
119.300 2.726 0.52428 2.01563 2 
-8.980 0.160 6.69043 -0.57576 2 
-6.414 0.160 6.65318 -0.57811 2 
-3.848 0.160 6.45396 -0.72025 2 
-1.283 0.160 6.34433 -0.86583 2 
1.283 0.160 6.57749 -0.97042 2 
3.848 0.160 0.00000 -0.00000 0 
6.414 0.160 0.00000 -0.00000 0 
8.980 0.160 0.00000 -0.00000 0 
11.545 0.160 0.00000 -0.00000 0 
14.111 0.160 0.00000 -0.00000 0 
16.676 0.160 0.00000 -0.00000 0 
19.242 0.160 0.00000 -0.00000 0 
21.808 0.160 0.00000 -0.00000 0 
24.373 0.160 0.00000 -0.00000 0 
26.939 0.160 0.00000 -0.00000 0 
29.504 0.160 0.00000 -0.00000 0 
32.070 0.160 0.00000 -0.00000 0 
34.636 0.160 0.00000 -0.00000 0 
37.201 0.160 0.00000 -0.00000 0 
39.767 0.160 -0.48986 -0.10287 2 
42.332 0.160 -0.67458 -0.26036 2 
44.898 0.160 -0.49250 -0.43946 2 
47.464 0.160 -1.02222 -0.61413 2 
50.029 0.160 -0.99069 -0.29136 2 
52.595 0.160 -0.22389 -0.05527 2 
55.160 0.160 -0.52700 -1.24965 2 
57.726 0.160 -1.46699 -1.05971 2 
60.292 0.160 -2.40697 -0.86976 2 
62.857 0.160 -3.34696 -0.67982 2 
65.423 0.160 -2.93819 -0.86153 2 
67.988 0.160 -2.18117 -1.26583 2 
70.554 0.160 -1.02412 -0.64398 2 
73.120 0.160 -0.38671 -0.96708 2 
75.685 0.160 -2.10654 -0.84117 2 
78.251 0.160 -1.82974 -0.83251 2 
80.816 0.160 -1.67394 -0.49902 2 
83.382 0.160 -1.93499 -0.52779 2 
85.948 0.160 -0.53444 2.79154 2 
88.513 0.160 -1.28381 3.06835 2 
91.079 0.160 -0.85427 1.89587 2 
93.644 0.160 -1.27584 1.68778 2 
96.210 0.160 -3.45532 0.16859 2 
98.776 0.160 -2.59103 -1.27651 2 
101.341 0.160 -1.89093 -1.79183 2 
103.907 0.160 0.36438 -2.45487 2 
106.472 0.160 0.99929 -2.80602 2 
109.038 0.160 1.84770 -0.10912 2 
111.603 0.160 1.27659 -1.52303 2 
114.169 0.160 1.09952 1.30635 2 
116.735 0.160 2.98658 1.43724 2 
119.300 0.160 0.40343 1.77856 2 
-8.980 -2.405 6.81242 -0.82189 2 
-6.414 -2.405 6.66058 -0.93633 2 
-3.848 -2.405 6.37036 -0.76138 2 
-1.283 -2.405 6.38804 -0.98939 2 
1.283 -2.405 0.00000 -0.00000 0 
3.848 -2.405 0.00000 -0.00000 0 
6.414 -2.405 0.00000 -0.00000 0 
8.980 -2.405 0.00000 -0.00000 0 
11.545 -2.405 0.00000 -0.00000 0 
14.111 -2.405 0.00000 -0.00000 0 
16.676 -2.405 0.00000 -0.00000 0 
19.242 -2.405 0.00000 -0.00000 0 
21.808 -2.405 0.00000 -0.00000 0 
24.373 -2.405 0.00000 -0.00000 0 
26.939 -2.405 0.00000 -0.00000 0 
29.504 -2.405 0.00000 -0.00000 0 
32.070 -2.405 0.12361 -0.18297 2 
34.636 -2.405 -0.12584 -0.19296 2 
37.201 -2.405 -0.55278 -0.19935 2 
39.767 -2.405 -0.97972 -0.20575 2 
42.332 -2.405 -1.34917 -0.52072 2 
44.898 -2.405 -1.60409 -0.69930 2 
47.464 -2.405 -1.50833 -0.51023 2 
50.029 -2.405 -0.53368 -0.13282 2 
52.595 -2.405 -1.14260 -0.57907 2 
55.160 -2.405 -1.20812 -1.06378 2 
57.726 -2.405 0.30649 -1.26033 2 
60.292 -2.405 -0.63350 -1.07038 2 
62.857 -2.405 -0.45855 -0.79607 2 
65.423 -2.405 0.83134 -0.43739 2 
67.988 -2.405 0.06205 -1.15271 2 
70.554 -2.405 -0.50617 -0.78324 2 
73.120 -2.405 -0.77190 -0.50178 2 
75.685 -2.405 0.10721 -1.03104 2 
78.251 -2.405 0.24386 -1.16275 2 
80.816 -2.405 0.25548 0.41212 2 
83.382 -2.405 1.71311 0.29372 2 
85.948 -2.405 2.36987 0.78625 2 
88.513 -2.405 0.16311 2.39576 2 
91.079 -2.405 1.96853 2.25968 2 
93.644 -2.405 1.20703 1.32885 2 
96.210 -2.405 1.08929 0.78903 2 
98.776 -2.405 1.05718 -0.62627 2 
101.341 -2.405 -0.51661 -2.06612 2 
103.907 -2.405 0.69440 -0.61185 2 
106.472 -2.405 2.42189 -0.22123 2 
109.038 -2.405 1.83579 -0.77427 2 
111.603 -2.405 3.28351 -0.82666 2 
114.169 -2.405 3.10376 1.85117 2 
116.735 -2.405 4.29872 1.76184 2 
119.300 -2.405 0.28259 1.54149 2 
-8.980 -4.971 6.84282 -0.82373 2 
-6.414 -4.971 6.70203 -0.84025 2 
-3.848 -4.971 6.50977 -1.00186 2 
-1.283 -4.971 6.42352 -1.14526 2 
1.283 -4.971 0.00000 -0.00000 0 
3.848 -4.971 0.00000 -0.00000 0 
6.414 -4.971 0.00000 -0.00000 0 
8.980 -4.971 0.00000 -0.00000 0 
11.545 -4.971 0.00000 -0.00000 0 
14.111 -4.971 0.00000 -0.00000 0 
16.676 -4.971 0.00000 -0.00000 0 
19.242 -4.971 0.00000 -0.00000 0 
21.808 -4.971 0.00000 -0.00000 0 
24.373 -4.971 -0.18840 0.02054 2 
26.939 -4.971 0.04924 -0.21749 2 
29.504 -4.971 0.11523 -0.26697 2 
32.070 -4.971 0.24722 -0.36594 2 
34.636 -4.971 -0.25168 -0.38591 2 
37.201 -4.971 -0.99967 -0.46934 2 
39.767 -4.971 -1.74767 -0.55276 2 
42.332 -4.971 -1.81189 -0.54461 2 
44.898 -4.971 -1.87611 -0.53645 2 
47.464 -4.971 -1.72866 -0.03866 2 
50.029 -4.971 -0.78590 -0.40257 2 
52.595 -4.971 -0.55044 -1.41583 2 
55.160 -4.971 -0.22134 -1.18016 2 
57.726 -4.971 0.45875 -0.98188 2 
60.292 -4.971 1.13997 -1.27100 2 
62.857 -4.971 0.87752 -0.58263 2 
65.423 -4.971 1.23711 -0.31811 2 
67.988 -4.971 1.61461 0.11775 2 
70.554 -4.971 0.78520 -0.08559 2 
73.120 -4.971 2.24146 0.30780 2 
75.685 -4.971 3.39593 1.01534 2 
78.251 -4.971 3.04032 -0.05749 2 
80.816 -4.971 4.03224 0.96203 2 
83.382 -4.971 2.78862 1.48304 2 
85.948 -4.971 2.83883 2.31093 2 
88.513 -4.971 1.61003 1.72316 2 
91.079 -4.971 2.36596 1.68405 2 
93.644 -4.971 2.21907 1.28979 2 
96.210 -4.971 2.45521 0.90625 2 
98.776 -4.971 2.68050 0.64240 2 
101.341 -4.971 2.37862 -0.74988 2 
103.907 -4.971 2.59525 -0.01364 2 
106.472 -4.971 3.43653 0.33498 2 
109.038 -4.971 4.36177 -0.54185 2 
111.603 -4.971 5.29042 -0.13029 2 
114.169 -4.971 4.37410 0.17308 2 
116.735 -4.971 5.61087 2.08644 2 
119.300 -4.971 0.16175 1.30442 2 
-8.980 -7.536 6.91070 -0.90419 2 
-6.414 -7.536 6.87856 -1.08682 2 
-3.848 -7.536 6.71921 -1.10655 2 
-1.283 -7.536 6.57956 -1.18142 2 
1.283 -7.536 6.58114 -1.97719 2 
3.848 -7.536 0.00000 -0.00000 0 
6.414 -7.536 3.59210 -1.44060 2 
8.980 -7.536 3.69351 -1.72082 2 
11.545 -7.536 2.17259 -1.10126 2 
14.111 -7.536 -0.86924 0.13786 2 
16.676 -7.536 -0.30040 -0.04368 2 
19.242 -7.536 0.08357 0.06338 2 
21.808 -7.536 -0.12482 0.03841 2 
24.373 -7.536 2.57703 0.05549 2 
26.939 -7.536 0.09848 -0.43497 2 
29.504 -7.536 0.23465 -0.49194 2 
32.070 -7.536 0.37083 -0.54892 2 
34.636 -7.536 0.56770 -0.33708 2 
37.201 -7.536 0.76458 -0.12525 2 
39.767 -7.536 -1.93308 -0.45450 2 
42.332 -7.536 -1.84869 -0.49163 2 
44.898 -7.536 -1.76430 -0.52877 2 
47.464 -7.536 -2.42828 0.25047 2 
50.029 -7.536 -1.49650 0.31422 2 
52.595 -7.536 -0.71242 -1.25215 2 
55.160 -7.536 0.23000 -1.47865 2 
57.726 -7.536 0.61101 -0.70343 2 
60.292 -7.536 0.67014 -1.08102 2 
62.857 -7.536 1.71637 -0.09978 2 
65.423 -7.536 1.64288 -0.19883 2 
67.988 -7.536 0.95886 -0.25257 2 
70.554 -7.536 1.24256 -0.58008 2 
73.120 -7.536 3.25996 0.83522 2 
75.685 -7.536 3.32088 1.00267 2 
78.251 -7.536 4.34375 0.91402 2 
80.816 -7.536 3.84255 1.24461 2 
83.382 -7.536 4.06808 0.87933 2 
85.948 -7.536 3.32931 1.33479 2 
88.513 -7.536 2.89182 1.00815 2 
91.079 -7.536 3.74207 1.27562 2 
93.644 -7.536 3.67884 0.48886 2 
96.210 -7.536 3.04356 1.13100 2 
98.776 -7.536 4.25266 1.09892 2 
101.341 -7.536 5.27385 0.56637 2 
103.907 -7.536 5.34717 -0.72030 2 
106.472 -7.536 5.47259 1.11812 2 
109.038 -7.536 5.40896 0.40295 2 
111.603 -7.536 5.27994 0.14045 2 
114.169 -7.536 4.94424 -0.06943 2 
116.735 -7.536 6.01960 3.10651 2 
119.300 -7.536 0.00000 -0.00000 0 
-8.980 -10.102 7.19157 -1.01541 2 
-6.414 -10.102 6.92757 -1.07485 2 
-3.848 -10.102 6.82730 -1.21498 2 
-1.283 -10.102 6.84575 -1.61171 2 
1.283 -10.102 6.91438 -1.81504 2 
3.848 -10.102 7.06249 -2.28535 2 
6.414 -10.102 7.18421 -2.88120 2 
8.980 -10.102 7.38702 -3.44165 2 
11.545 -10.102 8.15264 -3.45313 2 
14.111 -10.102 8.91827 -3.46461 2 
16.676 -10.102 9.40823 -2.82953 2 
19.242 -10.102 4.74647 -1.15348 2 
21.808 -10.102 1.23054 0.77463 2 
24.373 -10.102 5.34246 0.09044 2 
26.939 -10.102 1.56239 -0.52036 2 
29.504 -10.102 3.44749 -0.67509 2 
32.070 -10.102 2.05255 -0.60259 2 
34.636 -10.102 2.66625 -0.40548 2 
37.201 -10.102 3.27996 -0.20837 2 
39.767 -10.102 2.02542 -0.40172 2 
42.332 -10.102 1.48702 -0.26907 2 
44.898 -10.102 0.94862 -0.13643 2 
47.464 -10.102 1.00011 0.53765 2 
50.029 -10.102 1.25076 0.84458 2 
52.595 -10.102 0.42723 0.38024 2 
55.160 -10.102 0.93446 -1.15941 2 
57.726 -10.102 0.41985 -1.47315 2 
60.292 -10.102 0.20030 -0.89104 2 
62.857 -10.102 2.06410 -1.21873 2 
65.423 -10.102 2.09809 -0.74696 2 
67.988 -10.102 1.49831 -0.95299 2 
70.554 -10.102 1.69993 -1.07457 2 
73.120 -10.102 3.09516 -0.91393 2 
75.685 -10.102 4.11000 -0.65570 2 
78.251 -10.102 4.18238 0.92842 2 
80.816 -10.102 4.12269 0.79293 2 
83.382 -10.102 4.05492 0.69276 2 
85.948 -10.102 3.49009 1.07079 2 
88.513 -10.102 4.17360 0.29313 2 
91.079 -10.102 3.54623 0.67175 2 
93.644 -10.102 3.99108 0.26633 2 
96.210 -10.102 3.78600 0.96670 2 
98.776 -10.102 4.40442 0.82867 2 
101.341 -10.102 4.48685 1.09599 2 
103.907 -10.102 5.01760 0.69375 2 
106.472 -10.102 5.36928 0.61825 2 
109.038 -10.102 5.29917 1.02999 2 
111.603 -10.102 5.30513 0.67046 2 
114.169 -10.102 6.75731 1.18960 2 
116.735 -10.102 7.20228 2.50719 2 
119.300 -10.102 0.00000 -0.00000 0 
-8.980 -12.668 7.10281 -1.02323 2 
-6.414 -12.668 7.20050 -1.13952 2 
-3.848 -12.668 7.12353 -1.37374 2 
-1.283 -12.668 7.01770 -1.47624 2 
1.283 -12.668 7.06055 -1.79444 2 
3.848 -12.668 7.09227 -2.18081 2 
6.414 -12.668 7.29558 -2.49037 2 
8.980 -12.668 7.54048 -2.68840 2 
11.545 -12.668 8.14031 -2.87428 2 
14.111 -12.668 8.67429 -2.77489 2 
16.676 -12.668 9.00849 -2.69889 2 
19.242 -12.668 9.40937 -2.37034 2 
21.808 -12.668 9.73339 -2.17322 2 
24.373 -12.668 9.26465 -2.33947 2 
26.939 -12.668 5.61554 -1.05731 2 
29.504 -12.668 7.97353 -0.54509 2 
32.070 -12.668 5.89175 -0.58857 2 
34.636 -12.668 7.69918 -0.57851 2 
37.201 -12.668 5.37097 -1.16209 2 
39.767 -12.668 5.98392 -0.34895 2 
42.332 -12.668 4.33948 -1.05207 2 
44.898 -12.668 4.38399 -0.11362 2 
47.464 -12.668 4.42850 0.82484 2 
50.029 -12.668 4.89459 0.43329 2 
52.595 -12.668 4.75680 -0.08493 2 
55.160 -12.668 4.01515 -0.72981 2 
57.726 -12.668 4.68187 -1.68884 2 
60.292 -12.668 1.01481 -1.46923 2 
62.857 -12.668 2.44177 -0.91667 2 
65.423 -12.668 1.14889 -1.37682 2 
67.988 -12.668 5.25398 -0.64027 2 
70.554 -12.668 3.82291 -1.19496 2 
73.120 -12.668 3.13854 -1.30584 2 
75.685 -12.668 4.48817 -0.09001 2 
78.251 -12.668 4.02102 0.94282 2 
80.816 -12.668 4.40284 0.34126 2 
83.382 -12.668 4.04176 0.50620 2 
85.948 -12.668 3.61883 0.92925 2 
88.513 -12.668 3.39515 0.34020 2 
91.079 -12.668 3.82840 0.19635 2 
93.644 -12.668 4.30331 0.04379 2 
96.210 -12.668 4.42783 -0.45136 2 
98.776 -12.668 4.21571 0.10114 2 
101.341 -12.668 5.06843 0.26634 2 
103.907 -12.668 5.83856 -0.07249 2 
106.472 -12.668 6.57660 -0.16021 2 
109.038 -12.668 6.02211 -0.28166 2 
111.603 -12.668 6.44612 2.84358 2 
114.169 -12.668 7.08207 1.33655 2 
116.735 -12.668 8.20384 4.20609 2 
119.300 -12.668 0.00000 -0.00000 0 
-8.980 -15.233 7.39586 -0.87466 2 
-6.414 -15.233 7.13557 -1.27252 2 
-3.848 -15.233 7.31314 -1.20322 2 
-1.283 -15.233 7.30166 -1.50980 2 
1.283 -15.233 7.25729 -1.67058 2 
3.848 -15.233 7.37068 -2.11445 2 
6.414 -15.233 7.48426 -2.30181 2 
8.980 -15.233 7.84499 -2.35026 2 
11.545 -15.233 8.12235 -2.39128 2 
14.111 -15.233 8.59242 -2.49787 2 
16.676 -15.233 8.86084 -2.31491 2 
19.242 -15.233 8.99709 -2.24694 2 
21.808 -15.233 9.05550 -2.20056 2 
24.373 -15.233 9.40709 -2.21953 2 
26.939 -15.233 9.66870 -1.59426 2 
29.504 -15.233 9.48606 -1.57809 2 
32.070 -15.233 9.92847 -1.65652 2 
34.636 -15.233 10.07105 -0.92022 2 
37.201 -15.233 9.03984 -1.01443 2 
39.767 -15.233 8.00855 -0.58754 2 
42.332 -15.233 10.46588 -0.57023 2 
44.898 -15.233 10.75480 -0.22446 2 
47.464 -15.233 7.13281 0.32379 2 
50.029 -15.233 9.82804 0.09478 2 
52.595 -15.233 9.12664 -0.11424 2 
55.160 -15.233 8.42525 -0.32327 2 
57.726 -15.233 7.39940 -1.22222 2 
60.292 -15.233 4.05438 -1.13873 2 
62.857 -15.233 4.94758 -0.65799 2 
65.423 -15.233 9.01921 -1.02200 2 
67.988 -15.233 9.00966 -0.32755 2 
70.554 -15.233 5.94590 -1.31535 2 
73.120 -15.233 6.08165 -1.15584 2 
75.685 -15.233 6.58295 -0.68648 2 
78.251 -15.233 5.18682 -0.55938 2 
80.816 -15.233 4.64620 0.62960 2 
83.382 -15.233 5.32128 0.97691 2 
85.948 -15.233 5.99636 1.32422 2 
88.513 -15.233 8.53060 1.37534 2 
91.079 -15.233 6.47145 0.81009 2 
93.644 -15.233 5.45144 -0.06401 2 
96.210 -15.233 5.79241 -0.22009 2 
98.776 -15.233 6.00999 0.57368 2 
101.341 -15.233 7.26019 0.16979 2 
103.907 -15.233 6.93554 1.24134 2 
106.472 -15.233 7.87855 0.65571 2 
109.038 -15.233 7.70991 0.72621 2 
111.603 -15.233 7.99573 1.23709 2 
114.169 -15.233 9.14389 2.93308 2 
116.735 -15.233 9.53857 3.55321 2 
119.300 -15.233 0.00000 -0.00000 0 
-8.980 -17.799 7.26109 -1.04932 2 
-6.414 -17.799 7.22470 -1.15025 2 
-3.848 -17.799 7.33221 -1.28097 2 
-1.283 -17.799 7.24890 -1.39042 2 
1.283 -17.799 7.52561 -1.68279 2 
3.848 -17.799 7.54077 -1.77868 2 
6.414 -17.799 7.78700 -1.91871 2 
8.980 -17.799 7.77958 -2.20105 2 
11.545 -17.799 8.31715 -2.28582 2 
14.111 -17.799 8.52214 -2.10052 2 
16.676 -17.799 8.82314 -2.20399 2 
19.242 -17.799 8.75854 -2.13179 2 
21.808 -17.799 9.05474 -1.97579 2 
24.373 -17.799 9.21182 -1.87961 2 
26.939 -17.799 9.38324 -1.78034 2 
29.504 -17.799 9.39767 -1.53096 2 
32.070 -17.799 9.51814 -1.46603 2 
34.636 -17.799 9.80436 -1.19458 2 
37.201 -17.799 9.81522 -1.22763 2 
39.767 -17.799 10.03318 -0.82613 2 
42.332 -17.799 10.10231 -0.87679 2 
44.898 -17.799 10.31479 -0.47101 2 
47.464 -17.799 9.83711 -0.17725 2 
50.029 -17.799 9.45803 -0.10881 2 
52.595 -17.799 9.21592 0.10504 2 
55.160 -17.799 9.27321 -0.26025 2 
57.726 -17.799 10.11694 -0.75559 2 
60.292 -17.799 7.09395 -0.80823 2 
62.857 -17.799 7.45339 -0.39930 2 
65.423 -17.799 9.55081 0.06807 2 
67.988 -17.799 8.59707 -0.71252 2 
70.554 -17.799 9.37178 -0.72873 2 
73.120 -17.799 9.02476 -1.00585 2 
75.685 -17.799 8.67773 -1.28296 2 
78.251 -17.799 9.94590 1.55236 2 
80.816 -17.799 9.36029 1.14353 2 
83.382 -17.799 9.57138 1.54805 2 
85.948 -17.799 9.36672 1.63785 2 
88.513 -17.799 9.05063 1.29325 2 
91.079 -17.799 9.11451 1.42383 2 
93.644 -17.799 8.25910 0.39938 2 
96.210 -17.799 7.15699 0.01117 2 
98.776 -17.799 7.80427 1.04623 2 
101.341 -17.799 8.35154 0.81163 2 
103.907 -17.799 9.12187 0.44768 2 
106.472 -17.799 9.18051 1.47164 2 
109.038 -17.799 9.39771 1.73409 2 
111.603 -17.799 8.66037 1.51874 2 
114.169 -17.799 9.25865 2.80299 2 
116.735 -17.799 9.10782 2.52642 2 
119.300 -17.799 0.00000 -0.00000 0 
-8.980 -20.364 7.21989 -1.11619 2 
-6.414 -20.364 7.46410 -1.12324 2 
-3.848 -20.364 7.37863 -1.23591 2 
-1.283 -20.364 7.41352 -1.36044 2 
1.283 -20.364 7.47385 -1.57728 2 
3.848 -20.364 7.73714 -1.61299 2 
6.414 -20.364 7.85315 -1.87639 2 
8.980 -20.364 8.13331 -1.90829 2 
11.545 -20.364 8.31650 -2.01827 2 
14.111 -20.364 8.54108 -2.03419 2 
16.676 -20.364 8.67248 -1.93937 2 
19.242 -20.364 8.74337 -1.87364 2 
21.808 -20.364 8.98512 -1.84834 2 
24.373 -20.364 9.22717 -1.73989 2 
26.939 -20.364 9.16530 -1.52833 2 
29.504 -20.364 9.32210 -1.46793 2 
32.070 -20.364 9.28822 -1.36980 2 
34.636 -20.364 9.72068 -1.18340 2 
37.201 -20.364 9.51000 -1.00309 2 
39.767 -20.364 9.66203 -1.01352 2 
42.332 -20.364 9.81823 -0.89242 2 
44.898 -20.364 9.87477 -0.71755 2 
47.464 -20.364 9.59994 -0.40114 2 
50.029 -20.364 9.38256 -0.29029 2 
52.595 -20.364 9.18817 -0.59456 2 
55.160 -20.364 9.27888 -0.51502 2 
57.726 -20.364 9.79341 -0.42938 2 
60.292 -20.364 10.13351 -0.47773 2 
62.857 -20.364 9.95920 -0.14061 2 
65.423 -20.364 9.83646 -0.04026 2 
67.988 -20.364 9.89470 -0.63535 2 
70.554 -20.364 10.62792 -0.39455 2 
73.120 -20.364 9.97213 -0.06679 2 
75.685 -20.364 10.96403 0.28414 2 
78.251 -20.364 10.80040 0.70773 2 
80.816 -20.364 10.21218 0.82276 2 
83.382 -20.364 10.29852 0.92703 2 
85.948 -20.364 10.01137 1.39671 2 
88.513 -20.364 9.57066 1.21115 2 
91.079 -20.364 9.35699 1.07068 2 
93.644 -20.364 9.26820 0.68415 2 
96.210 -20.364 8.15738 0.28811 2 
98.776 -20.364 9.22887 0.79601 2 
101.341 -20.364 9.44288 1.45347 2 
103.907 -20.364 9.45495 1.23696 2 
106.472 -20.364 9.54435 1.42437 2 
109.038 -20.364 9.60039 1.45997 2 
111.603 -20.364 9.32502 1.80039 2 
114.169 -20.364 9.39364 2.15588 2 
116.735 -20.364 9.01312 2.50055 2 
119.300 -20.364 0.00000 -0.00000 0 
-8.980 -22.930 7.45045 -0.85637 2 
-6.414 -22.930 7.51918 -1.08660 2 
-3.848 -22.930 7.48004 -1.24554 2 
-1.283 -22.930 7.59945 -1.27312 2 
1.283 -22.930 7.64419 -1.34413 2 
3.848 -22.930 7.80330 -1.51883 2 
6.414 -22.930 8.03504 -1.68402 2 
8.980 -22.930 8.03260 -1.81229 2 
11.545 -22.930 8.44170 -1.73198 2 
14.111 -22.930 8.50018 -1.80976 2 
16.676 -22.930 8.60131 -1.75279 2 
19.242 -22.930 8.81400 -1.74600 2 
21.808 -22.930 8.97782 -1.62465 2 
24.373 -22.930 8.96343 -1.60906 2 
26.939 -22.930 9.14308 -1.44946 2 
29.504 -22.930 9.11497 -1.33461 2 
32.070 -22.930 9.36777 -1.19916 2 
34.636 -22.930 9.39810 -1.17649 2 
37.201 -22.930 9.50067 -1.07470 2 
39.767 -22.930 9.51666 -0.92012 2 
42.332 -22.930 9.55057 -0.85958 2 
44.898 -22.930 9.48500 -0.64505 2 
47.464 -22.930 9.54687 -0.68178 2 
50.029 -22.930 9.56836 -0.65739 2 
52.595 -22.930 9.31836 -0.47304 2 
55.160 -22.930 9.34670 -0.60996 2 
57.726 -22.930 9.47874 -0.56450 2 
60.292 -22.930 9.91067 -0.40480 2 
62.857 -22.930 9.82535 -0.40196 2 
65.423 -22.930 9.94312 -0.22930 2 
67.988 -22.930 9.96563 -0.10170 2 
70.554 -22.930 10.11724 -0.19790 2 
73.120 -22.930 9.97051 -0.38952 2 
75.685 -22.930 10.47245 0.02035 2 
78.251 -22.930 10.35376 0.59609 2 
80.816 -22.930 10.11087 0.68951 2 
83.382 -22.930 10.03786 0.77551 2 
85.948 -22.930 9.80097 1.02292 2 
88.513 -22.930 9.67106 1.06309 2 
91.079 -22.930 9.56622 0.96580 2 
93.644 -22.930 9.44617 0.89878 2 
96.210 -22.930 9.15777 0.56504 2 
98.776 -22.930 9.31595 0.79803 2 
101.341 -22.930 9.43563 1.26112 2 
103.907 -22.930 9.38537 1.22324 2 
106.472 -22.930 9.32468 1.35282 2 
109.038 -22.930 9.23756 1.70221 2 
111.603 -22.930 9.12099 1.92192 2 
114.169 -22.930 8.88130 1.86687 2 
116.735 -22.930 8.93061 1.85319 2 
119.300 -22.930 0.00000 -0.00000 0 
-8.980 -25.496 7.73122 -0.93648 2 
-6.414 -25.496 7.47257 -1.12057 2 
-3.848 -25.496 7.70641 -1.11700 2 
-1.283 -25.496 7.63889 -1.24982 2 
1.283 -25.496 7.77053 -1.36101 2 
3.848 -25.496 7.87572 -1.52518 2 
6.414 -25.496 7.88407 -1.43026 2 
8.980 -25.496 8.17993 -1.61963 2 
11.545 -25.496 8.36736 -1.75950 2 
14.111 -25.496 8.39573 -1.58171 2 
16.676 -25.496 8.73361 -1.65802 2 
19.242 -25.496 8.60667 -1.61885 2 
21.808 -25.496 8.83683 -1.52027 2 
24.373 -25.496 9.00499 -1.37959 2 
26.939 -25.496 9.09230 -1.47424 2 
29.504 -25.496 9.08825 -1.41576 2 
32.070 -25.496 9.20216 -1.16068 2 
34.636 -25.496 9.20617 -1.06274 2 
37.201 -25.496 9.45572 -0.99696 2 
39.767 -25.496 9.52925 -0.92268 2 
42.332 -25.496 9.36754 -0.80892 2 
44.898 -25.496 9.50525 -0.75434 2 
47.464 -25.496 9.38796 -0.55680 2 
50.029 -25.496 9.33579 -0.62099 2 
52.595 -25.496 9.64502 -0.56660 2 
55.160 -25.496 9.54486 -0.50096 2 
57.726 -25.496 9.68621 -0.74857 2 
60.292 -25.496 9.52436 -0.59957 2 
62.857 -25.496 9.77981 -0.52845 2 
65.423 -25.496 9.86124 -0.41589 2 
67.988 -25.496 10.02931 -0.61890 2 
70.554 -25.496 10.00883 0.01363 2 
73.120 -25.496 10.08383 -0.11559 2 
75.685 -25.496 10.21773 0.23847 2 
78.251 -25.496 10.01878 0.53483 2 
80.816 -25.496 10.13776 0.73991 2 
83.382 -25.496 9.87353 0.76272 2 
85.948 -25.496 9.77846 0.58782 2 
88.513 -25.496 9.66551 0.97230 2 
91.079 -25.496 9.51940 0.87938 2 
93.644 -25.496 9.61509 0.85023 2 
96.210 -25.496 9.30066 0.99154 2 
98.776 -25.496 9.49736 0.99442 2 
101.341 -25.496 9.26044 1.30177 2 
103.907 -25.496 9.23891 1.24926 2 
106.472 -25.496 9.16167 1.32232 2 
109.038 -25.496 9.13008 1.40531 2 
111.603 -25.496 8.88672 1.73139 2 
114.169 -25.496 8.87925 1.73609 2 
116.735 -25.496 8.81636 1.61535 2 
119.300 -25.496 0.00000 -0.00000 0 
-8.980 -28.061 7.66082 -0.94365 2 
-6.414 -28.061 7.68678 -0.96681 2 
-3.848 -28.061 7.65968 -1.01991 2 
-1.283 -28.061 7.75804 -1.13295 2 
1.283 -28.061 7.76707 -1.10638 2 
3.848 -28.061 8.04780 -1.29200 2 
6.414 -28.061 8.15886 -1.34456 2 
8.980 -28.061 8.18198 -1.55274 2 
11.545 -28.061 8.27435 -1.66080 2 
14.111 -28.061 8.53773 -1.32888 2 
16.676 -28.061 8.59103 -1.47389 2 
19.242 -28.061 8.60633 -1.40372 2 
21.808 -28.061 8.79015 -1.28852 2 
24.373 -28.061 8.84275 -1.35598 2 
26.939 -28.061 9.01124 -1.23618 2 
29.504 -28.061 9.06721 -1.14356 2 
32.070 -28.061 9.06159 -1.16660 2 
34.636 -28.061 9.25808 -0.93535 2 
37.201 -28.061 9.16028 -1.05252 2 
39.767 -28.061 9.27218 -0.73477 2 
42.332 -28.061 9.27590 -0.82826 2 
44.898 -28.061 9.37485 -0.71731 2 
47.464 -28.061 9.34597 -0.61236 2 
50.029 -28.061 9.32798 -0.65527 2 
52.595 -28.061 9.43041 -0.54264 2 
55.160 -28.061 9.52308 -0.71970 2 
57.726 -28.061 9.33637 -0.37848 2 
60.292 -28.061 9.51960 -0.30726 2 
62.857 -28.061 9.51689 -0.58334 2 
65.423 -28.061 9.68701 -0.46897 2 
67.988 -28.061 9.63951 -0.16626 2 
70.554 -28.061 9.70707 -0.19264 2 
73.120 -28.061 10.02442 0.09215 2 
75.685 -28.061 9.92451 0.21736 2 
78.251 -28.061 10.08058 0.48863 2 
80.816 -28.061 9.71533 0.43002 2 
83.382 -28.061 9.69577 0.81776 2 
85.948 -28.061 9.56116 0.70309 2 
88.513 -28.061 9.64141 0.76761 2 
91.079 -28.061 9.40430 0.84535 2 
93.644 -28.061 9.49893 0.86671 2 
96.210 -28.061 9.32020 1.00955 2 
98.776 -28.061 9.42318 0.96177 2 
101.341 -28.061 9.12621 1.14092 2 
103.907 -28.061 9.42539 1.04166 2 
106.472 -28.061 8.91554 1.27279 2 
109.038 -28.061 8.97246 1.35997 2 
111.603 -28.061 8.98382 1.47921 2 
114.169 -28.061 8.86221 1.62108 2 
116.735 -28.061 8.74761 1.41069 2 
119.300 -28.061 0.00000 -0.00000 0 
-8.980 -30.627 7.62316 -0.90951 2 
-6.414 -30.627 7.69980 -0.92443 2 
-3.848 -30.627 7.78099 -1.02344 2 
-1.283 -30.627 7.93292 -1.13502 2 
1.283 -30.627 8.06626 -1.16973 2 
3.848 -30.627 8.09834 -1.09709 2 
6.414 -30.627 8.18894 -1.22055 2 
8.980 -30.627 8.36776 -1.28371 2 
11.545 -30.627 8.35808 -1.32943 2 
14.111 -30.627 8.47772 -1.43436 2 
16.676 -30.627 8.66835 -1.27841 2 
19.242 -30.627 8.72537 -1.39593 2 
21.808 -30.627 8.69779 -1.03607 2 
24.373 -30.627 8.87186 -1.28030 2 
26.939 -30.627 8.98800 -0.97405 2 
29.504 -30.627 9.05379 -1.04884 2 
32.070 -30.627 9.01475 -1.00350 2 
34.636 -30.627 9.13467 -0.84778 2 
37.201 -30.627 9.13237 -0.94782 2 
39.767 -30.627 9.09075 -0.81690 2 
42.332 -30.627 9.32456 -0.76104 2 
44.898 -30.627 9.32601 -0.64425 2 
47.464 -30.627 9.31338 -0.67383 2 
50.029 -30.627 9.38271 -0.71813 2 
52.595 -30.627 9.41400 -0.48749 2 
55.160 -30.627 9.43233 -0.49526 2 
57.726 -30.627 9.24210 -0.33237 2 
60.292 -30.627 9.59884 -0.48242 2 
62.857 -30.627 9.55827 -0.36025 2 
65.423 -30.627 9.55792 -0.28764 2 
67.988 -30.627 9.72371 -0.15848 2 
70.554 -30.627 9.51421 0.03299 2 
73.120 -30.627 9.85180 0.10879 2 
75.685 -30.627 9.64688 0.21242 2 
78.251 -30.627 9.69747 0.35122 2 
80.816 -30.627 9.66618 0.61264 2 
83.382 -30.627 9.60712 0.55883 2 
85.948 -30.627 9.68049 0.70857 2 
88.513 -30.627 9.43699 0.60600 2 
91.079 -30.627 9.49530 0.81885 2 
93.644 -30.627 9.57028 0.79380 2 
96.210 -30.627 9.27327 0.84915 2 
98.776 -30.627 9.27292 0.98554 2 
101.341 -30.627 9.22353 1.01034 2 
103.907 -30.627 8.85586 0.98509 2 
106.472 -30.627 9.01020 1.15960 2 
109.038 -30.627 8.68728 1.12295 2 
111.603 -30.627 8.71968 1.42516 2 
114.169 -30.627 8.77963 1.50509 2 
116.735 -30.627 8.63743 1.72436 2 
119.300 -30.627 0.00000 -0.00000 0 
-8.980 -33.192 7.88013 -0.77817 2 
-6.414 -33.192 7.72263 -0.93943 2 
-3.848 -33.192 7.85115 -1.01840 2 
-1.283 -33.192 7.90871 -1.03859 2 
1.283 -33.192 7.88763 -1.07523 2 
3.848 -33.192 8.15805 -1.09060 2 
6.414 -33.192 8.01997 -1.06120 2 
8.980 -33.192 8.24647 -1.15439 2 
11.545 -33.192 8.29279 -1.21761 2 
14.111 -33.192 8.43235 -1.17701 2 
16.676 -33.192 8.60352 -1.10452 2 
19.242 -33.192 8.71565 -1.12949 2 
21.808 -33.192 8.71961 -1.25873 2 
24.373 -33.192 8.85047 -1.01452 2 
26.939 -33.192 8.82373 -1.21420 2 
29.504 -33.192 8.91367 -1.10847 2 
32.070 -33.192 8.89196 -0.86278 2 
34.636 -33.192 9.00517 -0.81997 2 
37.201 -33.192 9.19826 -0.74438 2 
39.767 -33.192 9.24146 -0.68950 2 
42.332 -33.192 9.27499 -0.84989 2 
44.898 -33.192 9.22354 -0.69972 2 
47.464 -33.192 9.09907 -0.65889 2 
50.029 -33.192 9.41155 -0.59904 2 
52.595 -33.192 9.13047 -0.63138 2 
55.160 -33.192 9.30586 -0.51096 2 
57.726 -33.192 9.53802 -0.40458 2 
60.292 -33.192 9.45834 -0.28596 2 
62.857 -33.192 9.47848 -0.31965 2 
65.423 -33.192 9.59788 -0.21937 2 
67.988 -33.192 9.44199 -0.16652 2 
70.554 -33.192 9.57469 -0.03846 2 
73.120 -33.192 9.56109 0.02420 2 
75.685 -33.192 9.52025 0.21496 2 
78.251 -33.192 9.65998 0.52128 2 
80.816 -33.192 9.60160 0.33774 2 
83.382 -33.192 9.56158 0.44339 2 
85.948 -33.192 9.44353 0.72349 2 
88.513 -33.192 9.57615 0.56234 2 
91.079 -33.192 9.21672 0.79025 2 
93.644 -33.192 9.21121 0.83071 2 
96.210 -33.192 9.23189 1.02369 2 
98.776 -33.192 9.25382 0.89772 2 
101.341 -33.192 9.00364 1.11902 2 
103.907 -33.192 9.09607 0.93057 2 
106.472 -33.192 9.12672 1.05612 2 
109.038 -33.192 8.88342 1.11791 2 
111.603 -33.192 8.83185 1.06448 2 
114.169 -33.192 8.60643 1.35484 2 
116.735 -33.192 8.81890 1.22376 2 
119.300 -33.192 0.00000 -0.00000 0 
-8.980 -35.758 7.72282 -0.96180 2 
-6.414 -35.758 7.80573 -0.87950 2 
-3.848 -35.758 8.02124 -0.97661 2 
-1.283 -35.758 8.01480 -0.93781 2 
1.283 -35.758 8.08094 -0.99127 2 
3.848 -35.758 8.11652 -0.98885 2 
6.414 -35.758 8.34757 -1.04928 2 
8.980 -35.758 8.23029 -0.99959 2 
11.545 -35.758 8.41037 -1.15555 2 
14.111 -35.758 8.63160 -0.98718 2 
16.676 -35.758 8.55891 -1.13796 2 
19.242 -35.758 8.75497 -0.92463 2 
21.808 -35.758 8.70204 -1.14281 2 
24.373 -35.758 8.77380 -0.91180 2 
26.939 -35.758 8.86893 -1.04540 2 
29.504 -35.758 8.78270 -0.84319 2 
32.070 -35.758 9.03443 -0.98017 2 
34.636 -35.758 8.98280 -0.90269 2 
37.201 -35.758 8.93557 -0.80248 2 
39.767 -35.758 9.12028 -0.81887 2 
42.332 -35.758 8.96101 -0.68927 2 
44.898 -35.758 9.10012 -0.58125 2 
47.464 -35.758 9.18354 -0.51164 2 
50.029 -35.758 9.22232 -0.58290 2 
52.595 -35.758 9.38643 -0.49455 2 
55.160 -35.758 9.35079 -0.35481 2 
57.726 -35.758 9.36219 -0.51678 2 
60.292 -35.758 9.35689 -0.34798 2 
62.857 -35.758 9.30180 -0.25579 2 
65.423 -35.758 9.27838 -0.29085 2 
67.988 -35.758 9.43296 -0.08557 2 
70.554 -35.758 9.38720 -0.01643 2 
73.120 -35.758 9.45340 0.22334 2 
75.685 -35.758 9.61196 0.22684 2 
78.251 -35.758 9.42103 0.37233 2 
80.816 -35.758 9.23191 0.55385 2 
83.382 -35.758 9.29427 0.50045 2 
85.948 -35.758 9.14570 0.49201 2 
88.513 -35.758 9.47410 0.63441 2 
91.079 -35.758 9.20191 0.56658 2 
93.644 -35.758 9.27965 0.64793 2 
96.210 -35.758 9.01309 0.91334 2 
98.776 -35.758 9.11273 0.93561 2 
101.341 -35.758 8.90019 0.87614 2 
103.907 -35.758 9.00726 1.04484 2 
106.472 -35.758 8.88520 0.97579 2 
109.038 -35.758 8.86184 1.10665 2 
111.603 -35.758 8.76584 1.12142 2 
114.169 -35.758 8.52166 1.04900 2 
116.735 -35.758 8.93599 1.22154 2 
119.300 -35.758 0.00000 -0.00000 0 
-8.980 -38.324 7.78695 -0.77645 2 
-6.414 -38.324 7.95175 -0.83645 2 
-3.848 -38.324 7.90037 -0.89181 2 
-1.283 -38.324 8.11740 -0.97890 2 
1.283 -38.324 7.95206 -0.92789 2 
3.848 -38.324 8.24618 -0.88164 2 
6.414 -38.324 8.38222 -1.03817 2 
8.980 -38.324 8.37066 -1.10127 2 
11.545 -38.324 8.45107 -0.85982 2 
14.111 -38.324 8.44938 -1.06076 2 
16.676 -38.324 8.73812 -1.07574 2 
19.242 -38.324 8.48549 -1.01883 2 
21.808 -38.324 8.54455 -0.98377 2 
24.373 -38.324 8.78095 -0.94773 2 
26.939 -38.324 8.73251 -0.94356 2 
29.504 -38.324 8.94374 -0.82839 2 
32.070 -38.324 8.95562 -0.88107 2 
34.636 -38.324 8.86034 -0.83218 2 
37.201 -38.324 9.08854 -0.72003 2 
39.767 -38.324 8.95490 -0.83655 2 
42.332 -38.324 8.89959 -0.65899 2 
44.898 -38.324 9.24854 -0.69231 2 
47.464 -38.324 9.25866 -0.58111 2 
50.029 -38.324 9.03432 -0.41897 2 
52.595 -38.324 9.07630 -0.44710 2 
55.160 -38.324 9.34553 -0.39597 2 
57.726 -38.324 9.05257 -0.47186 2 
60.292 -38.324 9.48759 -0.25125 2 
62.857 -38.324 9.26550 -0.16363 2 
65.423 -38.324 9.26361 -0.30482 2 
67.988 -38.324 9.40649 -0.12459 2 
70.554 -38.324 9.37591 -0.11061 2 
73.120 -38.324 9.30915 0.11334 2 
75.685 -38.324 9.35727 0.32729 2 
78.251 -38.324 9.23595 0.18357 2 
80.816 -38.324 9.37316 0.32034 2 
83.382 -38.324 9.30948 0.44585 2 
85.948 -38.324 9.34343 0.51851 2 
88.513 -38.324 9.28286 0.60826 2 
91.079 -38.324 9.20091 0.57082 2 
93.644 -38.324 8.97032 0.87295 2 
96.210 -38.324 9.25475 0.63232 2 
98.776 -38.324 9.07389 0.81460 2 
101.341 -38.324 9.12650 0.81845 2 
103.907 -38.324 8.81797 0.98127 2 
106.472 -38.324 8.80393 0.98815 2 
109.038 -38.324 8.91316 1.01459 2 
111.603 -38.324 8.79812 1.01083 2 
114.169 -38.324 8.64444 1.15060 2 
116.735 -38.324 8.54927 0.79718 2 
119.300 -38.324 0.00000 -0.00000 0 
-8.980 -40.889 7.90578 -0.72585 2 
-6.414 -40.889 7.99228 -0.85030 2 
-3.848 -40.889 7.96993 -0.92453 2 
-1.283 -40.889 8.09689 -0.79209 2 
1.283 -40.889 8.09008 -0.90449 2 
3.848 -40.889 8.33990 -0.84715 2 
6.414 -40.889 8.29846 -0.97752 2 
8.980 -40.889 8.18525 -0.92729 2 
11.545 -40.889 8.44151 -0.94830 2 
14.111 -40.889 8.48856 -0.82897 2 
16.676 -40.889 8.47562 -0.94416 2 
19.242 -40.889 8.55997 -0.91665 2 
21.808 -40.889 8.84978 -0.85859 2 
24.373 -40.889 8.67578 -0.96918 2 
26.939 -40.889 8.79239 -0.88117 2 
29.504 -40.889 8.78741 -0.93240 2 
32.070 -40.889 8.92023 -0.81652 2 
34.636 -40.889 9.03326 -0.82076 2 
37.201 -40.889 8.91772 -0.64460 2 
39.767 -40.889 8.86137 -0.70047 2 
42.332 -40.889 9.16231 -0.76032 2 
44.898 -40.889 8.93841 -0.59230 2 
47.464 -40.889 9.10861 -0.44294 2 
50.029 -40.889 9.12887 -0.46889 2 
52.595 -40.889 9.28876 -0.39409 2 
55.160 -40.889 9.01615 -0.42698 2 
57.726 -40.889 9.11300 -0.10416 2 
60.292 -40.889 9.10675 -0.26348 2 
62.857 -40.889 9.16149 -0.24247 2 
65.423 -40.889 9.22218 0.02129 2 
67.988 -40.889 9.32409 -0.15022 2 
70.554 -40.889 9.31381 0.15435 2 
73.120 -40.889 9.25458 0.03192 2 
75.685 -40.889 9.19667 0.02587 2 
78.251 -40.889 9.30284 0.33080 2 
80.816 -40.889 9.06792 0.42623 2 
83.382 -40.889 9.10940 0.46410 2 
85.948 -40.889 9.17538 0.40288 2 
88.513 -40.889 9.29575 0.42146 2 
91.079 -40.889 9.09311 0.66824 2 
93.644 -40.889 9.15378 0.74309 2 
96.210 -40.889 9.02852 0.73377 2 
98.776 -40.889 8.97061 0.78220 2 
101.341 -40.889 9.00641 0.81006 2 
103.907 -40.889 8.90201 0.70396 2 
106.472 -40.889 8.72331 1.05036 2 
109.038 -40.889 8.88092 0.70575 2 
111.603 -40.889 8.64078 0.84477 2 
114.169 -40.889 8.67730 1.00491 2 
116.735 -40.889 8.92479 0.74364 2 
119.300 -40.889 0.00000 -0.00000 0 
-8.980 -43.455 7.97393 -0.73757 2 
-6.414 -43.455 7.93476 -0.86477 2 
-3.848 -43.455 7.95435 -0.64452 2 
-1.283 -43.455 8.18063 -0.83282 2 
1.283 -43.455 8.05420 -0.91057 2 
3.848 -43.455 7.99997 -1.06117 2 
6.414 -43.455 8.35127 -0.99390 2 
8.980 -43.455 8.46394 -0.95052 2 
11.545 -43.455 8.30674 -0.88981 2 
14.111 -43.455 8.43810 -0.83306 2 
16.676 -43.455 8.52881 -0.77880 2 
19.242 -43.455 8.59712 -0.93362 2 
21.808 -43.455 8.58886 -0.90255 2 
24.373 -43.455 8.79468 -0.91281 2 
26.939 -43.455 8.67777 -0.84698 2 
29.504 -43.455 8.69368 -0.79277 2 
32.070 -43.455 8.61869 -0.76754 2 
34.636 -43.455 8.89108 -0.73313 2 
37.201 -43.455 8.92174 -0.72018 2 
39.767 -43.455 8.90788 -0.64225 2 
42.332 -43.455 8.97920 -0.62496 2 
44.898 -43.455 9.05915 -0.62737 2 
47.464 -43.455 8.94648 -0.36422 2 
50.029 -43.455 9.01326 -0.57748 2 
52.595 -43.455 9.01989 -0.38894 2 
55.160 -43.455 9.21423 -0.51169 2 
57.726 -43.455 9.34579 -0.37472 2 
60.292 -43.455 9.14575 -0.33018 2 
62.857 -43.455 9.24261 -0.30227 2 
65.423 -43.455 9.14637 -0.27464 2 
67.988 -43.455 9.30703 -0.16213 2 
70.554 -43.455 9.23181 -0.09794 2 
73.120 -43.455 9.34966 0.07745 2 
75.685 -43.455 9.21340 0.00324 2 
78.251 -43.455 9.17706 0.13201 2 
80.816 -43.455 9.20720 0.13670 2 
83.382 -43.455 9.23675 0.17596 2 
85.948 -43.455 9.07919 0.37581 2 
88.513 -43.455 9.18015 0.46922 2 
91.079 -43.455 9.05656 0.43234 2 
93.644 -43.455 9.24102 0.60436 2 
96.210 -43.455 8.95843 0.65762 2 
98.776 -43.455 8.92794 0.70323 2 
101.341 -43.455 8.83871 0.63529 2 
103.907 -43.455 8.92141 0.78082 2 
106.472 -43.455 8.87795 0.75644 2 
109.038 -43.455 8.61006 0.99381 2 
111.603 -43.455 8.59431 0.84864 2 
114.169 -43.455 8.49147 0.89017 2 
116.735 -43.455 8.80618 0.85101 2 
119.300 -43.455 0.00000 -0.00000 0 
-8.980 -46.020 7.91365 -0.79194 2 
-6.414 -46.020 7.98992 -0.81964 2 
-3.848 -46.020 7.99613 -0.85409 2 
-1.283 -46.020 8.14622 -0.79318 2 
1.283 -46.020 8.25926 -0.92381 2 
3.848 -46.020 8.31263 -0.73856 2 
6.414 -46.020 8.22614 -0.79974 2 
8.980 -46.020 8.41172 -0.80917 2 
11.545 -46.020 8.46991 -0.86261 2 
14.111 -46.020 8.39960 -0.91111 2 
16.676 -46.020 8.65324 -0.90580 2 
19.242 -46.020 8.57267 -0.79479 2 
21.808 -46.020 8.71852 -0.89027 2 
24.373 -46.020 8.60833 -0.76433 2 
26.939 -46.020 8.66519 -0.85330 2 
29.504 -46.020 8.82662 -0.77025 2 
32.070 -46.020 8.82930 -0.71217 2 
34.636 -46.020 8.84248 -0.73587 2 
37.201 -46.020 8.85061 -0.52313 2 
39.767 -46.020 8.89030 -0.74864 2 
42.332 -46.020 8.82508 -0.67056 2 
44.898 -46.020 8.84981 -0.65915 2 
47.464 -46.020 9.10262 -0.59990 2 
50.029 -46.020 9.03165 -0.67733 2 
52.595 -46.020 9.00109 -0.42753 2 
55.160 -46.020 8.82545 -0.27755 2 
57.726 -46.020 9.01681 -0.25001 2 
60.292 -46.020 8.87191 -0.27738 2 
62.857 -46.020 8.94838 -0.13054 2 
65.423 -46.020 9.04948 0.02009 2 
67.988 -46.020 9.12270 -0.19877 2 
70.554 -46.020 8.93708 0.09674 2 
73.120 -46.020 9.14467 0.12114 2 
75.685 -46.020 9.18408 0.15937 2 
78.251 -46.020 9.10862 0.17779 2 
80.816 -46.020 9.07414 0.32491 2 
83.382 -46.020 9.22536 0.26862 2 
85.948 -46.020 8.98095 0.39761 2 
88.513 -46.020 8.92408 0.55109 2 
91.079 -46.020 9.09857 0.70101 2 
93.644 -46.020 8.89345 0.63003 2 
96.210 -46.020 8.91896 0.81481 2 
98.776 -46.020 8.91890 0.70621 2 
101.341 -46.020 8.90841 0.63800 2 
103.907 -46.020 8.70190 0.79211 2 
106.472 -46.020 8.65328 0.84517 2 
109.038 -46.020 8.72196 0.66852 2 
111.603 -46.020 8.76381 0.85242 2 
114.169 -46.020 8.49716 0.82802 2 
116.735 -46.020 8.68758 0.95838 2 
119.300 -46.020 0.00000 -0.00000 0 
-8.980 -48.586 8.01455 -0.74780 2 
-6.414 -48.586 8.11747 -0.66847 2 
-3.848 -48.586 8.07249 -0.81416 2 
-1.283 -48.586 8.15740 -0.72593 2 
1.283 -48.586 8.13184 -0.79925 2 
3.848 -48.586 8.12672 -0.88040 2 
6.414 -48.586 8.40985 -0.81106 2 
8.980 -48.586 8.43001 -0.89676 2 
11.545 -48.586 8.28729 -0.82579 2 
14.111 -48.586 8.41469 -0.89933 2 
16.676 -48.586 8.56500 -0.82985 2 
19.242 -48.586 8.60395 -0.75771 2 
21.808 -48.586 8.53963 -0.80038 2 
24.373 -48.586 8.67832 -0.73442 2 
26.939 -48.586 8.74725 -0.71605 2 
29.504 -48.586 8.77500 -0.75104 2 
32.070 -48.586 8.85244 -0.75448 2 
34.636 -48.586 8.85160 -0.60469 2 
37.201 -48.586 8.78351 -0.62150 2 
39.767 -48.586 8.94714 -0.68684 2 
42.332 -48.586 8.82089 -0.59581 2 
44.898 -48.586 8.88357 -0.47120 2 
47.464 -48.586 8.85105 -0.49872 2 
50.029 -48.586 8.83317 -0.41888 2 
52.595 -48.586 8.98671 -0.50833 2 
55.160 -48.586 9.16864 -0.32810 2 
57.726 -48.586 8.97252 -0.35171 2 
60.292 -48.586 8.99603 -0.15083 2 
62.857 -48.586 9.16445 -0.22681 2 
65.423 -48.586 9.07039 -0.03002 2 
67.988 -48.586 9.02167 0.11296 2 
70.554 -48.586 9.20115 0.19182 2 
73.120 -48.586 8.96922 0.04645 2 
75.685 -48.586 9.03821 0.21824 2 
78.251 -48.586 8.96880 0.37489 2 
80.816 -48.586 9.06311 0.28076 2 
83.382 -48.586 8.96444 0.36987 2 
85.948 -48.586 9.04514 0.52776 2 
88.513 -48.586 8.78438 0.28391 2 
91.079 -48.586 8.95513 0.57619 2 
93.644 -48.586 8.92119 0.62458 2 
96.210 -48.586 8.73160 0.65488 2 
98.776 -48.586 8.80609 0.66873 2 
101.341 -48.586 8.77834 0.59583 2 
103.907 -48.586 8.84902 0.70682 2 
106.472 -48.586 8.76145 0.84777 2 
109.038 -48.586 8.61886 0.76333 2 
111.603 -48.586 8.69403 0.70549 2 
114.169 -48.586 8.48254 0.80381 2 
116.735 -48.586 8.85105 0.99988 2 
119.300 -48.586 0.00000 -0.00000 0 
-8.980 -51.152 8.12680 -0.85415 2 
-6.414 -51.152 8.08532 -0.82557 2 
-3.848 -51.152 8.23491 -0.64387 2 
-1.283 -51.152 8.06246 -0.78949 2 
1.283 -51.152 8.21791 -0.78071 2 
3.848 -51.152 8.25815 -0.71571 2 
6.414 -51.152 8.35428 -0.91531 2 
8.980 -51.152 8.35362 -0.70762 2 
11.545 -51.152 8.38859 -0.89987 2 
14.111 -51.152 8.40960 -0.78560 2 
16.676 -51.152 8.31910 -0.84334 2 
19.242 -51.152 8.55291 -0.72965 2 
21.808 -51.152 8.54268 -0.60885 2 
24.373 -51.152 8.59370 -0.77952 2 
26.939 -51.152 8.70766 -0.73932 2 
29.504 -51.152 8.71376 -0.57064 2 
32.070 -51.152 8.76053 -0.74575 2 
34.636 -51.152 8.71060 -0.56914 2 
37.201 -51.152 8.87626 -0.62649 2 
39.767 -51.152 8.80765 -0.65851 2 
42.332 -51.152 8.73134 -0.54052 2 
44.898 -51.152 8.92885 -0.47610 2 
47.464 -51.152 8.83511 -0.59516 2 
50.029 -51.152 8.89566 -0.35496 2 
52.595 -51.152 8.86091 -0.32317 2 
55.160 -51.152 8.92557 -0.29256 2 
57.726 -51.152 8.87535 -0.23581 2 
60.292 -51.152 8.94128 -0.11315 2 
62.857 -51.152 8.99969 -0.20063 2 
65.423 -51.152 9.08841 -0.11876 2 
67.988 -51.152 8.99463 -0.03405 2 
70.554 -51.152 8.99980 -0.07798 2 
73.120 -51.152 9.02368 -0.01848 2 
75.685 -51.152 8.90759 0.15664 2 
78.251 -51.152 9.06195 0.13584 2 
80.816 -51.152 8.92011 0.29636 2 
83.382 -51.152 8.95088 0.27846 2 
85.948 -51.152 8.92948 0.55758 2 
88.513 -51.152 8.82865 0.47044 2 
91.079 -51.152 8.80377 0.46827 2 
93.644 -51.152 8.93887 0.44443 2 
96.210 -51.152 8.93609 0.51630 2 
98.776 -51.152 8.82996 0.73198 2 
101.341 -51.152 8.79565 0.69588 2 
103.907 -51.152 8.68917 0.61807 2 
106.472 -51.152 8.77588 0.79545 2 
109.038 -51.152 8.64277 0.76358 2 
111.603 -51.152 8.52467 0.68886 2 
114.169 -51.152 8.64903 0.81406 2 
116.735 -51.152 0.00000 -0.00000 0 
119.300 -51.152 0.00000 -0.00000 0 
-8.980 -53.717 0.00000 -0.00000 0 
-6.414 -53.717 0.00000 -0.00000 0 
-3.848 -53.717 7.89314 -0.77841 2 
-1.283 -53.717 8.37218 -0.49150 2 
1.283 -53.717 8.16200 -0.68405 2 
3.848 -53.717 8.40443 -0.79374 2 
6.414 -53.717 8.48086 -0.74979 2 
8.980 -53.717 8.31906 -1.00754 2 
11.545 -53.717 8.68996 -0.72086 2 
14.111 -53.717 8.64859 -0.90880 2 
16.676 -53.717 8.98198 -0.69766 2 
19.242 -53.717 8.93006 -0.74812 2 
21.808 -53.717 8.87813 -0.79857 2 
24.373 -53.717 8.75852 -0.76261 2 
26.939 -53.717 8.63892 -0.72664 2 
29.504 -53.717 8.90057 -0.78043 2 
32.070 -53.717 8.75905 -0.58304 2 
34.636 -53.717 9.09476 -0.55450 2 
37.201 -53.717 9.04150 -0.45362 2 
39.767 -53.717 9.09142 -0.60507 2 
42.332 -53.717 8.96743 -0.44999 2 
44.898 -53.717 9.04320 -0.58322 2 
47.464 -53.717 8.89044 -0.33945 2 
50.029 -53.717 9.05680 -0.31863 2 
52.595 -53.717 9.13854 -0.34714 2 
55.160 -53.717 9.22029 -0.37566 2 
57.726 -53.717 9.12721 -0.39645 2 
60.292 -53.717 9.08464 -0.27435 2 
62.857 -53.717 9.18492 -0.09546 2 
65.423 -53.717 9.04822 -0.14857 2 
67.988 -53.717 8.93643 0.05694 2 
70.554 -53.717 9.09404 -0.01927 2 
73.120 -53.717 9.19271 0.11832 2 
75.685 -53.717 9.14523 0.16663 2 
78.251 -53.717 9.06986 0.39670 2 
80.816 -53.717 9.24342 0.35443 2 
83.382 -53.717 8.81538 0.15956 2 
85.948 -53.717 8.75426 0.25555 2 
88.513 -53.717 8.78454 0.38827 2 
91.079 -53.717 8.81481 0.52099 2 
93.644 -53.717 8.84508 0.65371 2 
96.210 -53.717 8.91233 0.45233 2 
98.776 -53.717 9.14508 0.39024 2 
101.341 -53.717 9.14161 0.68764 2 
103.907 -53.717 9.01180 0.54583 2 
106.472 -53.717 8.81224 0.59442 2 
109.038 -53.717 8.79265 0.84498 2 
111.603 -53.717 8.96633 0.89036 2 
114.169 -53.717 0.00000 -0.00000 0 
116.735 -53.717 0.00000 -0.00000 0 
119.300 -53.717 0.00000 -0.00000 0 
-8.980 -56.283 0.00000 -0.00000 0 
-6.414 -56.283 0.00000 -0.00000 0 
-3.848 -56.283 0.00000 -0.00000 0 
-1.283 -56.283 0.00000 -0.00000 0 
1.283 -56.283 0.00000 -0.00000 0 
3.848 -56.283 0.00000 -0.00000 0 
6.414 -56.283 0.00000 -0.00000 0 
8.980 -56.283 0.00000 -0.00000 0 
11.545 -56.283 0.00000 -0.00000 0 
14.111 -56.283 0.00000 -0.00000 0 
16.676 -56.283 0.00000 -0.00000 0 
19.242 -56.283 0.00000 -0.00000 0 
21.808 -56.283 0.00000 -0.00000 0 
24.373 -56.283 0.00000 -0.00000 0 
26.939 -56.283 0.00000 -0.00000 0 
29.504 -56.283 0.00000 -0.00000 0 
32.070 -56.283 0.00000 -0.00000 0 
34.636 -56.283 0.00000 -0.00000 0 
37.201 -56.283 0.00000 -0.00000 0 
39.767 -56.283 0.00000 -0.00000 0 
42.332 -56.283 0.00000 -0.00000 0 
44.898 -56.283 0.00000 -0.00000 0 
47.464 -56.283 8.69021 -0.00188 1 
50.029 -56.283 8.72432 -0.00563 1 
52.595 -56.283 8.84770 0.00295 2 
55.160 -56.283 8.97108 0.01152 1 
57.726 -56.283 8.74606 -0.00605 1 
60.292 -56.283 8.80312 0.01689 1 
62.857 -56.283 8.94287 0.11522 2 
65.423 -56.283 9.08263 0.21356 2 
67.988 -56.283 8.97923 0.16226 2 
70.554 -56.283 8.87583 0.11097 2 
73.120 -56.283 8.77244 0.05967 2 
75.685 -56.283 8.66904 0.00838 1 
78.251 -56.283 8.76220 0.01731 2 
80.816 -56.283 8.85536 0.02625 1 
83.382 -56.283 8.67988 0.04066 1 
85.948 -56.283 0.00000 -0.00000 0 
88.513 -56.283 0.00000 -0.00000 0 
91.079 -56.283 0.00000 -0.00000 0 
93.644 -56.283 0.00000 -0.00000 0 
96.210 -56.283 0.00000 -0.00000 0 
98.776 -56.283 0.00000 -0.00000 0 
101.341 -56.283 0.00000 -0.00000 0 
103.907 -56.283 0.00000 -0.00000 0 
106.472 -56.283 0.00000 -0.00000 0 
109.038 -56.283 0.00000 -0.00000 0 
111.603 -56.283 0.00000 -0.00000 0 
114.169 -56.283 0.00000 -0.00000 0 
116.735 -56.283 0.00000 -0.00000 0 
119.300 -56.283 0.00000 -0.00000 0 
