TITLE = "B00016"
VARIABLES = "X [mm]", "Y [mm]", "Vx [m/s]", "Vy [m/s]", "Flag"
ZONE T="Frame 1", I=51, J=39, F=POINT
-8.980 41.210 7.23952 0.24393 2 
-6.414 41.210 7.23285 0.21784 2 
-3.848 41.210 7.19769 0.43408 2 
-1.283 41.210 7.22288 0.28138 2 
1.283 41.210 7.47067 0.56739 2 
3.848 41.210 0.00000 -0.00000 0 
6.414 41.210 0.00000 -0.00000 0 
8.980 41.210 0.00000 -0.00000 0 
11.545 41.210 0.00000 -0.00000 0 
14.111 41.210 0.00000 -0.00000 0 
16.676 41.210 0.00000 -0.00000 0 
19.242 41.210 3.93547 0.24363 2 
21.808 41.210 7.87095 0.48727 2 
24.373 41.210 7.36621 0.64060 2 
26.939 41.210 7.50235 0.68835 2 
29.504 41.210 7.53026 0.79573 2 
32.070 41.210 7.61852 0.74862 2 
34.636 41.210 7.70679 0.70150 2 
37.201 41.210 7.58495 0.81443 2 
39.767 41.210 7.78531 0.96318 2 
42.332 41.210 7.82827 0.65358 2 
44.898 41.210 7.79776 1.07279 2 
47.464 41.210 7.97065 0.64707 2 
50.029 41.210 8.07121 0.96775 2 
52.595 41.210 8.29203 0.87855 2 
55.160 41.210 8.13347 1.05592 2 
57.726 41.210 8.27023 0.73751 2 
60.292 41.210 8.42729 0.60912 2 
62.857 41.210 8.15945 0.77898 2 
65.423 41.210 8.41849 0.91578 2 
67.988 41.210 8.19640 0.78011 2 
70.554 41.210 8.44837 0.85961 2 
73.120 41.210 8.51991 0.91762 2 
75.685 41.210 8.58424 0.95979 2 
78.251 41.210 8.48364 0.75269 2 
80.816 41.210 0.00000 0.00000 0 
83.382 41.210 8.54238 0.51734 2 
85.948 41.210 8.62777 0.59407 2 
88.513 41.210 8.64930 0.43836 2 
91.079 41.210 8.58895 0.43028 2 
93.644 41.210 8.51991 -0.02834 2 
96.210 41.210 8.73460 -0.06016 2 
98.776 41.210 8.57520 -0.15186 2 
101.341 41.210 8.64282 0.13325 2 
103.907 41.210 8.69518 -0.42911 2 
106.472 41.210 8.64128 -0.43609 2 
109.038 41.210 8.57994 -0.24592 2 
111.603 41.210 8.52291 -0.46024 2 
114.169 41.210 8.54912 -0.71397 2 
116.735 41.210 8.45608 -0.64137 2 
119.300 41.210 0.00000 -0.00000 0 
-8.980 38.644 7.17643 0.39674 2 
-6.414 38.644 7.28886 0.42348 2 
-3.848 38.644 7.37661 0.36964 2 
-1.283 38.644 7.00561 0.57917 2 
1.283 38.644 7.72534 0.64084 2 
3.848 38.644 0.00000 -0.00000 0 
6.414 38.644 0.00000 -0.00000 0 
8.980 38.644 0.00000 -0.00000 0 
11.545 38.644 0.00000 -0.00000 0 
14.111 38.644 0.00000 -0.00000 0 
16.676 38.644 0.00000 -0.00000 0 
19.242 38.644 3.81972 0.42949 2 
21.808 38.644 7.63943 0.85898 2 
24.373 38.644 7.43612 0.80339 2 
26.939 38.644 7.48125 0.84376 2 
29.504 38.644 7.57589 0.84354 2 
32.070 38.644 7.45078 0.91571 2 
34.636 38.644 7.61191 0.78903 2 
37.201 38.644 7.83629 0.81854 2 
39.767 38.644 7.76009 0.89214 2 
42.332 38.644 7.77775 0.93448 2 
44.898 38.644 7.78639 0.80036 2 
47.464 38.644 8.00650 0.94916 2 
50.029 38.644 7.93325 0.75047 2 
52.595 38.644 8.07343 0.85145 2 
55.160 38.644 8.05865 0.75970 2 
57.726 38.644 8.15959 1.04168 2 
60.292 38.644 8.14930 0.77315 2 
62.857 38.644 8.45711 0.63194 2 
65.423 38.644 8.26517 0.87537 2 
67.988 38.644 8.43789 0.78797 2 
70.554 38.644 8.56542 0.68351 2 
73.120 38.644 8.50825 0.57692 2 
75.685 38.644 8.60616 0.78846 2 
78.251 38.644 8.71332 0.59274 2 
80.816 38.644 0.00000 0.00000 0 
83.382 38.644 8.70628 0.41936 2 
85.948 38.644 8.78375 0.34056 2 
88.513 38.644 8.58231 0.46879 2 
91.079 38.644 8.78852 0.21663 2 
93.644 38.644 8.67034 0.03172 2 
96.210 38.644 8.73236 0.02972 2 
98.776 38.644 8.77241 0.05953 2 
101.341 38.644 8.70853 -0.24391 2 
103.907 38.644 8.63562 -0.37753 2 
106.472 38.644 8.57766 -0.28012 2 
109.038 38.644 8.68313 -0.42215 2 
111.603 38.644 8.59491 -0.50231 2 
114.169 38.644 8.34964 -0.39630 2 
116.735 38.644 8.82478 -0.59338 2 
119.300 38.644 0.00000 -0.00000 0 
-8.980 36.079 7.15986 0.34135 2 
-6.414 36.079 7.18631 0.30060 2 
-3.848 36.079 7.13931 0.38489 2 
-1.283 36.079 7.24604 0.38969 2 
1.283 36.079 7.57911 0.51324 2 
3.848 36.079 0.00000 -0.00000 0 
6.414 36.079 0.00000 -0.00000 0 
8.980 36.079 0.00000 -0.00000 0 
11.545 36.079 0.00000 -0.00000 0 
14.111 36.079 0.00000 -0.00000 0 
16.676 36.079 0.00000 -0.00000 0 
19.242 36.079 3.93064 0.37320 2 
21.808 36.079 7.86129 0.74640 2 
24.373 36.079 7.31583 0.83297 2 
26.939 36.079 7.36658 0.85497 2 
29.504 36.079 7.38650 0.90990 2 
32.070 36.079 7.71962 0.90347 2 
34.636 36.079 7.45146 0.94317 2 
37.201 36.079 7.60031 0.96503 2 
39.767 36.079 7.75411 0.80953 2 
42.332 36.079 7.76714 1.02967 2 
44.898 36.079 7.91963 0.96446 2 
47.464 36.079 7.89784 0.80291 2 
50.029 36.079 7.91184 1.03973 2 
52.595 36.079 7.90083 0.91744 2 
55.160 36.079 8.25293 1.00298 2 
57.726 36.079 8.33348 0.80591 2 
60.292 36.079 8.25106 1.02161 2 
62.857 36.079 8.30000 0.88016 2 
65.423 36.079 8.36534 0.81386 2 
67.988 36.079 8.47039 0.86203 2 
70.554 36.079 8.40544 0.60120 2 
73.120 36.079 8.54492 0.82615 2 
75.685 36.079 8.50463 0.69947 2 
78.251 36.079 8.64868 0.53565 2 
80.816 36.079 0.00000 0.00000 0 
83.382 36.079 8.62280 0.39438 2 
85.948 36.079 8.66324 0.33473 2 
88.513 36.079 8.77209 0.32189 2 
91.079 36.079 8.70760 0.14768 2 
93.644 36.079 8.88876 -0.03846 2 
96.210 36.079 8.73786 0.10975 2 
98.776 36.079 8.96815 -0.26737 2 
101.341 36.079 8.90181 -0.09880 2 
103.907 36.079 8.74744 -0.25636 2 
106.472 36.079 8.82317 -0.34826 2 
109.038 36.079 8.63855 -0.47424 2 
111.603 36.079 8.57459 -0.61577 2 
114.169 36.079 8.69314 -0.57824 2 
116.735 36.079 8.48211 -0.49592 2 
119.300 36.079 0.00000 -0.00000 0 
-8.980 33.513 7.16117 0.26615 2 
-6.414 33.513 7.16800 0.28989 2 
-3.848 33.513 7.16091 0.41529 2 
-1.283 33.513 7.08643 0.57311 2 
1.283 33.513 7.39396 0.51362 2 
3.848 33.513 0.00000 -0.00000 0 
6.414 33.513 0.00000 -0.00000 0 
8.980 33.513 0.00000 -0.00000 0 
11.545 33.513 0.00000 -0.00000 0 
14.111 33.513 0.00000 -0.00000 0 
16.676 33.513 0.00000 -0.00000 0 
19.242 33.513 3.92757 0.48922 2 
21.808 33.513 7.85515 0.97844 2 
24.373 33.513 7.26647 0.90320 2 
26.939 33.513 7.38781 0.86824 2 
29.504 33.513 7.59740 0.89773 2 
32.070 33.513 7.49991 1.13572 2 
34.636 33.513 7.64623 0.79135 2 
37.201 33.513 7.65744 0.97796 2 
39.767 33.513 7.64757 0.83836 2 
42.332 33.513 7.70569 1.13436 2 
44.898 33.513 7.81580 0.88660 2 
47.464 33.513 8.01034 1.01480 2 
50.029 33.513 7.91473 0.93283 2 
52.595 33.513 8.17019 0.99434 2 
55.160 33.513 8.07441 0.96942 2 
57.726 33.513 8.09496 0.94032 2 
60.292 33.513 8.13571 0.90392 2 
62.857 33.513 8.40099 0.96132 2 
65.423 33.513 8.54990 0.68278 2 
67.988 33.513 8.33290 0.78247 2 
70.554 33.513 8.58614 0.78373 2 
73.120 33.513 8.70174 0.73135 2 
75.685 33.513 8.63072 0.80722 2 
78.251 33.513 8.67212 0.79026 2 
80.816 33.513 0.00000 0.00000 0 
83.382 33.513 8.80663 0.53428 2 
85.948 33.513 8.93031 0.52070 2 
88.513 33.513 8.86098 0.28492 2 
91.079 33.513 8.67744 0.18193 2 
93.644 33.513 8.95640 0.10451 2 
96.210 33.513 8.97920 -0.04625 2 
98.776 33.513 8.79815 -0.21776 2 
101.341 33.513 8.85619 -0.33094 2 
103.907 33.513 8.98557 -0.21677 2 
106.472 33.513 9.06400 -0.52651 2 
109.038 33.513 8.74366 -0.47285 2 
111.603 33.513 8.82126 -0.56756 2 
114.169 33.513 8.45499 -0.55249 2 
116.735 33.513 8.96908 -0.90613 2 
119.300 33.513 0.00000 -0.00000 0 
-8.980 30.948 7.11432 0.29982 2 
-6.414 30.948 7.17547 0.30059 2 
-3.848 30.948 7.17624 0.28385 2 
-1.283 30.948 7.15690 0.33470 2 
1.283 30.948 7.43129 0.32816 2 
3.848 30.948 0.00000 -0.00000 0 
6.414 30.948 0.00000 -0.00000 0 
8.980 30.948 0.00000 -0.00000 0 
11.545 30.948 0.00000 -0.00000 0 
14.111 30.948 0.00000 -0.00000 0 
16.676 30.948 0.00000 -0.00000 0 
19.242 30.948 3.93857 0.48485 2 
21.808 30.948 7.87713 0.96970 2 
24.373 30.948 7.24759 0.88938 2 
26.939 30.948 7.45088 0.96959 2 
29.504 30.948 7.44727 0.91518 2 
32.070 30.948 7.39947 0.84167 2 
34.636 30.948 7.71841 1.02537 2 
37.201 30.948 7.65810 1.08261 2 
39.767 30.948 7.74668 1.04212 2 
42.332 30.948 7.91927 0.94767 2 
44.898 30.948 7.63345 0.92234 2 
47.464 30.948 7.98392 1.07387 2 
50.029 30.948 8.06003 1.00761 2 
52.595 30.948 7.97099 1.23922 2 
55.160 30.948 8.22866 1.08591 2 
57.726 30.948 8.38203 1.02638 2 
60.292 30.948 8.39040 0.97634 2 
62.857 30.948 8.29467 1.05013 2 
65.423 30.948 8.67272 1.11544 2 
67.988 30.948 8.54798 0.90811 2 
70.554 30.948 8.57034 0.81177 2 
73.120 30.948 8.75553 0.88896 2 
75.685 30.948 8.67174 0.80586 2 
78.251 30.948 8.89135 0.71317 2 
80.816 30.948 0.00000 0.00000 0 
83.382 30.948 8.73942 0.61222 2 
85.948 30.948 8.73800 0.59531 2 
88.513 30.948 9.11586 0.37954 2 
91.079 30.948 8.75875 0.11035 2 
93.644 30.948 9.05301 0.25879 2 
96.210 30.948 8.88444 0.00207 2 
98.776 30.948 8.93086 0.01733 2 
101.341 30.948 9.02051 -0.24413 2 
103.907 30.948 8.87099 -0.44486 2 
106.472 30.948 8.98287 -0.49147 2 
109.038 30.948 8.58766 -0.63896 2 
111.603 30.948 8.93278 -0.72069 2 
114.169 30.948 8.60259 -0.78566 2 
116.735 30.948 8.81040 -0.48517 2 
119.300 30.948 0.00000 -0.00000 0 
-8.980 28.382 7.15708 0.21271 2 
-6.414 28.382 7.09448 0.22119 2 
-3.848 28.382 7.05095 0.40089 2 
-1.283 28.382 7.00118 0.48804 2 
1.283 28.382 7.31547 0.58752 2 
3.848 28.382 5.72408 0.46879 2 
6.414 28.382 0.00000 -0.00000 0 
8.980 28.382 0.00000 -0.00000 0 
11.545 28.382 0.00000 -0.00000 0 
14.111 28.382 0.00000 -0.00000 0 
16.676 28.382 3.19634 0.46124 2 
19.242 28.382 5.77798 0.74973 2 
21.808 28.382 7.74491 0.86548 2 
24.373 28.382 7.21831 1.06866 2 
26.939 28.382 7.17111 0.90764 2 
29.504 28.382 7.43661 1.14278 2 
32.070 28.382 7.51219 1.02256 2 
34.636 28.382 7.62581 0.94182 2 
37.201 28.382 7.66053 1.06085 2 
39.767 28.382 7.61321 1.20617 2 
42.332 28.382 7.75842 1.00853 2 
44.898 28.382 7.90266 1.02062 2 
47.464 28.382 7.75190 1.08402 2 
50.029 28.382 7.94101 1.08969 2 
52.595 28.382 8.07664 1.21735 2 
55.160 28.382 8.35492 1.22359 2 
57.726 28.382 8.25012 0.94982 2 
60.292 28.382 8.21875 1.24023 2 
62.857 28.382 8.28613 1.10743 2 
65.423 28.382 8.60877 1.05836 2 
67.988 28.382 8.50261 0.87280 2 
70.554 28.382 8.66438 0.87493 2 
73.120 28.382 8.82103 0.89555 2 
75.685 28.382 8.55169 0.89710 2 
78.251 28.382 8.72554 0.86386 2 
80.816 28.382 8.84657 0.78067 2 
83.382 28.382 8.96935 0.63734 2 
85.948 28.382 9.09213 0.49401 2 
88.513 28.382 8.69952 0.49025 2 
91.079 28.382 9.02697 0.17242 2 
93.644 28.382 9.06119 0.19992 2 
96.210 28.382 9.02942 -0.08222 2 
98.776 28.382 9.08107 -0.04308 2 
101.341 28.382 8.98032 -0.55216 2 
103.907 28.382 8.93478 -0.30870 2 
106.472 28.382 8.90173 -0.45642 2 
109.038 28.382 8.86257 -0.86969 2 
111.603 28.382 8.93533 -0.77005 2 
114.169 28.382 8.58863 -0.89308 2 
116.735 28.382 9.03314 -1.22454 2 
119.300 28.382 0.00000 -0.00000 0 
-8.980 25.816 6.94124 0.16396 2 
-6.414 25.816 7.13689 0.44974 2 
-3.848 25.816 6.97556 0.28157 2 
-1.283 25.816 6.97358 0.34638 2 
1.283 25.816 6.98529 0.49963 2 
3.848 25.816 7.62790 0.67712 2 
6.414 25.816 0.00000 -0.00000 0 
8.980 25.816 0.00000 -0.00000 0 
11.545 25.816 0.00000 -0.00000 0 
14.111 25.816 0.00000 -0.00000 0 
16.676 25.816 4.79451 0.69185 2 
19.242 25.816 6.92005 0.98237 2 
21.808 25.816 7.17303 0.95814 2 
24.373 25.816 7.21846 1.02474 2 
26.939 25.816 7.19507 1.01665 2 
29.504 25.816 7.32916 1.16402 2 
32.070 25.816 7.39249 1.14273 2 
34.636 25.816 7.69099 1.02789 2 
37.201 25.816 7.38978 1.08572 2 
39.767 25.816 7.77070 1.06757 2 
42.332 25.816 7.88739 1.27009 2 
44.898 25.816 7.62198 1.32051 2 
47.464 25.816 8.02656 1.21407 2 
50.029 25.816 7.93176 1.30487 2 
52.595 25.816 8.01072 1.16258 2 
55.160 25.816 8.20509 1.05399 2 
57.726 25.816 8.29625 1.06745 2 
60.292 25.816 8.39800 0.99135 2 
62.857 25.816 8.25132 1.03402 2 
65.423 25.816 8.69070 0.93714 2 
67.988 25.816 8.54625 0.99833 2 
70.554 25.816 8.89494 0.97313 2 
73.120 25.816 8.65243 0.95756 2 
75.685 25.816 8.91501 0.96379 2 
78.251 25.816 9.00242 0.92011 2 
80.816 25.816 8.68999 0.69246 2 
83.382 25.816 0.00000 0.00000 0 
85.948 25.816 9.10506 0.59509 2 
88.513 25.816 9.51402 0.37465 2 
91.079 25.816 9.00590 0.33568 2 
93.644 25.816 9.31162 0.04347 2 
96.210 25.816 9.16929 -0.15344 2 
98.776 25.816 9.01067 -0.32858 2 
101.341 25.816 9.25127 -0.22953 2 
103.907 25.816 9.13219 -0.56138 2 
106.472 25.816 9.00138 -0.58470 2 
109.038 25.816 9.17694 -0.94486 2 
111.603 25.816 8.87273 -1.02450 2 
114.169 25.816 8.85152 -1.08941 2 
116.735 25.816 8.80065 -0.93119 2 
119.300 25.816 0.00000 -0.00000 0 
-8.980 23.251 7.22905 0.19704 2 
-6.414 23.251 7.08716 0.26597 2 
-3.848 23.251 6.96773 0.37485 2 
-1.283 23.251 6.91525 0.26365 2 
1.283 23.251 6.97254 0.43387 2 
3.848 23.251 7.45665 0.39358 2 
6.414 23.251 0.00000 -0.00000 0 
8.980 23.251 0.00000 -0.00000 0 
11.545 23.251 0.00000 -0.00000 0 
14.111 23.251 0.00000 -0.00000 0 
16.676 23.251 4.03106 0.60751 2 
19.242 23.251 8.06213 1.21502 2 
21.808 23.251 7.05216 1.17044 2 
24.373 23.251 7.28807 0.98286 2 
26.939 23.251 7.28540 1.09605 2 
29.504 23.251 7.38550 1.08851 2 
32.070 23.251 7.65030 1.26710 2 
34.636 23.251 7.50846 1.19748 2 
37.201 23.251 7.67340 1.50308 2 
39.767 23.251 7.61493 1.18695 2 
42.332 23.251 7.77465 1.22458 2 
44.898 23.251 7.99595 1.37466 2 
47.464 23.251 7.91581 1.28575 2 
50.029 23.251 8.24439 1.24968 2 
52.595 23.251 8.00028 1.22306 2 
55.160 23.251 8.02376 1.12924 2 
57.726 23.251 8.27986 1.21185 2 
60.292 23.251 8.47517 1.06033 2 
62.857 23.251 8.43140 1.15087 2 
65.423 23.251 8.55223 1.12681 2 
67.988 23.251 8.70018 0.97428 2 
70.554 23.251 8.68603 1.08860 2 
73.120 23.251 8.89247 1.00405 2 
75.685 23.251 8.95225 0.81954 2 
78.251 23.251 9.09173 0.91090 2 
80.816 23.251 9.15827 0.96230 2 
83.382 23.251 0.00000 0.00000 0 
85.948 23.251 9.88530 0.64996 2 
88.513 23.251 9.18805 0.69000 2 
91.079 23.251 9.80075 0.16207 2 
93.644 23.251 9.47109 -0.11225 2 
96.210 23.251 9.17156 -0.15439 2 
98.776 23.251 9.18158 -0.40644 2 
101.341 23.251 9.19159 -0.65848 2 
103.907 23.251 9.34153 -0.47418 2 
106.472 23.251 9.31201 -0.82481 2 
109.038 23.251 9.01013 -0.96171 2 
111.603 23.251 9.18817 -1.10989 2 
114.169 23.251 8.71822 -1.21552 2 
116.735 23.251 8.73231 -1.51348 2 
119.300 23.251 0.00000 -0.00000 0 
-8.980 20.685 6.83949 -0.02709 2 
-6.414 20.685 6.98594 0.20440 2 
-3.848 20.685 6.93314 0.25869 2 
-1.283 20.685 6.94702 0.45949 2 
1.283 20.685 6.79181 0.44685 2 
3.848 20.685 7.02357 0.63001 2 
6.414 20.685 0.00000 -0.00000 0 
8.980 20.685 0.00000 -0.00000 0 
11.545 20.685 0.00000 -0.00000 0 
14.111 20.685 0.00000 -0.00000 0 
16.676 20.685 3.91934 0.51919 2 
19.242 20.685 7.83869 1.03838 2 
21.808 20.685 7.04565 1.06348 2 
24.373 20.685 7.07167 1.27746 2 
26.939 20.685 7.23891 1.16902 2 
29.504 20.685 7.26257 1.29961 2 
32.070 20.685 7.30666 1.28795 2 
34.636 20.685 7.46919 1.26742 2 
37.201 20.685 7.43083 1.27076 2 
39.767 20.685 7.65165 1.26599 2 
42.332 20.685 7.67686 1.25842 2 
44.898 20.685 7.63672 1.45906 2 
47.464 20.685 7.91270 1.36657 2 
50.029 20.685 8.02655 1.33235 2 
52.595 20.685 8.21623 1.46818 2 
55.160 20.685 8.19632 1.31860 2 
57.726 20.685 8.43216 1.26523 2 
60.292 20.685 8.28867 1.26797 2 
62.857 20.685 8.49642 1.19389 2 
65.423 20.685 8.45865 1.07005 2 
67.988 20.685 9.16959 0.98444 2 
70.554 20.685 9.01702 1.19694 2 
73.120 20.685 4.44624 0.50202 2 
75.685 20.685 9.13962 1.05063 2 
78.251 20.685 9.44848 0.92402 2 
80.816 20.685 10.11228 0.97675 2 
83.382 20.685 0.00000 0.00000 0 
85.948 20.685 0.00000 0.00000 0 
88.513 20.685 0.00000 0.00000 0 
91.079 20.685 8.43108 0.45088 2 
93.644 20.685 9.63057 -0.26798 2 
96.210 20.685 9.12099 -0.33425 2 
98.776 20.685 9.08972 -0.31730 2 
101.341 20.685 9.05845 -0.30036 2 
103.907 20.685 9.48355 -0.67928 2 
106.472 20.685 9.59979 -0.86723 2 
109.038 20.685 9.76622 -1.22535 2 
111.603 20.685 9.00832 -1.79148 2 
114.169 20.685 8.79807 -1.69324 2 
116.735 20.685 8.61516 -1.78087 2 
119.300 20.685 0.00000 -0.00000 0 
-8.980 18.120 6.71375 0.13969 2 
-6.414 18.120 6.88435 0.08104 2 
-3.848 18.120 6.70785 0.25741 2 
-1.283 18.120 6.65953 0.27412 2 
1.283 18.120 6.78201 0.33142 2 
3.848 18.120 6.92165 0.63980 2 
6.414 18.120 0.00000 -0.00000 0 
8.980 18.120 0.00000 -0.00000 0 
11.545 18.120 0.00000 -0.00000 0 
14.111 18.120 0.00000 -0.00000 0 
16.676 18.120 -0.46444 0.51079 2 
19.242 18.120 7.47049 1.07755 2 
21.808 18.120 6.97737 1.12154 2 
24.373 18.120 7.14034 1.25069 2 
26.939 18.120 7.19337 1.20561 2 
29.504 18.120 7.33530 1.39686 2 
32.070 18.120 7.42980 1.52053 2 
34.636 18.120 7.34664 1.48159 2 
37.201 18.120 7.71553 1.45100 2 
39.767 18.120 7.58767 1.38315 2 
42.332 18.120 7.70512 1.45063 2 
44.898 18.120 7.98009 1.52681 2 
47.464 18.120 7.96913 1.42525 2 
50.029 18.120 8.05956 1.43074 2 
52.595 18.120 8.25652 1.48941 2 
55.160 18.120 8.39785 1.29072 2 
57.726 18.120 8.45873 1.29859 2 
60.292 18.120 8.75723 1.20774 2 
62.857 18.120 9.36900 1.62643 2 
65.423 18.120 9.85786 1.16153 2 
67.988 18.120 0.00000 -0.00000 0 
70.554 18.120 0.00000 -0.00000 0 
73.120 18.120 0.00000 -0.00000 0 
75.685 18.120 0.00000 -0.00000 0 
78.251 18.120 0.00000 -0.00000 0 
80.816 18.120 0.00000 -0.00000 0 
83.382 18.120 0.00000 -0.00000 0 
85.948 18.120 0.54776 -0.50312 2 
88.513 18.120 5.71306 -0.08755 2 
91.079 18.120 10.87836 0.32803 2 
93.644 18.120 9.60432 -0.51109 2 
96.210 18.120 9.07043 -0.51411 2 
98.776 18.120 8.99787 -0.22817 2 
101.341 18.120 8.92531 0.05777 2 
103.907 18.120 9.43891 -1.03666 2 
106.472 18.120 7.63842 -0.72478 2 
109.038 18.120 8.20133 -1.60944 2 
111.603 18.120 9.84978 -2.38295 2 
114.169 18.120 8.79799 -2.50216 2 
116.735 18.120 8.13829 -2.47840 2 
119.300 18.120 0.00000 -0.00000 0 
-8.980 15.554 6.97160 0.02833 2 
-6.414 15.554 6.92803 0.13423 2 
-3.848 15.554 6.77315 0.19666 2 
-1.283 15.554 6.75066 0.27187 2 
1.283 15.554 6.54836 0.43635 2 
3.848 15.554 6.63551 0.53532 2 
6.414 15.554 0.00000 -0.00000 0 
8.980 15.554 0.00000 -0.00000 0 
11.545 15.554 0.00000 -0.00000 0 
14.111 15.554 0.00000 -0.00000 0 
16.676 15.554 -0.62645 -0.04734 2 
19.242 15.554 7.17241 1.35256 2 
21.808 15.554 6.83016 1.17032 2 
24.373 15.554 7.08874 1.52457 2 
26.939 15.554 7.20115 1.54193 2 
29.504 15.554 7.10342 1.35225 2 
32.070 15.554 7.31299 1.62958 2 
34.636 15.554 7.55154 1.55339 2 
37.201 15.554 7.46610 1.58040 2 
39.767 15.554 7.63931 1.74381 2 
42.332 15.554 7.93214 1.54279 2 
44.898 15.554 8.19756 1.65002 2 
47.464 15.554 8.16840 1.51397 2 
50.029 15.554 8.50465 1.62801 2 
52.595 15.554 8.23084 1.57434 2 
55.160 15.554 0.00000 -0.00000 0 
57.726 15.554 0.00000 -0.00000 0 
60.292 15.554 0.00000 -0.00000 0 
62.857 15.554 0.00000 -0.00000 0 
65.423 15.554 0.00000 -0.00000 0 
67.988 15.554 0.00000 -0.00000 0 
70.554 15.554 0.00000 -0.00000 0 
73.120 15.554 0.00000 -0.00000 0 
75.685 15.554 0.00000 -0.00000 0 
78.251 15.554 0.00000 -0.00000 0 
80.816 15.554 -0.05109 -0.17255 2 
83.382 15.554 -0.13138 -0.19932 2 
85.948 15.554 0.14841 -0.12450 2 
88.513 15.554 -0.28004 -0.51418 2 
91.079 15.554 0.61340 0.36922 2 
93.644 15.554 0.52992 0.20927 2 
96.210 15.554 3.04926 -0.16236 2 
98.776 15.554 4.02028 -0.25216 2 
101.341 15.554 3.44298 -0.06012 2 
103.907 15.554 7.10471 -0.68011 2 
106.472 15.554 5.67704 -0.58233 2 
109.038 15.554 6.63644 -1.99353 2 
111.603 15.554 6.66933 -1.91849 2 
114.169 15.554 6.70222 -1.84345 2 
116.735 15.554 6.26069 -2.70317 2 
119.300 15.554 0.00000 -0.00000 0 
-8.980 12.988 6.98143 -0.04544 2 
-6.414 12.988 6.73017 -0.07659 2 
-3.848 12.988 6.74253 0.20503 2 
-1.283 12.988 6.66317 0.17814 2 
1.283 12.988 6.55078 0.22217 2 
3.848 12.988 6.34937 0.43083 2 
6.414 12.988 0.00000 -0.00000 0 
8.980 12.988 0.00000 -0.00000 0 
11.545 12.988 0.00000 -0.00000 0 
14.111 12.988 0.00000 -0.00000 0 
16.676 12.988 3.59659 0.70944 2 
19.242 12.988 7.19319 1.41888 2 
21.808 12.988 6.92559 1.32347 2 
24.373 12.988 7.01004 1.62205 2 
26.939 12.988 6.98342 1.64879 2 
29.504 12.988 7.46687 1.75839 2 
32.070 12.988 7.79136 1.56830 2 
34.636 12.988 7.68320 1.77628 2 
37.201 12.988 7.89067 1.76979 2 
39.767 12.988 8.27104 1.70873 2 
42.332 12.988 0.00000 -0.00000 0 
44.898 12.988 0.00000 -0.00000 0 
47.464 12.988 0.00000 -0.00000 0 
50.029 12.988 0.00000 -0.00000 0 
52.595 12.988 0.00000 -0.00000 0 
55.160 12.988 0.00000 -0.00000 0 
57.726 12.988 0.00000 -0.00000 0 
60.292 12.988 0.00000 -0.00000 0 
62.857 12.988 0.00000 -0.00000 0 
65.423 12.988 0.00000 -0.00000 0 
67.988 12.988 0.00000 -0.00000 0 
70.554 12.988 0.00000 -0.00000 0 
73.120 12.988 0.00000 -0.00000 0 
75.685 12.988 -1.15190 -0.62037 2 
78.251 12.988 -0.91652 -0.52279 2 
80.816 12.988 -1.17045 -0.44846 2 
83.382 12.988 -0.26276 -0.39863 2 
85.948 12.988 -0.26944 -0.58934 2 
88.513 12.988 -1.28657 0.63630 2 
91.079 12.988 -1.18223 0.55315 2 
93.644 12.988 -1.07789 0.46999 2 
96.210 12.988 -0.76522 0.14387 2 
98.776 12.988 -0.45256 -0.18225 2 
101.341 12.988 1.92038 -0.53858 2 
103.907 12.988 4.77051 -0.32356 2 
106.472 12.988 3.71567 -0.43988 2 
109.038 12.988 5.07155 -2.37762 2 
111.603 12.988 4.83900 -1.78118 2 
114.169 12.988 4.60645 -1.18475 2 
116.735 12.988 4.38308 -2.92795 2 
119.300 12.988 0.12381 -1.81547 2 
-8.980 10.423 6.85574 -0.08758 2 
-6.414 10.423 6.61039 -0.07485 2 
-3.848 10.423 6.64047 -0.15305 2 
-1.283 10.423 6.40189 0.07459 2 
1.283 10.423 6.47558 0.12334 2 
3.848 10.423 5.86639 0.23923 2 
6.414 10.423 2.93319 0.11961 2 
8.980 10.423 0.00000 -0.00000 0 
11.545 10.423 0.00000 -0.00000 0 
14.111 10.423 0.00000 -0.00000 0 
16.676 10.423 2.87728 0.56755 2 
19.242 10.423 4.79546 0.94592 2 
21.808 10.423 7.15445 1.58851 2 
24.373 10.423 6.91485 1.82108 2 
26.939 10.423 7.03978 1.80394 2 
29.504 10.423 3.73344 0.87920 2 
32.070 10.423 0.00000 -0.00000 0 
34.636 10.423 0.00000 -0.00000 0 
37.201 10.423 0.00000 -0.00000 0 
39.767 10.423 0.00000 -0.00000 0 
42.332 10.423 0.00000 -0.00000 0 
44.898 10.423 0.00000 -0.00000 0 
47.464 10.423 0.00000 -0.00000 0 
50.029 10.423 0.00000 -0.00000 0 
52.595 10.423 0.00000 -0.00000 0 
55.160 10.423 0.00000 -0.00000 0 
57.726 10.423 0.00000 -0.00000 0 
60.292 10.423 0.00000 -0.00000 0 
62.857 10.423 0.00000 -0.00000 0 
65.423 10.423 0.00000 -0.00000 0 
67.988 10.423 -0.63127 -0.19814 2 
70.554 10.423 0.03484 -0.12064 2 
73.120 10.423 -0.96945 -0.31602 2 
75.685 10.423 -2.30379 -1.24074 2 
78.251 10.423 -1.69048 -0.04694 2 
80.816 10.423 -1.68026 -0.53593 2 
83.382 10.423 -0.61024 -0.24381 2 
85.948 10.423 -1.04714 -0.31896 2 
88.513 10.423 -1.98429 0.00919 2 
91.079 10.423 -2.08567 0.09547 2 
93.644 10.423 -2.18705 0.18175 2 
96.210 10.423 -1.41548 0.60512 2 
98.776 10.423 -0.07448 0.27585 2 
101.341 10.423 1.51922 0.58104 2 
103.907 10.423 1.57723 -0.15643 2 
106.472 10.423 -0.58679 0.05139 2 
109.038 10.423 -0.70988 -0.59232 2 
111.603 10.423 1.35571 -1.15032 2 
114.169 10.423 -0.09622 -1.15135 2 
116.735 10.423 0.00421 -1.44788 2 
119.300 10.423 0.10465 -1.74442 2 
-8.980 7.857 6.74476 -0.29126 2 
-6.414 7.857 6.66511 -0.26165 2 
-3.848 7.857 6.33446 -0.09717 2 
-1.283 7.857 6.47771 -0.11468 2 
1.283 7.857 5.97199 0.05299 2 
3.848 7.857 6.47643 0.14385 2 
6.414 7.857 3.23821 0.07193 2 
8.980 7.857 0.00000 -0.00000 0 
11.545 7.857 0.00000 -0.00000 0 
14.111 7.857 -0.06772 -0.12627 2 
16.676 7.857 1.43864 0.28378 2 
19.242 7.857 2.39773 0.47296 2 
21.808 7.857 0.00000 -0.00000 0 
24.373 7.857 0.00000 -0.00000 0 
26.939 7.857 0.00000 -0.00000 0 
29.504 7.857 0.00000 -0.00000 0 
32.070 7.857 0.00000 -0.00000 0 
34.636 7.857 0.00000 -0.00000 0 
37.201 7.857 0.00000 -0.00000 0 
39.767 7.857 0.00000 -0.00000 0 
42.332 7.857 0.00000 -0.00000 0 
44.898 7.857 0.00000 -0.00000 0 
47.464 7.857 0.00000 -0.00000 0 
50.029 7.857 0.00000 -0.00000 0 
52.595 7.857 0.00000 -0.00000 0 
55.160 7.857 0.00000 -0.00000 0 
57.726 7.857 0.00000 -0.00000 0 
60.292 7.857 -0.37941 -0.08645 2 
62.857 7.857 -0.49726 -0.11292 2 
65.423 7.857 -1.52675 -0.28716 2 
67.988 7.857 -1.26253 -0.39629 2 
70.554 7.857 -2.54669 -1.05797 2 
73.120 7.857 -1.44477 -1.24963 2 
75.685 7.857 -1.50801 -1.57339 2 
78.251 7.857 -1.99810 -0.66814 2 
80.816 7.857 -2.19008 -0.62340 2 
83.382 7.857 -0.94393 -0.40560 2 
85.948 7.857 -1.82485 -0.04858 2 
88.513 7.857 -0.92085 0.42556 2 
91.079 7.857 -1.45647 0.35335 2 
93.644 7.857 -1.99209 0.28115 2 
96.210 7.857 -1.81787 0.56549 2 
98.776 7.857 -1.77683 0.57457 2 
101.341 7.857 -2.28079 0.59027 2 
103.907 7.857 -1.61604 0.01069 2 
106.472 7.857 -1.55159 0.23194 2 
109.038 7.857 -1.69428 -0.51828 2 
111.603 7.857 -0.76037 -0.80992 2 
114.169 7.857 -1.01939 -0.95625 2 
116.735 7.857 -0.79116 -2.00241 2 
119.300 7.857 0.11811 -1.76264 2 
-8.980 5.292 6.80270 -0.34803 2 
-6.414 5.292 6.61551 -0.24086 2 
-3.848 5.292 6.44435 -0.29627 2 
-1.283 5.292 6.20005 -0.24865 2 
1.283 5.292 5.95932 -0.13181 2 
3.848 5.292 6.15652 -0.05426 2 
6.414 5.292 1.61911 0.03596 2 
8.980 5.292 0.00000 -0.00000 0 
11.545 5.292 0.00000 -0.00000 0 
14.111 5.292 0.00000 -0.00000 0 
16.676 5.292 0.00000 -0.00000 0 
19.242 5.292 0.00000 -0.00000 0 
21.808 5.292 0.00000 -0.00000 0 
24.373 5.292 0.00000 -0.00000 0 
26.939 5.292 0.00000 -0.00000 0 
29.504 5.292 0.00000 -0.00000 0 
32.070 5.292 0.00000 -0.00000 0 
34.636 5.292 0.00000 -0.00000 0 
37.201 5.292 0.00000 -0.00000 0 
39.767 5.292 0.00000 -0.00000 0 
42.332 5.292 0.00000 -0.00000 0 
44.898 5.292 0.00000 -0.00000 0 
47.464 5.292 0.00000 -0.00000 0 
50.029 5.292 0.00000 -0.00000 0 
52.595 5.292 -0.34536 -0.05044 2 
55.160 5.292 -0.69072 -0.10089 2 
57.726 5.292 -0.90811 -0.28134 2 
60.292 5.292 -0.17744 -0.32821 2 
62.857 5.292 -1.01706 -0.46793 2 
65.423 5.292 -1.75843 -1.22268 2 
67.988 5.292 -1.81193 -1.51342 2 
70.554 5.292 -1.94527 -1.84471 2 
73.120 5.292 -1.92010 -2.18324 2 
75.685 5.292 -0.71222 -1.90603 2 
78.251 5.292 -2.30572 -1.28933 2 
80.816 5.292 -1.78321 -1.38032 2 
83.382 5.292 -1.27763 -0.56740 2 
85.948 5.292 -0.63316 -0.41870 2 
88.513 5.292 -0.22212 -0.28841 2 
91.079 5.292 0.21432 0.82725 2 
93.644 5.292 -0.86772 0.59568 2 
96.210 5.292 -0.59467 0.57255 2 
98.776 5.292 -0.97229 0.46064 2 
101.341 5.292 -0.91765 0.48446 2 
103.907 5.292 -1.55282 0.45500 2 
106.472 5.292 -2.51639 0.41249 2 
109.038 5.292 -2.67867 -0.44424 2 
111.603 5.292 -2.31061 -0.60270 2 
114.169 5.292 -1.94255 -0.76116 2 
116.735 5.292 -0.83410 -0.35447 2 
119.300 5.292 0.27435 0.05222 2 
-8.980 2.726 6.46967 -0.40068 2 
-6.414 2.726 6.44819 -0.53321 2 
-3.848 2.726 6.47848 -0.50267 2 
-1.283 2.726 5.98044 -0.55492 2 
1.283 2.726 6.11028 -0.56005 2 
3.848 2.726 3.07826 -0.02713 2 
6.414 2.726 0.00000 -0.00000 0 
8.980 2.726 0.00000 -0.00000 0 
11.545 2.726 0.00000 -0.00000 0 
14.111 2.726 0.00000 -0.00000 0 
16.676 2.726 0.00000 -0.00000 0 
19.242 2.726 0.00000 -0.00000 0 
21.808 2.726 0.00000 -0.00000 0 
24.373 2.726 0.00000 -0.00000 0 
26.939 2.726 0.00000 -0.00000 0 
29.504 2.726 0.00000 -0.00000 0 
32.070 2.726 0.00000 -0.00000 0 
34.636 2.726 0.00000 -0.00000 0 
37.201 2.726 0.00000 -0.00000 0 
39.767 2.726 0.00000 -0.00000 0 
42.332 2.726 0.00000 -0.00000 0 
44.898 2.726 0.00000 -0.00000 0 
47.464 2.726 -0.51359 -0.25320 2 
50.029 2.726 -0.19796 -0.07722 2 
52.595 2.726 -0.73926 -0.06559 2 
55.160 2.726 -1.28055 -0.05396 2 
57.726 2.726 -0.70580 -0.25170 2 
60.292 2.726 -1.52519 -0.40603 2 
62.857 2.726 -1.33869 -0.92104 2 
65.423 2.726 -1.22588 -2.13704 2 
67.988 2.726 -1.91107 -1.52726 2 
70.554 2.726 -1.45458 -1.66092 2 
73.120 2.726 -0.46666 -1.63088 2 
75.685 2.726 -0.59270 -2.54451 2 
78.251 2.726 -1.70594 -2.23319 2 
80.816 2.726 -1.37634 -2.13725 2 
83.382 2.726 -1.22708 -0.73367 2 
85.948 2.726 -0.30295 -0.96757 2 
88.513 2.726 -0.55087 0.25837 2 
91.079 2.726 -0.76868 0.12281 2 
93.644 2.726 0.25664 0.91022 2 
96.210 2.726 0.62853 0.57961 2 
98.776 2.726 -0.16775 0.34671 2 
101.341 2.726 0.44549 0.37865 2 
103.907 2.726 -1.48961 0.89931 2 
106.472 2.726 -1.80697 0.29384 2 
109.038 2.726 -1.37551 -0.50225 2 
111.603 2.726 0.23761 -0.60639 2 
114.169 2.726 -0.70908 -0.21351 2 
116.735 2.726 -0.93424 0.86960 2 
119.300 2.726 0.31620 1.01935 2 
-8.980 0.160 6.96290 -0.67190 2 
-6.414 0.160 6.65280 -0.68116 2 
-3.848 0.160 6.37264 -0.66646 2 
-1.283 0.160 6.25987 -0.90734 2 
1.283 0.160 6.65659 -0.71831 2 
3.848 0.160 0.00000 -0.00000 0 
6.414 0.160 0.00000 -0.00000 0 
8.980 0.160 0.00000 -0.00000 0 
11.545 0.160 0.00000 -0.00000 0 
14.111 0.160 0.00000 -0.00000 0 
16.676 0.160 0.00000 -0.00000 0 
19.242 0.160 0.00000 -0.00000 0 
21.808 0.160 0.00000 -0.00000 0 
24.373 0.160 0.00000 -0.00000 0 
26.939 0.160 0.00000 -0.00000 0 
29.504 0.160 0.00000 -0.00000 0 
32.070 0.160 0.00000 -0.00000 0 
34.636 0.160 0.00000 -0.00000 0 
37.201 0.160 0.00000 -0.00000 0 
39.767 0.160 -0.24045 -0.10898 2 
42.332 0.160 -0.48090 -0.21795 2 
44.898 0.160 -0.60406 -0.16198 2 
47.464 0.160 -0.92569 -0.45421 2 
50.029 0.160 -0.57556 -0.39690 2 
52.595 0.160 -0.58357 -0.23711 2 
55.160 0.160 -0.87453 0.00605 2 
57.726 0.160 -1.29356 -0.13048 2 
60.292 0.160 -1.19787 -0.88747 2 
62.857 0.160 0.08655 -1.46750 2 
65.423 0.160 -0.14121 -0.49916 2 
67.988 0.160 -0.95036 -1.76814 2 
70.554 0.160 -1.35283 -1.76298 2 
73.120 0.160 -0.46808 -2.14921 2 
75.685 0.160 0.21129 -2.05108 2 
78.251 0.160 -1.18232 -2.65780 2 
80.816 0.160 -1.20369 -1.65139 2 
83.382 0.160 -0.67841 -0.52524 2 
85.948 0.160 -0.70203 -0.73628 2 
88.513 0.160 -0.02410 -0.24534 2 
91.079 0.160 0.14199 0.09503 2 
93.644 0.160 0.55043 -0.38170 2 
96.210 0.160 0.84955 0.20145 2 
98.776 0.160 0.79517 0.54438 2 
101.341 0.160 1.31618 0.61487 2 
103.907 0.160 -0.67162 0.16941 2 
106.472 0.160 1.06632 -0.74672 2 
109.038 0.160 -0.80685 -0.79101 2 
111.603 0.160 0.76624 -0.71920 2 
114.169 0.160 0.52440 0.33414 2 
116.735 0.160 -0.38306 1.39059 2 
119.300 0.160 0.30721 0.83874 2 
-8.980 -2.405 6.99237 -0.68761 2 
-6.414 -2.405 6.69746 -0.70967 2 
-3.848 -2.405 6.34738 -0.86136 2 
-1.283 -2.405 6.38624 -0.83700 2 
1.283 -2.405 0.00000 -0.00000 0 
3.848 -2.405 0.00000 -0.00000 0 
6.414 -2.405 0.00000 -0.00000 0 
8.980 -2.405 0.00000 -0.00000 0 
11.545 -2.405 0.00000 -0.00000 0 
14.111 -2.405 0.00000 -0.00000 0 
16.676 -2.405 0.00000 -0.00000 0 
19.242 -2.405 0.00000 -0.00000 0 
21.808 -2.405 0.00000 -0.00000 0 
24.373 -2.405 0.00000 -0.00000 0 
26.939 -2.405 0.00000 -0.00000 0 
29.504 -2.405 0.00000 -0.00000 0 
32.070 -2.405 -0.18887 -0.28779 2 
34.636 -2.405 -0.06029 -0.11983 2 
37.201 -2.405 0.06829 0.04813 2 
39.767 -2.405 -1.00212 -0.26162 2 
42.332 -2.405 -0.81028 -0.08491 2 
44.898 -2.405 -1.57111 -0.25300 2 
47.464 -2.405 -1.05171 -0.54669 2 
50.029 -2.405 -0.95315 -0.71657 2 
52.595 -2.405 -0.42789 -0.40862 2 
55.160 -2.405 -0.46852 0.06605 2 
57.726 -2.405 -0.40397 0.32999 2 
60.292 -2.405 0.09365 -0.04831 2 
62.857 -2.405 -0.02118 -0.87796 2 
65.423 -2.405 -0.13357 -1.17220 2 
67.988 -2.405 0.45849 -1.00428 2 
70.554 -2.405 -0.41060 -1.96909 2 
73.120 -2.405 -0.50401 -0.82505 2 
75.685 -2.405 -0.00797 -2.08438 2 
78.251 -2.405 0.31171 -2.40567 2 
80.816 -2.405 0.35663 -1.04241 2 
83.382 -2.405 0.02799 -0.68736 2 
85.948 -2.405 -0.13139 -1.13733 2 
88.513 -2.405 0.16981 -0.91271 2 
91.079 -2.405 0.47255 -0.81646 2 
93.644 -2.405 0.64999 -0.07990 2 
96.210 -2.405 0.92863 -0.19599 2 
98.776 -2.405 0.51569 -0.48143 2 
101.341 -2.405 0.46761 -0.06736 2 
103.907 -2.405 0.14637 -0.56048 2 
106.472 -2.405 1.91276 -0.09149 2 
109.038 -2.405 2.05685 0.59006 2 
111.603 -2.405 2.24047 0.26038 2 
114.169 -2.405 3.12509 0.77855 2 
116.735 -2.405 1.43070 0.04800 2 
119.300 -2.405 0.50726 0.78905 2 
-8.980 -4.971 6.89406 -0.84392 2 
-6.414 -4.971 6.74204 -0.89765 2 
-3.848 -4.971 6.67596 -0.94278 2 
-1.283 -4.971 6.39450 -1.10109 2 
1.283 -4.971 0.00000 -0.00000 0 
3.848 -4.971 0.00000 -0.00000 0 
6.414 -4.971 0.00000 -0.00000 0 
8.980 -4.971 0.00000 -0.00000 0 
11.545 -4.971 0.00000 -0.00000 0 
14.111 -4.971 0.00000 -0.00000 0 
16.676 -4.971 0.00000 -0.00000 0 
19.242 -4.971 0.00000 -0.00000 0 
21.808 -4.971 0.00000 -0.00000 0 
24.373 -4.971 -0.16528 -0.18671 2 
26.939 -4.971 -0.10261 -0.06564 2 
29.504 -4.971 -0.72165 -0.27038 2 
32.070 -4.971 -0.37774 -0.57558 2 
34.636 -4.971 -0.12058 -0.23966 2 
37.201 -4.971 0.13658 0.09626 2 
39.767 -4.971 -1.76378 -0.41426 2 
42.332 -4.971 -1.13967 0.04814 2 
44.898 -4.971 -1.05881 0.21280 2 
47.464 -4.971 -1.13757 -0.28109 2 
50.029 -4.971 -0.98787 -0.70996 2 
52.595 -4.971 -0.20973 0.17673 2 
55.160 -4.971 1.19644 1.24707 2 
57.726 -4.971 1.56657 1.01900 2 
60.292 -4.971 0.65020 0.03869 2 
62.857 -4.971 0.20485 -1.55127 2 
65.423 -4.971 0.47889 -0.97798 2 
67.988 -4.971 -0.40092 -1.23522 2 
70.554 -4.971 0.61848 -1.68204 2 
73.120 -4.971 -0.07916 -0.42413 2 
75.685 -4.971 0.30544 -1.08829 2 
78.251 -4.971 0.27730 -1.73940 2 
80.816 -4.971 0.29613 -1.15222 2 
83.382 -4.971 0.87061 -0.31802 2 
85.948 -4.971 1.11256 -0.59287 2 
88.513 -4.971 0.89023 -0.30185 2 
91.079 -4.971 1.55902 0.02956 2 
93.644 -4.971 1.49142 0.30191 2 
96.210 -4.971 1.69688 0.34926 2 
98.776 -4.971 0.65523 -0.82783 2 
101.341 -4.971 0.84823 -0.09008 2 
103.907 -4.971 1.31690 -0.79935 2 
106.472 -4.971 1.75916 -0.49469 2 
109.038 -4.971 2.35968 -0.86146 2 
111.603 -4.971 2.52404 0.50654 2 
114.169 -4.971 2.32390 0.68949 2 
116.735 -4.971 1.13153 0.62121 2 
119.300 -4.971 0.00000 -0.00000 0 
-8.980 -7.536 6.83620 -0.92189 2 
-6.414 -7.536 6.88295 -0.92042 2 
-3.848 -7.536 6.68043 -1.15885 2 
-1.283 -7.536 6.62456 -1.31289 2 
1.283 -7.536 6.53932 -1.56330 2 
3.848 -7.536 0.00000 -0.00000 0 
6.414 -7.536 5.40430 -1.93766 2 
8.980 -7.536 2.14191 -1.64475 2 
11.545 -7.536 1.69200 0.21218 2 
14.111 -7.536 4.45407 -1.62408 2 
16.676 -7.536 -0.43260 -0.03499 2 
19.242 -7.536 -0.76059 -0.10272 2 
21.808 -7.536 -0.75290 0.22818 2 
24.373 -7.536 -0.33056 -0.37343 2 
26.939 -7.536 0.23034 0.31860 2 
29.504 -7.536 -0.87396 -0.68475 2 
32.070 -7.536 0.30475 -1.17711 2 
34.636 -7.536 0.77013 -0.31717 2 
37.201 -7.536 1.23551 0.54278 2 
39.767 -7.536 -0.45074 -0.22482 2 
42.332 -7.536 -0.04374 0.23004 2 
44.898 -7.536 0.16960 -0.56104 2 
47.464 -7.536 -0.36664 0.04091 2 
50.029 -7.536 0.50704 0.38387 2 
52.595 -7.536 0.96736 0.27099 2 
55.160 -7.536 1.56981 1.48978 2 
57.726 -7.536 1.95435 1.35039 2 
60.292 -7.536 1.85225 0.33995 2 
62.857 -7.536 2.41822 -0.86976 2 
65.423 -7.536 2.13748 -1.60491 2 
67.988 -7.536 1.65418 -0.40596 2 
70.554 -7.536 1.54573 -0.95888 2 
73.120 -7.536 0.76288 -0.16461 2 
75.685 -7.536 0.31936 -0.80594 2 
78.251 -7.536 0.24288 -1.07314 2 
80.816 -7.536 0.23562 -1.26203 2 
83.382 -7.536 0.71145 -0.29954 2 
85.948 -7.536 0.41147 -0.86894 2 
88.513 -7.536 1.26247 -0.23208 2 
91.079 -7.536 1.19320 0.02418 2 
93.644 -7.536 1.03120 -0.25347 2 
96.210 -7.536 2.46938 0.69940 2 
98.776 -7.536 2.06268 -0.55611 2 
101.341 -7.536 1.22885 -0.11280 2 
103.907 -7.536 1.99469 -0.33251 2 
106.472 -7.536 2.51021 -0.04719 2 
109.038 -7.536 2.30344 0.63789 2 
111.603 -7.536 2.87045 0.54913 2 
114.169 -7.536 3.25802 0.00990 2 
116.735 -7.536 2.92077 1.02294 2 
119.300 -7.536 0.00000 -0.00000 0 
-8.980 -10.102 6.98373 -0.96794 2 
-6.414 -10.102 7.00694 -0.87899 2 
-3.848 -10.102 6.96915 -1.16951 2 
-1.283 -10.102 6.92162 -1.54633 2 
1.283 -10.102 6.81212 -1.72274 2 
3.848 -10.102 7.16358 -2.31010 2 
6.414 -10.102 7.43684 -2.69640 2 
8.980 -10.102 4.86875 -2.06192 2 
11.545 -10.102 4.88364 -1.29879 2 
14.111 -10.102 8.90814 -3.24815 2 
16.676 -10.102 9.46019 -2.68803 2 
19.242 -10.102 2.45457 -0.30498 2 
21.808 -10.102 2.18501 0.23777 2 
24.373 -10.102 1.14981 -1.15927 2 
26.939 -10.102 0.56330 0.70285 2 
29.504 -10.102 0.53157 -0.25209 2 
32.070 -10.102 0.98723 -1.77864 2 
34.636 -10.102 1.76259 -2.07084 2 
37.201 -10.102 2.23713 -0.22670 2 
39.767 -10.102 5.19869 0.11532 2 
42.332 -10.102 2.38820 0.40121 2 
44.898 -10.102 2.46328 -0.78657 2 
47.464 -10.102 3.04587 0.95868 2 
50.029 -10.102 3.24660 1.25709 2 
52.595 -10.102 2.14445 0.36524 2 
55.160 -10.102 1.94318 1.73250 2 
57.726 -10.102 2.34212 1.68179 2 
60.292 -10.102 2.00208 1.65851 2 
62.857 -10.102 2.20490 1.27334 2 
65.423 -10.102 2.84808 -1.70386 2 
67.988 -10.102 2.90444 -1.63946 2 
70.554 -10.102 2.96080 -1.57507 2 
73.120 -10.102 3.35208 -0.72156 2 
75.685 -10.102 1.48515 -1.24809 2 
78.251 -10.102 2.66250 -1.01535 2 
80.816 -10.102 1.55058 0.00317 2 
83.382 -10.102 1.86163 -0.58780 2 
85.948 -10.102 2.96696 -0.75737 2 
88.513 -10.102 1.92405 -0.10716 2 
91.079 -10.102 2.89013 0.40220 2 
93.644 -10.102 1.85537 -0.18607 2 
96.210 -10.102 3.24188 1.04954 2 
98.776 -10.102 2.71202 0.34920 2 
101.341 -10.102 4.25661 1.02786 2 
103.907 -10.102 3.15863 0.15972 2 
106.472 -10.102 2.46788 -0.19390 2 
109.038 -10.102 2.29639 1.08760 2 
111.603 -10.102 3.07877 0.48200 2 
114.169 -10.102 3.70077 -0.06964 2 
116.735 -10.102 3.44221 1.27276 2 
119.300 -10.102 0.00000 -0.00000 0 
-8.980 -12.668 7.13126 -1.01400 2 
-6.414 -12.668 7.13718 -1.12825 2 
-3.848 -12.668 7.02639 -1.23039 2 
-1.283 -12.668 7.02412 -1.42412 2 
1.283 -12.668 7.04174 -1.77660 2 
3.848 -12.668 7.22155 -2.05650 2 
6.414 -12.668 7.28144 -2.25840 2 
8.980 -12.668 7.59558 -2.47908 2 
11.545 -12.668 8.07528 -2.80977 2 
14.111 -12.668 8.60381 -2.67351 2 
16.676 -12.668 8.94845 -2.59248 2 
19.242 -12.668 9.36073 -2.51557 2 
21.808 -12.668 9.43123 -2.57967 2 
24.373 -12.668 10.84570 -1.70493 2 
26.939 -12.668 5.05330 -0.52097 2 
29.504 -12.668 5.08428 -1.10074 2 
32.070 -12.668 9.09750 -0.96067 2 
34.636 -12.668 4.26937 -2.62449 2 
37.201 -12.668 3.23875 -0.99618 2 
39.767 -12.668 4.09371 -0.03623 2 
42.332 -12.668 4.82013 0.57239 2 
44.898 -12.668 4.75696 -1.01210 2 
47.464 -12.668 5.05317 0.67820 2 
50.029 -12.668 3.74250 0.33976 2 
52.595 -12.668 5.18217 1.57396 2 
55.160 -12.668 3.85575 0.73813 2 
57.726 -12.668 2.12914 0.18070 2 
60.292 -12.668 2.68930 0.13871 2 
62.857 -12.668 2.46136 -0.21204 2 
65.423 -12.668 2.99435 0.37175 2 
67.988 -12.668 3.59563 0.16782 2 
70.554 -12.668 4.19690 -0.03611 2 
73.120 -12.668 4.77334 0.23723 2 
75.685 -12.668 8.02464 -0.60939 2 
78.251 -12.668 6.11630 0.44726 2 
80.816 -12.668 3.60562 -1.16004 2 
83.382 -12.668 2.35216 -0.88791 2 
85.948 -12.668 2.37351 0.15287 2 
88.513 -12.668 2.58563 0.01775 2 
91.079 -12.668 1.88498 -0.11709 2 
93.644 -12.668 2.67955 -0.11867 2 
96.210 -12.668 5.03929 1.24834 2 
98.776 -12.668 3.36137 1.25450 2 
101.341 -12.668 4.69207 1.08465 2 
103.907 -12.668 3.32969 0.18240 2 
106.472 -12.668 4.71216 0.24457 2 
109.038 -12.668 4.08594 0.81069 2 
111.603 -12.668 5.51300 1.70451 2 
114.169 -12.668 5.82172 0.33487 2 
116.735 -12.668 5.32789 0.03944 2 
119.300 -12.668 0.00000 -0.00000 0 
-8.980 -15.233 7.46280 -1.02929 2 
-6.414 -15.233 7.24711 -1.11111 2 
-3.848 -15.233 7.12357 -1.37491 2 
-1.283 -15.233 7.27048 -1.50113 2 
1.283 -15.233 7.21132 -1.90935 2 
3.848 -15.233 7.27568 -1.87572 2 
6.414 -15.233 7.46894 -2.29325 2 
8.980 -15.233 7.88481 -2.40584 2 
11.545 -15.233 8.12545 -2.48699 2 
14.111 -15.233 8.58469 -2.42903 2 
16.676 -15.233 8.69887 -2.35560 2 
19.242 -15.233 8.92421 -2.22379 2 
21.808 -15.233 9.17367 -2.21776 2 
24.373 -15.233 9.42595 -1.87138 2 
26.939 -15.233 9.54331 -1.74478 2 
29.504 -15.233 9.63699 -1.94940 2 
32.070 -15.233 10.18363 -1.80550 2 
34.636 -15.233 9.03407 -2.32192 2 
37.201 -15.233 11.04738 -0.83076 2 
39.767 -15.233 10.28941 -0.01125 2 
42.332 -15.233 7.19110 0.08165 2 
44.898 -15.233 9.38095 -0.23560 2 
47.464 -15.233 8.32674 -1.60730 2 
50.029 -15.233 5.90381 -1.20773 2 
52.595 -15.233 6.06037 -0.41055 2 
55.160 -15.233 7.54967 1.10192 2 
57.726 -15.233 8.59846 0.21737 2 
60.292 -15.233 5.15482 -1.16275 2 
62.857 -15.233 5.60294 -0.42379 2 
65.423 -15.233 5.03190 -0.32083 2 
67.988 -15.233 6.00964 0.22955 2 
70.554 -15.233 4.17485 -1.26453 2 
73.120 -15.233 6.39040 0.42488 2 
75.685 -15.233 6.64353 0.62190 2 
78.251 -15.233 7.09247 0.04777 2 
80.816 -15.233 6.78417 -0.74339 2 
83.382 -15.233 6.56463 -0.26481 2 
85.948 -15.233 6.56621 0.84669 2 
88.513 -15.233 5.36726 -0.00558 2 
91.079 -15.233 2.52629 0.48883 2 
93.644 -15.233 3.57318 0.26373 2 
96.210 -15.233 4.83184 0.65544 2 
98.776 -15.233 6.09050 1.04715 2 
101.341 -15.233 6.57946 0.85705 2 
103.907 -15.233 6.23556 0.43010 2 
106.472 -15.233 6.95643 0.68304 2 
109.038 -15.233 8.52659 1.43414 2 
111.603 -15.233 7.88048 1.23305 2 
114.169 -15.233 8.02260 0.98022 2 
116.735 -15.233 7.88512 0.43560 2 
119.300 -15.233 0.00000 -0.00000 0 
-8.980 -17.799 7.24701 -1.04062 2 
-6.414 -17.799 7.30817 -1.04421 2 
-3.848 -17.799 7.50147 -1.28059 2 
-1.283 -17.799 7.37839 -1.42313 2 
1.283 -17.799 7.39662 -1.58641 2 
3.848 -17.799 7.54770 -1.77457 2 
6.414 -17.799 7.94824 -2.08173 2 
8.980 -17.799 7.87434 -2.03052 2 
11.545 -17.799 8.26573 -2.18594 2 
14.111 -17.799 8.49542 -2.19899 2 
16.676 -17.799 8.74061 -2.11036 2 
19.242 -17.799 8.88044 -2.06733 2 
21.808 -17.799 8.92846 -1.84251 2 
24.373 -17.799 9.16893 -1.92448 2 
26.939 -17.799 9.10445 -1.87968 2 
29.504 -17.799 9.34254 -1.78693 2 
32.070 -17.799 9.59058 -1.78621 2 
34.636 -17.799 9.39631 -1.78945 2 
37.201 -17.799 10.16474 -1.01345 2 
39.767 -17.799 9.80067 -0.59633 2 
42.332 -17.799 9.56206 -0.40908 2 
44.898 -17.799 9.21022 -1.07404 2 
47.464 -17.799 9.48132 -1.25437 2 
50.029 -17.799 8.97741 -0.96247 2 
52.595 -17.799 9.71858 0.35153 2 
55.160 -17.799 9.12554 0.50776 2 
57.726 -17.799 8.95002 -0.20418 2 
60.292 -17.799 7.25775 -0.84270 2 
62.857 -17.799 8.74452 -0.63554 2 
65.423 -17.799 7.06944 -1.01341 2 
67.988 -17.799 7.98232 -0.17600 2 
70.554 -17.799 7.23414 -0.74326 2 
73.120 -17.799 8.00746 0.61252 2 
75.685 -17.799 8.13511 0.76043 2 
78.251 -17.799 8.31273 -0.18509 2 
80.816 -17.799 8.14325 -0.31893 2 
83.382 -17.799 9.52269 1.17676 2 
85.948 -17.799 8.23947 0.10998 2 
88.513 -17.799 8.14889 -0.02892 2 
91.079 -17.799 6.86291 0.63467 2 
93.644 -17.799 6.58213 1.29440 2 
96.210 -17.799 6.99324 1.30743 2 
98.776 -17.799 8.30995 1.66116 2 
101.341 -17.799 8.46685 0.62944 2 
103.907 -17.799 7.76288 0.81545 2 
106.472 -17.799 8.95619 1.28682 2 
109.038 -17.799 9.16695 1.20793 2 
111.603 -17.799 8.87676 1.07696 2 
114.169 -17.799 9.45252 0.95132 2 
116.735 -17.799 9.82191 1.60309 2 
119.300 -17.799 0.00000 -0.00000 0 
-8.980 -20.364 7.31678 -0.99309 2 
-6.414 -20.364 7.46782 -1.14425 2 
-3.848 -20.364 7.38257 -1.21500 2 
-1.283 -20.364 7.44698 -1.36683 2 
1.283 -20.364 7.55312 -1.47312 2 
3.848 -20.364 7.76210 -1.64946 2 
6.414 -20.364 7.65001 -1.82276 2 
8.980 -20.364 8.12394 -1.95353 2 
11.545 -20.364 8.03781 -1.87490 2 
14.111 -20.364 8.57319 -2.10018 2 
16.676 -20.364 8.79794 -2.00896 2 
19.242 -20.364 8.78377 -1.92743 2 
21.808 -20.364 8.92242 -1.90621 2 
24.373 -20.364 8.91115 -1.67574 2 
26.939 -20.364 9.05637 -1.64551 2 
29.504 -20.364 9.42389 -1.51034 2 
32.070 -20.364 9.39369 -1.35651 2 
34.636 -20.364 9.75856 -1.25697 2 
37.201 -20.364 9.78653 -0.97162 2 
39.767 -20.364 9.75572 -0.82496 2 
42.332 -20.364 9.65824 -0.86353 2 
44.898 -20.364 9.53054 -0.77079 2 
47.464 -20.364 9.74108 -0.84919 2 
50.029 -20.364 9.69643 -0.74642 2 
52.595 -20.364 9.65480 -0.06044 2 
55.160 -20.364 9.40907 -0.21983 2 
57.726 -20.364 9.33874 -0.57908 2 
60.292 -20.364 9.36068 -0.52264 2 
62.857 -20.364 9.34522 -0.72976 2 
65.423 -20.364 9.46459 -0.92811 2 
67.988 -20.364 9.95500 -0.58156 2 
70.554 -20.364 9.66557 -0.99005 2 
73.120 -20.364 9.82032 0.02902 2 
75.685 -20.364 9.66671 -0.23726 2 
78.251 -20.364 9.53298 -0.41795 2 
80.816 -20.364 9.50234 0.10554 2 
83.382 -20.364 9.63224 0.58142 2 
85.948 -20.364 9.76215 1.05730 2 
88.513 -20.364 10.48084 0.91890 2 
91.079 -20.364 11.19953 0.78051 2 
93.644 -20.364 8.17394 1.49377 2 
96.210 -20.364 8.17203 1.42884 2 
98.776 -20.364 8.82049 1.63493 2 
101.341 -20.364 8.73656 1.19514 2 
103.907 -20.364 8.37179 0.96960 2 
106.472 -20.364 9.12135 1.12243 2 
109.038 -20.364 9.14311 1.11850 2 
111.603 -20.364 9.08038 1.09607 2 
114.169 -20.364 9.02255 1.23671 2 
116.735 -20.364 9.38745 1.51916 2 
119.300 -20.364 0.00000 -0.00000 0 
-8.980 -22.930 7.64741 -1.00099 2 
-6.414 -22.930 7.40133 -0.98962 2 
-3.848 -22.930 7.51680 -1.13969 2 
-1.283 -22.930 7.58126 -1.35670 2 
1.283 -22.930 7.61435 -1.51602 2 
3.848 -22.930 7.86583 -1.49097 2 
6.414 -22.930 7.98711 -1.58593 2 
8.980 -22.930 8.13929 -1.74693 2 
11.545 -22.930 8.23770 -1.81540 2 
14.111 -22.930 8.32765 -1.76596 2 
16.676 -22.930 8.61448 -1.77610 2 
19.242 -22.930 8.65749 -1.65942 2 
21.808 -22.930 8.89285 -1.47475 2 
24.373 -22.930 8.97771 -1.63823 2 
26.939 -22.930 9.07566 -1.30656 2 
29.504 -22.930 9.11532 -1.44478 2 
32.070 -22.930 9.28354 -1.22255 2 
34.636 -22.930 9.49632 -1.14385 2 
37.201 -22.930 9.45022 -0.98131 2 
39.767 -22.930 9.44819 -0.89481 2 
42.332 -22.930 9.52540 -0.87283 2 
44.898 -22.930 9.52335 -0.76552 2 
47.464 -22.930 9.53947 -0.61699 2 
50.029 -22.930 9.49529 -0.72570 2 
52.595 -22.930 9.59101 -0.47241 2 
55.160 -22.930 9.31607 -0.56002 2 
57.726 -22.930 9.35504 -0.50311 2 
60.292 -22.930 9.20459 -0.46064 2 
62.857 -22.930 9.56814 -0.66394 2 
65.423 -22.930 9.44970 -0.67864 2 
67.988 -22.930 9.75685 -0.59429 2 
70.554 -22.930 9.73677 -0.40242 2 
73.120 -22.930 9.87653 -0.38386 2 
75.685 -22.930 9.98569 -0.60657 2 
78.251 -22.930 10.15861 -0.43233 2 
80.816 -22.930 10.32050 -0.09181 2 
83.382 -22.930 10.40698 0.52373 2 
85.948 -22.930 10.49347 1.13928 2 
88.513 -22.930 10.33111 0.52043 2 
91.079 -22.930 10.43115 1.45687 2 
93.644 -22.930 9.76576 1.69313 2 
96.210 -22.930 9.35083 1.55025 2 
98.776 -22.930 8.97200 1.49247 2 
101.341 -22.930 8.76143 1.20568 2 
103.907 -22.930 8.98070 1.12374 2 
106.472 -22.930 8.86049 1.07089 2 
109.038 -22.930 8.87748 1.09259 2 
111.603 -22.930 9.03726 1.32774 2 
114.169 -22.930 9.19823 1.13885 2 
116.735 -22.930 8.95299 1.43523 2 
119.300 -22.930 0.00000 -0.00000 0 
-8.980 -25.496 7.58676 -0.83910 2 
-6.414 -25.496 7.70695 -1.09458 2 
-3.848 -25.496 7.62521 -1.14609 2 
-1.283 -25.496 7.70239 -1.43971 2 
1.283 -25.496 7.82485 -1.25347 2 
3.848 -25.496 7.87349 -1.44079 2 
6.414 -25.496 8.01561 -1.46938 2 
8.980 -25.496 8.26781 -1.72045 2 
11.545 -25.496 8.24619 -1.58182 2 
14.111 -25.496 8.51667 -1.67167 2 
16.676 -25.496 8.58608 -1.70664 2 
19.242 -25.496 8.75463 -1.60768 2 
21.808 -25.496 8.79201 -1.51516 2 
24.373 -25.496 8.99925 -1.45815 2 
26.939 -25.496 9.09459 -1.49178 2 
29.504 -25.496 8.93739 -1.26514 2 
32.070 -25.496 9.20449 -1.23771 2 
34.636 -25.496 9.24890 -1.20395 2 
37.201 -25.496 9.33836 -1.03701 2 
39.767 -25.496 9.30789 -0.83654 2 
42.332 -25.496 9.37221 -0.79099 2 
44.898 -25.496 9.32041 -0.71260 2 
47.464 -25.496 9.48632 -0.73035 2 
50.029 -25.496 9.36207 -0.59203 2 
52.595 -25.496 9.37631 -0.59664 2 
55.160 -25.496 9.48939 -0.57705 2 
57.726 -25.496 9.33936 -0.43370 2 
60.292 -25.496 9.48623 -0.52844 2 
62.857 -25.496 9.47664 -0.49128 2 
65.423 -25.496 9.58978 -0.44560 2 
67.988 -25.496 9.65706 -0.50070 2 
70.554 -25.496 9.55559 -0.50717 2 
73.120 -25.496 9.85443 -0.37270 2 
75.685 -25.496 9.68531 -0.33220 2 
78.251 -25.496 9.93598 -0.31115 2 
80.816 -25.496 10.25397 0.10650 2 
83.382 -25.496 10.32079 0.31169 2 
85.948 -25.496 10.21158 0.54281 2 
88.513 -25.496 10.14576 0.71226 2 
91.079 -25.496 10.19861 1.18688 2 
93.644 -25.496 9.48370 1.25269 2 
96.210 -25.496 9.25099 1.36928 2 
98.776 -25.496 8.98624 1.19182 2 
101.341 -25.496 8.98334 1.10409 2 
103.907 -25.496 9.00466 1.18810 2 
106.472 -25.496 8.91121 1.02307 2 
109.038 -25.496 8.73521 0.96095 2 
111.603 -25.496 9.03917 1.15563 2 
114.169 -25.496 8.71935 1.21116 2 
116.735 -25.496 9.29541 1.40387 2 
119.300 -25.496 0.00000 -0.00000 0 
-8.980 -28.061 7.47874 -0.90042 2 
-6.414 -28.061 7.56924 -0.95743 2 
-3.848 -28.061 7.81741 -0.93821 2 
-1.283 -28.061 7.77714 -1.09569 2 
1.283 -28.061 7.87079 -1.32505 2 
3.848 -28.061 7.96115 -1.25998 2 
6.414 -28.061 8.22991 -1.33614 2 
8.980 -28.061 8.10398 -1.41067 2 
11.545 -28.061 8.37910 -1.45993 2 
14.111 -28.061 8.47241 -1.38383 2 
16.676 -28.061 8.59406 -1.37757 2 
19.242 -28.061 8.72075 -1.47302 2 
21.808 -28.061 8.77064 -1.47933 2 
24.373 -28.061 8.79768 -1.28624 2 
26.939 -28.061 9.09559 -1.18048 2 
29.504 -28.061 9.01591 -1.18793 2 
32.070 -28.061 9.03694 -1.07616 2 
34.636 -28.061 9.28274 -0.95472 2 
37.201 -28.061 9.27790 -0.90070 2 
39.767 -28.061 9.34640 -0.89972 2 
42.332 -28.061 9.28740 -0.73822 2 
44.898 -28.061 9.41921 -0.71645 2 
47.464 -28.061 9.28534 -0.63095 2 
50.029 -28.061 9.55956 -0.65909 2 
52.595 -28.061 9.32078 -0.60154 2 
55.160 -28.061 9.47314 -0.57312 2 
57.726 -28.061 9.35011 -0.43988 2 
60.292 -28.061 9.43369 -0.51536 2 
62.857 -28.061 9.28819 -0.49329 2 
65.423 -28.061 9.55835 -0.49018 2 
67.988 -28.061 9.55660 -0.60017 2 
70.554 -28.061 9.47080 -0.33686 2 
73.120 -28.061 9.89099 -0.21002 2 
75.685 -28.061 9.66648 -0.20935 2 
78.251 -28.061 9.92451 -0.21361 2 
80.816 -28.061 9.92375 0.09064 2 
83.382 -28.061 9.94073 0.23640 2 
85.948 -28.061 10.10543 0.65836 2 
88.513 -28.061 10.03815 0.68328 2 
91.079 -28.061 9.72481 0.86096 2 
93.644 -28.061 9.68324 1.07282 2 
96.210 -28.061 9.38140 0.94680 2 
98.776 -28.061 9.18185 1.09512 2 
101.341 -28.061 9.20798 0.90815 2 
103.907 -28.061 9.02437 1.10922 2 
106.472 -28.061 8.92844 1.03366 2 
109.038 -28.061 8.98906 1.03839 2 
111.603 -28.061 8.80850 1.11066 2 
114.169 -28.061 9.01006 1.24790 2 
116.735 -28.061 9.18495 1.18562 2 
119.300 -28.061 0.00000 -0.00000 0 
-8.980 -30.627 7.62438 -0.94291 2 
-6.414 -30.627 7.69937 -0.88735 2 
-3.848 -30.627 7.85920 -0.95065 2 
-1.283 -30.627 7.88753 -1.17457 2 
1.283 -30.627 8.00987 -1.06485 2 
3.848 -30.627 7.86280 -1.13436 2 
6.414 -30.627 8.08751 -1.15638 2 
8.980 -30.627 8.31693 -1.28264 2 
11.545 -30.627 8.35637 -1.22946 2 
14.111 -30.627 8.45857 -1.28415 2 
16.676 -30.627 8.63185 -1.25733 2 
19.242 -30.627 8.71492 -1.20309 2 
21.808 -30.627 8.72199 -1.21705 2 
24.373 -30.627 8.73000 -1.27435 2 
26.939 -30.627 8.93050 -1.10291 2 
29.504 -30.627 9.01776 -1.13093 2 
32.070 -30.627 8.94192 -1.02671 2 
34.636 -30.627 9.13397 -0.94042 2 
37.201 -30.627 9.05837 -0.82160 2 
39.767 -30.627 9.33204 -0.89076 2 
42.332 -30.627 9.20170 -0.88357 2 
44.898 -30.627 9.22668 -0.62056 2 
47.464 -30.627 9.34698 -0.65287 2 
50.029 -30.627 9.32012 -0.68558 2 
52.595 -30.627 9.19264 -0.71937 2 
55.160 -30.627 9.36805 -0.32286 2 
57.726 -30.627 9.14293 -0.55258 2 
60.292 -30.627 9.52283 -0.48419 2 
62.857 -30.627 9.42301 -0.34265 2 
65.423 -30.627 9.38265 -0.54568 2 
67.988 -30.627 9.37619 -0.23877 2 
70.554 -30.627 9.58941 -0.31887 2 
73.120 -30.627 9.52322 -0.28444 2 
75.685 -30.627 9.58167 -0.11779 2 
78.251 -30.627 9.66195 -0.00374 2 
80.816 -30.627 9.72074 0.07258 2 
83.382 -30.627 9.83702 0.33409 2 
85.948 -30.627 9.75876 0.38466 2 
88.513 -30.627 9.58044 0.59524 2 
91.079 -30.627 9.48369 0.82171 2 
93.644 -30.627 9.45921 0.79623 2 
96.210 -30.627 9.28009 0.93965 2 
98.776 -30.627 9.23872 0.93435 2 
101.341 -30.627 9.16555 1.03706 2 
103.907 -30.627 9.08138 0.88917 2 
106.472 -30.627 8.95836 1.14702 2 
109.038 -30.627 8.81111 1.09658 2 
111.603 -30.627 8.66463 1.02270 2 
114.169 -30.627 8.76702 1.16268 2 
116.735 -30.627 9.11224 1.16046 2 
119.300 -30.627 0.00000 -0.00000 0 
-8.980 -33.192 7.87108 -0.93046 2 
-6.414 -33.192 7.92879 -0.89052 2 
-3.848 -33.192 7.69597 -1.05886 2 
-1.283 -33.192 7.89976 -0.94287 2 
1.283 -33.192 8.04027 -1.15018 2 
3.848 -33.192 8.11927 -0.95098 2 
6.414 -33.192 8.23697 -1.15183 2 
8.980 -33.192 8.26548 -1.29056 2 
11.545 -33.192 8.54818 -1.18229 2 
14.111 -33.192 8.50259 -1.30887 2 
16.676 -33.192 8.50481 -1.20060 2 
19.242 -33.192 8.64056 -1.24282 2 
21.808 -33.192 8.70712 -1.16192 2 
24.373 -33.192 8.79567 -1.09163 2 
26.939 -33.192 8.84831 -0.92348 2 
29.504 -33.192 8.99228 -1.04433 2 
32.070 -33.192 8.95956 -0.89584 2 
34.636 -33.192 9.05182 -0.96997 2 
37.201 -33.192 9.01564 -0.87930 2 
39.767 -33.192 9.12938 -0.72922 2 
42.332 -33.192 9.07814 -0.83319 2 
44.898 -33.192 9.12125 -0.74224 2 
47.464 -33.192 9.25894 -0.72965 2 
50.029 -33.192 9.27416 -0.64999 2 
52.595 -33.192 9.36620 -0.59565 2 
55.160 -33.192 9.33815 -0.51524 2 
57.726 -33.192 9.29546 -0.56466 2 
60.292 -33.192 9.23052 -0.40178 2 
62.857 -33.192 9.32793 -0.34293 2 
65.423 -33.192 9.36657 -0.36978 2 
67.988 -33.192 9.64354 -0.33443 2 
70.554 -33.192 9.37724 -0.30661 2 
73.120 -33.192 9.52860 -0.16214 2 
75.685 -33.192 9.65426 -0.12542 2 
78.251 -33.192 9.51789 0.10279 2 
80.816 -33.192 9.54145 0.28108 2 
83.382 -33.192 9.42149 0.32079 2 
85.948 -33.192 9.71115 0.52939 2 
88.513 -33.192 9.52382 0.60972 2 
91.079 -33.192 9.53571 0.74914 2 
93.644 -33.192 9.22220 0.83991 2 
96.210 -33.192 9.20281 0.77343 2 
98.776 -33.192 9.10859 0.94566 2 
101.341 -33.192 8.96065 1.04373 2 
103.907 -33.192 9.08839 0.89983 2 
106.472 -33.192 8.72420 1.03498 2 
109.038 -33.192 8.86179 0.97973 2 
111.603 -33.192 8.85011 0.90862 2 
114.169 -33.192 8.77918 0.95004 2 
116.735 -33.192 9.05933 0.96090 2 
119.300 -33.192 0.00000 -0.00000 0 
-8.980 -35.758 7.88902 -0.78813 2 
-6.414 -35.758 7.88377 -0.82821 2 
-3.848 -35.758 8.01163 -0.86818 2 
-1.283 -35.758 8.02891 -0.96914 2 
1.283 -35.758 7.89016 -1.00770 2 
3.848 -35.758 8.09302 -1.03553 2 
6.414 -35.758 8.13888 -1.18817 2 
8.980 -35.758 8.32666 -1.08887 2 
11.545 -35.758 8.33156 -1.03872 2 
14.111 -35.758 8.39360 -1.10243 2 
16.676 -35.758 8.66115 -1.03414 2 
19.242 -35.758 8.64081 -1.03468 2 
21.808 -35.758 8.63729 -1.09703 2 
24.373 -35.758 8.85492 -1.03712 2 
26.939 -35.758 8.89223 -0.94933 2 
29.504 -35.758 8.74893 -0.95247 2 
32.070 -35.758 9.01571 -0.97419 2 
34.636 -35.758 9.11090 -0.80018 2 
37.201 -35.758 9.01548 -0.87726 2 
39.767 -35.758 9.06754 -0.82949 2 
42.332 -35.758 9.05278 -0.68930 2 
44.898 -35.758 9.08026 -0.77751 2 
47.464 -35.758 9.09489 -0.57222 2 
50.029 -35.758 9.15851 -0.53923 2 
52.595 -35.758 9.05498 -0.61638 2 
55.160 -35.758 9.25253 -0.56653 2 
57.726 -35.758 9.21534 -0.61574 2 
60.292 -35.758 9.42665 -0.44495 2 
62.857 -35.758 9.28875 -0.26433 2 
65.423 -35.758 9.32274 -0.31278 2 
67.988 -35.758 9.28039 -0.26019 2 
70.554 -35.758 9.35660 -0.16353 2 
73.120 -35.758 9.35595 -0.03060 2 
75.685 -35.758 9.49241 0.12482 2 
78.251 -35.758 9.44694 0.16262 2 
80.816 -35.758 9.47601 0.22988 2 
83.382 -35.758 9.40833 0.45960 2 
85.948 -35.758 9.50702 0.44049 2 
88.513 -35.758 9.35171 0.56045 2 
91.079 -35.758 9.39575 0.67857 2 
93.644 -35.758 9.25368 0.64947 2 
96.210 -35.758 9.15148 0.82527 2 
98.776 -35.758 9.04970 0.93366 2 
101.341 -35.758 9.01921 0.75948 2 
103.907 -35.758 8.91516 0.95130 2 
106.472 -35.758 9.06908 0.93118 2 
109.038 -35.758 8.76960 0.86845 2 
111.603 -35.758 8.64123 1.01075 2 
114.169 -35.758 8.77589 0.97298 2 
116.735 -35.758 9.04300 1.03752 2 
119.300 -35.758 0.00000 -0.00000 0 
-8.980 -38.324 7.96849 -0.81852 2 
-6.414 -38.324 7.80940 -0.90687 2 
-3.848 -38.324 7.94003 -0.89730 2 
-1.283 -38.324 7.97223 -0.88856 2 
1.283 -38.324 8.19890 -0.87307 2 
3.848 -38.324 8.11733 -0.98423 2 
6.414 -38.324 8.28492 -0.93496 2 
8.980 -38.324 8.26671 -0.94727 2 
11.545 -38.324 8.35092 -0.92708 2 
14.111 -38.324 8.55441 -1.03276 2 
16.676 -38.324 8.53966 -1.03376 2 
19.242 -38.324 8.61226 -1.08800 2 
21.808 -38.324 8.63897 -0.84391 2 
24.373 -38.324 8.69155 -0.93416 2 
26.939 -38.324 8.69163 -0.79746 2 
29.504 -38.324 8.86748 -0.98433 2 
32.070 -38.324 8.66558 -0.75872 2 
34.636 -38.324 8.84683 -0.78665 2 
37.201 -38.324 8.91548 -0.85620 2 
39.767 -38.324 8.93166 -0.71858 2 
42.332 -38.324 9.16330 -0.70604 2 
44.898 -38.324 9.06409 -0.83638 2 
47.464 -38.324 9.18561 -0.60605 2 
50.029 -38.324 9.13881 -0.58846 2 
52.595 -38.324 9.18974 -0.53165 2 
55.160 -38.324 9.20253 -0.46954 2 
57.726 -38.324 9.17378 -0.47203 2 
60.292 -38.324 9.22630 -0.37634 2 
62.857 -38.324 9.28030 -0.45425 2 
65.423 -38.324 9.27057 -0.34649 2 
67.988 -38.324 9.20853 -0.25239 2 
70.554 -38.324 9.27682 -0.13541 2 
73.120 -38.324 9.37443 -0.26605 2 
75.685 -38.324 9.36022 0.08421 2 
78.251 -38.324 9.33357 0.21811 2 
80.816 -38.324 9.44932 0.23542 2 
83.382 -38.324 9.39244 0.34731 2 
85.948 -38.324 9.33765 0.53102 2 
88.513 -38.324 9.47258 0.50411 2 
91.079 -38.324 9.31724 0.53769 2 
93.644 -38.324 9.28900 0.70480 2 
96.210 -38.324 9.07764 0.83532 2 
98.776 -38.324 9.09632 0.76024 2 
101.341 -38.324 8.98237 0.89533 2 
103.907 -38.324 8.95652 0.85478 2 
106.472 -38.324 8.75297 0.78512 2 
109.038 -38.324 8.80071 0.92712 2 
111.603 -38.324 8.81802 0.81777 2 
114.169 -38.324 8.69776 0.94964 2 
116.735 -38.324 9.06727 0.90498 2 
119.300 -38.324 0.00000 -0.00000 0 
-8.980 -40.889 7.79783 -0.66130 2 
-6.414 -40.889 8.02451 -0.83566 2 
-3.848 -40.889 7.95364 -0.83766 2 
-1.283 -40.889 8.04852 -0.87980 2 
1.283 -40.889 8.16004 -0.85639 2 
3.848 -40.889 8.26077 -0.87460 2 
6.414 -40.889 8.10352 -0.94456 2 
8.980 -40.889 8.33914 -0.97859 2 
11.545 -40.889 8.32698 -0.90408 2 
14.111 -40.889 8.53275 -0.92493 2 
16.676 -40.889 8.48460 -0.98043 2 
19.242 -40.889 8.66266 -0.87165 2 
21.808 -40.889 8.65011 -0.94694 2 
24.373 -40.889 8.76863 -0.88415 2 
26.939 -40.889 8.73603 -0.85737 2 
29.504 -40.889 8.88751 -0.78626 2 
32.070 -40.889 8.88624 -0.92252 2 
34.636 -40.889 8.88947 -0.81653 2 
37.201 -40.889 8.98435 -0.66159 2 
39.767 -40.889 8.99861 -0.81670 2 
42.332 -40.889 8.81356 -0.65869 2 
44.898 -40.889 8.99145 -0.58435 2 
47.464 -40.889 9.19419 -0.63471 2 
50.029 -40.889 9.00594 -0.38894 2 
52.595 -40.889 9.06864 -0.53196 2 
55.160 -40.889 9.01277 -0.47579 2 
57.726 -40.889 9.14889 -0.30554 2 
60.292 -40.889 9.15532 -0.38595 2 
62.857 -40.889 9.10078 -0.22986 2 
65.423 -40.889 9.33794 -0.21910 2 
67.988 -40.889 9.18235 -0.13044 2 
70.554 -40.889 9.21437 -0.14505 2 
73.120 -40.889 9.27206 0.07565 2 
75.685 -40.889 9.36813 -0.20306 2 
78.251 -40.889 9.29537 0.09560 2 
80.816 -40.889 9.35629 0.21304 2 
83.382 -40.889 9.21058 0.26725 2 
85.948 -40.889 9.22276 0.46858 2 
88.513 -40.889 9.34487 0.44347 2 
91.079 -40.889 8.98329 0.71878 2 
93.644 -40.889 9.07084 0.65164 2 
96.210 -40.889 9.06275 0.61859 2 
98.776 -40.889 8.91210 0.81695 2 
101.341 -40.889 8.95084 0.79646 2 
103.907 -40.889 8.95292 0.71572 2 
106.472 -40.889 8.76770 0.80670 2 
109.038 -40.889 8.76366 0.71812 2 
111.603 -40.889 8.76960 1.02228 2 
114.169 -40.889 8.65761 0.84953 2 
116.735 -40.889 9.09154 0.77244 2 
119.300 -40.889 0.00000 -0.00000 0 
-8.980 -43.455 8.03746 -0.85242 2 
-6.414 -43.455 7.82940 -0.76585 2 
-3.848 -43.455 8.02176 -0.76680 2 
-1.283 -43.455 8.01013 -0.79794 2 
1.283 -43.455 8.19070 -0.84224 2 
3.848 -43.455 8.20411 -0.94568 2 
6.414 -43.455 8.23435 -0.89049 2 
8.980 -43.455 8.43764 -0.92960 2 
11.545 -43.455 8.44980 -0.88570 2 
14.111 -43.455 8.45707 -0.88937 2 
16.676 -43.455 8.58712 -0.75926 2 
19.242 -43.455 8.50808 -0.92227 2 
21.808 -43.455 8.70774 -0.86848 2 
24.373 -43.455 8.69555 -0.85019 2 
26.939 -43.455 8.79281 -0.84282 2 
29.504 -43.455 8.72498 -0.95103 2 
32.070 -43.455 8.82087 -0.71787 2 
34.636 -43.455 8.94289 -0.74974 2 
37.201 -43.455 8.90506 -0.80231 2 
39.767 -43.455 8.99279 -0.66727 2 
42.332 -43.455 8.98577 -0.55859 2 
44.898 -43.455 9.00331 -0.56454 2 
47.464 -43.455 8.90959 -0.60801 2 
50.029 -43.455 9.00897 -0.60554 2 
52.595 -43.455 9.17927 -0.50877 2 
55.160 -43.455 9.04164 -0.35092 2 
57.726 -43.455 9.06099 -0.21930 2 
60.292 -43.455 9.05719 -0.35112 2 
62.857 -43.455 9.18453 -0.34069 2 
65.423 -43.455 9.04334 -0.18719 2 
67.988 -43.455 9.14481 -0.07548 2 
70.554 -43.455 9.28960 -0.07305 2 
73.120 -43.455 9.13427 -0.06341 2 
75.685 -43.455 9.16030 0.14228 2 
78.251 -43.455 9.13744 0.00101 2 
80.816 -43.455 9.29271 0.16001 2 
83.382 -43.455 9.12240 0.47614 2 
85.948 -43.455 9.36497 0.25137 2 
88.513 -43.455 9.12279 0.46496 2 
91.079 -43.455 8.94689 0.58864 2 
93.644 -43.455 8.97455 0.60150 2 
96.210 -43.455 8.94043 0.64863 2 
98.776 -43.455 8.91041 0.75398 2 
101.341 -43.455 8.81520 0.78884 2 
103.907 -43.455 8.92330 0.82592 2 
106.472 -43.455 8.69904 0.86049 2 
109.038 -43.455 8.83289 0.80161 2 
111.603 -43.455 8.69588 0.72243 2 
114.169 -43.455 8.65963 0.90946 2 
116.735 -43.455 8.98515 0.74330 2 
119.300 -43.455 0.00000 -0.00000 0 
-8.980 -46.020 7.99759 -0.73184 2 
-6.414 -46.020 8.03985 -0.74971 2 
-3.848 -46.020 8.09265 -0.85167 2 
-1.283 -46.020 8.07728 -0.84589 2 
1.283 -46.020 8.20805 -0.78704 2 
3.848 -46.020 8.23254 -0.83370 2 
6.414 -46.020 8.11107 -0.93010 2 
8.980 -46.020 8.58738 -0.81319 2 
11.545 -46.020 8.30646 -0.82586 2 
14.111 -46.020 8.47710 -0.84743 2 
16.676 -46.020 8.48552 -0.87589 2 
19.242 -46.020 8.63570 -0.81931 2 
21.808 -46.020 8.51193 -0.82115 2 
24.373 -46.020 8.72375 -0.84142 2 
26.939 -46.020 8.84023 -0.77883 2 
29.504 -46.020 8.72684 -0.79823 2 
32.070 -46.020 8.89049 -0.76393 2 
34.636 -46.020 8.89870 -0.76284 2 
37.201 -46.020 8.84938 -0.59933 2 
39.767 -46.020 8.83352 -0.63403 2 
42.332 -46.020 8.66177 -0.69463 2 
44.898 -46.020 9.01357 -0.51266 2 
47.464 -46.020 8.97692 -0.53152 2 
50.029 -46.020 8.95306 -0.43107 2 
52.595 -46.020 8.89651 -0.51826 2 
55.160 -46.020 9.00630 -0.42866 2 
57.726 -46.020 8.99643 -0.43943 2 
60.292 -46.020 9.16972 -0.41023 2 
62.857 -46.020 9.04853 -0.26120 2 
65.423 -46.020 9.06541 -0.12979 2 
67.988 -46.020 9.15212 0.11408 2 
70.554 -46.020 9.04392 -0.02905 2 
73.120 -46.020 9.07100 0.09470 2 
75.685 -46.020 9.14153 0.11606 2 
78.251 -46.020 9.09249 0.28201 2 
80.816 -46.020 9.09605 0.31880 2 
83.382 -46.020 9.07014 0.28547 2 
85.948 -46.020 9.06204 0.45851 2 
88.513 -46.020 8.95935 0.48261 2 
91.079 -46.020 9.01724 0.52289 2 
93.644 -46.020 9.10686 0.61115 2 
96.210 -46.020 8.91617 0.61877 2 
98.776 -46.020 8.90287 0.64067 2 
101.341 -46.020 8.79665 0.61036 2 
103.907 -46.020 8.87645 0.77463 2 
106.472 -46.020 8.88132 0.69883 2 
109.038 -46.020 8.74338 0.76940 2 
111.603 -46.020 8.75410 0.80133 2 
114.169 -46.020 8.61698 0.71448 2 
116.735 -46.020 8.87018 0.85859 2 
119.300 -46.020 0.00000 -0.00000 0 
-8.980 -48.586 8.15209 -0.69286 2 
-6.414 -48.586 8.01340 -0.84527 2 
-3.848 -48.586 8.01571 -0.73179 2 
-1.283 -48.586 8.05665 -0.77553 2 
1.283 -48.586 8.07268 -0.91651 2 
3.848 -48.586 8.10416 -0.73516 2 
6.414 -48.586 8.41486 -0.78630 2 
8.980 -48.586 8.34450 -0.88058 2 
11.545 -48.586 8.43343 -0.87381 2 
14.111 -48.586 8.46649 -0.85662 2 
16.676 -48.586 8.45820 -0.75667 2 
19.242 -48.586 8.54600 -0.78047 2 
21.808 -48.586 8.67470 -0.86690 2 
24.373 -48.586 8.57487 -0.68146 2 
26.939 -48.586 8.62198 -0.77031 2 
29.504 -48.586 8.69625 -0.71711 2 
32.070 -48.586 8.64805 -0.71000 2 
34.636 -48.586 8.80042 -0.64480 2 
37.201 -48.586 8.67542 -0.68170 2 
39.767 -48.586 8.96502 -0.55490 2 
42.332 -48.586 8.85741 -0.62375 2 
44.898 -48.586 8.84251 -0.62866 2 
47.464 -48.586 8.95890 -0.53578 2 
50.029 -48.586 8.98503 -0.57565 2 
52.595 -48.586 8.94777 -0.24971 2 
55.160 -48.586 8.99214 -0.33095 2 
57.726 -48.586 9.20474 -0.46330 2 
60.292 -48.586 8.93611 -0.07178 2 
62.857 -48.586 9.06851 -0.34210 2 
65.423 -48.586 9.10426 -0.18708 2 
67.988 -48.586 8.92225 -0.15116 2 
70.554 -48.586 9.12377 -0.09686 2 
73.120 -48.586 9.18528 0.11179 2 
75.685 -48.586 8.97505 0.10315 2 
78.251 -48.586 9.11067 0.14201 2 
80.816 -48.586 9.08066 0.17786 2 
83.382 -48.586 9.06916 0.36747 2 
85.948 -48.586 9.06215 0.36258 2 
88.513 -48.586 8.96678 0.39032 2 
91.079 -48.586 8.97017 0.40708 2 
93.644 -48.586 8.96598 0.56444 2 
96.210 -48.586 8.88153 0.60550 2 
98.776 -48.586 8.82415 0.70137 2 
101.341 -48.586 8.87757 0.59806 2 
103.907 -48.586 8.86323 0.62768 2 
106.472 -48.586 8.72341 0.73160 2 
109.038 -48.586 8.72296 0.77710 2 
111.603 -48.586 8.72857 0.75820 2 
114.169 -48.586 8.71250 0.70488 2 
116.735 -48.586 8.75521 0.97389 2 
119.300 -48.586 0.00000 -0.00000 0 
-8.980 -51.152 7.89115 -0.74656 2 
-6.414 -51.152 7.96792 -0.76001 2 
-3.848 -51.152 8.10271 -0.75163 2 
-1.283 -51.152 8.20713 -0.79300 2 
1.283 -51.152 8.25970 -0.66516 2 
3.848 -51.152 8.25374 -0.72086 2 
6.414 -51.152 8.19637 -0.79293 2 
8.980 -51.152 8.32482 -0.87634 2 
11.545 -51.152 8.42967 -0.68671 2 
14.111 -51.152 8.62534 -0.67601 2 
16.676 -51.152 8.37101 -0.76332 2 
19.242 -51.152 8.63534 -0.73575 2 
21.808 -51.152 8.51540 -0.75110 2 
24.373 -51.152 8.72466 -0.75844 2 
26.939 -51.152 8.63966 -0.70146 2 
29.504 -51.152 8.67783 -0.63566 2 
32.070 -51.152 8.74818 -0.75924 2 
34.636 -51.152 8.82475 -0.55490 2 
37.201 -51.152 8.70714 -0.58906 2 
39.767 -51.152 8.81191 -0.66241 2 
42.332 -51.152 8.72836 -0.54322 2 
44.898 -51.152 8.91257 -0.53806 2 
47.464 -51.152 8.78984 -0.50296 2 
50.029 -51.152 8.78115 -0.47401 2 
52.595 -51.152 8.96611 -0.44251 2 
55.160 -51.152 9.02175 -0.57345 2 
57.726 -51.152 8.92367 -0.36273 2 
60.292 -51.152 9.04930 -0.24939 2 
62.857 -51.152 9.06271 -0.20628 2 
65.423 -51.152 8.99375 -0.11571 2 
67.988 -51.152 9.00718 -0.12504 2 
70.554 -51.152 9.06166 -0.10042 2 
73.120 -51.152 8.88518 0.16805 2 
75.685 -51.152 9.09603 0.07356 2 
78.251 -51.152 8.92924 0.17224 2 
80.816 -51.152 9.04661 0.25137 2 
83.382 -51.152 9.00595 0.30923 2 
85.948 -51.152 8.88444 0.11226 2 
88.513 -51.152 9.01581 0.46401 2 
91.079 -51.152 8.91681 0.48798 2 
93.644 -51.152 8.80159 0.46265 2 
96.210 -51.152 8.87600 0.45183 2 
98.776 -51.152 8.78013 0.56617 2 
101.341 -51.152 8.75160 0.71787 2 
103.907 -51.152 8.74476 0.56844 2 
106.472 -51.152 8.79761 0.67708 2 
109.038 -51.152 8.69617 0.62445 2 
111.603 -51.152 8.59741 0.65617 2 
114.169 -51.152 8.75068 0.83731 2 
116.735 -51.152 9.15141 1.01332 2 
119.300 -51.152 0.00000 -0.00000 0 
-8.980 -53.717 8.31367 -0.73868 2 
-6.414 -53.717 8.18304 -0.73310 2 
-3.848 -53.717 8.19292 -0.69727 2 
-1.283 -53.717 8.16907 -0.70247 2 
1.283 -53.717 8.10543 -0.82515 2 
3.848 -53.717 8.16035 -0.82166 2 
6.414 -53.717 8.34996 -0.72458 2 
8.980 -53.717 8.29943 -0.78632 2 
11.545 -53.717 8.49527 -0.79727 2 
14.111 -53.717 8.29630 -0.81570 2 
16.676 -53.717 8.55445 -0.87317 2 
19.242 -53.717 8.54479 -0.79866 2 
21.808 -53.717 8.54662 -0.72148 2 
24.373 -53.717 8.56559 -0.85870 2 
26.939 -53.717 8.68976 -0.69261 2 
29.504 -53.717 8.66197 -0.71438 2 
32.070 -53.717 8.77255 -0.80314 2 
34.636 -53.717 8.81838 -0.70738 2 
37.201 -53.717 8.71256 -0.70888 2 
39.767 -53.717 8.80194 -0.59120 2 
42.332 -53.717 8.83749 -0.61937 2 
44.898 -53.717 8.85187 -0.57960 2 
47.464 -53.717 8.87279 -0.60735 2 
50.029 -53.717 8.82088 -0.45698 2 
52.595 -53.717 8.84861 -0.52339 2 
55.160 -53.717 8.93894 -0.31020 2 
57.726 -53.717 8.96772 -0.39938 2 
60.292 -53.717 8.82883 -0.23499 2 
62.857 -53.717 9.01999 -0.23570 2 
65.423 -53.717 8.93725 -0.14345 2 
67.988 -53.717 9.07344 -0.12093 2 
70.554 -53.717 8.96650 -0.12173 2 
73.120 -53.717 8.89862 0.13947 2 
75.685 -53.717 8.97983 0.14485 2 
78.251 -53.717 8.99036 0.16323 2 
80.816 -53.717 8.96684 0.16809 2 
83.382 -53.717 8.98635 0.34214 2 
85.948 -53.717 8.98072 0.47573 2 
88.513 -53.717 9.02504 0.40387 2 
91.079 -53.717 9.25485 0.54572 2 
93.644 -53.717 9.28528 0.38758 2 
96.210 -53.717 9.14715 0.51417 2 
98.776 -53.717 9.15021 0.59851 2 
101.341 -53.717 9.01847 0.43072 2 
103.907 -53.717 9.16541 0.62989 2 
106.472 -53.717 8.63315 0.57164 2 
109.038 -53.717 8.69617 0.60749 2 
111.603 -53.717 8.75919 0.64334 2 
114.169 -53.717 9.44506 0.62236 2 
116.735 -53.717 0.00000 -0.00000 0 
119.300 -53.717 0.00000 -0.00000 0 
-8.980 -56.283 0.00000 -0.00000 0 
-6.414 -56.283 0.00000 -0.00000 0 
-3.848 -56.283 0.00000 -0.00000 0 
-1.283 -56.283 0.00000 -0.00000 0 
1.283 -56.283 0.00000 -0.00000 0 
3.848 -56.283 0.00000 -0.00000 0 
6.414 -56.283 0.00000 -0.00000 0 
8.980 -56.283 0.00000 -0.00000 0 
11.545 -56.283 0.00000 -0.00000 0 
14.111 -56.283 0.00000 -0.00000 0 
16.676 -56.283 0.00000 -0.00000 0 
19.242 -56.283 0.00000 -0.00000 0 
21.808 -56.283 0.00000 -0.00000 0 
24.373 -56.283 0.00000 -0.00000 0 
26.939 -56.283 0.00000 -0.00000 0 
29.504 -56.283 0.00000 -0.00000 0 
32.070 -56.283 0.00000 -0.00000 0 
34.636 -56.283 0.00000 -0.00000 0 
37.201 -56.283 0.00000 -0.00000 0 
39.767 -56.283 0.00000 -0.00000 0 
42.332 -56.283 0.00000 -0.00000 0 
44.898 -56.283 0.00000 -0.00000 0 
47.464 -56.283 0.00000 -0.00000 0 
50.029 -56.283 0.00000 -0.00000 0 
52.595 -56.283 8.85256 -0.31875 2 
55.160 -56.283 8.87725 -0.21357 2 
57.726 -56.283 8.92260 -0.22481 2 
60.292 -56.283 8.87828 -0.12898 2 
62.857 -56.283 8.82320 -0.20854 2 
65.423 -56.283 8.85576 -0.03937 2 
67.988 -56.283 8.90888 -0.22172 2 
70.554 -56.283 8.88630 -0.08112 2 
73.120 -56.283 8.96571 -0.13399 2 
75.685 -56.283 8.86753 0.03699 2 
78.251 -56.283 8.88699 0.13213 2 
80.816 -56.283 8.95824 0.05660 2 
83.382 -56.283 8.92560 0.19485 2 
85.948 -56.283 8.87331 0.02185 2 
88.513 -56.283 0.00000 -0.00000 0 
91.079 -56.283 0.00000 -0.00000 0 
93.644 -56.283 0.00000 -0.00000 0 
96.210 -56.283 0.00000 -0.00000 0 
98.776 -56.283 0.00000 -0.00000 0 
101.341 -56.283 0.00000 -0.00000 0 
103.907 -56.283 0.00000 -0.00000 0 
106.472 -56.283 0.00000 -0.00000 0 
109.038 -56.283 0.00000 -0.00000 0 
111.603 -56.283 0.00000 -0.00000 0 
114.169 -56.283 0.00000 -0.00000 0 
116.735 -56.283 0.00000 -0.00000 0 
119.300 -56.283 0.00000 -0.00000 0 
