TITLE = "B00008"
VARIABLES = "X [mm]", "Y [mm]", "Vx [m/s]", "Vy [m/s]", "Flag"
ZONE T="Frame 1", I=51, J=39, F=POINT
-8.980 41.210 7.12569 0.27239 2 
-6.414 41.210 7.24641 0.25747 2 
-3.848 41.210 7.26138 0.31210 2 
-1.283 41.210 7.30849 0.37112 2 
1.283 41.210 7.35560 0.43013 2 
3.848 41.210 0.00000 -0.00000 0 
6.414 41.210 0.00000 -0.00000 0 
8.980 41.210 0.00000 -0.00000 0 
11.545 41.210 0.00000 -0.00000 0 
14.111 41.210 0.00000 -0.00000 0 
16.676 41.210 0.00000 -0.00000 0 
19.242 41.210 3.97268 0.30495 2 
21.808 41.210 7.94537 0.60990 2 
24.373 41.210 7.45306 0.76646 2 
26.939 41.210 7.45564 0.67646 2 
29.504 41.210 7.45823 0.58647 2 
32.070 41.210 7.61957 0.77783 2 
34.636 41.210 7.63933 0.80438 2 
37.201 41.210 7.65909 0.83092 2 
39.767 41.210 7.80367 0.75107 2 
42.332 41.210 7.68735 0.87790 2 
44.898 41.210 7.81152 0.89007 2 
47.464 41.210 7.92438 0.84244 2 
50.029 41.210 8.03725 0.79480 2 
52.595 41.210 8.08057 0.80177 2 
55.160 41.210 8.11814 1.00336 2 
57.726 41.210 8.18802 0.93845 2 
60.292 41.210 8.25789 0.87355 2 
62.857 41.210 8.20064 0.60271 2 
65.423 41.210 8.11849 0.87759 2 
67.988 41.210 8.53118 0.55044 2 
70.554 41.210 8.48408 0.59637 2 
73.120 41.210 8.43699 0.64231 2 
75.685 41.210 8.33291 0.53277 2 
78.251 41.210 8.66069 0.39560 2 
80.816 41.210 0.00000 0.00000 0 
83.382 41.210 8.58733 0.40369 2 
85.948 41.210 8.71512 0.44000 2 
88.513 41.210 8.56527 0.26500 2 
91.079 41.210 8.61602 0.23641 2 
93.644 41.210 8.66677 0.20781 2 
96.210 41.210 8.50847 -0.17449 2 
98.776 41.210 8.50076 -0.04699 2 
101.341 41.210 8.61583 -0.40050 2 
103.907 41.210 8.50443 -0.07129 2 
106.472 41.210 8.42220 -0.18524 2 
109.038 41.210 8.44077 -0.35832 2 
111.603 41.210 8.28689 -0.51621 2 
114.169 41.210 8.38740 -0.31776 2 
116.735 41.210 8.26340 -0.22277 2 
119.300 41.210 0.00000 -0.00000 0 
-8.980 38.644 7.35690 0.35739 2 
-6.414 38.644 7.19884 0.31003 2 
-3.848 38.644 7.21856 0.38718 2 
-1.283 38.644 7.22633 0.45668 2 
1.283 38.644 7.55194 0.41967 2 
3.848 38.644 0.00000 -0.00000 0 
6.414 38.644 0.00000 -0.00000 0 
8.980 38.644 0.00000 -0.00000 0 
11.545 38.644 0.00000 -0.00000 0 
14.111 38.644 0.00000 -0.00000 0 
16.676 38.644 0.00000 -0.00000 0 
19.242 38.644 3.96399 0.36242 2 
21.808 38.644 7.96459 0.79307 2 
24.373 38.644 7.35592 0.78270 2 
26.939 38.644 7.37519 0.76129 2 
29.504 38.644 7.42867 0.87094 2 
32.070 38.644 7.51346 0.93164 2 
34.636 38.644 7.66278 0.76585 2 
37.201 38.644 7.58039 0.90381 2 
39.767 38.644 7.69239 1.08433 2 
42.332 38.644 7.78603 0.84387 2 
44.898 38.644 7.87551 0.99841 2 
47.464 38.644 7.79619 0.65964 2 
50.029 38.644 7.95914 0.67327 2 
52.595 38.644 8.10187 1.00279 2 
55.160 38.644 8.15347 0.83584 2 
57.726 38.644 8.37524 0.78220 2 
60.292 38.644 8.11190 0.97691 2 
62.857 38.644 8.18188 0.76353 2 
65.423 38.644 8.34595 0.65866 2 
67.988 38.644 8.33686 0.83189 2 
70.554 38.644 8.42050 0.63414 2 
73.120 38.644 8.49954 0.72427 2 
75.685 38.644 8.60083 0.53379 2 
78.251 38.644 8.53459 0.50871 2 
80.816 38.644 0.00000 0.00000 0 
83.382 38.644 8.51078 0.27627 2 
85.948 38.644 8.63883 0.29592 2 
88.513 38.644 8.72792 0.24611 2 
91.079 38.644 8.88384 0.25191 2 
93.644 38.644 8.85434 0.08025 2 
96.210 38.644 8.59482 -0.09878 2 
98.776 38.644 8.55519 0.09742 2 
101.341 38.644 8.75777 -0.21989 2 
103.907 38.644 8.57626 -0.32842 2 
106.472 38.644 8.71124 -0.44182 2 
109.038 38.644 8.40760 -0.33404 2 
111.603 38.644 8.42974 -0.28907 2 
114.169 38.644 8.30381 -0.44752 2 
116.735 38.644 8.56773 -0.60494 2 
119.300 38.644 0.00000 -0.00000 0 
-8.980 36.079 7.26311 0.23367 2 
-6.414 36.079 7.26617 0.25325 2 
-3.848 36.079 7.20639 0.45901 2 
-1.283 36.079 7.17521 0.40325 2 
1.283 36.079 7.43116 0.40261 2 
3.848 36.079 0.00000 -0.00000 0 
6.414 36.079 0.00000 -0.00000 0 
8.980 36.079 0.00000 -0.00000 0 
11.545 36.079 0.00000 -0.00000 0 
14.111 36.079 0.00000 -0.00000 0 
16.676 36.079 0.00000 -0.00000 0 
19.242 36.079 3.95530 0.41990 2 
21.808 36.079 7.91061 0.83979 2 
24.373 36.079 7.35087 0.76691 2 
26.939 36.079 7.53104 0.88653 2 
29.504 36.079 7.51227 0.85646 2 
32.070 36.079 7.65423 0.88841 2 
34.636 36.079 7.52959 1.02637 2 
37.201 36.079 7.52299 0.75889 2 
39.767 36.079 7.68302 0.96800 2 
42.332 36.079 7.90122 0.79423 2 
44.898 36.079 7.69526 0.87049 2 
47.464 36.079 7.94094 0.82544 2 
50.029 36.079 7.98299 1.01823 2 
52.595 36.079 7.95223 0.85363 2 
55.160 36.079 8.19789 0.84850 2 
57.726 36.079 8.26484 0.84434 2 
60.292 36.079 8.33733 0.75636 2 
62.857 36.079 8.27714 0.92071 2 
65.423 36.079 8.48719 0.80745 2 
67.988 36.079 8.48496 0.86507 2 
70.554 36.079 8.59061 0.66599 2 
73.120 36.079 8.47973 0.81772 2 
75.685 36.079 8.48994 0.62825 2 
78.251 36.079 8.66091 0.53656 2 
80.816 36.079 0.00000 0.00000 0 
83.382 36.079 8.59094 0.47940 2 
85.948 36.079 8.70334 0.43248 2 
88.513 36.079 8.70084 0.25597 2 
91.079 36.079 8.81678 0.31454 2 
93.644 36.079 8.58764 0.14506 2 
96.210 36.079 8.74858 0.12739 2 
98.776 36.079 8.69564 -0.15324 2 
101.341 36.079 8.68152 -0.23775 2 
103.907 36.079 8.72846 -0.27696 2 
106.472 36.079 8.54504 -0.37939 2 
109.038 36.079 8.34403 -0.66991 2 
111.603 36.079 8.44986 -0.49884 2 
114.169 36.079 8.31141 -0.71776 2 
116.735 36.079 8.43588 -0.63749 2 
119.300 36.079 0.00000 -0.00000 0 
-8.980 33.513 7.22825 0.26899 2 
-6.414 33.513 7.14705 0.31532 2 
-3.848 33.513 7.02150 0.36972 2 
-1.283 33.513 7.18806 0.35852 2 
1.283 33.513 7.37293 0.51634 2 
3.848 33.513 0.00000 -0.00000 0 
6.414 33.513 0.00000 -0.00000 0 
8.980 33.513 0.00000 -0.00000 0 
11.545 33.513 0.00000 -0.00000 0 
14.111 33.513 0.00000 -0.00000 0 
16.676 33.513 0.00000 -0.00000 0 
19.242 33.513 3.94897 0.40318 2 
21.808 33.513 7.89794 0.80635 2 
24.373 33.513 7.38805 0.95442 2 
26.939 33.513 7.31878 0.79891 2 
29.504 33.513 7.31109 0.86065 2 
32.070 33.513 7.44968 1.01730 2 
34.636 33.513 7.52659 0.92705 2 
37.201 33.513 7.58326 1.05796 2 
39.767 33.513 7.61506 0.84708 2 
42.332 33.513 7.72379 1.08696 2 
44.898 33.513 7.91449 0.95308 2 
47.464 33.513 8.03544 0.94393 2 
50.029 33.513 7.93601 0.97958 2 
52.595 33.513 8.08404 0.96030 2 
55.160 33.513 8.09961 1.02488 2 
57.726 33.513 8.17854 1.06599 2 
60.292 33.513 8.24657 0.88132 2 
62.857 33.513 8.44416 0.92459 2 
65.423 33.513 8.21689 0.85841 2 
67.988 33.513 8.51941 0.95646 2 
70.554 33.513 8.64293 0.69957 2 
73.120 33.513 8.65003 0.70871 2 
75.685 33.513 8.65868 0.59642 2 
78.251 33.513 8.86228 0.65649 2 
80.816 33.513 0.00000 0.00000 0 
83.382 33.513 8.81209 0.50455 2 
85.948 33.513 8.81392 0.45029 2 
88.513 33.513 9.00674 0.28660 2 
91.079 33.513 8.86528 0.09505 2 
93.644 33.513 8.96974 0.07509 2 
96.210 33.513 8.95502 -0.15460 2 
98.776 33.513 8.85049 -0.36134 2 
101.341 33.513 8.76208 -0.28976 2 
103.907 33.513 8.64016 -0.33593 2 
106.472 33.513 8.68789 -0.47791 2 
109.038 33.513 8.58647 -0.65777 2 
111.603 33.513 8.35934 -0.66368 2 
114.169 33.513 8.39226 -0.71980 2 
116.735 33.513 8.30403 -0.67004 2 
119.300 33.513 0.00000 -0.00000 0 
-8.980 30.948 7.04183 0.29531 2 
-6.414 30.948 7.14361 0.31282 2 
-3.848 30.948 7.06927 0.42179 2 
-1.283 30.948 7.13989 0.41516 2 
1.283 30.948 7.31471 0.63007 2 
3.848 30.948 0.00000 -0.00000 0 
6.414 30.948 0.00000 -0.00000 0 
8.980 30.948 0.00000 -0.00000 0 
11.545 30.948 0.00000 -0.00000 0 
14.111 30.948 0.00000 -0.00000 0 
16.676 30.948 0.00000 -0.00000 0 
19.242 30.948 3.82041 0.42979 2 
21.808 30.948 7.64082 0.85958 2 
24.373 30.948 7.26553 0.94176 2 
26.939 30.948 7.35819 0.80129 2 
29.504 30.948 7.40691 1.17826 2 
32.070 30.948 7.27417 0.95301 2 
34.636 30.948 7.57241 0.86179 2 
37.201 30.948 7.64668 1.21048 2 
39.767 30.948 7.71441 1.02968 2 
42.332 30.948 7.64621 1.05031 2 
44.898 30.948 7.85484 1.15682 2 
47.464 30.948 7.94549 1.04421 2 
50.029 30.948 7.98318 1.09991 2 
52.595 30.948 8.12180 0.93565 2 
55.160 30.948 8.27426 1.07618 2 
57.726 30.948 8.25064 0.80006 2 
60.292 30.948 8.38418 1.03206 2 
62.857 30.948 8.29029 0.93459 2 
65.423 30.948 8.31923 0.81228 2 
67.988 30.948 8.57265 0.75665 2 
70.554 30.948 8.59419 0.98019 2 
73.120 30.948 8.47892 0.82117 2 
75.685 30.948 8.65448 0.80178 2 
78.251 30.948 8.63966 0.77663 2 
80.816 30.948 0.00000 0.00000 0 
83.382 30.948 8.90897 0.45995 2 
85.948 30.948 8.99910 0.29975 2 
88.513 30.948 8.72138 0.38839 2 
91.079 30.948 9.04336 0.08321 2 
93.644 30.948 8.89399 0.06649 2 
96.210 30.948 9.14019 -0.22583 2 
98.776 30.948 8.78257 -0.09972 2 
101.341 30.948 8.91102 -0.37241 2 
103.907 30.948 8.78481 -0.57668 2 
106.472 30.948 8.85821 -0.58598 2 
109.038 30.948 8.63956 -0.67155 2 
111.603 30.948 8.32612 -0.95138 2 
114.169 30.948 8.50151 -0.89354 2 
116.735 30.948 8.70590 -1.06566 2 
119.300 30.948 0.00000 -0.00000 0 
-8.980 28.382 7.10774 0.23181 2 
-6.414 28.382 7.13440 0.29553 2 
-3.848 28.382 7.10591 0.18909 2 
-1.283 28.382 6.90549 0.40250 2 
1.283 28.382 7.19923 0.49589 2 
3.848 28.382 3.61654 0.24508 2 
6.414 28.382 0.00000 -0.00000 0 
8.980 28.382 0.00000 -0.00000 0 
11.545 28.382 0.00000 -0.00000 0 
14.111 28.382 0.00000 -0.00000 0 
16.676 28.382 3.65362 0.44727 2 
19.242 28.382 7.30725 0.89454 2 
21.808 28.382 7.39997 1.20117 2 
24.373 28.382 7.29516 0.90861 2 
26.939 28.382 7.37529 0.95899 2 
29.504 28.382 7.40549 0.97647 2 
32.070 28.382 7.30024 1.22942 2 
34.636 28.382 7.39164 1.12610 2 
37.201 28.382 7.57683 0.98391 2 
39.767 28.382 7.66978 0.97066 2 
42.332 28.382 7.94595 1.02503 2 
44.898 28.382 7.93150 1.15341 2 
47.464 28.382 7.76637 1.05049 2 
50.029 28.382 7.94748 1.06891 2 
52.595 28.382 8.14715 1.03812 2 
55.160 28.382 8.15121 1.11870 2 
57.726 28.382 8.17900 1.00727 2 
60.292 28.382 8.39415 1.08350 2 
62.857 28.382 8.22989 0.96646 2 
65.423 28.382 8.52997 1.07466 2 
67.988 28.382 8.48307 0.83670 2 
70.554 28.382 8.55037 0.84983 2 
73.120 28.382 8.61212 0.80019 2 
75.685 28.382 8.85510 0.90482 2 
78.251 28.382 8.83204 0.73087 2 
80.816 28.382 8.61824 0.69398 2 
83.382 28.382 8.97590 0.62677 2 
85.948 28.382 9.33356 0.55956 2 
88.513 28.382 8.94454 0.29807 2 
91.079 28.382 9.15917 0.25175 2 
93.644 28.382 8.93237 0.02233 2 
96.210 28.382 9.05333 -0.14644 2 
98.776 28.382 8.91255 -0.22773 2 
101.341 28.382 8.95620 -0.52368 2 
103.907 28.382 8.97117 -0.32476 2 
106.472 28.382 8.80316 -0.58664 2 
109.038 28.382 8.83225 -0.71440 2 
111.603 28.382 8.84269 -0.99640 2 
114.169 28.382 8.40436 -0.93175 2 
116.735 28.382 8.69137 -1.24638 2 
119.300 28.382 0.00000 -0.00000 0 
-8.980 25.816 6.95538 0.21238 2 
-6.414 25.816 7.16381 0.21650 2 
-3.848 25.816 6.90618 0.23404 2 
-1.283 25.816 6.98230 0.37479 2 
1.283 25.816 6.95649 0.28495 2 
3.848 25.816 7.23308 0.49015 2 
6.414 25.816 0.00000 -0.00000 0 
8.980 25.816 0.00000 -0.00000 0 
11.545 25.816 0.00000 -0.00000 0 
14.111 25.816 0.00000 -0.00000 0 
16.676 25.816 3.77547 0.53190 2 
19.242 25.816 7.55095 1.06381 2 
21.808 25.816 7.11048 0.98684 2 
24.373 25.816 7.17658 1.03877 2 
26.939 25.816 7.32321 1.20283 2 
29.504 25.816 7.31275 1.02759 2 
32.070 25.816 7.45764 1.09612 2 
34.636 25.816 7.53408 1.07095 2 
37.201 25.816 7.58085 1.18691 2 
39.767 25.816 7.45337 1.11356 2 
42.332 25.816 7.77216 1.19067 2 
44.898 25.816 7.68798 1.14815 2 
47.464 25.816 7.97608 1.20894 2 
50.029 25.816 8.11578 0.96756 2 
52.595 25.816 8.26197 1.38303 2 
55.160 25.816 8.24363 1.18615 2 
57.726 25.816 8.27732 0.99344 2 
60.292 25.816 8.45768 1.03712 2 
62.857 25.816 8.62314 1.18902 2 
65.423 25.816 8.44603 1.04471 2 
67.988 25.816 8.73951 1.25784 2 
70.554 25.816 8.79593 1.03076 2 
73.120 25.816 8.63909 0.99090 2 
75.685 25.816 9.15063 0.88940 2 
78.251 25.816 8.74057 0.72348 2 
80.816 25.816 8.98576 0.91358 2 
83.382 25.816 0.00000 0.00000 0 
85.948 25.816 9.09909 0.49291 2 
88.513 25.816 9.12234 0.41370 2 
91.079 25.816 9.21461 0.15408 2 
93.644 25.816 9.28504 0.00231 2 
96.210 25.816 9.23851 -0.04780 2 
98.776 25.816 9.16744 -0.34254 2 
101.341 25.816 9.29663 -0.40607 2 
103.907 25.816 9.08093 -0.79826 2 
106.472 25.816 9.04544 -0.72604 2 
109.038 25.816 8.96446 -0.96575 2 
111.603 25.816 8.84675 -1.00621 2 
114.169 25.816 8.40800 -1.41463 2 
116.735 25.816 8.67683 -1.42710 2 
119.300 25.816 0.00000 -0.00000 0 
-8.980 23.251 6.93914 0.23276 2 
-6.414 23.251 6.96698 0.15646 2 
-3.848 23.251 6.95742 0.31330 2 
-1.283 23.251 6.92267 0.38799 2 
1.283 23.251 6.97854 0.43784 2 
3.848 23.251 7.32143 0.73441 2 
6.414 23.251 0.00000 -0.00000 0 
8.980 23.251 0.00000 -0.00000 0 
11.545 23.251 0.00000 -0.00000 0 
14.111 23.251 0.00000 -0.00000 0 
16.676 23.251 3.89732 0.61654 2 
19.242 23.251 7.79465 1.23307 2 
21.808 23.251 6.98420 1.11946 2 
24.373 23.251 7.18246 1.11079 2 
26.939 23.251 7.22734 1.01199 2 
29.504 23.251 7.30443 1.11362 2 
32.070 23.251 7.26469 1.13375 2 
34.636 23.251 7.46653 1.19405 2 
37.201 23.251 7.51562 1.31582 2 
39.767 23.251 7.73400 1.11440 2 
42.332 23.251 7.71414 1.25489 2 
44.898 23.251 7.80571 1.40061 2 
47.464 23.251 7.69653 1.20801 2 
50.029 23.251 7.96689 1.24548 2 
52.595 23.251 8.17561 0.82544 2 
55.160 23.251 8.12809 0.98219 2 
57.726 23.251 8.18665 1.12301 2 
60.292 23.251 8.43694 1.13224 2 
62.857 23.251 8.42823 1.24797 2 
65.423 23.251 8.48739 1.07553 2 
67.988 23.251 8.54818 0.94944 2 
70.554 23.251 8.64874 0.89750 2 
73.120 23.251 8.72679 0.82564 2 
75.685 23.251 8.79378 0.92523 2 
78.251 23.251 9.07420 1.02115 2 
80.816 23.251 9.26546 0.82663 2 
83.382 23.251 0.00000 0.00000 0 
85.948 23.251 6.74884 0.42990 2 
88.513 23.251 6.93124 0.35454 2 
91.079 23.251 9.34972 0.40269 2 
93.644 23.251 9.32612 0.18100 2 
96.210 23.251 9.29959 0.09415 2 
98.776 23.251 9.24789 -0.35869 2 
101.341 23.251 9.37996 -0.32411 2 
103.907 23.251 9.10472 -0.57550 2 
106.472 23.251 9.39232 -0.75086 2 
109.038 23.251 9.30153 -1.07772 2 
111.603 23.251 9.19461 -1.46046 2 
114.169 23.251 8.89546 -1.64097 2 
116.735 23.251 8.74189 -1.86726 2 
119.300 23.251 0.00000 -0.00000 0 
-8.980 20.685 6.93941 0.27876 2 
-6.414 20.685 6.97332 0.03472 2 
-3.848 20.685 7.02779 0.14215 2 
-1.283 20.685 6.88407 0.22352 2 
1.283 20.685 6.73279 0.44909 2 
3.848 20.685 7.38886 0.46734 2 
6.414 20.685 0.00000 -0.00000 0 
8.980 20.685 0.00000 -0.00000 0 
11.545 20.685 0.00000 -0.00000 0 
14.111 20.685 0.00000 -0.00000 0 
16.676 20.685 3.71708 0.56100 2 
19.242 20.685 7.43417 1.12200 2 
21.808 20.685 6.83626 1.08362 2 
24.373 20.685 7.14212 1.21558 2 
26.939 20.685 7.15669 1.20811 2 
29.504 20.685 7.26579 1.18429 2 
32.070 20.685 7.28777 1.39131 2 
34.636 20.685 7.38309 1.20497 2 
37.201 20.685 7.50288 1.49703 2 
39.767 20.685 7.68026 1.35012 2 
42.332 20.685 7.78029 1.42130 2 
44.898 20.685 7.69779 1.16010 2 
47.464 20.685 7.81319 1.45382 2 
50.029 20.685 7.97932 1.39057 2 
52.595 20.685 7.97153 1.38940 2 
55.160 20.685 8.34011 1.23981 2 
57.726 20.685 8.44904 1.20134 2 
60.292 20.685 8.51324 1.25135 2 
62.857 20.685 8.18200 1.30514 2 
65.423 20.685 9.03132 1.03141 2 
67.988 20.685 8.92179 1.37579 2 
70.554 20.685 9.01476 1.21739 2 
73.120 20.685 9.03738 1.13663 2 
75.685 20.685 9.04113 1.35750 2 
78.251 20.685 8.46574 0.74302 2 
80.816 20.685 9.86852 0.80217 2 
83.382 20.685 0.00000 0.00000 0 
85.948 20.685 0.00000 0.00000 0 
88.513 20.685 0.00000 0.00000 0 
91.079 20.685 9.75560 0.31244 2 
93.644 20.685 9.96642 0.13249 2 
96.210 20.685 9.39629 -0.19421 2 
98.776 20.685 9.48436 -0.44110 2 
101.341 20.685 9.35945 -0.39030 2 
103.907 20.685 9.43517 -0.57161 2 
106.472 20.685 9.46498 -0.33648 2 
109.038 20.685 9.77295 -1.25102 2 
111.603 20.685 9.46260 -1.69057 2 
114.169 20.685 9.04938 -2.24084 2 
116.735 20.685 9.46518 -2.75073 2 
119.300 20.685 0.00000 -0.00000 0 
-8.980 18.120 7.00286 -0.09841 2 
-6.414 18.120 6.82005 0.21052 2 
-3.848 18.120 6.87793 0.26525 2 
-1.283 18.120 6.82154 0.27693 2 
1.283 18.120 6.72444 0.36642 2 
3.848 18.120 6.99262 0.65251 2 
6.414 18.120 0.00000 -0.00000 0 
8.980 18.120 0.00000 -0.00000 0 
11.545 18.120 0.00000 -0.00000 0 
14.111 18.120 0.00000 -0.00000 0 
16.676 18.120 3.80256 0.54718 2 
19.242 18.120 7.60513 1.09436 2 
21.808 18.120 6.86047 1.17217 2 
24.373 18.120 7.05144 1.42183 2 
26.939 18.120 7.30210 1.37475 2 
29.504 18.120 7.34544 1.46168 2 
32.070 18.120 7.22861 1.49182 2 
34.636 18.120 7.42080 1.43952 2 
37.201 18.120 7.66803 1.47327 2 
39.767 18.120 7.63247 1.56363 2 
42.332 18.120 7.78046 1.27786 2 
44.898 18.120 7.88281 1.35500 2 
47.464 18.120 8.01666 1.59745 2 
50.029 18.120 7.86160 1.45870 2 
52.595 18.120 8.23407 1.29512 2 
55.160 18.120 8.31525 1.38937 2 
57.726 18.120 8.79472 1.26451 2 
60.292 18.120 8.79682 1.45565 2 
62.857 18.120 9.00248 1.47314 2 
65.423 18.120 4.51566 0.51571 2 
67.988 18.120 0.00000 -0.00000 0 
70.554 18.120 0.00000 -0.00000 0 
73.120 18.120 0.00000 -0.00000 0 
75.685 18.120 0.00000 -0.00000 0 
78.251 18.120 0.00000 -0.00000 0 
80.816 18.120 0.00000 -0.00000 0 
83.382 18.120 0.00000 -0.00000 0 
85.948 18.120 2.04833 0.30389 2 
88.513 18.120 2.54903 0.23621 2 
91.079 18.120 9.78827 0.28745 2 
93.644 18.120 10.11262 0.82232 2 
96.210 18.120 9.80005 -0.46060 2 
98.776 18.120 9.87830 -0.14611 2 
101.341 18.120 9.72344 -0.87752 2 
103.907 18.120 9.20339 -0.40686 2 
106.472 18.120 6.55620 0.15700 2 
109.038 18.120 9.80246 -0.79433 2 
111.603 18.120 9.12738 -0.00413 2 
114.169 18.120 9.87428 -3.73338 2 
116.735 18.120 8.66344 -3.87102 2 
119.300 18.120 0.00000 -0.00000 0 
-8.980 15.554 6.99132 0.11121 2 
-6.414 15.554 6.76010 0.10099 2 
-3.848 15.554 6.82033 0.14158 2 
-1.283 15.554 6.55896 0.35395 2 
1.283 15.554 6.72139 0.40440 2 
3.848 15.554 6.81765 0.25851 2 
6.414 15.554 0.00000 -0.00000 0 
8.980 15.554 0.00000 -0.00000 0 
11.545 15.554 0.00000 -0.00000 0 
14.111 15.554 0.00000 -0.00000 0 
16.676 15.554 3.64695 0.52078 2 
19.242 15.554 7.29390 1.04155 2 
21.808 15.554 6.81888 1.41957 2 
24.373 15.554 7.05777 1.43573 2 
26.939 15.554 6.96251 1.45621 2 
29.504 15.554 7.11080 1.52580 2 
32.070 15.554 7.23982 1.63088 2 
34.636 15.554 7.52699 1.47612 2 
37.201 15.554 7.25876 1.57317 2 
39.767 15.554 7.87739 1.47572 2 
42.332 15.554 7.76306 1.68008 2 
44.898 15.554 8.07908 1.44546 2 
47.464 15.554 8.18642 1.46478 2 
50.029 15.554 8.17394 1.61822 2 
52.595 15.554 7.96331 1.54962 2 
55.160 15.554 0.00000 -0.00000 0 
57.726 15.554 0.00000 -0.00000 0 
60.292 15.554 0.00000 -0.00000 0 
62.857 15.554 0.00000 -0.00000 0 
65.423 15.554 0.00000 -0.00000 0 
67.988 15.554 0.00000 -0.00000 0 
70.554 15.554 0.00000 -0.00000 0 
73.120 15.554 0.00000 -0.00000 0 
75.685 15.554 0.00000 -0.00000 0 
78.251 15.554 0.00000 -0.00000 0 
80.816 15.554 -0.75398 -0.06575 2 
83.382 15.554 -0.79507 -0.24531 2 
85.948 15.554 -1.92043 0.18386 2 
88.513 15.554 -1.05901 0.18420 2 
91.079 15.554 -1.35022 0.27606 2 
93.644 15.554 -0.58106 1.12548 2 
96.210 15.554 -2.87765 1.15897 2 
98.776 15.554 -1.07905 -1.23965 2 
101.341 15.554 4.61076 -0.04431 2 
103.907 15.554 4.59553 -1.56421 2 
106.472 15.554 3.64742 0.65048 2 
109.038 15.554 5.69411 -0.04401 2 
111.603 15.554 6.59038 -1.64040 2 
114.169 15.554 7.49925 -2.72647 2 
116.735 15.554 6.21246 -3.72292 2 
119.300 15.554 0.00000 -0.00000 0 
-8.980 12.988 6.86281 -0.05174 2 
-6.414 12.988 6.69794 -0.02910 2 
-3.848 12.988 6.59366 0.08210 2 
-1.283 12.988 6.60314 -0.00274 2 
1.283 12.988 6.59477 0.28218 2 
3.848 12.988 6.36382 0.25484 2 
6.414 12.988 0.00000 -0.00000 0 
8.980 12.988 0.00000 -0.00000 0 
11.545 12.988 0.00000 -0.00000 0 
14.111 12.988 0.00000 -0.00000 0 
16.676 12.988 0.00413 0.40204 2 
19.242 12.988 7.24158 1.39869 2 
21.808 12.988 6.89788 1.46700 2 
24.373 12.988 6.93945 1.61595 2 
26.939 12.988 6.95909 1.59545 2 
29.504 12.988 7.20169 1.67296 2 
32.070 12.988 7.67186 1.83242 2 
34.636 12.988 7.79942 1.87820 2 
37.201 12.988 8.48349 1.67585 2 
39.767 12.988 7.33137 1.56367 2 
42.332 12.988 0.00000 -0.00000 0 
44.898 12.988 0.00000 -0.00000 0 
47.464 12.988 0.00000 -0.00000 0 
50.029 12.988 0.00000 -0.00000 0 
52.595 12.988 0.00000 -0.00000 0 
55.160 12.988 0.00000 -0.00000 0 
57.726 12.988 0.00000 -0.00000 0 
60.292 12.988 0.00000 -0.00000 0 
62.857 12.988 0.00000 -0.00000 0 
65.423 12.988 0.00000 -0.00000 0 
67.988 12.988 0.00000 -0.00000 0 
70.554 12.988 0.00000 -0.00000 0 
73.120 12.988 0.00000 -0.00000 0 
75.685 12.988 0.25596 0.06541 2 
78.251 12.988 -0.38869 -0.04511 2 
80.816 12.988 -0.63929 -0.20928 2 
83.382 12.988 -1.00330 -0.17429 2 
85.948 12.988 -1.24522 -0.14137 2 
88.513 12.988 -1.14549 -0.11595 2 
91.079 12.988 -1.88399 0.71795 2 
93.644 12.988 -0.62987 0.98478 2 
96.210 12.988 -2.24015 1.85546 2 
98.776 12.988 -1.61939 2.08849 2 
101.341 12.988 -0.50192 0.78891 2 
103.907 12.988 1.35923 -0.62055 2 
106.472 12.988 3.65906 1.52927 2 
109.038 12.988 4.41293 0.92626 2 
111.603 12.988 4.52594 0.99536 2 
114.169 12.988 4.82551 -3.28968 2 
116.735 12.988 3.76149 -3.57481 2 
119.300 12.988 0.00000 -0.00000 0 
-8.980 10.423 6.90567 -0.13349 2 
-6.414 10.423 6.66656 -0.14899 2 
-3.848 10.423 6.66153 -0.11820 2 
-1.283 10.423 6.41329 0.04524 2 
1.283 10.423 6.43490 0.15535 2 
3.848 10.423 5.91000 0.25118 2 
6.414 10.423 2.95500 0.12559 2 
8.980 10.423 0.00000 -0.00000 0 
11.545 10.423 0.00000 -0.00000 0 
14.111 10.423 0.00000 -0.00000 0 
16.676 10.423 0.00275 0.26803 2 
19.242 10.423 3.62113 0.73285 2 
21.808 10.423 3.44894 0.73350 2 
24.373 10.423 7.25397 1.78869 2 
26.939 10.423 7.66035 1.88352 2 
29.504 10.423 8.60052 1.76635 2 
32.070 10.423 0.00000 -0.00000 0 
34.636 10.423 0.00000 -0.00000 0 
37.201 10.423 0.00000 -0.00000 0 
39.767 10.423 0.00000 -0.00000 0 
42.332 10.423 0.00000 -0.00000 0 
44.898 10.423 0.00000 -0.00000 0 
47.464 10.423 0.00000 -0.00000 0 
50.029 10.423 0.00000 -0.00000 0 
52.595 10.423 0.00000 -0.00000 0 
55.160 10.423 0.00000 -0.00000 0 
57.726 10.423 0.00000 -0.00000 0 
60.292 10.423 0.00000 -0.00000 0 
62.857 10.423 0.00000 -0.00000 0 
65.423 10.423 0.00000 -0.00000 0 
67.988 10.423 -0.52094 -0.18719 2 
70.554 10.423 -0.52116 -0.06460 2 
73.120 10.423 -0.47855 -0.41433 2 
75.685 10.423 -0.62797 -0.25227 2 
78.251 10.423 -0.77739 -0.09021 2 
80.816 10.423 -0.52460 -0.35281 2 
83.382 10.423 -1.21152 -0.10328 2 
85.948 10.423 -0.57001 -0.46661 2 
88.513 10.423 -1.23196 -0.41609 2 
91.079 10.423 -0.81391 1.34112 2 
93.644 10.423 -0.67868 0.84408 2 
96.210 10.423 -1.60264 2.55196 2 
98.776 10.423 -2.79656 2.08496 2 
101.341 10.423 -1.50895 1.53119 2 
103.907 10.423 -0.23360 2.15170 2 
106.472 10.423 2.07000 2.44992 2 
109.038 10.423 1.45235 1.94295 2 
111.603 10.423 0.51109 -2.85508 2 
114.169 10.423 1.23135 -2.85723 2 
116.735 10.423 1.31052 -3.42670 2 
119.300 10.423 0.00000 -0.00000 0 
-8.980 7.857 6.75333 -0.43056 2 
-6.414 7.857 6.63549 -0.23251 2 
-3.848 7.857 6.38585 -0.20740 2 
-1.283 7.857 6.32560 -0.18032 2 
1.283 7.857 6.14882 0.00937 2 
3.848 7.857 6.44513 0.15416 2 
6.414 7.857 3.22257 0.07708 2 
8.980 7.857 0.00000 -0.00000 0 
11.545 7.857 0.00000 -0.00000 0 
14.111 7.857 0.00000 -0.00000 2 
16.676 7.857 0.00138 0.13401 2 
19.242 7.857 0.00069 0.06701 2 
21.808 7.857 0.00000 -0.00000 0 
24.373 7.857 0.00000 -0.00000 0 
26.939 7.857 0.00000 -0.00000 0 
29.504 7.857 0.00000 -0.00000 0 
32.070 7.857 0.00000 -0.00000 0 
34.636 7.857 0.00000 -0.00000 0 
37.201 7.857 0.00000 -0.00000 0 
39.767 7.857 0.00000 -0.00000 0 
42.332 7.857 0.00000 -0.00000 0 
44.898 7.857 0.00000 -0.00000 0 
47.464 7.857 0.00000 -0.00000 0 
50.029 7.857 0.00000 -0.00000 0 
52.595 7.857 0.00000 -0.00000 0 
55.160 7.857 0.00000 -0.00000 0 
57.726 7.857 0.00000 -0.00000 0 
60.292 7.857 0.01529 -0.00564 2 
62.857 7.857 -0.34411 -0.17673 2 
65.423 7.857 -1.10110 -0.22353 2 
67.988 7.857 -1.55665 -0.42905 2 
70.554 7.857 -1.25688 -0.62885 2 
73.120 7.857 -0.95711 -0.82866 2 
75.685 7.857 -1.06159 -0.48199 2 
78.251 7.857 -1.16608 -0.13532 2 
80.816 7.857 -0.40992 -0.49634 2 
83.382 7.857 -0.74074 -0.73181 2 
85.948 7.857 -0.61052 -0.18626 2 
88.513 7.857 -0.66504 0.45165 2 
91.079 7.857 -1.25169 1.40117 2 
93.644 7.857 -2.16746 2.46302 2 
96.210 7.857 -1.62407 1.35049 2 
98.776 7.857 -2.76242 2.11677 2 
101.341 7.857 -2.51597 2.27347 2 
103.907 7.857 -1.34583 2.33574 2 
106.472 7.857 -3.45172 2.26881 2 
109.038 7.857 -2.46816 1.35175 2 
111.603 7.857 -0.91309 -0.49150 2 
114.169 7.857 -1.17111 -2.49062 2 
116.735 7.857 -1.42695 -3.88870 2 
119.300 7.857 -0.56141 -4.68654 2 
-8.980 5.292 6.77169 -0.36621 2 
-6.414 5.292 6.59630 -0.45305 2 
-3.848 5.292 6.38889 -0.41360 2 
-1.283 5.292 6.25334 -0.30542 2 
1.283 5.292 5.88199 -0.29627 2 
3.848 5.292 6.67400 0.12142 2 
6.414 5.292 1.61128 0.03854 2 
8.980 5.292 0.00000 -0.00000 0 
11.545 5.292 0.00000 -0.00000 0 
14.111 5.292 0.00000 -0.00000 0 
16.676 5.292 0.00000 -0.00000 0 
19.242 5.292 0.00000 -0.00000 0 
21.808 5.292 0.00000 -0.00000 0 
24.373 5.292 0.00000 -0.00000 0 
26.939 5.292 0.00000 -0.00000 0 
29.504 5.292 0.00000 -0.00000 0 
32.070 5.292 0.00000 -0.00000 0 
34.636 5.292 0.00000 -0.00000 0 
37.201 5.292 0.00000 -0.00000 0 
39.767 5.292 0.00000 -0.00000 0 
42.332 5.292 0.00000 -0.00000 0 
44.898 5.292 0.00000 -0.00000 0 
47.464 5.292 0.00000 -0.00000 0 
50.029 5.292 0.00000 -0.00000 0 
52.595 5.292 -0.35304 -0.05929 2 
55.160 5.292 -0.33206 0.08877 2 
57.726 5.292 -0.24980 -0.21919 2 
60.292 5.292 0.03059 -0.01127 2 
62.857 5.292 -0.78810 -0.50115 2 
65.423 5.292 -0.86047 -0.96688 2 
67.988 5.292 -1.06753 -0.74786 2 
70.554 5.292 -1.32374 -0.68630 2 
73.120 5.292 -1.56915 -0.45873 2 
75.685 5.292 -0.47433 -0.96832 2 
78.251 5.292 -0.46263 -0.45710 2 
80.816 5.292 -0.81815 -0.74836 2 
83.382 5.292 -0.64982 -1.11694 2 
85.948 5.292 -0.35984 -0.17973 2 
88.513 5.292 -0.15420 0.63628 2 
91.079 5.292 -0.54002 0.55797 2 
93.644 5.292 -1.69385 1.58526 2 
96.210 5.292 -3.89946 1.75617 2 
98.776 5.292 -3.49052 2.00383 2 
101.341 5.292 -3.08157 2.25150 2 
103.907 5.292 -1.81464 1.54430 2 
106.472 5.292 -4.31806 2.08286 2 
109.038 5.292 -3.09934 0.99830 2 
111.603 5.292 -3.68251 -0.63378 2 
114.169 5.292 -3.14750 -3.44589 2 
116.735 5.292 -3.10094 -3.87100 2 
119.300 5.292 -0.54131 -2.93926 2 
-8.980 2.726 6.80270 -0.51249 2 
-6.414 2.726 6.50137 -0.51988 2 
-3.848 2.726 6.37678 -0.63003 2 
-1.283 2.726 6.09286 -0.36800 2 
1.283 2.726 6.16451 -0.40928 2 
3.848 2.726 5.03572 -0.30432 2 
6.414 2.726 0.00000 -0.00000 0 
8.980 2.726 0.00000 -0.00000 0 
11.545 2.726 0.00000 -0.00000 0 
14.111 2.726 0.00000 -0.00000 0 
16.676 2.726 0.00000 -0.00000 0 
19.242 2.726 0.00000 -0.00000 0 
21.808 2.726 0.00000 -0.00000 0 
24.373 2.726 0.00000 -0.00000 0 
26.939 2.726 0.00000 -0.00000 0 
29.504 2.726 0.00000 -0.00000 0 
32.070 2.726 0.00000 -0.00000 0 
34.636 2.726 0.00000 -0.00000 0 
37.201 2.726 0.00000 -0.00000 0 
39.767 2.726 0.00000 -0.00000 0 
42.332 2.726 0.00000 -0.00000 0 
44.898 2.726 0.00000 -0.00000 0 
47.464 2.726 -0.64602 -0.32726 2 
50.029 2.726 -0.30137 -0.06671 2 
52.595 2.726 -0.70609 -0.11857 2 
55.160 2.726 -0.68383 -0.34845 2 
57.726 2.726 -0.66157 -0.57833 2 
60.292 2.726 -0.99736 -0.53246 2 
62.857 2.726 -0.61418 -0.57694 2 
65.423 2.726 -0.30061 -0.79624 2 
67.988 2.726 -0.57840 -1.06667 2 
70.554 2.726 -0.84541 -1.17111 2 
73.120 2.726 -0.87535 -0.24242 2 
75.685 2.726 -1.06579 -0.58024 2 
78.251 2.726 -1.21148 -0.54220 2 
80.816 2.726 -0.63044 -0.76174 2 
83.382 2.726 -0.38414 -0.69694 2 
85.948 2.726 -0.00515 -0.01569 2 
88.513 2.726 -0.14348 0.56904 2 
91.079 2.726 0.07627 0.28938 2 
93.644 2.726 0.31064 0.60782 2 
96.210 2.726 -1.99707 2.19921 2 
98.776 2.726 -2.82212 2.21437 2 
101.341 2.726 -3.64716 2.22953 2 
103.907 2.726 -2.28344 0.75285 2 
106.472 2.726 -2.14131 0.59176 2 
109.038 2.726 -3.73052 0.64486 2 
111.603 2.726 -4.36257 -1.15242 2 
114.169 2.726 -4.33682 -2.07413 2 
116.735 2.726 -2.01744 -2.23518 2 
119.300 2.726 -0.37255 -2.97481 2 
-8.980 0.160 6.60431 -0.63165 2 
-6.414 0.160 6.64047 -0.74497 2 
-3.848 0.160 6.50375 -0.78080 2 
-1.283 0.160 6.16015 -0.73946 2 
1.283 0.160 7.06316 -0.70342 2 
3.848 0.160 0.00000 -0.00000 0 
6.414 0.160 0.00000 -0.00000 0 
8.980 0.160 0.00000 -0.00000 0 
11.545 0.160 0.00000 -0.00000 0 
14.111 0.160 0.00000 -0.00000 0 
16.676 0.160 0.00000 -0.00000 0 
19.242 0.160 0.00000 -0.00000 0 
21.808 0.160 0.00000 -0.00000 0 
24.373 0.160 0.00000 -0.00000 0 
26.939 0.160 0.00000 -0.00000 0 
29.504 0.160 0.00000 -0.00000 0 
32.070 0.160 0.00000 -0.00000 0 
34.636 0.160 0.00000 -0.00000 0 
37.201 0.160 0.00000 -0.00000 0 
39.767 0.160 -0.63431 -0.21541 2 
42.332 0.160 -0.20117 -0.07835 2 
44.898 0.160 -1.22458 -0.62326 2 
47.464 0.160 -1.29205 -0.65452 2 
50.029 0.160 -1.42812 -0.73637 2 
52.595 0.160 -0.64164 -0.26741 2 
55.160 0.160 -0.49619 -0.20353 2 
57.726 0.160 -0.35074 -0.13965 2 
60.292 0.160 -0.41874 -0.51255 2 
62.857 0.160 -0.10163 -0.25193 2 
65.423 0.160 -0.36865 -0.66233 2 
67.988 0.160 -0.36786 -1.15912 2 
70.554 0.160 -0.36708 -1.65592 2 
73.120 0.160 -0.18155 -0.02611 2 
75.685 0.160 -0.76532 -0.18982 2 
78.251 0.160 -1.19466 -0.46518 2 
80.816 0.160 -0.97676 -0.57585 2 
83.382 0.160 -0.58205 -0.88412 2 
85.948 0.160 -0.21174 0.18025 2 
88.513 0.160 -0.13277 0.50181 2 
91.079 0.160 0.50513 0.17731 2 
93.644 0.160 0.68306 0.78048 2 
96.210 0.160 0.43068 0.05360 2 
98.776 0.160 -3.16779 0.46938 2 
101.341 0.160 -3.80107 2.18261 2 
103.907 0.160 -1.96757 0.45533 2 
106.472 0.160 -1.95125 -1.22359 2 
109.038 0.160 -2.29776 -1.08227 2 
111.603 0.160 -2.45618 -0.85534 2 
114.169 0.160 -2.82828 -1.74344 2 
116.735 0.160 -1.25897 -2.11851 2 
119.300 0.160 -0.20379 -3.01036 2 
-8.980 -2.405 6.70262 -0.80980 2 
-6.414 -2.405 6.70434 -0.80247 2 
-3.848 -2.405 6.54856 -0.93555 2 
-1.283 -2.405 6.39066 -0.94963 2 
1.283 -2.405 0.00000 -0.00000 0 
3.848 -2.405 0.00000 -0.00000 0 
6.414 -2.405 0.00000 -0.00000 0 
8.980 -2.405 0.00000 -0.00000 0 
11.545 -2.405 0.00000 -0.00000 0 
14.111 -2.405 0.00000 -0.00000 0 
16.676 -2.405 0.00000 -0.00000 0 
19.242 -2.405 0.00000 -0.00000 0 
21.808 -2.405 0.00000 -0.00000 0 
24.373 -2.405 0.00000 -0.00000 0 
26.939 -2.405 0.00000 -0.00000 0 
29.504 -2.405 0.00000 -0.00000 0 
32.070 -2.405 -0.03177 0.00072 2 
34.636 -2.405 -0.04766 0.00108 2 
37.201 -2.405 0.17430 -0.11428 2 
39.767 -2.405 -1.26863 -0.43083 2 
42.332 -2.405 -2.03725 -0.84543 2 
44.898 -2.405 -2.04695 -0.77157 2 
47.464 -2.405 -1.69068 -0.86391 2 
50.029 -2.405 -1.70415 -0.49992 2 
52.595 -2.405 -0.55359 -0.23527 2 
55.160 -2.405 -0.65238 0.22993 2 
57.726 -2.405 -0.56987 -0.24562 2 
60.292 -2.405 -0.49693 -0.40448 2 
62.857 -2.405 0.16535 -0.40731 2 
65.423 -2.405 0.43981 -0.66752 2 
67.988 -2.405 -0.36594 -1.61005 2 
70.554 -2.405 -0.17485 -1.66073 2 
73.120 -2.405 0.32473 -0.42126 2 
75.685 -2.405 -0.46486 0.20060 2 
78.251 -2.405 0.08026 -0.34857 2 
80.816 -2.405 -0.59288 -0.40282 2 
83.382 -2.405 -1.28295 -0.54097 2 
85.948 -2.405 -0.41834 0.37620 2 
88.513 -2.405 -0.35027 0.04536 2 
91.079 -2.405 0.13281 -0.02268 2 
93.644 -2.405 -0.55178 0.71202 2 
96.210 -2.405 0.18434 1.84952 2 
98.776 -2.405 0.99798 -0.07286 2 
101.341 -2.405 -1.57450 1.83501 2 
103.907 -2.405 -2.89679 -0.75495 2 
106.472 -2.405 -2.70262 -1.10017 2 
109.038 -2.405 -1.68470 -0.71512 2 
111.603 -2.405 -0.54979 -0.55826 2 
114.169 -2.405 -0.82691 -1.40290 2 
116.735 -2.405 -0.50050 -2.00184 2 
119.300 -2.405 -0.27542 -2.10670 2 
-8.980 -4.971 7.12582 -0.80949 2 
-6.414 -4.971 6.77460 -0.86889 2 
-3.848 -4.971 6.48781 -0.90248 2 
-1.283 -4.971 6.57070 -1.09079 2 
1.283 -4.971 0.00000 -0.00000 0 
3.848 -4.971 0.00000 -0.00000 0 
6.414 -4.971 0.00000 -0.00000 0 
8.980 -4.971 0.00000 -0.00000 0 
11.545 -4.971 0.00000 -0.00000 0 
14.111 -4.971 0.00000 -0.00000 0 
16.676 -4.971 0.00000 -0.00000 0 
19.242 -4.971 0.00000 -0.00000 0 
21.808 -4.971 0.00000 -0.00000 0 
24.373 -4.971 -0.80987 -0.51639 2 
26.939 -4.971 0.40130 -0.59987 2 
29.504 -4.971 0.12654 0.07830 2 
32.070 -4.971 -0.15981 -0.03594 2 
34.636 -4.971 -0.09532 0.00215 2 
37.201 -4.971 0.34860 -0.22856 2 
39.767 -4.971 -0.00234 -0.52586 2 
42.332 -4.971 -2.47702 -0.83320 2 
44.898 -4.971 -2.69806 -0.34267 2 
47.464 -4.971 -1.93184 -0.82716 2 
50.029 -4.971 -1.98019 -0.26347 2 
52.595 -4.971 -1.42706 -0.50376 2 
55.160 -4.971 -0.82811 0.17555 2 
57.726 -4.971 -0.56101 0.45122 2 
60.292 -4.971 0.37316 -0.12190 2 
62.857 -4.971 0.38165 -0.25850 2 
65.423 -4.971 0.69813 -0.53644 2 
67.988 -4.971 0.37436 -1.42615 2 
70.554 -4.971 0.01739 -1.66555 2 
73.120 -4.971 0.02049 -0.07557 2 
75.685 -4.971 0.65321 -0.11326 2 
78.251 -4.971 0.69621 -0.73194 2 
80.816 -4.971 0.45194 -0.87680 2 
83.382 -4.971 1.43849 -0.07892 2 
85.948 -4.971 0.90069 0.50709 2 
88.513 -4.971 0.02119 -0.35825 2 
91.079 -4.971 -0.23950 -0.22267 2 
93.644 -4.971 0.87136 0.05767 2 
96.210 -4.971 0.81219 1.36525 2 
98.776 -4.971 1.23853 1.56978 2 
101.341 -4.971 -0.46418 0.28230 2 
103.907 -4.971 -2.41867 -0.83098 2 
106.472 -4.971 -1.10958 -0.50587 2 
109.038 -4.971 -1.07164 -0.34798 2 
111.603 -4.971 -3.35306 -0.28932 2 
114.169 -4.971 0.33981 0.07771 2 
116.735 -4.971 2.07636 -0.90271 2 
119.300 -4.971 -0.34559 -0.96080 2 
-8.980 -7.536 7.08194 -0.92520 2 
-6.414 -7.536 7.02475 -1.12252 2 
-3.848 -7.536 6.73316 -1.27348 2 
-1.283 -7.536 6.56722 -1.30486 2 
1.283 -7.536 6.59117 -1.77403 2 
3.848 -7.536 0.00000 -0.00000 0 
6.414 -7.536 5.31398 -1.67067 2 
8.980 -7.536 6.07517 -3.67202 2 
11.545 -7.536 4.12675 -1.83494 2 
14.111 -7.536 -0.21989 -0.14018 2 
16.676 -7.536 -0.39154 0.05847 2 
19.242 -7.536 -0.97327 -0.30834 2 
21.808 -7.536 -1.57882 -0.72791 2 
24.373 -7.536 -1.61973 -1.03278 2 
26.939 -7.536 0.80260 -1.19974 2 
29.504 -7.536 0.25307 0.15659 2 
32.070 -7.536 -0.38412 -0.10998 2 
34.636 -7.536 0.55204 0.03618 2 
37.201 -7.536 1.66268 -0.19349 2 
39.767 -7.536 1.26395 -0.62089 2 
42.332 -7.536 0.47807 -0.38543 2 
44.898 -7.536 -1.21254 -0.86643 2 
47.464 -7.536 -1.26022 -0.04589 2 
50.029 -7.536 -1.54513 -0.11786 2 
52.595 -7.536 -2.09190 -0.41706 2 
55.160 -7.536 -1.48481 0.66055 2 
57.726 -7.536 -0.55214 1.14806 2 
60.292 -7.536 0.44789 0.59383 2 
62.857 -7.536 0.93381 -0.30711 2 
65.423 -7.536 0.95552 -0.72707 2 
67.988 -7.536 0.94840 -1.42663 2 
70.554 -7.536 1.44723 -1.14850 2 
73.120 -7.536 0.57561 -1.66865 2 
75.685 -7.536 -0.17409 -0.00398 2 
78.251 -7.536 0.60532 -0.78461 2 
80.816 -7.536 1.44914 -0.20817 2 
83.382 -7.536 1.24842 0.26034 2 
85.948 -7.536 0.72372 -0.28388 2 
88.513 -7.536 0.71330 0.07964 2 
91.079 -7.536 -0.35630 -0.08623 2 
93.644 -7.536 1.54392 1.71046 2 
96.210 -7.536 1.32140 1.31958 2 
98.776 -7.536 0.71130 0.48567 2 
101.341 -7.536 0.80480 1.18920 2 
103.907 -7.536 2.32853 0.34898 2 
106.472 -7.536 1.61556 -0.97888 2 
109.038 -7.536 2.55179 -0.84718 2 
111.603 -7.536 0.70720 0.22870 2 
114.169 -7.536 3.62461 -0.35106 2 
116.735 -7.536 3.00984 -0.03160 2 
119.300 -7.536 0.00000 -0.00000 0 
-8.980 -10.102 7.12835 -1.04806 2 
-6.414 -10.102 6.90004 -0.99032 2 
-3.848 -10.102 7.08063 -1.37580 2 
-1.283 -10.102 6.91383 -1.42148 2 
1.283 -10.102 6.83854 -1.84634 2 
3.848 -10.102 6.96291 -2.31324 2 
6.414 -10.102 7.19236 -2.66258 2 
8.980 -10.102 6.80903 -3.14072 2 
11.545 -10.102 8.25351 -3.66988 2 
14.111 -10.102 8.25331 -3.28387 2 
16.676 -10.102 7.45214 -1.46935 2 
19.242 -10.102 1.80524 -1.83381 2 
21.808 -10.102 3.96377 -1.45582 2 
24.373 -10.102 0.80891 -1.65002 2 
26.939 -10.102 1.20390 -1.79961 2 
29.504 -10.102 0.37961 0.23489 2 
32.070 -10.102 0.60949 0.07023 2 
34.636 -10.102 1.19941 0.07020 2 
37.201 -10.102 2.97676 -0.15842 2 
39.767 -10.102 2.53024 -0.71592 2 
42.332 -10.102 3.43316 0.06235 2 
44.898 -10.102 4.26069 0.16344 2 
47.464 -10.102 5.08821 0.26453 2 
50.029 -10.102 3.51780 -0.00840 2 
52.595 -10.102 2.86074 0.33917 2 
55.160 -10.102 2.68527 0.60897 2 
57.726 -10.102 0.82661 0.90722 2 
60.292 -10.102 1.69827 0.49424 2 
62.857 -10.102 2.57895 0.74814 2 
65.423 -10.102 1.93371 -0.65213 2 
67.988 -10.102 1.33078 -1.21069 2 
70.554 -10.102 2.08288 -1.23113 2 
73.120 -10.102 2.53021 0.00240 2 
75.685 -10.102 1.84840 0.25350 2 
78.251 -10.102 2.55414 -0.80172 2 
80.816 -10.102 1.62514 -0.04149 2 
83.382 -10.102 1.55515 0.55532 2 
85.948 -10.102 1.54180 -0.54882 2 
88.513 -10.102 2.77265 1.00109 2 
91.079 -10.102 1.99189 1.21320 2 
93.644 -10.102 1.16745 0.20443 2 
96.210 -10.102 1.83061 1.27391 2 
98.776 -10.102 5.36783 1.90405 2 
101.341 -10.102 4.40773 1.58820 2 
103.907 -10.102 4.72594 1.20500 2 
106.472 -10.102 5.13820 1.69248 2 
109.038 -10.102 4.76066 0.40002 2 
111.603 -10.102 4.85438 0.94151 2 
114.169 -10.102 4.25494 0.50803 2 
116.735 -10.102 3.94331 0.83950 2 
119.300 -10.102 0.00000 -0.00000 0 
-8.980 -12.668 7.28986 -0.90569 2 
-6.414 -12.668 7.25770 -1.12743 2 
-3.848 -12.668 7.01841 -1.26834 2 
-1.283 -12.668 7.19142 -1.42954 2 
1.283 -12.668 7.07506 -1.87854 2 
3.848 -12.668 7.26346 -2.05067 2 
6.414 -12.668 7.13529 -2.60767 2 
8.980 -12.668 7.54288 -2.60942 2 
11.545 -12.668 8.16422 -3.00647 2 
14.111 -12.668 9.01133 -2.86477 2 
16.676 -12.668 8.15985 -1.94809 2 
19.242 -12.668 9.39502 -2.42526 2 
21.808 -12.668 9.50636 -2.18372 2 
24.373 -12.668 9.37235 -2.44467 2 
26.939 -12.668 9.32231 -1.99211 2 
29.504 -12.668 9.74016 -1.12038 2 
32.070 -12.668 10.15800 -0.24864 2 
34.636 -12.668 4.00404 -1.13609 2 
37.201 -12.668 3.85479 -1.15430 2 
39.767 -12.668 5.06050 -1.57885 2 
42.332 -12.668 4.99907 -1.31557 2 
44.898 -12.668 5.74328 0.23191 2 
47.464 -12.668 7.36703 0.36393 2 
50.029 -12.668 6.42560 0.43283 2 
52.595 -12.668 7.81337 1.09540 2 
55.160 -12.668 6.85536 0.55738 2 
57.726 -12.668 5.13733 0.84016 2 
60.292 -12.668 2.37629 -0.27197 2 
62.857 -12.668 3.53179 -0.31857 2 
65.423 -12.668 3.32985 -0.70686 2 
67.988 -12.668 2.75355 -1.39954 2 
70.554 -12.668 2.23125 -0.51349 2 
73.120 -12.668 3.21123 -0.41318 2 
75.685 -12.668 3.43237 -0.29872 2 
78.251 -12.668 3.80663 -0.03666 2 
80.816 -12.668 5.25773 0.98894 2 
83.382 -12.668 4.66125 -1.10164 2 
85.948 -12.668 3.63922 0.01497 2 
88.513 -12.668 4.83199 1.92254 2 
91.079 -12.668 5.30283 3.60850 2 
93.644 -12.668 6.90662 1.76794 2 
96.210 -12.668 4.99955 1.91911 2 
98.776 -12.668 6.16076 2.37902 2 
101.341 -12.668 4.46535 1.25785 2 
103.907 -12.668 7.12335 2.06103 2 
106.472 -12.668 6.37585 1.73343 2 
109.038 -12.668 6.34082 0.11945 2 
111.603 -12.668 5.09680 0.56104 2 
114.169 -12.668 5.69747 0.19549 2 
116.735 -12.668 5.16673 0.67822 2 
119.300 -12.668 0.00000 -0.00000 0 
-8.980 -15.233 7.39428 -1.03473 2 
-6.414 -15.233 7.15169 -1.13830 2 
-3.848 -15.233 7.27337 -1.27285 2 
-1.283 -15.233 7.27575 -1.50251 2 
1.283 -15.233 7.29047 -1.73561 2 
3.848 -15.233 7.40306 -2.04392 2 
6.414 -15.233 7.41790 -2.15383 2 
8.980 -15.233 7.86501 -2.30903 2 
11.545 -15.233 8.35300 -2.40645 2 
14.111 -15.233 8.65981 -2.41302 2 
16.676 -15.233 8.86755 -2.42684 2 
19.242 -15.233 8.90917 -2.29708 2 
21.808 -15.233 9.34281 -2.16078 2 
24.373 -15.233 9.43751 -2.04420 2 
26.939 -15.233 9.40013 -1.81598 2 
29.504 -15.233 9.43631 -1.52292 2 
32.070 -15.233 9.50132 -1.18263 2 
34.636 -15.233 9.47590 -1.54908 2 
37.201 -15.233 6.92197 -1.22764 2 
39.767 -15.233 8.84408 -0.57164 2 
42.332 -15.233 9.71748 -1.65661 2 
44.898 -15.233 10.48342 0.77646 2 
47.464 -15.233 9.64585 0.46332 2 
50.029 -15.233 10.06348 0.44878 2 
52.595 -15.233 8.87240 0.71286 2 
55.160 -15.233 9.21802 0.06275 2 
57.726 -15.233 9.44805 0.77309 2 
60.292 -15.233 8.32590 0.26560 2 
62.857 -15.233 7.46757 -0.03505 2 
65.423 -15.233 5.67740 -1.07794 2 
67.988 -15.233 3.79602 -1.43028 2 
70.554 -15.233 3.48268 -0.81841 2 
73.120 -15.233 5.12391 -0.35906 2 
75.685 -15.233 5.01634 -0.85094 2 
78.251 -15.233 4.33894 -0.36980 2 
80.816 -15.233 7.05932 -0.32617 2 
83.382 -15.233 4.87723 0.84010 2 
85.948 -15.233 5.73664 0.57876 2 
88.513 -15.233 7.11383 2.79048 2 
91.079 -15.233 7.42489 2.99886 2 
93.644 -15.233 7.78466 2.79639 2 
96.210 -15.233 8.16850 2.56432 2 
98.776 -15.233 8.07425 1.50543 2 
101.341 -15.233 8.51643 1.23948 2 
103.907 -15.233 7.47710 1.70583 2 
106.472 -15.233 7.35728 1.27291 2 
109.038 -15.233 7.75269 0.87939 2 
111.603 -15.233 7.20027 0.65269 2 
114.169 -15.233 7.69484 0.48490 2 
116.735 -15.233 7.29220 0.87797 2 
119.300 -15.233 0.00000 -0.00000 0 
-8.980 -17.799 7.29289 -0.88220 2 
-6.414 -17.799 7.38992 -1.16332 2 
-3.848 -17.799 7.33319 -1.35105 2 
-1.283 -17.799 7.34963 -1.60086 2 
1.283 -17.799 7.42451 -1.59595 2 
3.848 -17.799 7.59418 -1.81303 2 
6.414 -17.799 7.78098 -1.93451 2 
8.980 -17.799 7.98025 -2.25670 2 
11.545 -17.799 8.39510 -2.14594 2 
14.111 -17.799 8.71498 -2.21306 2 
16.676 -17.799 8.72854 -2.28038 2 
19.242 -17.799 8.97337 -2.05697 2 
21.808 -17.799 9.16418 -2.10083 2 
24.373 -17.799 9.31096 -1.95406 2 
26.939 -17.799 9.47795 -1.63985 2 
29.504 -17.799 9.48528 -1.39400 2 
32.070 -17.799 9.38730 -1.31864 2 
34.636 -17.799 9.50642 -1.57688 2 
37.201 -17.799 9.98915 -1.30098 2 
39.767 -17.799 10.20721 -0.83433 2 
42.332 -17.799 10.32192 -0.99901 2 
44.898 -17.799 10.47039 -0.48041 2 
47.464 -17.799 10.34756 -0.15529 2 
50.029 -17.799 10.16753 0.28145 2 
52.595 -17.799 9.93142 0.33033 2 
55.160 -17.799 9.50829 0.24412 2 
57.726 -17.799 9.35910 0.18292 2 
60.292 -17.799 9.11977 0.03743 2 
62.857 -17.799 8.83708 -0.67237 2 
65.423 -17.799 7.58379 -0.93968 2 
67.988 -17.799 9.22820 -1.06208 2 
70.554 -17.799 9.35937 -0.63536 2 
73.120 -17.799 7.66841 -1.21119 2 
75.685 -17.799 7.64539 -0.50449 2 
78.251 -17.799 4.87126 -0.70293 2 
80.816 -17.799 7.74554 -0.41750 2 
83.382 -17.799 5.24896 -0.06695 2 
85.948 -17.799 8.92392 0.50495 2 
88.513 -17.799 8.98144 3.03218 2 
91.079 -17.799 8.76644 2.44897 2 
93.644 -17.799 8.95109 2.37525 2 
96.210 -17.799 8.49809 1.97026 2 
98.776 -17.799 8.41254 1.59831 2 
101.341 -17.799 8.44107 1.20024 2 
103.907 -17.799 8.55492 1.19409 2 
106.472 -17.799 8.33871 0.81240 2 
109.038 -17.799 8.82123 0.77837 2 
111.603 -17.799 9.30375 0.74435 2 
114.169 -17.799 8.91201 1.01769 2 
116.735 -17.799 9.41766 1.07772 2 
119.300 -17.799 0.00000 -0.00000 0 
-8.980 -20.364 7.32320 -1.01268 2 
-6.414 -20.364 7.42835 -1.18649 2 
-3.848 -20.364 7.39577 -1.23382 2 
-1.283 -20.364 7.60561 -1.39477 2 
1.283 -20.364 7.52905 -1.65040 2 
3.848 -20.364 7.73357 -1.69784 2 
6.414 -20.364 7.92831 -1.73312 2 
8.980 -20.364 8.13783 -1.88574 2 
11.545 -20.364 8.28403 -2.07529 2 
14.111 -20.364 8.52922 -2.02705 2 
16.676 -20.364 8.75768 -1.88931 2 
19.242 -20.364 8.83898 -1.98041 2 
21.808 -20.364 8.98982 -1.81426 2 
24.373 -20.364 9.03401 -1.63188 2 
26.939 -20.364 9.18964 -1.59856 2 
29.504 -20.364 9.27491 -1.41110 2 
32.070 -20.364 9.43109 -1.35708 2 
34.636 -20.364 9.69840 -1.24194 2 
37.201 -20.364 9.83167 -1.14003 2 
39.767 -20.364 9.85635 -1.01018 2 
42.332 -20.364 10.01255 -0.77279 2 
44.898 -20.364 10.09369 -0.78184 2 
47.464 -20.364 10.05380 -0.27718 2 
50.029 -20.364 9.91853 -0.09300 2 
52.595 -20.364 9.67836 0.12414 2 
55.160 -20.364 9.55168 -0.08126 2 
57.726 -20.364 9.38374 0.07688 2 
60.292 -20.364 9.12227 -0.28787 2 
62.857 -20.364 9.13720 -0.55668 2 
65.423 -20.364 9.49018 -0.80142 2 
67.988 -20.364 9.74191 -1.02268 2 
70.554 -20.364 10.08498 -0.90202 2 
73.120 -20.364 9.30087 -0.77223 2 
75.685 -20.364 10.27444 -0.15804 2 
78.251 -20.364 10.01686 0.09595 2 
80.816 -20.364 8.43176 -0.50884 2 
83.382 -20.364 8.08697 -0.24600 2 
85.948 -20.364 8.63708 1.68123 2 
88.513 -20.364 9.34538 1.65436 2 
91.079 -20.364 9.35396 2.05231 2 
93.644 -20.364 9.13115 1.87129 2 
96.210 -20.364 8.97790 1.77503 2 
98.776 -20.364 8.65759 1.45276 2 
101.341 -20.364 8.73798 1.27192 2 
103.907 -20.364 8.63304 0.94330 2 
106.472 -20.364 8.71572 0.81889 2 
109.038 -20.364 8.81523 0.81925 2 
111.603 -20.364 8.96911 0.92502 2 
114.169 -20.364 9.01230 1.14257 2 
116.735 -20.364 8.79756 1.36761 2 
119.300 -20.364 0.00000 -0.00000 0 
-8.980 -22.930 7.53369 -1.12147 2 
-6.414 -22.930 7.46073 -0.88789 2 
-3.848 -22.930 7.51172 -1.21279 2 
-1.283 -22.930 7.76197 -1.39148 2 
1.283 -22.930 7.77876 -1.39491 2 
3.848 -22.930 7.77034 -1.47876 2 
6.414 -22.930 8.02090 -1.69722 2 
8.980 -22.930 8.26435 -1.70029 2 
11.545 -22.930 8.34220 -1.68862 2 
14.111 -22.930 8.53112 -1.70689 2 
16.676 -22.930 8.69851 -1.75189 2 
19.242 -22.930 8.76882 -1.66691 2 
21.808 -22.930 8.95668 -1.52104 2 
24.373 -22.930 9.10769 -1.62577 2 
26.939 -22.930 9.15431 -1.41255 2 
29.504 -22.930 9.20175 -1.36894 2 
32.070 -22.930 9.38211 -1.11161 2 
34.636 -22.930 9.33905 -1.04120 2 
37.201 -22.930 9.75113 -1.00699 2 
39.767 -22.930 9.67120 -0.90952 2 
42.332 -22.930 9.68689 -0.80298 2 
44.898 -22.930 9.82559 -0.74081 2 
47.464 -22.930 9.80577 -0.32863 2 
50.029 -22.930 9.72910 -0.33567 2 
52.595 -22.930 9.53609 -0.32031 2 
55.160 -22.930 9.40084 -0.22812 2 
57.726 -22.930 9.41654 -0.17158 2 
60.292 -22.930 9.41093 -0.18375 2 
62.857 -22.930 9.41653 -0.38846 2 
65.423 -22.930 9.34723 -0.24746 2 
67.988 -22.930 9.48860 -0.50404 2 
70.554 -22.930 9.70545 -0.51972 2 
73.120 -22.930 9.96781 -0.41467 2 
75.685 -22.930 9.96927 -0.51026 2 
78.251 -22.930 9.91663 -0.36219 2 
80.816 -22.930 10.13570 -0.06269 2 
83.382 -22.930 9.05683 0.24336 2 
85.948 -22.930 9.24713 1.26469 2 
88.513 -22.930 9.71828 1.51625 2 
91.079 -22.930 9.25031 1.46686 2 
93.644 -22.930 9.09403 1.53132 2 
96.210 -22.930 8.97677 1.37030 2 
98.776 -22.930 8.82277 1.26333 2 
101.341 -22.930 8.74071 1.19495 2 
103.907 -22.930 8.65025 1.02695 2 
106.472 -22.930 8.88847 0.93799 2 
109.038 -22.930 8.57125 0.93316 2 
111.603 -22.930 8.83218 0.79371 2 
114.169 -22.930 8.80559 1.03380 2 
116.735 -22.930 8.88049 1.18773 2 
119.300 -22.930 0.00000 -0.00000 0 
-8.980 -25.496 7.69383 -0.98799 2 
-6.414 -25.496 7.72828 -1.01640 2 
-3.848 -25.496 7.67034 -1.19005 2 
-1.283 -25.496 7.61488 -1.25767 2 
1.283 -25.496 7.79832 -1.39941 2 
3.848 -25.496 8.02577 -1.35722 2 
6.414 -25.496 8.08896 -1.39932 2 
8.980 -25.496 8.15391 -1.64997 2 
11.545 -25.496 8.39464 -1.55856 2 
14.111 -25.496 8.58100 -1.60071 2 
16.676 -25.496 8.67343 -1.59397 2 
19.242 -25.496 8.88081 -1.50120 2 
21.808 -25.496 8.87352 -1.45247 2 
24.373 -25.496 8.92962 -1.47625 2 
26.939 -25.496 9.06812 -1.28434 2 
29.504 -25.496 9.09088 -1.17789 2 
32.070 -25.496 9.17020 -1.00797 2 
34.636 -25.496 9.48815 -1.07178 2 
37.201 -25.496 9.39819 -0.93508 2 
39.767 -25.496 9.54626 -0.91289 2 
42.332 -25.496 9.41064 -0.82803 2 
44.898 -25.496 9.53943 -0.68000 2 
47.464 -25.496 9.66521 -0.59644 2 
50.029 -25.496 9.57549 -0.51605 2 
52.595 -25.496 9.50030 -0.25820 2 
55.160 -25.496 9.49311 -0.20160 2 
57.726 -25.496 9.40684 -0.19019 2 
60.292 -25.496 9.49094 -0.12248 2 
62.857 -25.496 9.44960 -0.31223 2 
65.423 -25.496 9.60895 -0.17191 2 
67.988 -25.496 9.47340 -0.39393 2 
70.554 -25.496 9.66436 -0.22356 2 
73.120 -25.496 9.77963 -0.11317 2 
75.685 -25.496 9.76202 0.03364 2 
78.251 -25.496 9.95955 0.07846 2 
80.816 -25.496 10.05047 0.33839 2 
83.382 -25.496 10.02669 0.73271 2 
85.948 -25.496 9.85718 0.84815 2 
88.513 -25.496 9.52709 1.05624 2 
91.079 -25.496 9.28169 1.22303 2 
93.644 -25.496 9.19913 1.07092 2 
96.210 -25.496 8.89639 1.12304 2 
98.776 -25.496 9.00605 1.15821 2 
101.341 -25.496 8.81140 0.92558 2 
103.907 -25.496 8.86024 1.03314 2 
106.472 -25.496 8.77110 0.87999 2 
109.038 -25.496 8.99039 0.92582 2 
111.603 -25.496 8.72974 1.08537 2 
114.169 -25.496 8.76166 1.02273 2 
116.735 -25.496 8.99780 1.00154 2 
119.300 -25.496 0.00000 -0.00000 0 
-8.980 -28.061 7.65498 -0.94732 2 
-6.414 -28.061 7.85964 -1.01407 2 
-3.848 -28.061 7.71213 -1.02827 2 
-1.283 -28.061 7.78899 -1.29062 2 
1.283 -28.061 7.85255 -1.02471 2 
3.848 -28.061 8.07526 -1.38702 2 
6.414 -28.061 7.99841 -1.23024 2 
8.980 -28.061 8.12826 -1.36163 2 
11.545 -28.061 8.47829 -1.42528 2 
14.111 -28.061 8.43685 -1.35590 2 
16.676 -28.061 8.68900 -1.43738 2 
19.242 -28.061 8.81887 -1.36741 2 
21.808 -28.061 8.75618 -1.31377 2 
24.373 -28.061 8.93683 -1.19772 2 
26.939 -28.061 8.94038 -1.21691 2 
29.504 -28.061 9.21599 -1.04074 2 
32.070 -28.061 9.14482 -1.14326 2 
34.636 -28.061 9.29392 -0.96006 2 
37.201 -28.061 9.45306 -0.97265 2 
39.767 -28.061 9.29323 -0.83283 2 
42.332 -28.061 9.41708 -0.77299 2 
44.898 -28.061 9.48606 -0.72512 2 
47.464 -28.061 9.44727 -0.51445 2 
50.029 -28.061 9.36943 -0.44036 2 
52.595 -28.061 9.37195 -0.30498 2 
55.160 -28.061 9.49247 -0.38479 2 
57.726 -28.061 9.39648 -0.26905 2 
60.292 -28.061 9.39387 -0.33464 2 
62.857 -28.061 9.39295 -0.21468 2 
65.423 -28.061 9.39626 -0.23817 2 
67.988 -28.061 9.40268 -0.12945 2 
70.554 -28.061 9.67900 0.03744 2 
73.120 -28.061 9.64835 0.02926 2 
75.685 -28.061 9.69209 0.15014 2 
78.251 -28.061 9.78249 0.21525 2 
80.816 -28.061 9.72135 0.50906 2 
83.382 -28.061 9.75595 0.56192 2 
85.948 -28.061 9.62954 0.94257 2 
88.513 -28.061 9.38967 0.94173 2 
91.079 -28.061 9.40426 0.90155 2 
93.644 -28.061 9.11838 1.10774 2 
96.210 -28.061 9.02208 1.05677 2 
98.776 -28.061 9.08214 0.94644 2 
101.341 -28.061 8.86634 0.92850 2 
103.907 -28.061 8.79188 1.08350 2 
106.472 -28.061 8.69759 0.76492 2 
109.038 -28.061 8.83312 1.09225 2 
111.603 -28.061 8.79083 0.85770 2 
114.169 -28.061 8.60284 0.99920 2 
116.735 -28.061 8.96616 1.18023 2 
119.300 -28.061 0.00000 -0.00000 0 
-8.980 -30.627 7.86768 -0.98214 2 
-6.414 -30.627 7.64729 -0.94795 2 
-3.848 -30.627 7.77441 -1.04056 2 
-1.283 -30.627 7.96578 -0.99343 2 
1.283 -30.627 8.08547 -1.12185 2 
3.848 -30.627 7.90221 -1.24553 2 
6.414 -30.627 8.19211 -1.16577 2 
8.980 -30.627 8.35591 -1.21821 2 
11.545 -30.627 8.40478 -1.17023 2 
14.111 -30.627 8.49243 -1.21982 2 
16.676 -30.627 8.57897 -1.28474 2 
19.242 -30.627 8.76139 -1.30716 2 
21.808 -30.627 8.91673 -1.12918 2 
24.373 -30.627 8.80443 -1.02271 2 
26.939 -30.627 8.90628 -1.17531 2 
29.504 -30.627 8.97074 -0.99934 2 
32.070 -30.627 9.11025 -1.07408 2 
34.636 -30.627 9.00436 -0.92981 2 
37.201 -30.627 9.25843 -0.75183 2 
39.767 -30.627 9.17451 -0.82841 2 
42.332 -30.627 9.32216 -0.64531 2 
44.898 -30.627 9.35787 -0.77008 2 
47.464 -30.627 9.27449 -0.40342 2 
50.029 -30.627 9.44470 -0.50893 2 
52.595 -30.627 9.31753 -0.47894 2 
55.160 -30.627 9.45508 -0.29193 2 
57.726 -30.627 9.48723 -0.46716 2 
60.292 -30.627 9.37613 -0.26763 2 
62.857 -30.627 9.53042 -0.05101 2 
65.423 -30.627 9.34807 -0.28799 2 
67.988 -30.627 9.52943 -0.15544 2 
70.554 -30.627 9.54396 0.08865 2 
73.120 -30.627 9.62216 0.03853 2 
75.685 -30.627 9.47348 0.25682 2 
78.251 -30.627 9.49704 0.32388 2 
80.816 -30.627 9.65661 0.37570 2 
83.382 -30.627 9.47169 0.51422 2 
85.948 -30.627 9.42658 0.65936 2 
88.513 -30.627 9.41060 0.75639 2 
91.079 -30.627 9.14919 0.83859 2 
93.644 -30.627 9.16580 0.96080 2 
96.210 -30.627 9.04811 0.85619 2 
98.776 -30.627 9.05939 0.76028 2 
101.341 -30.627 8.87960 0.89057 2 
103.907 -30.627 8.64634 0.94130 2 
106.472 -30.627 8.80244 1.10766 2 
109.038 -30.627 8.68319 0.91535 2 
111.603 -30.627 8.67872 0.95322 2 
114.169 -30.627 8.81170 1.01578 2 
116.735 -30.627 8.85240 0.94595 2 
119.300 -30.627 0.00000 -0.00000 0 
-8.980 -33.192 7.67525 -0.84567 2 
-6.414 -33.192 7.78089 -1.04641 2 
-3.848 -33.192 7.96944 -0.98263 2 
-1.283 -33.192 8.00425 -1.03466 2 
1.283 -33.192 7.91623 -0.98309 2 
3.848 -33.192 8.19909 -1.16463 2 
6.414 -33.192 8.24427 -1.11306 2 
8.980 -33.192 8.28083 -1.23212 2 
11.545 -33.192 8.27824 -1.15332 2 
14.111 -33.192 8.49889 -1.21014 2 
16.676 -33.192 8.56001 -1.06310 2 
19.242 -33.192 8.58619 -1.15900 2 
21.808 -33.192 8.64678 -1.09273 2 
24.373 -33.192 8.77791 -0.94308 2 
26.939 -33.192 8.86011 -1.01587 2 
29.504 -33.192 8.95674 -1.02820 2 
32.070 -33.192 9.06211 -0.83278 2 
34.636 -33.192 9.08803 -1.02420 2 
37.201 -33.192 9.19696 -0.80015 2 
39.767 -33.192 9.24325 -0.70644 2 
42.332 -33.192 9.27808 -0.83182 2 
44.898 -33.192 9.29734 -0.61726 2 
47.464 -33.192 9.18169 -0.60578 2 
50.029 -33.192 9.42890 -0.47650 2 
52.595 -33.192 9.21768 -0.46176 2 
55.160 -33.192 9.29445 -0.41529 2 
57.726 -33.192 9.46810 -0.14516 2 
60.292 -33.192 9.27302 -0.24510 2 
62.857 -33.192 9.30805 -0.26968 2 
65.423 -33.192 9.32877 -0.17279 2 
67.988 -33.192 9.45318 0.04409 2 
70.554 -33.192 9.27158 0.10258 2 
73.120 -33.192 9.42466 0.01861 2 
75.685 -33.192 9.44467 0.35213 2 
78.251 -33.192 9.50749 0.48161 2 
80.816 -33.192 9.36220 0.27950 2 
83.382 -33.192 9.42688 0.66694 2 
85.948 -33.192 9.24225 0.62856 2 
88.513 -33.192 9.32067 0.74965 2 
91.079 -33.192 9.15934 0.72303 2 
93.644 -33.192 9.02216 0.83904 2 
96.210 -33.192 9.04107 0.72996 2 
98.776 -33.192 8.90133 1.05449 2 
101.341 -33.192 8.78796 0.83742 2 
103.907 -33.192 8.92694 0.84744 2 
106.472 -33.192 8.76607 0.82569 2 
109.038 -33.192 8.70884 0.88309 2 
111.603 -33.192 8.75066 0.89723 2 
114.169 -33.192 8.50942 0.82491 2 
116.735 -33.192 8.73864 0.71167 2 
119.300 -33.192 0.00000 -0.00000 0 
-8.980 -35.758 7.83745 -0.78561 2 
-6.414 -35.758 7.91964 -0.84238 2 
-3.848 -35.758 7.96538 -0.94937 2 
-1.283 -35.758 8.05668 -0.94967 2 
1.283 -35.758 8.16297 -0.98646 2 
3.848 -35.758 7.99745 -1.08555 2 
6.414 -35.758 8.19109 -1.06145 2 
8.980 -35.758 8.51584 -1.09720 2 
11.545 -35.758 8.39956 -1.05046 2 
14.111 -35.758 8.45835 -1.01295 2 
16.676 -35.758 8.67316 -1.23277 2 
19.242 -35.758 8.72683 -0.98247 2 
21.808 -35.758 8.73669 -1.05103 2 
24.373 -35.758 8.82695 -0.95314 2 
26.939 -35.758 8.77031 -0.88083 2 
29.504 -35.758 8.99413 -0.98863 2 
32.070 -35.758 8.85292 -0.96733 2 
34.636 -35.758 9.05682 -0.80057 2 
37.201 -35.758 9.08834 -0.79548 2 
39.767 -35.758 9.02288 -0.81719 2 
42.332 -35.758 9.20135 -0.59244 2 
44.898 -35.758 9.28144 -0.61026 2 
47.464 -35.758 9.16417 -0.61810 2 
50.029 -35.758 9.26668 -0.59295 2 
52.595 -35.758 9.16179 -0.39083 2 
55.160 -35.758 9.12247 -0.32857 2 
57.726 -35.758 9.26703 -0.26788 2 
60.292 -35.758 9.38611 -0.24489 2 
62.857 -35.758 9.24343 -0.12759 2 
65.423 -35.758 9.40746 -0.15502 2 
67.988 -35.758 9.14170 -0.20756 2 
70.554 -35.758 9.53932 -0.10527 2 
73.120 -35.758 9.40481 0.15127 2 
75.685 -35.758 9.42085 0.13910 2 
78.251 -35.758 9.26250 0.34984 2 
80.816 -35.758 9.37963 0.47236 2 
83.382 -35.758 9.08369 0.42820 2 
85.948 -35.758 9.35214 0.45070 2 
88.513 -35.758 9.02660 0.63558 2 
91.079 -35.758 9.10091 0.66631 2 
93.644 -35.758 8.98711 0.76653 2 
96.210 -35.758 8.98777 0.76886 2 
98.776 -35.758 8.89265 0.81347 2 
101.341 -35.758 8.91833 0.72484 2 
103.907 -35.758 8.80718 0.77809 2 
106.472 -35.758 8.82091 0.81907 2 
109.038 -35.758 8.71001 0.82143 2 
111.603 -35.758 8.62594 0.85242 2 
114.169 -35.758 8.70674 0.82714 2 
116.735 -35.758 8.80233 0.85046 2 
119.300 -35.758 0.00000 -0.00000 0 
-8.980 -38.324 7.83381 -0.98863 2 
-6.414 -38.324 7.90034 -0.92670 2 
-3.848 -38.324 7.88338 -0.89799 2 
-1.283 -38.324 8.12288 -0.89851 2 
1.283 -38.324 8.17485 -0.82099 2 
3.848 -38.324 8.17765 -0.95040 2 
6.414 -38.324 8.12254 -0.86448 2 
8.980 -38.324 8.36256 -0.99233 2 
11.545 -38.324 8.29366 -1.12210 2 
14.111 -38.324 8.55879 -0.90152 2 
16.676 -38.324 8.57361 -0.95890 2 
19.242 -38.324 8.61927 -1.09310 2 
21.808 -38.324 8.65200 -0.98496 2 
24.373 -38.324 8.77853 -1.03179 2 
26.939 -38.324 8.81380 -0.79435 2 
29.504 -38.324 8.88488 -0.91580 2 
32.070 -38.324 8.87073 -0.75749 2 
34.636 -38.324 8.96368 -0.86699 2 
37.201 -38.324 8.96819 -0.77797 2 
39.767 -38.324 9.02560 -0.61067 2 
42.332 -38.324 9.05735 -0.83379 2 
44.898 -38.324 9.13878 -0.52242 2 
47.464 -38.324 9.06357 -0.49399 2 
50.029 -38.324 9.19195 -0.39819 2 
52.595 -38.324 9.16648 -0.50127 2 
55.160 -38.324 9.12446 -0.29957 2 
57.726 -38.324 9.17152 -0.16711 2 
60.292 -38.324 9.20229 -0.30275 2 
62.857 -38.324 9.19127 -0.14077 2 
65.423 -38.324 9.10943 0.10713 2 
67.988 -38.324 9.28249 0.03074 2 
70.554 -38.324 9.17459 0.03103 2 
73.120 -38.324 9.23770 0.14662 2 
75.685 -38.324 9.38216 0.22712 2 
78.251 -38.324 9.19253 0.44770 2 
80.816 -38.324 9.16463 0.45002 2 
83.382 -38.324 9.32501 0.53783 2 
85.948 -38.324 9.14175 0.65204 2 
88.513 -38.324 9.13152 0.58885 2 
91.079 -38.324 9.00741 0.71145 2 
93.644 -38.324 8.95822 0.84281 2 
96.210 -38.324 8.94512 0.76908 2 
98.776 -38.324 8.92933 0.59184 2 
101.341 -38.324 8.83611 0.86980 2 
103.907 -38.324 8.80402 0.77186 2 
106.472 -38.324 8.73321 0.82267 2 
109.038 -38.324 8.71840 0.80473 2 
111.603 -38.324 8.60119 0.75985 2 
114.169 -38.324 8.47478 0.90882 2 
116.735 -38.324 8.78020 0.96781 2 
119.300 -38.324 0.00000 -0.00000 0 
-8.980 -40.889 7.79363 -0.60082 2 
-6.414 -40.889 7.93590 -0.74071 2 
-3.848 -40.889 8.13504 -0.91362 2 
-1.283 -40.889 8.08697 -0.88340 2 
1.283 -40.889 8.12655 -0.97576 2 
3.848 -40.889 8.28604 -0.91357 2 
6.414 -40.889 8.19997 -0.88790 2 
8.980 -40.889 8.44090 -0.97018 2 
11.545 -40.889 8.39268 -0.99051 2 
14.111 -40.889 8.30955 -0.86208 2 
16.676 -40.889 8.65862 -0.90728 2 
19.242 -40.889 8.59348 -0.86308 2 
21.808 -40.889 8.70661 -0.87225 2 
24.373 -40.889 8.62113 -0.90981 2 
26.939 -40.889 8.77767 -0.86429 2 
29.504 -40.889 8.79915 -0.81013 2 
32.070 -40.889 8.82407 -0.85160 2 
34.636 -40.889 9.00542 -0.70493 2 
37.201 -40.889 8.85650 -0.75514 2 
39.767 -40.889 9.00032 -0.63924 2 
42.332 -40.889 9.02347 -0.45101 2 
44.898 -40.889 9.01581 -0.72892 2 
47.464 -40.889 8.98460 -0.45371 2 
50.029 -40.889 9.14430 -0.39398 2 
52.595 -40.889 9.09517 -0.55988 2 
55.160 -40.889 9.08750 -0.35570 2 
57.726 -40.889 9.21832 -0.40587 2 
60.292 -40.889 9.06522 -0.15086 2 
62.857 -40.889 9.04475 -0.27913 2 
65.423 -40.889 9.22515 -0.20068 2 
67.988 -40.889 9.05202 0.02289 2 
70.554 -40.889 9.29755 0.04487 2 
73.120 -40.889 9.03993 0.19346 2 
75.685 -40.889 9.13370 0.22056 2 
78.251 -40.889 9.26534 0.16934 2 
80.816 -40.889 9.21129 0.32849 2 
83.382 -40.889 9.16723 0.29127 2 
85.948 -40.889 8.97454 0.49410 2 
88.513 -40.889 9.07028 0.51323 2 
91.079 -40.889 9.00951 0.57848 2 
93.644 -40.889 9.01459 0.69570 2 
96.210 -40.889 8.81600 0.54060 2 
98.776 -40.889 8.88268 0.75844 2 
101.341 -40.889 8.79439 0.68579 2 
103.907 -40.889 8.72819 0.71286 2 
106.472 -40.889 8.66647 0.87673 2 
109.038 -40.889 8.77610 0.84961 2 
111.603 -40.889 8.64492 0.81637 2 
114.169 -40.889 8.53113 0.75504 2 
116.735 -40.889 8.75807 1.08516 2 
119.300 -40.889 0.00000 -0.00000 0 
-8.980 -43.455 7.94059 -0.91431 2 
-6.414 -43.455 7.89855 -0.88658 2 
-3.848 -43.455 8.04322 -0.72239 2 
-1.283 -43.455 8.08952 -0.78642 2 
1.283 -43.455 8.14642 -0.78857 2 
3.848 -43.455 8.26585 -1.00842 2 
6.414 -43.455 8.33146 -0.87090 2 
8.980 -43.455 8.43417 -0.87124 2 
11.545 -43.455 8.50943 -0.82866 2 
14.111 -43.455 8.48927 -0.87725 2 
16.676 -43.455 8.53575 -0.97895 2 
19.242 -43.455 8.74197 -0.77238 2 
21.808 -43.455 8.62831 -0.87531 2 
24.373 -43.455 8.78003 -0.86964 2 
26.939 -43.455 8.67811 -0.93820 2 
29.504 -43.455 8.81680 -0.71179 2 
32.070 -43.455 8.86473 -0.84854 2 
34.636 -43.455 8.80214 -0.58612 2 
37.201 -43.455 8.88427 -0.56690 2 
39.767 -43.455 8.88456 -0.74271 2 
42.332 -43.455 8.90576 -0.42573 2 
44.898 -43.455 8.95192 -0.51817 2 
47.464 -43.455 9.05222 -0.54154 2 
50.029 -43.455 9.06526 -0.35173 2 
52.595 -43.455 9.09304 -0.36294 2 
55.160 -43.455 9.12500 -0.36257 2 
57.726 -43.455 9.05834 -0.36749 2 
60.292 -43.455 8.98807 -0.22064 2 
62.857 -43.455 9.15306 -0.02457 2 
65.423 -43.455 9.18022 -0.11130 2 
67.988 -43.455 9.22736 -0.08881 2 
70.554 -43.455 9.04584 0.14878 2 
73.120 -43.455 9.15843 0.03229 2 
75.685 -43.455 9.15165 0.33034 2 
78.251 -43.455 9.10786 0.24835 2 
80.816 -43.455 9.07991 0.43381 2 
83.382 -43.455 9.02018 0.53999 2 
85.948 -43.455 9.08361 0.60757 2 
88.513 -43.455 8.93419 0.51007 2 
91.079 -43.455 8.97126 0.65215 2 
93.644 -43.455 8.88808 0.49313 2 
96.210 -43.455 8.84783 0.78161 2 
98.776 -43.455 8.84287 0.67267 2 
101.341 -43.455 8.75465 0.69867 2 
103.907 -43.455 8.77273 0.71472 2 
106.472 -43.455 8.77379 0.66596 2 
109.038 -43.455 8.51817 0.75907 2 
111.603 -43.455 8.61427 0.78398 2 
114.169 -43.455 8.42066 0.68566 2 
116.735 -43.455 8.79791 0.83539 2 
119.300 -43.455 0.00000 -0.00000 0 
-8.980 -46.020 7.97380 -0.73453 2 
-6.414 -46.020 8.14724 -0.73593 2 
-3.848 -46.020 8.05816 -0.72488 2 
-1.283 -46.020 8.08972 -0.86397 2 
1.283 -46.020 8.21351 -0.75465 2 
3.848 -46.020 8.24842 -0.80965 2 
6.414 -46.020 8.20341 -0.76953 2 
8.980 -46.020 8.38926 -0.82236 2 
11.545 -46.020 8.40191 -0.85952 2 
14.111 -46.020 8.47139 -0.88217 2 
16.676 -46.020 8.50752 -0.85142 2 
19.242 -46.020 8.52501 -0.90745 2 
21.808 -46.020 8.67486 -0.73768 2 
24.373 -46.020 8.71128 -0.84234 2 
26.939 -46.020 8.70535 -0.66721 2 
29.504 -46.020 8.77320 -0.88555 2 
32.070 -46.020 8.85947 -0.59791 2 
34.636 -46.020 8.84323 -0.71225 2 
37.201 -46.020 8.76677 -0.70009 2 
39.767 -46.020 8.91948 -0.52346 2 
42.332 -46.020 8.93999 -0.57824 2 
44.898 -46.020 8.98387 -0.49339 2 
47.464 -46.020 9.00510 -0.56220 2 
50.029 -46.020 8.95915 -0.35543 2 
52.595 -46.020 8.99919 -0.35732 2 
55.160 -46.020 9.06867 -0.45089 2 
57.726 -46.020 9.09309 -0.22502 2 
60.292 -46.020 8.99077 -0.08204 2 
62.857 -46.020 9.12656 -0.21427 2 
65.423 -46.020 9.06755 -0.03808 2 
67.988 -46.020 9.04655 -0.04538 2 
70.554 -46.020 9.15958 0.19682 2 
73.120 -46.020 9.13311 0.06626 2 
75.685 -46.020 9.15720 0.18322 2 
78.251 -46.020 8.89782 0.27544 2 
80.816 -46.020 8.94602 0.37150 2 
83.382 -46.020 9.00857 0.36644 2 
85.948 -46.020 8.91128 0.37126 2 
88.513 -46.020 8.97414 0.39057 2 
91.079 -46.020 8.83583 0.61520 2 
93.644 -46.020 8.91905 0.48868 2 
96.210 -46.020 8.75122 0.44836 2 
98.776 -46.020 8.76775 0.72153 2 
101.341 -46.020 8.83143 0.64234 2 
103.907 -46.020 8.80627 0.60409 2 
106.472 -46.020 8.68419 0.70480 2 
109.038 -46.020 8.63260 0.70003 2 
111.603 -46.020 8.58919 0.69000 2 
114.169 -46.020 8.57044 0.84339 2 
116.735 -46.020 8.64279 0.69857 2 
119.300 -46.020 0.00000 -0.00000 0 
-8.980 -48.586 7.95122 -0.75689 2 
-6.414 -48.586 8.00248 -0.86135 2 
-3.848 -48.586 8.04941 -0.83448 2 
-1.283 -48.586 8.14068 -0.82801 2 
1.283 -48.586 8.14673 -0.87260 2 
3.848 -48.586 8.21522 -0.75445 2 
6.414 -48.586 8.19814 -0.92243 2 
8.980 -48.586 8.28714 -0.79073 2 
11.545 -48.586 8.43227 -0.76450 2 
14.111 -48.586 8.58783 -0.83212 2 
16.676 -48.586 8.59322 -0.70520 2 
19.242 -48.586 8.53695 -0.78374 2 
21.808 -48.586 8.55769 -0.74525 2 
24.373 -48.586 8.70149 -0.92391 2 
26.939 -48.586 8.66907 -0.68218 2 
29.504 -48.586 8.66336 -0.80309 2 
32.070 -48.586 8.75384 -0.75607 2 
34.636 -48.586 8.86996 -0.73606 2 
37.201 -48.586 8.85777 -0.54852 2 
39.767 -48.586 8.78586 -0.62840 2 
42.332 -48.586 8.84841 -0.52042 2 
44.898 -48.586 8.83324 -0.44053 2 
47.464 -48.586 8.95492 -0.47144 2 
50.029 -48.586 9.02651 -0.38653 2 
52.595 -48.586 8.96188 -0.27371 2 
55.160 -48.586 8.89687 -0.28850 2 
57.726 -48.586 8.97638 -0.32903 2 
60.292 -48.586 9.00189 -0.10639 2 
62.857 -48.586 9.07153 -0.05306 2 
65.423 -48.586 8.92174 -0.13949 2 
67.988 -48.586 8.92962 -0.11448 2 
70.554 -48.586 9.05358 0.04759 2 
73.120 -48.586 8.95008 0.10662 2 
75.685 -48.586 8.86175 0.24819 2 
78.251 -48.586 9.05333 0.17693 2 
80.816 -48.586 8.99976 0.26541 2 
83.382 -48.586 8.84610 0.38959 2 
85.948 -48.586 8.93501 0.45408 2 
88.513 -48.586 8.89544 0.37745 2 
91.079 -48.586 8.94333 0.37768 2 
93.644 -48.586 8.76720 0.49649 2 
96.210 -48.586 8.85497 0.61740 2 
98.776 -48.586 8.78433 0.60681 2 
101.341 -48.586 8.80917 0.66087 2 
103.907 -48.586 8.72676 0.59389 2 
106.472 -48.586 8.70606 0.61255 2 
109.038 -48.586 8.53120 0.72035 2 
111.603 -48.586 8.55004 0.65343 2 
114.169 -48.586 8.59256 0.60351 2 
116.735 -48.586 8.63484 0.85118 2 
119.300 -48.586 0.00000 -0.00000 0 
-8.980 -51.152 7.96568 -0.68803 2 
-6.414 -51.152 8.07177 -0.69231 2 
-3.848 -51.152 8.12878 -0.68505 2 
-1.283 -51.152 8.10247 -0.76911 2 
1.283 -51.152 8.15127 -0.67633 2 
3.848 -51.152 8.37706 -0.78618 2 
6.414 -51.152 8.29382 -0.85552 2 
8.980 -51.152 8.26766 -0.73956 2 
11.545 -51.152 8.37713 -0.78042 2 
14.111 -51.152 8.43585 -0.70738 2 
16.676 -51.152 8.51954 -0.87616 2 
19.242 -51.152 8.68614 -0.84104 2 
21.808 -51.152 8.62031 -0.63931 2 
24.373 -51.152 8.62021 -0.76402 2 
26.939 -51.152 8.68825 -0.70043 2 
29.504 -51.152 8.80505 -0.68639 2 
32.070 -51.152 8.61982 -0.63785 2 
34.636 -51.152 8.71104 -0.59685 2 
37.201 -51.152 8.84431 -0.52632 2 
39.767 -51.152 8.86580 -0.60614 2 
42.332 -51.152 8.86562 -0.57496 2 
44.898 -51.152 8.88315 -0.41525 2 
47.464 -51.152 8.83562 -0.52039 2 
50.029 -51.152 8.83948 -0.38278 2 
52.595 -51.152 8.96190 -0.33213 2 
55.160 -51.152 8.94757 -0.35217 2 
57.726 -51.152 9.07108 -0.29968 2 
60.292 -51.152 8.86604 -0.24938 2 
62.857 -51.152 9.00566 -0.22161 2 
65.423 -51.152 8.96944 0.11956 2 
67.988 -51.152 9.02088 -0.04043 2 
70.554 -51.152 9.05203 -0.04625 2 
73.120 -51.152 8.85225 0.13547 2 
75.685 -51.152 8.89033 0.21956 2 
78.251 -51.152 8.88911 0.21120 2 
80.816 -51.152 8.95164 0.10575 2 
83.382 -51.152 8.98369 0.39459 2 
85.948 -51.152 8.87363 0.32844 2 
88.513 -51.152 8.78847 0.49083 2 
91.079 -51.152 8.66535 0.39107 2 
93.644 -51.152 8.84678 0.55521 2 
96.210 -51.152 8.77643 0.54292 2 
98.776 -51.152 8.62620 0.62888 2 
101.341 -51.152 8.76018 0.67097 2 
103.907 -51.152 8.75343 0.66635 2 
106.472 -51.152 8.56748 0.67480 2 
109.038 -51.152 8.77546 0.54642 2 
111.603 -51.152 8.66803 0.65130 2 
114.169 -51.152 8.54833 0.75843 2 
116.735 -51.152 9.06730 0.69584 2 
119.300 -51.152 0.00000 -0.00000 0 
-8.980 -53.717 8.26886 -0.60874 2 
-6.414 -53.717 8.29419 -0.74557 2 
-3.848 -53.717 8.25688 -0.72309 2 
-1.283 -53.717 8.21957 -0.70060 2 
1.283 -53.717 8.22050 -0.96115 2 
3.848 -53.717 8.15175 -0.72773 2 
6.414 -53.717 8.23196 -0.70588 2 
8.980 -53.717 8.48226 -0.81366 2 
11.545 -53.717 8.50665 -0.77401 2 
14.111 -53.717 8.77204 -0.71527 2 
16.676 -53.717 8.82799 -0.59716 2 
19.242 -53.717 8.94030 -0.83427 2 
21.808 -53.717 8.83927 -0.73385 2 
24.373 -53.717 8.87788 -0.63703 2 
26.939 -53.717 8.87216 -0.52776 2 
29.504 -53.717 9.00083 -0.82890 2 
32.070 -53.717 9.20123 -0.68177 2 
34.636 -53.717 9.07954 -0.68094 2 
37.201 -53.717 8.99251 -0.62288 2 
39.767 -53.717 8.90548 -0.56482 2 
42.332 -53.717 8.87767 -0.45332 2 
44.898 -53.717 8.88006 -0.55465 2 
47.464 -53.717 9.07755 -0.30938 2 
50.029 -53.717 8.94605 -0.29807 2 
52.595 -53.717 9.10686 -0.33290 2 
55.160 -53.717 9.07678 -0.21810 2 
57.726 -53.717 9.02539 -0.13058 2 
60.292 -53.717 8.97401 -0.04306 2 
62.857 -53.717 8.95554 -0.18320 2 
65.423 -53.717 8.92512 -0.10295 2 
67.988 -53.717 8.91788 -0.03468 2 
70.554 -53.717 8.92320 0.10389 2 
73.120 -53.717 9.19197 0.13695 2 
75.685 -53.717 9.23243 0.24832 2 
78.251 -53.717 9.18366 0.18607 2 
80.816 -53.717 9.07371 0.22836 2 
83.382 -53.717 8.92177 0.31498 2 
85.948 -53.717 8.76422 0.17178 2 
88.513 -53.717 9.18373 0.57666 2 
91.079 -53.717 9.13644 0.21318 2 
93.644 -53.717 8.97890 0.55667 2 
96.210 -53.717 9.02433 0.48405 2 
98.776 -53.717 8.93266 0.50198 2 
101.341 -53.717 9.02581 0.52341 2 
103.907 -53.717 8.68503 0.79542 2 
106.472 -53.717 8.85779 0.62743 2 
109.038 -53.717 8.75503 0.70185 2 
111.603 -53.717 8.73097 0.61164 2 
114.169 -53.717 0.00000 -0.00000 0 
116.735 -53.717 0.00000 -0.00000 0 
119.300 -53.717 0.00000 -0.00000 0 
-8.980 -56.283 0.00000 -0.00000 0 
-6.414 -56.283 0.00000 -0.00000 0 
-3.848 -56.283 0.00000 -0.00000 0 
-1.283 -56.283 0.00000 -0.00000 0 
1.283 -56.283 0.00000 -0.00000 0 
3.848 -56.283 0.00000 -0.00000 0 
6.414 -56.283 0.00000 -0.00000 0 
8.980 -56.283 0.00000 -0.00000 0 
11.545 -56.283 0.00000 -0.00000 0 
14.111 -56.283 0.00000 -0.00000 0 
16.676 -56.283 0.00000 -0.00000 0 
19.242 -56.283 0.00000 -0.00000 0 
21.808 -56.283 0.00000 -0.00000 0 
24.373 -56.283 0.00000 -0.00000 0 
26.939 -56.283 0.00000 -0.00000 0 
29.504 -56.283 0.00000 -0.00000 0 
32.070 -56.283 0.00000 -0.00000 0 
34.636 -56.283 0.00000 -0.00000 0 
37.201 -56.283 0.00000 -0.00000 0 
39.767 -56.283 0.00000 -0.00000 0 
42.332 -56.283 0.00000 -0.00000 0 
44.898 -56.283 0.00000 -0.00000 0 
47.464 -56.283 8.86001 -0.01387 1 
50.029 -56.283 8.88478 -0.01946 2 
52.595 -56.283 8.90955 -0.02505 2 
55.160 -56.283 8.93432 -0.03063 1 
57.726 -56.283 8.95539 -0.13387 2 
60.292 -56.283 8.97646 -0.23710 2 
62.857 -56.283 8.81319 -0.35145 2 
65.423 -56.283 8.78858 0.11898 2 
67.988 -56.283 8.95732 0.19252 2 
70.554 -56.283 9.00516 0.24690 2 
73.120 -56.283 9.05300 0.30127 2 
75.685 -56.283 8.95357 0.19108 2 
78.251 -56.283 8.85414 0.08089 2 
80.816 -56.283 8.75472 -0.02931 1 
83.382 -56.283 8.72406 0.04930 1 
85.948 -56.283 8.65482 0.01512 1 
88.513 -56.283 8.69049 -0.01358 1 
91.079 -56.283 0.00000 -0.00000 0 
93.644 -56.283 0.00000 -0.00000 0 
96.210 -56.283 0.00000 -0.00000 0 
98.776 -56.283 0.00000 -0.00000 0 
101.341 -56.283 0.00000 -0.00000 0 
103.907 -56.283 0.00000 -0.00000 0 
106.472 -56.283 0.00000 -0.00000 0 
109.038 -56.283 0.00000 -0.00000 0 
111.603 -56.283 0.00000 -0.00000 0 
114.169 -56.283 0.00000 -0.00000 0 
116.735 -56.283 0.00000 -0.00000 0 
119.300 -56.283 0.00000 -0.00000 0 
