TITLE = "B00094"
VARIABLES = "X [mm]", "Y [mm]", "Vx [m/s]", "Vy [m/s]", "Flag"
ZONE T="Frame 1", I=51, J=39, F=POINT
-8.980 41.210 7.23783 0.23900 2 
-6.414 41.210 7.30570 0.44888 2 
-3.848 41.210 7.24934 0.20491 2 
-1.283 41.210 7.24198 0.50970 2 
1.283 41.210 7.65362 0.60585 2 
3.848 41.210 0.00000 -0.00000 0 
6.414 41.210 0.00000 -0.00000 0 
8.980 41.210 0.00000 -0.00000 0 
11.545 41.210 0.00000 -0.00000 0 
14.111 41.210 0.00000 -0.00000 0 
16.676 41.210 0.00000 -0.00000 0 
19.242 41.210 4.04375 0.27428 2 
21.808 41.210 8.08749 0.54857 2 
24.373 41.210 7.81274 0.58940 2 
26.939 41.210 7.53798 0.63022 2 
29.504 41.210 7.45565 0.66318 2 
32.070 41.210 7.63969 0.64070 2 
34.636 41.210 7.50483 0.74889 2 
37.201 41.210 7.59798 0.89049 2 
39.767 41.210 7.71532 0.73910 2 
42.332 41.210 7.80129 0.89497 2 
44.898 41.210 7.63842 1.06176 2 
47.464 41.210 8.15239 0.77887 2 
50.029 41.210 7.95962 0.90487 2 
52.595 41.210 8.08505 0.90073 2 
55.160 41.210 8.21047 0.89659 2 
57.726 41.210 8.07907 0.99324 2 
60.292 41.210 8.02680 0.70561 2 
62.857 41.210 8.25413 1.02461 2 
65.423 41.210 8.16861 0.72375 2 
67.988 41.210 8.44244 0.74037 2 
70.554 41.210 8.46744 0.79604 2 
73.120 41.210 8.65561 0.56046 2 
75.685 41.210 8.59066 0.53947 2 
78.251 41.210 8.52572 0.51847 2 
80.816 41.210 0.00000 0.00000 0 
83.382 41.210 8.66522 0.44389 2 
85.948 41.210 8.66699 0.38585 2 
88.513 41.210 8.58896 0.41991 2 
91.079 41.210 8.67414 0.29153 2 
93.644 41.210 8.62251 0.32601 2 
96.210 41.210 8.80488 -0.09615 2 
98.776 41.210 8.53851 -0.09607 2 
101.341 41.210 8.56414 -0.14854 2 
103.907 41.210 8.56673 -0.35275 2 
106.472 41.210 8.24274 -0.27293 2 
109.038 41.210 8.45877 -0.61610 2 
111.603 41.210 8.26471 -0.32082 2 
114.169 41.210 8.29400 -0.43378 2 
116.735 41.210 8.32329 -0.54675 2 
119.300 41.210 0.00000 -0.00000 0 
-8.980 38.644 6.97264 0.33454 2 
-6.414 38.644 7.23076 0.29086 2 
-3.848 38.644 7.14879 0.44226 2 
-1.283 38.644 7.05552 0.52001 2 
1.283 38.644 7.62083 0.32578 2 
3.848 38.644 0.00000 -0.00000 0 
6.414 38.644 0.00000 -0.00000 0 
8.980 38.644 0.00000 -0.00000 0 
11.545 38.644 0.00000 -0.00000 0 
14.111 38.644 0.00000 -0.00000 0 
16.676 38.644 0.00000 -0.00000 0 
19.242 38.644 3.97506 0.33692 2 
21.808 38.644 7.87455 1.02599 2 
24.373 38.644 7.27805 0.87024 2 
26.939 38.644 7.46933 0.75786 2 
29.504 38.644 7.37530 0.97646 2 
32.070 38.644 7.48739 0.84452 2 
34.636 38.644 7.51472 0.87195 2 
37.201 38.644 7.69725 0.98113 2 
39.767 38.644 7.64233 0.94303 2 
42.332 38.644 7.73799 0.85554 2 
44.898 38.644 7.77030 0.77286 2 
47.464 38.644 8.02003 1.10449 2 
50.029 38.644 7.77403 0.96429 2 
52.595 38.644 7.93302 0.95775 2 
55.160 38.644 8.16017 0.71845 2 
57.726 38.644 8.22528 1.05044 2 
60.292 38.644 8.15741 0.76022 2 
62.857 38.644 8.22866 0.90988 2 
65.423 38.644 8.31861 0.59977 2 
67.988 38.644 8.36791 0.96179 2 
70.554 38.644 8.41321 0.60280 2 
73.120 38.644 8.42177 0.68853 2 
75.685 38.644 8.50151 0.64454 2 
78.251 38.644 8.47465 0.57607 2 
80.816 38.644 0.00000 0.00000 0 
83.382 38.644 8.55142 0.49943 2 
85.948 38.644 8.60787 0.42584 2 
88.513 38.644 8.65014 0.26521 2 
91.079 38.644 8.56366 0.32519 2 
93.644 38.644 8.55768 0.11182 2 
96.210 38.644 8.64213 0.04916 2 
98.776 38.644 8.59403 -0.17625 2 
101.341 38.644 8.54529 -0.10610 2 
103.907 38.644 8.50342 -0.29667 2 
106.472 38.644 8.48874 -0.38634 2 
109.038 38.644 8.58687 -0.69471 2 
111.603 38.644 8.33821 -0.60855 2 
114.169 38.644 8.08635 -0.66439 2 
116.735 38.644 8.40107 -0.57439 2 
119.300 38.644 0.00000 -0.00000 0 
-8.980 36.079 7.07562 0.24918 2 
-6.414 36.079 7.33338 0.31930 2 
-3.848 36.079 7.24747 0.35987 2 
-1.283 36.079 7.18190 0.33726 2 
1.283 36.079 7.54207 0.47092 2 
3.848 36.079 0.00000 -0.00000 0 
6.414 36.079 0.00000 -0.00000 0 
8.980 36.079 0.00000 -0.00000 0 
11.545 36.079 0.00000 -0.00000 0 
14.111 36.079 0.00000 -0.00000 0 
16.676 36.079 0.00000 -0.00000 0 
19.242 36.079 3.90637 0.39955 2 
21.808 36.079 7.81275 0.79910 2 
24.373 36.079 7.33393 0.82356 2 
26.939 36.079 7.28847 0.94721 2 
29.504 36.079 7.40835 0.83986 2 
32.070 36.079 7.46307 0.78237 2 
34.636 36.079 7.54547 0.94501 2 
37.201 36.079 7.64574 0.99850 2 
39.767 36.079 7.58833 0.83497 2 
42.332 36.079 7.78041 1.00350 2 
44.898 36.079 7.54839 0.81119 2 
47.464 36.079 7.91593 1.00757 2 
50.029 36.079 7.98681 0.88513 2 
52.595 36.079 7.98272 0.93200 2 
55.160 36.079 8.11523 0.69763 2 
57.726 36.079 8.17070 0.92601 2 
60.292 36.079 8.12725 0.62417 2 
62.857 36.079 8.45437 1.10104 2 
65.423 36.079 8.65445 0.76009 2 
67.988 36.079 8.58206 0.70270 2 
70.554 36.079 8.47837 0.89455 2 
73.120 36.079 8.42602 0.69280 2 
75.685 36.079 8.50177 0.60155 2 
78.251 36.079 8.61632 0.69511 2 
80.816 36.079 0.00000 0.00000 0 
83.382 36.079 8.70763 0.46286 2 
85.948 36.079 8.79664 0.43159 2 
88.513 36.079 8.75941 0.35821 2 
91.079 36.079 8.88943 0.16616 2 
93.644 36.079 8.92986 -0.05995 2 
96.210 36.079 8.69457 0.20726 2 
98.776 36.079 8.72278 -0.14596 2 
101.341 36.079 8.88968 -0.16687 2 
103.907 36.079 8.64212 -0.42675 2 
106.472 36.079 8.66018 -0.28711 2 
109.038 36.079 8.65902 -0.75053 2 
111.603 36.079 8.29498 -0.67049 2 
114.169 36.079 8.46309 -0.73380 2 
116.735 36.079 8.45846 -0.74470 2 
119.300 36.079 0.00000 -0.00000 0 
-8.980 33.513 7.14267 0.34224 2 
-6.414 33.513 7.15091 0.30962 2 
-3.848 33.513 7.10707 0.24578 2 
-1.283 33.513 6.99677 0.49885 2 
1.283 33.513 7.62664 0.37624 2 
3.848 33.513 0.00000 -0.00000 0 
6.414 33.513 0.00000 -0.00000 0 
8.980 33.513 0.00000 -0.00000 0 
11.545 33.513 0.00000 -0.00000 0 
14.111 33.513 0.00000 -0.00000 0 
16.676 33.513 0.00000 -0.00000 0 
19.242 33.513 3.83832 0.43708 2 
21.808 33.513 7.67664 0.87415 2 
24.373 33.513 7.26496 0.76352 2 
26.939 33.513 7.31925 0.96751 2 
29.504 33.513 7.43190 0.97270 2 
32.070 33.513 7.56671 0.85469 2 
34.636 33.513 7.60923 0.80861 2 
37.201 33.513 7.42740 0.98809 2 
39.767 33.513 7.76521 0.96298 2 
42.332 33.513 7.72331 0.85329 2 
44.898 33.513 7.93205 1.09290 2 
47.464 33.513 7.97900 0.95769 2 
50.029 33.513 8.02133 0.95145 2 
52.595 33.513 8.00758 1.11329 2 
55.160 33.513 7.86122 1.09001 2 
57.726 33.513 8.17742 0.82354 2 
60.292 33.513 8.29660 0.77765 2 
62.857 33.513 8.24238 0.73304 2 
65.423 33.513 8.29461 0.61164 2 
67.988 33.513 8.32041 0.92318 2 
70.554 33.513 8.50186 0.90173 2 
73.120 33.513 8.60488 0.69316 2 
75.685 33.513 8.53838 0.67451 2 
78.251 33.513 8.74403 0.74328 2 
80.816 33.513 0.00000 0.00000 0 
83.382 33.513 8.70306 0.54415 2 
85.948 33.513 8.74299 0.55561 2 
88.513 33.513 8.87277 0.40153 2 
91.079 33.513 8.74169 0.43396 2 
93.644 33.513 8.79714 0.22929 2 
96.210 33.513 8.99123 -0.09971 2 
98.776 33.513 8.75579 0.05182 2 
101.341 33.513 8.82519 -0.27719 2 
103.907 33.513 8.52592 -0.42295 2 
106.472 33.513 8.89992 -0.67301 2 
109.038 33.513 8.60277 -0.48841 2 
111.603 33.513 8.44518 -0.71856 2 
114.169 33.513 8.23049 -0.84089 2 
116.735 33.513 8.54979 -0.98342 2 
119.300 33.513 0.00000 -0.00000 0 
-8.980 30.948 7.05757 0.20821 2 
-6.414 30.948 7.15632 0.28067 2 
-3.848 30.948 7.08775 0.32153 2 
-1.283 30.948 7.12292 0.48002 2 
1.283 30.948 7.27420 0.23275 2 
3.848 30.948 0.00000 -0.00000 0 
6.414 30.948 0.00000 -0.00000 0 
8.980 30.948 0.00000 -0.00000 0 
11.545 30.948 0.00000 -0.00000 0 
14.111 30.948 0.00000 -0.00000 0 
16.676 30.948 0.00000 -0.00000 0 
19.242 30.948 3.90193 0.50204 2 
21.808 30.948 7.80386 1.00409 2 
24.373 30.948 7.32674 0.90206 2 
26.939 30.948 7.40399 1.02078 2 
29.504 30.948 7.32159 0.81520 2 
32.070 30.948 7.36968 1.15144 2 
34.636 30.948 7.53545 0.96602 2 
37.201 30.948 7.73930 0.87065 2 
39.767 30.948 7.58927 1.14881 2 
42.332 30.948 7.96263 1.18770 2 
44.898 30.948 7.84591 1.00249 2 
47.464 30.948 7.84542 1.02681 2 
50.029 30.948 8.13228 0.93849 2 
52.595 30.948 7.94985 1.06157 2 
55.160 30.948 8.18764 0.74682 2 
57.726 30.948 8.05969 1.27452 2 
60.292 30.948 8.32735 1.01652 2 
62.857 30.948 8.40501 0.83563 2 
65.423 30.948 8.46201 0.88160 2 
67.988 30.948 8.51385 0.83636 2 
70.554 30.948 8.65681 0.91044 2 
73.120 30.948 8.62815 0.78118 2 
75.685 30.948 8.60072 0.75225 2 
78.251 30.948 8.59254 1.00591 2 
80.816 30.948 0.00000 0.00000 0 
83.382 30.948 8.78056 0.42294 2 
85.948 30.948 8.78999 0.37178 2 
88.513 30.948 8.91381 0.46965 2 
91.079 30.948 9.07829 0.37273 2 
93.644 30.948 8.84520 0.08768 2 
96.210 30.948 8.92590 0.20554 2 
98.776 30.948 9.20346 -0.10097 2 
101.341 30.948 8.78687 -0.21128 2 
103.907 30.948 9.12687 -0.54521 2 
106.472 30.948 9.05449 -0.70608 2 
109.038 30.948 8.88546 -0.72880 2 
111.603 30.948 8.58283 -1.04689 2 
114.169 30.948 8.43676 -1.07943 2 
116.735 30.948 8.35625 -1.22393 2 
119.300 30.948 0.00000 -0.00000 0 
-8.980 28.382 7.14384 0.11858 2 
-6.414 28.382 6.95428 0.32611 2 
-3.848 28.382 7.04250 0.39007 2 
-1.283 28.382 6.94796 0.32626 2 
1.283 28.382 7.28311 0.33818 2 
3.848 28.382 3.61785 0.36248 2 
6.414 28.382 0.00000 -0.00000 0 
8.980 28.382 0.00000 -0.00000 0 
11.545 28.382 0.00000 -0.00000 0 
14.111 28.382 0.00000 -0.00000 0 
16.676 28.382 2.33955 -0.11460 2 
19.242 28.382 4.67911 -0.22920 2 
21.808 28.382 7.37621 0.82575 2 
24.373 28.382 7.32326 1.00412 2 
26.939 28.382 7.29293 1.05923 2 
29.504 28.382 7.29964 1.05110 2 
32.070 28.382 7.26403 1.13302 2 
34.636 28.382 7.52308 1.17630 2 
37.201 28.382 7.39435 1.14433 2 
39.767 28.382 7.83233 0.98033 2 
42.332 28.382 7.65812 1.11502 2 
44.898 28.382 7.76110 1.08036 2 
47.464 28.382 7.86208 1.21826 2 
50.029 28.382 7.98369 1.06553 2 
52.595 28.382 8.29047 1.01571 2 
55.160 28.382 8.21456 1.16742 2 
57.726 28.382 8.04673 0.97596 2 
60.292 28.382 8.30005 1.12716 2 
62.857 28.382 8.28989 0.99587 2 
65.423 28.382 8.54851 0.93027 2 
67.988 28.382 8.44638 1.07921 2 
70.554 28.382 8.69911 1.08134 2 
73.120 28.382 8.65022 0.78054 2 
75.685 28.382 8.82643 0.95663 2 
78.251 28.382 8.89645 0.76611 2 
80.816 28.382 8.74820 0.68615 2 
83.382 28.382 8.81528 0.52799 2 
85.948 28.382 8.83474 0.43942 2 
88.513 28.382 9.07956 0.59639 2 
91.079 28.382 8.87736 0.47907 2 
93.644 28.382 9.10723 0.22015 2 
96.210 28.382 8.90504 0.26980 2 
98.776 28.382 9.15834 -0.01213 2 
101.341 28.382 9.26171 -0.40404 2 
103.907 28.382 9.08243 -0.34917 2 
106.472 28.382 8.97616 -0.86490 2 
109.038 28.382 9.06365 -0.95056 2 
111.603 28.382 8.59878 -1.20662 2 
114.169 28.382 8.55581 -1.18546 2 
116.735 28.382 8.58554 -1.57714 2 
119.300 28.382 0.00000 -0.00000 0 
-8.980 25.816 6.99070 0.12517 2 
-6.414 25.816 7.09600 0.20798 2 
-3.848 25.816 7.01634 0.18776 2 
-1.283 25.816 7.06146 0.34540 2 
1.283 25.816 6.90880 0.46218 2 
3.848 25.816 7.23570 0.72495 2 
6.414 25.816 0.00000 -0.00000 0 
8.980 25.816 0.00000 -0.00000 0 
11.545 25.816 0.00000 -0.00000 0 
14.111 25.816 0.00000 -0.00000 0 
16.676 25.816 4.00172 0.47855 2 
19.242 25.816 8.00343 0.95711 2 
21.808 25.816 7.17996 0.96227 2 
24.373 25.816 7.31977 1.10618 2 
26.939 25.816 7.11686 1.05664 2 
29.504 25.816 7.39217 1.01965 2 
32.070 25.816 7.45395 1.20642 2 
34.636 25.816 7.34006 1.15582 2 
37.201 25.816 7.66723 1.08774 2 
39.767 25.816 7.82387 1.13158 2 
42.332 25.816 7.77450 1.00110 2 
44.898 25.816 7.81009 1.37778 2 
47.464 25.816 7.85647 1.07967 2 
50.029 25.816 7.85003 1.17714 2 
52.595 25.816 8.13410 1.25530 2 
55.160 25.816 8.23836 1.08167 2 
57.726 25.816 8.30478 0.87135 2 
60.292 25.816 8.40692 1.09966 2 
62.857 25.816 8.37695 1.10425 2 
65.423 25.816 8.38428 0.90687 2 
67.988 25.816 8.46508 0.95115 2 
70.554 25.816 8.73062 0.99313 2 
73.120 25.816 8.61417 1.08451 2 
75.685 25.816 8.50042 0.72872 2 
78.251 25.816 8.65885 1.13070 2 
80.816 25.816 8.72525 0.89821 2 
83.382 25.816 0.00000 0.00000 0 
85.948 25.816 9.12491 0.52126 2 
88.513 25.816 8.88904 0.45022 2 
91.079 25.816 9.14179 0.42896 2 
93.644 25.816 8.90050 0.32645 2 
96.210 25.816 9.10536 0.49447 2 
98.776 25.816 9.35165 0.09893 2 
101.341 25.816 9.69734 -0.12315 2 
103.907 25.816 9.72548 -0.54773 2 
106.472 25.816 9.44584 -0.88245 2 
109.038 25.816 9.30807 -1.12961 2 
111.603 25.816 8.92228 -1.63925 2 
114.169 25.816 8.48372 -1.89380 2 
116.735 25.816 8.25479 -2.08935 2 
119.300 25.816 0.00000 -0.00000 0 
-8.980 23.251 6.94150 0.09611 2 
-6.414 23.251 7.05098 0.20854 2 
-3.848 23.251 6.82686 0.28579 2 
-1.283 23.251 6.98090 0.39445 2 
1.283 23.251 6.86297 0.37008 2 
3.848 23.251 7.38660 0.60949 2 
6.414 23.251 0.00000 -0.00000 0 
8.980 23.251 0.00000 -0.00000 0 
11.545 23.251 0.00000 -0.00000 0 
14.111 23.251 0.00000 -0.00000 0 
16.676 23.251 4.16745 0.52197 2 
19.242 23.251 8.33489 1.04395 2 
21.808 23.251 7.04464 1.05774 2 
24.373 23.251 7.25195 1.03627 2 
26.939 23.251 7.25138 1.14785 2 
29.504 23.251 7.33772 1.14383 2 
32.070 23.251 7.14514 1.16155 2 
34.636 23.251 7.48932 1.18492 2 
37.201 23.251 7.44328 1.23007 2 
39.767 23.251 7.81540 1.28283 2 
42.332 23.251 7.65005 1.21421 2 
44.898 23.251 7.80014 1.14045 2 
47.464 23.251 7.73924 1.26227 2 
50.029 23.251 7.84641 1.11279 2 
52.595 23.251 8.14630 1.09028 2 
55.160 23.251 8.12715 1.37708 2 
57.726 23.251 8.29275 1.35625 2 
60.292 23.251 8.33777 1.07744 2 
62.857 23.251 8.42684 1.05178 2 
65.423 23.251 8.34427 1.10237 2 
67.988 23.251 8.51978 1.13763 2 
70.554 23.251 8.60797 1.20328 2 
73.120 23.251 8.73129 1.12850 2 
75.685 23.251 8.81632 0.97378 2 
78.251 23.251 9.15234 0.78317 2 
80.816 23.251 9.28386 0.76917 2 
83.382 23.251 0.00000 0.00000 0 
85.948 23.251 9.41509 0.60310 2 
88.513 23.251 9.34621 0.52042 2 
91.079 23.251 9.27733 0.43773 2 
93.644 23.251 9.33787 0.65236 2 
96.210 23.251 9.05170 0.52543 2 
98.776 23.251 9.42177 0.99317 2 
101.341 23.251 10.15338 0.34263 2 
103.907 23.251 10.43396 -0.80345 2 
106.472 23.251 9.97498 -1.05389 2 
109.038 23.251 9.55710 -1.49205 2 
111.603 23.251 9.28946 -2.08960 2 
114.169 23.251 8.71419 -2.41070 2 
116.735 23.251 8.99099 -2.26603 2 
119.300 23.251 0.00000 -0.00000 0 
-8.980 20.685 7.01552 0.10107 2 
-6.414 20.685 6.97413 0.24936 2 
-3.848 20.685 6.95654 0.21364 2 
-1.283 20.685 6.90312 0.46694 2 
1.283 20.685 6.81582 0.36457 2 
3.848 20.685 6.88708 0.61391 2 
6.414 20.685 0.00000 -0.00000 0 
8.980 20.685 0.00000 -0.00000 0 
11.545 20.685 0.00000 -0.00000 0 
14.111 20.685 0.00000 -0.00000 0 
16.676 20.685 3.81682 0.53824 2 
19.242 20.685 7.63363 1.07647 2 
21.808 20.685 6.83028 1.00545 2 
24.373 20.685 7.09292 1.17731 2 
26.939 20.685 7.25853 1.31760 2 
29.504 20.685 7.26420 1.28342 2 
32.070 20.685 7.43695 1.30781 2 
34.636 20.685 7.46625 1.25922 2 
37.201 20.685 7.65141 1.30940 2 
39.767 20.685 7.47981 1.54926 2 
42.332 20.685 7.67569 1.50204 2 
44.898 20.685 7.79964 1.26081 2 
47.464 20.685 7.93646 1.25679 2 
50.029 20.685 8.15045 1.32740 2 
52.595 20.685 8.02593 1.14887 2 
55.160 20.685 8.09271 1.43380 2 
57.726 20.685 8.23486 1.12702 2 
60.292 20.685 8.25074 1.27013 2 
62.857 20.685 8.62562 1.19299 2 
65.423 20.685 8.97394 1.22823 2 
67.988 20.685 8.89087 1.29006 2 
70.554 20.685 8.94401 1.50313 2 
73.120 20.685 8.89725 0.82259 2 
75.685 20.685 9.33884 1.15978 2 
78.251 20.685 8.37628 1.19674 2 
80.816 20.685 9.29475 1.17075 2 
83.382 20.685 0.00000 0.00000 0 
85.948 20.685 0.00000 0.00000 0 
88.513 20.685 0.00000 0.00000 0 
91.079 20.685 9.79727 0.37317 2 
93.644 20.685 8.99514 0.33464 2 
96.210 20.685 6.91740 0.33960 2 
98.776 20.685 9.85490 1.15407 2 
101.341 20.685 10.64689 0.88138 2 
103.907 20.685 10.16395 -0.31248 2 
106.472 20.685 10.58675 -1.33244 2 
109.038 20.685 10.24944 -2.07575 2 
111.603 20.685 9.87495 -2.86475 2 
114.169 20.685 8.82070 -3.24362 2 
116.735 20.685 8.52381 -3.17666 2 
119.300 20.685 0.00000 -0.00000 0 
-8.980 18.120 6.77585 0.13783 2 
-6.414 18.120 6.99916 0.17550 2 
-3.848 18.120 6.87816 0.08603 2 
-1.283 18.120 6.72748 0.13140 2 
1.283 18.120 6.81556 0.45428 2 
3.848 18.120 7.02599 0.57940 2 
6.414 18.120 0.00000 -0.00000 0 
8.980 18.120 0.00000 -0.00000 0 
11.545 18.120 0.00000 -0.00000 0 
14.111 18.120 0.00000 -0.00000 0 
16.676 18.120 3.73834 0.50896 2 
19.242 18.120 7.47669 1.01791 2 
21.808 18.120 7.05875 1.13197 2 
24.373 18.120 7.02586 1.25574 2 
26.939 18.120 7.17779 1.21476 2 
29.504 18.120 7.23016 1.54131 2 
32.070 18.120 7.39190 1.41662 2 
34.636 18.120 7.46283 1.60015 2 
37.201 18.120 7.68784 1.40804 2 
39.767 18.120 7.66920 1.27050 2 
42.332 18.120 7.80203 1.43202 2 
44.898 18.120 7.73541 1.54190 2 
47.464 18.120 7.90475 1.31114 2 
50.029 18.120 8.04017 1.48302 2 
52.595 18.120 8.20704 1.38040 2 
55.160 18.120 8.32627 1.47244 2 
57.726 18.120 8.75431 1.65007 2 
60.292 18.120 8.67797 1.06705 2 
62.857 18.120 8.88965 1.35884 2 
65.423 18.120 4.48697 0.61411 2 
67.988 18.120 0.00000 -0.00000 0 
70.554 18.120 0.00000 -0.00000 0 
73.120 18.120 0.00000 -0.00000 0 
75.685 18.120 0.00000 -0.00000 0 
78.251 18.120 0.00000 -0.00000 0 
80.816 18.120 0.00000 -0.00000 0 
83.382 18.120 0.00000 -0.00000 0 
85.948 18.120 2.57376 -0.06086 2 
88.513 18.120 -0.82307 0.02617 2 
91.079 18.120 10.31720 0.30861 2 
93.644 18.120 8.78793 -0.18732 2 
96.210 18.120 4.78310 0.15377 2 
98.776 18.120 4.52890 1.45736 2 
101.341 18.120 4.27469 2.76096 2 
103.907 18.120 7.51592 2.02982 2 
106.472 18.120 10.80466 -0.75196 2 
109.038 18.120 11.55818 -2.74114 2 
111.603 18.120 10.58880 -4.45237 2 
114.169 18.120 8.65504 -4.95414 2 
116.735 18.120 8.35469 -4.33324 2 
119.300 18.120 0.00000 -0.00000 0 
-8.980 15.554 6.99926 0.06631 2 
-6.414 15.554 6.66716 0.05646 2 
-3.848 15.554 6.77481 0.08788 2 
-1.283 15.554 6.58164 0.23814 2 
1.283 15.554 6.49429 0.18449 2 
3.848 15.554 6.89991 0.46519 2 
6.414 15.554 0.00000 -0.00000 0 
8.980 15.554 0.00000 -0.00000 0 
11.545 15.554 0.00000 -0.00000 0 
14.111 15.554 0.00000 -0.00000 0 
16.676 15.554 3.54956 0.61093 2 
19.242 15.554 7.09912 1.22187 2 
21.808 15.554 6.80691 1.27538 2 
24.373 15.554 7.12217 1.57237 2 
26.939 15.554 6.99916 1.28097 2 
29.504 15.554 7.15198 1.64418 2 
32.070 15.554 7.11972 1.39449 2 
34.636 15.554 7.46417 1.42439 2 
37.201 15.554 7.42508 1.72135 2 
39.767 15.554 7.90134 1.56194 2 
42.332 15.554 8.04778 1.51051 2 
44.898 15.554 7.91651 1.53745 2 
47.464 15.554 8.34717 1.62682 2 
50.029 15.554 8.41198 1.29079 2 
52.595 15.554 4.10352 0.69020 2 
55.160 15.554 0.00000 -0.00000 0 
57.726 15.554 0.00000 -0.00000 0 
60.292 15.554 0.00000 -0.00000 0 
62.857 15.554 0.00000 -0.00000 0 
65.423 15.554 0.00000 -0.00000 0 
67.988 15.554 0.00000 -0.00000 0 
70.554 15.554 0.00000 -0.00000 0 
73.120 15.554 0.00000 -0.00000 0 
75.685 15.554 0.00000 -0.00000 0 
78.251 15.554 0.00000 -0.00000 0 
80.816 15.554 -0.34477 -0.20535 2 
83.382 15.554 -0.05273 0.06168 2 
85.948 15.554 0.23931 0.32871 2 
88.513 15.554 0.08661 0.03542 2 
91.079 15.554 -0.06610 -0.25787 2 
93.644 15.554 -0.76557 -0.24801 2 
96.210 15.554 4.16466 1.99297 2 
98.776 15.554 4.13132 3.00824 2 
101.341 15.554 4.64406 5.31364 2 
103.907 15.554 6.90616 4.98599 2 
106.472 15.554 7.34524 0.79034 2 
109.038 15.554 8.79696 -2.20514 2 
111.603 15.554 10.73807 -5.29828 2 
114.169 15.554 8.88031 -5.83681 2 
116.735 15.554 7.59411 -5.82370 2 
119.300 15.554 0.00000 -0.00000 0 
-8.980 12.988 6.74391 -0.20318 2 
-6.414 12.988 6.60764 0.01200 2 
-3.848 12.988 6.65661 0.02162 2 
-1.283 12.988 6.62100 0.14852 2 
1.283 12.988 6.42012 0.31621 2 
3.848 12.988 6.77384 0.35099 2 
6.414 12.988 0.00000 -0.00000 0 
8.980 12.988 0.00000 -0.00000 0 
11.545 12.988 0.00000 -0.00000 0 
14.111 12.988 0.00000 -0.00000 0 
16.676 12.988 3.76459 0.73423 2 
19.242 12.988 7.52919 1.46846 2 
21.808 12.988 6.93472 1.46951 2 
24.373 12.988 6.85061 1.66843 2 
26.939 12.988 7.19943 1.64679 2 
29.504 12.988 7.47152 1.70713 2 
32.070 12.988 7.58954 1.76923 2 
34.636 12.988 7.56594 1.97703 2 
37.201 12.988 8.21646 1.48743 2 
39.767 12.988 7.30570 1.79666 2 
42.332 12.988 0.00000 -0.00000 0 
44.898 12.988 0.00000 -0.00000 0 
47.464 12.988 0.00000 -0.00000 0 
50.029 12.988 0.00000 -0.00000 0 
52.595 12.988 0.00000 -0.00000 0 
55.160 12.988 0.00000 -0.00000 0 
57.726 12.988 0.00000 -0.00000 0 
60.292 12.988 0.00000 -0.00000 0 
62.857 12.988 0.00000 -0.00000 0 
65.423 12.988 0.00000 -0.00000 0 
67.988 12.988 0.00000 -0.00000 0 
70.554 12.988 0.00000 -0.00000 0 
73.120 12.988 0.00000 -0.00000 0 
75.685 12.988 -0.77591 -0.04913 2 
78.251 12.988 -0.36457 -0.26876 2 
80.816 12.988 -0.61759 -0.14930 2 
83.382 12.988 -0.70777 0.02647 2 
85.948 12.988 -0.79794 0.20223 2 
88.513 12.988 -0.95065 -0.09106 2 
91.079 12.988 -0.87502 -0.04357 2 
93.644 12.988 0.11699 0.00812 2 
96.210 12.988 0.82233 -0.53411 2 
98.776 12.988 2.27049 7.10664 2 
101.341 12.988 1.08707 5.72575 2 
103.907 12.988 5.03459 5.19553 2 
106.472 12.988 5.55759 0.63699 2 
109.038 12.988 7.67074 -2.76816 2 
111.603 12.988 8.64027 -2.96470 2 
114.169 12.988 6.60198 -7.45015 2 
116.735 12.988 6.57559 -6.28025 2 
119.300 12.988 -0.11281 -4.47150 2 
-8.980 10.423 6.86861 -0.16401 2 
-6.414 10.423 6.60804 -0.29072 2 
-3.848 10.423 6.58115 -0.06481 2 
-1.283 10.423 6.47398 0.08901 2 
1.283 10.423 6.27406 0.01103 2 
3.848 10.423 6.42672 0.22003 2 
6.414 10.423 3.21336 0.11002 2 
8.980 10.423 0.00000 -0.00000 0 
11.545 10.423 0.00000 -0.00000 0 
14.111 10.423 0.00000 -0.00000 0 
16.676 10.423 2.50973 0.48949 2 
19.242 10.423 5.01946 0.97898 2 
21.808 10.423 6.86608 1.48184 2 
24.373 10.423 7.29447 1.64756 2 
26.939 10.423 7.33842 1.74734 2 
29.504 10.423 3.73576 0.85356 2 
32.070 10.423 0.00000 -0.00000 0 
34.636 10.423 0.00000 -0.00000 0 
37.201 10.423 0.00000 -0.00000 0 
39.767 10.423 0.00000 -0.00000 0 
42.332 10.423 0.00000 -0.00000 0 
44.898 10.423 0.00000 -0.00000 0 
47.464 10.423 0.00000 -0.00000 0 
50.029 10.423 0.00000 -0.00000 0 
52.595 10.423 0.00000 -0.00000 0 
55.160 10.423 0.00000 -0.00000 0 
57.726 10.423 0.00000 -0.00000 0 
60.292 10.423 0.00000 -0.00000 0 
62.857 10.423 0.00000 -0.00000 0 
65.423 10.423 0.00000 -0.00000 0 
67.988 10.423 -1.14115 -0.25542 2 
70.554 10.423 -0.55852 -0.40974 2 
73.120 10.423 -1.82626 -0.72347 2 
75.685 10.423 -1.55181 -0.09827 2 
78.251 10.423 -0.83442 -0.41838 2 
80.816 10.423 -0.81643 -0.09132 2 
83.382 10.423 -1.14344 0.02621 2 
85.948 10.423 -1.83519 0.07576 2 
88.513 10.423 -1.75956 0.12324 2 
91.079 10.423 -1.68393 0.17073 2 
93.644 10.423 0.99956 0.26426 2 
96.210 10.423 2.13083 4.60424 2 
98.776 10.423 0.91430 6.63067 2 
101.341 10.423 0.70312 6.12069 2 
103.907 10.423 1.68715 5.25141 2 
106.472 10.423 2.64660 2.58981 2 
109.038 10.423 3.81014 0.35638 2 
111.603 10.423 4.42578 -4.00924 2 
114.169 10.423 4.50390 -6.63891 2 
116.735 10.423 5.10178 -7.29383 2 
119.300 10.423 0.31268 -5.71493 2 
-8.980 7.857 6.73550 -0.35565 2 
-6.414 7.857 6.43827 -0.23426 2 
-3.848 7.857 6.55775 -0.23190 2 
-1.283 7.857 6.24346 -0.13165 2 
1.283 7.857 6.10396 -0.10239 2 
3.848 7.857 6.29762 0.25452 2 
6.414 7.857 3.14881 0.12726 2 
8.980 7.857 0.00000 -0.00000 0 
11.545 7.857 0.00000 -0.00000 0 
14.111 7.857 0.00000 -0.00000 2 
16.676 7.857 1.67315 0.32633 2 
19.242 7.857 2.50973 0.48949 2 
21.808 7.857 0.00000 -0.00000 0 
24.373 7.857 0.00000 -0.00000 0 
26.939 7.857 0.00000 -0.00000 0 
29.504 7.857 0.00000 -0.00000 0 
32.070 7.857 0.00000 -0.00000 0 
34.636 7.857 0.00000 -0.00000 0 
37.201 7.857 0.00000 -0.00000 0 
39.767 7.857 0.00000 -0.00000 0 
42.332 7.857 0.00000 -0.00000 0 
44.898 7.857 0.00000 -0.00000 0 
47.464 7.857 0.00000 -0.00000 0 
50.029 7.857 0.00000 -0.00000 0 
52.595 7.857 0.00000 -0.00000 0 
55.160 7.857 0.00000 -0.00000 0 
57.726 7.857 0.00000 -0.00000 0 
60.292 7.857 -1.04701 -0.37480 2 
62.857 7.857 -1.36394 -0.19124 2 
65.423 7.857 -0.73664 -0.16242 2 
67.988 7.857 -2.28229 -0.51085 2 
70.554 7.857 -0.99545 -0.38546 2 
73.120 7.857 -1.25588 -0.64227 2 
75.685 7.857 -1.34678 -0.62080 2 
78.251 7.857 -1.30428 -0.56801 2 
80.816 7.857 -0.94127 -0.03142 2 
83.382 7.857 -0.96576 0.28037 2 
85.948 7.857 -2.04188 0.10329 2 
88.513 7.857 -1.89503 0.41128 2 
91.079 7.857 0.28559 -0.18167 2 
93.644 7.857 2.17233 1.42801 2 
96.210 7.857 2.04707 3.79659 2 
98.776 7.857 -0.40093 4.66488 2 
101.341 7.857 -0.65242 5.59469 2 
103.907 7.857 -0.90391 6.52449 2 
106.472 7.857 0.34086 2.21493 2 
109.038 7.857 2.32929 2.42339 2 
111.603 7.857 2.17682 -6.25509 2 
114.169 7.857 1.00785 -3.04811 2 
116.735 7.857 3.07999 -6.52606 2 
119.300 7.857 0.14501 -5.53819 2 
-8.980 5.292 6.76382 -0.60854 2 
-6.414 5.292 6.69849 -0.34017 2 
-3.848 5.292 6.33055 -0.42067 2 
-1.283 5.292 6.20307 -0.39861 2 
1.283 5.292 5.84092 -0.32989 2 
3.848 5.292 6.48807 0.05551 2 
6.414 5.292 1.57441 0.06363 2 
8.980 5.292 0.00000 -0.00000 0 
11.545 5.292 0.00000 -0.00000 0 
14.111 5.292 0.00000 -0.00000 0 
16.676 5.292 0.00000 -0.00000 0 
19.242 5.292 0.00000 -0.00000 0 
21.808 5.292 0.00000 -0.00000 0 
24.373 5.292 0.00000 -0.00000 0 
26.939 5.292 0.00000 -0.00000 0 
29.504 5.292 0.00000 -0.00000 0 
32.070 5.292 0.00000 -0.00000 0 
34.636 5.292 0.00000 -0.00000 0 
37.201 5.292 0.00000 -0.00000 0 
39.767 5.292 0.00000 -0.00000 0 
42.332 5.292 0.00000 -0.00000 0 
44.898 5.292 0.00000 -0.00000 0 
47.464 5.292 0.00000 -0.00000 0 
50.029 5.292 0.00000 -0.00000 0 
52.595 5.292 -0.18449 -0.08247 2 
55.160 5.292 -1.04243 -0.41088 2 
57.726 5.292 -1.69892 -0.55048 2 
60.292 5.292 -2.09403 -0.74960 2 
62.857 5.292 -2.18972 -0.94265 2 
65.423 5.292 -1.10845 -0.57207 2 
67.988 5.292 -2.05124 -0.12836 2 
70.554 5.292 -1.43237 -0.36119 2 
73.120 5.292 -0.89269 -0.24376 2 
75.685 5.292 -0.59685 -0.93052 2 
78.251 5.292 -0.73968 -0.31382 2 
80.816 5.292 -0.27276 0.20925 2 
83.382 5.292 -0.78808 0.53453 2 
85.948 5.292 -1.06875 0.96149 2 
88.513 5.292 -0.81543 1.51707 2 
91.079 5.292 1.62571 0.99678 2 
93.644 5.292 1.55912 2.26556 2 
96.210 5.292 0.98080 2.00778 2 
98.776 5.292 -0.29543 3.67959 2 
101.341 5.292 -0.90112 4.64389 2 
103.907 5.292 -1.54526 5.05989 2 
106.472 5.292 -2.22786 4.92757 2 
109.038 5.292 -1.39815 0.00812 2 
111.603 5.292 -0.68908 -3.25602 2 
114.169 5.292 -0.40060 -5.81527 2 
116.735 5.292 1.05821 -5.75829 2 
119.300 5.292 -0.02267 -5.36146 2 
-8.980 2.726 6.73546 -0.50320 2 
-6.414 2.726 6.42758 -0.57206 2 
-3.848 2.726 6.40897 -0.70402 2 
-1.283 2.726 6.05285 -0.61769 2 
1.283 2.726 6.11679 -0.57111 2 
3.848 2.726 6.54481 -0.19964 2 
6.414 2.726 0.00000 -0.00000 0 
8.980 2.726 0.00000 -0.00000 0 
11.545 2.726 0.00000 -0.00000 0 
14.111 2.726 0.00000 -0.00000 0 
16.676 2.726 0.00000 -0.00000 0 
19.242 2.726 0.00000 -0.00000 0 
21.808 2.726 0.00000 -0.00000 0 
24.373 2.726 0.00000 -0.00000 0 
26.939 2.726 0.00000 -0.00000 0 
29.504 2.726 0.00000 -0.00000 0 
32.070 2.726 0.00000 -0.00000 0 
34.636 2.726 0.00000 -0.00000 0 
37.201 2.726 0.00000 -0.00000 0 
39.767 2.726 0.00000 -0.00000 0 
42.332 2.726 0.00000 -0.00000 0 
44.898 2.726 0.00000 -0.00000 0 
47.464 2.726 -0.33079 -0.22615 2 
50.029 2.726 -0.14992 -0.31871 2 
52.595 2.726 -1.97648 -0.74270 2 
55.160 2.726 -1.22841 -1.00704 2 
57.726 2.726 -2.05806 -0.71102 2 
60.292 2.726 -2.04036 -0.82937 2 
62.857 2.726 -2.16866 -0.94982 2 
65.423 2.726 -1.48027 -0.98172 2 
67.988 2.726 -0.82752 0.29350 2 
70.554 2.726 -0.32077 0.06987 2 
73.120 2.726 0.19771 0.15735 2 
75.685 2.726 0.35479 -0.64350 2 
78.251 2.726 -0.17507 -0.05964 2 
80.816 2.726 0.00630 0.28256 2 
83.382 2.726 0.17019 -0.14067 2 
85.948 2.726 -0.00189 0.94453 2 
88.513 2.726 0.00361 0.88191 2 
91.079 2.726 0.02386 1.36735 2 
93.644 2.726 0.68105 1.74939 2 
96.210 2.726 0.30996 2.73029 2 
98.776 2.726 0.45110 2.74657 2 
101.341 2.726 -1.50401 3.72759 2 
103.907 2.726 -1.31772 3.77030 2 
106.472 2.726 -1.38575 4.53402 2 
109.038 2.726 -1.80943 0.73389 2 
111.603 2.726 -1.23987 -2.13706 2 
114.169 2.726 -1.19961 -5.06394 2 
116.735 2.726 0.05924 -4.55417 2 
119.300 2.726 0.24920 -3.95795 2 
-8.980 0.160 6.97669 -0.67318 2 
-6.414 0.160 6.62845 -0.77760 2 
-3.848 0.160 6.30716 -0.71499 2 
-1.283 0.160 6.16831 -0.82348 2 
1.283 0.160 6.15078 -0.73360 2 
3.848 0.160 0.00000 -0.00000 0 
6.414 0.160 0.00000 -0.00000 0 
8.980 0.160 0.00000 -0.00000 0 
11.545 0.160 0.00000 -0.00000 0 
14.111 0.160 0.00000 -0.00000 0 
16.676 0.160 0.00000 -0.00000 0 
19.242 0.160 0.00000 -0.00000 0 
21.808 0.160 0.00000 -0.00000 0 
24.373 0.160 0.00000 -0.00000 0 
26.939 0.160 0.00000 -0.00000 0 
29.504 0.160 0.00000 -0.00000 0 
32.070 0.160 0.00000 -0.00000 0 
34.636 0.160 0.00000 -0.00000 0 
37.201 0.160 0.00000 -0.00000 0 
39.767 0.160 -0.34433 -0.06662 2 
42.332 0.160 -0.23633 0.11027 2 
44.898 0.160 -0.36789 -0.26299 2 
47.464 0.160 -0.66158 -0.45231 2 
50.029 0.160 -1.14947 -0.85946 2 
52.595 0.160 -2.04187 -0.55889 2 
55.160 0.160 -1.66197 -0.68193 2 
57.726 0.160 -1.54544 -0.65235 2 
60.292 0.160 -1.98669 -0.90914 2 
62.857 0.160 -0.95275 -1.27861 2 
65.423 0.160 -0.58872 0.44901 2 
67.988 0.160 -0.37163 0.41367 2 
70.554 0.160 -0.35099 -0.05636 2 
73.120 0.160 0.47651 -0.24140 2 
75.685 0.160 0.07609 -0.84203 2 
78.251 0.160 -0.06988 -0.43928 2 
80.816 0.160 -0.33940 0.21032 2 
83.382 0.160 0.35300 -0.69909 2 
85.948 0.160 -0.47280 -0.00771 2 
88.513 0.160 -1.00263 0.91053 2 
91.079 0.160 0.54903 0.93381 2 
93.644 0.160 -1.05634 0.77341 2 
96.210 0.160 -0.52009 0.68867 2 
98.776 0.160 0.85711 3.07622 2 
101.341 0.160 1.03413 3.63433 2 
103.907 0.160 -0.22129 2.65573 2 
106.472 0.160 -0.54364 4.14047 2 
109.038 0.160 -2.22071 1.45965 2 
111.603 0.160 -1.79065 -1.01810 2 
114.169 0.160 -1.06755 -3.14135 2 
116.735 0.160 0.39551 -4.50444 2 
119.300 0.160 0.17504 -1.60938 2 
-8.980 -2.405 6.93660 -0.82248 2 
-6.414 -2.405 6.53816 -0.81489 2 
-3.848 -2.405 6.38425 -0.80771 2 
-1.283 -2.405 6.41984 -0.99917 2 
1.283 -2.405 0.00000 -0.00000 0 
3.848 -2.405 0.00000 -0.00000 0 
6.414 -2.405 0.00000 -0.00000 0 
8.980 -2.405 0.00000 -0.00000 0 
11.545 -2.405 0.00000 -0.00000 0 
14.111 -2.405 0.00000 -0.00000 0 
16.676 -2.405 0.00000 -0.00000 0 
19.242 -2.405 0.00000 -0.00000 0 
21.808 -2.405 0.00000 -0.00000 0 
24.373 -2.405 0.00000 -0.00000 0 
26.939 -2.405 0.00000 -0.00000 0 
29.504 -2.405 0.00000 -0.00000 0 
32.070 -2.405 -0.37208 -0.12680 2 
34.636 -2.405 -0.74417 -0.25360 2 
37.201 -2.405 -0.53832 -0.03771 2 
39.767 -2.405 -0.68866 -0.13324 2 
42.332 -2.405 -1.02399 -0.57986 2 
44.898 -2.405 -1.39709 -0.84845 2 
47.464 -2.405 -1.45450 -0.68494 2 
50.029 -2.405 -1.67184 -0.74701 2 
52.595 -2.405 -1.17141 -0.47740 2 
55.160 -2.405 -1.18640 -0.17402 2 
57.726 -2.405 -1.14791 -0.68863 2 
60.292 -2.405 -0.99748 -0.29256 2 
62.857 -2.405 -1.02799 0.08422 2 
65.423 -2.405 -0.27909 0.23410 2 
67.988 -2.405 -0.50148 0.01955 2 
70.554 -2.405 -0.41879 -0.54976 2 
73.120 -2.405 0.26028 -0.32983 2 
75.685 -2.405 0.33677 -0.69136 2 
78.251 -2.405 1.09496 -0.18233 2 
80.816 -2.405 0.79073 -0.53928 2 
83.382 -2.405 0.56674 0.40751 2 
85.948 -2.405 1.54177 -0.36899 2 
88.513 -2.405 0.40804 0.53919 2 
91.079 -2.405 1.07420 0.50026 2 
93.644 -2.405 0.26615 0.34524 2 
96.210 -2.405 -0.54190 0.19021 2 
98.776 -2.405 -0.39034 1.48506 2 
101.341 -2.405 -0.32130 1.32755 2 
103.907 -2.405 1.93461 3.02172 2 
106.472 -2.405 2.06275 3.47531 2 
109.038 -2.405 0.81583 2.39497 2 
111.603 -2.405 0.08069 -0.12679 2 
114.169 -2.405 1.08162 -1.22299 2 
116.735 -2.405 1.54585 -2.87046 2 
119.300 -2.405 0.60974 -2.53126 2 
-8.980 -4.971 7.01068 -0.85247 2 
-6.414 -4.971 6.84759 -0.95170 2 
-3.848 -4.971 6.76794 -0.99638 2 
-1.283 -4.971 6.41438 -1.31958 2 
1.283 -4.971 0.00000 -0.00000 0 
3.848 -4.971 0.00000 -0.00000 0 
6.414 -4.971 0.00000 -0.00000 0 
8.980 -4.971 0.00000 -0.00000 0 
11.545 -4.971 0.00000 -0.00000 0 
14.111 -4.971 0.00000 -0.00000 0 
16.676 -4.971 0.00000 -0.00000 0 
19.242 -4.971 0.00000 -0.00000 0 
21.808 -4.971 0.00000 -0.00000 0 
24.373 -4.971 -0.42331 0.08399 2 
26.939 -4.971 -0.13527 -0.29714 2 
29.504 -4.971 -1.09975 -0.10998 2 
32.070 -4.971 -1.26087 -0.13502 2 
34.636 -4.971 -1.35804 0.10575 2 
37.201 -4.971 -1.07664 -0.07542 2 
39.767 -4.971 -0.86609 -0.44372 2 
42.332 -4.971 -1.05338 -0.75419 2 
44.898 -4.971 -1.35746 -0.95734 2 
47.464 -4.971 -1.34190 -0.30265 2 
50.029 -4.971 -0.81161 0.08340 2 
52.595 -4.971 -0.30096 -0.39592 2 
55.160 -4.971 -0.75617 -0.38539 2 
57.726 -4.971 -0.56576 -0.65779 2 
60.292 -4.971 -0.71918 -0.54053 2 
62.857 -4.971 -0.59486 -0.73009 2 
65.423 -4.971 -1.13617 0.32052 2 
67.988 -4.971 -0.70464 -0.20000 2 
70.554 -4.971 -0.06744 0.35767 2 
73.120 -4.971 0.45980 0.03894 2 
75.685 -4.971 1.04053 -0.29305 2 
78.251 -4.971 1.42992 -0.30924 2 
80.816 -4.971 1.64888 -0.87810 2 
83.382 -4.971 2.25592 0.34738 2 
85.948 -4.971 1.66439 0.14882 2 
88.513 -4.971 1.98012 -0.22060 2 
91.079 -4.971 1.91714 -0.21245 2 
93.644 -4.971 -0.44900 0.98366 2 
96.210 -4.971 0.45076 1.25215 2 
98.776 -4.971 0.28236 0.00551 2 
101.341 -4.971 0.95048 1.56048 2 
103.907 -4.971 1.16811 2.71351 2 
106.472 -4.971 0.93767 2.43307 2 
109.038 -4.971 2.38479 2.68358 2 
111.603 -4.971 2.78497 2.23267 2 
114.169 -4.971 3.02803 0.81104 2 
116.735 -4.971 3.17778 -1.30499 2 
119.300 -4.971 0.18434 -0.29046 2 
-8.980 -7.536 7.19063 -1.00598 2 
-6.414 -7.536 6.86179 -0.94562 2 
-3.848 -7.536 6.82811 -1.12687 2 
-1.283 -7.536 6.57082 -1.38431 2 
1.283 -7.536 6.66570 -1.58418 2 
3.848 -7.536 0.00000 -0.00000 0 
6.414 -7.536 4.64537 -1.48990 2 
8.980 -7.536 3.87124 -1.70430 2 
11.545 -7.536 5.32071 0.73291 2 
14.111 -7.536 4.62580 -1.75681 2 
16.676 -7.536 -0.28276 -0.12389 2 
19.242 -7.536 -0.08004 0.15604 2 
21.808 -7.536 -0.30441 -0.55254 2 
24.373 -7.536 -0.84662 0.16798 2 
26.939 -7.536 -0.27053 -0.59427 2 
29.504 -7.536 -2.19950 -0.21996 2 
32.070 -7.536 -1.36499 0.10758 2 
34.636 -7.536 -1.14614 -0.37813 2 
37.201 -7.536 -1.09026 -0.28356 2 
39.767 -7.536 -1.03438 -0.18900 2 
42.332 -7.536 -1.08278 -0.92852 2 
44.898 -7.536 -1.31783 -1.06624 2 
47.464 -7.536 -1.00747 -0.74890 2 
50.029 -7.536 -0.11109 -0.34091 2 
52.595 -7.536 1.00546 0.02223 2 
55.160 -7.536 1.13871 -0.03918 2 
57.726 -7.536 0.01638 -0.62695 2 
60.292 -7.536 0.83530 -0.62782 2 
62.857 -7.536 1.65421 -0.62869 2 
65.423 -7.536 2.04267 0.45322 2 
67.988 -7.536 3.27254 0.60691 2 
70.554 -7.536 3.93610 0.29461 2 
73.120 -7.536 1.35058 0.23868 2 
75.685 -7.536 1.78651 -0.13685 2 
78.251 -7.536 2.35512 -0.21716 2 
80.816 -7.536 2.37086 -0.15715 2 
83.382 -7.536 2.15262 -0.74714 2 
85.948 -7.536 1.78701 0.66662 2 
88.513 -7.536 2.77985 0.34627 2 
91.079 -7.536 2.77877 0.02929 2 
93.644 -7.536 2.54022 0.71586 2 
96.210 -7.536 1.47843 0.18551 2 
98.776 -7.536 1.33669 0.36598 2 
101.341 -7.536 2.72781 2.42198 2 
103.907 -7.536 2.08523 2.63629 2 
106.472 -7.536 3.34607 3.14383 2 
109.038 -7.536 3.36497 3.01542 2 
111.603 -7.536 4.10518 2.97399 2 
114.169 -7.536 4.64907 3.02183 2 
116.735 -7.536 5.96295 1.20232 2 
119.300 -7.536 0.00000 -0.00000 0 
-8.980 -10.102 7.14480 -0.83646 2 
-6.414 -10.102 6.98134 -1.29756 2 
-3.848 -10.102 6.98065 -1.20637 2 
-1.283 -10.102 6.83679 -1.44398 2 
1.283 -10.102 6.80874 -1.79208 2 
3.848 -10.102 6.96426 -2.40768 2 
6.414 -10.102 7.28580 -2.70135 2 
8.980 -10.102 7.74249 -3.40860 2 
11.545 -10.102 8.14539 -3.47994 2 
14.111 -10.102 9.25161 -3.51363 2 
16.676 -10.102 9.81267 -3.22983 2 
19.242 -10.102 9.26623 -1.95478 2 
21.808 -10.102 1.99180 -0.57339 2 
24.373 -10.102 4.65300 -1.33839 2 
26.939 -10.102 0.58336 -0.92425 2 
29.504 -10.102 2.05351 -0.23250 2 
32.070 -10.102 3.51803 -0.20836 2 
34.636 -10.102 5.54570 -0.52799 2 
37.201 -10.102 2.36792 -1.05013 2 
39.767 -10.102 -0.80985 -1.57228 2 
42.332 -10.102 -0.89616 -0.26660 2 
44.898 -10.102 -0.89268 -1.39479 2 
47.464 -10.102 -0.25910 -0.99836 2 
50.029 -10.102 1.38671 -0.53593 2 
52.595 -10.102 1.47439 -0.22948 2 
55.160 -10.102 1.33056 -0.82677 2 
57.726 -10.102 1.88261 -1.00232 2 
60.292 -10.102 2.89295 -0.76480 2 
62.857 -10.102 3.90328 -0.52729 2 
65.423 -10.102 3.34914 -0.14003 2 
67.988 -10.102 4.53207 -0.17730 2 
70.554 -10.102 4.05549 0.16451 2 
73.120 -10.102 4.63663 0.67355 2 
75.685 -10.102 2.93242 -0.60505 2 
78.251 -10.102 6.11678 0.39110 2 
80.816 -10.102 5.05783 2.00105 2 
83.382 -10.102 5.49398 2.13197 2 
85.948 -10.102 4.83608 0.62395 2 
88.513 -10.102 3.57957 0.91314 2 
91.079 -10.102 2.95425 -0.48812 2 
93.644 -10.102 1.80921 -0.40617 2 
96.210 -10.102 2.44848 -0.27721 2 
98.776 -10.102 2.61782 0.95340 2 
101.341 -10.102 2.35628 0.97513 2 
103.907 -10.102 2.58486 2.33178 2 
106.472 -10.102 3.40114 3.08233 2 
109.038 -10.102 4.34514 3.34727 2 
111.603 -10.102 6.08573 2.93779 2 
114.169 -10.102 6.78314 2.83906 2 
116.735 -10.102 7.24325 3.16975 2 
119.300 -10.102 0.00000 -0.00000 0 
-8.980 -12.668 7.31618 -0.91511 2 
-6.414 -12.668 7.01626 -1.13940 2 
-3.848 -12.668 7.07390 -1.46127 2 
-1.283 -12.668 7.16917 -1.41854 2 
1.283 -12.668 7.09139 -2.02617 2 
3.848 -12.668 7.16670 -2.20759 2 
6.414 -12.668 7.24443 -2.44218 2 
8.980 -12.668 7.54803 -2.75277 2 
11.545 -12.668 8.31434 -2.81031 2 
14.111 -12.668 8.64165 -2.83610 2 
16.676 -12.668 8.92720 -2.44138 2 
19.242 -12.668 9.26546 -2.61454 2 
21.808 -12.668 9.72410 -2.32046 2 
24.373 -12.668 9.28481 -2.55932 2 
26.939 -12.668 3.54200 -1.15312 2 
29.504 -12.668 5.49535 -0.83219 2 
32.070 -12.668 8.40106 -0.52429 2 
34.636 -12.668 7.98259 0.02041 2 
37.201 -12.668 8.21512 -0.21146 2 
39.767 -12.668 2.25318 -1.64291 2 
42.332 -12.668 2.62912 -1.48128 2 
44.898 -12.668 3.76201 -0.89409 2 
47.464 -12.668 2.96911 -0.56813 2 
50.029 -12.668 4.07675 -0.74044 2 
52.595 -12.668 2.69294 -0.23079 2 
55.160 -12.668 3.01152 -1.07945 2 
57.726 -12.668 3.74883 -1.37769 2 
60.292 -12.668 4.76115 0.36093 2 
62.857 -12.668 4.68815 -0.61191 2 
65.423 -12.668 4.97449 -0.32303 2 
67.988 -12.668 4.79989 1.48126 2 
70.554 -12.668 5.67478 1.24294 2 
73.120 -12.668 6.55071 1.92670 2 
75.685 -12.668 8.38341 1.48178 2 
78.251 -12.668 9.55187 1.06540 2 
80.816 -12.668 6.98738 1.70693 2 
83.382 -12.668 6.80870 2.02118 2 
85.948 -12.668 6.19657 1.71034 2 
88.513 -12.668 4.31626 -1.01946 2 
91.079 -12.668 3.49983 -1.00323 2 
93.644 -12.668 3.11916 0.39868 2 
96.210 -12.668 3.44520 -0.10745 2 
98.776 -12.668 3.91376 0.37459 2 
101.341 -12.668 4.99226 0.02770 2 
103.907 -12.668 3.27365 2.51586 2 
106.472 -12.668 3.45622 3.02083 2 
109.038 -12.668 5.14361 3.36474 2 
111.603 -12.668 6.19690 3.10550 2 
114.169 -12.668 6.91831 2.63944 2 
116.735 -12.668 7.43140 2.74911 2 
119.300 -12.668 0.00000 -0.00000 0 
-8.980 -15.233 7.47771 -0.96635 2 
-6.414 -15.233 7.24115 -1.14394 2 
-3.848 -15.233 7.28904 -1.35254 2 
-1.283 -15.233 7.26268 -1.60742 2 
1.283 -15.233 7.26032 -1.82276 2 
3.848 -15.233 7.40705 -2.02985 2 
6.414 -15.233 7.52978 -2.24800 2 
8.980 -15.233 7.85130 -2.42257 2 
11.545 -15.233 8.26855 -2.37769 2 
14.111 -15.233 8.71384 -2.55249 2 
16.676 -15.233 8.78258 -2.42652 2 
19.242 -15.233 9.08519 -2.40204 2 
21.808 -15.233 9.18513 -2.05599 2 
24.373 -15.233 9.40426 -2.23081 2 
26.939 -15.233 6.50063 -1.38199 2 
29.504 -15.233 7.50162 -1.04801 2 
32.070 -15.233 9.24815 -1.10789 2 
34.636 -15.233 9.03588 -1.09872 2 
37.201 -15.233 9.09826 -1.75296 2 
39.767 -15.233 10.03470 -1.49664 2 
42.332 -15.233 10.97114 -1.24032 2 
44.898 -15.233 8.41671 -0.39340 2 
47.464 -15.233 6.19733 -0.13790 2 
50.029 -15.233 6.76679 -0.94496 2 
52.595 -15.233 3.55887 -0.42675 2 
55.160 -15.233 5.15977 -0.41519 2 
57.726 -15.233 5.84609 -1.22138 2 
60.292 -15.233 3.47899 -1.00070 2 
62.857 -15.233 5.47302 -0.69653 2 
65.423 -15.233 6.59985 -0.50604 2 
67.988 -15.233 6.09292 1.68441 2 
70.554 -15.233 7.99027 2.50156 2 
73.120 -15.233 8.38252 2.12846 2 
75.685 -15.233 9.02973 1.79529 2 
78.251 -15.233 9.14123 1.66232 2 
80.816 -15.233 8.91693 1.41280 2 
83.382 -15.233 7.95098 1.77767 2 
85.948 -15.233 6.85376 1.04761 2 
88.513 -15.233 5.77431 -0.69480 2 
91.079 -15.233 5.71360 -1.04888 2 
93.644 -15.233 5.96629 0.66019 2 
96.210 -15.233 4.70449 -0.31671 2 
98.776 -15.233 4.45399 0.84321 2 
101.341 -15.233 5.11574 -0.53573 2 
103.907 -15.233 5.23806 1.88757 2 
106.472 -15.233 5.95219 3.04522 2 
109.038 -15.233 5.94207 3.38222 2 
111.603 -15.233 6.85163 3.08273 2 
114.169 -15.233 7.22190 2.51510 2 
116.735 -15.233 7.85541 1.98181 2 
119.300 -15.233 0.00000 -0.00000 0 
-8.980 -17.799 7.29708 -1.10698 2 
-6.414 -17.799 7.25359 -1.16019 2 
-3.848 -17.799 7.46814 -1.21687 2 
-1.283 -17.799 7.27456 -1.38692 2 
1.283 -17.799 7.55308 -1.59642 2 
3.848 -17.799 7.67801 -1.76122 2 
6.414 -17.799 7.76420 -2.15478 2 
8.980 -17.799 7.99191 -2.24537 2 
11.545 -17.799 8.41508 -2.33434 2 
14.111 -17.799 8.55678 -2.25166 2 
16.676 -17.799 8.86796 -2.16774 2 
19.242 -17.799 9.00936 -1.95389 2 
21.808 -17.799 9.10085 -2.00728 2 
24.373 -17.799 9.41678 -1.95538 2 
26.939 -17.799 9.45926 -1.61085 2 
29.504 -17.799 9.50788 -1.26384 2 
32.070 -17.799 9.23018 -1.22824 2 
34.636 -17.799 9.33712 -1.37509 2 
37.201 -17.799 9.37960 -1.49337 2 
39.767 -17.799 9.88795 -1.23159 2 
42.332 -17.799 10.39630 -0.96980 2 
44.898 -17.799 10.05174 -0.77129 2 
47.464 -17.799 9.41780 -0.75215 2 
50.029 -17.799 8.76638 -1.27412 2 
52.595 -17.799 6.60555 -0.84772 2 
55.160 -17.799 7.92276 -0.55960 2 
57.726 -17.799 7.94335 -1.06507 2 
60.292 -17.799 6.99695 -0.61673 2 
62.857 -17.799 9.52032 0.85269 2 
65.423 -17.799 9.46020 0.48244 2 
67.988 -17.799 10.33779 0.84214 2 
70.554 -17.799 9.99069 2.09027 2 
73.120 -17.799 9.61131 2.09594 2 
75.685 -17.799 9.31544 1.55135 2 
78.251 -17.799 9.55131 1.16432 2 
80.816 -17.799 9.43251 1.17733 2 
83.382 -17.799 8.96803 1.36301 2 
85.948 -17.799 8.57069 0.51141 2 
88.513 -17.799 8.00258 -0.11416 2 
91.079 -17.799 6.60401 -0.50927 2 
93.644 -17.799 6.06914 -0.06242 2 
96.210 -17.799 6.63820 -0.39306 2 
98.776 -17.799 7.45184 1.49842 2 
101.341 -17.799 4.68705 0.31089 2 
103.907 -17.799 7.20246 1.25928 2 
106.472 -17.799 8.44816 3.06962 2 
109.038 -17.799 7.71268 2.79516 2 
111.603 -17.799 7.67548 2.31863 2 
114.169 -17.799 7.84874 2.00049 2 
116.735 -17.799 8.24717 1.68470 2 
119.300 -17.799 0.00000 -0.00000 0 
-8.980 -20.364 7.29064 -1.05781 2 
-6.414 -20.364 7.31068 -1.09749 2 
-3.848 -20.364 7.47704 -1.31123 2 
-1.283 -20.364 7.61180 -1.33429 2 
1.283 -20.364 7.60598 -1.49702 2 
3.848 -20.364 7.73272 -1.77594 2 
6.414 -20.364 7.88854 -1.69464 2 
8.980 -20.364 8.26887 -2.01895 2 
11.545 -20.364 8.34521 -1.91728 2 
14.111 -20.364 8.36328 -1.95305 2 
16.676 -20.364 8.68201 -2.01633 2 
19.242 -20.364 8.89746 -1.73352 2 
21.808 -20.364 9.12142 -1.62174 2 
24.373 -20.364 9.10707 -1.57984 2 
26.939 -20.364 9.21361 -1.38298 2 
29.504 -20.364 9.23835 -1.43070 2 
32.070 -20.364 9.34368 -1.16897 2 
34.636 -20.364 9.49704 -1.13148 2 
37.201 -20.364 9.27500 -1.20878 2 
39.767 -20.364 9.70343 -1.12147 2 
42.332 -20.364 9.99023 -0.99511 2 
44.898 -20.364 9.78395 -0.87485 2 
47.464 -20.364 9.42323 -0.80578 2 
50.029 -20.364 9.27715 -1.11165 2 
52.595 -20.364 8.20254 -0.83332 2 
55.160 -20.364 9.80292 -0.50954 2 
57.726 -20.364 10.52539 -0.63965 2 
60.292 -20.364 10.51491 -0.23276 2 
62.857 -20.364 10.26975 0.22433 2 
65.423 -20.364 10.12164 0.16966 2 
67.988 -20.364 10.51309 0.62822 2 
70.554 -20.364 10.36510 1.08973 2 
73.120 -20.364 9.74568 1.27291 2 
75.685 -20.364 9.67823 1.06996 2 
78.251 -20.364 9.37515 0.75294 2 
80.816 -20.364 9.28685 1.01851 2 
83.382 -20.364 9.29152 0.75727 2 
85.948 -20.364 8.95582 0.54505 2 
88.513 -20.364 8.76712 0.14573 2 
91.079 -20.364 8.98895 0.18367 2 
93.644 -20.364 9.21078 0.22161 2 
96.210 -20.364 9.75065 0.75210 2 
98.776 -20.364 10.33853 0.90321 2 
101.341 -20.364 8.70006 1.58913 2 
103.907 -20.364 9.40880 1.45951 2 
106.472 -20.364 9.16977 1.94900 2 
109.038 -20.364 8.78283 2.19411 2 
111.603 -20.364 8.09364 1.89502 2 
114.169 -20.364 8.19267 1.82134 2 
116.735 -20.364 8.44947 1.57092 2 
119.300 -20.364 0.00000 -0.00000 0 
-8.980 -22.930 7.66644 -0.88877 2 
-6.414 -22.930 7.73731 -1.21168 2 
-3.848 -22.930 7.72759 -0.94269 2 
-1.283 -22.930 7.61260 -1.27152 2 
1.283 -22.930 7.54367 -1.39979 2 
3.848 -22.930 7.97597 -1.57958 2 
6.414 -22.930 8.03261 -1.70183 2 
8.980 -22.930 8.14724 -1.67332 2 
11.545 -22.930 8.37220 -1.85584 2 
14.111 -22.930 8.55465 -1.83489 2 
16.676 -22.930 8.79319 -1.71605 2 
19.242 -22.930 8.86602 -1.62828 2 
21.808 -22.930 8.86077 -1.59794 2 
24.373 -22.930 9.14762 -1.43949 2 
26.939 -22.930 9.02942 -1.32778 2 
29.504 -22.930 9.26084 -1.26500 2 
32.070 -22.930 9.24540 -1.02606 2 
34.636 -22.930 9.44446 -1.05696 2 
37.201 -22.930 9.40310 -1.01713 2 
39.767 -22.930 9.36276 -0.92762 2 
42.332 -22.930 9.58416 -1.02041 2 
44.898 -22.930 9.48323 -0.81972 2 
47.464 -22.930 9.56450 -0.78008 2 
50.029 -22.930 9.55597 -0.78148 2 
52.595 -22.930 9.79954 -0.81892 2 
55.160 -22.930 10.09853 -0.49490 2 
57.726 -22.930 9.97431 -0.45418 2 
60.292 -22.930 10.15616 -0.21509 2 
62.857 -22.930 9.99188 -0.03585 2 
65.423 -22.930 10.18105 -0.02391 2 
67.988 -22.930 10.11291 0.37745 2 
70.554 -22.930 9.98037 0.72878 2 
73.120 -22.930 9.57119 0.83147 2 
75.685 -22.930 9.70813 0.65795 2 
78.251 -22.930 9.62455 0.85396 2 
80.816 -22.930 9.31924 0.97441 2 
83.382 -22.930 9.28761 0.81859 2 
85.948 -22.930 9.27027 0.55799 2 
88.513 -22.930 9.16211 0.56657 2 
91.079 -22.930 9.32233 0.50960 2 
93.644 -22.930 9.48255 0.45262 2 
96.210 -22.930 9.45863 0.69227 2 
98.776 -22.930 9.62260 0.95973 2 
101.341 -22.930 9.32099 1.42318 2 
103.907 -22.930 9.03698 1.42714 2 
106.472 -22.930 8.85513 1.77210 2 
109.038 -22.930 8.51385 1.53162 2 
111.603 -22.930 8.60695 1.52049 2 
114.169 -22.930 8.31557 1.19523 2 
116.735 -22.930 8.26895 1.50029 2 
119.300 -22.930 0.00000 -0.00000 0 
-8.980 -25.496 7.75796 -0.94318 2 
-6.414 -25.496 7.69494 -1.07730 2 
-3.848 -25.496 7.63120 -1.16474 2 
-1.283 -25.496 7.83614 -1.30728 2 
1.283 -25.496 7.73183 -1.31232 2 
3.848 -25.496 7.95167 -1.39342 2 
6.414 -25.496 7.98031 -1.41815 2 
8.980 -25.496 8.30063 -1.56426 2 
11.545 -25.496 8.39155 -1.52731 2 
14.111 -25.496 8.66714 -1.47757 2 
16.676 -25.496 8.67585 -1.36744 2 
19.242 -25.496 8.80152 -1.52122 2 
21.808 -25.496 8.81146 -1.40200 2 
24.373 -25.496 8.97165 -1.32697 2 
26.939 -25.496 9.07163 -1.31510 2 
29.504 -25.496 9.06075 -1.28343 2 
32.070 -25.496 9.22344 -1.16320 2 
34.636 -25.496 9.39188 -0.98243 2 
37.201 -25.496 9.39742 -0.99800 2 
39.767 -25.496 9.50018 -1.04895 2 
42.332 -25.496 9.46165 -0.68816 2 
44.898 -25.496 9.52431 -0.79875 2 
47.464 -25.496 9.61610 -0.82818 2 
50.029 -25.496 9.61103 -0.69212 2 
52.595 -25.496 9.53519 -0.65951 2 
55.160 -25.496 9.84640 -0.63401 2 
57.726 -25.496 9.67578 -0.36449 2 
60.292 -25.496 9.88025 -0.06748 2 
62.857 -25.496 9.81478 -0.17370 2 
65.423 -25.496 9.99043 0.03900 2 
67.988 -25.496 9.80940 0.38473 2 
70.554 -25.496 9.92383 0.45309 2 
73.120 -25.496 9.80081 0.34505 2 
75.685 -25.496 9.59530 0.77241 2 
78.251 -25.496 9.40814 0.67593 2 
80.816 -25.496 9.47420 0.58788 2 
83.382 -25.496 9.27382 0.58641 2 
85.948 -25.496 9.11757 0.66684 2 
88.513 -25.496 9.13990 0.67301 2 
91.079 -25.496 9.26532 0.57897 2 
93.644 -25.496 9.15727 0.78997 2 
96.210 -25.496 9.16661 0.63243 2 
98.776 -25.496 9.19575 0.83642 2 
101.341 -25.496 9.10829 1.07437 2 
103.907 -25.496 8.92265 1.28403 2 
106.472 -25.496 8.71986 1.23928 2 
109.038 -25.496 8.55475 1.26954 2 
111.603 -25.496 8.61276 1.26659 2 
114.169 -25.496 8.11354 1.32044 2 
116.735 -25.496 8.64166 1.26639 2 
119.300 -25.496 0.00000 -0.00000 0 
-8.980 -28.061 7.84948 -0.99759 2 
-6.414 -28.061 7.72585 -0.86128 2 
-3.848 -28.061 7.71711 -1.06509 2 
-1.283 -28.061 7.86010 -1.09115 2 
1.283 -28.061 7.75577 -1.09170 2 
3.848 -28.061 8.12588 -1.27919 2 
6.414 -28.061 8.07249 -1.31035 2 
8.980 -28.061 8.38011 -1.43215 2 
11.545 -28.061 8.41920 -1.32210 2 
14.111 -28.061 8.61116 -1.48516 2 
16.676 -28.061 8.60653 -1.57813 2 
19.242 -28.061 8.76315 -1.23703 2 
21.808 -28.061 8.85318 -1.37582 2 
24.373 -28.061 8.93569 -1.18236 2 
26.939 -28.061 8.93249 -1.24032 2 
29.504 -28.061 9.18276 -0.99823 2 
32.070 -28.061 9.05808 -0.97425 2 
34.636 -28.061 9.17112 -0.89321 2 
37.201 -28.061 9.24818 -0.95354 2 
39.767 -28.061 9.47132 -0.94538 2 
42.332 -28.061 9.44479 -0.88221 2 
44.898 -28.061 9.42445 -0.63669 2 
47.464 -28.061 9.38852 -0.71501 2 
50.029 -28.061 9.46327 -0.64916 2 
52.595 -28.061 9.61259 -0.53121 2 
55.160 -28.061 9.77591 -0.51605 2 
57.726 -28.061 9.93683 -0.21985 2 
60.292 -28.061 9.70195 -0.25264 2 
62.857 -28.061 9.70489 -0.17660 2 
65.423 -28.061 9.75053 -0.05395 2 
67.988 -28.061 9.64350 0.24714 2 
70.554 -28.061 9.48571 0.42694 2 
73.120 -28.061 9.66219 0.51093 2 
75.685 -28.061 9.48587 0.48835 2 
78.251 -28.061 9.42328 0.52871 2 
80.816 -28.061 9.25828 0.69398 2 
83.382 -28.061 9.14596 0.65949 2 
85.948 -28.061 9.11319 0.73220 2 
88.513 -28.061 9.17599 0.59311 2 
91.079 -28.061 9.18873 0.64994 2 
93.644 -28.061 9.21151 0.68144 2 
96.210 -28.061 9.00745 0.93054 2 
98.776 -28.061 9.15533 0.87556 2 
101.341 -28.061 9.01599 1.07232 2 
103.907 -28.061 8.73898 1.09050 2 
106.472 -28.061 8.72606 1.10322 2 
109.038 -28.061 8.78532 1.18400 2 
111.603 -28.061 8.49175 0.96195 2 
114.169 -28.061 8.72862 1.20294 2 
116.735 -28.061 8.74398 1.29295 2 
119.300 -28.061 0.00000 -0.00000 0 
-8.980 -30.627 8.00087 -0.89084 2 
-6.414 -30.627 7.75416 -0.91306 2 
-3.848 -30.627 7.70825 -1.07734 2 
-1.283 -30.627 7.87416 -1.12849 2 
1.283 -30.627 8.18626 -1.20936 2 
3.848 -30.627 8.06800 -1.10157 2 
6.414 -30.627 8.33503 -1.25485 2 
8.980 -30.627 8.21585 -1.23375 2 
11.545 -30.627 8.50871 -1.31328 2 
14.111 -30.627 8.49060 -1.29380 2 
16.676 -30.627 8.71897 -1.05927 2 
19.242 -30.627 8.68119 -1.37560 2 
21.808 -30.627 8.80062 -0.94661 2 
24.373 -30.627 8.77640 -1.20994 2 
26.939 -30.627 8.88566 -1.06908 2 
29.504 -30.627 9.02072 -1.04328 2 
32.070 -30.627 9.03033 -1.08978 2 
34.636 -30.627 9.09409 -0.82777 2 
37.201 -30.627 9.10091 -0.91766 2 
39.767 -30.627 9.44246 -0.84181 2 
42.332 -30.627 9.38134 -0.70173 2 
44.898 -30.627 9.41996 -0.75235 2 
47.464 -30.627 9.20691 -0.64368 2 
50.029 -30.627 9.43296 -0.61985 2 
52.595 -30.627 9.39130 -0.57210 2 
55.160 -30.627 9.55595 -0.27833 2 
57.726 -30.627 9.64649 -0.47459 2 
60.292 -30.627 9.50432 -0.27273 2 
62.857 -30.627 9.70532 -0.00523 2 
65.423 -30.627 9.50835 -0.08055 2 
67.988 -30.627 9.64414 0.20220 2 
70.554 -30.627 9.50940 0.30486 2 
73.120 -30.627 9.57929 0.49838 2 
75.685 -30.627 9.50665 0.39351 2 
78.251 -30.627 9.16186 0.62896 2 
80.816 -30.627 9.14466 0.44687 2 
83.382 -30.627 9.39450 0.67179 2 
85.948 -30.627 9.14184 0.67540 2 
88.513 -30.627 9.02062 0.61637 2 
91.079 -30.627 9.12830 0.70935 2 
93.644 -30.627 9.07170 0.72578 2 
96.210 -30.627 9.00047 0.79433 2 
98.776 -30.627 8.98793 0.85514 2 
101.341 -30.627 8.96887 0.89327 2 
103.907 -30.627 8.85514 0.90905 2 
106.472 -30.627 8.68453 0.96870 2 
109.038 -30.627 8.72660 0.87949 2 
111.603 -30.627 8.52774 1.09588 2 
114.169 -30.627 8.56760 0.88321 2 
116.735 -30.627 8.65789 1.18796 2 
119.300 -30.627 0.00000 -0.00000 0 
-8.980 -33.192 7.65405 -0.87468 2 
-6.414 -33.192 7.93939 -0.86306 2 
-3.848 -33.192 7.81698 -0.90867 2 
-1.283 -33.192 8.05008 -0.98307 2 
1.283 -33.192 7.99498 -0.90015 2 
3.848 -33.192 8.23492 -1.08628 2 
6.414 -33.192 8.24005 -1.12025 2 
8.980 -33.192 8.36417 -1.16453 2 
11.545 -33.192 8.51115 -1.15464 2 
14.111 -33.192 8.43196 -1.10853 2 
16.676 -33.192 8.64780 -1.36546 2 
19.242 -33.192 8.72405 -1.13333 2 
21.808 -33.192 8.85298 -1.09226 2 
24.373 -33.192 8.71618 -1.10316 2 
26.939 -33.192 8.85581 -0.98470 2 
29.504 -33.192 8.87953 -1.01886 2 
32.070 -33.192 9.04842 -0.98501 2 
34.636 -33.192 9.05236 -0.82910 2 
37.201 -33.192 8.99084 -0.82291 2 
39.767 -33.192 9.33876 -0.82477 2 
42.332 -33.192 9.07804 -0.73591 2 
44.898 -33.192 9.26996 -0.64609 2 
47.464 -33.192 9.27753 -0.76979 2 
50.029 -33.192 9.28023 -0.41101 2 
52.595 -33.192 9.36201 -0.52487 2 
55.160 -33.192 9.47948 -0.43879 2 
57.726 -33.192 9.31064 -0.19158 2 
60.292 -33.192 9.51590 -0.00733 2 
62.857 -33.192 9.56521 -0.12806 2 
65.423 -33.192 9.52589 -0.05561 2 
67.988 -33.192 9.34691 0.05229 2 
70.554 -33.192 9.64456 0.22535 2 
73.120 -33.192 9.21290 0.33867 2 
75.685 -33.192 9.26765 0.25499 2 
78.251 -33.192 9.36736 0.51349 2 
80.816 -33.192 9.35914 0.54870 2 
83.382 -33.192 9.10241 0.65237 2 
85.948 -33.192 9.05750 0.59219 2 
88.513 -33.192 9.11803 0.79587 2 
91.079 -33.192 9.05681 0.63782 2 
93.644 -33.192 9.15729 0.75755 2 
96.210 -33.192 8.89476 0.64448 2 
98.776 -33.192 8.90918 0.70917 2 
101.341 -33.192 8.78495 0.90541 2 
103.907 -33.192 8.77644 0.85706 2 
106.472 -33.192 8.77167 0.93130 2 
109.038 -33.192 8.63270 0.81240 2 
111.603 -33.192 8.66249 0.80635 2 
114.169 -33.192 8.64149 0.93701 2 
116.735 -33.192 8.57181 1.08296 2 
119.300 -33.192 0.00000 -0.00000 0 
-8.980 -35.758 7.77519 -0.83468 2 
-6.414 -35.758 7.83108 -1.00254 2 
-3.848 -35.758 8.09586 -0.82582 2 
-1.283 -35.758 8.08348 -1.05423 2 
1.283 -35.758 8.06423 -1.04491 2 
3.848 -35.758 8.15943 -1.11955 2 
6.414 -35.758 8.39108 -1.11318 2 
8.980 -35.758 8.36757 -1.08331 2 
11.545 -35.758 8.50986 -1.04976 2 
14.111 -35.758 8.53293 -1.13185 2 
16.676 -35.758 8.53642 -0.97864 2 
19.242 -35.758 8.76846 -1.09935 2 
21.808 -35.758 8.69547 -1.00301 2 
24.373 -35.758 8.79963 -0.94667 2 
26.939 -35.758 8.94648 -0.88896 2 
29.504 -35.758 8.84850 -0.91086 2 
32.070 -35.758 9.05956 -0.75580 2 
34.636 -35.758 8.97341 -0.83059 2 
37.201 -35.758 9.07261 -0.82864 2 
39.767 -35.758 8.93270 -0.71807 2 
42.332 -35.758 9.05817 -0.67115 2 
44.898 -35.758 9.20555 -0.71043 2 
47.464 -35.758 9.18172 -0.55652 2 
50.029 -35.758 9.37908 -0.71211 2 
52.595 -35.758 9.32506 -0.41477 2 
55.160 -35.758 9.26182 -0.42886 2 
57.726 -35.758 9.38184 -0.37333 2 
60.292 -35.758 9.27609 -0.23611 2 
62.857 -35.758 9.22966 -0.10431 2 
65.423 -35.758 9.36316 0.07651 2 
67.988 -35.758 9.30285 -0.01186 2 
70.554 -35.758 9.34151 0.07150 2 
73.120 -35.758 9.53280 0.15042 2 
75.685 -35.758 9.24813 0.29166 2 
78.251 -35.758 9.25836 0.47338 2 
80.816 -35.758 9.21984 0.28731 2 
83.382 -35.758 9.02848 0.63766 2 
85.948 -35.758 9.01082 0.54224 2 
88.513 -35.758 9.07964 0.44366 2 
91.079 -35.758 8.96585 0.78975 2 
93.644 -35.758 8.96640 0.56173 2 
96.210 -35.758 8.94051 0.80116 2 
98.776 -35.758 8.91043 0.83103 2 
101.341 -35.758 8.74607 0.83204 2 
103.907 -35.758 8.95887 0.81264 2 
106.472 -35.758 8.55258 0.74464 2 
109.038 -35.758 8.83832 0.85481 2 
111.603 -35.758 8.73337 0.90059 2 
114.169 -35.758 8.61544 0.78376 2 
116.735 -35.758 8.62982 0.72283 2 
119.300 -35.758 0.00000 -0.00000 0 
-8.980 -38.324 7.82751 -0.87064 2 
-6.414 -38.324 7.96831 -0.85294 2 
-3.848 -38.324 7.94274 -0.90380 2 
-1.283 -38.324 8.08778 -0.83030 2 
1.283 -38.324 8.10876 -0.90632 2 
3.848 -38.324 8.14061 -0.90781 2 
6.414 -38.324 8.25221 -0.91198 2 
8.980 -38.324 8.37466 -0.87864 2 
11.545 -38.324 8.43473 -1.09191 2 
14.111 -38.324 8.58887 -0.93207 2 
16.676 -38.324 8.52008 -0.90986 2 
19.242 -38.324 8.63690 -0.93585 2 
21.808 -38.324 8.76589 -0.83454 2 
24.373 -38.324 8.75618 -0.98422 2 
26.939 -38.324 8.73333 -0.89961 2 
29.504 -38.324 9.02371 -0.89247 2 
32.070 -38.324 8.87823 -0.84333 2 
34.636 -38.324 8.90368 -0.78382 2 
37.201 -38.324 9.01944 -0.78087 2 
39.767 -38.324 9.02265 -0.78235 2 
42.332 -38.324 9.30660 -0.65244 2 
44.898 -38.324 9.11064 -0.66897 2 
47.464 -38.324 8.99196 -0.45910 2 
50.029 -38.324 9.10507 -0.36808 2 
52.595 -38.324 9.25254 -0.36649 2 
55.160 -38.324 9.27754 -0.49002 2 
57.726 -38.324 9.23125 -0.25858 2 
60.292 -38.324 9.23587 -0.25658 2 
62.857 -38.324 9.23564 -0.19939 2 
65.423 -38.324 9.22288 -0.12537 2 
67.988 -38.324 9.23123 0.08601 2 
70.554 -38.324 9.22821 0.16374 2 
73.120 -38.324 9.07501 0.15799 2 
75.685 -38.324 9.28109 0.44162 2 
78.251 -38.324 9.26785 0.34378 2 
80.816 -38.324 9.13286 0.39094 2 
83.382 -38.324 9.14649 0.45352 2 
85.948 -38.324 9.03664 0.60919 2 
88.513 -38.324 9.00986 0.50011 2 
91.079 -38.324 9.06327 0.56983 2 
93.644 -38.324 9.03453 0.71376 2 
96.210 -38.324 8.92547 0.58909 2 
98.776 -38.324 8.78623 0.83136 2 
101.341 -38.324 8.95247 0.74972 2 
103.907 -38.324 8.66274 0.68094 2 
106.472 -38.324 8.82143 0.74892 2 
109.038 -38.324 8.57402 0.81235 2 
111.603 -38.324 8.57010 0.85793 2 
114.169 -38.324 8.69816 0.74455 2 
116.735 -38.324 8.76547 0.69445 2 
119.300 -38.324 0.00000 -0.00000 0 
-8.980 -40.889 7.92455 -0.87437 2 
-6.414 -40.889 7.99629 -0.83419 2 
-3.848 -40.889 7.96544 -0.87309 2 
-1.283 -40.889 8.13614 -0.80178 2 
1.283 -40.889 8.05674 -0.85135 2 
3.848 -40.889 8.25160 -0.90177 2 
6.414 -40.889 8.32657 -0.95904 2 
8.980 -40.889 8.25375 -1.15386 2 
11.545 -40.889 8.45767 -0.84295 2 
14.111 -40.889 8.44220 -0.89090 2 
16.676 -40.889 8.53361 -0.90414 2 
19.242 -40.889 8.66334 -0.92057 2 
21.808 -40.889 8.72700 -0.81402 2 
24.373 -40.889 8.81097 -0.88325 2 
26.939 -40.889 8.86765 -1.07087 2 
29.504 -40.889 8.96203 -0.75308 2 
32.070 -40.889 8.75804 -0.77631 2 
34.636 -40.889 8.95369 -0.77078 2 
37.201 -40.889 9.07256 -0.71956 2 
39.767 -40.889 9.07169 -0.61894 2 
42.332 -40.889 8.91536 -0.67124 2 
44.898 -40.889 9.00524 -0.54245 2 
47.464 -40.889 9.29666 -0.48242 2 
50.029 -40.889 9.00962 -0.56868 2 
52.595 -40.889 9.16582 -0.31985 2 
55.160 -40.889 9.27798 -0.25568 2 
57.726 -40.889 8.97760 -0.21834 2 
60.292 -40.889 9.22921 -0.19433 2 
62.857 -40.889 9.34442 -0.00733 2 
65.423 -40.889 9.25020 0.05340 2 
67.988 -40.889 9.25562 0.01602 2 
70.554 -40.889 9.18431 0.02503 2 
73.120 -40.889 9.16773 0.35841 2 
75.685 -40.889 9.07216 0.15428 2 
78.251 -40.889 8.91317 0.49140 2 
80.816 -40.889 9.04301 0.47990 2 
83.382 -40.889 9.00939 0.39255 2 
85.948 -40.889 9.16536 0.58462 2 
88.513 -40.889 9.05632 0.52037 2 
91.079 -40.889 8.96153 0.63219 2 
93.644 -40.889 9.14830 0.64308 2 
96.210 -40.889 8.74435 0.55018 2 
98.776 -40.889 8.83293 0.65855 2 
101.341 -40.889 8.90866 0.73320 2 
103.907 -40.889 8.74921 0.68443 2 
106.472 -40.889 8.79834 0.55480 2 
109.038 -40.889 8.65277 0.70910 2 
111.603 -40.889 8.41086 0.73106 2 
114.169 -40.889 8.65736 0.76185 2 
116.735 -40.889 8.90111 0.66607 2 
119.300 -40.889 0.00000 -0.00000 0 
-8.980 -43.455 8.10164 -0.83401 2 
-6.414 -43.455 8.16921 -0.77152 2 
-3.848 -43.455 8.03881 -0.84659 2 
-1.283 -43.455 8.11058 -0.84656 2 
1.283 -43.455 8.23794 -0.83424 2 
3.848 -43.455 8.23572 -0.79977 2 
6.414 -43.455 8.28366 -0.95698 2 
8.980 -43.455 8.23674 -0.75493 2 
11.545 -43.455 8.46361 -0.83218 2 
14.111 -43.455 8.49531 -0.92237 2 
16.676 -43.455 8.63654 -0.84847 2 
19.242 -43.455 8.63858 -0.83824 2 
21.808 -43.455 8.54211 -0.89197 2 
24.373 -43.455 8.81179 -0.87989 2 
26.939 -43.455 8.77393 -0.63830 2 
29.504 -43.455 8.85470 -0.81329 2 
32.070 -43.455 8.87723 -0.59531 2 
34.636 -43.455 8.77232 -0.64076 2 
37.201 -43.455 8.89048 -0.77511 2 
39.767 -43.455 9.04563 -0.59383 2 
42.332 -43.455 9.08811 -0.61603 2 
44.898 -43.455 9.05846 -0.61304 2 
47.464 -43.455 9.07017 -0.45199 2 
50.029 -43.455 9.07392 -0.49209 2 
52.595 -43.455 9.30214 -0.28584 2 
55.160 -43.455 9.13340 -0.26877 2 
57.726 -43.455 9.10207 -0.49046 2 
60.292 -43.455 9.17839 -0.10010 2 
62.857 -43.455 9.11084 0.04625 2 
65.423 -43.455 9.03322 -0.03591 2 
67.988 -43.455 9.16775 0.12305 2 
70.554 -43.455 9.16829 0.07244 2 
73.120 -43.455 9.19655 0.15854 2 
75.685 -43.455 9.15693 0.17475 2 
78.251 -43.455 9.06760 0.42060 2 
80.816 -43.455 9.23458 0.41995 2 
83.382 -43.455 8.87392 0.35389 2 
85.948 -43.455 8.81331 0.53842 2 
88.513 -43.455 8.92246 0.64332 2 
91.079 -43.455 9.01784 0.43508 2 
93.644 -43.455 8.94549 0.49553 2 
96.210 -43.455 8.76219 0.65367 2 
98.776 -43.455 8.68063 0.74978 2 
101.341 -43.455 8.58450 0.74532 2 
103.907 -43.455 8.77498 0.62273 2 
106.472 -43.455 8.62649 0.82894 2 
109.038 -43.455 8.59651 0.75784 2 
111.603 -43.455 8.55266 0.75172 2 
114.169 -43.455 8.51634 0.80968 2 
116.735 -43.455 8.82568 0.55497 2 
119.300 -43.455 0.00000 -0.00000 0 
-8.980 -46.020 7.88054 -0.71062 2 
-6.414 -46.020 7.92365 -0.73213 2 
-3.848 -46.020 8.14419 -0.77248 2 
-1.283 -46.020 8.04651 -0.84932 2 
1.283 -46.020 8.16670 -0.79403 2 
3.848 -46.020 8.23130 -0.92799 2 
6.414 -46.020 8.32379 -0.93569 2 
8.980 -46.020 8.45624 -0.72896 2 
11.545 -46.020 8.43184 -0.93933 2 
14.111 -46.020 8.41126 -0.73896 2 
16.676 -46.020 8.65972 -0.90636 2 
19.242 -46.020 8.71695 -0.86742 2 
21.808 -46.020 8.70814 -0.95071 2 
24.373 -46.020 8.67297 -0.87877 2 
26.939 -46.020 8.79180 -0.82911 2 
29.504 -46.020 8.70667 -0.76374 2 
32.070 -46.020 8.82477 -0.79038 2 
34.636 -46.020 8.82658 -0.79566 2 
37.201 -46.020 8.83353 -0.63884 2 
39.767 -46.020 8.81353 -0.57634 2 
42.332 -46.020 9.02875 -0.67523 2 
44.898 -46.020 8.93907 -0.41842 2 
47.464 -46.020 9.01211 -0.54874 2 
50.029 -46.020 8.97038 -0.52135 2 
52.595 -46.020 8.91152 -0.29973 2 
55.160 -46.020 8.99080 -0.22691 2 
57.726 -46.020 9.15122 -0.04157 2 
60.292 -46.020 9.07772 -0.17057 2 
62.857 -46.020 8.96380 -0.10915 2 
65.423 -46.020 9.11320 0.08438 2 
67.988 -46.020 9.14746 0.06207 2 
70.554 -46.020 9.08937 0.15654 2 
73.120 -46.020 9.06880 0.17030 2 
75.685 -46.020 9.07701 0.19119 2 
78.251 -46.020 9.17101 0.08466 2 
80.816 -46.020 9.02139 0.30605 2 
83.382 -46.020 9.01134 0.48325 2 
85.948 -46.020 9.07271 0.47293 2 
88.513 -46.020 8.94972 0.46447 2 
91.079 -46.020 8.89066 0.51218 2 
93.644 -46.020 8.94547 0.62005 2 
96.210 -46.020 8.80397 0.58044 2 
98.776 -46.020 8.68314 0.64632 2 
101.341 -46.020 8.86085 0.69408 2 
103.907 -46.020 8.80076 0.56103 2 
106.472 -46.020 8.65361 0.78253 2 
109.038 -46.020 8.68331 0.61258 2 
111.603 -46.020 8.63745 0.69171 2 
114.169 -46.020 8.44910 0.76710 2 
116.735 -46.020 8.93277 0.95769 2 
119.300 -46.020 0.00000 -0.00000 0 
-8.980 -48.586 8.10601 -0.78079 2 
-6.414 -48.586 8.11786 -0.68357 2 
-3.848 -48.586 8.11491 -0.86848 2 
-1.283 -48.586 8.19694 -0.67120 2 
1.283 -48.586 8.21129 -0.78807 2 
3.848 -48.586 8.16186 -0.81431 2 
6.414 -48.586 8.23944 -0.79755 2 
8.980 -48.586 8.34633 -0.85338 2 
11.545 -48.586 8.39911 -0.74256 2 
14.111 -48.586 8.34747 -0.72161 2 
16.676 -48.586 8.49508 -0.80803 2 
19.242 -48.586 8.56453 -0.82924 2 
21.808 -48.586 8.61893 -0.74345 2 
24.373 -48.586 8.71313 -0.63296 2 
26.939 -48.586 8.63183 -0.74395 2 
29.504 -48.586 8.78973 -0.72796 2 
32.070 -48.586 8.68143 -0.76889 2 
34.636 -48.586 8.80029 -0.64824 2 
37.201 -48.586 8.81721 -0.65140 2 
39.767 -48.586 8.98477 -0.44889 2 
42.332 -48.586 8.94085 -0.52523 2 
44.898 -48.586 8.85476 -0.41455 2 
47.464 -48.586 9.02132 -0.38028 2 
50.029 -48.586 8.97579 -0.39410 2 
52.595 -48.586 8.88378 -0.33328 2 
55.160 -48.586 8.83740 -0.14892 2 
57.726 -48.586 9.08961 -0.26685 2 
60.292 -48.586 8.91768 -0.12240 2 
62.857 -48.586 9.00558 0.04208 2 
65.423 -48.586 9.02061 0.04396 2 
67.988 -48.586 8.97309 0.10087 2 
70.554 -48.586 8.95307 0.15159 2 
73.120 -48.586 8.98518 0.08634 2 
75.685 -48.586 8.99709 0.20762 2 
78.251 -48.586 9.03074 0.07652 2 
80.816 -48.586 8.89244 0.31016 2 
83.382 -48.586 8.98225 0.59486 2 
85.948 -48.586 9.07099 0.33733 2 
88.513 -48.586 8.76463 0.64038 2 
91.079 -48.586 8.98968 0.36714 2 
93.644 -48.586 8.72398 0.49016 2 
96.210 -48.586 8.93538 0.46399 2 
98.776 -48.586 8.84576 0.58009 2 
101.341 -48.586 8.76891 0.61998 2 
103.907 -48.586 8.57294 0.61905 2 
106.472 -48.586 8.73506 0.55743 2 
109.038 -48.586 8.59555 0.71950 2 
111.603 -48.586 8.65456 0.60554 2 
114.169 -48.586 8.36242 0.61300 2 
116.735 -48.586 9.09746 0.81036 2 
119.300 -48.586 0.00000 -0.00000 0 
-8.980 -51.152 7.93017 -0.62754 2 
-6.414 -51.152 8.17136 -0.82081 2 
-3.848 -51.152 8.10939 -0.66357 2 
-1.283 -51.152 8.19355 -0.70333 2 
1.283 -51.152 8.24919 -0.88221 2 
3.848 -51.152 8.24258 -0.73939 2 
6.414 -51.152 8.30816 -0.85481 2 
8.980 -51.152 8.47582 -0.75048 2 
11.545 -51.152 8.47268 -0.76996 2 
14.111 -51.152 8.48787 -0.80487 2 
16.676 -51.152 8.57083 -0.74776 2 
19.242 -51.152 8.49371 -0.76081 2 
21.808 -51.152 8.54445 -0.65139 2 
24.373 -51.152 8.66861 -0.79882 2 
26.939 -51.152 8.77175 -0.72282 2 
29.504 -51.152 8.68096 -0.73772 2 
32.070 -51.152 8.75894 -0.67439 2 
34.636 -51.152 8.67053 -0.58891 2 
37.201 -51.152 8.77939 -0.60967 2 
39.767 -51.152 8.74766 -0.56652 2 
42.332 -51.152 8.94028 -0.51506 2 
44.898 -51.152 8.85087 -0.47209 2 
47.464 -51.152 9.03053 -0.21182 2 
50.029 -51.152 8.76593 -0.50551 2 
52.595 -51.152 9.05685 -0.28726 2 
55.160 -51.152 9.07116 -0.43295 2 
57.726 -51.152 9.03659 -0.14246 2 
60.292 -51.152 8.90093 -0.17751 2 
62.857 -51.152 9.10391 0.06936 2 
65.423 -51.152 8.97665 0.05462 2 
67.988 -51.152 9.05446 0.04542 2 
70.554 -51.152 8.96776 0.02291 2 
73.120 -51.152 8.85053 0.14844 2 
75.685 -51.152 8.93535 0.34143 2 
78.251 -51.152 8.85655 0.28461 2 
80.816 -51.152 9.04217 0.37235 2 
83.382 -51.152 8.92057 0.40202 2 
85.948 -51.152 8.73546 0.44795 2 
88.513 -51.152 8.74748 0.33347 2 
91.079 -51.152 8.84815 0.45551 2 
93.644 -51.152 8.74954 0.50793 2 
96.210 -51.152 8.67993 0.55202 2 
98.776 -51.152 8.91400 0.55081 2 
101.341 -51.152 8.50297 0.64366 2 
103.907 -51.152 8.70940 0.48826 2 
106.472 -51.152 8.46069 0.47014 2 
109.038 -51.152 8.59938 0.55965 2 
111.603 -51.152 8.47415 0.74772 2 
114.169 -51.152 9.07143 0.59601 2 
116.735 -51.152 8.48658 0.66107 2 
119.300 -51.152 0.00000 -0.00000 0 
-8.980 -53.717 0.00000 -0.00000 0 
-6.414 -53.717 8.11005 -0.84923 2 
-3.848 -53.717 8.37634 -0.67640 2 
-1.283 -53.717 8.23611 -0.89308 2 
1.283 -53.717 8.43472 -0.71438 2 
3.848 -53.717 8.44440 -0.74331 2 
6.414 -53.717 8.32226 -0.65316 2 
8.980 -53.717 8.56794 -0.95348 2 
11.545 -53.717 8.58284 -0.72184 2 
14.111 -53.717 8.36248 -0.88006 2 
16.676 -53.717 8.69712 -0.83155 2 
19.242 -53.717 8.84824 -0.90807 2 
21.808 -53.717 8.94907 -0.79927 2 
24.373 -53.717 9.04991 -0.69047 2 
26.939 -53.717 8.93344 -0.69007 2 
29.504 -53.717 9.00280 -0.59572 2 
32.070 -53.717 8.97353 -0.37108 2 
34.636 -53.717 8.87865 -0.83194 2 
37.201 -53.717 9.06854 -0.47892 2 
39.767 -53.717 9.07404 -0.46532 2 
42.332 -53.717 9.07955 -0.45171 2 
44.898 -53.717 9.08506 -0.43811 2 
47.464 -53.717 8.96299 -0.09425 2 
50.029 -53.717 9.30482 -0.44931 2 
52.595 -53.717 9.29871 -0.35978 2 
55.160 -53.717 9.19156 -0.26354 2 
57.726 -53.717 9.21516 -0.03936 2 
60.292 -53.717 8.89820 -0.09966 2 
62.857 -53.717 8.89954 -0.05342 2 
65.423 -53.717 8.93002 -0.04901 2 
67.988 -53.717 8.93916 0.23015 2 
70.554 -53.717 8.95311 0.18281 2 
73.120 -53.717 8.93725 0.05698 2 
75.685 -53.717 9.04857 0.17551 2 
78.251 -53.717 8.90111 0.25380 2 
80.816 -53.717 8.86840 0.06764 2 
83.382 -53.717 8.81177 0.29750 2 
85.948 -53.717 9.11929 0.37623 2 
88.513 -53.717 9.03907 0.44483 2 
91.079 -53.717 8.95885 0.51343 2 
93.644 -53.717 9.12701 0.54710 2 
96.210 -53.717 8.94397 0.37131 2 
98.776 -53.717 8.95686 0.57335 2 
101.341 -53.717 9.29701 0.56983 2 
103.907 -53.717 8.98576 0.71476 2 
106.472 -53.717 9.02436 0.66085 2 
109.038 -53.717 9.03868 0.56499 2 
111.603 -53.717 9.05072 0.49764 2 
114.169 -53.717 8.15910 0.30445 2 
116.735 -53.717 7.87569 0.51178 1 
119.300 -53.717 0.00000 -0.00000 0 
-8.980 -56.283 0.00000 -0.00000 0 
-6.414 -56.283 0.00000 -0.00000 0 
-3.848 -56.283 0.00000 -0.00000 0 
-1.283 -56.283 0.00000 -0.00000 0 
1.283 -56.283 0.00000 -0.00000 0 
3.848 -56.283 0.00000 -0.00000 0 
6.414 -56.283 0.00000 -0.00000 0 
8.980 -56.283 0.00000 -0.00000 0 
11.545 -56.283 0.00000 -0.00000 0 
14.111 -56.283 0.00000 -0.00000 0 
16.676 -56.283 0.00000 -0.00000 0 
19.242 -56.283 0.00000 -0.00000 0 
21.808 -56.283 0.00000 -0.00000 0 
24.373 -56.283 0.00000 -0.00000 0 
26.939 -56.283 0.00000 -0.00000 0 
29.504 -56.283 0.00000 -0.00000 0 
32.070 -56.283 0.00000 -0.00000 0 
34.636 -56.283 0.00000 -0.00000 0 
37.201 -56.283 0.00000 -0.00000 0 
39.767 -56.283 0.00000 -0.00000 0 
42.332 -56.283 0.00000 -0.00000 0 
44.898 -56.283 0.00000 -0.00000 0 
47.464 -56.283 8.89545 0.02332 1 
50.029 -56.283 8.76166 -0.02765 1 
52.595 -56.283 8.67759 0.00465 1 
55.160 -56.283 8.78643 -0.00979 1 
57.726 -56.283 8.89454 0.09022 2 
60.292 -56.283 9.00264 0.19022 2 
62.857 -56.283 9.11075 0.29022 2 
65.423 -56.283 9.06934 0.28379 2 
67.988 -56.283 9.03955 0.33087 2 
70.554 -56.283 8.84851 0.26311 2 
73.120 -56.283 8.80688 0.18756 2 
75.685 -56.283 9.06703 0.23799 2 
78.251 -56.283 8.94568 0.22299 2 
80.816 -56.283 8.82433 0.20798 2 
83.382 -56.283 8.70298 0.19297 2 
85.948 -56.283 8.58163 0.17797 2 
88.513 -56.283 8.46028 0.16296 2 
91.079 -56.283 8.33893 0.14795 2 
93.644 -56.283 8.21758 0.13295 2 
96.210 -56.283 8.09623 0.11794 2 
98.776 -56.283 7.97488 0.10293 2 
101.341 -56.283 7.85353 0.08792 2 
103.907 -56.283 7.73218 0.07292 2 
106.472 -56.283 7.61083 0.05791 2 
109.038 -56.283 7.48948 0.04290 2 
111.603 -56.283 7.36813 0.02790 2 
114.169 -56.283 7.24678 0.01289 1 
116.735 -56.283 0.00000 -0.00000 0 
119.300 -56.283 0.00000 -0.00000 0 
