TITLE = "B00023"
VARIABLES = "X [mm]", "Y [mm]", "Vx [m/s]", "Vy [m/s]", "Flag"
ZONE T="Frame 1", I=51, J=39, F=POINT
-8.980 41.210 7.20828 0.28200 2 
-6.414 41.210 7.32179 0.22207 2 
-3.848 41.210 7.25841 0.27715 2 
-1.283 41.210 7.16210 0.53592 2 
1.283 41.210 7.60099 0.36823 2 
3.848 41.210 0.00000 -0.00000 0 
6.414 41.210 0.00000 -0.00000 0 
8.980 41.210 0.00000 -0.00000 0 
11.545 41.210 0.00000 -0.00000 0 
14.111 41.210 0.00000 -0.00000 0 
16.676 41.210 0.00000 -0.00000 0 
19.242 41.210 3.90641 0.48388 2 
21.808 41.210 7.81283 0.96776 2 
24.373 41.210 7.36494 0.70675 2 
26.939 41.210 7.59276 0.72997 2 
29.504 41.210 7.44618 0.77764 2 
32.070 41.210 7.54751 0.76566 2 
34.636 41.210 7.63207 0.88126 2 
37.201 41.210 7.46923 0.71567 2 
39.767 41.210 7.86100 0.87123 2 
42.332 41.210 7.72038 0.82756 2 
44.898 41.210 7.82206 0.56408 2 
47.464 41.210 7.84635 0.70233 2 
50.029 41.210 7.99994 0.99480 2 
52.595 41.210 8.03768 0.86225 2 
55.160 41.210 8.07036 0.91661 2 
57.726 41.210 8.36783 0.75925 2 
60.292 41.210 8.26155 0.87716 2 
62.857 41.210 8.33052 0.75902 2 
65.423 41.210 8.27857 0.80840 2 
67.988 41.210 8.22661 0.85778 2 
70.554 41.210 8.49662 0.77863 2 
73.120 41.210 8.32751 0.51215 2 
75.685 41.210 8.50635 0.78241 2 
78.251 41.210 8.61298 0.39630 2 
80.816 41.210 0.00000 0.00000 0 
83.382 41.210 8.53465 0.35742 2 
85.948 41.210 8.58366 0.28947 2 
88.513 41.210 8.52646 0.07887 2 
91.079 41.210 8.43944 0.26206 2 
93.644 41.210 8.51792 0.14681 2 
96.210 41.210 8.62647 0.02820 2 
98.776 41.210 8.58467 0.16306 2 
101.341 41.210 8.50425 -0.05020 2 
103.907 41.210 8.67356 -0.33005 2 
106.472 41.210 8.38344 -0.23217 2 
109.038 41.210 8.48005 -0.18643 2 
111.603 41.210 8.51491 -0.20703 2 
114.169 41.210 8.30956 -0.11360 2 
116.735 41.210 8.62624 -0.24619 2 
119.300 41.210 0.00000 -0.00000 0 
-8.980 38.644 7.35775 0.21527 2 
-6.414 38.644 7.18875 0.35584 2 
-3.848 38.644 7.26345 0.40760 2 
-1.283 38.644 7.17611 0.33303 2 
1.283 38.644 7.63141 0.61813 2 
3.848 38.644 0.00000 -0.00000 0 
6.414 38.644 0.00000 -0.00000 0 
8.980 38.644 0.00000 -0.00000 0 
11.545 38.644 0.00000 -0.00000 0 
14.111 38.644 0.00000 -0.00000 0 
16.676 38.644 0.00000 -0.00000 0 
19.242 38.644 3.86626 0.37364 2 
21.808 38.644 7.73251 0.74728 2 
24.373 38.644 7.35474 0.84165 2 
26.939 38.644 7.51465 0.70852 2 
29.504 38.644 7.47004 0.80903 2 
32.070 38.644 7.39472 0.66533 2 
34.636 38.644 7.86272 0.87579 2 
37.201 38.644 7.71480 0.83045 2 
39.767 38.644 7.75832 0.79348 2 
42.332 38.644 7.84793 0.82994 2 
44.898 38.644 7.91512 0.73656 2 
47.464 38.644 7.85486 0.82501 2 
50.029 38.644 7.76495 0.74793 2 
52.595 38.644 8.02237 0.90440 2 
55.160 38.644 8.07459 0.92649 2 
57.726 38.644 8.14936 0.74327 2 
60.292 38.644 8.16383 0.86766 2 
62.857 38.644 8.18756 0.74062 2 
65.423 38.644 8.39340 0.84501 2 
67.988 38.644 8.31392 0.70438 2 
70.554 38.644 8.45927 0.58139 2 
73.120 38.644 8.65040 0.73434 2 
75.685 38.644 8.40774 0.35015 2 
78.251 38.644 8.66780 0.65924 2 
80.816 38.644 0.00000 0.00000 0 
83.382 38.644 8.62511 0.43333 2 
85.948 38.644 8.63945 0.36872 2 
88.513 38.644 8.73099 0.20777 2 
91.079 38.644 8.86145 0.14428 2 
93.644 38.644 8.64613 0.08244 2 
96.210 38.644 8.63587 -0.00473 2 
98.776 38.644 8.87054 0.07874 2 
101.341 38.644 8.78346 -0.34441 2 
103.907 38.644 8.64924 -0.04069 2 
106.472 38.644 8.49817 -0.34282 2 
109.038 38.644 8.52008 -0.64191 2 
111.603 38.644 8.27366 -0.32765 2 
114.169 38.644 8.17693 -0.56037 2 
116.735 38.644 8.52603 -0.47571 2 
119.300 38.644 0.00000 -0.00000 0 
-8.980 36.079 7.28114 0.28259 2 
-6.414 36.079 7.17581 0.33252 2 
-3.848 36.079 7.24465 0.40579 2 
-1.283 36.079 7.03079 0.49586 2 
1.283 36.079 7.47977 0.65445 2 
3.848 36.079 0.00000 -0.00000 0 
6.414 36.079 0.00000 -0.00000 0 
8.980 36.079 0.00000 -0.00000 0 
11.545 36.079 0.00000 -0.00000 0 
14.111 36.079 0.00000 -0.00000 0 
16.676 36.079 0.00000 -0.00000 0 
19.242 36.079 3.81504 0.45134 2 
21.808 36.079 7.63008 0.90268 2 
24.373 36.079 7.35303 0.78165 2 
26.939 36.079 7.35262 0.84674 2 
29.504 36.079 7.44342 0.83080 2 
32.070 36.079 7.25653 1.02377 2 
34.636 36.079 7.46919 0.85932 2 
37.201 36.079 7.71748 0.87024 2 
39.767 36.079 7.60912 1.05569 2 
42.332 36.079 7.60076 0.85167 2 
44.898 36.079 7.95485 0.96058 2 
47.464 36.079 8.08043 0.84788 2 
50.029 36.079 7.99491 0.98644 2 
52.595 36.079 8.00423 0.91929 2 
55.160 36.079 8.09471 0.93451 2 
57.726 36.079 8.31179 0.84929 2 
60.292 36.079 8.36069 0.87875 2 
62.857 36.079 8.32332 0.82497 2 
65.423 36.079 8.36179 0.67120 2 
67.988 36.079 8.31144 0.95425 2 
70.554 36.079 8.29994 0.85632 2 
73.120 36.079 8.75560 0.57813 2 
75.685 36.079 8.36073 0.61211 2 
78.251 36.079 8.55981 0.67642 2 
80.816 36.079 0.00000 0.00000 0 
83.382 36.079 8.67855 0.53949 2 
85.948 36.079 8.84874 0.42904 2 
88.513 36.079 8.79850 0.30641 2 
91.079 36.079 8.75836 0.15615 2 
93.644 36.079 8.60251 0.23220 2 
96.210 36.079 8.76855 0.15105 2 
98.776 36.079 8.63015 -0.03707 2 
101.341 36.079 8.68725 -0.19387 2 
103.907 36.079 8.75483 -0.14415 2 
106.472 36.079 8.56642 -0.33367 2 
109.038 36.079 8.89151 -0.44191 2 
111.603 36.079 8.40469 -0.86031 2 
114.169 36.079 8.29683 -0.61620 2 
116.735 36.079 8.72664 -0.80445 2 
119.300 36.079 0.00000 -0.00000 0 
-8.980 33.513 7.23204 0.22690 2 
-6.414 33.513 7.10256 0.20809 2 
-3.848 33.513 7.16331 0.28561 2 
-1.283 33.513 7.15517 0.42761 2 
1.283 33.513 7.57818 0.27109 2 
3.848 33.513 0.00000 -0.00000 0 
6.414 33.513 0.00000 -0.00000 0 
8.980 33.513 0.00000 -0.00000 0 
11.545 33.513 0.00000 -0.00000 0 
14.111 33.513 0.00000 -0.00000 0 
16.676 33.513 0.00000 -0.00000 0 
19.242 33.513 3.90404 0.43198 2 
21.808 33.513 7.80808 0.86397 2 
24.373 33.513 7.17033 0.99945 2 
26.939 33.513 7.38714 0.88947 2 
29.504 33.513 7.37862 0.92207 2 
32.070 33.513 7.55475 0.84517 2 
34.636 33.513 7.46417 0.89709 2 
37.201 33.513 7.53869 1.01805 2 
39.767 33.513 7.69568 1.01318 2 
42.332 33.513 7.73321 0.99950 2 
44.898 33.513 7.88205 0.95996 2 
47.464 33.513 7.92503 1.17380 2 
50.029 33.513 7.91836 1.14968 2 
52.595 33.513 8.05256 0.89299 2 
55.160 33.513 8.21825 1.03545 2 
57.726 33.513 8.07079 1.09751 2 
60.292 33.513 8.27542 0.76232 2 
62.857 33.513 8.40571 1.00885 2 
65.423 33.513 8.41457 0.95323 2 
67.988 33.513 8.35150 0.85775 2 
70.554 33.513 8.80388 0.71902 2 
73.120 33.513 8.61170 0.50975 2 
75.685 33.513 8.66485 0.76802 2 
78.251 33.513 8.76375 0.83697 2 
80.816 33.513 0.00000 0.00000 0 
83.382 33.513 8.76409 0.50349 2 
85.948 33.513 8.80152 0.41066 2 
88.513 33.513 8.81938 0.37741 2 
91.079 33.513 8.83746 0.25004 2 
93.644 33.513 8.76254 0.06614 2 
96.210 33.513 8.90015 -0.13607 2 
98.776 33.513 9.18249 -0.25003 2 
101.341 33.513 8.68011 -0.31260 2 
103.907 33.513 8.92410 -0.45689 2 
106.472 33.513 8.57133 -0.70665 2 
109.038 33.513 8.62969 -0.54280 2 
111.603 33.513 8.64040 -0.66160 2 
114.169 33.513 8.31111 -0.71870 2 
116.735 33.513 8.67419 -0.79360 2 
119.300 33.513 0.00000 -0.00000 0 
-8.980 30.948 6.96158 0.28822 2 
-6.414 30.948 7.16315 0.27445 2 
-3.848 30.948 7.16943 0.46032 2 
-1.283 30.948 7.12064 0.31858 2 
1.283 30.948 7.49196 0.63094 2 
3.848 30.948 0.00000 -0.00000 0 
6.414 30.948 0.00000 -0.00000 0 
8.980 30.948 0.00000 -0.00000 0 
11.545 30.948 0.00000 -0.00000 0 
14.111 30.948 0.00000 -0.00000 0 
16.676 30.948 0.00000 -0.00000 0 
19.242 30.948 3.82527 0.46268 2 
21.808 30.948 7.65053 0.92536 2 
24.373 30.948 7.32941 0.64826 2 
26.939 30.948 7.25505 1.03715 2 
29.504 30.948 7.46604 1.02405 2 
32.070 30.948 7.36543 0.96301 2 
34.636 30.948 7.50386 0.99106 2 
37.201 30.948 7.58988 1.10525 2 
39.767 30.948 7.88093 0.86307 2 
42.332 30.948 7.66223 0.95745 2 
44.898 30.948 7.79615 1.10325 2 
47.464 30.948 7.87053 0.95490 2 
50.029 30.948 7.82416 1.00037 2 
52.595 30.948 8.09316 0.88873 2 
55.160 30.948 8.12426 0.79250 2 
57.726 30.948 8.04014 1.11994 2 
60.292 30.948 8.23020 0.90763 2 
62.857 30.948 8.36371 0.76178 2 
65.423 30.948 8.53243 1.11845 2 
67.988 30.948 8.55410 0.74473 2 
70.554 30.948 8.55444 0.99142 2 
73.120 30.948 8.52685 0.63243 2 
75.685 30.948 8.64864 0.67826 2 
78.251 30.948 8.78045 0.84093 2 
80.816 30.948 0.00000 0.00000 0 
83.382 30.948 8.87730 0.57287 2 
85.948 30.948 8.94645 0.46644 2 
88.513 30.948 8.89956 0.31666 2 
91.079 30.948 8.90256 0.31746 2 
93.644 30.948 9.17101 0.15777 2 
96.210 30.948 8.91379 -0.05267 2 
98.776 30.948 8.92302 -0.24708 2 
101.341 30.948 8.97854 -0.38106 2 
103.907 30.948 8.93635 -0.29820 2 
106.472 30.948 9.17781 -0.67572 2 
109.038 30.948 8.95785 -0.76624 2 
111.603 30.948 8.58146 -0.87625 2 
114.169 30.948 8.36058 -0.79151 2 
116.735 30.948 8.72879 -0.78282 2 
119.300 30.948 0.00000 -0.00000 0 
-8.980 28.382 7.16025 0.17886 2 
-6.414 28.382 7.01155 0.31978 2 
-3.848 28.382 7.09311 0.35085 2 
-1.283 28.382 6.88537 0.44273 2 
1.283 28.382 7.40311 0.55705 2 
3.848 28.382 3.68099 0.37348 2 
6.414 28.382 0.00000 -0.00000 0 
8.980 28.382 0.00000 -0.00000 0 
11.545 28.382 0.00000 -0.00000 0 
14.111 28.382 0.00000 -0.00000 0 
16.676 28.382 2.59563 0.24369 2 
19.242 28.382 5.08446 0.55548 2 
21.808 28.382 7.46648 0.93537 2 
24.373 28.382 7.30820 1.12692 2 
26.939 28.382 7.37143 1.02081 2 
29.504 28.382 7.47655 0.86648 2 
32.070 28.382 7.44114 1.04509 2 
34.636 28.382 7.57744 1.04330 2 
37.201 28.382 7.44300 0.97625 2 
39.767 28.382 7.52326 1.12067 2 
42.332 28.382 7.64977 1.14895 2 
44.898 28.382 7.92903 0.97664 2 
47.464 28.382 7.84404 0.94348 2 
50.029 28.382 7.95866 1.11916 2 
52.595 28.382 8.10540 1.24086 2 
55.160 28.382 8.01849 1.03244 2 
57.726 28.382 8.33200 1.00726 2 
60.292 28.382 8.44382 1.16464 2 
62.857 28.382 8.50930 0.90793 2 
65.423 28.382 8.32656 0.98241 2 
67.988 28.382 8.51605 1.01572 2 
70.554 28.382 8.50632 0.88774 2 
73.120 28.382 8.60197 0.78403 2 
75.685 28.382 8.65375 0.98606 2 
78.251 28.382 8.63946 0.41292 2 
80.816 28.382 8.88384 0.78541 2 
83.382 28.382 8.93566 0.59190 2 
85.948 28.382 9.04199 0.39966 2 
88.513 28.382 9.18093 0.41864 2 
91.079 28.382 8.81139 0.35574 2 
93.644 28.382 8.96312 0.05002 2 
96.210 28.382 9.13790 -0.00891 2 
98.776 28.382 9.01541 -0.16903 2 
101.341 28.382 9.09540 -0.47026 2 
103.907 28.382 8.95810 -0.58889 2 
106.472 28.382 8.76111 -0.62330 2 
109.038 28.382 8.72119 -0.90542 2 
111.603 28.382 8.81180 -1.00986 2 
114.169 28.382 8.62562 -1.10317 2 
116.735 28.382 8.25239 -1.45070 2 
119.300 28.382 0.00000 -0.00000 0 
-8.980 25.816 6.93929 0.31304 2 
-6.414 25.816 7.03027 0.27594 2 
-3.848 25.816 6.92902 0.20649 2 
-1.283 25.816 6.93848 0.35586 2 
1.283 25.816 6.89675 0.48508 2 
3.848 25.816 7.36198 0.74696 2 
6.414 25.816 0.00000 -0.00000 0 
8.980 25.816 0.00000 -0.00000 0 
11.545 25.816 0.00000 -0.00000 0 
14.111 25.816 0.00000 -0.00000 0 
16.676 25.816 3.89345 0.36553 2 
19.242 25.816 7.78690 0.73106 2 
21.808 25.816 7.16665 1.04070 2 
24.373 25.816 7.30730 1.08547 2 
26.939 25.816 7.37698 1.05409 2 
29.504 25.816 7.25891 1.19367 2 
32.070 25.816 7.49317 0.96531 2 
34.636 25.816 7.50279 1.24380 2 
37.201 25.816 7.57633 1.26804 2 
39.767 25.816 7.63935 1.01347 2 
42.332 25.816 7.61365 1.14927 2 
44.898 25.816 7.67280 1.24256 2 
47.464 25.816 7.85414 1.21074 2 
50.029 25.816 7.93827 1.11870 2 
52.595 25.816 7.89372 1.15102 2 
55.160 25.816 8.10851 1.07225 2 
57.726 25.816 8.26520 1.30906 2 
60.292 25.816 8.30040 1.02093 2 
62.857 25.816 8.36234 1.29198 2 
65.423 25.816 8.52891 0.96561 2 
67.988 25.816 8.44741 1.05697 2 
70.554 25.816 8.89255 0.91084 2 
73.120 25.816 8.73922 0.72419 2 
75.685 25.816 8.60955 0.93315 2 
78.251 25.816 8.95420 0.66552 2 
80.816 25.816 8.95954 0.89154 2 
83.382 25.816 0.00000 0.00000 0 
85.948 25.816 8.93587 0.70573 2 
88.513 25.816 9.22982 0.38106 2 
91.079 25.816 9.15287 0.12398 2 
93.644 25.816 9.24404 0.33064 2 
96.210 25.816 9.00398 0.20457 2 
98.776 25.816 9.37036 -0.35672 2 
101.341 25.816 9.15428 -0.32657 2 
103.907 25.816 9.42353 -0.63267 2 
106.472 25.816 9.34368 -0.68363 2 
109.038 25.816 9.04807 -1.11459 2 
111.603 25.816 8.65981 -1.23046 2 
114.169 25.816 8.44133 -1.41253 2 
116.735 25.816 8.80114 -1.46911 2 
119.300 25.816 0.00000 -0.00000 0 
-8.980 23.251 7.10193 0.16576 2 
-6.414 23.251 6.99591 0.12341 2 
-3.848 23.251 7.04523 0.27364 2 
-1.283 23.251 6.87340 0.44156 2 
1.283 23.251 6.88977 0.40855 2 
3.848 23.251 7.52849 0.73663 2 
6.414 23.251 0.00000 -0.00000 0 
8.980 23.251 0.00000 -0.00000 0 
11.545 23.251 0.00000 -0.00000 0 
14.111 23.251 0.00000 -0.00000 0 
16.676 23.251 4.08680 0.57711 2 
19.242 23.251 8.17361 1.15422 2 
21.808 23.251 7.05699 1.08408 2 
24.373 23.251 7.08199 1.01603 2 
26.939 23.251 7.13832 1.04739 2 
29.504 23.251 7.29038 1.08859 2 
32.070 23.251 7.37661 1.02848 2 
34.636 23.251 7.54901 1.39452 2 
37.201 23.251 7.69477 0.98021 2 
39.767 23.251 7.64337 1.38369 2 
42.332 23.251 7.77486 1.21507 2 
44.898 23.251 7.78497 1.30986 2 
47.464 23.251 7.87438 1.30187 2 
50.029 23.251 7.95435 1.25598 2 
52.595 23.251 8.26495 1.01924 2 
55.160 23.251 8.06442 1.23984 2 
57.726 23.251 8.23808 1.15848 2 
60.292 23.251 8.64481 1.28090 2 
62.857 23.251 8.56566 1.16263 2 
65.423 23.251 8.39057 1.24628 2 
67.988 23.251 8.61742 1.09232 2 
70.554 23.251 8.64919 1.01172 2 
73.120 23.251 8.88958 1.14471 2 
75.685 23.251 9.31088 0.89818 2 
78.251 23.251 9.15025 1.07543 2 
80.816 23.251 8.94944 1.02035 2 
83.382 23.251 0.00000 0.00000 0 
85.948 23.251 9.34917 0.54652 2 
88.513 23.251 9.50644 0.46175 2 
91.079 23.251 9.27174 0.31846 2 
93.644 23.251 9.27229 0.04644 2 
96.210 23.251 9.47060 -0.21614 2 
98.776 23.251 9.15077 -0.09821 2 
101.341 23.251 9.46527 -0.37968 2 
103.907 23.251 9.24564 -0.47832 2 
106.472 23.251 9.69077 -0.83157 2 
109.038 23.251 9.44677 -1.25799 2 
111.603 23.251 8.98877 -1.60593 2 
114.169 23.251 8.49218 -1.79780 2 
116.735 23.251 8.44373 -2.00973 2 
119.300 23.251 0.00000 -0.00000 0 
-8.980 20.685 6.92143 0.19915 2 
-6.414 20.685 6.91379 0.25318 2 
-3.848 20.685 6.92604 0.22375 2 
-1.283 20.685 6.76447 0.30211 2 
1.283 20.685 6.85159 0.21330 2 
3.848 20.685 7.44475 0.60071 2 
6.414 20.685 0.00000 -0.00000 0 
8.980 20.685 0.00000 -0.00000 0 
11.545 20.685 0.00000 -0.00000 0 
14.111 20.685 0.00000 -0.00000 0 
16.676 20.685 3.63776 0.44365 2 
19.242 20.685 7.27551 0.88730 2 
21.808 20.685 7.01863 1.19680 2 
24.373 20.685 6.99346 1.09533 2 
26.939 20.685 7.35115 1.21911 2 
29.504 20.685 7.17034 1.40017 2 
32.070 20.685 7.31692 1.38907 2 
34.636 20.685 7.29615 1.23890 2 
37.201 20.685 7.54797 1.53179 2 
39.767 20.685 7.68763 1.17059 2 
42.332 20.685 7.61962 1.36538 2 
44.898 20.685 7.77197 1.29831 2 
47.464 20.685 7.92310 1.12775 2 
50.029 20.685 7.91176 1.33043 2 
52.595 20.685 7.93239 1.43244 2 
55.160 20.685 8.30301 1.22693 2 
57.726 20.685 8.28010 1.25796 2 
60.292 20.685 8.15920 1.35669 2 
62.857 20.685 8.47106 1.22413 2 
65.423 20.685 8.86305 1.27463 2 
67.988 20.685 9.26254 1.45843 2 
70.554 20.685 8.83652 1.35404 2 
73.120 20.685 9.37643 1.45177 2 
75.685 20.685 7.74514 0.93198 2 
78.251 20.685 4.57513 0.53772 2 
80.816 20.685 9.51739 0.59524 2 
83.382 20.685 0.00000 0.00000 0 
85.948 20.685 0.00000 0.00000 0 
88.513 20.685 0.00000 0.00000 0 
91.079 20.685 9.55852 -0.18481 2 
93.644 20.685 9.36964 0.00450 2 
96.210 20.685 9.29583 -0.13711 2 
98.776 20.685 9.46674 -0.03533 2 
101.341 20.685 9.75986 -0.48826 2 
103.907 20.685 10.00319 -0.69732 2 
106.472 20.685 10.06412 -1.05925 2 
109.038 20.685 10.12218 -1.57276 2 
111.603 20.685 9.43537 -2.22802 2 
114.169 20.685 8.71113 -2.30927 2 
116.735 20.685 8.55513 -2.51736 2 
119.300 20.685 0.00000 -0.00000 0 
-8.980 18.120 6.99679 0.09952 2 
-6.414 18.120 6.73012 0.14963 2 
-3.848 18.120 6.98686 0.12463 2 
-1.283 18.120 6.65730 0.33498 2 
1.283 18.120 6.74236 0.42438 2 
3.848 18.120 6.54846 0.46513 2 
6.414 18.120 0.00000 -0.00000 0 
8.980 18.120 0.00000 -0.00000 0 
11.545 18.120 0.00000 -0.00000 0 
14.111 18.120 0.00000 -0.00000 0 
16.676 18.120 3.72286 0.61621 2 
19.242 18.120 7.44572 1.23243 2 
21.808 18.120 6.74619 1.26774 2 
24.373 18.120 7.20081 1.25849 2 
26.939 18.120 7.15512 1.37789 2 
29.504 18.120 7.22197 1.54365 2 
32.070 18.120 7.37744 1.30076 2 
34.636 18.120 7.54116 1.52652 2 
37.201 18.120 7.57304 1.35023 2 
39.767 18.120 7.44534 1.54433 2 
42.332 18.120 7.62001 1.58466 2 
44.898 18.120 7.81211 1.43545 2 
47.464 18.120 7.99035 1.51182 2 
50.029 18.120 7.90449 1.47265 2 
52.595 18.120 8.12930 1.50728 2 
55.160 18.120 8.58962 1.19644 2 
57.726 18.120 8.52613 1.24083 2 
60.292 18.120 8.91680 1.43266 2 
62.857 18.120 10.09000 1.21655 2 
65.423 18.120 7.21063 1.34942 2 
67.988 18.120 0.00000 -0.00000 0 
70.554 18.120 0.00000 -0.00000 0 
73.120 18.120 0.00000 -0.00000 0 
75.685 18.120 0.00000 -0.00000 0 
78.251 18.120 0.00000 -0.00000 0 
80.816 18.120 0.00000 -0.00000 0 
83.382 18.120 0.00000 -0.00000 0 
85.948 18.120 -0.30840 0.02846 2 
88.513 18.120 12.33891 -0.02404 2 
91.079 18.120 10.70823 -0.20116 2 
93.644 18.120 9.14222 0.11955 2 
96.210 18.120 10.25582 -0.29801 2 
98.776 18.120 9.69052 -0.46724 2 
101.341 18.120 10.48025 -0.62059 2 
103.907 18.120 9.88462 -0.41565 2 
106.472 18.120 10.89749 -0.74646 2 
109.038 18.120 10.74826 -1.79415 2 
111.603 18.120 9.64566 -2.43529 2 
114.169 18.120 8.54305 -3.07643 2 
116.735 18.120 8.03575 -2.90601 2 
119.300 18.120 0.00000 -0.00000 0 
-8.980 15.554 6.76891 -0.04318 2 
-6.414 15.554 6.72147 0.13522 2 
-3.848 15.554 6.79492 0.18049 2 
-1.283 15.554 6.67880 0.13963 2 
1.283 15.554 6.75869 0.56018 2 
3.848 15.554 6.72346 0.30085 2 
6.414 15.554 0.00000 -0.00000 0 
8.980 15.554 0.00000 -0.00000 0 
11.545 15.554 0.00000 -0.00000 0 
14.111 15.554 0.00000 -0.00000 0 
16.676 15.554 3.42771 0.63505 2 
19.242 15.554 6.85542 1.27011 2 
21.808 15.554 7.00127 1.16698 2 
24.373 15.554 7.09216 1.33339 2 
26.939 15.554 7.17210 1.43021 2 
29.504 15.554 7.17155 1.35923 2 
32.070 15.554 7.25181 1.65504 2 
34.636 15.554 7.47306 1.54145 2 
37.201 15.554 7.44871 1.69810 2 
39.767 15.554 7.62779 1.52600 2 
42.332 15.554 7.92853 1.57430 2 
44.898 15.554 8.09279 1.63018 2 
47.464 15.554 8.23357 1.60593 2 
50.029 15.554 8.19243 1.46265 2 
52.595 15.554 4.06465 0.75364 2 
55.160 15.554 0.00000 -0.00000 0 
57.726 15.554 0.00000 -0.00000 0 
60.292 15.554 0.00000 -0.00000 0 
62.857 15.554 0.00000 -0.00000 0 
65.423 15.554 0.00000 -0.00000 0 
67.988 15.554 0.00000 -0.00000 0 
70.554 15.554 0.00000 -0.00000 0 
73.120 15.554 0.00000 -0.00000 0 
75.685 15.554 0.00000 -0.00000 0 
78.251 15.554 0.00000 -0.00000 0 
80.816 15.554 -0.14455 0.09578 2 
83.382 15.554 0.27125 -0.32381 2 
85.948 15.554 -0.00512 0.08309 2 
88.513 15.554 -0.30779 0.26228 2 
91.079 15.554 -0.40347 -0.06244 2 
93.644 15.554 4.03838 -1.16815 2 
96.210 15.554 5.29635 -0.90023 2 
98.776 15.554 6.49281 -0.23237 2 
101.341 15.554 3.86583 -0.92458 2 
103.907 15.554 7.56341 -1.26077 2 
106.472 15.554 8.63879 -1.21839 2 
109.038 15.554 6.45446 0.10287 2 
111.603 15.554 8.15769 -2.17442 2 
114.169 15.554 8.95648 -3.94500 2 
116.735 15.554 9.94150 -4.94075 2 
119.300 15.554 0.00000 -0.00000 0 
-8.980 12.988 6.80069 -0.15772 2 
-6.414 12.988 6.64010 0.10574 2 
-3.848 12.988 6.58687 0.02695 2 
-1.283 12.988 6.65587 0.16492 2 
1.283 12.988 6.42892 0.14271 2 
3.848 12.988 6.49703 0.28763 2 
6.414 12.988 0.00000 -0.00000 0 
8.980 12.988 0.00000 -0.00000 0 
11.545 12.988 0.00000 -0.00000 0 
14.111 12.988 0.00000 -0.00000 0 
16.676 12.988 3.59310 0.69379 2 
19.242 12.988 7.18620 1.38758 2 
21.808 12.988 6.79696 1.54005 2 
24.373 12.988 6.88531 1.58049 2 
26.939 12.988 7.03607 1.65715 2 
29.504 12.988 7.52663 1.86263 2 
32.070 12.988 7.73023 1.72771 2 
34.636 12.988 7.50859 1.51152 2 
37.201 12.988 7.89025 2.08826 2 
39.767 12.988 3.81389 0.76300 2 
42.332 12.988 0.00000 -0.00000 0 
44.898 12.988 0.00000 -0.00000 0 
47.464 12.988 0.00000 -0.00000 0 
50.029 12.988 0.00000 -0.00000 0 
52.595 12.988 0.00000 -0.00000 0 
55.160 12.988 0.00000 -0.00000 0 
57.726 12.988 0.00000 -0.00000 0 
60.292 12.988 0.00000 -0.00000 0 
62.857 12.988 0.00000 -0.00000 0 
65.423 12.988 0.00000 -0.00000 0 
67.988 12.988 0.00000 -0.00000 0 
70.554 12.988 0.00000 -0.00000 0 
73.120 12.988 0.00000 -0.00000 0 
75.685 12.988 -0.42773 -0.03613 2 
78.251 12.988 -1.27168 -0.23522 2 
80.816 12.988 -1.28376 -0.14435 2 
83.382 12.988 -0.74602 -0.19400 2 
85.948 12.988 0.13432 -0.89593 2 
88.513 12.988 0.04779 -0.50619 2 
91.079 12.988 -0.31179 -1.05096 2 
93.644 12.988 -0.43778 -1.34825 2 
96.210 12.988 0.33687 -1.50244 2 
98.776 12.988 1.48622 -1.40261 2 
101.341 12.988 1.71379 -0.72513 2 
103.907 12.988 1.58934 0.75269 2 
106.472 12.988 -0.18810 0.05407 2 
109.038 12.988 2.16066 1.99989 2 
111.603 12.988 4.76831 -0.78411 2 
114.169 12.988 5.74544 -1.68377 2 
116.735 12.988 5.24580 -2.73779 2 
119.300 12.988 -0.08437 -4.84418 2 
-8.980 10.423 6.89298 -0.09504 2 
-6.414 10.423 6.79830 -0.13741 2 
-3.848 10.423 6.40541 -0.01813 2 
-1.283 10.423 6.47186 -0.01035 2 
1.283 10.423 6.38333 0.04173 2 
3.848 10.423 6.27059 0.27441 2 
6.414 10.423 3.13530 0.13721 2 
8.980 10.423 0.00000 -0.00000 0 
11.545 10.423 0.00000 -0.00000 0 
14.111 10.423 0.00000 -0.00000 0 
16.676 10.423 2.39540 0.46253 2 
19.242 10.423 4.79080 0.92506 2 
21.808 10.423 6.88708 1.75883 2 
24.373 10.423 7.17764 1.78405 2 
26.939 10.423 7.92733 1.86362 2 
29.504 10.423 6.05810 1.19481 2 
32.070 10.423 0.00000 -0.00000 0 
34.636 10.423 0.00000 -0.00000 0 
37.201 10.423 0.00000 -0.00000 0 
39.767 10.423 0.00000 -0.00000 0 
42.332 10.423 0.00000 -0.00000 0 
44.898 10.423 0.00000 -0.00000 0 
47.464 10.423 0.00000 -0.00000 0 
50.029 10.423 0.00000 -0.00000 0 
52.595 10.423 0.00000 -0.00000 0 
55.160 10.423 0.00000 -0.00000 0 
57.726 10.423 0.00000 -0.00000 0 
60.292 10.423 0.00000 -0.00000 0 
62.857 10.423 0.00000 -0.00000 0 
65.423 10.423 0.00000 -0.00000 0 
67.988 10.423 -0.94943 -0.45970 2 
70.554 10.423 -0.41726 0.00767 2 
73.120 10.423 -1.20133 -0.24367 2 
75.685 10.423 -1.30701 -0.39691 2 
78.251 10.423 -2.57842 -0.19647 2 
80.816 10.423 -2.42297 -0.38448 2 
83.382 10.423 -2.26752 -0.57248 2 
85.948 10.423 -1.31800 -1.25158 2 
88.513 10.423 -1.17133 -1.94884 2 
91.079 10.423 -0.22012 -2.03949 2 
93.644 10.423 -0.15782 -0.42741 2 
96.210 10.423 -0.31887 -1.54681 2 
98.776 10.423 -0.23572 -1.13169 2 
101.341 10.423 -0.41320 -0.24410 2 
103.907 10.423 -1.41989 2.03873 2 
106.472 10.423 -1.47310 0.30031 2 
109.038 10.423 -3.66059 -0.12241 2 
111.603 10.423 1.24076 0.46121 2 
114.169 10.423 0.51458 1.61562 2 
116.735 10.423 0.55010 -0.53483 2 
119.300 10.423 0.02458 -3.41080 2 
-8.980 7.857 6.82025 -0.25755 2 
-6.414 7.857 6.55306 -0.28497 2 
-3.848 7.857 6.55502 -0.26925 2 
-1.283 7.857 6.26433 -0.02768 2 
1.283 7.857 6.01905 0.05602 2 
3.848 7.857 6.31723 0.15697 2 
6.414 7.857 3.15862 0.07849 2 
8.980 7.857 0.00000 -0.00000 0 
11.545 7.857 0.00000 -0.00000 0 
14.111 7.857 0.00000 -0.00000 2 
16.676 7.857 1.59693 0.30835 2 
19.242 7.857 2.39540 0.46253 2 
21.808 7.857 0.00000 -0.00000 0 
24.373 7.857 0.00000 -0.00000 0 
26.939 7.857 0.00000 -0.00000 0 
29.504 7.857 0.00000 -0.00000 0 
32.070 7.857 0.00000 -0.00000 0 
34.636 7.857 0.00000 -0.00000 0 
37.201 7.857 0.00000 -0.00000 0 
39.767 7.857 0.00000 -0.00000 0 
42.332 7.857 0.00000 -0.00000 0 
44.898 7.857 0.00000 -0.00000 0 
47.464 7.857 0.00000 -0.00000 0 
50.029 7.857 0.00000 -0.00000 0 
52.595 7.857 0.00000 -0.00000 0 
55.160 7.857 0.00000 -0.00000 0 
57.726 7.857 0.00000 -0.00000 0 
60.292 7.857 -0.29762 -0.10562 2 
62.857 7.857 -0.38601 0.04518 2 
65.423 7.857 -0.91365 -0.17517 2 
67.988 7.857 -1.89886 -0.91940 2 
70.554 7.857 -1.03065 -0.39226 2 
73.120 7.857 -1.34483 -0.60896 2 
75.685 7.857 -2.18630 -0.75769 2 
78.251 7.857 -2.30076 0.04618 2 
80.816 7.857 -2.45571 -0.02493 2 
83.382 7.857 -2.61065 -0.09604 2 
85.948 7.857 -2.77032 -1.60722 2 
88.513 7.857 -1.18385 -1.79318 2 
91.079 7.857 0.05960 -1.04882 2 
93.644 7.857 -1.17484 -0.14240 2 
96.210 7.857 -1.00295 0.24336 2 
98.776 7.857 -0.87544 0.64380 2 
101.341 7.857 -2.16571 0.95045 2 
103.907 7.857 -1.16365 2.61290 2 
106.472 7.857 -1.55796 0.92946 2 
109.038 7.857 -2.47414 1.35530 2 
111.603 7.857 -2.28680 1.70652 2 
114.169 7.857 -1.58464 0.00389 2 
116.735 7.857 0.24587 0.03887 2 
119.300 7.857 0.13352 -1.97742 2 
-8.980 5.292 6.78588 -0.38510 2 
-6.414 5.292 6.53500 -0.39175 2 
-3.848 5.292 6.23909 -0.27541 2 
-1.283 5.292 6.20094 -0.31997 2 
1.283 5.292 6.07394 -0.26213 2 
3.848 5.292 4.13039 -0.03505 2 
6.414 5.292 2.06520 -0.01753 2 
8.980 5.292 0.00000 -0.00000 0 
11.545 5.292 0.00000 -0.00000 0 
14.111 5.292 0.00000 -0.00000 0 
16.676 5.292 0.00000 -0.00000 0 
19.242 5.292 0.00000 -0.00000 0 
21.808 5.292 0.00000 -0.00000 0 
24.373 5.292 0.00000 -0.00000 0 
26.939 5.292 0.00000 -0.00000 0 
29.504 5.292 0.00000 -0.00000 0 
32.070 5.292 0.00000 -0.00000 0 
34.636 5.292 0.00000 -0.00000 0 
37.201 5.292 0.00000 -0.00000 0 
39.767 5.292 0.00000 -0.00000 0 
42.332 5.292 0.00000 -0.00000 0 
44.898 5.292 0.00000 -0.00000 0 
47.464 5.292 0.00000 -0.00000 0 
50.029 5.292 0.00000 -0.00000 0 
52.595 5.292 -0.18217 -0.15309 2 
55.160 5.292 0.06408 -0.08242 2 
57.726 5.292 -0.12662 -0.03751 2 
60.292 5.292 -0.59524 -0.21123 2 
62.857 5.292 -2.06200 -0.78281 2 
65.423 5.292 -1.57458 -1.06899 2 
67.988 5.292 -2.42322 -1.42315 2 
70.554 5.292 -1.64404 -0.79219 2 
73.120 5.292 -1.48833 -0.97425 2 
75.685 5.292 -1.88959 -0.12306 2 
78.251 5.292 -1.99819 0.26645 2 
80.816 5.292 -2.25477 0.32371 2 
83.382 5.292 -2.62628 0.14538 2 
85.948 5.292 -2.30850 -1.19812 2 
88.513 5.292 -2.94736 -1.35001 2 
91.079 5.292 -1.43221 -1.82484 2 
93.644 5.292 -2.85147 -0.42541 2 
96.210 5.292 -1.60128 1.27768 2 
98.776 5.292 -1.51515 2.41930 2 
101.341 5.292 -0.52272 2.99447 2 
103.907 5.292 -0.90740 3.18706 2 
106.472 5.292 -1.64283 1.55861 2 
109.038 5.292 -1.28770 2.83300 2 
111.603 5.292 -1.23074 1.46345 2 
114.169 5.292 -0.90235 0.82147 2 
116.735 5.292 -0.05836 0.61257 2 
119.300 5.292 0.40655 -0.84283 2 
-8.980 2.726 6.75977 -0.50604 2 
-6.414 2.726 6.66856 -0.71267 2 
-3.848 2.726 6.31650 -0.67602 2 
-1.283 2.726 6.25296 -0.47525 2 
1.283 2.726 5.86242 -0.46621 2 
3.848 2.726 2.93121 -0.23311 2 
6.414 2.726 0.00000 -0.00000 0 
8.980 2.726 0.00000 -0.00000 0 
11.545 2.726 0.00000 -0.00000 0 
14.111 2.726 0.00000 -0.00000 0 
16.676 2.726 0.00000 -0.00000 0 
19.242 2.726 0.00000 -0.00000 0 
21.808 2.726 0.00000 -0.00000 0 
24.373 2.726 0.00000 -0.00000 0 
26.939 2.726 0.00000 -0.00000 0 
29.504 2.726 0.00000 -0.00000 0 
32.070 2.726 0.00000 -0.00000 0 
34.636 2.726 0.00000 -0.00000 0 
37.201 2.726 0.00000 -0.00000 0 
39.767 2.726 0.00000 -0.00000 0 
42.332 2.726 0.00000 -0.00000 0 
44.898 2.726 0.00000 -0.00000 0 
47.464 2.726 -0.22504 -0.06617 2 
50.029 2.726 -0.21505 0.09306 2 
52.595 2.726 -0.36433 -0.30618 2 
55.160 2.726 -0.47810 -0.03272 2 
57.726 2.726 -0.57008 -0.43982 2 
60.292 2.726 -0.92486 -0.72384 2 
62.857 2.726 -1.89931 -1.28768 2 
65.423 2.726 -1.63019 -1.17591 2 
67.988 2.726 -2.04955 -0.96139 2 
70.554 2.726 -1.82164 -1.46097 2 
73.120 2.726 -0.77857 -1.11491 2 
75.685 2.726 -0.64505 -0.18730 2 
78.251 2.726 -1.69562 0.48673 2 
80.816 2.726 -2.25393 0.10758 2 
83.382 2.726 -0.66676 0.38836 2 
85.948 2.726 -2.74977 -0.79732 2 
88.513 2.726 -2.95451 -0.24329 2 
91.079 2.726 -1.84520 -1.17047 2 
93.644 2.726 0.07329 -0.16032 2 
96.210 2.726 -2.11384 1.55614 2 
98.776 2.726 -0.16687 2.80624 2 
101.341 2.726 0.69684 2.98726 2 
103.907 2.726 -0.36952 2.00055 2 
106.472 2.726 -0.52756 2.57066 2 
109.038 2.726 -0.52007 1.66116 2 
111.603 2.726 -0.17469 1.22037 2 
114.169 2.726 -0.22005 1.63906 2 
116.735 2.726 0.17016 1.17578 2 
119.300 2.726 0.42896 0.18320 2 
-8.980 0.160 6.74550 -0.61495 2 
-6.414 0.160 6.51929 -0.63011 2 
-3.848 0.160 6.29267 -0.74840 2 
-1.283 0.160 6.16543 -0.73173 2 
1.283 0.160 5.89145 -0.60705 2 
3.848 0.160 0.00000 -0.00000 0 
6.414 0.160 0.00000 -0.00000 0 
8.980 0.160 0.00000 -0.00000 0 
11.545 0.160 0.00000 -0.00000 0 
14.111 0.160 0.00000 -0.00000 0 
16.676 0.160 0.00000 -0.00000 0 
19.242 0.160 0.00000 -0.00000 0 
21.808 0.160 0.00000 -0.00000 0 
24.373 0.160 0.00000 -0.00000 0 
26.939 0.160 0.00000 -0.00000 0 
29.504 0.160 0.00000 -0.00000 0 
32.070 0.160 0.00000 -0.00000 0 
34.636 0.160 0.00000 -0.00000 0 
37.201 0.160 0.00000 -0.00000 0 
39.767 0.160 -0.23053 -0.11940 2 
42.332 0.160 -0.16473 -0.12631 2 
44.898 0.160 -0.03313 -0.14014 2 
47.464 0.160 -0.45009 -0.13235 2 
50.029 0.160 -0.50353 -0.34375 2 
52.595 0.160 -0.40568 -0.25971 2 
55.160 0.160 -0.45539 0.05815 2 
57.726 0.160 -1.01354 -0.84214 2 
60.292 0.160 -1.25447 -1.23644 2 
62.857 0.160 -1.73661 -1.79254 2 
65.423 0.160 -1.68579 -1.28282 2 
67.988 0.160 -1.46664 -1.35845 2 
70.554 0.160 -0.78673 -1.24668 2 
73.120 0.160 -0.60352 -0.45013 2 
75.685 0.160 0.31494 -0.36547 2 
78.251 0.160 -0.18797 -0.47455 2 
80.816 0.160 -1.19296 -0.53767 2 
83.382 0.160 -1.08414 0.57476 2 
85.948 0.160 -1.30824 -0.52078 2 
88.513 0.160 0.21905 0.68835 2 
91.079 0.160 -2.25819 -0.51609 2 
93.644 0.160 2.99806 0.10478 2 
96.210 0.160 -0.79084 1.11680 2 
98.776 0.160 0.17719 1.74362 2 
101.341 0.160 0.71830 2.27976 2 
103.907 0.160 1.22006 2.06502 2 
106.472 0.160 0.62198 2.28043 2 
109.038 0.160 0.24756 0.48932 2 
111.603 0.160 0.88137 0.97730 2 
114.169 0.160 0.32041 0.96292 2 
116.735 0.160 0.39868 1.73899 2 
119.300 0.160 0.45136 1.20923 2 
-8.980 -2.405 6.85418 -0.70179 2 
-6.414 -2.405 6.64268 -0.75206 2 
-3.848 -2.405 6.45900 -0.86930 2 
-1.283 -2.405 6.69378 -1.12209 2 
1.283 -2.405 0.00000 -0.00000 0 
3.848 -2.405 0.00000 -0.00000 0 
6.414 -2.405 0.00000 -0.00000 0 
8.980 -2.405 0.00000 -0.00000 0 
11.545 -2.405 0.00000 -0.00000 0 
14.111 -2.405 0.00000 -0.00000 0 
16.676 -2.405 0.00000 -0.00000 0 
19.242 -2.405 0.00000 -0.00000 0 
21.808 -2.405 0.00000 -0.00000 0 
24.373 -2.405 0.00000 -0.00000 0 
26.939 -2.405 0.00000 -0.00000 0 
29.504 -2.405 0.00000 -0.00000 0 
32.070 -2.405 -0.91374 -0.02875 2 
34.636 -2.405 -0.89769 -0.12828 2 
37.201 -2.405 -0.65769 0.03950 2 
39.767 -2.405 -0.46106 -0.23880 2 
42.332 -2.405 -0.70284 -0.17146 2 
44.898 -2.405 -0.94462 -0.10413 2 
47.464 -2.405 -0.55037 -0.17747 2 
50.029 -2.405 0.47540 -0.18550 2 
52.595 -2.405 -0.44703 -0.21325 2 
55.160 -2.405 -0.43267 0.14901 2 
57.726 -2.405 -0.11329 -0.16984 2 
60.292 -2.405 -0.50485 -1.53875 2 
62.857 -2.405 -0.27883 -1.97729 2 
65.423 -2.405 -1.63103 -1.08611 2 
67.988 -2.405 -0.64416 -0.77164 2 
70.554 -2.405 -0.14709 0.01316 2 
73.120 -2.405 0.51636 0.06785 2 
75.685 -2.405 0.94412 0.16106 2 
78.251 -2.405 0.81173 -0.37562 2 
80.816 -2.405 -0.02637 -0.61081 2 
83.382 -2.405 -0.04756 0.24823 2 
85.948 -2.405 0.13329 -0.24424 2 
88.513 -2.405 1.68094 1.34059 2 
91.079 -2.405 2.38978 0.87842 2 
93.644 -2.405 2.11688 1.65241 2 
96.210 -2.405 3.21965 1.71862 2 
98.776 -2.405 1.26198 1.10940 2 
101.341 -2.405 1.85652 1.99145 2 
103.907 -2.405 1.62077 1.76919 2 
106.472 -2.405 1.89171 2.34734 2 
109.038 -2.405 3.09563 1.04122 2 
111.603 -2.405 1.90636 0.20964 2 
114.169 -2.405 1.33945 0.40820 2 
116.735 -2.405 0.03158 0.55409 2 
119.300 -2.405 0.23201 0.80117 2 
-8.980 -4.971 6.96285 -0.78864 2 
-6.414 -4.971 6.71336 -0.95311 2 
-3.848 -4.971 6.70403 -1.02546 2 
-1.283 -4.971 6.46743 -1.19672 2 
1.283 -4.971 0.00000 -0.00000 0 
3.848 -4.971 0.00000 -0.00000 0 
6.414 -4.971 0.00000 -0.00000 0 
8.980 -4.971 0.00000 -0.00000 0 
11.545 -4.971 0.00000 -0.00000 0 
14.111 -4.971 0.00000 -0.00000 0 
16.676 -4.971 0.00000 -0.00000 0 
19.242 -4.971 0.00000 -0.00000 0 
21.808 -4.971 0.00000 -0.00000 0 
24.373 -4.971 -0.77525 -0.15844 2 
26.939 -4.971 -1.03192 -0.11969 2 
29.504 -4.971 -0.96963 -0.25831 2 
32.070 -4.971 -1.18070 -0.11533 2 
34.636 -4.971 -1.21681 -0.18557 2 
37.201 -4.971 -1.08037 0.13425 2 
39.767 -4.971 -0.96912 0.04825 2 
42.332 -4.971 -0.51198 0.18289 2 
44.898 -4.971 -0.05484 0.31754 2 
47.464 -4.971 0.10220 -0.45749 2 
50.029 -4.971 1.45433 -0.02725 2 
52.595 -4.971 1.37990 0.35213 2 
55.160 -4.971 1.15498 0.70215 2 
57.726 -4.971 -0.13374 1.04714 2 
60.292 -4.971 -0.04708 -1.32157 2 
62.857 -4.971 1.17896 -2.16205 2 
65.423 -4.971 0.73064 -2.15653 2 
67.988 -4.971 1.42141 0.23600 2 
70.554 -4.971 2.57266 0.67422 2 
73.120 -4.971 2.72166 -0.07747 2 
75.685 -4.971 3.07532 0.26096 2 
78.251 -4.971 3.75128 0.52891 2 
80.816 -4.971 4.64891 0.82666 2 
83.382 -4.971 5.51087 1.01801 2 
85.948 -4.971 3.56335 0.42148 2 
88.513 -4.971 3.62731 0.42991 2 
91.079 -4.971 4.20833 0.37990 2 
93.644 -4.971 2.95352 2.38425 2 
96.210 -4.971 2.24096 1.84654 2 
98.776 -4.971 1.84983 1.70119 2 
101.341 -4.971 2.50354 1.42546 2 
103.907 -4.971 2.61852 1.27663 2 
106.472 -4.971 2.57071 0.33900 2 
109.038 -4.971 3.43735 1.53466 2 
111.603 -4.971 2.31175 1.70826 2 
114.169 -4.971 3.29724 0.69866 2 
116.735 -4.971 3.61600 1.02782 2 
119.300 -4.971 0.00000 -0.00000 0 
-8.980 -7.536 6.84520 -0.92893 2 
-6.414 -7.536 6.90076 -0.98070 2 
-3.848 -7.536 6.67011 -1.21272 2 
-1.283 -7.536 6.58526 -1.29222 2 
1.283 -7.536 6.52416 -1.73419 2 
3.848 -7.536 0.00000 -0.00000 0 
6.414 -7.536 5.49787 -2.19846 2 
8.980 -7.536 -3.08799 -1.57252 2 
11.545 -7.536 -1.01452 -1.72909 2 
14.111 -7.536 -0.35485 -0.08641 2 
16.676 -7.536 -0.71318 0.23805 2 
19.242 -7.536 4.47280 -1.11867 2 
21.808 -7.536 -1.19210 -0.10424 2 
24.373 -7.536 -1.55050 -0.31688 2 
26.939 -7.536 -0.62325 -0.12710 2 
29.504 -7.536 -0.74705 -0.16995 2 
32.070 -7.536 -1.39688 -0.02550 2 
34.636 -7.536 -0.87479 -0.09334 2 
37.201 -7.536 -1.60328 -0.18466 2 
39.767 -7.536 -0.60292 -0.01189 2 
42.332 -7.536 0.39744 0.16089 2 
44.898 -7.536 1.46189 0.26656 2 
47.464 -7.536 0.75579 -0.15784 2 
50.029 -7.536 1.69436 -0.50055 2 
52.595 -7.536 1.19574 0.52759 2 
55.160 -7.536 2.74264 1.25529 2 
57.726 -7.536 3.30350 -0.09128 2 
60.292 -7.536 3.67037 -1.22439 2 
62.857 -7.536 1.07397 -0.46851 2 
65.423 -7.536 2.88609 -1.00549 2 
67.988 -7.536 2.93259 -0.59085 2 
70.554 -7.536 3.15452 0.58876 2 
73.120 -7.536 3.27986 -0.73743 2 
75.685 -7.536 3.29534 0.78005 2 
78.251 -7.536 3.79958 1.25569 2 
80.816 -7.536 2.53514 0.18659 2 
83.382 -7.536 3.23158 0.86656 2 
85.948 -7.536 5.25480 1.22408 2 
88.513 -7.536 3.63696 2.57545 2 
91.079 -7.536 5.62997 1.47380 2 
93.644 -7.536 5.73633 2.46701 2 
96.210 -7.536 4.99693 1.75173 2 
98.776 -7.536 3.40574 1.31628 2 
101.341 -7.536 3.63444 1.82222 2 
103.907 -7.536 3.42216 1.65612 2 
106.472 -7.536 3.11570 0.99560 2 
109.038 -7.536 2.80924 0.33508 2 
111.603 -7.536 2.40306 0.73574 2 
114.169 -7.536 4.80487 1.33992 2 
116.735 -7.536 5.80195 2.38267 2 
119.300 -7.536 0.00000 -0.00000 0 
-8.980 -10.102 7.07644 -0.87994 2 
-6.414 -10.102 7.00123 -0.93731 2 
-3.848 -10.102 6.97464 -1.37058 2 
-1.283 -10.102 6.88900 -1.43473 2 
1.283 -10.102 6.86692 -1.91426 2 
3.848 -10.102 6.85675 -2.22986 2 
6.414 -10.102 7.15333 -2.78737 2 
8.980 -10.102 2.30348 -2.10773 2 
11.545 -10.102 3.62271 -2.21479 2 
14.111 -10.102 4.23505 -1.42223 2 
16.676 -10.102 8.88532 -2.80368 2 
19.242 -10.102 8.94560 -2.23733 2 
21.808 -10.102 8.79025 -1.34456 2 
24.373 -10.102 4.48527 -0.16033 2 
26.939 -10.102 4.69725 -0.80260 2 
29.504 -10.102 4.08802 -0.41078 2 
32.070 -10.102 4.50768 -0.60125 2 
34.636 -10.102 4.78365 -0.25002 2 
37.201 -10.102 2.91067 0.20151 2 
39.767 -10.102 2.75740 0.43344 2 
42.332 -10.102 1.45051 0.72451 2 
44.898 -10.102 2.33368 -0.25350 2 
47.464 -10.102 1.86385 -0.39277 2 
50.029 -10.102 1.93439 -0.97384 2 
52.595 -10.102 1.01158 0.70305 2 
55.160 -10.102 2.01001 -0.44036 2 
57.726 -10.102 3.09662 0.90660 2 
60.292 -10.102 3.54724 1.19746 2 
62.857 -10.102 3.62846 0.65830 2 
65.423 -10.102 5.04154 0.14555 2 
67.988 -10.102 7.16825 0.21318 2 
70.554 -10.102 4.68713 -0.48024 2 
73.120 -10.102 4.85518 -0.68018 2 
75.685 -10.102 5.07628 0.56453 2 
78.251 -10.102 5.99702 1.11438 2 
80.816 -10.102 3.96677 0.20088 2 
83.382 -10.102 6.24995 1.49636 2 
85.948 -10.102 6.09228 1.02956 2 
88.513 -10.102 6.00652 2.07520 2 
91.079 -10.102 7.05160 2.56770 2 
93.644 -10.102 7.40226 2.11231 2 
96.210 -10.102 7.75291 1.65691 2 
98.776 -10.102 4.92003 1.41119 2 
101.341 -10.102 5.43438 1.18404 2 
103.907 -10.102 5.62793 1.24653 2 
106.472 -10.102 5.37860 0.79754 2 
109.038 -10.102 5.86029 1.01755 2 
111.603 -10.102 4.96088 1.77556 2 
114.169 -10.102 6.54581 1.60585 2 
116.735 -10.102 6.43934 1.93760 2 
119.300 -10.102 0.00000 -0.00000 0 
-8.980 -12.668 7.22284 -1.00591 2 
-6.414 -12.668 7.16818 -1.12175 2 
-3.848 -12.668 7.21649 -1.27291 2 
-1.283 -12.668 7.15204 -1.63591 2 
1.283 -12.668 7.08922 -1.89066 2 
3.848 -12.668 7.33384 -2.07672 2 
6.414 -12.668 7.24109 -2.45329 2 
8.980 -12.668 7.69494 -2.64294 2 
11.545 -12.668 8.25995 -2.70050 2 
14.111 -12.668 8.82495 -2.75805 2 
16.676 -12.668 9.08204 -2.50029 2 
19.242 -12.668 9.59946 -2.47539 2 
21.808 -12.668 9.66641 -2.28919 2 
24.373 -12.668 9.35384 -2.48949 2 
26.939 -12.668 10.01775 -1.47810 2 
29.504 -12.668 8.92310 -0.65160 2 
32.070 -12.668 11.30167 -0.76017 2 
34.636 -12.668 10.44210 -0.40671 2 
37.201 -12.668 7.42463 0.58768 2 
39.767 -12.668 6.12951 0.35022 2 
42.332 -12.668 5.06421 0.37097 2 
44.898 -12.668 7.52356 -0.48788 2 
47.464 -12.668 5.30067 -1.64082 2 
50.029 -12.668 5.06186 -1.55518 2 
52.595 -12.668 5.49426 0.11880 2 
55.160 -12.668 4.95500 0.71029 2 
57.726 -12.668 4.85284 0.99784 2 
60.292 -12.668 4.99523 0.10937 2 
62.857 -12.668 5.72152 0.02446 2 
65.423 -12.668 6.18129 0.24073 2 
67.988 -12.668 7.89171 0.07934 2 
70.554 -12.668 5.48527 -0.58490 2 
73.120 -12.668 7.32397 0.89316 2 
75.685 -12.668 6.85722 0.34900 2 
78.251 -12.668 8.19446 0.97307 2 
80.816 -12.668 8.42346 2.02323 2 
83.382 -12.668 9.26833 2.12616 2 
85.948 -12.668 8.37676 1.32551 2 
88.513 -12.668 8.37608 1.57494 2 
91.079 -12.668 8.15858 1.89055 2 
93.644 -12.668 6.80583 1.47054 2 
96.210 -12.668 5.45309 1.05052 2 
98.776 -12.668 6.43432 1.50610 2 
101.341 -12.668 7.41556 1.96167 2 
103.907 -12.668 7.83370 0.83693 2 
106.472 -12.668 8.37252 1.26848 2 
109.038 -12.668 8.91134 1.70002 2 
111.603 -12.668 8.23942 2.04830 2 
114.169 -12.668 8.99856 2.08273 2 
116.735 -12.668 7.74950 2.04572 2 
119.300 -12.668 0.00000 -0.00000 0 
-8.980 -15.233 7.29629 -0.97426 2 
-6.414 -15.233 7.31720 -1.07697 2 
-3.848 -15.233 7.16449 -1.43868 2 
-1.283 -15.233 7.35972 -1.56130 2 
1.283 -15.233 7.20170 -1.73453 2 
3.848 -15.233 7.28605 -1.98307 2 
6.414 -15.233 7.55016 -2.17405 2 
8.980 -15.233 7.93914 -2.41788 2 
11.545 -15.233 8.33579 -2.39213 2 
14.111 -15.233 8.63221 -2.39239 2 
16.676 -15.233 8.84623 -2.33100 2 
19.242 -15.233 9.04070 -2.36886 2 
21.808 -15.233 9.28219 -1.84733 2 
24.373 -15.233 9.61042 -2.20570 2 
26.939 -15.233 9.84325 -1.52216 2 
29.504 -15.233 9.62842 -1.46315 2 
32.070 -15.233 9.68358 -1.44348 2 
34.636 -15.233 10.16734 -1.32196 2 
37.201 -15.233 10.34889 -0.54051 2 
39.767 -15.233 9.51340 -0.26154 2 
42.332 -15.233 8.67791 0.01743 2 
44.898 -15.233 8.70852 -0.94792 2 
47.464 -15.233 9.66862 -1.35890 2 
50.029 -15.233 9.10000 -0.82684 2 
52.595 -15.233 7.87380 0.04869 2 
55.160 -15.233 7.65924 -1.38376 2 
57.726 -15.233 7.35864 0.88811 2 
60.292 -15.233 8.02847 0.39027 2 
62.857 -15.233 8.77504 -0.07064 2 
65.423 -15.233 7.32104 0.33591 2 
67.988 -15.233 8.61517 -0.05449 2 
70.554 -15.233 6.28341 -0.68956 2 
73.120 -15.233 8.09630 0.19895 2 
75.685 -15.233 9.53131 1.41476 2 
78.251 -15.233 8.97470 1.57878 2 
80.816 -15.233 8.81090 2.18587 2 
83.382 -15.233 8.60369 2.12719 2 
85.948 -15.233 8.71862 1.61959 2 
88.513 -15.233 8.92474 1.36992 2 
91.079 -15.233 9.26556 1.21340 2 
93.644 -15.233 8.08538 1.65103 2 
96.210 -15.233 8.39680 1.58803 2 
98.776 -15.233 8.66837 1.47593 2 
101.341 -15.233 8.93995 1.36382 2 
103.907 -15.233 9.11564 1.73762 2 
106.472 -15.233 9.04996 1.80092 2 
109.038 -15.233 8.91016 2.02967 2 
111.603 -15.233 9.08185 1.98379 2 
114.169 -15.233 8.71036 1.84080 2 
116.735 -15.233 9.05967 2.15384 2 
119.300 -15.233 0.00000 -0.00000 0 
-8.980 -17.799 7.33440 -1.17816 2 
-6.414 -17.799 7.19804 -0.93219 2 
-3.848 -17.799 7.34619 -1.29304 2 
-1.283 -17.799 7.35280 -1.56242 2 
1.283 -17.799 7.49572 -1.68877 2 
3.848 -17.799 7.66191 -2.03431 2 
6.414 -17.799 7.82751 -2.00224 2 
8.980 -17.799 8.04330 -2.13937 2 
11.545 -17.799 8.39784 -2.29380 2 
14.111 -17.799 8.59928 -2.17719 2 
16.676 -17.799 8.86762 -2.21464 2 
19.242 -17.799 8.98285 -2.09557 2 
21.808 -17.799 9.02544 -2.02427 2 
24.373 -17.799 9.24402 -1.73565 2 
26.939 -17.799 9.58163 -1.62809 2 
29.504 -17.799 9.47325 -1.43692 2 
32.070 -17.799 9.56990 -1.29878 2 
34.636 -17.799 9.95135 -1.17351 2 
37.201 -17.799 9.93474 -0.74036 2 
39.767 -17.799 9.47508 -0.44048 2 
42.332 -17.799 9.25683 -0.66292 2 
44.898 -17.799 9.16295 -0.89338 2 
47.464 -17.799 9.36923 -1.04956 2 
50.029 -17.799 9.44946 -1.21958 2 
52.595 -17.799 10.16955 -1.32794 2 
55.160 -17.799 9.26319 -1.37110 2 
57.726 -17.799 9.34811 0.22156 2 
60.292 -17.799 9.44629 0.58933 2 
62.857 -17.799 9.10952 0.17310 2 
65.423 -17.799 9.23953 -0.37411 2 
67.988 -17.799 8.85695 -0.92148 2 
70.554 -17.799 7.87674 -0.40789 2 
73.120 -17.799 8.86863 -0.49526 2 
75.685 -17.799 7.56815 0.07540 2 
78.251 -17.799 8.38325 1.21195 2 
80.816 -17.799 9.46705 1.99664 2 
83.382 -17.799 9.53424 2.01189 2 
85.948 -17.799 9.53115 1.82110 2 
88.513 -17.799 9.24204 1.25575 2 
91.079 -17.799 9.84855 1.10365 2 
93.644 -17.799 9.75519 1.25043 2 
96.210 -17.799 9.31291 1.55743 2 
98.776 -17.799 9.25903 1.44523 2 
101.341 -17.799 9.12474 2.04021 2 
103.907 -17.799 8.99757 1.95714 2 
106.472 -17.799 9.17245 1.95762 2 
109.038 -17.799 8.86441 1.85172 2 
111.603 -17.799 8.77572 1.97003 2 
114.169 -17.799 8.66638 1.96322 2 
116.735 -17.799 8.76330 2.02493 2 
119.300 -17.799 0.00000 -0.00000 0 
-8.980 -20.364 7.45684 -1.04524 2 
-6.414 -20.364 7.40058 -1.26538 2 
-3.848 -20.364 7.50183 -1.20575 2 
-1.283 -20.364 7.48344 -1.38262 2 
1.283 -20.364 7.52942 -1.52189 2 
3.848 -20.364 7.74680 -1.63612 2 
6.414 -20.364 7.85048 -1.81273 2 
8.980 -20.364 8.22046 -1.99315 2 
11.545 -20.364 8.29327 -1.87448 2 
14.111 -20.364 8.60441 -2.07092 2 
16.676 -20.364 8.72448 -1.95041 2 
19.242 -20.364 8.97179 -1.92267 2 
21.808 -20.364 9.14302 -1.69230 2 
24.373 -20.364 9.07559 -1.60244 2 
26.939 -20.364 9.30142 -1.50132 2 
29.504 -20.364 9.55298 -1.32802 2 
32.070 -20.364 9.46710 -1.17631 2 
34.636 -20.364 9.54892 -1.11942 2 
37.201 -20.364 9.58502 -0.78561 2 
39.767 -20.364 9.29850 -0.80058 2 
42.332 -20.364 9.18700 -0.85500 2 
44.898 -20.364 9.29158 -0.88062 2 
47.464 -20.364 9.38036 -1.06625 2 
50.029 -20.364 9.75108 -1.03730 2 
52.595 -20.364 10.05186 -0.94725 2 
55.160 -20.364 10.41592 -0.77964 2 
57.726 -20.364 10.41145 -0.03256 2 
60.292 -20.364 9.97757 0.30536 2 
62.857 -20.364 9.64072 0.08080 2 
65.423 -20.364 9.30554 -0.45795 2 
67.988 -20.364 9.33978 -0.76425 2 
70.554 -20.364 9.47008 -0.12623 2 
73.120 -20.364 8.83623 -0.62896 2 
75.685 -20.364 8.44692 -0.02972 2 
78.251 -20.364 9.74233 1.23111 2 
80.816 -20.364 10.12320 1.80742 2 
83.382 -20.364 10.00633 1.40885 2 
85.948 -20.364 9.82733 1.32466 2 
88.513 -20.364 9.45882 1.13818 2 
91.079 -20.364 9.54283 1.20596 2 
93.644 -20.364 9.60245 1.32334 2 
96.210 -20.364 9.53223 1.25169 2 
98.776 -20.364 9.35122 1.39862 2 
101.341 -20.364 9.24148 1.72263 2 
103.907 -20.364 9.05783 1.62322 2 
106.472 -20.364 8.92222 1.57918 2 
109.038 -20.364 9.00443 1.66919 2 
111.603 -20.364 8.71974 1.74310 2 
114.169 -20.364 8.76710 1.65099 2 
116.735 -20.364 9.03332 1.73547 2 
119.300 -20.364 0.00000 -0.00000 0 
-8.980 -22.930 7.34723 -1.02516 2 
-6.414 -22.930 7.58898 -0.99408 2 
-3.848 -22.930 7.51280 -1.28088 2 
-1.283 -22.930 7.60031 -1.30597 2 
1.283 -22.930 7.77260 -1.44744 2 
3.848 -22.930 7.79009 -1.52025 2 
6.414 -22.930 7.99630 -1.68672 2 
8.980 -22.930 8.31860 -1.65927 2 
11.545 -22.930 8.44995 -1.86281 2 
14.111 -22.930 8.48793 -1.76908 2 
16.676 -22.930 8.70453 -1.58229 2 
19.242 -22.930 8.85677 -1.68599 2 
21.808 -22.930 8.95469 -1.66871 2 
24.373 -22.930 9.15634 -1.52636 2 
26.939 -22.930 9.11077 -1.27651 2 
29.504 -22.930 9.18281 -1.13688 2 
32.070 -22.930 9.21649 -1.07343 2 
34.636 -22.930 9.46931 -0.95370 2 
37.201 -22.930 9.27756 -0.96628 2 
39.767 -22.930 9.36229 -0.77805 2 
42.332 -22.930 9.41022 -0.88241 2 
44.898 -22.930 9.31755 -0.88041 2 
47.464 -22.930 9.45113 -0.74940 2 
50.029 -22.930 9.65358 -0.93133 2 
52.595 -22.930 9.78230 -0.66779 2 
55.160 -22.930 9.96604 -0.66116 2 
57.726 -22.930 10.10325 -0.25659 2 
60.292 -22.930 9.74011 -0.19930 2 
62.857 -22.930 9.75408 -0.20974 2 
65.423 -22.930 9.50450 -0.33426 2 
67.988 -22.930 9.80704 -0.59744 2 
70.554 -22.930 10.00997 -0.61747 2 
73.120 -22.930 9.44189 -0.30578 2 
75.685 -22.930 10.43551 0.21922 2 
78.251 -22.930 10.46879 0.90321 2 
80.816 -22.930 10.14034 0.95626 2 
83.382 -22.930 9.90567 0.98196 2 
85.948 -22.930 9.79271 1.21439 2 
88.513 -22.930 9.69446 1.09881 2 
91.079 -22.930 9.53561 0.98208 2 
93.644 -22.930 9.39685 1.26282 2 
96.210 -22.930 9.38597 1.22929 2 
98.776 -22.930 9.23315 1.31524 2 
101.341 -22.930 9.03742 1.57692 2 
103.907 -22.930 8.92420 1.47351 2 
106.472 -22.930 9.03945 1.70333 2 
109.038 -22.930 8.93323 1.89893 2 
111.603 -22.930 8.85735 1.50171 2 
114.169 -22.930 8.55042 1.62568 2 
116.735 -22.930 8.85485 1.58923 2 
119.300 -22.930 0.00000 -0.00000 0 
-8.980 -25.496 7.75913 -0.99782 2 
-6.414 -25.496 7.75908 -1.14263 2 
-3.848 -25.496 7.68059 -1.10736 2 
-1.283 -25.496 7.69293 -1.33770 2 
1.283 -25.496 7.82776 -1.31656 2 
3.848 -25.496 7.92148 -1.43173 2 
6.414 -25.496 8.10878 -1.39357 2 
8.980 -25.496 8.30533 -1.49342 2 
11.545 -25.496 8.50638 -1.51708 2 
14.111 -25.496 8.51803 -1.58039 2 
16.676 -25.496 8.62959 -1.62735 2 
19.242 -25.496 8.78722 -1.57383 2 
21.808 -25.496 8.91544 -1.40414 2 
24.373 -25.496 8.93978 -1.34173 2 
26.939 -25.496 8.99612 -1.29448 2 
29.504 -25.496 9.09381 -1.24466 2 
32.070 -25.496 9.21020 -1.14839 2 
34.636 -25.496 9.16345 -1.04494 2 
37.201 -25.496 9.38084 -0.94237 2 
39.767 -25.496 9.17288 -0.83469 2 
42.332 -25.496 9.30070 -0.89622 2 
44.898 -25.496 9.37803 -0.80282 2 
47.464 -25.496 9.53445 -0.88000 2 
50.029 -25.496 9.56636 -0.67797 2 
52.595 -25.496 9.58048 -0.66106 2 
55.160 -25.496 9.81171 -0.58256 2 
57.726 -25.496 9.72501 -0.47252 2 
60.292 -25.496 9.66031 -0.26346 2 
62.857 -25.496 9.76219 -0.41634 2 
65.423 -25.496 9.58742 -0.24297 2 
67.988 -25.496 9.74195 -0.16843 2 
70.554 -25.496 9.96062 -0.09842 2 
73.120 -25.496 10.04756 0.01740 2 
75.685 -25.496 10.15617 0.49669 2 
78.251 -25.496 9.95765 0.49234 2 
80.816 -25.496 9.90464 0.69902 2 
83.382 -25.496 9.66082 0.97044 2 
85.948 -25.496 9.78055 0.77838 2 
88.513 -25.496 9.53196 0.92232 2 
91.079 -25.496 9.47679 1.13674 2 
93.644 -25.496 9.39287 1.14987 2 
96.210 -25.496 9.25956 1.09579 2 
98.776 -25.496 9.36190 1.26763 2 
101.341 -25.496 9.25806 1.07480 2 
103.907 -25.496 8.95732 1.27107 2 
106.472 -25.496 8.82218 1.21426 2 
109.038 -25.496 8.71929 1.39406 2 
111.603 -25.496 8.84720 1.29192 2 
114.169 -25.496 8.68858 1.39907 2 
116.735 -25.496 8.67638 1.44300 2 
119.300 -25.496 0.00000 -0.00000 0 
-8.980 -28.061 7.53329 -0.96506 2 
-6.414 -28.061 7.69517 -1.00852 2 
-3.848 -28.061 7.78432 -1.10348 2 
-1.283 -28.061 7.89881 -1.09609 2 
1.283 -28.061 7.81253 -1.03743 2 
3.848 -28.061 7.93690 -1.32305 2 
6.414 -28.061 8.17363 -1.38505 2 
8.980 -28.061 8.29274 -1.32828 2 
11.545 -28.061 8.30826 -1.49711 2 
14.111 -28.061 8.56930 -1.58471 2 
16.676 -28.061 8.54317 -1.41781 2 
19.242 -28.061 8.84182 -1.34984 2 
21.808 -28.061 8.65904 -1.37954 2 
24.373 -28.061 8.92537 -1.22935 2 
26.939 -28.061 9.08727 -1.29001 2 
29.504 -28.061 9.14197 -1.17265 2 
32.070 -28.061 9.06099 -0.97807 2 
34.636 -28.061 9.28514 -0.91249 2 
37.201 -28.061 9.16436 -0.97304 2 
39.767 -28.061 9.31226 -0.78126 2 
42.332 -28.061 9.44531 -0.94991 2 
44.898 -28.061 9.47443 -0.78641 2 
47.464 -28.061 9.58443 -0.75254 2 
50.029 -28.061 9.42822 -0.70343 2 
52.595 -28.061 9.51729 -0.68560 2 
55.160 -28.061 9.86514 -0.62383 2 
57.726 -28.061 9.74826 -0.44238 2 
60.292 -28.061 9.57920 -0.26792 2 
62.857 -28.061 9.57596 -0.24772 2 
65.423 -28.061 9.71794 -0.02959 2 
67.988 -28.061 9.69899 -0.13803 2 
70.554 -28.061 9.75397 0.01243 2 
73.120 -28.061 10.00692 -0.17434 2 
75.685 -28.061 9.97890 0.40762 2 
78.251 -28.061 9.74980 0.61313 2 
80.816 -28.061 9.87157 0.68325 2 
83.382 -28.061 9.73287 0.79730 2 
85.948 -28.061 9.63916 0.91504 2 
88.513 -28.061 9.54681 0.92158 2 
91.079 -28.061 9.18544 0.91643 2 
93.644 -28.061 9.28199 0.92086 2 
96.210 -28.061 9.21767 1.19795 2 
98.776 -28.061 9.10508 1.13533 2 
101.341 -28.061 9.04009 1.40543 2 
103.907 -28.061 8.94148 1.14785 2 
106.472 -28.061 8.97003 1.20546 2 
109.038 -28.061 8.82770 1.34932 2 
111.603 -28.061 8.71089 1.25962 2 
114.169 -28.061 8.67191 1.34706 2 
116.735 -28.061 8.79403 1.40423 2 
119.300 -28.061 0.00000 -0.00000 0 
-8.980 -30.627 7.88618 -0.93833 2 
-6.414 -30.627 7.74445 -1.00424 2 
-3.848 -30.627 7.85406 -0.99867 2 
-1.283 -30.627 7.88685 -1.04585 2 
1.283 -30.627 7.90853 -1.11915 2 
3.848 -30.627 8.03030 -1.10960 2 
6.414 -30.627 8.15293 -1.29810 2 
8.980 -30.627 8.28916 -1.24001 2 
11.545 -30.627 8.44492 -1.25567 2 
14.111 -30.627 8.47572 -1.12291 2 
16.676 -30.627 8.74079 -1.34019 2 
19.242 -30.627 8.64839 -1.21428 2 
21.808 -30.627 8.85033 -1.14326 2 
24.373 -30.627 8.87279 -1.21684 2 
26.939 -30.627 8.88664 -1.11406 2 
29.504 -30.627 9.01021 -0.93442 2 
32.070 -30.627 9.13592 -1.04456 2 
34.636 -30.627 9.06894 -0.87762 2 
37.201 -30.627 9.06640 -0.85153 2 
39.767 -30.627 9.12316 -0.77829 2 
42.332 -30.627 9.28729 -0.75996 2 
44.898 -30.627 9.14743 -0.78577 2 
47.464 -30.627 9.29009 -0.81008 2 
50.029 -30.627 9.47821 -0.63956 2 
52.595 -30.627 9.26280 -0.58872 2 
55.160 -30.627 9.57710 -0.57332 2 
57.726 -30.627 9.51247 -0.37059 2 
60.292 -30.627 9.40604 -0.38474 2 
62.857 -30.627 9.67366 -0.14768 2 
65.423 -30.627 9.55624 -0.30554 2 
67.988 -30.627 9.71899 -0.19987 2 
70.554 -30.627 9.68440 0.12117 2 
73.120 -30.627 9.74794 0.24892 2 
75.685 -30.627 9.59532 0.33829 2 
78.251 -30.627 9.72689 0.49841 2 
80.816 -30.627 9.70381 0.53220 2 
83.382 -30.627 9.53824 0.67326 2 
85.948 -30.627 9.45060 0.75747 2 
88.513 -30.627 9.40281 0.72740 2 
91.079 -30.627 9.24302 0.94653 2 
93.644 -30.627 9.28744 0.91840 2 
96.210 -30.627 9.23193 0.86485 2 
98.776 -30.627 9.35006 0.75852 2 
101.341 -30.627 9.02960 1.14752 2 
103.907 -30.627 8.87914 1.12063 2 
106.472 -30.627 8.89253 1.02014 2 
109.038 -30.627 8.76378 1.18436 2 
111.603 -30.627 8.75642 1.21388 2 
114.169 -30.627 8.56478 1.20332 2 
116.735 -30.627 8.82710 1.18492 2 
119.300 -30.627 0.00000 -0.00000 0 
-8.980 -33.192 7.83905 -0.89437 2 
-6.414 -33.192 7.78360 -0.90900 2 
-3.848 -33.192 7.74652 -1.03857 2 
-1.283 -33.192 8.11990 -1.03250 2 
1.283 -33.192 7.96953 -1.03089 2 
3.848 -33.192 8.15395 -1.13401 2 
6.414 -33.192 8.32856 -0.97291 2 
8.980 -33.192 8.33278 -1.14189 2 
11.545 -33.192 8.45392 -1.24227 2 
14.111 -33.192 8.54765 -1.15130 2 
16.676 -33.192 8.70624 -1.13649 2 
19.242 -33.192 8.78333 -1.20665 2 
21.808 -33.192 8.64234 -1.17153 2 
24.373 -33.192 8.91189 -0.92518 2 
26.939 -33.192 8.85227 -0.97070 2 
29.504 -33.192 8.98229 -1.05715 2 
32.070 -33.192 8.96788 -0.85737 2 
34.636 -33.192 9.13596 -0.96440 2 
37.201 -33.192 9.16919 -0.87969 2 
39.767 -33.192 9.14423 -0.78381 2 
42.332 -33.192 9.26865 -0.78527 2 
44.898 -33.192 9.25214 -0.64649 2 
47.464 -33.192 9.15519 -0.75039 2 
50.029 -33.192 9.36244 -0.53031 2 
52.595 -33.192 9.44335 -0.63002 2 
55.160 -33.192 9.28804 -0.42940 2 
57.726 -33.192 9.54442 -0.48874 2 
60.292 -33.192 9.47584 -0.30281 2 
62.857 -33.192 9.47595 -0.24252 2 
65.423 -33.192 9.47719 -0.19112 2 
67.988 -33.192 9.41603 -0.00192 2 
70.554 -33.192 9.60449 0.09192 2 
73.120 -33.192 9.65259 0.04850 2 
75.685 -33.192 9.49645 0.38725 2 
78.251 -33.192 9.59060 0.34402 2 
80.816 -33.192 9.31865 0.57884 2 
83.382 -33.192 9.54121 0.52978 2 
85.948 -33.192 9.38197 0.74008 2 
88.513 -33.192 9.25698 0.74092 2 
91.079 -33.192 9.33053 0.89342 2 
93.644 -33.192 9.08197 0.76632 2 
96.210 -33.192 9.13159 0.86660 2 
98.776 -33.192 8.88976 0.80482 2 
101.341 -33.192 8.97653 0.90002 2 
103.907 -33.192 9.10130 0.90490 2 
106.472 -33.192 8.93466 1.12904 2 
109.038 -33.192 8.88187 0.99280 2 
111.603 -33.192 8.64508 1.29910 2 
114.169 -33.192 8.48660 1.01812 2 
116.735 -33.192 8.82102 1.02857 2 
119.300 -33.192 0.00000 -0.00000 0 
-8.980 -35.758 7.79193 -0.85042 2 
-6.414 -35.758 8.05076 -0.94973 2 
-3.848 -35.758 7.91561 -0.96004 2 
-1.283 -35.758 8.01244 -0.92369 2 
1.283 -35.758 8.08644 -1.02765 2 
3.848 -35.758 7.97869 -1.05738 2 
6.414 -35.758 8.19307 -1.10065 2 
8.980 -35.758 8.38738 -1.08453 2 
11.545 -35.758 8.34898 -1.02571 2 
14.111 -35.758 8.58388 -1.16073 2 
16.676 -35.758 8.52911 -1.16633 2 
19.242 -35.758 8.58807 -1.12455 2 
21.808 -35.758 8.69424 -0.99474 2 
24.373 -35.758 8.88790 -0.97598 2 
26.939 -35.758 8.82113 -0.98701 2 
29.504 -35.758 8.88828 -0.80828 2 
32.070 -35.758 8.88014 -0.90192 2 
34.636 -35.758 8.96412 -0.83483 2 
37.201 -35.758 9.18477 -0.74504 2 
39.767 -35.758 9.00887 -0.86192 2 
42.332 -35.758 9.21937 -0.70367 2 
44.898 -35.758 9.05597 -0.80022 2 
47.464 -35.758 9.29673 -0.44860 2 
50.029 -35.758 9.22985 -0.71723 2 
52.595 -35.758 9.35190 -0.41351 2 
55.160 -35.758 9.24179 -0.25062 2 
57.726 -35.758 9.29518 -0.53410 2 
60.292 -35.758 9.30602 -0.25291 2 
62.857 -35.758 9.41151 -0.17179 2 
65.423 -35.758 9.44522 -0.13439 2 
67.988 -35.758 9.40410 -0.11550 2 
70.554 -35.758 9.37416 0.13658 2 
73.120 -35.758 9.37157 0.24279 2 
75.685 -35.758 9.43354 0.25063 2 
78.251 -35.758 9.36563 0.41345 2 
80.816 -35.758 9.42156 0.35002 2 
83.382 -35.758 9.39637 0.53321 2 
85.948 -35.758 9.27148 0.41091 2 
88.513 -35.758 9.22039 0.75128 2 
91.079 -35.758 9.06025 0.79533 2 
93.644 -35.758 9.06833 0.70232 2 
96.210 -35.758 9.01516 0.88661 2 
98.776 -35.758 9.14343 0.95658 2 
101.341 -35.758 8.92898 0.97442 2 
103.907 -35.758 8.77648 0.94193 2 
106.472 -35.758 8.93452 0.79483 2 
109.038 -35.758 8.66721 1.16419 2 
111.603 -35.758 8.71661 1.00675 2 
114.169 -35.758 8.49678 1.03050 2 
116.735 -35.758 9.04851 0.96462 2 
119.300 -35.758 0.00000 -0.00000 0 
-8.980 -38.324 7.94325 -0.79741 2 
-6.414 -38.324 8.00102 -0.78655 2 
-3.848 -38.324 7.93282 -0.92458 2 
-1.283 -38.324 7.93460 -0.85028 2 
1.283 -38.324 8.21508 -1.00487 2 
3.848 -38.324 8.06231 -1.04835 2 
6.414 -38.324 8.25045 -0.97236 2 
8.980 -38.324 8.43660 -1.01425 2 
11.545 -38.324 8.36008 -0.98166 2 
14.111 -38.324 8.44930 -0.83693 2 
16.676 -38.324 8.49969 -1.06388 2 
19.242 -38.324 8.68923 -0.89572 2 
21.808 -38.324 8.72319 -1.00196 2 
24.373 -38.324 8.82967 -1.03841 2 
26.939 -38.324 8.78010 -0.89899 2 
29.504 -38.324 8.86805 -0.94204 2 
32.070 -38.324 8.80813 -0.79894 2 
34.636 -38.324 9.07352 -0.88409 2 
37.201 -38.324 8.89961 -0.71722 2 
39.767 -38.324 9.08818 -0.65222 2 
42.332 -38.324 8.94596 -0.57435 2 
44.898 -38.324 9.12485 -0.59667 2 
47.464 -38.324 9.22651 -0.63187 2 
50.029 -38.324 9.10372 -0.49234 2 
52.595 -38.324 9.23994 -0.50208 2 
55.160 -38.324 9.24439 -0.37604 2 
57.726 -38.324 9.22217 -0.25133 2 
60.292 -38.324 9.28964 -0.32186 2 
62.857 -38.324 9.34684 -0.07743 2 
65.423 -38.324 9.26747 -0.20046 2 
67.988 -38.324 9.49128 0.06477 2 
70.554 -38.324 9.37076 -0.01315 2 
73.120 -38.324 9.26257 0.20609 2 
75.685 -38.324 9.40416 0.29350 2 
78.251 -38.324 9.31297 0.37803 2 
80.816 -38.324 9.13660 0.67889 2 
83.382 -38.324 9.26920 0.65989 2 
85.948 -38.324 9.18893 0.45956 2 
88.513 -38.324 9.13559 0.59038 2 
91.079 -38.324 9.04024 0.62594 2 
93.644 -38.324 9.13692 0.83563 2 
96.210 -38.324 8.87291 0.79304 2 
98.776 -38.324 9.10043 0.77521 2 
101.341 -38.324 8.89191 0.84297 2 
103.907 -38.324 8.96423 0.93421 2 
106.472 -38.324 8.92206 0.94344 2 
109.038 -38.324 8.70472 1.02222 2 
111.603 -38.324 8.65714 0.92085 2 
114.169 -38.324 8.77318 0.85772 2 
116.735 -38.324 8.82546 0.98978 2 
119.300 -38.324 0.00000 -0.00000 0 
-8.980 -40.889 7.80792 -0.86594 2 
-6.414 -40.889 7.88370 -0.79733 2 
-3.848 -40.889 8.10294 -0.77729 2 
-1.283 -40.889 8.12020 -0.82793 2 
1.283 -40.889 8.09077 -0.87630 2 
3.848 -40.889 8.08356 -0.92903 2 
6.414 -40.889 8.37825 -0.86983 2 
8.980 -40.889 8.31843 -1.00539 2 
11.545 -40.889 8.44358 -0.86957 2 
14.111 -40.889 8.48747 -1.12492 2 
16.676 -40.889 8.54440 -0.90224 2 
19.242 -40.889 8.51485 -0.94217 2 
21.808 -40.889 8.79759 -0.91432 2 
24.373 -40.889 8.78771 -0.87509 2 
26.939 -40.889 8.70426 -0.81128 2 
29.504 -40.889 8.89064 -0.83100 2 
32.070 -40.889 8.82468 -0.75659 2 
34.636 -40.889 8.84097 -0.75878 2 
37.201 -40.889 8.84332 -0.79022 2 
39.767 -40.889 8.96176 -0.75317 2 
42.332 -40.889 9.07609 -0.75717 2 
44.898 -40.889 9.17756 -0.61813 2 
47.464 -40.889 9.09204 -0.64339 2 
50.029 -40.889 9.12254 -0.70789 2 
52.595 -40.889 9.10041 -0.26384 2 
55.160 -40.889 9.17023 -0.42957 2 
57.726 -40.889 9.22602 -0.25139 2 
60.292 -40.889 9.08745 -0.19197 2 
62.857 -40.889 9.31950 -0.17187 2 
65.423 -40.889 9.08806 0.03396 2 
67.988 -40.889 9.17594 -0.08581 2 
70.554 -40.889 9.21443 0.13032 2 
73.120 -40.889 9.15962 0.31446 2 
75.685 -40.889 9.27852 0.20116 2 
78.251 -40.889 9.16092 0.18248 2 
80.816 -40.889 9.37027 0.28141 2 
83.382 -40.889 9.10483 0.53126 2 
85.948 -40.889 9.04102 0.53974 2 
88.513 -40.889 9.07558 0.61035 2 
91.079 -40.889 9.08366 0.61787 2 
93.644 -40.889 8.97863 0.62339 2 
96.210 -40.889 8.95574 0.64477 2 
98.776 -40.889 8.87516 0.77627 2 
101.341 -40.889 8.94162 0.78331 2 
103.907 -40.889 8.77828 0.95777 2 
106.472 -40.889 8.87884 0.84747 2 
109.038 -40.889 8.68867 0.82569 2 
111.603 -40.889 8.52134 0.91925 2 
114.169 -40.889 8.67153 0.90258 2 
116.735 -40.889 8.60241 1.01494 2 
119.300 -40.889 0.00000 -0.00000 0 
-8.980 -43.455 7.96121 -0.72572 2 
-6.414 -43.455 8.04690 -0.81666 2 
-3.848 -43.455 8.03506 -0.72306 2 
-1.283 -43.455 8.14399 -0.93028 2 
1.283 -43.455 8.18265 -0.78103 2 
3.848 -43.455 8.28849 -0.91616 2 
6.414 -43.455 8.21771 -0.83801 2 
8.980 -43.455 8.47934 -1.01061 2 
11.545 -43.455 8.37043 -0.86794 2 
14.111 -43.455 8.46944 -0.84153 2 
16.676 -43.455 8.58443 -0.85070 2 
19.242 -43.455 8.73687 -0.85152 2 
21.808 -43.455 8.71203 -0.85051 2 
24.373 -43.455 8.59712 -0.78157 2 
26.939 -43.455 8.67234 -0.83582 2 
29.504 -43.455 8.82277 -0.92558 2 
32.070 -43.455 8.79713 -0.70048 2 
34.636 -43.455 8.94157 -0.76105 2 
37.201 -43.455 8.87020 -0.64966 2 
39.767 -43.455 8.81958 -0.63058 2 
42.332 -43.455 8.93883 -0.64383 2 
44.898 -43.455 9.00610 -0.60832 2 
47.464 -43.455 8.94366 -0.49505 2 
50.029 -43.455 8.94460 -0.57978 2 
52.595 -43.455 9.07107 -0.55933 2 
55.160 -43.455 9.00441 -0.25642 2 
57.726 -43.455 9.24410 -0.47443 2 
60.292 -43.455 9.12873 -0.09372 2 
62.857 -43.455 9.08180 -0.18111 2 
65.423 -43.455 9.25796 0.04640 2 
67.988 -43.455 9.12108 -0.05733 2 
70.554 -43.455 9.12592 -0.11330 2 
73.120 -43.455 9.30922 0.08759 2 
75.685 -43.455 9.03244 0.23410 2 
78.251 -43.455 9.13927 0.38929 2 
80.816 -43.455 9.10408 0.42087 2 
83.382 -43.455 9.14640 0.31827 2 
85.948 -43.455 9.05739 0.60030 2 
88.513 -43.455 9.21061 0.62901 2 
91.079 -43.455 8.90894 0.58836 2 
93.644 -43.455 9.05005 0.73554 2 
96.210 -43.455 8.91356 0.77198 2 
98.776 -43.455 8.89335 0.64017 2 
101.341 -43.455 8.72373 0.88702 2 
103.907 -43.455 8.81578 0.79149 2 
106.472 -43.455 8.77122 0.74470 2 
109.038 -43.455 8.73131 0.80869 2 
111.603 -43.455 8.74882 0.84704 2 
114.169 -43.455 8.56295 0.82627 2 
116.735 -43.455 8.87684 1.00050 2 
119.300 -43.455 0.00000 -0.00000 0 
-8.980 -46.020 8.07108 -0.80116 2 
-6.414 -46.020 7.93286 -0.74037 2 
-3.848 -46.020 8.11669 -0.89043 2 
-1.283 -46.020 8.21755 -0.77056 2 
1.283 -46.020 8.30553 -0.84315 2 
3.848 -46.020 8.30063 -0.86135 2 
6.414 -46.020 8.24728 -0.91516 2 
8.980 -46.020 8.39165 -0.73442 2 
11.545 -46.020 8.49730 -0.89490 2 
14.111 -46.020 8.49570 -0.77126 2 
16.676 -46.020 8.61073 -0.96905 2 
19.242 -46.020 8.48803 -0.83827 2 
21.808 -46.020 8.64384 -0.88148 2 
24.373 -46.020 8.69710 -0.75500 2 
26.939 -46.020 8.84348 -0.77855 2 
29.504 -46.020 8.72975 -0.75116 2 
32.070 -46.020 8.84257 -0.71997 2 
34.636 -46.020 8.70771 -0.78963 2 
37.201 -46.020 8.93478 -0.64449 2 
39.767 -46.020 8.93612 -0.59076 2 
42.332 -46.020 8.96739 -0.74633 2 
44.898 -46.020 8.94884 -0.44884 2 
47.464 -46.020 8.89580 -0.47887 2 
50.029 -46.020 9.08347 -0.32113 2 
52.595 -46.020 8.99776 -0.40985 2 
55.160 -46.020 9.15967 -0.42023 2 
57.726 -46.020 8.95144 -0.09372 2 
60.292 -46.020 9.03818 -0.25746 2 
62.857 -46.020 9.11882 -0.02288 2 
65.423 -46.020 9.11556 -0.18686 2 
67.988 -46.020 9.16170 0.01497 2 
70.554 -46.020 9.19885 0.07431 2 
73.120 -46.020 9.04637 0.12964 2 
75.685 -46.020 9.10536 0.26865 2 
78.251 -46.020 9.02739 0.24464 2 
80.816 -46.020 9.04632 0.37224 2 
83.382 -46.020 9.18835 0.37079 2 
85.948 -46.020 8.89982 0.53750 2 
88.513 -46.020 9.05548 0.46490 2 
91.079 -46.020 8.91138 0.60806 2 
93.644 -46.020 8.76846 0.56295 2 
96.210 -46.020 8.99672 0.69244 2 
98.776 -46.020 8.95968 0.67049 2 
101.341 -46.020 8.88157 0.59635 2 
103.907 -46.020 8.71138 0.76435 2 
106.472 -46.020 8.79683 0.69595 2 
109.038 -46.020 8.57635 0.75697 2 
111.603 -46.020 8.66004 0.87081 2 
114.169 -46.020 8.48642 0.79898 2 
116.735 -46.020 8.94652 0.86845 2 
119.300 -46.020 0.00000 -0.00000 0 
-8.980 -48.586 7.91570 -0.71592 2 
-6.414 -48.586 8.04415 -0.72991 2 
-3.848 -48.586 8.15042 -0.74695 2 
-1.283 -48.586 8.14499 -0.74263 2 
1.283 -48.586 8.15560 -0.79840 2 
3.848 -48.586 8.31950 -0.82839 2 
6.414 -48.586 8.32080 -0.70980 2 
8.980 -48.586 8.26567 -0.84134 2 
11.545 -48.586 8.36844 -0.70250 2 
14.111 -48.586 8.51001 -0.84715 2 
16.676 -48.586 8.55603 -0.79604 2 
19.242 -48.586 8.50569 -0.67013 2 
21.808 -48.586 8.65754 -0.85703 2 
24.373 -48.586 8.71363 -0.81950 2 
26.939 -48.586 8.62948 -0.73602 2 
29.504 -48.586 8.77499 -0.65935 2 
32.070 -48.586 8.81545 -0.69390 2 
34.636 -48.586 8.90841 -0.59789 2 
37.201 -48.586 8.78539 -0.71833 2 
39.767 -48.586 8.86389 -0.57430 2 
42.332 -48.586 8.88913 -0.44809 2 
44.898 -48.586 9.00580 -0.54677 2 
47.464 -48.586 8.96642 -0.53626 2 
50.029 -48.586 8.83636 -0.52890 2 
52.595 -48.586 8.92491 -0.36851 2 
55.160 -48.586 9.07687 -0.27595 2 
57.726 -48.586 9.14557 -0.44302 2 
60.292 -48.586 8.94942 -0.13547 2 
62.857 -48.586 8.99219 -0.23512 2 
65.423 -48.586 9.02325 -0.20932 2 
67.988 -48.586 8.93804 -0.02999 2 
70.554 -48.586 9.20640 0.19737 2 
73.120 -48.586 8.97113 0.25363 2 
75.685 -48.586 9.09177 0.13511 2 
78.251 -48.586 8.94338 0.30199 2 
80.816 -48.586 8.95120 0.30290 2 
83.382 -48.586 8.95026 0.45544 2 
85.948 -48.586 8.99555 0.36510 2 
88.513 -48.586 8.93549 0.53534 2 
91.079 -48.586 8.83558 0.55620 2 
93.644 -48.586 8.89711 0.53429 2 
96.210 -48.586 8.95090 0.66065 2 
98.776 -48.586 8.61682 0.56236 2 
101.341 -48.586 8.78976 0.56987 2 
103.907 -48.586 8.83379 0.66150 2 
106.472 -48.586 8.52812 0.68846 2 
109.038 -48.586 8.67177 0.73017 2 
111.603 -48.586 8.67175 0.73498 2 
114.169 -48.586 8.47146 0.85529 2 
116.735 -48.586 8.72287 0.93677 2 
119.300 -48.586 0.00000 -0.00000 0 
-8.980 -51.152 8.14354 -0.60406 2 
-6.414 -51.152 8.15164 -0.67925 2 
-3.848 -51.152 8.10107 -0.80693 2 
-1.283 -51.152 8.08081 -0.73928 2 
1.283 -51.152 8.44904 -0.62809 2 
3.848 -51.152 8.26624 -0.71241 2 
6.414 -51.152 8.29682 -0.89362 2 
8.980 -51.152 8.40709 -0.68314 2 
11.545 -51.152 8.48592 -0.87321 2 
14.111 -51.152 8.51776 -0.75667 2 
16.676 -51.152 8.53017 -0.72028 2 
19.242 -51.152 8.73685 -0.70619 2 
21.808 -51.152 8.60107 -0.73369 2 
24.373 -51.152 8.53962 -0.78738 2 
26.939 -51.152 8.68364 -0.58957 2 
29.504 -51.152 8.81864 -0.62950 2 
32.070 -51.152 8.66121 -0.71634 2 
34.636 -51.152 8.75773 -0.66665 2 
37.201 -51.152 8.85125 -0.60431 2 
39.767 -51.152 8.89328 -0.48047 2 
42.332 -51.152 8.66947 -0.60469 2 
44.898 -51.152 8.81842 -0.56894 2 
47.464 -51.152 8.93709 -0.36289 2 
50.029 -51.152 8.97727 -0.48073 2 
52.595 -51.152 8.87889 -0.32631 2 
55.160 -51.152 8.89679 -0.27209 2 
57.726 -51.152 9.01838 -0.24645 2 
60.292 -51.152 8.95895 -0.30269 2 
62.857 -51.152 8.94446 0.02848 2 
65.423 -51.152 8.94095 -0.01169 2 
67.988 -51.152 9.09927 0.10552 2 
70.554 -51.152 8.97787 -0.03432 2 
73.120 -51.152 9.00292 0.08983 2 
75.685 -51.152 9.04907 0.32976 2 
78.251 -51.152 9.04648 0.31008 2 
80.816 -51.152 8.93108 0.37457 2 
83.382 -51.152 8.99104 0.32693 2 
85.948 -51.152 8.90476 0.43442 2 
88.513 -51.152 8.77751 0.53386 2 
91.079 -51.152 8.92214 0.46874 2 
93.644 -51.152 8.92533 0.49274 2 
96.210 -51.152 8.78163 0.67612 2 
98.776 -51.152 8.90315 0.66013 2 
101.341 -51.152 8.80248 0.68902 2 
103.907 -51.152 8.61535 0.60487 2 
106.472 -51.152 8.69522 0.64345 2 
109.038 -51.152 8.70116 0.55383 2 
111.603 -51.152 8.66723 0.80509 2 
114.169 -51.152 8.65834 0.65428 2 
116.735 -51.152 0.00000 -0.00000 0 
119.300 -51.152 0.00000 -0.00000 0 
-8.980 -53.717 8.28585 -0.84305 2 
-6.414 -53.717 8.18444 -0.72038 2 
-3.848 -53.717 8.14490 -0.77669 2 
-1.283 -53.717 8.23446 -0.72916 2 
1.283 -53.717 8.21512 -0.83379 2 
3.848 -53.717 8.19143 -0.83680 2 
6.414 -53.717 8.41923 -0.79608 2 
8.980 -53.717 8.19932 -0.93221 2 
11.545 -53.717 8.37259 -0.83847 2 
14.111 -53.717 8.59227 -0.76082 2 
16.676 -53.717 8.50715 -0.92283 2 
19.242 -53.717 8.57660 -0.81849 2 
21.808 -53.717 8.58504 -0.86620 2 
24.373 -53.717 8.47765 -0.68536 2 
26.939 -53.717 8.63802 -0.71504 2 
29.504 -53.717 8.66233 -0.72835 2 
32.070 -53.717 8.69960 -0.69019 2 
34.636 -53.717 8.85694 -0.75136 2 
37.201 -53.717 8.72987 -0.48592 2 
39.767 -53.717 8.81514 -0.65554 2 
42.332 -53.717 8.88060 -0.43967 2 
44.898 -53.717 8.84278 -0.62009 2 
47.464 -53.717 8.92821 -0.51543 2 
50.029 -53.717 8.77396 -0.34723 2 
52.595 -53.717 8.90231 -0.51846 2 
55.160 -53.717 8.90377 -0.26864 2 
57.726 -53.717 8.90337 -0.20963 2 
60.292 -53.717 9.05743 -0.14662 2 
62.857 -53.717 8.89809 -0.21926 2 
65.423 -53.717 8.94658 -0.07846 2 
67.988 -53.717 8.91961 0.06542 2 
70.554 -53.717 8.91580 -0.00205 2 
73.120 -53.717 8.97630 0.26984 2 
75.685 -53.717 8.88245 0.08671 2 
78.251 -53.717 8.83841 0.19025 2 
80.816 -53.717 8.99212 0.22677 2 
83.382 -53.717 8.77520 0.47814 2 
85.948 -53.717 9.06636 0.42733 2 
88.513 -53.717 8.80851 0.49709 2 
91.079 -53.717 8.84821 0.47679 2 
93.644 -53.717 8.84441 0.74526 2 
96.210 -53.717 8.83759 0.56989 2 
98.776 -53.717 8.64508 0.68063 2 
101.341 -53.717 8.74719 0.64067 2 
103.907 -53.717 8.65643 0.72421 2 
106.472 -53.717 8.76078 0.66181 2 
109.038 -53.717 8.64914 0.80855 2 
111.603 -53.717 8.65634 0.64391 2 
114.169 -53.717 8.83645 0.72055 2 
116.735 -53.717 0.00000 -0.00000 0 
119.300 -53.717 0.00000 -0.00000 0 
-8.980 -56.283 0.00000 -0.00000 0 
-6.414 -56.283 0.00000 -0.00000 0 
-3.848 -56.283 0.00000 -0.00000 0 
-1.283 -56.283 0.00000 -0.00000 0 
1.283 -56.283 0.00000 -0.00000 0 
3.848 -56.283 0.00000 -0.00000 0 
6.414 -56.283 0.00000 -0.00000 0 
8.980 -56.283 0.00000 -0.00000 0 
11.545 -56.283 0.00000 -0.00000 0 
14.111 -56.283 0.00000 -0.00000 0 
16.676 -56.283 0.00000 -0.00000 0 
19.242 -56.283 0.00000 -0.00000 0 
21.808 -56.283 0.00000 -0.00000 0 
24.373 -56.283 0.00000 -0.00000 0 
26.939 -56.283 0.00000 -0.00000 0 
29.504 -56.283 0.00000 -0.00000 0 
32.070 -56.283 0.00000 -0.00000 0 
34.636 -56.283 0.00000 -0.00000 0 
37.201 -56.283 8.84174 -0.14162 2 
39.767 -56.283 8.83177 -0.17986 2 
42.332 -56.283 8.82181 -0.21811 2 
44.898 -56.283 8.81184 -0.25635 2 
47.464 -56.283 8.80188 -0.29460 2 
50.029 -56.283 8.79191 -0.33285 2 
52.595 -56.283 8.86462 -0.23411 2 
55.160 -56.283 8.82632 -0.18689 2 
57.726 -56.283 8.80710 -0.13083 2 
60.292 -56.283 8.78587 -0.01229 2 
62.857 -56.283 8.90845 -0.17061 2 
65.423 -56.283 8.80378 -0.07961 2 
67.988 -56.283 8.87624 -0.12711 2 
70.554 -56.283 8.85647 -0.07398 2 
73.120 -56.283 8.84544 0.09033 2 
75.685 -56.283 8.90154 0.18895 2 
78.251 -56.283 8.84595 0.15073 2 
80.816 -56.283 8.92993 0.19503 2 
83.382 -56.283 8.95030 0.18395 2 
85.948 -56.283 0.00000 -0.00000 0 
88.513 -56.283 0.00000 -0.00000 0 
91.079 -56.283 0.00000 -0.00000 0 
93.644 -56.283 0.00000 -0.00000 0 
96.210 -56.283 0.00000 -0.00000 0 
98.776 -56.283 0.00000 -0.00000 0 
101.341 -56.283 0.00000 -0.00000 0 
103.907 -56.283 0.00000 -0.00000 0 
106.472 -56.283 0.00000 -0.00000 0 
109.038 -56.283 0.00000 -0.00000 0 
111.603 -56.283 0.00000 -0.00000 0 
114.169 -56.283 0.00000 -0.00000 0 
116.735 -56.283 0.00000 -0.00000 0 
119.300 -56.283 0.00000 -0.00000 0 
