TITLE = "B00072"
VARIABLES = "X [mm]", "Y [mm]", "Vx [m/s]", "Vy [m/s]", "Flag"
ZONE T="Frame 1", I=51, J=39, F=POINT
-8.980 41.210 7.19924 0.31671 2 
-6.414 41.210 7.21423 0.24598 2 
-3.848 41.210 7.24348 0.36655 2 
-1.283 41.210 7.13107 0.47456 2 
1.283 41.210 7.64296 0.26975 2 
3.848 41.210 0.00000 -0.00000 0 
6.414 41.210 0.00000 -0.00000 0 
8.980 41.210 0.00000 -0.00000 0 
11.545 41.210 0.00000 -0.00000 0 
14.111 41.210 0.00000 -0.00000 0 
16.676 41.210 0.00000 -0.00000 0 
19.242 41.210 3.95439 0.38301 2 
21.808 41.210 7.90878 0.76602 2 
24.373 41.210 7.30708 0.91712 2 
26.939 41.210 7.29849 0.63934 2 
29.504 41.210 7.66034 0.82721 2 
32.070 41.210 7.43030 0.91739 2 
34.636 41.210 7.57397 0.88957 2 
37.201 41.210 7.59574 0.80548 2 
39.767 41.210 7.65210 0.76307 2 
42.332 41.210 7.70845 0.72066 2 
44.898 41.210 7.65593 0.98775 2 
47.464 41.210 7.81607 0.65665 2 
50.029 41.210 7.94840 0.78590 2 
52.595 41.210 7.94236 0.83604 2 
55.160 41.210 7.93632 0.88617 2 
57.726 41.210 8.14113 0.75926 2 
60.292 41.210 8.05626 0.62877 2 
62.857 41.210 8.25187 0.72958 2 
65.423 41.210 8.33100 0.57535 2 
67.988 41.210 8.06547 0.60525 2 
70.554 41.210 8.35069 0.51463 2 
73.120 41.210 8.57781 0.50128 2 
75.685 41.210 8.20971 0.77424 2 
78.251 41.210 8.71624 0.60693 2 
80.816 41.210 0.00000 0.00000 0 
83.382 41.210 8.61102 0.45051 2 
85.948 41.210 8.64861 0.46986 2 
88.513 41.210 8.67743 0.29113 2 
91.079 41.210 8.58268 0.18915 2 
93.644 41.210 8.49682 0.28200 2 
96.210 41.210 8.52540 0.37248 2 
98.776 41.210 8.66069 -0.09469 2 
101.341 41.210 8.37827 -0.16096 2 
103.907 41.210 8.59012 -0.29389 2 
106.472 41.210 8.52962 -0.19893 2 
109.038 41.210 8.51679 -0.19373 2 
111.603 41.210 8.48070 -0.22311 2 
114.169 41.210 8.49980 -0.28096 2 
116.735 41.210 8.44483 -0.80405 2 
119.300 41.210 0.00000 -0.00000 0 
-8.980 38.644 7.16786 0.31724 2 
-6.414 38.644 7.25033 0.35190 2 
-3.848 38.644 7.13281 0.41678 2 
-1.283 38.644 7.15793 0.47158 2 
1.283 38.644 7.59332 0.44550 2 
3.848 38.644 0.00000 -0.00000 0 
6.414 38.644 0.00000 -0.00000 0 
8.980 38.644 0.00000 -0.00000 0 
11.545 38.644 0.00000 -0.00000 0 
14.111 38.644 0.00000 -0.00000 0 
16.676 38.644 0.00000 -0.00000 0 
19.242 38.644 3.92725 0.37822 2 
21.808 38.644 7.87926 0.86389 2 
24.373 38.644 7.33275 0.78749 2 
26.939 38.644 7.41902 0.85787 2 
29.504 38.644 7.59115 0.88226 2 
32.070 38.644 7.47546 0.78106 2 
34.636 38.644 7.62895 0.68163 2 
37.201 38.644 7.48995 0.94140 2 
39.767 38.644 7.68421 0.83746 2 
42.332 38.644 7.78562 1.00834 2 
44.898 38.644 7.64086 0.96078 2 
47.464 38.644 7.86288 0.90764 2 
50.029 38.644 7.70550 0.71813 2 
52.595 38.644 7.98844 1.02456 2 
55.160 38.644 8.21988 0.83301 2 
57.726 38.644 8.21152 0.99272 2 
60.292 38.644 8.28354 0.74536 2 
62.857 38.644 8.22480 0.65722 2 
65.423 38.644 8.18251 0.77463 2 
67.988 38.644 8.30264 0.62475 2 
70.554 38.644 8.38432 0.97019 2 
73.120 38.644 8.51013 0.67160 2 
75.685 38.644 8.67372 0.74511 2 
78.251 38.644 8.47373 0.57903 2 
80.816 38.644 0.00000 0.00000 0 
83.382 38.644 8.48219 0.46368 2 
85.948 38.644 8.54126 0.53009 2 
88.513 38.644 8.76696 0.17308 2 
91.079 38.644 8.71892 0.21172 2 
93.644 38.644 8.71013 0.07398 2 
96.210 38.644 8.66960 0.18117 2 
98.776 38.644 8.67307 0.17574 2 
101.341 38.644 8.74543 0.06045 2 
103.907 38.644 8.80826 -0.33564 2 
106.472 38.644 8.53367 -0.28517 2 
109.038 38.644 8.35241 -0.54668 2 
111.603 38.644 8.64202 -0.47478 2 
114.169 38.644 8.41035 -0.46128 2 
116.735 38.644 8.42639 -0.32566 2 
119.300 38.644 0.00000 -0.00000 0 
-8.980 36.079 6.96774 0.16196 2 
-6.414 36.079 7.22140 0.32048 2 
-3.848 36.079 7.10169 0.35866 2 
-1.283 36.079 7.20590 0.44726 2 
1.283 36.079 7.59275 0.23451 2 
3.848 36.079 0.00000 -0.00000 0 
6.414 36.079 0.00000 -0.00000 0 
8.980 36.079 0.00000 -0.00000 0 
11.545 36.079 0.00000 -0.00000 0 
14.111 36.079 0.00000 -0.00000 0 
16.676 36.079 0.00000 -0.00000 0 
19.242 36.079 3.90010 0.37343 2 
21.808 36.079 7.80020 0.74686 2 
24.373 36.079 7.23912 0.79637 2 
26.939 36.079 7.43049 0.86558 2 
29.504 36.079 7.35906 0.76184 2 
32.070 36.079 7.54065 0.88398 2 
34.636 36.079 7.53416 1.01084 2 
37.201 36.079 7.58358 0.92650 2 
39.767 36.079 7.63817 0.97700 2 
42.332 36.079 7.74000 0.76279 2 
44.898 36.079 7.88051 0.91782 2 
47.464 36.079 8.05740 1.02378 2 
50.029 36.079 7.94677 0.80384 2 
52.595 36.079 7.98125 0.91145 2 
55.160 36.079 8.20396 1.11147 2 
57.726 36.079 7.93330 0.80544 2 
60.292 36.079 8.15630 0.85423 2 
62.857 36.079 8.45287 0.81804 2 
65.423 36.079 8.24417 0.92470 2 
67.988 36.079 8.38540 0.74979 2 
70.554 36.079 8.34163 0.78245 2 
73.120 36.079 8.57622 0.79165 2 
75.685 36.079 8.46308 0.68267 2 
78.251 36.079 8.82107 0.74552 2 
80.816 36.079 0.00000 0.00000 0 
83.382 36.079 8.63754 0.56794 2 
85.948 36.079 8.57232 0.52609 2 
88.513 36.079 8.91494 0.40574 2 
91.079 36.079 8.78554 0.22943 2 
93.644 36.079 8.49828 0.18060 2 
96.210 36.079 8.83621 -0.18724 2 
98.776 36.079 8.80317 0.10006 2 
101.341 36.079 8.64441 -0.14714 2 
103.907 36.079 8.77618 -0.29025 2 
106.472 36.079 8.71636 -0.24240 2 
109.038 36.079 8.65155 -0.37314 2 
111.603 36.079 8.52869 -0.25343 2 
114.169 36.079 8.65606 -0.40629 2 
116.735 36.079 8.41773 -0.72796 2 
119.300 36.079 0.00000 -0.00000 0 
-8.980 33.513 7.22970 0.27753 2 
-6.414 33.513 7.13731 0.42495 2 
-3.848 33.513 7.07799 0.43138 2 
-1.283 33.513 7.02223 0.41662 2 
1.283 33.513 7.70209 0.48349 2 
3.848 33.513 0.00000 -0.00000 0 
6.414 33.513 0.00000 -0.00000 0 
8.980 33.513 0.00000 -0.00000 0 
11.545 33.513 0.00000 -0.00000 0 
14.111 33.513 0.00000 -0.00000 0 
16.676 33.513 0.00000 -0.00000 0 
19.242 33.513 3.93371 0.47130 2 
21.808 33.513 7.86742 0.94259 2 
24.373 33.513 7.25307 0.84735 2 
26.939 33.513 7.22014 0.89289 2 
29.504 33.513 7.34311 0.98231 2 
32.070 33.513 7.43140 0.86507 2 
34.636 33.513 7.61023 1.07306 2 
37.201 33.513 7.44123 0.91038 2 
39.767 33.513 7.77733 1.14266 2 
42.332 33.513 7.69844 0.93894 2 
44.898 33.513 7.72275 1.19388 2 
47.464 33.513 7.82045 0.99915 2 
50.029 33.513 8.02848 0.78229 2 
52.595 33.513 7.97084 0.94965 2 
55.160 33.513 8.07573 0.97044 2 
57.726 33.513 8.29390 0.74592 2 
60.292 33.513 8.21814 1.10817 2 
62.857 33.513 8.26147 0.95239 2 
65.423 33.513 8.36860 0.80653 2 
67.988 33.513 8.39304 0.82240 2 
70.554 33.513 8.71289 0.86768 2 
73.120 33.513 8.29552 0.74115 2 
75.685 33.513 8.58798 0.68431 2 
78.251 33.513 8.62118 0.45832 2 
80.816 33.513 0.00000 0.00000 0 
83.382 33.513 8.75634 0.43357 2 
85.948 33.513 8.86761 0.40958 2 
88.513 33.513 8.77306 0.40657 2 
91.079 33.513 8.76518 0.18899 2 
93.644 33.513 8.82764 0.21110 2 
96.210 33.513 8.89757 0.08942 2 
98.776 33.513 8.59926 -0.07773 2 
101.341 33.513 8.80418 -0.29894 2 
103.907 33.513 8.75410 -0.26651 2 
106.472 33.513 8.60015 -0.43780 2 
109.038 33.513 8.77086 -0.45444 2 
111.603 33.513 8.50343 -0.62712 2 
114.169 33.513 8.45109 -0.50119 2 
116.735 33.513 8.62769 -0.74527 2 
119.300 33.513 0.00000 -0.00000 0 
-8.980 30.948 6.93489 0.36469 2 
-6.414 30.948 7.27963 0.25981 2 
-3.848 30.948 7.01630 0.27200 2 
-1.283 30.948 7.04095 0.49152 2 
1.283 30.948 7.70035 0.30260 2 
3.848 30.948 0.00000 -0.00000 0 
6.414 30.948 0.00000 -0.00000 0 
8.980 30.948 0.00000 -0.00000 0 
11.545 30.948 0.00000 -0.00000 0 
14.111 30.948 0.00000 -0.00000 0 
16.676 30.948 0.00000 -0.00000 0 
19.242 30.948 3.83947 0.44804 2 
21.808 30.948 7.67895 0.89608 2 
24.373 30.948 7.16226 0.98703 2 
26.939 30.948 7.34695 1.03988 2 
29.504 30.948 7.36852 0.92686 2 
32.070 30.948 7.55300 0.94560 2 
34.636 30.948 7.51505 0.95906 2 
37.201 30.948 7.58408 1.02627 2 
39.767 30.948 7.56689 0.94360 2 
42.332 30.948 7.68400 0.94461 2 
44.898 30.948 7.92169 1.05771 2 
47.464 30.948 7.71474 1.07772 2 
50.029 30.948 7.79517 1.23398 2 
52.595 30.948 7.96573 0.95800 2 
55.160 30.948 8.25777 0.85894 2 
57.726 30.948 7.98973 1.02905 2 
60.292 30.948 8.30688 0.91833 2 
62.857 30.948 8.34735 1.06575 2 
65.423 30.948 8.59728 1.01724 2 
67.988 30.948 8.40899 0.86605 2 
70.554 30.948 8.66931 1.03278 2 
73.120 30.948 8.59856 0.83575 2 
75.685 30.948 8.74505 0.89090 2 
78.251 30.948 8.66154 0.74036 2 
80.816 30.948 0.00000 0.00000 0 
83.382 30.948 8.75579 0.59714 2 
85.948 30.948 8.90177 0.59191 2 
88.513 30.948 9.06048 0.36994 2 
91.079 30.948 8.98999 0.31992 2 
93.644 30.948 8.87144 0.28187 2 
96.210 30.948 8.98417 -0.10664 2 
98.776 30.948 8.73625 -0.08199 2 
101.341 30.948 8.79661 -0.34311 2 
103.907 30.948 8.88360 -0.24970 2 
106.472 30.948 8.80444 -0.47546 2 
109.038 30.948 8.73045 -0.33951 2 
111.603 30.948 8.67795 -0.53960 2 
114.169 30.948 8.62711 -0.71320 2 
116.735 30.948 8.83764 -0.76257 2 
119.300 30.948 0.00000 -0.00000 0 
-8.980 28.382 7.07936 0.14289 2 
-6.414 28.382 7.03168 0.41348 2 
-3.848 28.382 7.01004 0.32627 2 
-1.283 28.382 6.98318 0.45491 2 
1.283 28.382 7.31338 0.38998 2 
3.848 28.382 2.89183 0.24339 2 
6.414 28.382 0.00000 -0.00000 0 
8.980 28.382 0.00000 -0.00000 0 
11.545 28.382 0.00000 -0.00000 0 
14.111 28.382 0.00000 -0.00000 0 
16.676 28.382 2.51869 0.29127 2 
19.242 28.382 5.03738 0.58255 2 
21.808 28.382 7.62493 0.87338 2 
24.373 28.382 7.19433 1.02094 2 
26.939 28.382 7.36049 1.04224 2 
29.504 28.382 7.22956 1.02055 2 
32.070 28.382 7.52301 1.08770 2 
34.636 28.382 7.44733 1.15816 2 
37.201 28.382 7.67283 1.13678 2 
39.767 28.382 7.78720 0.96572 2 
42.332 28.382 7.69955 1.15091 2 
44.898 28.382 7.70079 1.10468 2 
47.464 28.382 7.97505 1.18099 2 
50.029 28.382 7.95565 1.36646 2 
52.595 28.382 8.01253 1.00279 2 
55.160 28.382 8.18685 1.00872 2 
57.726 28.382 8.35315 0.99705 2 
60.292 28.382 8.18224 1.03386 2 
62.857 28.382 8.23359 1.04081 2 
65.423 28.382 8.62867 0.91914 2 
67.988 28.382 8.42730 0.79231 2 
70.554 28.382 8.73288 0.85215 2 
73.120 28.382 8.59617 0.89943 2 
75.685 28.382 8.80520 0.95589 2 
78.251 28.382 8.94030 0.71999 2 
80.816 28.382 8.83177 0.53617 2 
83.382 28.382 8.85607 0.52143 2 
85.948 28.382 8.88038 0.50670 2 
88.513 28.382 9.07130 0.50976 2 
91.079 28.382 8.90027 0.25819 2 
93.644 28.382 8.96858 -0.04094 2 
96.210 28.382 8.99520 0.19364 2 
98.776 28.382 8.84589 -0.28132 2 
101.341 28.382 8.96134 -0.48729 2 
103.907 28.382 9.14507 -0.27053 2 
106.472 28.382 8.91019 -0.43183 2 
109.038 28.382 8.91460 -0.66644 2 
111.603 28.382 8.74539 -0.75739 2 
114.169 28.382 8.58128 -0.50217 2 
116.735 28.382 9.08847 -0.80359 2 
119.300 28.382 0.00000 -0.00000 0 
-8.980 25.816 7.07519 0.21535 2 
-6.414 25.816 7.03310 0.13791 2 
-3.848 25.816 6.94966 0.44500 2 
-1.283 25.816 6.99374 0.29698 2 
1.283 25.816 7.15063 0.56583 2 
3.848 25.816 5.78366 0.48678 2 
6.414 25.816 0.00000 -0.00000 0 
8.980 25.816 0.00000 -0.00000 0 
11.545 25.816 0.00000 -0.00000 0 
14.111 25.816 0.00000 -0.00000 0 
16.676 25.816 3.74360 0.43714 2 
19.242 25.816 7.48720 0.87427 2 
21.808 25.816 7.18096 0.87994 2 
24.373 25.816 7.09554 0.98632 2 
26.939 25.816 7.22339 0.88850 2 
29.504 25.816 7.30224 1.11341 2 
32.070 25.816 7.42622 1.15570 2 
34.636 25.816 7.25987 1.15033 2 
37.201 25.816 7.61443 1.15715 2 
39.767 25.816 7.59980 1.20425 2 
42.332 25.816 7.83723 1.15340 2 
44.898 25.816 7.69792 1.14775 2 
47.464 25.816 7.83469 1.14701 2 
50.029 25.816 7.88350 1.07719 2 
52.595 25.816 7.94045 1.26129 2 
55.160 25.816 8.21689 1.13461 2 
57.726 25.816 8.12065 1.19653 2 
60.292 25.816 8.09770 1.13701 2 
62.857 25.816 8.47422 0.94533 2 
65.423 25.816 8.33721 1.14364 2 
67.988 25.816 8.62203 1.17558 2 
70.554 25.816 8.65673 1.04705 2 
73.120 25.816 8.75377 0.88347 2 
75.685 25.816 8.63438 0.77137 2 
78.251 25.816 9.04064 0.89395 2 
80.816 25.816 8.85872 0.83055 2 
83.382 25.816 0.00000 0.00000 0 
85.948 25.816 8.38575 0.39431 2 
88.513 25.816 9.33259 0.51445 2 
91.079 25.816 9.29792 0.27263 2 
93.644 25.816 9.05049 0.07288 2 
96.210 25.816 9.20610 -0.04781 2 
98.776 25.816 8.99092 -0.20588 2 
101.341 25.816 9.18066 -0.33145 2 
103.907 25.816 8.77952 -0.36760 2 
106.472 25.816 9.05968 -0.42174 2 
109.038 25.816 8.95450 -0.62271 2 
111.603 25.816 8.81769 -0.72547 2 
114.169 25.816 8.76314 -1.02290 2 
116.735 25.816 8.87636 -1.21962 2 
119.300 25.816 0.00000 -0.00000 0 
-8.980 23.251 6.86307 0.24544 2 
-6.414 23.251 7.00026 0.14328 2 
-3.848 23.251 6.90888 0.30391 2 
-1.283 23.251 6.92067 0.34136 2 
1.283 23.251 6.99145 0.48472 2 
3.848 23.251 6.43573 0.48073 2 
6.414 23.251 0.00000 -0.00000 0 
8.980 23.251 0.00000 -0.00000 0 
11.545 23.251 0.00000 -0.00000 0 
14.111 23.251 0.00000 -0.00000 0 
16.676 23.251 -0.89857 -0.14158 2 
19.242 23.251 7.65943 1.00708 2 
21.808 23.251 6.87535 1.04375 2 
24.373 23.251 7.12266 0.94131 2 
26.939 23.251 7.26758 1.23036 2 
29.504 23.251 7.23209 1.28762 2 
32.070 23.251 7.38591 1.20551 2 
34.636 23.251 7.57885 1.17922 2 
37.201 23.251 7.44436 1.36678 2 
39.767 23.251 7.62391 1.16193 2 
42.332 23.251 7.66156 1.21208 2 
44.898 23.251 7.86390 1.06200 2 
47.464 23.251 7.92927 1.36496 2 
50.029 23.251 7.77989 1.36502 2 
52.595 23.251 8.11028 1.34843 2 
55.160 23.251 8.07434 1.13894 2 
57.726 23.251 8.34541 1.17753 2 
60.292 23.251 8.55440 1.13078 2 
62.857 23.251 8.26059 1.13864 2 
65.423 23.251 8.54529 1.09277 2 
67.988 23.251 8.82523 1.20670 2 
70.554 23.251 8.70181 0.91926 2 
73.120 23.251 8.69804 1.09110 2 
75.685 23.251 8.88884 0.96827 2 
78.251 23.251 8.71844 1.01059 2 
80.816 23.251 9.25787 0.90054 2 
83.382 23.251 0.00000 0.00000 0 
85.948 23.251 7.89113 0.28192 2 
88.513 23.251 9.68801 0.49769 2 
91.079 23.251 9.58620 0.24543 2 
93.644 23.251 9.58409 0.00152 2 
96.210 23.251 9.24995 -0.14742 2 
98.776 23.251 9.30088 -0.45601 2 
101.341 23.251 8.99476 -0.24638 2 
103.907 23.251 9.18310 -0.32141 2 
106.472 23.251 9.12163 -0.57455 2 
109.038 23.251 9.09188 -0.65292 2 
111.603 23.251 9.41096 -0.87115 2 
114.169 23.251 8.93074 -1.29759 2 
116.735 23.251 9.33782 -1.17477 2 
119.300 23.251 0.00000 -0.00000 0 
-8.980 20.685 6.97234 0.07914 2 
-6.414 20.685 7.02125 0.21114 2 
-3.848 20.685 6.86825 0.18456 2 
-1.283 20.685 6.88858 0.34563 2 
1.283 20.685 6.82195 0.41595 2 
3.848 20.685 7.08780 0.47469 2 
6.414 20.685 0.00000 -0.00000 0 
8.980 20.685 0.00000 -0.00000 0 
11.545 20.685 0.00000 -0.00000 0 
14.111 20.685 0.00000 -0.00000 0 
16.676 20.685 -0.94121 0.42571 2 
19.242 20.685 7.54060 1.04754 2 
21.808 20.685 7.05455 1.25348 2 
24.373 20.685 7.04558 1.15915 2 
26.939 20.685 7.21897 1.18681 2 
29.504 20.685 7.34829 1.18915 2 
32.070 20.685 7.37433 1.24932 2 
34.636 20.685 7.37847 1.36378 2 
37.201 20.685 7.57688 1.16267 2 
39.767 20.685 7.59174 1.32979 2 
42.332 20.685 7.83249 1.26067 2 
44.898 20.685 7.66284 1.31427 2 
47.464 20.685 7.98851 1.44085 2 
50.029 20.685 7.94469 1.25339 2 
52.595 20.685 8.03919 1.20425 2 
55.160 20.685 8.34294 1.22923 2 
57.726 20.685 8.37835 1.33547 2 
60.292 20.685 8.30092 1.35724 2 
62.857 20.685 8.55002 1.17249 2 
65.423 20.685 6.43957 0.84355 2 
67.988 20.685 4.41262 0.60335 2 
70.554 20.685 9.03899 1.46404 2 
73.120 20.685 9.27189 1.03887 2 
75.685 20.685 9.33456 1.39569 2 
78.251 20.685 8.38006 0.79232 2 
80.816 20.685 4.62893 0.45027 2 
83.382 20.685 0.00000 -0.00000 0 
85.948 20.685 0.00000 -0.00000 0 
88.513 20.685 0.00000 0.00000 0 
91.079 20.685 5.99545 0.27904 2 
93.644 20.685 9.12983 0.22795 2 
96.210 20.685 9.60191 -0.19914 2 
98.776 20.685 9.26789 -0.57153 2 
101.341 20.685 8.86723 -0.36448 2 
103.907 20.685 9.25436 -0.02545 2 
106.472 20.685 9.47481 -0.08260 2 
109.038 20.685 9.11420 -0.66448 2 
111.603 20.685 9.64451 -1.43608 2 
114.169 20.685 9.14019 -1.81586 2 
116.735 20.685 9.27248 -2.22165 2 
119.300 20.685 0.00000 -0.00000 0 
-8.980 18.120 6.80644 0.11898 2 
-6.414 18.120 6.71486 0.13332 2 
-3.848 18.120 6.66762 0.22464 2 
-1.283 18.120 6.74145 0.37970 2 
1.283 18.120 6.83422 0.46290 2 
3.848 18.120 7.12381 0.54429 2 
6.414 18.120 0.00000 -0.00000 0 
8.980 18.120 0.00000 -0.00000 0 
11.545 18.120 0.00000 -0.00000 0 
14.111 18.120 0.00000 -0.00000 0 
16.676 18.120 1.38211 0.55318 2 
19.242 18.120 7.49390 1.10343 2 
21.808 18.120 7.08399 0.95104 2 
24.373 18.120 6.90783 1.36392 2 
26.939 18.120 7.17673 1.25704 2 
29.504 18.120 7.17931 1.38348 2 
32.070 18.120 7.41188 1.53406 2 
34.636 18.120 7.23757 1.39694 2 
37.201 18.120 7.52664 1.18150 2 
39.767 18.120 7.50977 1.63944 2 
42.332 18.120 7.73310 1.39678 2 
44.898 18.120 7.87438 1.40751 2 
47.464 18.120 7.94281 1.57068 2 
50.029 18.120 7.84919 1.35681 2 
52.595 18.120 8.20035 1.22398 2 
55.160 18.120 8.65762 1.41175 2 
57.726 18.120 8.48685 1.28520 2 
60.292 18.120 8.65834 1.61659 2 
62.857 18.120 8.66771 1.18863 2 
65.423 18.120 4.33385 0.59432 2 
67.988 18.120 0.00000 -0.00000 0 
70.554 18.120 0.00000 -0.00000 0 
73.120 18.120 0.00000 -0.00000 0 
75.685 18.120 0.00000 -0.00000 0 
78.251 18.120 0.00000 -0.00000 0 
80.816 18.120 0.00000 -0.00000 0 
83.382 18.120 0.00000 -0.00000 0 
85.948 18.120 0.34287 0.15830 2 
88.513 18.120 0.22263 0.21677 2 
91.079 18.120 2.40470 0.31266 2 
93.644 18.120 8.67557 0.45438 2 
96.210 18.120 7.57090 -0.52656 2 
98.776 18.120 7.97091 -0.69402 2 
101.341 18.120 8.37091 -0.86147 2 
103.907 18.120 8.91077 -0.38339 2 
106.472 18.120 6.89917 0.68311 2 
109.038 18.120 9.13652 -0.67603 2 
111.603 18.120 9.80486 -2.31173 2 
114.169 18.120 8.99475 -3.45486 2 
116.735 18.120 9.33467 -3.21571 2 
119.300 18.120 0.00000 -0.00000 0 
-8.980 15.554 6.86251 -0.11805 2 
-6.414 15.554 6.78283 0.10642 2 
-3.848 15.554 6.69828 0.13534 2 
-1.283 15.554 6.68667 0.20409 2 
1.283 15.554 6.53663 0.29743 2 
3.848 15.554 6.60380 0.47624 2 
6.414 15.554 0.00000 -0.00000 0 
8.980 15.554 0.00000 -0.00000 0 
11.545 15.554 0.00000 -0.00000 0 
14.111 15.554 0.00000 -0.00000 0 
16.676 15.554 3.70543 0.68066 2 
19.242 15.554 7.41087 1.36132 2 
21.808 15.554 6.61063 1.31081 2 
24.373 15.554 7.15158 1.33276 2 
26.939 15.554 6.96881 1.44258 2 
29.504 15.554 7.25138 1.36182 2 
32.070 15.554 7.27276 1.60866 2 
34.636 15.554 7.30986 1.44795 2 
37.201 15.554 7.54637 1.56035 2 
39.767 15.554 7.59075 1.50724 2 
42.332 15.554 7.89498 1.31797 2 
44.898 15.554 7.92252 1.61738 2 
47.464 15.554 8.08778 1.51985 2 
50.029 15.554 8.48675 1.33939 2 
52.595 15.554 8.31375 1.70349 2 
55.160 15.554 0.00000 -0.00000 0 
57.726 15.554 0.00000 -0.00000 0 
60.292 15.554 0.00000 -0.00000 0 
62.857 15.554 0.00000 -0.00000 0 
65.423 15.554 0.00000 -0.00000 0 
67.988 15.554 0.00000 -0.00000 0 
70.554 15.554 0.00000 -0.00000 0 
73.120 15.554 0.00000 -0.00000 0 
75.685 15.554 0.00000 -0.00000 0 
78.251 15.554 0.00000 -0.00000 0 
80.816 15.554 -0.67357 0.05873 2 
83.382 15.554 -1.34202 -0.23659 2 
85.948 15.554 -0.53189 -0.14359 2 
88.513 15.554 0.44526 0.43353 2 
91.079 15.554 -0.12023 -0.04254 2 
93.644 15.554 1.92483 0.97370 2 
96.210 15.554 3.18003 -0.43061 2 
98.776 15.554 2.88723 -0.57911 2 
101.341 15.554 3.46219 -0.87030 2 
103.907 15.554 2.12646 -0.19508 2 
106.472 15.554 4.32354 1.44883 2 
109.038 15.554 5.74151 2.06527 2 
111.603 15.554 5.76605 -2.40815 2 
114.169 15.554 7.10606 -2.54340 2 
116.735 15.554 6.11421 -2.75026 2 
119.300 15.554 0.00000 -0.00000 0 
-8.980 12.988 6.79702 -0.01521 2 
-6.414 12.988 6.86765 -0.09263 2 
-3.848 12.988 6.54539 0.09988 2 
-1.283 12.988 6.57706 0.19396 2 
1.283 12.988 6.49999 0.19638 2 
3.848 12.988 6.47194 0.40350 2 
6.414 12.988 0.00000 -0.00000 0 
8.980 12.988 0.00000 -0.00000 0 
11.545 12.988 0.00000 -0.00000 0 
14.111 12.988 0.00000 -0.00000 0 
16.676 12.988 3.37442 0.63180 2 
19.242 12.988 6.74885 1.26359 2 
21.808 12.988 6.99573 1.37887 2 
24.373 12.988 6.97376 1.63793 2 
26.939 12.988 6.97165 1.73037 2 
29.504 12.988 7.65893 1.71349 2 
32.070 12.988 7.45406 1.41277 2 
34.636 12.988 7.73468 1.82847 2 
37.201 12.988 7.52431 2.04409 2 
39.767 12.988 8.64441 1.52391 2 
42.332 12.988 0.00000 -0.00000 0 
44.898 12.988 0.00000 -0.00000 0 
47.464 12.988 0.00000 -0.00000 0 
50.029 12.988 0.00000 -0.00000 0 
52.595 12.988 0.00000 -0.00000 0 
55.160 12.988 0.00000 -0.00000 0 
57.726 12.988 0.00000 -0.00000 0 
60.292 12.988 0.00000 -0.00000 0 
62.857 12.988 0.00000 -0.00000 0 
65.423 12.988 0.00000 -0.00000 0 
67.988 12.988 0.00000 -0.00000 0 
70.554 12.988 0.00000 -0.00000 0 
73.120 12.988 0.00000 -0.00000 0 
75.685 12.988 -0.84732 -0.30119 2 
78.251 12.988 -1.27098 -0.45178 2 
80.816 12.988 -1.34714 0.11747 2 
83.382 12.988 -2.04131 -0.18552 2 
85.948 12.988 -2.43727 0.50744 2 
88.513 12.988 -1.10937 0.55861 2 
91.079 12.988 -2.13899 0.87406 2 
93.644 12.988 -2.24938 1.16079 2 
96.210 12.988 -3.04026 0.83549 2 
98.776 12.988 -2.88924 -0.44525 2 
101.341 12.988 -1.44652 -0.87913 2 
103.907 12.988 -0.07938 1.79867 2 
106.472 12.988 0.17890 1.93800 2 
109.038 12.988 0.62519 -0.03024 2 
111.603 12.988 1.83825 -1.22511 2 
114.169 12.988 4.70763 -3.60736 2 
116.735 12.988 2.89375 -2.28480 2 
119.300 12.988 0.00000 -0.00000 0 
-8.980 10.423 6.93570 -0.19914 2 
-6.414 10.423 6.49639 -0.07364 2 
-3.848 10.423 6.47123 -0.11082 2 
-1.283 10.423 6.40581 0.06881 2 
1.283 10.423 6.37692 0.03625 2 
3.848 10.423 6.34008 0.33075 2 
6.414 10.423 1.56230 0.06994 2 
8.980 10.423 0.00000 -0.00000 0 
11.545 10.423 0.00000 -0.00000 0 
14.111 10.423 0.00000 -0.00000 0 
16.676 10.423 2.24962 0.42120 2 
19.242 10.423 4.49923 0.84240 2 
21.808 10.423 6.33057 1.46988 2 
24.373 10.423 7.40763 1.84389 2 
26.939 10.423 8.04238 1.94150 2 
29.504 10.423 7.72935 1.80191 2 
32.070 10.423 0.00000 -0.00000 0 
34.636 10.423 0.00000 -0.00000 0 
37.201 10.423 0.00000 -0.00000 0 
39.767 10.423 0.00000 -0.00000 0 
42.332 10.423 0.00000 -0.00000 0 
44.898 10.423 0.00000 -0.00000 0 
47.464 10.423 0.00000 -0.00000 0 
50.029 10.423 0.00000 -0.00000 0 
52.595 10.423 0.00000 -0.00000 0 
55.160 10.423 0.00000 -0.00000 0 
57.726 10.423 0.00000 -0.00000 0 
60.292 10.423 0.00000 -0.00000 0 
62.857 10.423 0.00000 -0.00000 0 
65.423 10.423 0.00000 -0.00000 0 
67.988 10.423 -0.26161 -0.03324 2 
70.554 10.423 -0.50951 0.16492 2 
73.120 10.423 -0.99094 -0.18723 2 
75.685 10.423 -1.47236 -0.53938 2 
78.251 10.423 -1.07319 -0.34197 2 
80.816 10.423 -2.32946 -0.37549 2 
83.382 10.423 -2.74061 -0.13445 2 
85.948 10.423 -1.95698 0.18530 2 
88.513 10.423 -2.66401 0.68369 2 
91.079 10.423 -3.50248 -0.19326 2 
93.644 10.423 -3.00827 -0.04842 2 
96.210 10.423 -2.66175 0.44516 2 
98.776 10.423 -1.52556 1.23716 2 
101.341 10.423 -1.48340 1.04478 2 
103.907 10.423 -2.04100 1.96658 2 
106.472 10.423 -3.12898 2.38848 2 
109.038 10.423 -0.83774 -0.17600 2 
111.603 10.423 -2.08954 -0.04206 2 
114.169 10.423 0.59250 -2.66609 2 
116.735 10.423 0.25582 -3.38351 2 
119.300 10.423 -0.08087 -4.10093 2 
-8.980 7.857 6.80623 -0.29285 2 
-6.414 7.857 6.71131 -0.23663 2 
-3.848 7.857 6.40221 -0.23484 2 
-1.283 7.857 6.33598 -0.19254 2 
1.283 7.857 6.05742 0.02710 2 
3.848 7.857 6.24920 0.27975 2 
6.414 7.857 3.12460 0.13988 2 
8.980 7.857 0.00000 -0.00000 0 
11.545 7.857 0.00000 -0.00000 0 
14.111 7.857 0.00000 -0.00000 2 
16.676 7.857 1.49974 0.28080 2 
19.242 7.857 2.24962 0.42120 2 
21.808 7.857 0.00000 -0.00000 0 
24.373 7.857 0.00000 -0.00000 0 
26.939 7.857 0.00000 -0.00000 0 
29.504 7.857 0.00000 -0.00000 0 
32.070 7.857 0.00000 -0.00000 0 
34.636 7.857 0.00000 -0.00000 0 
37.201 7.857 0.00000 -0.00000 0 
39.767 7.857 0.00000 -0.00000 0 
42.332 7.857 0.00000 -0.00000 0 
44.898 7.857 0.00000 -0.00000 0 
47.464 7.857 0.00000 -0.00000 0 
50.029 7.857 0.00000 -0.00000 0 
52.595 7.857 0.00000 -0.00000 0 
55.160 7.857 0.00000 -0.00000 0 
57.726 7.857 0.00000 -0.00000 0 
60.292 7.857 -0.63056 0.02953 2 
62.857 7.857 -0.35212 0.00853 2 
65.423 7.857 -0.50953 -0.26359 2 
67.988 7.857 -0.52323 -0.06649 2 
70.554 7.857 -1.08808 -0.75691 2 
73.120 7.857 -1.28052 -0.63738 2 
75.685 7.857 -1.87514 -0.71459 2 
78.251 7.857 -0.87540 -0.23217 2 
80.816 7.857 -1.58032 -0.33021 2 
83.382 7.857 -1.61310 0.21705 2 
85.948 7.857 -1.63807 0.04127 2 
88.513 7.857 -2.23256 -0.35243 2 
91.079 7.857 -2.57418 1.05949 2 
93.644 7.857 -2.90990 0.58594 2 
96.210 7.857 -2.28324 0.05483 2 
98.776 7.857 -3.05803 0.21036 2 
101.341 7.857 -2.50119 0.43363 2 
103.907 7.857 -2.31661 1.29204 2 
106.472 7.857 -3.00197 0.72974 2 
109.038 7.857 -3.67688 1.25457 2 
111.603 7.857 -1.25047 -0.34892 2 
114.169 7.857 -1.78967 -2.68645 2 
116.735 7.857 -1.13878 -3.51284 2 
119.300 7.857 -0.48789 -4.33923 2 
-8.980 5.292 6.54660 -0.25169 2 
-6.414 5.292 6.49196 -0.38360 2 
-3.848 5.292 6.35271 -0.32810 2 
-1.283 5.292 6.23342 -0.38743 2 
1.283 5.292 5.79596 -0.25106 2 
3.848 5.292 6.41641 0.08860 2 
6.414 5.292 1.56230 0.06994 2 
8.980 5.292 0.00000 -0.00000 0 
11.545 5.292 0.00000 -0.00000 0 
14.111 5.292 0.00000 -0.00000 0 
16.676 5.292 0.00000 -0.00000 0 
19.242 5.292 0.00000 -0.00000 0 
21.808 5.292 0.00000 -0.00000 0 
24.373 5.292 0.00000 -0.00000 0 
26.939 5.292 0.00000 -0.00000 0 
29.504 5.292 0.00000 -0.00000 0 
32.070 5.292 0.00000 -0.00000 0 
34.636 5.292 0.00000 -0.00000 0 
37.201 5.292 0.00000 -0.00000 0 
39.767 5.292 0.00000 -0.00000 0 
42.332 5.292 0.00000 -0.00000 0 
44.898 5.292 0.00000 -0.00000 0 
47.464 5.292 0.00000 -0.00000 0 
50.029 5.292 0.00000 -0.00000 0 
52.595 5.292 -0.32126 -0.13036 2 
55.160 5.292 -1.05014 -0.16213 2 
57.726 5.292 -0.61532 -0.21292 2 
60.292 5.292 -0.63313 -0.10374 2 
62.857 5.292 -0.73802 -0.46373 2 
65.423 5.292 -0.94998 -0.73341 2 
67.988 5.292 -1.36474 -0.68837 2 
70.554 5.292 -1.66665 -1.67874 2 
73.120 5.292 -1.45692 -1.36246 2 
75.685 5.292 -0.67963 -0.27682 2 
78.251 5.292 -0.13172 -0.14414 2 
80.816 5.292 0.24089 -0.31199 2 
83.382 5.292 -0.71721 -0.22713 2 
85.948 5.292 -0.58452 -0.09713 2 
88.513 5.292 -1.26321 0.14131 2 
91.079 5.292 -2.58271 0.95818 2 
93.644 5.292 -2.71804 1.31286 2 
96.210 5.292 -3.13417 -0.10028 2 
98.776 5.292 -3.52114 1.03991 2 
101.341 5.292 -3.28731 1.49896 2 
103.907 5.292 -2.59222 0.61750 2 
106.472 5.292 -3.23746 0.76023 2 
109.038 5.292 -3.11413 1.25603 2 
111.603 5.292 -2.94882 -1.38228 2 
114.169 5.292 -3.16034 -3.55784 2 
116.735 5.292 -1.69863 -3.15352 2 
119.300 5.292 -0.23693 -2.74920 2 
-8.980 2.726 6.61247 -0.43858 2 
-6.414 2.726 6.55600 -0.55095 2 
-3.848 2.726 6.34033 -0.61944 2 
-1.283 2.726 5.90368 -0.66065 2 
1.283 2.726 5.97025 -0.31306 2 
3.848 2.726 3.20821 0.04430 2 
6.414 2.726 0.00000 -0.00000 0 
8.980 2.726 0.00000 -0.00000 0 
11.545 2.726 0.00000 -0.00000 0 
14.111 2.726 0.00000 -0.00000 0 
16.676 2.726 0.00000 -0.00000 0 
19.242 2.726 0.00000 -0.00000 0 
21.808 2.726 0.00000 -0.00000 0 
24.373 2.726 0.00000 -0.00000 0 
26.939 2.726 0.00000 -0.00000 0 
29.504 2.726 0.00000 -0.00000 0 
32.070 2.726 0.00000 -0.00000 0 
34.636 2.726 0.00000 -0.00000 0 
37.201 2.726 0.00000 -0.00000 0 
39.767 2.726 0.00000 -0.00000 0 
42.332 2.726 0.00000 -0.00000 0 
44.898 2.726 0.00000 -0.00000 0 
47.464 2.726 -0.48051 -0.08032 2 
50.029 2.726 -0.03444 -0.16454 2 
52.595 2.726 -0.64252 -0.26072 2 
55.160 2.726 -0.97172 -0.35861 2 
57.726 2.726 -1.23065 -0.42584 2 
60.292 2.726 -0.51691 -0.17342 2 
62.857 2.726 -0.85920 -0.48820 2 
65.423 2.726 -1.50740 -1.27009 2 
67.988 2.726 -1.21326 -0.93351 2 
70.554 2.726 -1.35057 -1.99803 2 
73.120 2.726 -0.29618 -1.40522 2 
75.685 2.726 -0.16219 -0.41938 2 
78.251 2.726 0.38424 -0.74034 2 
80.816 2.726 0.63570 -0.96468 2 
83.382 2.726 0.05343 -0.96776 2 
85.948 2.726 -1.94151 0.39503 2 
88.513 2.726 -1.32447 0.32648 2 
91.079 2.726 -2.59125 0.85687 2 
93.644 2.726 -1.06810 0.75403 2 
96.210 2.726 -1.80629 0.89486 2 
98.776 2.726 -1.46775 1.84736 2 
101.341 2.726 -1.32833 0.84675 2 
103.907 2.726 -2.63871 1.50821 2 
106.472 2.726 -4.08422 0.31540 2 
109.038 2.726 -3.09986 -0.34469 2 
111.603 2.726 -3.57955 -2.74167 2 
114.169 2.726 -3.84842 -2.88220 2 
116.735 2.726 -2.71461 -2.53045 2 
119.300 2.726 0.41917 -2.69109 2 
-8.980 0.160 6.67924 -0.67010 2 
-6.414 0.160 6.56206 -0.71759 2 
-3.848 0.160 6.46644 -0.72743 2 
-1.283 0.160 6.02683 -0.65078 2 
1.283 0.160 6.62862 -0.90844 2 
3.848 0.160 0.00000 -0.00000 0 
6.414 0.160 0.00000 -0.00000 0 
8.980 0.160 0.00000 -0.00000 0 
11.545 0.160 0.00000 -0.00000 0 
14.111 0.160 0.00000 -0.00000 0 
16.676 0.160 0.00000 -0.00000 0 
19.242 0.160 0.00000 -0.00000 0 
21.808 0.160 0.00000 -0.00000 0 
24.373 0.160 0.00000 -0.00000 0 
26.939 0.160 0.00000 -0.00000 0 
29.504 0.160 0.00000 -0.00000 0 
32.070 0.160 0.00000 -0.00000 0 
34.636 0.160 0.00000 -0.00000 0 
37.201 0.160 0.00000 -0.00000 0 
39.767 0.160 -0.57267 -0.23707 2 
42.332 0.160 -0.35927 -0.36415 2 
44.898 0.160 -0.87197 -0.16885 2 
47.464 0.160 -0.41195 -0.37447 2 
50.029 0.160 -0.64998 -0.23669 2 
52.595 0.160 -0.82775 -0.40033 2 
55.160 0.160 -0.51212 -0.51021 2 
57.726 0.160 -0.70798 -0.51208 2 
60.292 0.160 -0.40070 -0.24311 2 
62.857 0.160 -0.98039 -0.51267 2 
65.423 0.160 -1.02339 -1.46264 2 
67.988 0.160 -1.06177 -1.17865 2 
70.554 0.160 -0.84034 -1.39002 2 
73.120 0.160 -0.37470 -1.79163 2 
75.685 0.160 0.23831 -0.76191 2 
78.251 0.160 0.80211 -0.99944 2 
80.816 0.160 0.92675 -1.05706 2 
83.382 0.160 0.05155 -0.21166 2 
85.948 0.160 -0.61817 -0.20897 2 
88.513 0.160 -1.42725 0.36200 2 
91.079 0.160 -0.13994 -0.03752 2 
93.644 0.160 -1.23409 2.25261 2 
96.210 0.160 0.99856 1.96784 2 
98.776 0.160 1.03175 1.04872 2 
101.341 0.160 -0.76704 1.81614 2 
103.907 0.160 -1.84816 0.64266 2 
106.472 0.160 -1.68541 1.45082 2 
109.038 0.160 -3.14796 -0.98266 2 
111.603 0.160 -2.97085 -2.31049 2 
114.169 0.160 -2.14518 -2.95063 2 
116.735 0.160 -0.23638 -2.75000 2 
119.300 0.160 0.43431 -2.14169 2 
-8.980 -2.405 6.78640 -0.75729 2 
-6.414 -2.405 6.72787 -0.74094 2 
-3.848 -2.405 6.34774 -0.87564 2 
-1.283 -2.405 6.46217 -0.96260 2 
1.283 -2.405 0.00000 -0.00000 0 
3.848 -2.405 0.00000 -0.00000 0 
6.414 -2.405 0.00000 -0.00000 0 
8.980 -2.405 0.00000 -0.00000 0 
11.545 -2.405 0.00000 -0.00000 0 
14.111 -2.405 0.00000 -0.00000 0 
16.676 -2.405 0.00000 -0.00000 0 
19.242 -2.405 0.00000 -0.00000 0 
21.808 -2.405 0.00000 -0.00000 0 
24.373 -2.405 0.00000 -0.00000 0 
26.939 -2.405 0.00000 -0.00000 0 
29.504 -2.405 0.00000 -0.00000 0 
32.070 -2.405 -0.39637 -0.27011 2 
34.636 -2.405 -0.59373 -0.31095 2 
37.201 -2.405 -1.39459 -0.15292 2 
39.767 -2.405 -1.14534 -0.47415 2 
42.332 -2.405 -1.49813 -0.26277 2 
44.898 -2.405 -1.21243 -0.29710 2 
47.464 -2.405 -0.97581 -0.15776 2 
50.029 -2.405 -1.14450 -0.31804 2 
52.595 -2.405 -0.90708 -0.39096 2 
55.160 -2.405 -0.96996 -0.67798 2 
57.726 -2.405 -0.61953 -0.49792 2 
60.292 -2.405 -0.60770 -0.71377 2 
62.857 -2.405 -1.04390 -0.89372 2 
65.423 -2.405 -0.64302 -1.03921 2 
67.988 -2.405 -0.86398 -1.23738 2 
70.554 -2.405 -1.12497 -1.28359 2 
73.120 -2.405 -0.34759 -1.63084 2 
75.685 -2.405 0.15100 -0.76918 2 
78.251 -2.405 0.30525 -0.57058 2 
80.816 -2.405 1.21780 -1.14943 2 
83.382 -2.405 0.12234 -1.03523 2 
85.948 -2.405 0.09614 -0.87023 2 
88.513 -2.405 2.05336 0.20447 2 
91.079 -2.405 2.58592 1.54262 2 
93.644 -2.405 0.98042 2.15560 2 
96.210 -2.405 1.62881 1.67060 2 
98.776 -2.405 3.53125 0.25009 2 
101.341 -2.405 1.12992 0.35103 2 
103.907 -2.405 1.48659 1.68718 2 
106.472 -2.405 0.32660 0.95390 2 
109.038 -2.405 0.50631 0.13377 2 
111.603 -2.405 -0.51960 0.01541 2 
114.169 -2.405 -0.44195 -3.01906 2 
116.735 -2.405 0.02858 -2.70463 2 
119.300 -2.405 0.44945 -1.59230 2 
-8.980 -4.971 6.93654 -0.95815 2 
-6.414 -4.971 6.73664 -0.85503 2 
-3.848 -4.971 6.52083 -1.01979 2 
-1.283 -4.971 6.36935 -0.96988 2 
1.283 -4.971 0.00000 -0.00000 0 
3.848 -4.971 0.00000 -0.00000 0 
6.414 -4.971 0.00000 -0.00000 0 
8.980 -4.971 0.00000 -0.00000 0 
11.545 -4.971 0.00000 -0.00000 0 
14.111 -4.971 0.00000 -0.00000 0 
16.676 -4.971 0.00000 -0.00000 0 
19.242 -4.971 0.00000 -0.00000 0 
21.808 -4.971 0.00000 -0.00000 0 
24.373 -4.971 0.38867 0.04114 2 
26.939 -4.971 -0.38356 -0.07880 2 
29.504 -4.971 -0.91477 -0.20559 2 
32.070 -4.971 -0.79274 -0.54023 2 
34.636 -4.971 -1.24365 -0.67382 2 
37.201 -4.971 -1.09180 -0.87005 2 
39.767 -4.971 -1.62983 -0.39637 2 
42.332 -4.971 -1.47576 -0.63910 2 
44.898 -4.971 -1.58664 -0.38207 2 
47.464 -4.971 -1.19765 -0.13144 2 
50.029 -4.971 -1.13263 -0.57246 2 
52.595 -4.971 -1.28874 -0.48110 2 
55.160 -4.971 -0.62015 -0.75825 2 
57.726 -4.971 -0.65217 -0.31337 2 
60.292 -4.971 -1.03684 -0.97858 2 
62.857 -4.971 -0.69246 -1.20910 2 
65.423 -4.971 -0.87582 -1.10199 2 
67.988 -4.971 -0.37092 -1.04806 2 
70.554 -4.971 0.25843 -1.30086 2 
73.120 -4.971 0.35915 -1.22143 2 
75.685 -4.971 0.62624 -1.33161 2 
78.251 -4.971 0.46782 -1.09341 2 
80.816 -4.971 1.45129 -1.12651 2 
83.382 -4.971 2.60732 -0.58957 2 
85.948 -4.971 3.55567 1.03547 2 
88.513 -4.971 3.44574 0.78180 2 
91.079 -4.971 3.84947 2.35955 2 
93.644 -4.971 3.19493 2.05859 2 
96.210 -4.971 2.25906 1.37336 2 
98.776 -4.971 3.54118 0.37563 2 
101.341 -4.971 2.03446 0.59006 2 
103.907 -4.971 0.99340 1.75387 2 
106.472 -4.971 0.28936 1.59715 2 
109.038 -4.971 0.62760 -0.28236 2 
111.603 -4.971 1.47433 -1.28383 2 
114.169 -4.971 0.08534 -2.20442 2 
116.735 -4.971 1.94026 -0.68163 2 
119.300 -4.971 0.46459 -1.04290 2 
-8.980 -7.536 7.18780 -0.82319 2 
-6.414 -7.536 6.82022 -0.96120 2 
-3.848 -7.536 6.78143 -1.11480 2 
-1.283 -7.536 6.52722 -1.37236 2 
1.283 -7.536 6.65347 -1.64658 2 
3.848 -7.536 0.00000 -0.00000 0 
6.414 -7.536 2.55265 -1.27809 2 
8.980 -7.536 5.39418 -1.97247 2 
11.545 -7.536 2.60231 -0.85301 2 
14.111 -7.536 -0.18956 0.26646 2 
16.676 -7.536 0.13795 0.07554 2 
19.242 -7.536 -0.41371 0.20062 2 
21.808 -7.536 -0.65721 -0.00492 2 
24.373 -7.536 -1.41882 -0.59061 2 
26.939 -7.536 -1.50736 -0.36676 2 
29.504 -7.536 -1.18359 -0.21270 2 
32.070 -7.536 -1.31102 -0.32083 2 
34.636 -7.536 -1.98673 -0.46921 2 
37.201 -7.536 -0.26844 -1.14683 2 
39.767 -7.536 -0.54820 -1.28048 2 
42.332 -7.536 -0.80997 0.40341 2 
44.898 -7.536 -1.62476 0.12389 2 
47.464 -7.536 -1.02730 -0.28031 2 
50.029 -7.536 -0.17130 -1.13296 2 
52.595 -7.536 -1.41407 -0.49056 2 
55.160 -7.536 -0.36295 -0.69730 2 
57.726 -7.536 -0.74768 -0.81134 2 
60.292 -7.536 -0.44394 -0.61297 2 
62.857 -7.536 -0.56330 -1.11454 2 
65.423 -7.536 -0.32371 -1.40140 2 
67.988 -7.536 -0.12877 -1.12567 2 
70.554 -7.536 0.24752 -0.63515 2 
73.120 -7.536 0.62008 -0.68389 2 
75.685 -7.536 0.43591 -1.47445 2 
78.251 -7.536 0.86574 -0.24227 2 
80.816 -7.536 3.01422 0.02856 2 
83.382 -7.536 4.38961 0.55887 2 
85.948 -7.536 4.81412 1.16147 2 
88.513 -7.536 4.83812 1.35913 2 
91.079 -7.536 4.01345 1.49244 2 
93.644 -7.536 4.11590 0.91545 2 
96.210 -7.536 4.28887 0.89321 2 
98.776 -7.536 3.55112 0.50118 2 
101.341 -7.536 4.13234 3.13243 2 
103.907 -7.536 4.47995 1.93935 2 
106.472 -7.536 3.88269 3.31007 2 
109.038 -7.536 2.98217 0.54281 2 
111.603 -7.536 1.57479 -1.61433 2 
114.169 -7.536 1.40451 -1.49286 2 
116.735 -7.536 2.36897 0.50075 2 
119.300 -7.536 0.00000 -0.00000 0 
-8.980 -10.102 7.01765 -0.92055 2 
-6.414 -10.102 7.05192 -0.98041 2 
-3.848 -10.102 6.87230 -1.33364 2 
-1.283 -10.102 6.98729 -1.52368 2 
1.283 -10.102 6.73551 -1.91474 2 
3.848 -10.102 7.16900 -2.37903 2 
6.414 -10.102 7.20528 -2.80454 2 
8.980 -10.102 6.44521 -2.22336 2 
11.545 -10.102 4.80970 -1.57400 2 
14.111 -10.102 4.16803 -1.22110 2 
16.676 -10.102 9.88936 -3.03044 2 
19.242 -10.102 4.71744 -1.69684 2 
21.808 -10.102 5.42382 -1.68025 2 
24.373 -10.102 4.91128 -0.23004 2 
26.939 -10.102 1.55760 -1.19395 2 
29.504 -10.102 2.39956 -0.83587 2 
32.070 -10.102 0.92977 -0.12269 2 
34.636 -10.102 -1.65366 -0.82914 2 
37.201 -10.102 0.55491 -1.42361 2 
39.767 -10.102 2.14296 -1.63226 2 
42.332 -10.102 1.53382 0.72396 2 
44.898 -10.102 2.95244 0.92859 2 
47.464 -10.102 1.20996 -1.03894 2 
50.029 -10.102 3.84057 -0.47561 2 
52.595 -10.102 3.75389 0.32009 2 
55.160 -10.102 2.55872 0.48395 2 
57.726 -10.102 1.46525 -0.05052 2 
60.292 -10.102 2.23623 -0.87859 2 
62.857 -10.102 0.65627 -0.46219 2 
65.423 -10.102 0.47319 -1.53312 2 
67.988 -10.102 0.45332 -1.68658 2 
70.554 -10.102 1.98990 -0.18279 2 
73.120 -10.102 2.14491 -0.06848 2 
75.685 -10.102 2.20664 -1.22888 2 
78.251 -10.102 2.76797 -0.07763 2 
80.816 -10.102 2.62276 -0.29431 2 
83.382 -10.102 5.36621 -0.02660 2 
85.948 -10.102 5.54873 0.26505 2 
88.513 -10.102 5.17224 0.05775 2 
91.079 -10.102 4.17743 0.62533 2 
93.644 -10.102 3.96737 1.29017 2 
96.210 -10.102 4.23883 0.53313 2 
98.776 -10.102 4.06325 0.60255 2 
101.341 -10.102 3.86361 1.34622 2 
103.907 -10.102 3.98191 3.04947 2 
106.472 -10.102 5.61105 3.52523 2 
109.038 -10.102 4.43224 1.63592 2 
111.603 -10.102 3.95213 0.27944 2 
114.169 -10.102 4.52578 -0.82649 2 
116.735 -10.102 3.41730 -0.96843 2 
119.300 -10.102 0.00000 -0.00000 0 
-8.980 -12.668 7.03112 -0.90408 2 
-6.414 -12.668 7.13304 -1.06698 2 
-3.848 -12.668 7.12331 -1.25759 2 
-1.283 -12.668 6.93533 -1.28649 2 
1.283 -12.668 7.23601 -1.89843 2 
3.848 -12.668 7.06062 -2.05936 2 
6.414 -12.668 7.44446 -2.45801 2 
8.980 -12.668 7.49625 -2.47425 2 
11.545 -12.668 8.17345 -2.76509 2 
14.111 -12.668 8.52563 -2.70865 2 
16.676 -12.668 9.00743 -2.54746 2 
19.242 -12.668 9.19964 -2.45443 2 
21.808 -12.668 9.55817 -2.04614 2 
24.373 -12.668 9.27943 -2.05452 2 
26.939 -12.668 9.81481 -2.29020 2 
29.504 -12.668 9.28715 -0.65086 2 
32.070 -12.668 5.38682 -0.77865 2 
34.636 -12.668 4.55536 -2.14168 2 
37.201 -12.668 8.35540 -0.45989 2 
39.767 -12.668 4.83412 -1.98404 2 
42.332 -12.668 3.31495 0.87028 2 
44.898 -12.668 4.15069 0.53814 2 
47.464 -12.668 6.03974 1.03422 2 
50.029 -12.668 7.85244 0.18173 2 
52.595 -12.668 8.06918 0.90814 2 
55.160 -12.668 7.95397 0.80344 2 
57.726 -12.668 5.47327 -0.79536 2 
60.292 -12.668 4.70950 0.28172 2 
62.857 -12.668 3.17104 -0.40317 2 
65.423 -12.668 4.87024 -0.31376 2 
67.988 -12.668 2.97835 -0.80541 2 
70.554 -12.668 3.73229 0.26956 2 
73.120 -12.668 3.27528 -1.22313 2 
75.685 -12.668 3.97736 -0.98331 2 
78.251 -12.668 4.67020 0.08702 2 
80.816 -12.668 2.83522 0.05100 2 
83.382 -12.668 5.02027 -0.17927 2 
85.948 -12.668 6.46853 0.31846 2 
88.513 -12.668 6.31328 0.55339 2 
91.079 -12.668 6.47110 0.81251 2 
93.644 -12.668 5.63687 0.69855 2 
96.210 -12.668 4.00885 0.52472 2 
98.776 -12.668 4.93177 2.47141 2 
101.341 -12.668 7.03187 1.63333 2 
103.907 -12.668 7.61099 2.61191 2 
106.472 -12.668 7.62735 3.11955 2 
109.038 -12.668 6.24410 1.86082 2 
111.603 -12.668 4.82966 -0.12144 2 
114.169 -12.668 4.94254 0.18055 2 
116.735 -12.668 8.49629 0.34487 2 
119.300 -12.668 0.00000 -0.00000 0 
-8.980 -15.233 7.23012 -0.95339 2 
-6.414 -15.233 7.18984 -1.15761 2 
-3.848 -15.233 7.20279 -1.28007 2 
-1.283 -15.233 7.19745 -1.59424 2 
1.283 -15.233 7.19831 -1.65039 2 
3.848 -15.233 7.38898 -2.06959 2 
6.414 -15.233 7.47712 -2.19132 2 
8.980 -15.233 7.81239 -2.35768 2 
11.545 -15.233 8.35776 -2.40537 2 
14.111 -15.233 8.50969 -2.48774 2 
16.676 -15.233 8.81358 -2.39843 2 
19.242 -15.233 8.95967 -2.19221 2 
21.808 -15.233 9.16114 -2.22517 2 
24.373 -15.233 9.22531 -2.15249 2 
26.939 -15.233 9.75014 -1.99048 2 
29.504 -15.233 9.81459 -1.60851 2 
32.070 -15.233 9.84386 -1.43461 2 
34.636 -15.233 8.41916 -1.67852 2 
37.201 -15.233 9.41922 -0.78560 2 
39.767 -15.233 9.13479 -1.80349 2 
42.332 -15.233 7.34576 -0.58808 2 
44.898 -15.233 5.17330 -1.18982 2 
47.464 -15.233 6.45242 0.09812 2 
50.029 -15.233 9.97108 0.36843 2 
52.595 -15.233 9.76823 0.95932 2 
55.160 -15.233 8.94659 0.51670 2 
57.726 -15.233 9.36432 0.72576 2 
60.292 -15.233 7.39836 0.05843 2 
62.857 -15.233 5.68582 -0.34415 2 
65.423 -15.233 4.06200 -0.75098 2 
67.988 -15.233 6.08997 -0.39433 2 
70.554 -15.233 5.79290 0.41704 2 
73.120 -15.233 4.97613 -0.02746 2 
75.685 -15.233 6.01581 -0.10584 2 
78.251 -15.233 6.61660 -0.29435 2 
80.816 -15.233 6.10528 0.41821 2 
83.382 -15.233 6.06654 0.17896 2 
85.948 -15.233 7.04519 -0.02784 2 
88.513 -15.233 7.67033 0.28669 2 
91.079 -15.233 7.83297 1.02560 2 
93.644 -15.233 7.00707 0.51141 2 
96.210 -15.233 6.30606 0.84614 2 
98.776 -15.233 6.77698 2.53309 2 
101.341 -15.233 8.09264 2.54094 2 
103.907 -15.233 8.46573 2.28919 2 
106.472 -15.233 8.09671 2.18849 2 
109.038 -15.233 7.67376 1.58074 2 
111.603 -15.233 7.54492 0.27892 2 
114.169 -15.233 8.15139 0.94309 2 
116.735 -15.233 8.39033 0.68194 2 
119.300 -15.233 0.00000 -0.00000 0 
-8.980 -17.799 7.31890 -0.98619 2 
-6.414 -17.799 7.24281 -1.06176 2 
-3.848 -17.799 7.29356 -1.19558 2 
-1.283 -17.799 7.32712 -1.42227 2 
1.283 -17.799 7.44405 -1.77090 2 
3.848 -17.799 7.38324 -1.69130 2 
6.414 -17.799 7.62207 -2.03084 2 
8.980 -17.799 7.95646 -2.07948 2 
11.545 -17.799 8.15007 -2.25083 2 
14.111 -17.799 8.48347 -2.32776 2 
16.676 -17.799 8.79785 -2.20216 2 
19.242 -17.799 8.89239 -2.00579 2 
21.808 -17.799 8.93803 -1.98415 2 
24.373 -17.799 9.12258 -1.78122 2 
26.939 -17.799 9.27530 -1.70925 2 
29.504 -17.799 9.48965 -1.63116 2 
32.070 -17.799 9.56713 -1.34690 2 
34.636 -17.799 9.77554 -1.30506 2 
37.201 -17.799 9.52569 -1.25331 2 
39.767 -17.799 9.91026 -1.49063 2 
42.332 -17.799 9.59037 -1.31261 2 
44.898 -17.799 6.65687 -1.10684 2 
47.464 -17.799 7.49945 -0.09039 2 
50.029 -17.799 9.50459 -0.06324 2 
52.595 -17.799 9.65345 0.26538 2 
55.160 -17.799 9.93920 0.22996 2 
57.726 -17.799 9.33572 -0.03854 2 
60.292 -17.799 9.01036 -0.15478 2 
62.857 -17.799 7.59523 -0.52748 2 
65.423 -17.799 7.49493 -0.47063 2 
67.988 -17.799 8.91816 0.04989 2 
70.554 -17.799 6.75354 -0.88173 2 
73.120 -17.799 7.94111 0.55722 2 
75.685 -17.799 7.99575 0.35428 2 
78.251 -17.799 9.10126 0.63760 2 
80.816 -17.799 9.37534 0.78541 2 
83.382 -17.799 8.06432 0.46108 2 
85.948 -17.799 9.29728 0.69576 2 
88.513 -17.799 9.80325 0.40917 2 
91.079 -17.799 9.19484 1.23870 2 
93.644 -17.799 8.37726 0.32428 2 
96.210 -17.799 9.68550 0.76016 2 
98.776 -17.799 8.96127 2.57516 2 
101.341 -17.799 8.72188 2.17928 2 
103.907 -17.799 8.68136 2.31611 2 
106.472 -17.799 8.42403 1.77250 2 
109.038 -17.799 8.38523 1.62490 2 
111.603 -17.799 8.22065 1.05567 2 
114.169 -17.799 8.16035 0.95717 2 
116.735 -17.799 8.35387 0.71883 2 
119.300 -17.799 0.00000 -0.00000 0 
-8.980 -20.364 7.55920 -0.94662 2 
-6.414 -20.364 7.37735 -1.17624 2 
-3.848 -20.364 7.46195 -1.19562 2 
-1.283 -20.364 7.50056 -1.37629 2 
1.283 -20.364 7.59750 -1.60707 2 
3.848 -20.364 7.88252 -1.72154 2 
6.414 -20.364 7.73929 -1.68772 2 
8.980 -20.364 8.17738 -1.91899 2 
11.545 -20.364 8.40531 -1.94397 2 
14.111 -20.364 8.47533 -1.91560 2 
16.676 -20.364 8.63160 -1.86652 2 
19.242 -20.364 8.78109 -1.93657 2 
21.808 -20.364 9.00167 -1.68208 2 
24.373 -20.364 9.03442 -1.81606 2 
26.939 -20.364 9.23227 -1.65976 2 
29.504 -20.364 9.30386 -1.46168 2 
32.070 -20.364 9.48294 -1.29246 2 
34.636 -20.364 9.20508 -1.19139 2 
37.201 -20.364 9.58886 -1.18988 2 
39.767 -20.364 9.56735 -1.06992 2 
42.332 -20.364 9.56686 -1.05761 2 
44.898 -20.364 8.14044 -1.02387 2 
47.464 -20.364 8.54649 -0.27891 2 
50.029 -20.364 9.72071 -0.32415 2 
52.595 -20.364 9.53867 -0.42856 2 
55.160 -20.364 9.56548 -0.14463 2 
57.726 -20.364 9.55855 -0.28346 2 
60.292 -20.364 9.29572 -0.40723 2 
62.857 -20.364 9.50464 -0.71080 2 
65.423 -20.364 10.00725 -0.55938 2 
67.988 -20.364 10.50986 -0.40795 2 
70.554 -20.364 10.64180 -0.24705 2 
73.120 -20.364 8.87996 0.47817 2 
75.685 -20.364 9.97570 0.81439 2 
78.251 -20.364 9.86092 0.72642 2 
80.816 -20.364 10.03587 0.91290 2 
83.382 -20.364 10.06210 0.74320 2 
85.948 -20.364 9.72121 0.90782 2 
88.513 -20.364 9.96306 0.81639 2 
91.079 -20.364 9.72040 1.18673 2 
93.644 -20.364 9.64935 0.85921 2 
96.210 -20.364 9.77803 1.21147 2 
98.776 -20.364 9.79222 1.71207 2 
101.341 -20.364 9.43292 1.79135 2 
103.907 -20.364 8.94775 1.72869 2 
106.472 -20.364 8.56467 1.67133 2 
109.038 -20.364 8.65972 1.42378 2 
111.603 -20.364 8.27998 1.21893 2 
114.169 -20.364 8.22602 1.13264 2 
116.735 -20.364 8.92437 0.73611 2 
119.300 -20.364 0.00000 -0.00000 0 
-8.980 -22.930 7.52135 -1.00789 2 
-6.414 -22.930 7.51599 -1.15145 2 
-3.848 -22.930 7.52691 -1.08140 2 
-1.283 -22.930 7.42267 -1.23374 2 
1.283 -22.930 7.70150 -1.42967 2 
3.848 -22.930 7.63522 -1.59735 2 
6.414 -22.930 7.93744 -1.64786 2 
8.980 -22.930 8.00999 -1.79172 2 
11.545 -22.930 8.32987 -1.71787 2 
14.111 -22.930 8.50447 -1.77901 2 
16.676 -22.930 8.63766 -1.72369 2 
19.242 -22.930 8.74975 -1.57828 2 
21.808 -22.930 8.94098 -1.66733 2 
24.373 -22.930 8.97176 -1.37725 2 
26.939 -22.930 9.06406 -1.37323 2 
29.504 -22.930 9.12714 -1.35258 2 
32.070 -22.930 9.26792 -1.26010 2 
34.636 -22.930 9.48297 -1.27798 2 
37.201 -22.930 9.32097 -0.92533 2 
39.767 -22.930 9.49372 -1.11637 2 
42.332 -22.930 9.54336 -0.80261 2 
44.898 -22.930 9.62401 -0.94089 2 
47.464 -22.930 9.59352 -0.46743 2 
50.029 -22.930 9.63224 -0.40034 2 
52.595 -22.930 9.51458 -0.61936 2 
55.160 -22.930 9.57052 -0.31054 2 
57.726 -22.930 9.44213 -0.53719 2 
60.292 -22.930 9.51284 -0.39285 2 
62.857 -22.930 9.54793 -0.45984 2 
65.423 -22.930 9.82888 -0.47646 2 
67.988 -22.930 10.02739 -0.07221 2 
70.554 -22.930 10.12456 -0.00199 2 
73.120 -22.930 9.81880 0.39911 2 
75.685 -22.930 9.58376 0.27030 2 
78.251 -22.930 9.87086 0.60714 2 
80.816 -22.930 9.77678 0.63211 2 
83.382 -22.930 9.65393 0.61474 2 
85.948 -22.930 9.62360 0.74471 2 
88.513 -22.930 9.73463 0.68063 2 
91.079 -22.930 9.64974 0.99952 2 
93.644 -22.930 9.52534 0.85534 2 
96.210 -22.930 9.56272 0.98538 2 
98.776 -22.930 9.14543 1.33949 2 
101.341 -22.930 9.12577 1.37082 2 
103.907 -22.930 8.77952 1.42428 2 
106.472 -22.930 8.85557 1.38203 2 
109.038 -22.930 8.58941 1.33951 2 
111.603 -22.930 8.63344 1.28179 2 
114.169 -22.930 8.45369 0.95032 2 
116.735 -22.930 8.87153 0.93145 2 
119.300 -22.930 0.00000 -0.00000 0 
-8.980 -25.496 7.58392 -0.92553 2 
-6.414 -25.496 7.71139 -0.92150 2 
-3.848 -25.496 7.65687 -1.11305 2 
-1.283 -25.496 7.65669 -1.21419 2 
1.283 -25.496 7.71401 -1.39651 2 
3.848 -25.496 7.99396 -1.35759 2 
6.414 -25.496 7.98564 -1.39204 2 
8.980 -25.496 8.27124 -1.40511 2 
11.545 -25.496 8.32408 -1.60683 2 
14.111 -25.496 8.58421 -1.54578 2 
16.676 -25.496 8.68026 -1.62233 2 
19.242 -25.496 8.78070 -1.46112 2 
21.808 -25.496 8.85503 -1.44030 2 
24.373 -25.496 8.93738 -1.36291 2 
26.939 -25.496 8.90539 -1.37773 2 
29.504 -25.496 9.15290 -1.08332 2 
32.070 -25.496 9.05050 -1.17048 2 
34.636 -25.496 9.45233 -0.98870 2 
37.201 -25.496 9.23019 -1.14270 2 
39.767 -25.496 9.46646 -0.85382 2 
42.332 -25.496 9.38042 -0.83598 2 
44.898 -25.496 9.52351 -0.71335 2 
47.464 -25.496 9.59372 -0.75996 2 
50.029 -25.496 9.57131 -0.57806 2 
52.595 -25.496 9.39861 -0.62031 2 
55.160 -25.496 9.55458 -0.48705 2 
57.726 -25.496 9.63583 -0.37611 2 
60.292 -25.496 9.44990 -0.19850 2 
62.857 -25.496 9.50764 -0.27925 2 
65.423 -25.496 9.74371 -0.26915 2 
67.988 -25.496 9.72592 -0.02713 2 
70.554 -25.496 9.75367 0.14765 2 
73.120 -25.496 9.78347 0.19404 2 
75.685 -25.496 9.61421 0.38568 2 
78.251 -25.496 9.54896 0.38510 2 
80.816 -25.496 9.62674 0.57273 2 
83.382 -25.496 9.64123 0.91615 2 
85.948 -25.496 9.58766 0.68996 2 
88.513 -25.496 9.61056 0.87348 2 
91.079 -25.496 9.37756 0.86250 2 
93.644 -25.496 9.39378 0.95520 2 
96.210 -25.496 9.26934 1.12601 2 
98.776 -25.496 9.27074 1.12817 2 
101.341 -25.496 8.93989 1.19382 2 
103.907 -25.496 8.95927 1.35268 2 
106.472 -25.496 8.67401 1.34420 2 
109.038 -25.496 8.72520 1.17720 2 
111.603 -25.496 8.66023 1.26787 2 
114.169 -25.496 8.54149 1.17961 2 
116.735 -25.496 8.81868 1.12679 2 
119.300 -25.496 0.00000 -0.00000 0 
-8.980 -28.061 7.72466 -0.91441 2 
-6.414 -28.061 7.56479 -1.15879 2 
-3.848 -28.061 7.76201 -1.05302 2 
-1.283 -28.061 7.75466 -1.09920 2 
1.283 -28.061 7.90902 -1.14778 2 
3.848 -28.061 7.91496 -1.27439 2 
6.414 -28.061 8.00342 -1.36429 2 
8.980 -28.061 8.19914 -1.40708 2 
11.545 -28.061 8.34362 -1.39370 2 
14.111 -28.061 8.42713 -1.38593 2 
16.676 -28.061 8.61601 -1.49849 2 
19.242 -28.061 8.64828 -1.40082 2 
21.808 -28.061 8.83375 -1.33742 2 
24.373 -28.061 8.88277 -1.16220 2 
26.939 -28.061 8.83099 -1.23931 2 
29.504 -28.061 9.13913 -1.10039 2 
32.070 -28.061 8.98899 -1.14256 2 
34.636 -28.061 9.01387 -0.95700 2 
37.201 -28.061 9.30308 -1.07410 2 
39.767 -28.061 9.36652 -0.83108 2 
42.332 -28.061 9.44540 -0.80528 2 
44.898 -28.061 9.36637 -0.66280 2 
47.464 -28.061 9.43406 -0.69953 2 
50.029 -28.061 9.39806 -0.63675 2 
52.595 -28.061 9.45172 -0.43692 2 
55.160 -28.061 9.61158 -0.46115 2 
57.726 -28.061 9.42737 -0.39503 2 
60.292 -28.061 9.66556 -0.25555 2 
62.857 -28.061 9.41654 -0.33878 2 
65.423 -28.061 9.52536 -0.15386 2 
67.988 -28.061 9.58478 -0.10266 2 
70.554 -28.061 9.61447 0.15860 2 
73.120 -28.061 9.52083 0.18454 2 
75.685 -28.061 9.67002 0.40188 2 
78.251 -28.061 9.41020 0.61798 2 
80.816 -28.061 9.58435 0.49392 2 
83.382 -28.061 9.43401 0.49882 2 
85.948 -28.061 9.47995 0.69292 2 
88.513 -28.061 9.38220 0.71387 2 
91.079 -28.061 9.39633 0.95477 2 
93.644 -28.061 9.35998 0.74156 2 
96.210 -28.061 9.04136 1.00393 2 
98.776 -28.061 9.17854 0.99613 2 
101.341 -28.061 8.96972 1.10237 2 
103.907 -28.061 8.93735 1.13249 2 
106.472 -28.061 8.84271 0.93932 2 
109.038 -28.061 8.59803 1.18045 2 
111.603 -28.061 8.66613 1.13847 2 
114.169 -28.061 8.59078 1.05317 2 
116.735 -28.061 8.71396 0.92327 2 
119.300 -28.061 0.00000 -0.00000 0 
-8.980 -30.627 7.44489 -1.01697 2 
-6.414 -30.627 7.62356 -0.87097 2 
-3.848 -30.627 7.76429 -1.00673 2 
-1.283 -30.627 7.78480 -1.00746 2 
1.283 -30.627 7.95857 -1.10791 2 
3.848 -30.627 7.99912 -1.05848 2 
6.414 -30.627 8.25161 -1.22823 2 
8.980 -30.627 8.38610 -1.20767 2 
11.545 -30.627 8.38520 -1.22131 2 
14.111 -30.627 8.46069 -1.34518 2 
16.676 -30.627 8.60722 -1.19980 2 
19.242 -30.627 8.69538 -1.12698 2 
21.808 -30.627 8.78147 -1.06433 2 
24.373 -30.627 8.68673 -1.23584 2 
26.939 -30.627 8.87941 -0.93027 2 
29.504 -30.627 9.03927 -1.24534 2 
32.070 -30.627 9.05346 -0.88651 2 
34.636 -30.627 9.14327 -0.84866 2 
37.201 -30.627 9.12465 -0.95025 2 
39.767 -30.627 9.03485 -0.64712 2 
42.332 -30.627 9.23987 -0.95120 2 
44.898 -30.627 9.38340 -0.62201 2 
47.464 -30.627 9.32641 -0.50552 2 
50.029 -30.627 9.49125 -0.55579 2 
52.595 -30.627 9.36998 -0.52605 2 
55.160 -30.627 9.45574 -0.42366 2 
57.726 -30.627 9.44276 -0.41822 2 
60.292 -30.627 9.42583 -0.27745 2 
62.857 -30.627 9.50352 -0.13808 2 
65.423 -30.627 9.53957 -0.07481 2 
67.988 -30.627 9.58444 0.07132 2 
70.554 -30.627 9.50010 0.21390 2 
73.120 -30.627 9.63315 0.14337 2 
75.685 -30.627 9.60153 0.16407 2 
78.251 -30.627 9.48663 0.43408 2 
80.816 -30.627 9.38241 0.43664 2 
83.382 -30.627 9.49603 0.60121 2 
85.948 -30.627 9.10813 0.64772 2 
88.513 -30.627 9.35890 0.71234 2 
91.079 -30.627 9.06270 0.94582 2 
93.644 -30.627 9.15099 0.80806 2 
96.210 -30.627 9.08840 0.87111 2 
98.776 -30.627 9.12948 0.98594 2 
101.341 -30.627 9.05242 1.10516 2 
103.907 -30.627 8.89227 1.04331 2 
106.472 -30.627 8.74387 1.12712 2 
109.038 -30.627 8.70759 1.01689 2 
111.603 -30.627 8.56589 1.06728 2 
114.169 -30.627 8.52505 1.04121 2 
116.735 -30.627 8.99828 1.16167 2 
119.300 -30.627 0.00000 -0.00000 0 
-8.980 -33.192 7.79318 -0.98802 2 
-6.414 -33.192 7.71098 -0.82279 2 
-3.848 -33.192 7.68678 -1.04866 2 
-1.283 -33.192 7.94795 -0.92829 2 
1.283 -33.192 7.92800 -1.19906 2 
3.848 -33.192 8.03526 -1.19255 2 
6.414 -33.192 8.14144 -1.04940 2 
8.980 -33.192 8.10578 -1.26199 2 
11.545 -33.192 8.43286 -1.24166 2 
14.111 -33.192 8.43967 -1.07477 2 
16.676 -33.192 8.54810 -1.25411 2 
19.242 -33.192 8.68247 -1.11218 2 
21.808 -33.192 8.59780 -1.27631 2 
24.373 -33.192 8.81694 -0.93456 2 
26.939 -33.192 8.94761 -0.93534 2 
29.504 -33.192 8.82023 -0.99921 2 
32.070 -33.192 8.92822 -0.97420 2 
34.636 -33.192 9.06535 -0.86571 2 
37.201 -33.192 8.99413 -0.78374 2 
39.767 -33.192 9.06803 -0.81719 2 
42.332 -33.192 9.18436 -0.67759 2 
44.898 -33.192 9.25480 -0.58812 2 
47.464 -33.192 9.14060 -0.58596 2 
50.029 -33.192 9.19133 -0.35354 2 
52.595 -33.192 9.14175 -0.47545 2 
55.160 -33.192 9.23943 -0.48987 2 
57.726 -33.192 9.37492 -0.21565 2 
60.292 -33.192 9.36722 -0.16232 2 
62.857 -33.192 9.31267 -0.14613 2 
65.423 -33.192 9.30316 -0.03113 2 
67.988 -33.192 9.37274 -0.15632 2 
70.554 -33.192 9.47006 0.01287 2 
73.120 -33.192 9.45146 0.43864 2 
75.685 -33.192 9.34958 0.40250 2 
78.251 -33.192 9.35555 0.25111 2 
80.816 -33.192 9.38224 0.46352 2 
83.382 -33.192 9.36548 0.48292 2 
85.948 -33.192 9.21957 0.58059 2 
88.513 -33.192 9.13411 0.70137 2 
91.079 -33.192 9.18110 0.86287 2 
93.644 -33.192 9.12927 0.75966 2 
96.210 -33.192 9.00964 0.75322 2 
98.776 -33.192 8.85689 0.85444 2 
101.341 -33.192 8.98907 1.03606 2 
103.907 -33.192 8.85931 0.87271 2 
106.472 -33.192 8.69863 0.80320 2 
109.038 -33.192 8.73762 1.09664 2 
111.603 -33.192 8.60519 1.06265 2 
114.169 -33.192 8.52865 0.92017 2 
116.735 -33.192 8.88122 1.01703 2 
119.300 -33.192 0.00000 -0.00000 0 
-8.980 -35.758 7.80042 -0.78961 2 
-6.414 -35.758 7.90995 -0.87057 2 
-3.848 -35.758 7.89456 -0.76407 2 
-1.283 -35.758 7.98870 -1.11604 2 
1.283 -35.758 8.01289 -0.92625 2 
3.848 -35.758 8.13214 -1.05555 2 
6.414 -35.758 8.20881 -1.08608 2 
8.980 -35.758 8.31509 -1.01925 2 
11.545 -35.758 8.38838 -1.00366 2 
14.111 -35.758 8.43616 -1.14009 2 
16.676 -35.758 8.54724 -1.00397 2 
19.242 -35.758 8.60931 -0.94564 2 
21.808 -35.758 8.78202 -1.11666 2 
24.373 -35.758 8.74287 -0.92214 2 
26.939 -35.758 8.81713 -0.95231 2 
29.504 -35.758 8.84728 -1.00669 2 
32.070 -35.758 8.85318 -0.87209 2 
34.636 -35.758 8.87255 -0.76703 2 
37.201 -35.758 9.06932 -0.84454 2 
39.767 -35.758 9.10077 -0.71639 2 
42.332 -35.758 9.07065 -0.65820 2 
44.898 -35.758 8.99469 -0.60474 2 
47.464 -35.758 9.30397 -0.60909 2 
50.029 -35.758 9.20230 -0.39292 2 
52.595 -35.758 9.21534 -0.37882 2 
55.160 -35.758 9.01610 -0.21435 2 
57.726 -35.758 9.35138 -0.42404 2 
60.292 -35.758 9.30217 -0.46671 2 
62.857 -35.758 9.27958 -0.22959 2 
65.423 -35.758 9.32993 0.02912 2 
67.988 -35.758 9.25233 0.07051 2 
70.554 -35.758 9.20614 0.05834 2 
73.120 -35.758 9.15054 0.27895 2 
75.685 -35.758 9.39792 0.30303 2 
78.251 -35.758 9.22177 0.44322 2 
80.816 -35.758 9.17854 0.30869 2 
83.382 -35.758 9.27673 0.58845 2 
85.948 -35.758 9.26892 0.53187 2 
88.513 -35.758 9.00657 0.75284 2 
91.079 -35.758 9.22421 0.59552 2 
93.644 -35.758 8.92708 0.74786 2 
96.210 -35.758 9.03404 0.79432 2 
98.776 -35.758 9.04761 0.81709 2 
101.341 -35.758 8.76276 0.91474 2 
103.907 -35.758 8.66411 0.77435 2 
106.472 -35.758 8.70657 0.90922 2 
109.038 -35.758 8.86155 0.92485 2 
111.603 -35.758 8.65501 0.94415 2 
114.169 -35.758 8.41800 0.95769 2 
116.735 -35.758 8.76417 0.87238 2 
119.300 -35.758 0.00000 -0.00000 0 
-8.980 -38.324 8.01933 -0.87264 2 
-6.414 -38.324 7.93596 -0.81030 2 
-3.848 -38.324 7.88461 -0.95373 2 
-1.283 -38.324 8.05505 -0.86308 2 
1.283 -38.324 8.01262 -1.04369 2 
3.848 -38.324 8.19778 -0.95627 2 
6.414 -38.324 8.19239 -1.00449 2 
8.980 -38.324 8.28252 -0.95431 2 
11.545 -38.324 8.34031 -1.03218 2 
14.111 -38.324 8.49505 -0.99996 2 
16.676 -38.324 8.50409 -1.04847 2 
19.242 -38.324 8.50522 -1.05761 2 
21.808 -38.324 8.77220 -0.94854 2 
24.373 -38.324 8.65242 -1.02562 2 
26.939 -38.324 8.89652 -0.89527 2 
29.504 -38.324 8.87494 -0.76624 2 
32.070 -38.324 8.82842 -0.85757 2 
34.636 -38.324 8.91557 -0.62329 2 
37.201 -38.324 8.91013 -1.00492 2 
39.767 -38.324 8.96110 -0.80492 2 
42.332 -38.324 8.91591 -0.69437 2 
44.898 -38.324 9.02046 -0.53193 2 
47.464 -38.324 9.16253 -0.51286 2 
50.029 -38.324 9.25222 -0.59580 2 
52.595 -38.324 9.08363 -0.56319 2 
55.160 -38.324 9.22289 -0.33569 2 
57.726 -38.324 9.22769 -0.22500 2 
60.292 -38.324 9.07355 -0.17811 2 
62.857 -38.324 9.33205 -0.27061 2 
65.423 -38.324 9.18977 -0.04399 2 
67.988 -38.324 9.47381 -0.02344 2 
70.554 -38.324 9.18216 0.09521 2 
73.120 -38.324 9.21332 0.16136 2 
75.685 -38.324 9.31588 0.23212 2 
78.251 -38.324 9.08817 0.37484 2 
80.816 -38.324 9.18781 0.41535 2 
83.382 -38.324 9.00697 0.54120 2 
85.948 -38.324 9.10689 0.46175 2 
88.513 -38.324 8.95880 0.57393 2 
91.079 -38.324 9.06957 0.77802 2 
93.644 -38.324 8.99211 0.64609 2 
96.210 -38.324 8.92994 0.82751 2 
98.776 -38.324 8.90075 0.71784 2 
101.341 -38.324 8.90959 0.85351 2 
103.907 -38.324 8.75375 0.82541 2 
106.472 -38.324 8.76522 0.86561 2 
109.038 -38.324 8.67009 0.90056 2 
111.603 -38.324 8.60772 0.90100 2 
114.169 -38.324 8.60032 0.86940 2 
116.735 -38.324 8.97123 0.96100 2 
119.300 -38.324 0.00000 -0.00000 0 
-8.980 -40.889 7.97048 -0.84479 2 
-6.414 -40.889 7.93913 -0.65839 2 
-3.848 -40.889 8.04823 -0.81181 2 
-1.283 -40.889 8.02431 -0.80501 2 
1.283 -40.889 8.06138 -0.86143 2 
3.848 -40.889 8.15064 -1.07963 2 
6.414 -40.889 8.13978 -0.88905 2 
8.980 -40.889 8.24854 -0.90065 2 
11.545 -40.889 8.34335 -0.95720 2 
14.111 -40.889 8.41542 -0.86024 2 
16.676 -40.889 8.68507 -1.02023 2 
19.242 -40.889 8.51241 -0.86912 2 
21.808 -40.889 8.60570 -0.91211 2 
24.373 -40.889 8.70505 -0.83157 2 
26.939 -40.889 8.72203 -0.88531 2 
29.504 -40.889 8.74749 -0.87583 2 
32.070 -40.889 8.89039 -0.71893 2 
34.636 -40.889 8.93361 -0.80862 2 
37.201 -40.889 8.97629 -0.62900 2 
39.767 -40.889 9.00027 -0.69819 2 
42.332 -40.889 8.99256 -0.67563 2 
44.898 -40.889 8.90840 -0.54034 2 
47.464 -40.889 9.00932 -0.70230 2 
50.029 -40.889 8.93753 -0.32649 2 
52.595 -40.889 9.02577 -0.50715 2 
55.160 -40.889 9.11094 -0.29920 2 
57.726 -40.889 9.14804 -0.34730 2 
60.292 -40.889 9.23801 -0.04908 2 
62.857 -40.889 9.15634 -0.07201 2 
65.423 -40.889 9.12668 -0.10195 2 
67.988 -40.889 9.05272 0.08707 2 
70.554 -40.889 9.22470 -0.05586 2 
73.120 -40.889 9.06629 0.32215 2 
75.685 -40.889 9.10858 0.26452 2 
78.251 -40.889 8.98729 0.27622 2 
80.816 -40.889 9.13152 0.40475 2 
83.382 -40.889 9.04977 0.39472 2 
85.948 -40.889 9.06162 0.46828 2 
88.513 -40.889 9.06810 0.62084 2 
91.079 -40.889 8.92401 0.49362 2 
93.644 -40.889 8.98734 0.67427 2 
96.210 -40.889 8.81043 0.53814 2 
98.776 -40.889 8.82899 0.79220 2 
101.341 -40.889 8.83929 0.68579 2 
103.907 -40.889 8.94209 0.74648 2 
106.472 -40.889 8.58436 0.77630 2 
109.038 -40.889 8.60258 0.79808 2 
111.603 -40.889 8.52334 0.77286 2 
114.169 -40.889 8.52730 1.01693 2 
116.735 -40.889 8.77336 0.88210 2 
119.300 -40.889 0.00000 -0.00000 0 
-8.980 -43.455 7.72738 -0.84396 2 
-6.414 -43.455 7.98679 -0.80700 2 
-3.848 -43.455 8.06252 -0.76658 2 
-1.283 -43.455 8.13141 -0.78968 2 
1.283 -43.455 8.14108 -0.90524 2 
3.848 -43.455 8.12818 -0.81556 2 
6.414 -43.455 8.26631 -0.86532 2 
8.980 -43.455 8.29794 -0.72815 2 
11.545 -43.455 8.44024 -0.99569 2 
14.111 -43.455 8.52354 -0.92682 2 
16.676 -43.455 8.50481 -0.74545 2 
19.242 -43.455 8.69429 -0.91410 2 
21.808 -43.455 8.68047 -0.78947 2 
24.373 -43.455 8.55769 -0.86303 2 
26.939 -43.455 8.75293 -0.67475 2 
29.504 -43.455 8.76166 -0.84797 2 
32.070 -43.455 8.83957 -0.74555 2 
34.636 -43.455 8.80888 -0.74855 2 
37.201 -43.455 8.88699 -0.77910 2 
39.767 -43.455 8.82976 -0.68595 2 
42.332 -43.455 8.87774 -0.58246 2 
44.898 -43.455 9.01695 -0.47136 2 
47.464 -43.455 9.02982 -0.46598 2 
50.029 -43.455 9.03422 -0.49319 2 
52.595 -43.455 9.14008 -0.21777 2 
55.160 -43.455 8.94661 -0.50148 2 
57.726 -43.455 8.93141 -0.14804 2 
60.292 -43.455 8.91696 -0.19611 2 
62.857 -43.455 9.06859 -0.16287 2 
65.423 -43.455 9.02785 -0.06857 2 
67.988 -43.455 9.16645 0.15895 2 
70.554 -43.455 9.02395 0.01993 2 
73.120 -43.455 9.05374 0.18545 2 
75.685 -43.455 9.07567 0.14778 2 
78.251 -43.455 8.98316 0.22734 2 
80.816 -43.455 9.02583 0.21817 2 
83.382 -43.455 9.07898 0.37272 2 
85.948 -43.455 8.98160 0.55701 2 
88.513 -43.455 8.95057 0.53693 2 
91.079 -43.455 8.92862 0.50747 2 
93.644 -43.455 8.88321 0.72355 2 
96.210 -43.455 8.83960 0.81413 2 
98.776 -43.455 8.77068 0.72728 2 
101.341 -43.455 8.82074 0.69387 2 
103.907 -43.455 8.71494 0.80103 2 
106.472 -43.455 8.74954 0.75430 2 
109.038 -43.455 8.53848 0.87324 2 
111.603 -43.455 8.56257 0.72031 2 
114.169 -43.455 8.64467 0.83251 2 
116.735 -43.455 8.78516 0.66563 2 
119.300 -43.455 0.00000 -0.00000 0 
-8.980 -46.020 7.95656 -0.61334 2 
-6.414 -46.020 7.83582 -0.76411 2 
-3.848 -46.020 8.03852 -0.80437 2 
-1.283 -46.020 8.09800 -0.79235 2 
1.283 -46.020 8.20737 -0.85124 2 
3.848 -46.020 8.17217 -0.69406 2 
6.414 -46.020 8.31345 -0.80601 2 
8.980 -46.020 8.35547 -0.86074 2 
11.545 -46.020 8.26079 -0.77138 2 
14.111 -46.020 8.38373 -0.97657 2 
16.676 -46.020 8.56401 -0.89224 2 
19.242 -46.020 8.58748 -0.78295 2 
21.808 -46.020 8.61684 -0.81199 2 
24.373 -46.020 8.61119 -0.84779 2 
26.939 -46.020 8.69545 -0.72009 2 
29.504 -46.020 8.67552 -0.75766 2 
32.070 -46.020 8.82506 -0.66546 2 
34.636 -46.020 8.71348 -0.76842 2 
37.201 -46.020 8.81788 -0.50570 2 
39.767 -46.020 8.85176 -0.56338 2 
42.332 -46.020 8.81706 -0.61677 2 
44.898 -46.020 9.02407 -0.40166 2 
47.464 -46.020 8.94572 -0.46332 2 
50.029 -46.020 8.85348 -0.33792 2 
52.595 -46.020 8.78992 -0.36667 2 
55.160 -46.020 9.07358 -0.40488 2 
57.726 -46.020 9.09856 -0.26729 2 
60.292 -46.020 9.08009 -0.34171 2 
62.857 -46.020 9.05857 0.14923 2 
65.423 -46.020 8.92791 0.02207 2 
67.988 -46.020 9.04133 0.06047 2 
70.554 -46.020 8.94382 0.14776 2 
73.120 -46.020 9.05739 0.16828 2 
75.685 -46.020 9.06369 0.32901 2 
78.251 -46.020 8.98449 0.46032 2 
80.816 -46.020 8.98727 0.27166 2 
83.382 -46.020 8.87286 0.61871 2 
85.948 -46.020 8.90051 0.51106 2 
88.513 -46.020 8.93880 0.53159 2 
91.079 -46.020 8.72191 0.56663 2 
93.644 -46.020 8.85542 0.62936 2 
96.210 -46.020 8.83773 0.67107 2 
98.776 -46.020 8.73985 0.70990 2 
101.341 -46.020 8.77632 0.67405 2 
103.907 -46.020 8.67522 0.73803 2 
106.472 -46.020 8.58477 0.76533 2 
109.038 -46.020 8.62167 0.81075 2 
111.603 -46.020 8.55691 0.74782 2 
114.169 -46.020 8.41518 0.65521 2 
116.735 -46.020 8.68144 0.90116 2 
119.300 -46.020 0.00000 -0.00000 0 
-8.980 -48.586 7.97568 -0.67845 2 
-6.414 -48.586 8.10533 -0.65469 2 
-3.848 -48.586 8.08449 -0.72662 2 
-1.283 -48.586 8.07102 -0.74145 2 
1.283 -48.586 8.15477 -0.80344 2 
3.848 -48.586 8.25162 -0.76316 2 
6.414 -48.586 8.33859 -0.86093 2 
8.980 -48.586 8.19578 -0.82539 2 
11.545 -48.586 8.22863 -0.86325 2 
14.111 -48.586 8.59753 -0.73272 2 
16.676 -48.586 8.48108 -0.73296 2 
19.242 -48.586 8.55762 -0.72818 2 
21.808 -48.586 8.74510 -0.73984 2 
24.373 -48.586 8.64113 -0.78926 2 
26.939 -48.586 8.64865 -0.70567 2 
29.504 -48.586 8.72246 -0.67179 2 
32.070 -48.586 8.75180 -0.66435 2 
34.636 -48.586 8.84864 -0.57263 2 
37.201 -48.586 8.74328 -0.60706 2 
39.767 -48.586 8.85538 -0.58853 2 
42.332 -48.586 8.92533 -0.48002 2 
44.898 -48.586 8.82495 -0.48384 2 
47.464 -48.586 8.83281 -0.47959 2 
50.029 -48.586 9.02079 -0.30530 2 
52.595 -48.586 8.92202 -0.33269 2 
55.160 -48.586 8.80772 -0.18730 2 
57.726 -48.586 8.90953 -0.11784 2 
60.292 -48.586 9.03881 -0.30439 2 
62.857 -48.586 8.88651 -0.15784 2 
65.423 -48.586 9.06544 -0.15114 2 
67.988 -48.586 8.90877 0.23689 2 
70.554 -48.586 9.09733 0.10981 2 
73.120 -48.586 8.80507 0.19806 2 
75.685 -48.586 9.01611 0.19295 2 
78.251 -48.586 8.89497 0.08195 2 
80.816 -48.586 8.98172 0.34999 2 
83.382 -48.586 8.89221 0.35015 2 
85.948 -48.586 8.99931 0.49454 2 
88.513 -48.586 8.90589 0.38877 2 
91.079 -48.586 8.80914 0.55292 2 
93.644 -48.586 8.83585 0.54996 2 
96.210 -48.586 8.78774 0.61346 2 
98.776 -48.586 8.75491 0.57433 2 
101.341 -48.586 8.77119 0.57200 2 
103.907 -48.586 8.68410 0.64602 2 
106.472 -48.586 8.65056 0.66706 2 
109.038 -48.586 8.57079 0.80578 2 
111.603 -48.586 8.47966 0.74895 2 
114.169 -48.586 8.57890 0.74517 2 
116.735 -48.586 8.70614 0.59361 2 
119.300 -48.586 0.00000 -0.00000 0 
-8.980 -51.152 8.07702 -0.69193 2 
-6.414 -51.152 8.06827 -0.86675 2 
-3.848 -51.152 8.12016 -0.67456 2 
-1.283 -51.152 8.10076 -0.65164 2 
1.283 -51.152 8.10022 -0.74556 2 
3.848 -51.152 8.32300 -0.83123 2 
6.414 -51.152 8.25508 -0.86752 2 
8.980 -51.152 8.38504 -0.69787 2 
11.545 -51.152 8.42082 -0.80496 2 
14.111 -51.152 8.44053 -0.55734 2 
16.676 -51.152 8.44955 -0.78651 2 
19.242 -51.152 8.67205 -0.76820 2 
21.808 -51.152 8.43321 -0.71333 2 
24.373 -51.152 8.58698 -0.83798 2 
26.939 -51.152 8.68925 -0.82220 2 
29.504 -51.152 8.59264 -0.64891 2 
32.070 -51.152 8.68190 -0.63485 2 
34.636 -51.152 8.70361 -0.55078 2 
37.201 -51.152 8.85219 -0.59253 2 
39.767 -51.152 8.73982 -0.57045 2 
42.332 -51.152 8.81471 -0.55356 2 
44.898 -51.152 8.90689 -0.32087 2 
47.464 -51.152 8.88563 -0.31520 2 
50.029 -51.152 8.85083 -0.33136 2 
52.595 -51.152 9.01386 -0.28493 2 
55.160 -51.152 8.93597 -0.33628 2 
57.726 -51.152 8.95255 -0.35408 2 
60.292 -51.152 8.71511 -0.16951 2 
62.857 -51.152 8.93532 -0.01234 2 
65.423 -51.152 8.96766 -0.16776 2 
67.988 -51.152 8.95577 0.09633 2 
70.554 -51.152 8.85320 0.19178 2 
73.120 -51.152 8.87185 0.07347 2 
75.685 -51.152 8.95068 0.21883 2 
78.251 -51.152 8.94691 0.25655 2 
80.816 -51.152 8.96943 0.24105 2 
83.382 -51.152 8.83790 0.13412 2 
85.948 -51.152 8.76341 0.39553 2 
88.513 -51.152 8.90728 0.49268 2 
91.079 -51.152 8.83688 0.47389 2 
93.644 -51.152 8.84508 0.40339 2 
96.210 -51.152 8.79978 0.48606 2 
98.776 -51.152 8.75999 0.59007 2 
101.341 -51.152 8.75366 0.65347 2 
103.907 -51.152 8.65685 0.70340 2 
106.472 -51.152 8.56484 0.64769 2 
109.038 -51.152 8.52664 0.69759 2 
111.603 -51.152 8.53380 0.62482 2 
114.169 -51.152 8.66062 0.68076 2 
116.735 -51.152 8.51396 0.42781 2 
119.300 -51.152 0.00000 -0.00000 0 
-8.980 -53.717 7.86369 -0.63674 2 
-6.414 -53.717 8.01157 -0.70474 2 
-3.848 -53.717 7.91463 -0.73358 2 
-1.283 -53.717 8.13521 -0.80098 2 
1.283 -53.717 8.38258 -0.77090 2 
3.848 -53.717 8.12383 -0.77607 2 
6.414 -53.717 8.32044 -0.68542 2 
8.980 -53.717 8.37994 -0.80738 2 
11.545 -53.717 8.35249 -0.83901 2 
14.111 -53.717 8.46698 -0.79597 2 
16.676 -53.717 8.45792 -0.69895 2 
19.242 -53.717 8.53725 -0.76883 2 
21.808 -53.717 8.63868 -0.73604 2 
24.373 -53.717 8.53284 -0.88671 2 
26.939 -53.717 8.63711 -0.68760 2 
29.504 -53.717 8.76729 -0.61008 2 
32.070 -53.717 8.68951 -0.74547 2 
34.636 -53.717 8.72370 -0.66846 2 
37.201 -53.717 8.73626 -0.62655 2 
39.767 -53.717 8.80952 -0.61076 2 
42.332 -53.717 8.83821 -0.52918 2 
44.898 -53.717 8.91455 -0.43877 2 
47.464 -53.717 8.80347 -0.49436 2 
50.029 -53.717 8.89838 -0.28256 2 
52.595 -53.717 8.76107 -0.34252 2 
55.160 -53.717 8.92731 -0.37534 2 
57.726 -53.717 8.86917 -0.18638 2 
60.292 -53.717 8.93716 -0.13033 2 
62.857 -53.717 8.84816 -0.14350 2 
65.423 -53.717 8.94634 0.04746 2 
67.988 -53.717 8.87128 -0.02231 2 
70.554 -53.717 8.85495 0.16249 2 
73.120 -53.717 8.79170 0.15771 2 
75.685 -53.717 8.79749 0.23802 2 
78.251 -53.717 8.83756 0.28181 2 
80.816 -53.717 8.79221 0.43024 2 
83.382 -53.717 8.86521 0.31356 2 
85.948 -53.717 8.98749 0.57112 2 
88.513 -53.717 8.93788 0.38761 2 
91.079 -53.717 9.13943 0.42333 2 
93.644 -53.717 9.06292 0.54871 2 
96.210 -53.717 8.98641 0.67410 2 
98.776 -53.717 8.83062 0.66206 2 
101.341 -53.717 8.93142 0.69288 2 
103.907 -53.717 8.83763 0.73440 2 
106.472 -53.717 8.81429 0.80807 2 
109.038 -53.717 8.70171 0.64464 2 
111.603 -53.717 8.81045 0.88575 2 
114.169 -53.717 9.01335 0.36661 2 
116.735 -53.717 8.32178 0.26201 2 
119.300 -53.717 0.00000 -0.00000 0 
-8.980 -56.283 0.00000 -0.00000 0 
-6.414 -56.283 0.00000 -0.00000 0 
-3.848 -56.283 0.00000 -0.00000 0 
-1.283 -56.283 0.00000 -0.00000 0 
1.283 -56.283 0.00000 -0.00000 0 
3.848 -56.283 0.00000 -0.00000 0 
6.414 -56.283 0.00000 -0.00000 0 
8.980 -56.283 0.00000 -0.00000 0 
11.545 -56.283 0.00000 -0.00000 0 
14.111 -56.283 0.00000 -0.00000 0 
16.676 -56.283 0.00000 -0.00000 0 
19.242 -56.283 0.00000 -0.00000 0 
21.808 -56.283 0.00000 -0.00000 0 
24.373 -56.283 0.00000 -0.00000 0 
26.939 -56.283 0.00000 -0.00000 0 
29.504 -56.283 0.00000 -0.00000 0 
32.070 -56.283 0.00000 -0.00000 0 
34.636 -56.283 0.00000 -0.00000 0 
37.201 -56.283 0.00000 -0.00000 0 
39.767 -56.283 0.00000 -0.00000 0 
42.332 -56.283 0.00000 -0.00000 0 
44.898 -56.283 8.79791 -0.00997 2 
47.464 -56.283 8.76447 -0.24442 2 
50.029 -56.283 8.65864 -0.24566 2 
52.595 -56.283 8.83628 -0.15369 2 
55.160 -56.283 8.81021 -0.26729 2 
57.726 -56.283 8.85159 -0.12924 2 
60.292 -56.283 8.86983 -0.14640 2 
62.857 -56.283 8.78503 -0.15672 2 
65.423 -56.283 8.92975 -0.12042 2 
67.988 -56.283 8.85887 -0.07723 2 
70.554 -56.283 8.90043 0.05874 2 
73.120 -56.283 8.90556 0.14444 2 
75.685 -56.283 8.96599 0.06993 2 
78.251 -56.283 8.79599 0.19481 2 
80.816 -56.283 8.87238 0.11646 2 
83.382 -56.283 8.71214 0.15253 2 
85.948 -56.283 9.04475 0.29947 2 
88.513 -56.283 8.96849 0.28253 2 
91.079 -56.283 8.89222 0.26559 2 
93.644 -56.283 8.81596 0.24866 2 
96.210 -56.283 8.73970 0.23172 2 
98.776 -56.283 8.66344 0.21478 2 
101.341 -56.283 8.58717 0.19784 2 
103.907 -56.283 8.51091 0.18090 2 
106.472 -56.283 8.43465 0.16397 2 
109.038 -56.283 8.35838 0.14703 2 
111.603 -56.283 8.28212 0.13009 2 
114.169 -56.283 8.20586 0.11315 2 
116.735 -56.283 8.12960 0.09621 1 
119.300 -56.283 0.00000 -0.00000 0 
