TITLE = "B00043"
VARIABLES = "X [mm]", "Y [mm]", "Vx [m/s]", "Vy [m/s]", "Flag"
ZONE T="Frame 1", I=51, J=39, F=POINT
-8.980 41.210 7.17300 0.21060 2 
-6.414 41.210 7.32393 0.36158 2 
-3.848 41.210 7.31992 0.36266 2 
-1.283 41.210 7.17007 0.27890 2 
1.283 41.210 7.54454 0.58372 2 
3.848 41.210 0.00000 -0.00000 0 
6.414 41.210 0.00000 -0.00000 0 
8.980 41.210 0.00000 -0.00000 0 
11.545 41.210 0.00000 -0.00000 0 
14.111 41.210 0.00000 -0.00000 0 
16.676 41.210 0.00000 -0.00000 0 
19.242 41.210 3.78365 0.32678 2 
21.808 41.210 7.56730 0.65355 2 
24.373 41.210 7.42585 0.70722 2 
26.939 41.210 7.47336 0.72172 2 
29.504 41.210 7.53059 0.86395 2 
32.070 41.210 7.63724 0.78992 2 
34.636 41.210 7.66614 0.77382 2 
37.201 41.210 7.69589 0.76537 2 
39.767 41.210 7.72563 0.75692 2 
42.332 41.210 7.66140 0.82548 2 
44.898 41.210 7.84561 0.96387 2 
47.464 41.210 7.89942 0.83281 2 
50.029 41.210 7.99598 0.90102 2 
52.595 41.210 7.91509 0.88367 2 
55.160 41.210 7.96622 0.83141 2 
57.726 41.210 8.03203 0.64363 2 
60.292 41.210 8.20060 0.80155 2 
62.857 41.210 8.19466 0.80531 2 
65.423 41.210 8.40436 0.85920 2 
67.988 41.210 8.43331 0.83180 2 
70.554 41.210 8.40499 0.76543 2 
73.120 41.210 8.56191 0.58800 2 
75.685 41.210 8.46353 0.57384 2 
78.251 41.210 8.67362 0.60987 2 
80.816 41.210 0.00000 0.00000 0 
83.382 41.210 8.60225 0.52183 2 
85.948 41.210 8.58504 0.48781 2 
88.513 41.210 8.59058 0.37405 2 
91.079 41.210 8.68182 0.33669 2 
93.644 41.210 8.47249 0.23186 2 
96.210 41.210 8.67601 0.10353 2 
98.776 41.210 8.54689 0.14141 2 
101.341 41.210 8.50268 -0.30766 2 
103.907 41.210 8.71163 -0.31176 2 
106.472 41.210 8.45909 -0.34019 2 
109.038 41.210 8.52699 -0.09243 2 
111.603 41.210 8.42106 -0.37103 2 
114.169 41.210 8.27403 -0.44869 2 
116.735 41.210 8.57092 -0.74410 2 
119.300 41.210 0.00000 -0.00000 0 
-8.980 38.644 7.19872 0.32392 2 
-6.414 38.644 7.15369 0.47338 2 
-3.848 38.644 7.25289 0.44826 2 
-1.283 38.644 7.21837 0.49835 2 
1.283 38.644 7.64270 0.60236 2 
3.848 38.644 0.00000 -0.00000 0 
6.414 38.644 0.00000 -0.00000 0 
8.980 38.644 0.00000 -0.00000 0 
11.545 38.644 0.00000 -0.00000 0 
14.111 38.644 0.00000 -0.00000 0 
16.676 38.644 0.00000 -0.00000 0 
19.242 38.644 3.78990 0.33534 2 
21.808 38.644 7.57980 0.67068 2 
24.373 38.644 7.35724 0.74838 2 
26.939 38.644 7.32700 0.84342 2 
29.504 38.644 7.39573 0.79079 2 
32.070 38.644 7.43609 0.85589 2 
34.636 38.644 7.47202 0.84086 2 
37.201 38.644 7.73805 0.96098 2 
39.767 38.644 7.73502 0.88421 2 
42.332 38.644 7.89998 0.78441 2 
44.898 38.644 7.90111 1.03648 2 
47.464 38.644 7.69966 0.91128 2 
50.029 38.644 8.11406 0.96628 2 
52.595 38.644 8.13678 0.83470 2 
55.160 38.644 8.00652 0.94166 2 
57.726 38.644 8.34838 0.81228 2 
60.292 38.644 8.31874 0.79904 2 
62.857 38.644 8.16076 0.75628 2 
65.423 38.644 8.59667 0.73197 2 
67.988 38.644 8.35952 0.77725 2 
70.554 38.644 8.24149 0.65853 2 
73.120 38.644 8.55512 0.80236 2 
75.685 38.644 8.37985 0.68113 2 
78.251 38.644 8.64560 0.54575 2 
80.816 38.644 0.00000 0.00000 0 
83.382 38.644 8.71138 0.30810 2 
85.948 38.644 8.79985 0.23724 2 
88.513 38.644 8.83693 0.03650 2 
91.079 38.644 8.61150 0.12249 2 
93.644 38.644 8.75408 0.15244 2 
96.210 38.644 8.43864 -0.10545 2 
98.776 38.644 8.77479 -0.06730 2 
101.341 38.644 8.64514 -0.37424 2 
103.907 38.644 8.65507 -0.01608 2 
106.472 38.644 8.58002 -0.30182 2 
109.038 38.644 8.45548 -0.29954 2 
111.603 38.644 8.43222 -0.36848 2 
114.169 38.644 8.29890 -0.60013 2 
116.735 38.644 8.73637 -0.50930 2 
119.300 38.644 0.00000 -0.00000 0 
-8.980 36.079 7.12502 0.37583 2 
-6.414 36.079 7.20796 0.40259 2 
-3.848 36.079 7.16147 0.46068 2 
-1.283 36.079 6.95869 0.42053 2 
1.283 36.079 7.77196 0.48704 2 
3.848 36.079 0.00000 -0.00000 0 
6.414 36.079 0.00000 -0.00000 0 
8.980 36.079 0.00000 -0.00000 0 
11.545 36.079 0.00000 -0.00000 0 
14.111 36.079 0.00000 -0.00000 0 
16.676 36.079 0.00000 -0.00000 0 
19.242 36.079 3.79615 0.34390 2 
21.808 36.079 7.59229 0.68780 2 
24.373 36.079 7.28958 0.93105 2 
26.939 36.079 7.31466 0.76737 2 
29.504 36.079 7.51458 0.97002 2 
32.070 36.079 7.64332 0.90306 2 
34.636 36.079 7.49456 0.92326 2 
37.201 36.079 7.72094 0.95359 2 
39.767 36.079 7.74441 1.01150 2 
42.332 36.079 7.77870 0.87475 2 
44.898 36.079 7.89318 0.88391 2 
47.464 36.079 7.85620 1.03103 2 
50.029 36.079 8.03199 0.88393 2 
52.595 36.079 8.07191 0.78456 2 
55.160 36.079 7.95555 0.97961 2 
57.726 36.079 8.07060 0.94390 2 
60.292 36.079 8.19414 0.92121 2 
62.857 36.079 8.28779 1.02435 2 
65.423 36.079 8.27201 0.65645 2 
67.988 36.079 8.36710 0.90630 2 
70.554 36.079 8.59834 0.69024 2 
73.120 36.079 8.54686 0.72151 2 
75.685 36.079 8.68902 0.62982 2 
78.251 36.079 8.72899 0.75421 2 
80.816 36.079 0.00000 0.00000 0 
83.382 36.079 8.67677 0.52968 2 
85.948 36.079 8.63697 0.47115 2 
88.513 36.079 8.78131 0.30867 2 
91.079 36.079 8.77683 0.00248 2 
93.644 36.079 8.74583 0.04421 2 
96.210 36.079 8.89026 -0.21493 2 
98.776 36.079 8.63895 -0.14926 2 
101.341 36.079 8.96495 -0.25094 2 
103.907 36.079 8.44840 -0.32668 2 
106.472 36.079 8.80986 -0.52955 2 
109.038 36.079 8.49316 -0.37237 2 
111.603 36.079 8.43455 -0.47026 2 
114.169 36.079 8.55095 -0.60514 2 
116.735 36.079 8.61319 -0.55140 2 
119.300 36.079 0.00000 -0.00000 0 
-8.980 33.513 7.32886 0.30589 2 
-6.414 33.513 7.16542 0.27608 2 
-3.848 33.513 7.11818 0.29370 2 
-1.283 33.513 7.09357 0.42702 2 
1.283 33.513 7.57384 0.59686 2 
3.848 33.513 0.00000 -0.00000 0 
6.414 33.513 0.00000 -0.00000 0 
8.980 33.513 0.00000 -0.00000 0 
11.545 33.513 0.00000 -0.00000 0 
14.111 33.513 0.00000 -0.00000 0 
16.676 33.513 0.00000 -0.00000 0 
19.242 33.513 -0.09900 0.84250 2 
21.808 33.513 7.45413 0.60883 2 
24.373 33.513 7.23028 1.00658 2 
26.939 33.513 7.31556 0.97216 2 
29.504 33.513 7.45608 0.87637 2 
32.070 33.513 7.34495 1.03905 2 
34.636 33.513 7.58347 0.89210 2 
37.201 33.513 7.47257 1.13017 2 
39.767 33.513 7.77266 0.95027 2 
42.332 33.513 7.72501 1.13268 2 
44.898 33.513 7.75763 0.96725 2 
47.464 33.513 7.90577 0.90934 2 
50.029 33.513 7.93117 1.01649 2 
52.595 33.513 8.18900 1.00577 2 
55.160 33.513 8.10128 1.11102 2 
57.726 33.513 8.32337 0.85041 2 
60.292 33.513 8.30251 0.94319 2 
62.857 33.513 8.39214 0.86612 2 
65.423 33.513 8.42302 1.01782 2 
67.988 33.513 8.59406 0.89898 2 
70.554 33.513 8.60027 0.83528 2 
73.120 33.513 8.66648 0.85719 2 
75.685 33.513 8.72236 0.57140 2 
78.251 33.513 8.64703 0.53410 2 
80.816 33.513 0.00000 0.00000 0 
83.382 33.513 8.73692 0.44668 2 
85.948 33.513 8.78771 0.39141 2 
88.513 33.513 8.85181 0.46011 2 
91.079 33.513 8.97532 0.19195 2 
93.644 33.513 8.75584 0.11499 2 
96.210 33.513 8.75649 -0.15644 2 
98.776 33.513 8.87327 -0.11743 2 
101.341 33.513 8.68959 -0.40855 2 
103.907 33.513 8.73758 -0.33195 2 
106.472 33.513 8.59605 -0.18836 2 
109.038 33.513 8.77404 -0.40156 2 
111.603 33.513 8.42118 -0.48166 2 
114.169 33.513 8.36113 -0.66699 2 
116.735 33.513 8.74160 -0.62435 2 
119.300 33.513 0.00000 -0.00000 0 
-8.980 30.948 6.96275 0.24012 2 
-6.414 30.948 7.16483 0.43595 2 
-3.848 30.948 6.94144 0.35069 2 
-1.283 30.948 7.04311 0.42428 2 
1.283 30.948 7.27964 0.61797 2 
3.848 30.948 0.00000 -0.00000 0 
6.414 30.948 0.00000 -0.00000 0 
8.980 30.948 0.00000 -0.00000 0 
11.545 30.948 0.00000 -0.00000 0 
14.111 30.948 0.00000 -0.00000 0 
16.676 30.948 0.00000 -0.00000 0 
19.242 30.948 2.46568 0.63735 2 
21.808 30.948 7.47508 0.83920 2 
24.373 30.948 7.21258 0.86633 2 
26.939 30.948 7.39141 0.98748 2 
29.504 30.948 7.32753 1.00998 2 
32.070 30.948 7.40409 0.88921 2 
34.636 30.948 7.42916 1.12175 2 
37.201 30.948 7.81816 1.06694 2 
39.767 30.948 7.51816 1.21614 2 
42.332 30.948 7.97153 1.02498 2 
44.898 30.948 7.69646 1.00370 2 
47.464 30.948 7.98206 1.12915 2 
50.029 30.948 7.90358 0.75700 2 
52.595 30.948 7.94440 1.00460 2 
55.160 30.948 8.25794 0.88050 2 
57.726 30.948 8.21227 1.06417 2 
60.292 30.948 8.17983 1.05198 2 
62.857 30.948 8.28968 0.86182 2 
65.423 30.948 8.55557 0.82895 2 
67.988 30.948 8.45268 0.93466 2 
70.554 30.948 8.25641 0.84621 2 
73.120 30.948 8.48083 0.83380 2 
75.685 30.948 8.83880 0.94377 2 
78.251 30.948 8.72227 0.79203 2 
80.816 30.948 0.00000 0.00000 0 
83.382 30.948 8.88284 0.58298 2 
85.948 30.948 8.95727 0.60433 2 
88.513 30.948 8.92274 0.32469 2 
91.079 30.948 8.93764 0.25644 2 
93.644 30.948 9.03011 0.14953 2 
96.210 30.948 8.98106 0.00135 2 
98.776 30.948 8.92217 -0.32490 2 
101.341 30.948 8.86904 -0.38888 2 
103.907 30.948 8.90956 -0.52630 2 
106.472 30.948 8.81437 -0.54899 2 
109.038 30.948 8.69572 -0.47139 2 
111.603 30.948 8.73380 -0.51413 2 
114.169 30.948 8.82091 -0.61086 2 
116.735 30.948 8.96382 -0.76733 2 
119.300 30.948 0.00000 -0.00000 0 
-8.980 28.382 7.17104 0.31304 2 
-6.414 28.382 7.04611 0.29207 2 
-3.848 28.382 7.13118 0.30138 2 
-1.283 28.382 7.02046 0.51058 2 
1.283 28.382 7.19017 0.51717 2 
3.848 28.382 7.38730 0.51248 2 
6.414 28.382 0.00000 -0.00000 0 
8.980 28.382 0.00000 -0.00000 0 
11.545 28.382 0.00000 -0.00000 0 
14.111 28.382 0.00000 -0.00000 0 
16.676 28.382 2.14460 0.26205 2 
19.242 28.382 5.35815 0.70592 2 
21.808 28.382 7.49603 1.06956 2 
24.373 28.382 7.27552 0.86816 2 
26.939 28.382 7.29843 1.04738 2 
29.504 28.382 7.47293 1.03800 2 
32.070 28.382 7.31059 1.23556 2 
34.636 28.382 7.70995 1.11095 2 
37.201 28.382 7.44965 1.18098 2 
39.767 28.382 7.71619 0.99682 2 
42.332 28.382 7.72507 1.07637 2 
44.898 28.382 7.79360 1.04002 2 
47.464 28.382 8.09811 1.17631 2 
50.029 28.382 7.91094 1.04686 2 
52.595 28.382 8.25432 1.20492 2 
55.160 28.382 8.06805 1.10766 2 
57.726 28.382 8.35554 0.92807 2 
60.292 28.382 8.20140 1.03395 2 
62.857 28.382 8.28591 0.99264 2 
65.423 28.382 8.38820 1.10031 2 
67.988 28.382 8.79247 0.98972 2 
70.554 28.382 8.70350 0.84872 2 
73.120 28.382 8.77340 0.94790 2 
75.685 28.382 8.72945 0.92947 2 
78.251 28.382 8.71142 0.78908 2 
80.816 28.382 8.98107 0.63263 2 
83.382 28.382 8.98231 0.48478 2 
85.948 28.382 8.98356 0.33692 2 
88.513 28.382 9.05311 0.27450 2 
91.079 28.382 9.12839 0.03806 2 
93.644 28.382 9.07466 -0.06180 2 
96.210 28.382 9.14476 -0.09627 2 
98.776 28.382 8.88316 -0.24484 2 
101.341 28.382 9.08623 -0.28265 2 
103.907 28.382 8.75378 -0.58596 2 
106.472 28.382 8.94115 -0.36476 2 
109.038 28.382 8.76643 -0.42094 2 
111.603 28.382 8.54503 -0.68849 2 
114.169 28.382 8.64679 -0.69878 2 
116.735 28.382 8.80891 -0.90573 2 
119.300 28.382 0.00000 -0.00000 0 
-8.980 25.816 6.89912 0.28848 2 
-6.414 25.816 7.14877 0.19196 2 
-3.848 25.816 6.99205 0.39585 2 
-1.283 25.816 6.80651 0.48161 2 
1.283 25.816 6.99258 0.40290 2 
3.848 25.816 7.39915 0.76812 2 
6.414 25.816 0.00000 -0.00000 0 
8.980 25.816 0.00000 -0.00000 0 
11.545 25.816 0.00000 -0.00000 0 
14.111 25.816 0.00000 -0.00000 0 
16.676 25.816 4.28921 0.52410 2 
19.242 25.816 8.57842 1.04820 2 
21.808 25.816 7.15162 0.99995 2 
24.373 25.816 7.32427 1.04008 2 
26.939 25.816 7.33513 1.15049 2 
29.504 25.816 7.33998 0.96313 2 
32.070 25.816 7.65075 1.27669 2 
34.636 25.816 7.20049 1.13116 2 
37.201 25.816 7.68114 1.25902 2 
39.767 25.816 7.63790 1.20470 2 
42.332 25.816 7.77685 1.00940 2 
44.898 25.816 7.92406 1.42554 2 
47.464 25.816 7.77866 1.18581 2 
50.029 25.816 8.11742 1.24914 2 
52.595 25.816 8.18757 1.23609 2 
55.160 25.816 8.07620 1.06862 2 
57.726 25.816 8.31799 1.25994 2 
60.292 25.816 8.40071 1.04078 2 
62.857 25.816 8.28215 1.12346 2 
65.423 25.816 8.57479 0.99778 2 
67.988 25.816 8.56430 0.99781 2 
70.554 25.816 8.61455 1.04599 2 
73.120 25.816 8.70470 0.84575 2 
75.685 25.816 8.91804 0.81168 2 
78.251 25.816 8.70056 0.78612 2 
80.816 25.816 8.94566 0.88462 2 
83.382 25.816 0.00000 0.00000 0 
85.948 25.816 9.10745 0.43216 2 
88.513 25.816 9.13224 0.41198 2 
91.079 25.816 9.12557 0.18653 2 
93.644 25.816 9.19413 -0.11129 2 
96.210 25.816 9.13013 -0.25935 2 
98.776 25.816 9.02473 -0.50865 2 
101.341 25.816 8.97901 -0.49551 2 
103.907 25.816 8.89283 -0.43883 2 
106.472 25.816 8.68391 -0.51102 2 
109.038 25.816 8.89014 -0.54112 2 
111.603 25.816 8.85224 -0.75821 2 
114.169 25.816 8.84356 -0.66768 2 
116.735 25.816 9.02838 -0.92409 2 
119.300 25.816 0.00000 -0.00000 0 
-8.980 23.251 7.20461 0.17537 2 
-6.414 23.251 6.94098 0.18825 2 
-3.848 23.251 6.96099 0.39645 2 
-1.283 23.251 7.06932 0.47345 2 
1.283 23.251 6.91315 0.53767 2 
3.848 23.251 6.95892 0.58531 2 
6.414 23.251 0.00000 -0.00000 0 
8.980 23.251 0.00000 -0.00000 0 
11.545 23.251 0.00000 -0.00000 0 
14.111 23.251 0.00000 -0.00000 0 
16.676 23.251 3.90756 0.48028 2 
19.242 23.251 7.81512 0.96056 2 
21.808 23.251 6.98456 1.17111 2 
24.373 23.251 7.24307 0.94730 2 
26.939 23.251 7.31355 1.22790 2 
29.504 23.251 7.28085 1.04161 2 
32.070 23.251 7.24874 1.20438 2 
34.636 23.251 7.56402 1.19889 2 
37.201 23.251 7.56068 1.18089 2 
39.767 23.251 7.63120 1.29026 2 
42.332 23.251 7.74789 1.27593 2 
44.898 23.251 7.76660 1.22656 2 
47.464 23.251 8.12154 1.09635 2 
50.029 23.251 7.96300 1.13242 2 
52.595 23.251 7.88096 1.19211 2 
55.160 23.251 8.21978 1.23860 2 
57.726 23.251 8.43224 1.17687 2 
60.292 23.251 8.39962 1.25039 2 
62.857 23.251 8.37523 0.98390 2 
65.423 23.251 8.35754 0.99395 2 
67.988 23.251 8.83862 1.03141 2 
70.554 23.251 9.09878 0.95995 2 
73.120 23.251 8.76749 1.02013 2 
75.685 23.251 8.77859 0.98434 2 
78.251 23.251 8.97772 0.90668 2 
80.816 23.251 7.00422 0.72567 2 
83.382 23.251 0.00000 0.00000 0 
85.948 23.251 6.38498 0.14956 2 
88.513 23.251 10.07229 -0.00366 2 
91.079 23.251 9.53492 0.18912 2 
93.644 23.251 9.34357 -0.13964 2 
96.210 23.251 9.16359 -0.45147 2 
98.776 23.251 9.19632 -0.51761 2 
101.341 23.251 8.91146 -0.67318 2 
103.907 23.251 8.94567 -0.59739 2 
106.472 23.251 8.68215 -0.45910 2 
109.038 23.251 8.83103 -0.50189 2 
111.603 23.251 8.76559 -0.52901 2 
114.169 23.251 9.05482 -0.75277 2 
116.735 23.251 9.36679 -0.91423 2 
119.300 23.251 0.00000 -0.00000 0 
-8.980 20.685 6.88482 0.14162 2 
-6.414 20.685 6.85619 0.29384 2 
-3.848 20.685 7.09689 0.29338 2 
-1.283 20.685 6.80210 0.33942 2 
1.283 20.685 6.67854 0.39654 2 
3.848 20.685 7.07645 0.53126 2 
6.414 20.685 0.00000 -0.00000 0 
8.980 20.685 0.00000 -0.00000 0 
11.545 20.685 0.00000 -0.00000 0 
14.111 20.685 0.00000 -0.00000 0 
16.676 20.685 3.87593 0.57590 2 
19.242 20.685 7.75185 1.15180 2 
21.808 20.685 7.01257 1.12882 2 
24.373 20.685 7.05693 1.13440 2 
26.939 20.685 7.14460 1.34547 2 
29.504 20.685 7.28319 1.34876 2 
32.070 20.685 7.41265 1.28139 2 
34.636 20.685 7.24120 1.23629 2 
37.201 20.685 7.52889 1.41465 2 
39.767 20.685 7.65988 1.14723 2 
42.332 20.685 7.75311 1.24035 2 
44.898 20.685 7.73324 1.32988 2 
47.464 20.685 7.92789 1.26814 2 
50.029 20.685 7.90000 1.41102 2 
52.595 20.685 8.29625 1.41467 2 
55.160 20.685 8.22622 1.19254 2 
57.726 20.685 8.17911 1.44414 2 
60.292 20.685 8.55220 1.10965 2 
62.857 20.685 8.45128 1.19430 2 
65.423 20.685 9.07492 1.39498 2 
67.988 20.685 9.04607 1.11582 2 
70.554 20.685 4.54939 0.47998 2 
73.120 20.685 9.42354 1.33947 2 
75.685 20.685 9.69392 1.10614 2 
78.251 20.685 9.64954 1.04354 2 
80.816 20.685 5.06278 0.56672 2 
83.382 20.685 0.00000 -0.00000 0 
85.948 20.685 0.00000 -0.00000 0 
88.513 20.685 0.00000 -0.00000 0 
91.079 20.685 10.28247 0.09760 2 
93.644 20.685 10.24704 -0.38293 2 
96.210 20.685 9.72498 -0.80801 2 
98.776 20.685 9.49554 -0.94568 2 
101.341 20.685 9.02956 -0.73229 2 
103.907 20.685 8.69274 -0.78807 2 
106.472 20.685 8.65381 -0.04701 2 
109.038 20.685 8.71856 -0.01090 2 
111.603 20.685 9.16794 -0.10435 2 
114.169 20.685 9.12026 -0.58185 2 
116.735 20.685 9.70520 -0.90437 2 
119.300 20.685 0.00000 -0.00000 0 
-8.980 18.120 6.91308 0.02358 2 
-6.414 18.120 6.90697 0.15700 2 
-3.848 18.120 6.58979 0.21683 2 
-1.283 18.120 6.76694 0.27646 2 
1.283 18.120 6.72890 0.34278 2 
3.848 18.120 6.87221 0.50979 2 
6.414 18.120 0.00000 -0.00000 0 
8.980 18.120 0.00000 -0.00000 0 
11.545 18.120 0.00000 -0.00000 0 
14.111 18.120 0.00000 -0.00000 0 
16.676 18.120 3.79227 0.54414 2 
19.242 18.120 7.58454 1.08829 2 
21.808 18.120 6.89445 1.10983 2 
24.373 18.120 7.02026 1.40112 2 
26.939 18.120 7.12234 1.30636 2 
29.504 18.120 7.22022 1.35237 2 
32.070 18.120 7.27710 1.51125 2 
34.636 18.120 7.51720 1.55262 2 
37.201 18.120 7.63992 1.29282 2 
39.767 18.120 7.72937 1.65613 2 
42.332 18.120 7.71813 1.54370 2 
44.898 18.120 7.69675 1.46505 2 
47.464 18.120 8.00156 1.41626 2 
50.029 18.120 7.98973 1.37016 2 
52.595 18.120 8.17657 1.44784 2 
55.160 18.120 8.52750 1.54922 2 
57.726 18.120 8.78081 1.50422 2 
60.292 18.120 8.46184 1.30401 2 
62.857 18.120 9.15950 1.39534 2 
65.423 18.120 4.53746 0.69749 2 
67.988 18.120 0.00000 -0.00000 0 
70.554 18.120 0.00000 -0.00000 0 
73.120 18.120 0.00000 -0.00000 0 
75.685 18.120 0.00000 -0.00000 0 
78.251 18.120 0.00000 -0.00000 0 
80.816 18.120 0.00000 -0.00000 0 
83.382 18.120 0.00000 -0.00000 0 
85.948 18.120 -0.63724 0.10725 2 
88.513 18.120 -0.31209 -0.17302 2 
91.079 18.120 8.41108 0.36562 2 
93.644 18.120 11.24170 -0.28857 2 
96.210 18.120 10.27384 -0.40679 2 
98.776 18.120 9.45691 -0.96477 2 
101.341 18.120 8.89817 -1.01136 2 
103.907 18.120 8.33943 -1.05795 2 
106.472 18.120 7.28710 -0.26469 2 
109.038 18.120 9.16161 0.42211 2 
111.603 18.120 9.44633 0.35320 2 
114.169 18.120 10.34688 -1.03392 2 
116.735 18.120 9.88525 -0.94727 2 
119.300 18.120 0.00000 -0.00000 0 
-8.980 15.554 6.97294 -0.17504 2 
-6.414 15.554 6.87315 0.18909 2 
-3.848 15.554 6.71452 0.22006 2 
-1.283 15.554 6.55320 0.23898 2 
1.283 15.554 6.59886 0.29305 2 
3.848 15.554 6.63208 0.61365 2 
6.414 15.554 0.00000 -0.00000 0 
8.980 15.554 0.00000 -0.00000 0 
11.545 15.554 0.00000 -0.00000 0 
14.111 15.554 0.00000 -0.00000 0 
16.676 15.554 3.60604 0.61537 2 
19.242 15.554 7.21209 1.23074 2 
21.808 15.554 6.80777 1.50310 2 
24.373 15.554 7.11937 1.45408 2 
26.939 15.554 7.17919 1.41164 2 
29.504 15.554 7.27328 1.59390 2 
32.070 15.554 7.18850 1.60135 2 
34.636 15.554 7.42655 1.60021 2 
37.201 15.554 7.56857 1.39639 2 
39.767 15.554 7.63213 1.49542 2 
42.332 15.554 8.23821 1.54252 2 
44.898 15.554 8.16671 1.60994 2 
47.464 15.554 8.05326 1.45444 2 
50.029 15.554 8.54620 1.55249 2 
52.595 15.554 8.68004 1.57133 2 
55.160 15.554 0.00000 -0.00000 0 
57.726 15.554 0.00000 -0.00000 0 
60.292 15.554 0.00000 -0.00000 0 
62.857 15.554 0.00000 -0.00000 0 
65.423 15.554 0.00000 -0.00000 0 
67.988 15.554 0.00000 -0.00000 0 
70.554 15.554 0.00000 -0.00000 0 
73.120 15.554 0.00000 -0.00000 0 
75.685 15.554 0.00000 -0.00000 0 
78.251 15.554 0.00000 -0.00000 0 
80.816 15.554 -1.50136 -0.42525 2 
83.382 15.554 -0.99041 -0.20949 2 
85.948 15.554 -1.27448 0.21451 2 
88.513 15.554 -1.04673 0.80176 2 
91.079 15.554 -0.23495 0.83543 2 
93.644 15.554 1.64565 0.04376 2 
96.210 15.554 3.14094 -0.21637 2 
98.776 15.554 5.14755 -0.11757 2 
101.341 15.554 5.40063 -1.05660 2 
103.907 15.554 5.65371 -1.99562 2 
106.472 15.554 5.92038 -0.48236 2 
109.038 15.554 5.81504 2.24242 2 
111.603 15.554 7.27349 1.41063 2 
114.169 15.554 7.02179 1.79486 2 
116.735 15.554 5.77921 -0.11975 2 
119.300 15.554 0.00000 -0.00000 0 
-8.980 12.988 6.81954 -0.08153 2 
-6.414 12.988 6.74203 0.08170 2 
-3.848 12.988 6.68380 0.10833 2 
-1.283 12.988 6.54522 0.28257 2 
1.283 12.988 6.36615 0.27366 2 
3.848 12.988 6.60329 0.42316 2 
6.414 12.988 0.00000 -0.00000 0 
8.980 12.988 0.00000 -0.00000 0 
11.545 12.988 0.00000 -0.00000 0 
14.111 12.988 0.00000 -0.00000 0 
16.676 12.988 3.60159 0.70874 2 
19.242 12.988 7.20318 1.41747 2 
21.808 12.988 7.22719 1.73836 2 
24.373 12.988 6.95865 1.44779 2 
26.939 12.988 7.10003 1.67363 2 
29.504 12.988 7.46171 1.76145 2 
32.070 12.988 7.68134 1.66267 2 
34.636 12.988 7.74492 1.53243 2 
37.201 12.988 7.30776 1.60715 2 
39.767 12.988 3.81607 0.74771 2 
42.332 12.988 0.00000 -0.00000 0 
44.898 12.988 0.00000 -0.00000 0 
47.464 12.988 0.00000 -0.00000 0 
50.029 12.988 0.00000 -0.00000 0 
52.595 12.988 0.00000 -0.00000 0 
55.160 12.988 0.00000 -0.00000 0 
57.726 12.988 0.00000 -0.00000 0 
60.292 12.988 0.00000 -0.00000 0 
62.857 12.988 0.00000 -0.00000 0 
65.423 12.988 0.00000 -0.00000 0 
67.988 12.988 0.00000 -0.00000 0 
70.554 12.988 0.00000 -0.00000 0 
73.120 12.988 0.00000 -0.00000 0 
75.685 12.988 -1.44990 -0.38110 2 
78.251 12.988 -2.14445 -0.82926 2 
80.816 12.988 -3.00273 -0.85050 2 
83.382 12.988 -1.98083 -0.41897 2 
85.948 12.988 -2.51413 0.72534 2 
88.513 12.988 -3.26716 1.11896 2 
91.079 12.988 -2.26212 1.25268 2 
93.644 12.988 -2.12738 0.64328 2 
96.210 12.988 -3.99196 -0.02596 2 
98.776 12.988 -3.20596 2.33773 2 
101.341 12.988 -0.79431 -1.42722 2 
103.907 12.988 0.06337 -0.56415 2 
106.472 12.988 1.54333 1.18189 2 
109.038 12.988 2.00981 4.13769 2 
111.603 12.988 2.63021 4.57421 2 
114.169 12.988 3.99356 2.50739 2 
116.735 12.988 2.21207 0.65028 2 
119.300 12.988 0.43058 -1.20683 2 
-8.980 10.423 6.75886 -0.25923 2 
-6.414 10.423 6.68124 -0.16457 2 
-3.848 10.423 6.54400 0.07166 2 
-1.283 10.423 6.44844 0.05153 2 
1.283 10.423 6.23558 0.18080 2 
3.848 10.423 6.44492 0.36834 2 
6.414 10.423 1.65312 0.08644 2 
8.980 10.423 0.00000 -0.00000 0 
11.545 10.423 0.00000 -0.00000 0 
14.111 10.423 0.00000 -0.00000 0 
16.676 10.423 2.40106 0.47249 2 
19.242 10.423 4.80212 0.94498 2 
21.808 10.423 5.98321 1.62216 2 
24.373 10.423 7.12275 1.91648 2 
26.939 10.423 7.77669 1.96986 2 
29.504 10.423 7.01955 1.71260 2 
32.070 10.423 0.00000 -0.00000 0 
34.636 10.423 0.00000 -0.00000 0 
37.201 10.423 0.00000 -0.00000 0 
39.767 10.423 0.00000 -0.00000 0 
42.332 10.423 0.00000 -0.00000 0 
44.898 10.423 0.00000 -0.00000 0 
47.464 10.423 0.00000 -0.00000 0 
50.029 10.423 0.00000 -0.00000 0 
52.595 10.423 0.00000 -0.00000 0 
55.160 10.423 0.00000 -0.00000 0 
57.726 10.423 0.00000 -0.00000 0 
60.292 10.423 0.00000 -0.00000 0 
62.857 10.423 0.00000 -0.00000 0 
65.423 10.423 0.00000 -0.00000 0 
67.988 10.423 -0.55789 -0.38723 2 
70.554 10.423 -1.03353 -0.29441 2 
73.120 10.423 -0.67098 -0.37148 2 
75.685 10.423 -2.89980 -0.76219 2 
78.251 10.423 -2.98976 -0.51524 2 
80.816 10.423 -2.22951 -0.71825 2 
83.382 10.423 -2.15840 -2.50008 2 
85.948 10.423 -3.32869 -1.45056 2 
88.513 10.423 -2.74594 1.52815 2 
91.079 10.423 -4.28929 1.66993 2 
93.644 10.423 -3.40933 2.49962 2 
96.210 10.423 -3.13311 0.99171 2 
98.776 10.423 -1.06493 2.69355 2 
101.341 10.423 -0.41598 2.55304 2 
103.907 10.423 1.37607 1.95140 2 
106.472 10.423 2.05104 2.19606 2 
109.038 10.423 1.45077 5.13104 2 
111.603 10.423 -0.47782 4.48558 2 
114.169 10.423 -0.54670 2.48626 2 
116.735 10.423 -0.75802 1.76337 2 
119.300 10.423 0.00704 1.11902 2 
-8.980 7.857 6.70664 -0.21829 2 
-6.414 7.857 6.50872 -0.18154 2 
-3.848 7.857 6.57731 -0.25253 2 
-1.283 7.857 6.28197 -0.13865 2 
1.283 7.857 6.00116 -0.04798 2 
3.848 7.857 6.61248 0.34575 2 
6.414 7.857 3.30624 0.17288 2 
8.980 7.857 0.00000 -0.00000 0 
11.545 7.857 0.00000 -0.00000 0 
14.111 7.857 0.00000 -0.00000 2 
16.676 7.857 1.60071 0.31499 2 
19.242 7.857 2.40106 0.47249 2 
21.808 7.857 0.00000 -0.00000 0 
24.373 7.857 0.00000 -0.00000 0 
26.939 7.857 0.00000 -0.00000 0 
29.504 7.857 0.00000 -0.00000 0 
32.070 7.857 0.00000 -0.00000 0 
34.636 7.857 0.00000 -0.00000 0 
37.201 7.857 0.00000 -0.00000 0 
39.767 7.857 0.00000 -0.00000 0 
42.332 7.857 0.00000 -0.00000 0 
44.898 7.857 0.00000 -0.00000 0 
47.464 7.857 0.00000 -0.00000 0 
50.029 7.857 0.00000 -0.00000 0 
52.595 7.857 0.00000 -0.00000 0 
55.160 7.857 0.00000 -0.00000 0 
57.726 7.857 0.00000 -0.00000 0 
60.292 7.857 -0.32961 -0.05779 2 
62.857 7.857 -1.04458 -0.30170 2 
65.423 7.857 -0.05231 0.01773 2 
67.988 7.857 -1.11577 -0.77446 2 
70.554 7.857 -3.08281 -0.81704 2 
73.120 7.857 -2.86012 -0.87389 2 
75.685 7.857 -3.04782 -0.74413 2 
78.251 7.857 -2.26411 -1.08266 2 
80.816 7.857 -2.28016 -2.05990 2 
83.382 7.857 -3.07958 -1.76436 2 
85.948 7.857 -3.87901 -1.46882 2 
88.513 7.857 -3.88676 0.19161 2 
91.079 7.857 -3.93412 0.01029 2 
93.644 7.857 -4.00139 2.51534 2 
96.210 7.857 -2.27425 2.00939 2 
98.776 7.857 -0.94929 2.51740 2 
101.341 7.857 -1.28080 2.45149 2 
103.907 7.857 -0.28409 3.20713 2 
106.472 7.857 1.50123 3.73181 2 
109.038 7.857 0.22027 5.00029 2 
111.603 7.857 -0.01488 4.37232 2 
114.169 7.857 -0.13735 3.05233 2 
116.735 7.857 -0.35477 2.58329 2 
119.300 7.857 -0.00718 0.72094 2 
-8.980 5.292 6.70082 -0.41876 2 
-6.414 5.292 6.52662 -0.37274 2 
-3.848 5.292 6.38300 -0.38573 2 
-1.283 5.292 6.14673 -0.22727 2 
1.283 5.292 5.91447 -0.18616 2 
3.848 5.292 6.14608 0.20959 2 
6.414 5.292 3.07304 0.10479 2 
8.980 5.292 0.00000 -0.00000 0 
11.545 5.292 0.00000 -0.00000 0 
14.111 5.292 0.00000 -0.00000 0 
16.676 5.292 0.00000 -0.00000 0 
19.242 5.292 0.00000 -0.00000 0 
21.808 5.292 0.00000 -0.00000 0 
24.373 5.292 0.00000 -0.00000 0 
26.939 5.292 0.00000 -0.00000 0 
29.504 5.292 0.00000 -0.00000 0 
32.070 5.292 0.00000 -0.00000 0 
34.636 5.292 0.00000 -0.00000 0 
37.201 5.292 0.00000 -0.00000 0 
39.767 5.292 0.00000 -0.00000 0 
42.332 5.292 0.00000 -0.00000 0 
44.898 5.292 0.00000 -0.00000 0 
47.464 5.292 0.00000 -0.00000 0 
50.029 5.292 0.00000 -0.00000 0 
52.595 5.292 -0.73458 -0.27173 2 
55.160 5.292 -0.98262 -0.12204 2 
57.726 5.292 -1.44522 -0.36679 2 
60.292 5.292 -0.65922 -0.11558 2 
62.857 5.292 -2.08917 -0.60340 2 
65.423 5.292 -2.09200 -1.17115 2 
67.988 5.292 -1.83074 -1.43185 2 
70.554 5.292 -2.33978 -1.00867 2 
73.120 5.292 -2.84883 -0.58548 2 
75.685 5.292 -2.01202 -1.83599 2 
78.251 5.292 -1.54283 -2.02276 2 
80.816 5.292 -1.24622 -2.57197 2 
83.382 5.292 -0.91154 -2.04781 2 
85.948 5.292 -0.57685 -1.52365 2 
88.513 5.292 -2.63948 -2.50589 2 
91.079 5.292 -3.24957 0.17383 2 
93.644 5.292 -2.37362 2.37949 2 
96.210 5.292 -1.34230 2.70069 2 
98.776 5.292 -0.95712 2.29555 2 
101.341 5.292 -0.29340 3.82440 2 
103.907 5.292 2.02575 2.56081 2 
106.472 5.292 0.95142 5.26756 2 
109.038 5.292 1.04626 5.53719 2 
111.603 5.292 0.44805 4.25905 2 
114.169 5.292 0.27200 3.61840 2 
116.735 5.292 0.04847 3.40321 2 
119.300 5.292 -0.02139 0.32286 2 
-8.980 2.726 6.72189 -0.52625 2 
-6.414 2.726 6.66434 -0.52297 2 
-3.848 2.726 6.23579 -0.46534 2 
-1.283 2.726 6.20362 -0.57001 2 
1.283 2.726 5.64358 -0.46635 2 
3.848 2.726 6.59023 -0.17204 2 
6.414 2.726 0.00000 -0.00000 0 
8.980 2.726 0.00000 -0.00000 0 
11.545 2.726 0.00000 -0.00000 0 
14.111 2.726 0.00000 -0.00000 0 
16.676 2.726 0.00000 -0.00000 0 
19.242 2.726 0.00000 -0.00000 0 
21.808 2.726 0.00000 -0.00000 0 
24.373 2.726 0.00000 -0.00000 0 
26.939 2.726 0.00000 -0.00000 0 
29.504 2.726 0.00000 -0.00000 0 
32.070 2.726 0.00000 -0.00000 0 
34.636 2.726 0.00000 -0.00000 0 
37.201 2.726 0.00000 -0.00000 0 
39.767 2.726 0.00000 -0.00000 0 
42.332 2.726 0.00000 -0.00000 0 
44.898 2.726 0.00000 -0.00000 0 
47.464 2.726 -0.74670 -0.26495 2 
50.029 2.726 0.21485 -0.29384 2 
52.595 2.726 -1.46915 -0.54346 2 
55.160 2.726 -1.96523 -0.24409 2 
57.726 2.726 -1.73898 -0.86115 2 
60.292 2.726 -2.39670 -0.59185 2 
62.857 2.726 -1.94317 -0.71544 2 
65.423 2.726 -1.43139 -0.73878 2 
67.988 2.726 -1.85065 -0.76832 2 
70.554 2.726 -2.02084 -0.97355 2 
73.120 2.726 -2.22814 -1.02489 2 
75.685 2.726 -1.66721 -1.21490 2 
78.251 2.726 -1.43155 -2.20226 2 
80.816 2.726 -0.92208 -2.04131 2 
83.382 2.726 -0.55207 -2.06241 2 
85.948 2.726 0.05653 -1.81188 2 
88.513 2.726 1.59821 -1.96712 2 
91.079 2.726 -0.87850 0.13300 2 
93.644 2.726 -2.24126 1.59911 2 
96.210 2.726 -2.04777 2.46422 2 
98.776 2.726 -0.24679 2.66193 2 
101.341 2.726 0.33149 3.25465 2 
103.907 2.726 0.16029 4.80350 2 
106.472 2.726 0.42037 5.30652 2 
109.038 2.726 1.39745 5.09064 2 
111.603 2.726 0.91098 4.14579 2 
114.169 2.726 0.68135 4.18446 2 
116.735 2.726 0.45172 4.22314 2 
119.300 2.726 -0.03560 -0.07522 1 
-8.980 0.160 6.60904 -0.57205 2 
-6.414 0.160 6.52577 -0.61341 2 
-3.848 0.160 6.35821 -0.72384 2 
-1.283 0.160 6.13917 -0.60155 2 
1.283 0.160 6.21123 -0.82895 2 
3.848 0.160 0.00000 -0.00000 0 
6.414 0.160 0.00000 -0.00000 0 
8.980 0.160 0.00000 -0.00000 0 
11.545 0.160 0.00000 -0.00000 0 
14.111 0.160 0.00000 -0.00000 0 
16.676 0.160 0.00000 -0.00000 0 
19.242 0.160 0.00000 -0.00000 0 
21.808 0.160 0.00000 -0.00000 0 
24.373 0.160 0.00000 -0.00000 0 
26.939 0.160 0.00000 -0.00000 0 
29.504 0.160 0.00000 -0.00000 0 
32.070 0.160 0.00000 -0.00000 0 
34.636 0.160 0.00000 -0.00000 0 
37.201 0.160 0.00000 -0.00000 0 
39.767 0.160 -0.07314 -0.02559 2 
42.332 0.160 0.06310 0.10513 2 
44.898 0.160 -0.98259 -0.42310 2 
47.464 0.160 -1.49340 -0.52989 2 
50.029 0.160 -2.51594 -0.76264 2 
52.595 0.160 -2.25706 -0.71591 2 
55.160 0.160 -1.99246 -0.07162 2 
57.726 0.160 -2.41862 -0.49854 2 
60.292 0.160 -2.24211 -0.86409 2 
62.857 0.160 -1.44310 -0.80451 2 
65.423 0.160 -1.28935 -0.39107 2 
67.988 0.160 -1.21145 -1.07226 2 
70.554 0.160 -1.36304 -1.56685 2 
73.120 0.160 -1.60744 -1.46430 2 
75.685 0.160 -1.32240 -0.59381 2 
78.251 0.160 -1.91847 -1.21002 2 
80.816 0.160 -0.63514 -2.19551 2 
83.382 0.160 -0.19260 -2.07702 2 
85.948 0.160 0.99579 -1.71587 2 
88.513 0.160 2.05241 -1.11102 2 
91.079 0.160 0.59237 2.47684 2 
93.644 0.160 0.13363 2.22420 2 
96.210 0.160 0.43234 3.31306 2 
98.776 0.160 1.54370 3.38152 2 
101.341 0.160 3.26680 4.29057 2 
103.907 0.160 2.50200 3.79923 2 
106.472 0.160 1.16607 4.07104 2 
109.038 0.160 1.74865 4.64410 2 
111.603 0.160 2.08081 4.45614 2 
114.169 0.160 3.99938 4.60206 2 
116.735 0.160 2.76277 4.22389 2 
119.300 0.160 0.00000 -0.00000 0 
-8.980 -2.405 6.69379 -0.69791 2 
-6.414 -2.405 6.62462 -0.77464 2 
-3.848 -2.405 6.50118 -0.79949 2 
-1.283 -2.405 6.19995 -0.99836 2 
1.283 -2.405 0.00000 -0.00000 0 
3.848 -2.405 0.00000 -0.00000 0 
6.414 -2.405 0.00000 -0.00000 0 
8.980 -2.405 0.00000 -0.00000 0 
11.545 -2.405 0.00000 -0.00000 0 
14.111 -2.405 0.00000 -0.00000 0 
16.676 -2.405 0.00000 -0.00000 0 
19.242 -2.405 0.00000 -0.00000 0 
21.808 -2.405 0.00000 -0.00000 0 
24.373 -2.405 0.00000 -0.00000 0 
26.939 -2.405 0.00000 -0.00000 0 
29.504 -2.405 0.00000 -0.00000 0 
32.070 -2.405 -0.33866 -0.03648 2 
34.636 -2.405 -0.67732 -0.07296 2 
37.201 -2.405 -0.50533 -0.05986 2 
39.767 -2.405 -0.14628 -0.05118 2 
42.332 -2.405 -1.17349 -0.36487 2 
44.898 -2.405 -1.32903 -0.73222 2 
47.464 -2.405 -2.35011 -0.88171 2 
50.029 -2.405 -2.46379 -0.42930 2 
52.595 -2.405 -2.60390 -0.54276 2 
55.160 -2.405 -2.54590 -0.54331 2 
57.726 -2.405 -1.94976 -0.80920 2 
60.292 -2.405 -1.98341 -0.89008 2 
62.857 -2.405 -0.73121 -0.69026 2 
65.423 -2.405 -0.80593 -0.52528 2 
67.988 -2.405 -0.88407 -1.05171 2 
70.554 -2.405 0.27765 -1.03822 2 
73.120 -2.405 -0.86989 -1.69747 2 
75.685 -2.405 0.27817 -0.86247 2 
78.251 -2.405 -0.97115 -1.17867 2 
80.816 -2.405 -0.34821 -2.34971 2 
83.382 -2.405 0.69761 -2.53277 2 
85.948 -2.405 0.87074 -1.38838 2 
88.513 -2.405 2.50660 -0.25492 2 
91.079 -2.405 0.73920 1.62871 2 
93.644 -2.405 1.56402 2.19068 2 
96.210 -2.405 2.54416 2.51747 2 
98.776 -2.405 2.04902 3.31689 2 
101.341 -2.405 2.77188 3.54963 2 
103.907 -2.405 2.93726 4.89056 2 
106.472 -2.405 2.59582 4.34131 2 
109.038 -2.405 3.05561 4.69806 2 
111.603 -2.405 3.25063 4.76649 2 
114.169 -2.405 4.16014 4.66776 2 
116.735 -2.405 5.07381 4.22465 2 
119.300 -2.405 0.00000 -0.00000 0 
-8.980 -4.971 7.01896 -0.74072 2 
-6.414 -4.971 6.75921 -0.84402 2 
-3.848 -4.971 6.53548 -0.90272 2 
-1.283 -4.971 6.38872 -1.05948 2 
1.283 -4.971 0.00000 -0.00000 0 
3.848 -4.971 0.00000 -0.00000 0 
6.414 -4.971 0.00000 -0.00000 0 
8.980 -4.971 0.00000 -0.00000 0 
11.545 -4.971 0.00000 -0.00000 0 
14.111 -4.971 0.00000 -0.00000 0 
16.676 -4.971 0.00000 -0.00000 0 
19.242 -4.971 0.00000 -0.00000 0 
21.808 -4.971 0.00000 -0.00000 0 
24.373 -4.971 0.11050 -0.36610 2 
26.939 -4.971 -0.25049 -0.27028 2 
29.504 -4.971 -0.22074 -0.10327 2 
32.070 -4.971 -0.76100 -0.01636 2 
34.636 -4.971 -1.29715 0.08649 2 
37.201 -4.971 -0.79978 0.29190 2 
39.767 -4.971 -1.21349 -0.61346 2 
42.332 -4.971 -1.33748 0.26108 2 
44.898 -4.971 -1.67548 -1.04133 2 
47.464 -4.971 -1.60507 -0.94502 2 
50.029 -4.971 -1.92570 -0.53083 2 
52.595 -4.971 -1.99092 -0.63211 2 
55.160 -4.971 -1.73131 -0.56377 2 
57.726 -4.971 -1.82547 -0.29958 2 
60.292 -4.971 -1.64080 -0.44658 2 
62.857 -4.971 -1.85539 -0.65928 2 
65.423 -4.971 -0.87176 -0.07166 2 
67.988 -4.971 0.30152 -0.63976 2 
70.554 -4.971 0.16751 -1.36887 2 
73.120 -4.971 1.37824 -1.54175 2 
75.685 -4.971 1.87874 -1.13112 2 
78.251 -4.971 2.62153 -1.25439 2 
80.816 -4.971 0.77157 -1.74438 2 
83.382 -4.971 1.58782 -2.98851 2 
85.948 -4.971 2.87804 -0.14588 2 
88.513 -4.971 1.65860 -0.61105 2 
91.079 -4.971 2.88668 0.90287 2 
93.644 -4.971 2.99441 2.15716 2 
96.210 -4.971 2.22256 2.17277 2 
98.776 -4.971 2.64837 3.07796 2 
101.341 -4.971 2.60285 3.37291 2 
103.907 -4.971 3.22445 3.76648 2 
106.472 -4.971 2.61474 4.10944 2 
109.038 -4.971 2.35585 3.83045 2 
111.603 -4.971 3.49575 4.00757 2 
114.169 -4.971 3.19404 4.62373 2 
116.735 -4.971 5.52468 4.14583 2 
119.300 -4.971 0.00000 -0.00000 0 
-8.980 -7.536 6.96127 -0.80924 2 
-6.414 -7.536 6.76856 -0.95200 2 
-3.848 -7.536 6.68861 -1.10834 2 
-1.283 -7.536 6.63078 -1.16510 2 
1.283 -7.536 6.33569 -1.68350 2 
3.848 -7.536 0.00000 -0.00000 0 
6.414 -7.536 5.13615 -2.47258 2 
8.980 -7.536 3.58897 -1.57108 2 
11.545 -7.536 3.85363 -1.38116 2 
14.111 -7.536 3.98596 -1.28619 2 
16.676 -7.536 -0.36660 0.35328 2 
19.242 -7.536 -0.78074 -0.34810 2 
21.808 -7.536 -0.47141 0.14245 2 
24.373 -7.536 0.22099 -0.73221 2 
26.939 -7.536 -0.60264 -0.41355 2 
29.504 -7.536 -0.44149 -0.20654 2 
32.070 -7.536 -0.98585 -0.13557 2 
34.636 -7.536 -0.54290 0.41685 2 
37.201 -7.536 -1.09424 0.64365 2 
39.767 -7.536 -0.83013 0.03959 2 
42.332 -7.536 -0.56353 -0.36554 2 
44.898 -7.536 -0.90798 -0.86758 2 
47.464 -7.536 -1.61905 -0.66877 2 
50.029 -7.536 -2.33012 -0.46997 2 
52.595 -7.536 -1.76569 -0.21581 2 
55.160 -7.536 -0.92909 -0.86665 2 
57.726 -7.536 -1.93413 -0.40630 2 
60.292 -7.536 -1.29819 -0.00308 2 
62.857 -7.536 0.32192 -0.22909 2 
65.423 -7.536 -0.44599 0.11904 2 
67.988 -7.536 -0.31014 -0.42268 2 
70.554 -7.536 0.62836 -1.77921 2 
73.120 -7.536 0.43937 -1.66758 2 
75.685 -7.536 2.52315 -0.88730 2 
78.251 -7.536 1.51978 -2.20949 2 
80.816 -7.536 1.09379 -2.45563 2 
83.382 -7.536 2.72125 -1.35886 2 
85.948 -7.536 2.95981 0.15800 2 
88.513 -7.536 4.06501 1.96339 2 
91.079 -7.536 3.55416 0.71447 2 
93.644 -7.536 3.75698 1.76279 2 
96.210 -7.536 3.24418 1.97740 2 
98.776 -7.536 2.92146 2.42667 2 
101.341 -7.536 2.71349 2.16490 2 
103.907 -7.536 2.94606 2.83237 2 
106.472 -7.536 2.52324 2.91682 2 
109.038 -7.536 3.68941 2.98228 2 
111.603 -7.536 4.06885 2.93053 2 
114.169 -7.536 3.97104 4.27721 2 
116.735 -7.536 4.58866 3.60052 2 
119.300 -7.536 0.00000 -0.00000 0 
-8.980 -10.102 6.89229 -0.87274 2 
-6.414 -10.102 7.02753 -1.24420 2 
-3.848 -10.102 6.80725 -0.98467 2 
-1.283 -10.102 6.87603 -1.46492 2 
1.283 -10.102 6.79205 -1.82326 2 
3.848 -10.102 6.82690 -2.19032 2 
6.414 -10.102 7.16923 -2.63406 2 
8.980 -10.102 5.57181 -2.09104 2 
11.545 -10.102 6.57763 -2.28878 2 
14.111 -10.102 7.97193 -2.57239 2 
16.676 -10.102 9.47775 -2.36304 2 
19.242 -10.102 9.57262 -2.80629 2 
21.808 -10.102 8.36299 -0.47559 2 
24.373 -10.102 4.88890 -1.71317 2 
26.939 -10.102 -1.05647 -0.42982 2 
29.504 -10.102 0.08948 -0.33446 2 
32.070 -10.102 -0.44508 -0.11211 2 
34.636 -10.102 1.13725 0.41729 2 
37.201 -10.102 3.92836 -0.72475 2 
39.767 -10.102 2.06939 -0.85845 2 
42.332 -10.102 0.21042 -0.99216 2 
44.898 -10.102 -0.45200 -1.34236 2 
47.464 -10.102 0.21590 -0.87296 2 
50.029 -10.102 0.49789 -0.40086 2 
52.595 -10.102 0.72815 -0.03639 2 
55.160 -10.102 1.37939 -0.88019 2 
57.726 -10.102 1.91772 0.45519 2 
60.292 -10.102 1.77573 -0.25803 2 
62.857 -10.102 2.49924 0.20110 2 
65.423 -10.102 2.33401 0.44359 2 
67.988 -10.102 2.16878 0.68608 2 
70.554 -10.102 1.03827 -0.40742 2 
73.120 -10.102 0.85427 -1.88651 2 
75.685 -10.102 2.29580 -2.00760 2 
78.251 -10.102 2.91723 -1.46621 2 
80.816 -10.102 2.86438 -2.30370 2 
83.382 -10.102 4.22007 -1.99569 2 
85.948 -10.102 4.49860 0.93186 2 
88.513 -10.102 5.04749 0.44379 2 
91.079 -10.102 4.22163 0.52606 2 
93.644 -10.102 4.54945 2.12581 2 
96.210 -10.102 4.92238 1.84233 2 
98.776 -10.102 4.21103 2.33662 2 
101.341 -10.102 2.20486 1.48961 2 
103.907 -10.102 4.40051 1.91022 2 
106.472 -10.102 3.83676 1.94110 2 
109.038 -10.102 4.05918 2.90380 2 
111.603 -10.102 5.96507 3.11666 2 
114.169 -10.102 4.54179 0.47721 2 
116.735 -10.102 6.29807 2.60889 2 
119.300 -10.102 0.00000 -0.00000 0 
-8.980 -12.668 7.14343 -0.95386 2 
-6.414 -12.668 7.04950 -1.01244 2 
-3.848 -12.668 7.13546 -1.40420 2 
-1.283 -12.668 7.05227 -1.41599 2 
1.283 -12.668 6.99047 -1.66827 2 
3.848 -12.668 7.17808 -1.97511 2 
6.414 -12.668 7.33338 -2.38268 2 
8.980 -12.668 7.55465 -2.61099 2 
11.545 -12.668 8.17199 -2.72287 2 
14.111 -12.668 8.59944 -2.61184 2 
16.676 -12.668 8.96269 -2.46643 2 
19.242 -12.668 9.20088 -2.30713 2 
21.808 -12.668 9.14369 -2.33745 2 
24.373 -12.668 9.55681 -2.69412 2 
26.939 -12.668 4.12921 -0.79609 2 
29.504 -12.668 9.28219 -0.69595 2 
32.070 -12.668 4.52573 -0.84686 2 
34.636 -12.668 8.68685 -1.48910 2 
37.201 -12.668 8.16263 -1.45359 2 
39.767 -12.668 7.63840 -1.41809 2 
42.332 -12.668 7.11418 -1.38258 2 
44.898 -12.668 3.55423 -0.59289 2 
47.464 -12.668 3.42983 -0.80654 2 
50.029 -12.668 3.32591 -0.33176 2 
52.595 -12.668 3.22199 0.14303 2 
55.160 -12.668 3.68787 -0.89374 2 
57.726 -12.668 5.63133 -0.12014 2 
60.292 -12.668 4.84965 -0.51297 2 
62.857 -12.668 8.27754 0.58401 2 
65.423 -12.668 6.86645 0.78295 2 
67.988 -12.668 5.45535 0.98189 2 
70.554 -12.668 4.99352 0.15054 2 
73.120 -12.668 3.16905 -1.23125 2 
75.685 -12.668 3.14410 -0.88488 2 
78.251 -12.668 4.45180 -1.39140 2 
80.816 -12.668 4.49659 -0.51298 2 
83.382 -12.668 5.79258 -0.21068 2 
85.948 -12.668 5.27468 -0.69491 2 
88.513 -12.668 6.02997 -1.07582 2 
91.079 -12.668 4.90967 0.45936 2 
93.644 -12.668 3.95365 1.36958 2 
96.210 -12.668 4.07282 1.74092 2 
98.776 -12.668 4.79449 1.68289 2 
101.341 -12.668 3.82558 1.18708 2 
103.907 -12.668 4.97198 0.49848 2 
106.472 -12.668 5.15029 0.96539 2 
109.038 -12.668 3.56551 1.45308 2 
111.603 -12.668 3.46898 2.04787 2 
114.169 -12.668 4.68383 2.23142 2 
116.735 -12.668 5.30036 2.57650 2 
119.300 -12.668 0.00000 -0.00000 0 
-8.980 -15.233 7.16001 -0.98079 2 
-6.414 -15.233 7.22889 -1.19303 2 
-3.848 -15.233 7.17704 -1.27195 2 
-1.283 -15.233 7.20780 -1.33004 2 
1.283 -15.233 7.27472 -1.67726 2 
3.848 -15.233 7.34650 -1.87500 2 
6.414 -15.233 7.50995 -2.21138 2 
8.980 -15.233 7.76639 -2.28011 2 
11.545 -15.233 8.08013 -2.36328 2 
14.111 -15.233 8.56444 -2.40297 2 
16.676 -15.233 8.68238 -2.28059 2 
19.242 -15.233 8.92410 -2.11474 2 
21.808 -15.233 9.17380 -2.12132 2 
24.373 -15.233 9.63206 -1.76402 2 
26.939 -15.233 9.31489 -1.16235 2 
29.504 -15.233 9.19461 -1.50920 2 
32.070 -15.233 9.49653 -1.58162 2 
34.636 -15.233 9.06920 -1.25005 2 
37.201 -15.233 8.93998 -1.17297 2 
39.767 -15.233 8.41576 -1.13746 2 
42.332 -15.233 9.11974 -1.14359 2 
44.898 -15.233 9.70309 -1.39668 2 
47.464 -15.233 8.72719 -0.57366 2 
50.029 -15.233 8.33777 -0.37303 2 
52.595 -15.233 6.58584 -0.18894 2 
55.160 -15.233 8.88570 -0.66972 2 
57.726 -15.233 8.79963 0.29556 2 
60.292 -15.233 6.96281 -0.56250 2 
62.857 -15.233 6.25948 0.52974 2 
65.423 -15.233 8.40420 0.42035 2 
67.988 -15.233 8.79063 0.82023 2 
70.554 -15.233 8.42632 0.34522 2 
73.120 -15.233 6.49941 -1.24039 2 
75.685 -15.233 6.38077 -0.24562 2 
78.251 -15.233 5.98637 -1.31659 2 
80.816 -15.233 7.10948 -0.49921 2 
83.382 -15.233 6.44946 0.14947 2 
85.948 -15.233 5.79928 -0.13221 2 
88.513 -15.233 6.70444 -0.79211 2 
91.079 -15.233 6.45408 -0.41248 2 
93.644 -15.233 5.68630 -0.22999 2 
96.210 -15.233 6.34865 1.52322 2 
98.776 -15.233 4.91281 1.11572 2 
101.341 -15.233 5.34496 0.43178 2 
103.907 -15.233 4.03354 0.62288 2 
106.472 -15.233 4.55752 2.47772 2 
109.038 -15.233 6.85293 2.72077 2 
111.603 -15.233 7.13077 2.25725 2 
114.169 -15.233 6.50132 1.19874 2 
116.735 -15.233 8.14943 2.63329 2 
119.300 -15.233 0.00000 -0.00000 0 
-8.980 -17.799 7.39200 -0.97910 2 
-6.414 -17.799 7.30586 -1.16797 2 
-3.848 -17.799 7.31928 -1.22687 2 
-1.283 -17.799 7.28178 -1.28294 2 
1.283 -17.799 7.41009 -1.62402 2 
3.848 -17.799 7.50988 -1.79966 2 
6.414 -17.799 7.69623 -1.88876 2 
8.980 -17.799 7.95931 -2.30112 2 
11.545 -17.799 8.21606 -2.16081 2 
14.111 -17.799 8.56722 -2.18498 2 
16.676 -17.799 8.66802 -2.11113 2 
19.242 -17.799 8.82041 -1.98923 2 
21.808 -17.799 8.99652 -1.74389 2 
24.373 -17.799 9.12536 -1.72418 2 
26.939 -17.799 9.17288 -1.53708 2 
29.504 -17.799 9.24561 -1.43489 2 
32.070 -17.799 9.35046 -1.37324 2 
34.636 -17.799 9.45155 -1.01099 2 
37.201 -17.799 9.33572 -0.79146 2 
39.767 -17.799 9.19311 -0.85684 2 
42.332 -17.799 9.10417 -1.26471 2 
44.898 -17.799 9.68838 -1.15299 2 
47.464 -17.799 9.98834 -0.83553 2 
50.029 -17.799 9.60526 -0.71507 2 
52.595 -17.799 9.94970 -0.52092 2 
55.160 -17.799 9.44873 -1.06869 2 
57.726 -17.799 9.46141 -1.11566 2 
60.292 -17.799 9.83376 -0.36058 2 
62.857 -17.799 10.00458 0.61805 2 
65.423 -17.799 9.03537 0.72726 2 
67.988 -17.799 9.04327 0.71039 2 
70.554 -17.799 8.81724 0.04981 2 
73.120 -17.799 8.79343 -0.50086 2 
75.685 -17.799 9.44974 -0.82758 2 
78.251 -17.799 8.68263 -0.86894 2 
80.816 -17.799 9.72237 -0.48543 2 
83.382 -17.799 9.42442 0.01198 2 
85.948 -17.799 8.06072 -0.44101 2 
88.513 -17.799 7.37892 -0.50841 2 
91.079 -17.799 6.56482 0.02483 2 
93.644 -17.799 5.91444 -0.10279 2 
96.210 -17.799 6.85848 0.25841 2 
98.776 -17.799 7.48442 1.34404 2 
101.341 -17.799 7.52522 0.75530 2 
103.907 -17.799 7.10339 0.37478 2 
106.472 -17.799 7.82881 2.62987 2 
109.038 -17.799 7.80215 2.61635 2 
111.603 -17.799 7.83932 2.31658 2 
114.169 -17.799 8.00727 1.74144 2 
116.735 -17.799 8.40067 2.16005 2 
119.300 -17.799 0.00000 -0.00000 0 
-8.980 -20.364 7.26190 -0.80809 2 
-6.414 -20.364 7.46136 -0.94626 2 
-3.848 -20.364 7.39611 -1.37004 2 
-1.283 -20.364 7.42443 -1.33917 2 
1.283 -20.364 7.57792 -1.44752 2 
3.848 -20.364 7.66897 -1.56292 2 
6.414 -20.364 7.75962 -1.72559 2 
8.980 -20.364 7.96683 -1.71880 2 
11.545 -20.364 8.30909 -1.89067 2 
14.111 -20.364 8.40143 -1.85058 2 
16.676 -20.364 8.76099 -1.90650 2 
19.242 -20.364 8.74251 -1.88623 2 
21.808 -20.364 8.93373 -1.73832 2 
24.373 -20.364 8.86368 -1.53518 2 
26.939 -20.364 9.08810 -1.32635 2 
29.504 -20.364 9.12903 -1.23584 2 
32.070 -20.364 9.20438 -1.16485 2 
34.636 -20.364 9.44390 -1.13597 2 
37.201 -20.364 9.16249 -1.06064 2 
39.767 -20.364 9.22668 -1.01485 2 
42.332 -20.364 9.33636 -0.95009 2 
44.898 -20.364 9.56613 -1.06200 2 
47.464 -20.364 9.51182 -0.69784 2 
50.029 -20.364 9.59271 -0.87401 2 
52.595 -20.364 9.74131 -0.87252 2 
55.160 -20.364 9.79169 -0.74113 2 
57.726 -20.364 9.89467 -0.91268 2 
60.292 -20.364 10.06425 -0.27210 2 
62.857 -20.364 10.08665 0.28482 2 
65.423 -20.364 9.55346 0.46871 2 
67.988 -20.364 9.35545 0.20328 2 
70.554 -20.364 9.16325 0.25710 2 
73.120 -20.364 9.14252 -0.16765 2 
75.685 -20.364 9.00997 -0.40639 2 
78.251 -20.364 9.33078 -0.43195 2 
80.816 -20.364 9.79519 -0.39935 2 
83.382 -20.364 9.80622 -0.12814 2 
85.948 -20.364 10.01640 -0.22395 2 
88.513 -20.364 8.60757 -0.18470 2 
91.079 -20.364 10.38832 0.24949 2 
93.644 -20.364 9.51227 0.12192 2 
96.210 -20.364 8.22457 0.38842 2 
98.776 -20.364 8.78508 1.21267 2 
101.341 -20.364 9.73746 1.53598 2 
103.907 -20.364 8.50242 1.00630 2 
106.472 -20.364 9.62830 2.69671 2 
109.038 -20.364 8.75136 2.51193 2 
111.603 -20.364 8.42084 2.12467 2 
114.169 -20.364 8.14613 1.92680 2 
116.735 -20.364 8.00704 1.93535 2 
119.300 -20.364 0.00000 -0.00000 0 
-8.980 -22.930 7.36615 -1.13708 2 
-6.414 -22.930 7.39712 -0.99526 2 
-3.848 -22.930 7.56966 -1.03803 2 
-1.283 -22.930 7.48658 -1.33845 2 
1.283 -22.930 7.67234 -1.36943 2 
3.848 -22.930 7.82804 -1.51016 2 
6.414 -22.930 7.97952 -1.63653 2 
8.980 -22.930 8.17391 -1.67542 2 
11.545 -22.930 8.22278 -1.74997 2 
14.111 -22.930 8.47749 -1.71495 2 
16.676 -22.930 8.61623 -1.66573 2 
19.242 -22.930 8.76136 -1.68240 2 
21.808 -22.930 8.83734 -1.52505 2 
24.373 -22.930 8.89800 -1.47764 2 
26.939 -22.930 9.00604 -1.41466 2 
29.504 -22.930 9.15117 -1.20545 2 
32.070 -22.930 9.04525 -1.27166 2 
34.636 -22.930 9.08883 -1.02008 2 
37.201 -22.930 9.29672 -0.90988 2 
39.767 -22.930 9.39906 -0.91274 2 
42.332 -22.930 9.36980 -0.84520 2 
44.898 -22.930 9.39572 -0.93655 2 
47.464 -22.930 9.42487 -0.89211 2 
50.029 -22.930 9.39250 -0.68545 2 
52.595 -22.930 9.60708 -0.80276 2 
55.160 -22.930 9.67045 -0.52847 2 
57.726 -22.930 9.60915 -0.39171 2 
60.292 -22.930 9.76128 -0.29670 2 
62.857 -22.930 9.74173 -0.01104 2 
65.423 -22.930 9.45121 0.02246 2 
67.988 -22.930 9.30956 0.13858 2 
70.554 -22.930 9.40349 0.10828 2 
73.120 -22.930 9.12639 -0.04443 2 
75.685 -22.930 8.97968 -0.28183 2 
78.251 -22.930 9.40749 -0.25188 2 
80.816 -22.930 9.51718 -0.44208 2 
83.382 -22.930 9.61941 -0.05717 2 
85.948 -22.930 9.77872 -0.18305 2 
88.513 -22.930 9.83623 0.13902 2 
91.079 -22.930 9.82439 0.45793 2 
93.644 -22.930 9.74117 0.35742 2 
96.210 -22.930 9.73202 0.77020 2 
98.776 -22.930 10.08575 1.08129 2 
101.341 -22.930 9.72916 1.02824 2 
103.907 -22.930 9.90146 1.63782 2 
106.472 -22.930 9.35599 2.00932 2 
109.038 -22.930 8.79233 1.93482 2 
111.603 -22.930 8.69965 1.92635 2 
114.169 -22.930 8.56638 1.62200 2 
116.735 -22.930 8.31564 1.36154 2 
119.300 -22.930 0.00000 -0.00000 0 
-8.980 -25.496 7.62922 -0.93130 2 
-6.414 -25.496 7.51697 -0.92683 2 
-3.848 -25.496 7.60041 -1.15488 2 
-1.283 -25.496 7.80592 -1.16115 2 
1.283 -25.496 7.66249 -1.24342 2 
3.848 -25.496 7.89977 -1.19789 2 
6.414 -25.496 8.08087 -1.47077 2 
8.980 -25.496 8.02686 -1.39202 2 
11.545 -25.496 8.22359 -1.50871 2 
14.111 -25.496 8.43261 -1.56574 2 
16.676 -25.496 8.55938 -1.52662 2 
19.242 -25.496 8.78420 -1.31206 2 
21.808 -25.496 8.69623 -1.34428 2 
24.373 -25.496 9.06473 -1.35057 2 
26.939 -25.496 8.87986 -1.23360 2 
29.504 -25.496 9.01020 -1.20836 2 
32.070 -25.496 9.01468 -1.07994 2 
34.636 -25.496 9.27763 -1.12467 2 
37.201 -25.496 9.20652 -0.91548 2 
39.767 -25.496 9.16463 -0.85331 2 
42.332 -25.496 9.24398 -0.79451 2 
44.898 -25.496 9.25050 -0.85470 2 
47.464 -25.496 9.33094 -0.68973 2 
50.029 -25.496 9.22864 -0.73489 2 
52.595 -25.496 9.61211 -0.62981 2 
55.160 -25.496 9.42709 -0.54936 2 
57.726 -25.496 9.59123 -0.48452 2 
60.292 -25.496 9.63445 -0.30275 2 
62.857 -25.496 9.63712 -0.22626 2 
65.423 -25.496 9.58174 0.01137 2 
67.988 -25.496 9.41986 -0.02602 2 
70.554 -25.496 9.06931 0.01371 2 
73.120 -25.496 9.23544 0.03976 2 
75.685 -25.496 9.39020 0.00750 2 
78.251 -25.496 9.25168 0.04349 2 
80.816 -25.496 9.39334 -0.16618 2 
83.382 -25.496 9.47170 0.03219 2 
85.948 -25.496 9.64473 0.11271 2 
88.513 -25.496 9.75364 0.24319 2 
91.079 -25.496 9.75075 0.49585 2 
93.644 -25.496 9.97007 0.59291 2 
96.210 -25.496 9.85277 0.90454 2 
98.776 -25.496 9.71144 0.89159 2 
101.341 -25.496 9.58408 1.07874 2 
103.907 -25.496 9.30588 1.44951 2 
106.472 -25.496 9.20375 1.43739 2 
109.038 -25.496 8.78068 1.69365 2 
111.603 -25.496 8.80061 1.49261 2 
114.169 -25.496 8.36393 1.55871 2 
116.735 -25.496 8.60160 1.50826 2 
119.300 -25.496 0.00000 -0.00000 0 
-8.980 -28.061 7.54185 -0.92097 2 
-6.414 -28.061 7.49605 -1.04667 2 
-3.848 -28.061 7.72461 -1.01448 2 
-1.283 -28.061 7.64056 -1.10809 2 
1.283 -28.061 7.87221 -1.10590 2 
3.848 -28.061 7.80417 -1.08172 2 
6.414 -28.061 8.11780 -1.42397 2 
8.980 -28.061 8.13521 -1.34910 2 
11.545 -28.061 8.28556 -1.40866 2 
14.111 -28.061 8.30327 -1.22360 2 
16.676 -28.061 8.67523 -1.32999 2 
19.242 -28.061 8.59407 -1.31796 2 
21.808 -28.061 8.77577 -1.34562 2 
24.373 -28.061 8.85649 -1.27933 2 
26.939 -28.061 8.92195 -1.21795 2 
29.504 -28.061 8.90673 -1.05694 2 
32.070 -28.061 9.06210 -1.16616 2 
34.636 -28.061 8.96955 -1.04494 2 
37.201 -28.061 9.01320 -0.95078 2 
39.767 -28.061 9.11948 -0.85530 2 
42.332 -28.061 9.14156 -0.79959 2 
44.898 -28.061 9.37004 -0.76932 2 
47.464 -28.061 8.92525 -0.69082 2 
50.029 -28.061 9.36687 -0.60052 2 
52.595 -28.061 9.18825 -0.62041 2 
55.160 -28.061 9.59877 -0.47119 2 
57.726 -28.061 9.24339 -0.32497 2 
60.292 -28.061 9.50999 -0.37764 2 
62.857 -28.061 9.34266 -0.28567 2 
65.423 -28.061 9.26560 -0.07667 2 
67.988 -28.061 9.30862 -0.13018 2 
70.554 -28.061 9.35391 -0.02988 2 
73.120 -28.061 9.27402 -0.09058 2 
75.685 -28.061 9.32569 0.00231 2 
78.251 -28.061 9.37620 -0.18397 2 
80.816 -28.061 9.37465 0.15752 2 
83.382 -28.061 9.49043 0.09314 2 
85.948 -28.061 9.55022 0.09880 2 
88.513 -28.061 9.55173 0.55527 2 
91.079 -28.061 9.79753 0.31753 2 
93.644 -28.061 9.50473 0.60761 2 
96.210 -28.061 9.44647 0.73423 2 
98.776 -28.061 9.51469 0.82303 2 
101.341 -28.061 9.44745 0.95322 2 
103.907 -28.061 9.24104 1.10781 2 
106.472 -28.061 9.03153 1.22936 2 
109.038 -28.061 8.82309 1.21323 2 
111.603 -28.061 8.60374 1.26529 2 
114.169 -28.061 8.49168 1.13003 2 
116.735 -28.061 8.66537 1.06960 2 
119.300 -28.061 0.00000 -0.00000 0 
-8.980 -30.627 7.63089 -0.86702 2 
-6.414 -30.627 7.71504 -0.98768 2 
-3.848 -30.627 7.76580 -0.98969 2 
-1.283 -30.627 7.71459 -1.03682 2 
1.283 -30.627 7.86911 -1.04128 2 
3.848 -30.627 8.08132 -1.21367 2 
6.414 -30.627 8.08154 -1.09669 2 
8.980 -30.627 8.00203 -1.21735 2 
11.545 -30.627 8.28846 -1.30918 2 
14.111 -30.627 8.39067 -1.21695 2 
16.676 -30.627 8.51339 -1.14323 2 
19.242 -30.627 8.63724 -1.39530 2 
21.808 -30.627 8.76614 -1.13145 2 
24.373 -30.627 8.84922 -1.13664 2 
26.939 -30.627 8.66185 -1.17523 2 
29.504 -30.627 8.94353 -0.90635 2 
32.070 -30.627 8.81915 -1.09678 2 
34.636 -30.627 8.89739 -0.91133 2 
37.201 -30.627 9.03449 -0.82227 2 
39.767 -30.627 9.07143 -0.76225 2 
42.332 -30.627 8.99291 -0.69849 2 
44.898 -30.627 9.19046 -0.53812 2 
47.464 -30.627 9.17076 -0.60665 2 
50.029 -30.627 9.33152 -0.77135 2 
52.595 -30.627 9.22953 -0.41234 2 
55.160 -30.627 9.26490 -0.62274 2 
57.726 -30.627 9.33110 -0.34802 2 
60.292 -30.627 9.30537 -0.32784 2 
62.857 -30.627 9.34966 -0.23433 2 
65.423 -30.627 9.48730 -0.12195 2 
67.988 -30.627 9.28519 -0.11461 2 
70.554 -30.627 9.16118 -0.15778 2 
73.120 -30.627 9.29389 -0.10674 2 
75.685 -30.627 9.27377 -0.07967 2 
78.251 -30.627 9.15272 0.06450 2 
80.816 -30.627 9.29664 -0.02029 2 
83.382 -30.627 9.37360 0.08096 2 
85.948 -30.627 9.38634 0.26827 2 
88.513 -30.627 9.41489 0.29004 2 
91.079 -30.627 9.54338 0.54834 2 
93.644 -30.627 9.41541 0.51230 2 
96.210 -30.627 9.30033 0.61910 2 
98.776 -30.627 9.42373 0.72323 2 
101.341 -30.627 9.17574 0.96080 2 
103.907 -30.627 9.09659 0.86318 2 
106.472 -30.627 9.07277 1.18680 2 
109.038 -30.627 8.89423 0.95370 2 
111.603 -30.627 8.82322 1.11547 2 
114.169 -30.627 8.54889 1.05193 2 
116.735 -30.627 8.86329 1.04661 2 
119.300 -30.627 0.00000 -0.00000 0 
-8.980 -33.192 7.51449 -0.83856 2 
-6.414 -33.192 7.66767 -0.92414 2 
-3.848 -33.192 7.93753 -0.89192 2 
-1.283 -33.192 7.95075 -1.10453 2 
1.283 -33.192 7.96645 -1.07684 2 
3.848 -33.192 8.12967 -0.98837 2 
6.414 -33.192 8.04187 -1.18496 2 
8.980 -33.192 8.13301 -1.07789 2 
11.545 -33.192 8.51213 -1.00446 2 
14.111 -33.192 8.37231 -1.23256 2 
16.676 -33.192 8.39675 -1.20576 2 
19.242 -33.192 8.52296 -1.01134 2 
21.808 -33.192 8.49482 -1.19164 2 
24.373 -33.192 8.69031 -1.01748 2 
26.939 -33.192 8.79959 -1.07182 2 
29.504 -33.192 8.80050 -0.94927 2 
32.070 -33.192 8.82867 -0.94812 2 
34.636 -33.192 9.05913 -0.89699 2 
37.201 -33.192 8.94159 -0.87557 2 
39.767 -33.192 8.95776 -0.92456 2 
42.332 -33.192 9.11021 -0.74756 2 
44.898 -33.192 9.13604 -0.86131 2 
47.464 -33.192 8.98792 -0.71501 2 
50.029 -33.192 9.06743 -0.52702 2 
52.595 -33.192 9.14722 -0.68037 2 
55.160 -33.192 9.19613 -0.48977 2 
57.726 -33.192 9.25302 -0.38261 2 
60.292 -33.192 9.22500 -0.37599 2 
62.857 -33.192 9.07594 -0.37858 2 
65.423 -33.192 9.23509 -0.13598 2 
67.988 -33.192 9.26219 -0.30212 2 
70.554 -33.192 9.12631 -0.08937 2 
73.120 -33.192 9.14775 -0.06758 2 
75.685 -33.192 9.20514 0.00724 2 
78.251 -33.192 9.29990 0.08590 2 
80.816 -33.192 9.30906 0.06142 2 
83.382 -33.192 9.33669 0.19209 2 
85.948 -33.192 9.21718 0.31845 2 
88.513 -33.192 9.34158 0.42887 2 
91.079 -33.192 9.32626 0.44860 2 
93.644 -33.192 9.38741 0.44402 2 
96.210 -33.192 9.23294 0.67354 2 
98.776 -33.192 9.35129 0.72136 2 
101.341 -33.192 8.96762 0.82399 2 
103.907 -33.192 9.06597 0.89673 2 
106.472 -33.192 8.96175 0.91956 2 
109.038 -33.192 8.74939 0.95450 2 
111.603 -33.192 8.71727 0.94571 2 
114.169 -33.192 8.60780 1.15523 2 
116.735 -33.192 8.66647 0.83081 2 
119.300 -33.192 0.00000 -0.00000 0 
-8.980 -35.758 7.76287 -0.92312 2 
-6.414 -35.758 7.81927 -0.88808 2 
-3.848 -35.758 7.88429 -0.93455 2 
-1.283 -35.758 7.91574 -0.99121 2 
1.283 -35.758 8.10879 -0.93362 2 
3.848 -35.758 8.02170 -1.08248 2 
6.414 -35.758 8.26014 -1.07580 2 
8.980 -35.758 8.28466 -0.95912 2 
11.545 -35.758 8.21276 -1.24815 2 
14.111 -35.758 8.52205 -0.96687 2 
16.676 -35.758 8.41748 -1.06283 2 
19.242 -35.758 8.54866 -1.21197 2 
21.808 -35.758 8.60988 -1.16214 2 
24.373 -35.758 8.75108 -0.82829 2 
26.939 -35.758 8.82697 -1.07776 2 
29.504 -35.758 8.71964 -0.94865 2 
32.070 -35.758 8.93770 -0.89115 2 
34.636 -35.758 8.64738 -0.88293 2 
37.201 -35.758 8.81984 -0.87641 2 
39.767 -35.758 9.12753 -0.77580 2 
42.332 -35.758 8.98317 -0.68753 2 
44.898 -35.758 8.95170 -0.65833 2 
47.464 -35.758 9.18787 -0.64856 2 
50.029 -35.758 9.03115 -0.55001 2 
52.595 -35.758 9.22574 -0.53735 2 
55.160 -35.758 9.22652 -0.48808 2 
57.726 -35.758 8.97102 -0.47694 2 
60.292 -35.758 9.23445 -0.41013 2 
62.857 -35.758 9.08552 -0.34116 2 
65.423 -35.758 9.18799 -0.15893 2 
67.988 -35.758 9.17280 -0.08046 2 
70.554 -35.758 9.03777 -0.00869 2 
73.120 -35.758 9.13922 -0.10285 2 
75.685 -35.758 9.16610 0.13167 2 
78.251 -35.758 9.17859 -0.16093 2 
80.816 -35.758 9.22731 0.16444 2 
83.382 -35.758 9.20975 0.04750 2 
85.948 -35.758 9.18262 0.31266 2 
88.513 -35.758 9.33843 0.30249 2 
91.079 -35.758 9.15058 0.56816 2 
93.644 -35.758 9.16636 0.56441 2 
96.210 -35.758 9.23579 0.74874 2 
98.776 -35.758 9.02139 0.61123 2 
101.341 -35.758 9.19693 0.74134 2 
103.907 -35.758 8.94688 0.87351 2 
106.472 -35.758 8.90435 0.85740 2 
109.038 -35.758 8.93719 0.78747 2 
111.603 -35.758 8.66039 0.94161 2 
114.169 -35.758 8.65763 0.87596 2 
116.735 -35.758 8.68152 0.94586 2 
119.300 -35.758 0.00000 -0.00000 0 
-8.980 -38.324 8.05332 -0.82766 2 
-6.414 -38.324 7.74857 -0.78492 2 
-3.848 -38.324 7.95334 -0.89944 2 
-1.283 -38.324 8.01225 -0.86872 2 
1.283 -38.324 8.08448 -0.84289 2 
3.848 -38.324 8.04963 -0.92175 2 
6.414 -38.324 8.21232 -0.89378 2 
8.980 -38.324 8.16545 -1.13085 2 
11.545 -38.324 8.32650 -0.85250 2 
14.111 -38.324 8.41881 -0.96171 2 
16.676 -38.324 8.51035 -1.02015 2 
19.242 -38.324 8.61235 -0.86782 2 
21.808 -38.324 8.59637 -0.88117 2 
24.373 -38.324 8.67272 -0.99636 2 
26.939 -38.324 8.70298 -0.85791 2 
29.504 -38.324 8.63842 -0.92303 2 
32.070 -38.324 8.79787 -0.89191 2 
34.636 -38.324 8.88148 -0.77998 2 
37.201 -38.324 8.94392 -0.70627 2 
39.767 -38.324 8.84362 -0.81384 2 
42.332 -38.324 8.93612 -0.73106 2 
44.898 -38.324 8.96686 -0.53053 2 
47.464 -38.324 9.08215 -0.68610 2 
50.029 -38.324 8.93865 -0.71902 2 
52.595 -38.324 9.03430 -0.49514 2 
55.160 -38.324 9.06204 -0.54856 2 
57.726 -38.324 9.26302 -0.29038 2 
60.292 -38.324 9.07911 -0.23120 2 
62.857 -38.324 9.33002 -0.31681 2 
65.423 -38.324 9.06506 -0.35842 2 
67.988 -38.324 9.07398 -0.30577 2 
70.554 -38.324 9.21859 -0.10472 2 
73.120 -38.324 9.12624 0.05950 2 
75.685 -38.324 9.22356 -0.09634 2 
78.251 -38.324 9.19357 0.17168 2 
80.816 -38.324 9.07143 0.18680 2 
83.382 -38.324 9.22550 0.28944 2 
85.948 -38.324 9.12400 0.20331 2 
88.513 -38.324 9.19236 0.24258 2 
91.079 -38.324 9.16725 0.39920 2 
93.644 -38.324 9.19131 0.56842 2 
96.210 -38.324 8.94165 0.49214 2 
98.776 -38.324 9.11636 0.76710 2 
101.341 -38.324 9.00074 0.61797 2 
103.907 -38.324 8.84814 0.65249 2 
106.472 -38.324 8.95926 0.77036 2 
109.038 -38.324 8.76170 0.82302 2 
111.603 -38.324 8.67011 0.87589 2 
114.169 -38.324 8.72139 0.80981 2 
116.735 -38.324 8.69657 1.06090 2 
119.300 -38.324 0.00000 -0.00000 0 
-8.980 -40.889 7.90746 -0.78835 2 
-6.414 -40.889 7.90234 -0.76045 2 
-3.848 -40.889 7.98681 -0.91092 2 
-1.283 -40.889 7.99614 -0.80402 2 
1.283 -40.889 8.02710 -0.98983 2 
3.848 -40.889 8.26927 -0.92783 2 
6.414 -40.889 8.16969 -0.90482 2 
8.980 -40.889 8.33410 -0.80678 2 
11.545 -40.889 8.34989 -1.00871 2 
14.111 -40.889 8.33456 -0.92743 2 
16.676 -40.889 8.34808 -0.76619 2 
19.242 -40.889 8.51041 -0.99264 2 
21.808 -40.889 8.59199 -0.92517 2 
24.373 -40.889 8.70937 -0.86547 2 
26.939 -40.889 8.70583 -0.94092 2 
29.504 -40.889 8.73377 -0.82733 2 
32.070 -40.889 8.83339 -0.94294 2 
34.636 -40.889 8.86426 -0.80722 2 
37.201 -40.889 8.84923 -0.62104 2 
39.767 -40.889 8.79679 -0.71577 2 
42.332 -40.889 8.96452 -0.82369 2 
44.898 -40.889 8.94543 -0.59601 2 
47.464 -40.889 9.04877 -0.73728 2 
50.029 -40.889 9.01470 -0.51343 2 
52.595 -40.889 9.01034 -0.43493 2 
55.160 -40.889 9.03250 -0.42881 2 
57.726 -40.889 9.03204 -0.28672 2 
60.292 -40.889 9.02915 -0.33697 2 
62.857 -40.889 8.90142 -0.25614 2 
65.423 -40.889 9.04487 -0.05897 2 
67.988 -40.889 9.05081 -0.18031 2 
70.554 -40.889 8.99403 -0.12561 2 
73.120 -40.889 9.06685 0.09759 2 
75.685 -40.889 9.04403 -0.06231 2 
78.251 -40.889 8.99103 0.04126 2 
80.816 -40.889 9.16004 0.05606 2 
83.382 -40.889 8.97266 0.14110 2 
85.948 -40.889 9.12621 0.32575 2 
88.513 -40.889 9.16500 0.41738 2 
91.079 -40.889 9.11872 0.46496 2 
93.644 -40.889 9.10793 0.40942 2 
96.210 -40.889 9.08110 0.38902 2 
98.776 -40.889 9.05041 0.61005 2 
101.341 -40.889 8.98246 0.74885 2 
103.907 -40.889 8.98516 0.65869 2 
106.472 -40.889 8.80045 0.79560 2 
109.038 -40.889 8.62429 0.76687 2 
111.603 -40.889 8.68250 0.61433 2 
114.169 -40.889 8.63324 0.79593 2 
116.735 -40.889 8.79193 0.96010 2 
119.300 -40.889 0.00000 -0.00000 0 
-8.980 -43.455 7.91784 -0.80347 2 
-6.414 -43.455 7.90653 -0.80522 2 
-3.848 -43.455 8.03876 -0.70967 2 
-1.283 -43.455 7.97140 -0.88933 2 
1.283 -43.455 8.07559 -0.74047 2 
3.848 -43.455 8.02241 -0.85231 2 
6.414 -43.455 8.09513 -0.82351 2 
8.980 -43.455 8.26929 -0.90679 2 
11.545 -43.455 8.40271 -0.79978 2 
14.111 -43.455 8.52799 -0.89975 2 
16.676 -43.455 8.59077 -0.87848 2 
19.242 -43.455 8.46520 -0.80559 2 
21.808 -43.455 8.67412 -0.85376 2 
24.373 -43.455 8.53380 -0.82336 2 
26.939 -43.455 8.71021 -0.76817 2 
29.504 -43.455 8.69904 -0.92881 2 
32.070 -43.455 8.78361 -0.75099 2 
34.636 -43.455 8.90477 -0.82092 2 
37.201 -43.455 8.70344 -0.74763 2 
39.767 -43.455 8.97689 -0.63732 2 
42.332 -43.455 8.83839 -0.59740 2 
44.898 -43.455 8.79910 -0.74344 2 
47.464 -43.455 8.84953 -0.50172 2 
50.029 -43.455 8.80844 -0.48263 2 
52.595 -43.455 9.02014 -0.50751 2 
55.160 -43.455 8.96387 -0.48494 2 
57.726 -43.455 8.94368 -0.39311 2 
60.292 -43.455 8.88171 -0.29328 2 
62.857 -43.455 9.10804 -0.20874 2 
65.423 -43.455 8.94284 -0.34057 2 
67.988 -43.455 8.97003 0.05170 2 
70.554 -43.455 9.08512 -0.09921 2 
73.120 -43.455 8.90605 -0.08318 2 
75.685 -43.455 9.00552 0.16012 2 
78.251 -43.455 8.89060 0.07961 2 
80.816 -43.455 9.11546 0.00598 2 
83.382 -43.455 9.10763 0.14854 2 
85.948 -43.455 9.07429 0.13612 2 
88.513 -43.455 9.02235 0.28316 2 
91.079 -43.455 9.02368 0.33330 2 
93.644 -43.455 9.02510 0.42312 2 
96.210 -43.455 8.98923 0.40030 2 
98.776 -43.455 9.00811 0.58170 2 
101.341 -43.455 8.97433 0.66823 2 
103.907 -43.455 8.75960 0.67226 2 
106.472 -43.455 8.90231 0.67310 2 
109.038 -43.455 8.75429 0.68017 2 
111.603 -43.455 8.57273 0.79445 2 
114.169 -43.455 8.70138 0.82884 2 
116.735 -43.455 8.88729 0.85929 2 
119.300 -43.455 0.00000 -0.00000 0 
-8.980 -46.020 7.91009 -0.76452 2 
-6.414 -46.020 7.88420 -0.75029 2 
-3.848 -46.020 7.95023 -0.85464 2 
-1.283 -46.020 8.07642 -0.83151 2 
1.283 -46.020 8.10912 -0.77160 2 
3.848 -46.020 8.24485 -0.83220 2 
6.414 -46.020 8.22107 -0.84981 2 
8.980 -46.020 8.12120 -0.78616 2 
11.545 -46.020 8.31171 -0.90808 2 
14.111 -46.020 8.37902 -0.97781 2 
16.676 -46.020 8.40516 -0.83502 2 
19.242 -46.020 8.47644 -0.80057 2 
21.808 -46.020 8.66886 -0.80238 2 
24.373 -46.020 8.73850 -0.84516 2 
26.939 -46.020 8.69707 -0.82584 2 
29.504 -46.020 8.71439 -0.80267 2 
32.070 -46.020 8.79989 -0.62987 2 
34.636 -46.020 8.74778 -0.76674 2 
37.201 -46.020 8.82237 -0.71805 2 
39.767 -46.020 8.86328 -0.57436 2 
42.332 -46.020 8.82334 -0.79803 2 
44.898 -46.020 8.89523 -0.55167 2 
47.464 -46.020 8.81970 -0.48676 2 
50.029 -46.020 9.01507 -0.42860 2 
52.595 -46.020 8.89636 -0.43129 2 
55.160 -46.020 8.93598 -0.31092 2 
57.726 -46.020 9.02161 -0.35067 2 
60.292 -46.020 8.95098 -0.19059 2 
62.857 -46.020 9.04246 -0.30369 2 
65.423 -46.020 8.78569 -0.23512 2 
67.988 -46.020 9.10418 -0.10885 2 
70.554 -46.020 8.92058 -0.10398 2 
73.120 -46.020 9.04177 0.07647 2 
75.685 -46.020 8.99272 0.12442 2 
78.251 -46.020 9.05217 -0.01461 2 
80.816 -46.020 8.99805 0.03528 2 
83.382 -46.020 8.87161 0.31885 2 
85.948 -46.020 9.06003 0.26131 2 
88.513 -46.020 8.93738 0.47500 2 
91.079 -46.020 8.87164 0.38344 2 
93.644 -46.020 8.90766 0.52666 2 
96.210 -46.020 8.84494 0.52570 2 
98.776 -46.020 8.86355 0.53649 2 
101.341 -46.020 8.75404 0.59231 2 
103.907 -46.020 8.72984 0.63272 2 
106.472 -46.020 8.74593 0.53213 2 
109.038 -46.020 8.63459 0.69785 2 
111.603 -46.020 8.71565 0.65891 2 
114.169 -46.020 8.53506 0.64738 2 
116.735 -46.020 8.80256 0.79415 2 
119.300 -46.020 0.00000 -0.00000 0 
-8.980 -48.586 7.92799 -0.63511 2 
-6.414 -48.586 7.96733 -0.79606 2 
-3.848 -48.586 7.87153 -0.78168 2 
-1.283 -48.586 7.97245 -0.72435 2 
1.283 -48.586 8.12952 -0.84434 2 
3.848 -48.586 8.01296 -0.69716 2 
6.414 -48.586 8.16652 -0.85712 2 
8.980 -48.586 8.35108 -0.83806 2 
11.545 -48.586 8.28141 -0.73742 2 
14.111 -48.586 8.28903 -0.80764 2 
16.676 -48.586 8.53534 -0.81119 2 
19.242 -48.586 8.42656 -0.65640 2 
21.808 -48.586 8.54184 -0.92026 2 
24.373 -48.586 8.55255 -0.82081 2 
26.939 -48.586 8.80479 -0.63525 2 
29.504 -48.586 8.67818 -0.77427 2 
32.070 -48.586 8.64649 -0.77259 2 
34.636 -48.586 8.89665 -0.73951 2 
37.201 -48.586 8.59040 -0.61151 2 
39.767 -48.586 8.85268 -0.62513 2 
42.332 -48.586 8.78676 -0.60854 2 
44.898 -48.586 8.89132 -0.43107 2 
47.464 -48.586 8.84871 -0.63289 2 
50.029 -48.586 8.88576 -0.56840 2 
52.595 -48.586 8.95045 -0.47696 2 
55.160 -48.586 8.83577 -0.40496 2 
57.726 -48.586 8.91811 -0.27417 2 
60.292 -48.586 8.84247 -0.19946 2 
62.857 -48.586 9.00587 -0.34455 2 
65.423 -48.586 8.92698 -0.23563 2 
67.988 -48.586 8.93055 -0.05094 2 
70.554 -48.586 8.92978 -0.08048 2 
73.120 -48.586 8.97327 0.04987 2 
75.685 -48.586 9.00974 0.18540 2 
78.251 -48.586 8.93537 0.10718 2 
80.816 -48.586 8.88460 0.30107 2 
83.382 -48.586 8.98788 0.27467 2 
85.948 -48.586 9.02785 0.11178 2 
88.513 -48.586 8.96985 0.18836 2 
91.079 -48.586 8.88922 0.29388 2 
93.644 -48.586 8.85148 0.49807 2 
96.210 -48.586 8.99470 0.41209 2 
98.776 -48.586 8.77778 0.47857 2 
101.341 -48.586 8.89775 0.50739 2 
103.907 -48.586 8.75760 0.63587 2 
106.472 -48.586 8.74625 0.62529 2 
109.038 -48.586 8.71720 0.67218 2 
111.603 -48.586 8.56090 0.67424 2 
114.169 -48.586 8.67484 0.64406 2 
116.735 -48.586 8.71782 0.72901 2 
119.300 -48.586 0.00000 -0.00000 0 
-8.980 -51.152 7.87018 -0.64057 2 
-6.414 -51.152 7.98487 -0.71172 2 
-3.848 -51.152 8.00945 -0.76612 2 
-1.283 -51.152 8.09937 -0.67306 2 
1.283 -51.152 8.00276 -0.79780 2 
3.848 -51.152 8.29391 -0.68423 2 
6.414 -51.152 8.24896 -0.68187 2 
8.980 -51.152 8.26576 -0.86923 2 
11.545 -51.152 8.42091 -0.73056 2 
14.111 -51.152 8.42800 -0.77778 2 
16.676 -51.152 8.35898 -0.74640 2 
19.242 -51.152 8.55050 -0.82036 2 
21.808 -51.152 8.48665 -0.57747 2 
24.373 -51.152 8.52462 -0.72059 2 
26.939 -51.152 8.50737 -0.67011 2 
29.504 -51.152 8.70289 -0.73754 2 
32.070 -51.152 8.67323 -0.58348 2 
34.636 -51.152 8.63568 -0.62730 2 
37.201 -51.152 8.72221 -0.62582 2 
39.767 -51.152 8.68859 -0.61225 2 
42.332 -51.152 8.85510 -0.53954 2 
44.898 -51.152 8.74003 -0.53804 2 
47.464 -51.152 8.87452 -0.45228 2 
50.029 -51.152 8.72166 -0.25729 2 
52.595 -51.152 8.96130 -0.32943 2 
55.160 -51.152 8.88028 -0.25863 2 
57.726 -51.152 8.82063 -0.22346 2 
60.292 -51.152 9.02222 -0.15038 2 
62.857 -51.152 8.93371 -0.29776 2 
65.423 -51.152 8.83165 -0.09166 2 
67.988 -51.152 8.90846 -0.12170 2 
70.554 -51.152 8.83569 -0.12157 2 
73.120 -51.152 8.98291 -0.12585 2 
75.685 -51.152 8.91896 0.08501 2 
78.251 -51.152 8.84889 0.12084 2 
80.816 -51.152 8.92685 0.12634 2 
83.382 -51.152 8.84609 0.15488 2 
85.948 -51.152 8.88394 0.22634 2 
88.513 -51.152 8.79548 0.25482 2 
91.079 -51.152 8.83862 0.36650 2 
93.644 -51.152 8.90330 0.35868 2 
96.210 -51.152 8.81842 0.44033 2 
98.776 -51.152 8.80386 0.41460 2 
101.341 -51.152 8.81466 0.47733 2 
103.907 -51.152 8.70513 0.50921 2 
106.472 -51.152 8.77457 0.57868 2 
109.038 -51.152 8.52091 0.56129 2 
111.603 -51.152 8.73461 0.55046 2 
114.169 -51.152 8.69902 0.77676 2 
116.735 -51.152 9.10497 0.66842 2 
119.300 -51.152 0.00000 -0.00000 0 
-8.980 -53.717 7.99287 -0.67036 2 
-6.414 -53.717 8.29314 -0.69912 2 
-3.848 -53.717 8.09413 -0.74003 2 
-1.283 -53.717 8.19764 -0.78728 2 
1.283 -53.717 8.15011 -0.71954 2 
3.848 -53.717 8.19477 -0.84201 2 
6.414 -53.717 8.27575 -0.87324 2 
8.980 -53.717 8.33536 -0.68674 2 
11.545 -53.717 8.29315 -0.77123 2 
14.111 -53.717 8.34096 -0.82040 2 
16.676 -53.717 8.30475 -0.72307 2 
19.242 -53.717 8.59069 -0.75449 2 
21.808 -53.717 8.44313 -0.87711 2 
24.373 -53.717 8.64119 -0.64986 2 
26.939 -53.717 8.59319 -0.73900 2 
29.504 -53.717 8.65997 -0.77149 2 
32.070 -53.717 8.63137 -0.67019 2 
34.636 -53.717 8.72110 -0.51740 2 
37.201 -53.717 8.75190 -0.70915 2 
39.767 -53.717 8.78844 -0.60758 2 
42.332 -53.717 8.73770 -0.53627 2 
44.898 -53.717 8.82331 -0.51356 2 
47.464 -53.717 8.79949 -0.50236 2 
50.029 -53.717 8.86300 -0.40496 2 
52.595 -53.717 8.76216 -0.49441 2 
55.160 -53.717 8.92055 -0.45587 2 
57.726 -53.717 8.78751 -0.32714 2 
60.292 -53.717 8.79052 -0.35559 2 
62.857 -53.717 8.84473 -0.14666 2 
65.423 -53.717 8.84162 -0.16642 2 
67.988 -53.717 8.86235 -0.04939 2 
70.554 -53.717 8.84299 -0.17824 2 
73.120 -53.717 8.87954 0.03036 2 
75.685 -53.717 8.97407 0.01096 2 
78.251 -53.717 8.86552 0.14050 2 
80.816 -53.717 8.81938 -0.04614 2 
83.382 -53.717 8.90613 0.26358 2 
85.948 -53.717 8.85652 0.28703 2 
88.513 -53.717 8.79251 0.24040 2 
91.079 -53.717 8.77473 0.26551 2 
93.644 -53.717 8.84898 0.34769 2 
96.210 -53.717 8.79291 0.46380 2 
98.776 -53.717 8.72668 0.56303 2 
101.341 -53.717 8.79819 0.49575 2 
103.907 -53.717 9.01028 0.74694 2 
106.472 -53.717 9.11849 0.37035 2 
109.038 -53.717 9.00823 0.67263 2 
111.603 -53.717 8.83925 0.55606 2 
114.169 -53.717 9.34753 0.87063 2 
116.735 -53.717 8.81649 0.42164 2 
119.300 -53.717 0.00000 -0.00000 0 
-8.980 -56.283 0.00000 -0.00000 0 
-6.414 -56.283 0.00000 -0.00000 0 
-3.848 -56.283 8.17524 -0.53606 2 
-1.283 -56.283 8.04916 -0.43951 2 
1.283 -56.283 8.18682 -0.40133 2 
3.848 -56.283 8.31194 -0.44195 2 
6.414 -56.283 8.14061 -0.56894 2 
8.980 -56.283 8.24628 -0.50235 2 
11.545 -56.283 8.26653 -0.52865 2 
14.111 -56.283 8.38325 -0.45089 2 
16.676 -56.283 8.46135 -0.42958 2 
19.242 -56.283 8.53945 -0.40826 2 
21.808 -56.283 8.58523 -0.38706 2 
24.373 -56.283 8.60036 -0.36227 2 
26.939 -56.283 8.65420 -0.34848 2 
29.504 -56.283 8.70803 -0.33468 2 
32.070 -56.283 8.57780 -0.32222 2 
34.636 -56.283 8.56324 -0.41445 2 
37.201 -56.283 8.63158 -0.31905 2 
39.767 -56.283 8.69992 -0.22365 2 
42.332 -56.283 8.63247 -0.30769 2 
44.898 -56.283 8.68523 -0.22188 2 
47.464 -56.283 8.73798 -0.13608 2 
50.029 -56.283 8.77586 0.03282 2 
52.595 -56.283 8.84506 -0.20745 2 
55.160 -56.283 8.75759 0.06844 2 
57.726 -56.283 8.87860 -0.00993 2 
60.292 -56.283 8.70836 -0.16977 2 
62.857 -56.283 8.91550 -0.23801 2 
65.423 -56.283 8.83763 -0.21278 2 
67.988 -56.283 8.87406 -0.21462 2 
70.554 -56.283 8.80238 -0.12425 2 
73.120 -56.283 8.86442 -0.04430 2 
75.685 -56.283 8.85541 -0.01392 2 
78.251 -56.283 8.84057 0.08731 2 
80.816 -56.283 8.81957 0.12931 2 
83.382 -56.283 8.87212 0.13152 2 
85.948 -56.283 8.75186 0.15342 2 
88.513 -56.283 8.96656 0.16816 2 
91.079 -56.283 8.65183 0.05029 2 
93.644 -56.283 8.80564 0.11896 2 
96.210 -56.283 8.66909 0.10960 2 
98.776 -56.283 8.53255 0.10025 2 
101.341 -56.283 8.39601 0.09090 2 
103.907 -56.283 8.25947 0.08154 2 
106.472 -56.283 8.12293 0.07219 2 
109.038 -56.283 7.98639 0.06283 2 
111.603 -56.283 7.84984 0.05348 2 
114.169 -56.283 7.71330 0.04412 1 
116.735 -56.283 8.52801 0.17486 1 
119.300 -56.283 0.00000 -0.00000 0 
