TITLE = "B00047"
VARIABLES = "X [mm]", "Y [mm]", "Vx [m/s]", "Vy [m/s]", "Flag"
ZONE T="Frame 1", I=51, J=39, F=POINT
-8.980 41.210 7.28560 0.35822 2 
-6.414 41.210 7.21983 0.47107 2 
-3.848 41.210 7.38068 0.31636 2 
-1.283 41.210 7.07474 0.36320 2 
1.283 41.210 7.49792 0.68724 2 
3.848 41.210 0.00000 -0.00000 0 
6.414 41.210 0.00000 -0.00000 0 
8.980 41.210 0.00000 -0.00000 0 
11.545 41.210 0.00000 -0.00000 0 
14.111 41.210 0.00000 -0.00000 0 
16.676 41.210 0.00000 -0.00000 0 
19.242 41.210 3.92223 0.54329 2 
21.808 41.210 7.84446 1.08657 2 
24.373 41.210 7.28416 0.80818 2 
26.939 41.210 7.45121 0.90475 2 
29.504 41.210 7.48882 0.71436 2 
32.070 41.210 7.62847 0.83692 2 
34.636 41.210 7.45335 0.89672 2 
37.201 41.210 7.73432 0.68624 2 
39.767 41.210 7.60031 1.01444 2 
42.332 41.210 7.80328 0.58879 2 
44.898 41.210 7.86594 0.78904 2 
47.464 41.210 7.94024 1.05761 2 
50.029 41.210 7.99484 0.87170 2 
52.595 41.210 8.04944 0.68579 2 
55.160 41.210 8.23056 0.73381 2 
57.726 41.210 8.12354 0.79508 2 
60.292 41.210 8.20196 0.55461 2 
62.857 41.210 8.20679 0.65307 2 
65.423 41.210 8.35425 0.76716 2 
67.988 41.210 8.35940 0.54115 2 
70.554 41.210 8.47198 0.62652 2 
73.120 41.210 8.58456 0.71190 2 
75.685 41.210 8.29395 0.52135 2 
78.251 41.210 8.31720 0.38892 2 
80.816 41.210 0.00000 0.00000 0 
83.382 41.210 8.60397 0.45295 2 
85.948 41.210 8.64382 0.43570 2 
88.513 41.210 8.63878 0.06925 2 
91.079 41.210 8.56919 0.35797 2 
93.644 41.210 8.70429 0.22926 2 
96.210 41.210 8.40170 -0.12269 2 
98.776 41.210 8.69411 0.06218 2 
101.341 41.210 8.59539 -0.47092 2 
103.907 41.210 8.49232 -0.33890 2 
106.472 41.210 8.56435 -0.23174 2 
109.038 41.210 8.45103 -0.44420 2 
111.603 41.210 8.31835 -0.49374 2 
114.169 41.210 0.00000 -0.00000 0 
116.735 41.210 0.00000 -0.00000 0 
119.300 41.210 0.00000 -0.00000 0 
-8.980 38.644 7.16700 0.38436 2 
-6.414 38.644 7.25076 0.32043 2 
-3.848 38.644 7.04301 0.31393 2 
-1.283 38.644 7.17461 0.38558 2 
1.283 38.644 7.53552 0.78460 2 
3.848 38.644 0.00000 -0.00000 0 
6.414 38.644 0.00000 -0.00000 0 
8.980 38.644 0.00000 -0.00000 0 
11.545 38.644 0.00000 -0.00000 0 
14.111 38.644 0.00000 -0.00000 0 
16.676 38.644 0.00000 -0.00000 0 
19.242 38.644 3.96909 0.28102 2 
21.808 38.644 7.93819 0.56204 2 
24.373 38.644 7.42138 0.81440 2 
26.939 38.644 7.51390 0.81074 2 
29.504 38.644 7.56985 0.85101 2 
32.070 38.644 7.55710 1.02896 2 
34.636 38.644 7.69622 0.80662 2 
37.201 38.644 7.64661 0.85523 2 
39.767 38.644 7.79701 0.90467 2 
42.332 38.644 7.53922 0.92105 2 
44.898 38.644 7.84061 0.79026 2 
47.464 38.644 7.83235 0.94669 2 
50.029 38.644 7.82377 0.74931 2 
52.595 38.644 8.15224 0.89388 2 
55.160 38.644 8.10757 0.97795 2 
57.726 38.644 7.96603 0.90940 2 
60.292 38.644 8.37712 0.80977 2 
62.857 38.644 8.16611 0.75045 2 
65.423 38.644 8.41251 0.82214 2 
67.988 38.644 8.48225 0.61298 2 
70.554 38.644 8.52594 0.55537 2 
73.120 38.644 8.44651 0.77454 2 
75.685 38.644 8.72436 0.53847 2 
78.251 38.644 8.53827 0.54098 2 
80.816 38.644 0.00000 0.00000 0 
83.382 38.644 8.60025 0.45705 2 
85.948 38.644 8.70009 0.39391 2 
88.513 38.644 8.53912 0.22190 2 
91.079 38.644 8.94376 0.13547 2 
93.644 38.644 8.66423 0.11973 2 
96.210 38.644 8.88046 -0.07623 2 
98.776 38.644 8.59855 -0.40324 2 
101.341 38.644 8.49445 -0.15337 2 
103.907 38.644 8.58591 -0.24528 2 
106.472 38.644 8.49531 -0.28238 2 
109.038 38.644 8.18968 -0.48685 2 
111.603 38.644 8.38572 -0.51277 2 
114.169 38.644 8.38482 -0.44961 2 
116.735 38.644 8.66460 -0.61316 2 
119.300 38.644 0.00000 -0.00000 0 
-8.980 36.079 7.03685 0.34438 2 
-6.414 36.079 7.23443 0.42403 2 
-3.848 36.079 7.17705 0.37927 2 
-1.283 36.079 7.05315 0.44169 2 
1.283 36.079 8.01014 0.54920 2 
3.848 36.079 0.00000 -0.00000 0 
6.414 36.079 0.00000 -0.00000 0 
8.980 36.079 0.00000 -0.00000 0 
11.545 36.079 0.00000 -0.00000 0 
14.111 36.079 0.00000 -0.00000 0 
16.676 36.079 0.00000 -0.00000 0 
19.242 36.079 4.07840 0.49979 2 
21.808 36.079 8.15679 0.99959 2 
24.373 36.079 7.22008 0.75643 2 
26.939 36.079 7.50678 0.80643 2 
29.504 36.079 7.28352 0.92400 2 
32.070 36.079 7.51478 0.76476 2 
34.636 36.079 7.62881 0.97871 2 
37.201 36.079 7.48698 0.98518 2 
39.767 36.079 7.78212 0.73040 2 
42.332 36.079 7.75184 1.15797 2 
44.898 36.079 7.81528 0.79149 2 
47.464 36.079 7.92746 0.88163 2 
50.029 36.079 7.82128 0.99863 2 
52.595 36.079 8.14936 0.93406 2 
55.160 36.079 8.22119 1.05291 2 
57.726 36.079 8.22626 0.90677 2 
60.292 36.079 8.27488 0.85832 2 
62.857 36.079 8.28176 0.85175 2 
65.423 36.079 8.68807 0.70327 2 
67.988 36.079 8.41576 0.80379 2 
70.554 36.079 8.71745 0.86747 2 
73.120 36.079 8.60160 0.64215 2 
75.685 36.079 8.69318 0.63332 2 
78.251 36.079 8.71412 0.63966 2 
80.816 36.079 0.00000 0.00000 0 
83.382 36.079 8.80251 0.44133 2 
85.948 36.079 8.86072 0.43142 2 
88.513 36.079 8.94485 0.37466 2 
91.079 36.079 8.71878 0.08193 2 
93.644 36.079 8.62612 -0.12701 2 
96.210 36.079 8.61305 0.09535 2 
98.776 36.079 9.06355 -0.15941 2 
101.341 36.079 8.53124 -0.37570 2 
103.907 36.079 8.62679 -0.76700 2 
106.472 36.079 8.58038 -0.44116 2 
109.038 36.079 8.43535 -0.55496 2 
111.603 36.079 8.39222 -0.41240 2 
114.169 36.079 8.33562 -0.74976 2 
116.735 36.079 8.73440 -0.81018 2 
119.300 36.079 0.00000 -0.00000 0 
-8.980 33.513 7.29732 0.35692 2 
-6.414 33.513 7.13683 0.32428 2 
-3.848 33.513 7.17737 0.33412 2 
-1.283 33.513 7.04483 0.38027 2 
1.283 33.513 7.41628 0.35642 2 
3.848 33.513 0.00000 -0.00000 0 
6.414 33.513 0.00000 -0.00000 0 
8.980 33.513 0.00000 -0.00000 0 
11.545 33.513 0.00000 -0.00000 0 
14.111 33.513 0.00000 -0.00000 0 
16.676 33.513 0.00000 -0.00000 0 
19.242 33.513 1.44173 0.10926 2 
21.808 33.513 7.79015 0.83320 2 
24.373 33.513 7.28412 0.92736 2 
26.939 33.513 7.60227 0.94820 2 
29.504 33.513 7.35670 0.82143 2 
32.070 33.513 7.53606 1.09092 2 
34.636 33.513 7.52627 0.95998 2 
37.201 33.513 7.66165 1.04489 2 
39.767 33.513 7.65401 0.92694 2 
42.332 33.513 7.74049 1.14248 2 
44.898 33.513 7.90043 0.98483 2 
47.464 33.513 7.71663 1.10259 2 
50.029 33.513 7.95370 0.87137 2 
52.595 33.513 7.92733 0.82267 2 
55.160 33.513 8.07745 0.95503 2 
57.726 33.513 8.27845 0.91982 2 
60.292 33.513 8.47575 0.93314 2 
62.857 33.513 8.48597 1.01324 2 
65.423 33.513 8.42965 0.90623 2 
67.988 33.513 8.57898 0.95128 2 
70.554 33.513 8.34754 0.78627 2 
73.120 33.513 8.86796 0.81953 2 
75.685 33.513 8.51237 0.67677 2 
78.251 33.513 8.83112 0.72773 2 
80.816 33.513 0.00000 0.00000 0 
83.382 33.513 8.84791 0.49356 2 
85.948 33.513 8.95238 0.38116 2 
88.513 33.513 8.78897 0.26353 2 
91.079 33.513 8.98918 0.26280 2 
93.644 33.513 8.80562 -0.17896 2 
96.210 33.513 9.08249 -0.15592 2 
98.776 33.513 8.98538 -0.25950 2 
101.341 33.513 8.85058 -0.52842 2 
103.907 33.513 8.88544 -0.24204 2 
106.472 33.513 8.54284 -0.79058 2 
109.038 33.513 8.69264 -0.63468 2 
111.603 33.513 8.41628 -0.86876 2 
114.169 33.513 7.95817 -0.67547 2 
116.735 33.513 8.30705 -0.77833 2 
119.300 33.513 0.00000 -0.00000 0 
-8.980 30.948 6.91127 0.22303 2 
-6.414 30.948 7.29061 0.26774 2 
-3.848 30.948 7.17235 0.39734 2 
-1.283 30.948 7.05855 0.57928 2 
1.283 30.948 7.63951 0.46441 2 
3.848 30.948 0.00000 -0.00000 0 
6.414 30.948 0.00000 -0.00000 0 
8.980 30.948 0.00000 -0.00000 0 
11.545 30.948 0.00000 -0.00000 0 
14.111 30.948 0.00000 -0.00000 0 
16.676 30.948 0.00000 -0.00000 0 
19.242 30.948 4.00312 0.46904 2 
21.808 30.948 8.00625 0.93807 2 
24.373 30.948 7.24808 0.82375 2 
26.939 30.948 7.11576 1.06397 2 
29.504 30.948 7.70271 1.15868 2 
32.070 30.948 7.42359 0.99464 2 
34.636 30.948 7.54494 0.96578 2 
37.201 30.948 7.64028 0.88352 2 
39.767 30.948 7.78823 1.07457 2 
42.332 30.948 7.84539 1.05318 2 
44.898 30.948 7.69638 1.03211 2 
47.464 30.948 7.82921 0.93593 2 
50.029 30.948 8.13521 1.00735 2 
52.595 30.948 8.08039 1.12922 2 
55.160 30.948 8.10206 1.03060 2 
57.726 30.948 8.11995 1.02065 2 
60.292 30.948 8.27107 0.95119 2 
62.857 30.948 8.23456 0.94642 2 
65.423 30.948 8.54910 0.95515 2 
67.988 30.948 8.44780 0.89788 2 
70.554 30.948 8.65678 0.71274 2 
73.120 30.948 8.82664 0.93103 2 
75.685 30.948 8.64066 0.60763 2 
78.251 30.948 8.93123 0.54131 2 
80.816 30.948 0.00000 0.00000 0 
83.382 30.948 8.76612 0.51886 2 
85.948 30.948 8.76676 0.39230 2 
88.513 30.948 8.83741 0.34375 2 
91.079 30.948 8.91363 0.03605 2 
93.644 30.948 9.08903 0.01044 2 
96.210 30.948 9.14689 -0.22969 2 
98.776 30.948 8.74528 -0.55332 2 
101.341 30.948 8.95562 -0.35665 2 
103.907 30.948 8.86303 -0.70517 2 
106.472 30.948 8.67198 -0.85757 2 
109.038 30.948 8.32658 -0.61371 2 
111.603 30.948 8.45488 -0.85212 2 
114.169 30.948 7.99706 -0.93196 2 
116.735 30.948 8.58176 -0.69052 2 
119.300 30.948 0.00000 -0.00000 0 
-8.980 28.382 7.18820 0.27124 2 
-6.414 28.382 7.04283 0.29896 2 
-3.848 28.382 7.00579 0.40386 2 
-1.283 28.382 7.05732 0.35940 2 
1.283 28.382 7.43147 0.47407 2 
3.848 28.382 3.71573 0.23704 2 
6.414 28.382 0.00000 -0.00000 0 
8.980 28.382 0.00000 -0.00000 0 
11.545 28.382 0.00000 -0.00000 0 
14.111 28.382 0.00000 -0.00000 0 
16.676 28.382 2.22508 0.28873 2 
19.242 28.382 5.43739 0.74137 2 
21.808 28.382 7.41187 1.06919 2 
24.373 28.382 7.31086 1.05066 2 
26.939 28.382 7.40505 0.74216 2 
29.504 28.382 7.30848 0.90242 2 
32.070 28.382 7.36255 1.09733 2 
34.636 28.382 7.56367 1.10030 2 
37.201 28.382 7.49994 1.08839 2 
39.767 28.382 7.75809 1.00941 2 
42.332 28.382 7.84182 1.12866 2 
44.898 28.382 7.89405 1.07135 2 
47.464 28.382 7.95536 0.98766 2 
50.029 28.382 7.81783 1.15271 2 
52.595 28.382 8.09915 0.98062 2 
55.160 28.382 8.33008 1.19528 2 
57.726 28.382 8.13478 1.04321 2 
60.292 28.382 8.29215 1.03920 2 
62.857 28.382 8.61339 0.90080 2 
65.423 28.382 8.45392 1.02087 2 
67.988 28.382 8.65831 0.93937 2 
70.554 28.382 8.84143 0.95418 2 
73.120 28.382 8.59226 0.96262 2 
75.685 28.382 8.76634 0.91364 2 
78.251 28.382 8.95435 0.89656 2 
80.816 28.382 8.94345 0.69557 2 
83.382 28.382 9.03538 0.57367 2 
85.948 28.382 9.12730 0.45177 2 
88.513 28.382 9.07149 0.32458 2 
91.079 28.382 9.32315 0.06966 2 
93.644 28.382 9.12128 0.01075 2 
96.210 28.382 9.36822 -0.25344 2 
98.776 28.382 9.38941 -0.52674 2 
101.341 28.382 8.98769 -0.64885 2 
103.907 28.382 8.95909 -0.68679 2 
106.472 28.382 8.71729 -0.90118 2 
109.038 28.382 8.53817 -1.01767 2 
111.603 28.382 8.37833 -1.07829 2 
114.169 28.382 8.06710 -0.90477 2 
116.735 28.382 8.40187 -0.85347 2 
119.300 28.382 0.00000 -0.00000 0 
-8.980 25.816 7.23410 0.13385 2 
-6.414 25.816 6.91524 0.21342 2 
-3.848 25.816 7.01509 0.25703 2 
-1.283 25.816 7.10842 0.48399 2 
1.283 25.816 6.78385 0.53528 2 
3.848 25.816 3.39192 0.26764 2 
6.414 25.816 0.00000 -0.00000 0 
8.980 25.816 0.00000 -0.00000 0 
11.545 25.816 0.00000 -0.00000 0 
14.111 25.816 0.00000 -0.00000 0 
16.676 25.816 4.45015 0.57747 2 
19.242 25.816 8.90031 1.15493 2 
21.808 25.816 7.07206 0.88339 2 
24.373 25.816 7.32239 0.97586 2 
26.939 25.816 7.24457 0.96550 2 
29.504 25.816 7.27417 1.28271 2 
32.070 25.816 7.53684 1.05813 2 
34.636 25.816 7.47178 1.12401 2 
37.201 25.816 7.48463 1.20316 2 
39.767 25.816 7.61242 1.21808 2 
42.332 25.816 7.49494 1.26824 2 
44.898 25.816 7.85243 1.06128 2 
47.464 25.816 7.98507 1.32266 2 
50.029 25.816 7.92513 1.04849 2 
52.595 25.816 8.28448 1.15787 2 
55.160 25.816 8.36319 1.32738 2 
57.726 25.816 8.18586 1.13771 2 
60.292 25.816 8.26618 0.99944 2 
62.857 25.816 8.41055 1.17085 2 
65.423 25.816 8.43191 1.19969 2 
67.988 25.816 8.63951 0.92388 2 
70.554 25.816 8.81738 0.87595 2 
73.120 25.816 8.68727 0.81879 2 
75.685 25.816 8.98552 0.79450 2 
78.251 25.816 8.74067 0.74241 2 
80.816 25.816 8.74386 0.68640 2 
83.382 25.816 0.00000 0.00000 0 
85.948 25.816 9.27829 0.63700 2 
88.513 25.816 9.62615 0.29615 2 
91.079 25.816 9.27018 0.14312 2 
93.644 25.816 9.40777 -0.23711 2 
96.210 25.816 9.39095 -0.32139 2 
98.776 25.816 9.34796 -0.62169 2 
101.341 25.816 9.38173 -0.73057 2 
103.907 25.816 9.00794 -1.03381 2 
106.472 25.816 8.73908 -1.07751 2 
109.038 25.816 8.70059 -1.56790 2 
111.603 25.816 8.32541 -1.31254 2 
114.169 25.816 8.05892 -1.17850 2 
116.735 25.816 7.64113 -1.01288 2 
119.300 25.816 0.00000 -0.00000 0 
-8.980 23.251 6.99462 0.17354 2 
-6.414 23.251 6.95456 0.18957 2 
-3.848 23.251 6.95739 0.29258 2 
-1.283 23.251 6.95721 0.34808 2 
1.283 23.251 6.96898 0.48397 2 
3.848 23.251 6.93722 0.42106 2 
6.414 23.251 0.00000 -0.00000 0 
8.980 23.251 0.00000 -0.00000 0 
11.545 23.251 0.00000 -0.00000 0 
14.111 23.251 0.00000 -0.00000 0 
16.676 23.251 3.95013 0.58118 2 
19.242 23.251 7.90026 1.16237 2 
21.808 23.251 6.95510 1.06612 2 
24.373 23.251 7.25958 1.11907 2 
26.939 23.251 7.28995 1.18935 2 
29.504 23.251 7.33941 1.24924 2 
32.070 23.251 7.45169 1.13023 2 
34.636 23.251 7.51415 1.27984 2 
37.201 23.251 7.58277 1.26308 2 
39.767 23.251 7.85468 1.16884 2 
42.332 23.251 7.82855 1.19583 2 
44.898 23.251 7.74313 1.20116 2 
47.464 23.251 8.08852 1.29530 2 
50.029 23.251 7.87829 1.24847 2 
52.595 23.251 7.98136 1.22313 2 
55.160 23.251 8.21607 1.21715 2 
57.726 23.251 8.56167 1.36655 2 
60.292 23.251 8.43743 1.23860 2 
62.857 23.251 8.53048 0.97886 2 
65.423 23.251 8.68699 0.92735 2 
67.988 23.251 8.89372 1.19282 2 
70.554 23.251 8.76107 1.13028 2 
73.120 23.251 8.74516 0.90635 2 
75.685 23.251 8.85652 0.82869 2 
78.251 23.251 9.16051 0.99172 2 
80.816 23.251 9.38243 0.90909 2 
83.382 23.251 0.00000 0.00000 0 
85.948 23.251 9.60646 0.52764 2 
88.513 23.251 9.64047 0.45036 2 
91.079 23.251 9.49074 0.07596 2 
93.644 23.251 9.72558 0.07523 2 
96.210 23.251 9.80902 -0.38398 2 
98.776 23.251 9.84838 -0.53190 2 
101.341 23.251 9.43397 -0.95435 2 
103.907 23.251 9.27387 -1.43363 2 
106.472 23.251 9.19098 -1.51362 2 
109.038 23.251 8.69555 -1.96889 2 
111.603 23.251 8.48270 -1.84183 2 
114.169 23.251 7.82665 -1.89708 2 
116.735 23.251 7.66347 -1.64867 2 
119.300 23.251 0.00000 -0.00000 0 
-8.980 20.685 6.88636 0.19884 2 
-6.414 20.685 6.99669 0.19229 2 
-3.848 20.685 6.81051 0.18212 2 
-1.283 20.685 6.89242 0.45240 2 
1.283 20.685 6.72732 0.49756 2 
3.848 20.685 7.16070 0.57741 2 
6.414 20.685 0.00000 -0.00000 0 
8.980 20.685 0.00000 -0.00000 0 
11.545 20.685 0.00000 -0.00000 0 
14.111 20.685 0.00000 -0.00000 0 
16.676 20.685 3.72542 0.46014 2 
19.242 20.685 7.45083 0.92027 2 
21.808 20.685 7.13611 1.17668 2 
24.373 20.685 7.06211 1.22807 2 
26.939 20.685 7.20603 1.25924 2 
29.504 20.685 7.22442 1.11687 2 
32.070 20.685 7.28133 1.41089 2 
34.636 20.685 7.47685 1.34588 2 
37.201 20.685 7.50188 1.38568 2 
39.767 20.685 7.38091 1.39440 2 
42.332 20.685 7.88878 1.29646 2 
44.898 20.685 8.00669 1.29493 2 
47.464 20.685 7.94889 1.53505 2 
50.029 20.685 8.12409 1.25244 2 
52.595 20.685 8.27383 1.45593 2 
55.160 20.685 8.03338 1.33113 2 
57.726 20.685 8.25640 1.23348 2 
60.292 20.685 8.32921 1.25775 2 
62.857 20.685 8.62227 1.23535 2 
65.423 20.685 8.68512 0.88578 2 
67.988 20.685 4.44686 0.59641 2 
70.554 20.685 4.38054 0.56514 2 
73.120 20.685 9.35492 1.01848 2 
75.685 20.685 9.16809 1.47388 2 
78.251 20.685 8.51400 0.67358 2 
80.816 20.685 10.17792 0.80643 2 
83.382 20.685 0.00000 0.00000 0 
85.948 20.685 0.00000 0.00000 0 
88.513 20.685 0.00000 0.00000 0 
91.079 20.685 9.71130 0.00881 2 
93.644 20.685 10.30448 0.31306 2 
96.210 20.685 10.00508 -0.61703 2 
98.776 20.685 10.20415 -0.50900 2 
101.341 20.685 9.91468 -1.21249 2 
103.907 20.685 10.00169 -1.59314 2 
106.472 20.685 9.30212 -2.08447 2 
109.038 20.685 8.81201 -2.12508 2 
111.603 20.685 8.44395 -2.41648 2 
114.169 20.685 7.62829 -2.39795 2 
116.735 20.685 7.16397 -2.19424 2 
119.300 20.685 0.00000 -0.00000 0 
-8.980 18.120 6.90034 0.18888 2 
-6.414 18.120 6.90152 0.03108 2 
-3.848 18.120 6.85994 0.22700 2 
-1.283 18.120 6.70627 0.22556 2 
1.283 18.120 6.67347 0.46560 2 
3.848 18.120 6.94490 0.48714 2 
6.414 18.120 0.00000 -0.00000 0 
8.980 18.120 0.00000 -0.00000 0 
11.545 18.120 0.00000 -0.00000 0 
14.111 18.120 0.00000 -0.00000 0 
16.676 18.120 3.75385 0.60991 2 
19.242 18.120 7.50769 1.21983 2 
21.808 18.120 6.91559 1.24220 2 
24.373 18.120 6.95262 1.23992 2 
26.939 18.120 7.15329 1.46017 2 
29.504 18.120 7.29330 1.52021 2 
32.070 18.120 7.37094 1.47847 2 
34.636 18.120 7.42310 1.46146 2 
37.201 18.120 7.57737 1.42455 2 
39.767 18.120 7.53766 1.49617 2 
42.332 18.120 7.61915 1.39443 2 
44.898 18.120 7.86416 1.40882 2 
47.464 18.120 7.87383 1.41749 2 
50.029 18.120 8.04651 1.41732 2 
52.595 18.120 8.34246 1.17968 2 
55.160 18.120 4.01669 0.66556 2 
57.726 18.120 8.63968 1.41160 2 
60.292 18.120 8.78825 1.59029 2 
62.857 18.120 8.95315 1.51561 2 
65.423 18.120 4.34256 0.44289 2 
67.988 18.120 0.00000 -0.00000 0 
70.554 18.120 0.00000 -0.00000 0 
73.120 18.120 0.00000 -0.00000 0 
75.685 18.120 0.00000 -0.00000 0 
78.251 18.120 0.00000 -0.00000 0 
80.816 18.120 0.00000 -0.00000 0 
83.382 18.120 0.00000 -0.00000 0 
85.948 18.120 0.31636 0.41029 2 
88.513 18.120 0.65423 0.12067 2 
91.079 18.120 5.68052 -0.19347 2 
93.644 18.120 11.22081 -0.14568 2 
96.210 18.120 11.14726 -0.22090 2 
98.776 18.120 10.22724 -1.44464 2 
101.341 18.120 10.66499 -0.97152 2 
103.907 18.120 10.13765 -1.82418 2 
106.472 18.120 9.61031 -2.67685 2 
109.038 18.120 9.36341 -2.99174 2 
111.603 18.120 8.39704 -3.14443 2 
114.169 18.120 7.48578 -3.04440 2 
116.735 18.120 6.89944 -2.55071 2 
119.300 18.120 0.00000 -0.00000 0 
-8.980 15.554 6.83602 0.07881 2 
-6.414 15.554 6.73499 0.07146 2 
-3.848 15.554 6.84553 0.15060 2 
-1.283 15.554 6.76245 0.37539 2 
1.283 15.554 6.59108 0.30721 2 
3.848 15.554 6.53719 0.70830 2 
6.414 15.554 0.00000 -0.00000 0 
8.980 15.554 0.00000 -0.00000 0 
11.545 15.554 0.00000 -0.00000 0 
14.111 15.554 0.00000 -0.00000 0 
16.676 15.554 3.52074 0.71780 2 
19.242 15.554 7.04149 1.43560 2 
21.808 15.554 6.87430 1.21571 2 
24.373 15.554 7.01485 1.26282 2 
26.939 15.554 7.13866 1.43371 2 
29.504 15.554 7.09087 1.49954 2 
32.070 15.554 7.29826 1.66667 2 
34.636 15.554 7.55502 1.50073 2 
37.201 15.554 7.35118 1.49588 2 
39.767 15.554 7.68596 1.62913 2 
42.332 15.554 8.02636 1.54301 2 
44.898 15.554 7.82410 1.62989 2 
47.464 15.554 8.17107 1.54214 2 
50.029 15.554 8.21201 1.43033 2 
52.595 15.554 4.17123 0.58984 2 
55.160 15.554 0.00000 -0.00000 0 
57.726 15.554 0.00000 -0.00000 0 
60.292 15.554 0.00000 -0.00000 0 
62.857 15.554 0.00000 -0.00000 0 
65.423 15.554 0.00000 -0.00000 0 
67.988 15.554 0.00000 -0.00000 0 
70.554 15.554 0.00000 -0.00000 0 
73.120 15.554 0.00000 -0.00000 0 
75.685 15.554 0.00000 -0.00000 0 
78.251 15.554 0.00000 -0.00000 0 
80.816 15.554 -1.05563 -0.46814 2 
83.382 15.554 -1.11714 -0.26898 2 
85.948 15.554 -0.84239 0.04290 2 
88.513 15.554 -0.47870 0.28115 2 
91.079 15.554 1.64974 -0.39575 2 
93.644 15.554 5.67326 0.14188 2 
96.210 15.554 3.85096 1.09575 2 
98.776 15.554 4.87283 -1.90617 2 
101.341 15.554 9.11298 -1.97369 2 
103.907 15.554 9.37128 -2.57596 2 
106.472 15.554 9.62959 -3.17823 2 
109.038 15.554 9.00601 -3.65782 2 
111.603 15.554 8.75674 -3.28561 2 
114.169 15.554 6.70392 -4.99095 2 
116.735 15.554 6.29142 -3.68860 2 
119.300 15.554 0.00000 -0.00000 0 
-8.980 12.988 6.97050 -0.11020 2 
-6.414 12.988 6.80379 -0.05465 2 
-3.848 12.988 6.70313 0.06505 2 
-1.283 12.988 6.54592 0.05098 2 
1.283 12.988 6.54182 0.28796 2 
3.848 12.988 6.48544 0.51121 2 
6.414 12.988 0.00000 -0.00000 0 
8.980 12.988 0.00000 -0.00000 0 
11.545 12.988 0.00000 -0.00000 0 
14.111 12.988 0.00000 -0.00000 0 
16.676 12.988 3.57650 0.74652 2 
19.242 12.988 7.15301 1.49304 2 
21.808 12.988 6.72962 1.35226 2 
24.373 12.988 6.99637 1.75261 2 
26.939 12.988 7.15795 1.61199 2 
29.504 12.988 7.65789 1.64925 2 
32.070 12.988 7.56970 1.76761 2 
34.636 12.988 7.81226 1.89435 2 
37.201 12.988 7.80879 2.07738 2 
39.767 12.988 8.08248 1.76936 2 
42.332 12.988 0.00000 -0.00000 0 
44.898 12.988 0.00000 -0.00000 0 
47.464 12.988 0.00000 -0.00000 0 
50.029 12.988 0.00000 -0.00000 0 
52.595 12.988 0.00000 -0.00000 0 
55.160 12.988 0.00000 -0.00000 0 
57.726 12.988 0.00000 -0.00000 0 
60.292 12.988 0.00000 -0.00000 0 
62.857 12.988 0.00000 -0.00000 0 
65.423 12.988 0.00000 -0.00000 0 
67.988 12.988 0.00000 -0.00000 0 
70.554 12.988 0.00000 -0.00000 0 
73.120 12.988 0.00000 -0.00000 0 
75.685 12.988 -0.94971 -0.26931 2 
78.251 12.988 -1.36468 -0.40890 2 
80.816 12.988 -1.79948 -0.47343 2 
83.382 12.988 -2.23428 -0.53795 2 
85.948 12.988 -1.57654 -0.68546 2 
88.513 12.988 -0.34126 0.40155 2 
91.079 12.988 -0.74340 0.04142 2 
93.644 12.988 0.12572 0.42945 2 
96.210 12.988 2.09735 1.31208 2 
98.776 12.988 -0.48159 -2.36771 2 
101.341 12.988 3.46613 0.40738 2 
103.907 12.988 2.89166 -3.46193 2 
106.472 12.988 4.89140 -1.49637 2 
109.038 12.988 5.04171 -2.39931 2 
111.603 12.988 2.97218 -5.24484 2 
114.169 12.988 4.18480 -5.56754 2 
116.735 12.988 4.95245 -4.65860 2 
119.300 12.988 0.00000 -0.00000 0 
-8.980 10.423 6.73281 -0.09754 2 
-6.414 10.423 6.76948 -0.30868 2 
-3.848 10.423 6.59296 0.03871 2 
-1.283 10.423 6.42927 0.04062 2 
1.283 10.423 6.23341 0.24610 2 
3.848 10.423 6.43368 0.31412 2 
6.414 10.423 3.21684 0.15706 2 
8.980 10.423 0.00000 -0.00000 0 
11.545 10.423 0.00000 -0.00000 0 
14.111 10.423 0.00000 -0.00000 0 
16.676 10.423 2.38434 0.49768 2 
19.242 10.423 4.76867 0.99536 2 
21.808 10.423 7.01205 1.99355 2 
24.373 10.423 7.00181 1.77310 2 
26.939 10.423 7.83120 1.95495 2 
29.504 10.423 3.82895 0.82463 2 
32.070 10.423 0.00000 -0.00000 0 
34.636 10.423 0.00000 -0.00000 0 
37.201 10.423 0.00000 -0.00000 0 
39.767 10.423 0.00000 -0.00000 0 
42.332 10.423 0.00000 -0.00000 0 
44.898 10.423 0.00000 -0.00000 0 
47.464 10.423 0.00000 -0.00000 0 
50.029 10.423 0.00000 -0.00000 0 
52.595 10.423 0.00000 -0.00000 0 
55.160 10.423 0.00000 -0.00000 0 
57.726 10.423 0.00000 -0.00000 0 
60.292 10.423 0.00000 -0.00000 0 
62.857 10.423 0.00000 -0.00000 0 
65.423 10.423 0.00000 -0.00000 0 
67.988 10.423 -1.06402 -0.40393 2 
70.554 10.423 -0.59344 0.40894 2 
73.120 10.423 -1.85298 -0.97252 2 
75.685 10.423 -1.89942 -0.53862 2 
78.251 10.423 -1.96070 -0.95321 2 
80.816 10.423 -1.33323 -0.78009 2 
83.382 10.423 -0.70576 -0.60697 2 
85.948 10.423 -0.97457 -0.26232 2 
88.513 10.423 -0.20382 0.52194 2 
91.079 10.423 -0.19256 0.91827 2 
93.644 10.423 -1.02223 1.14678 2 
96.210 10.423 0.34374 1.52840 2 
98.776 10.423 0.91560 -0.35237 2 
101.341 10.423 -1.08290 -1.71636 2 
103.907 10.423 1.23735 -2.26491 2 
106.472 10.423 1.28258 -1.06699 2 
109.038 10.423 1.39613 -3.60368 2 
111.603 10.423 1.31301 -5.85994 2 
114.169 10.423 2.21886 -5.65811 2 
116.735 10.423 3.51769 -4.36143 2 
119.300 10.423 0.05355 -3.89698 2 
-8.980 7.857 6.83958 -0.34720 2 
-6.414 7.857 6.64922 -0.07040 2 
-3.848 7.857 6.48379 -0.30348 2 
-1.283 7.857 6.27238 -0.10728 2 
1.283 7.857 6.12948 0.08704 2 
3.848 7.857 6.32878 0.20641 2 
6.414 7.857 3.16439 0.10320 2 
8.980 7.857 0.00000 -0.00000 0 
11.545 7.857 0.00000 -0.00000 0 
14.111 7.857 0.00000 -0.00000 2 
16.676 7.857 1.58956 0.33179 2 
19.242 7.857 2.38434 0.49768 2 
21.808 7.857 0.00000 -0.00000 0 
24.373 7.857 0.00000 -0.00000 0 
26.939 7.857 0.00000 -0.00000 0 
29.504 7.857 0.00000 -0.00000 0 
32.070 7.857 0.00000 -0.00000 0 
34.636 7.857 0.00000 -0.00000 0 
37.201 7.857 0.00000 -0.00000 0 
39.767 7.857 0.00000 -0.00000 0 
42.332 7.857 0.00000 -0.00000 0 
44.898 7.857 0.00000 -0.00000 0 
47.464 7.857 0.00000 -0.00000 0 
50.029 7.857 0.00000 -0.00000 0 
52.595 7.857 0.00000 -0.00000 0 
55.160 7.857 0.00000 -0.00000 0 
57.726 7.857 0.00000 -0.00000 0 
60.292 7.857 -0.95825 -0.38568 2 
62.857 7.857 -0.39572 -0.05792 2 
65.423 7.857 -0.31317 -0.18723 2 
67.988 7.857 -2.12803 -0.80787 2 
70.554 7.857 -2.05921 -1.10625 2 
73.120 7.857 -2.04362 -0.87301 2 
75.685 7.857 -1.23429 -1.40705 2 
78.251 7.857 -1.21113 -1.19134 2 
80.816 7.857 -2.14830 -1.10219 2 
83.382 7.857 -1.31522 -0.82428 2 
85.948 7.857 -1.24549 0.29012 2 
88.513 7.857 -0.66135 0.01479 2 
91.079 7.857 -0.71313 0.40503 2 
93.644 7.857 -0.48503 0.84173 2 
96.210 7.857 0.18801 1.40559 2 
98.776 7.857 -0.89851 0.04245 2 
101.341 7.857 -1.98502 -1.32069 2 
103.907 7.857 -0.41695 -1.06788 2 
106.472 7.857 -2.32624 -0.63762 2 
109.038 7.857 -2.30918 -3.28469 2 
111.603 7.857 -1.42894 -5.25805 2 
114.169 7.857 1.12329 -5.79614 2 
116.735 7.857 2.03062 -5.58340 2 
119.300 7.857 0.09948 -3.55342 2 
-8.980 5.292 6.61451 -0.37760 2 
-6.414 5.292 6.55228 -0.50087 2 
-3.848 5.292 6.39885 -0.31445 2 
-1.283 5.292 6.31243 -0.19490 2 
1.283 5.292 6.01320 -0.28913 2 
3.848 5.292 6.30196 0.13392 2 
6.414 5.292 1.58219 0.05160 2 
8.980 5.292 0.00000 -0.00000 0 
11.545 5.292 0.00000 -0.00000 0 
14.111 5.292 0.00000 -0.00000 0 
16.676 5.292 0.00000 -0.00000 0 
19.242 5.292 0.00000 -0.00000 0 
21.808 5.292 0.00000 -0.00000 0 
24.373 5.292 0.00000 -0.00000 0 
26.939 5.292 0.00000 -0.00000 0 
29.504 5.292 0.00000 -0.00000 0 
32.070 5.292 0.00000 -0.00000 0 
34.636 5.292 0.00000 -0.00000 0 
37.201 5.292 0.00000 -0.00000 0 
39.767 5.292 0.00000 -0.00000 0 
42.332 5.292 0.00000 -0.00000 0 
44.898 5.292 0.00000 -0.00000 0 
47.464 5.292 0.00000 -0.00000 0 
50.029 5.292 0.00000 -0.00000 0 
52.595 5.292 -0.24290 -0.18782 2 
55.160 5.292 0.01807 -0.36061 2 
57.726 5.292 -0.94922 -0.56598 2 
60.292 5.292 -1.91651 -0.77136 2 
62.857 5.292 -1.80805 -0.56870 2 
65.423 5.292 -0.73850 -0.64519 2 
67.988 5.292 -1.54228 -0.69284 2 
70.554 5.292 -1.38941 -0.69822 2 
73.120 5.292 -1.70338 -0.48814 2 
75.685 5.292 -1.51186 -1.30999 2 
78.251 5.292 -1.75136 -1.81186 2 
80.816 5.292 -1.05665 -0.29013 2 
83.382 5.292 -1.77042 -0.17042 2 
85.948 5.292 -1.58174 -0.22582 2 
88.513 5.292 -1.97525 -0.59084 2 
91.079 5.292 -1.23370 -0.10821 2 
93.644 5.292 0.05217 0.53667 2 
96.210 5.292 0.03228 1.28278 2 
98.776 5.292 -1.41967 1.44289 2 
101.341 5.292 -2.87163 1.60300 2 
103.907 5.292 -4.57113 0.17931 2 
106.472 5.292 -4.26452 -0.09829 2 
109.038 5.292 -4.00164 -2.41399 2 
111.603 5.292 -3.45525 -3.44571 2 
114.169 5.292 -0.34931 -4.87759 2 
116.735 5.292 1.13737 -4.40398 2 
119.300 5.292 0.14542 -3.20985 2 
-8.980 2.726 6.77180 -0.45947 2 
-6.414 2.726 6.71518 -0.45331 2 
-3.848 2.726 6.34482 -0.48549 2 
-1.283 2.726 6.01851 -0.41599 2 
1.283 2.726 6.30536 -0.60862 2 
3.848 2.726 6.91231 -0.18599 2 
6.414 2.726 0.00000 -0.00000 0 
8.980 2.726 0.00000 -0.00000 0 
11.545 2.726 0.00000 -0.00000 0 
14.111 2.726 0.00000 -0.00000 0 
16.676 2.726 0.00000 -0.00000 0 
19.242 2.726 0.00000 -0.00000 0 
21.808 2.726 0.00000 -0.00000 0 
24.373 2.726 0.00000 -0.00000 0 
26.939 2.726 0.00000 -0.00000 0 
29.504 2.726 0.00000 -0.00000 0 
32.070 2.726 0.00000 -0.00000 0 
34.636 2.726 0.00000 -0.00000 0 
37.201 2.726 0.00000 -0.00000 0 
39.767 2.726 0.00000 -0.00000 0 
42.332 2.726 0.00000 -0.00000 0 
44.898 2.726 0.00000 -0.00000 0 
47.464 2.726 -0.37167 -0.19867 2 
50.029 2.726 -0.37531 -0.10918 2 
52.595 2.726 -0.48580 -0.37564 2 
55.160 2.726 -0.36322 -0.56999 2 
57.726 2.726 -0.67889 -0.55226 2 
60.292 2.726 -1.63619 -0.34278 2 
62.857 2.726 -1.72650 -0.92007 2 
65.423 2.726 -1.16383 -1.10315 2 
67.988 2.726 -0.95653 -0.57781 2 
70.554 2.726 -1.47135 -1.22956 2 
73.120 2.726 -1.71094 -0.88817 2 
75.685 2.726 -1.91113 -1.48196 2 
78.251 2.726 -0.63329 -1.55329 2 
80.816 2.726 -0.64093 -1.39071 2 
83.382 2.726 -1.60753 -1.02991 2 
85.948 2.726 -1.77028 -0.77478 2 
88.513 2.726 -1.46179 -1.22948 2 
91.079 2.726 -0.19354 0.06116 2 
93.644 2.726 0.58937 0.23162 2 
96.210 2.726 -0.12344 1.15997 2 
98.776 2.726 -1.65987 1.29447 2 
101.341 2.726 -1.84481 1.22756 2 
103.907 2.726 -4.38644 0.86460 2 
106.472 2.726 -2.71227 -2.10575 2 
109.038 2.726 -3.28921 -1.05025 2 
111.603 2.726 -2.18884 -1.14635 2 
114.169 2.726 -1.35690 -4.73597 2 
116.735 2.726 -1.54258 -2.69746 2 
119.300 2.726 0.22326 -2.80254 2 
-8.980 0.160 6.35520 -0.70566 2 
-6.414 0.160 6.54241 -0.75666 2 
-3.848 0.160 6.35293 -0.70692 2 
-1.283 0.160 6.20349 -0.71527 2 
1.283 0.160 6.59753 -0.92810 2 
3.848 0.160 0.00000 -0.00000 0 
6.414 0.160 0.00000 -0.00000 0 
8.980 0.160 0.00000 -0.00000 0 
11.545 0.160 0.00000 -0.00000 0 
14.111 0.160 0.00000 -0.00000 0 
16.676 0.160 0.00000 -0.00000 0 
19.242 0.160 0.00000 -0.00000 0 
21.808 0.160 0.00000 -0.00000 0 
24.373 0.160 0.00000 -0.00000 0 
26.939 0.160 0.00000 -0.00000 0 
29.504 0.160 0.00000 -0.00000 0 
32.070 0.160 0.00000 -0.00000 0 
34.636 0.160 0.00000 -0.00000 0 
37.201 0.160 0.00000 -0.00000 0 
39.767 0.160 -0.58807 -0.20135 2 
42.332 0.160 -0.82400 -0.25005 2 
44.898 0.160 -0.87561 -0.29001 2 
47.464 0.160 -0.74333 -0.39734 2 
50.029 0.160 -0.91952 -0.65818 2 
52.595 0.160 -0.86447 -0.22282 2 
55.160 0.160 -0.74452 -0.77937 2 
57.726 0.160 -0.40855 -0.53855 2 
60.292 0.160 -0.58755 -0.69953 2 
62.857 0.160 -0.95578 -0.53147 2 
65.423 0.160 -0.90648 -1.08288 2 
67.988 0.160 -1.15144 -1.08497 2 
70.554 0.160 -0.86875 -1.08098 2 
73.120 0.160 -0.17933 -0.45046 2 
75.685 0.160 -0.34997 -1.63131 2 
78.251 0.160 -1.11121 -1.56483 2 
80.816 0.160 -0.73742 -0.73377 2 
83.382 0.160 -1.44463 -1.88939 2 
85.948 0.160 -1.95883 -1.32374 2 
88.513 0.160 -0.36879 -1.46552 2 
91.079 0.160 0.57409 -0.86656 2 
93.644 0.160 -0.30709 0.43351 2 
96.210 0.160 0.45663 0.40553 2 
98.776 0.160 0.09744 0.51364 2 
101.341 0.160 -0.81799 0.85213 2 
103.907 0.160 -1.94409 1.06978 2 
106.472 0.160 -4.23115 -0.52601 2 
109.038 0.160 -2.57679 0.31349 2 
111.603 0.160 -0.92242 1.15300 2 
114.169 0.160 -0.53465 -1.15642 2 
116.735 0.160 0.03983 -1.58224 2 
119.300 0.160 0.10037 0.87872 2 
-8.980 -2.405 6.78663 -0.70414 2 
-6.414 -2.405 6.75355 -0.82366 2 
-3.848 -2.405 6.44247 -0.90532 2 
-1.283 -2.405 6.57976 -0.71566 2 
1.283 -2.405 0.00000 -0.00000 0 
3.848 -2.405 0.00000 -0.00000 0 
6.414 -2.405 0.00000 -0.00000 0 
8.980 -2.405 0.00000 -0.00000 0 
11.545 -2.405 0.00000 -0.00000 0 
14.111 -2.405 0.00000 -0.00000 0 
16.676 -2.405 0.00000 -0.00000 0 
19.242 -2.405 0.00000 -0.00000 0 
21.808 -2.405 0.00000 -0.00000 0 
24.373 -2.405 0.00000 -0.00000 0 
26.939 -2.405 0.00000 -0.00000 0 
29.504 -2.405 0.00000 -0.00000 0 
32.070 -2.405 -0.61302 -0.25791 2 
34.636 -2.405 -0.45763 -0.34726 2 
37.201 -2.405 -1.33545 -0.28775 2 
39.767 -2.405 -1.17614 -0.40271 2 
42.332 -2.405 -1.64799 -0.50010 2 
44.898 -2.405 -0.73870 -0.35493 2 
47.464 -2.405 -0.47694 -0.68796 2 
50.029 -2.405 -0.92933 -0.76444 2 
52.595 -2.405 -0.84741 -0.60786 2 
55.160 -2.405 -0.41351 -0.89915 2 
57.726 -2.405 -0.94709 -0.57664 2 
60.292 -2.405 -0.70989 -0.87447 2 
62.857 -2.405 -0.28312 -0.93504 2 
65.423 -2.405 -0.51252 -1.25887 2 
67.988 -2.405 -0.21469 -0.89196 2 
70.554 -2.405 -0.26615 -0.93240 2 
73.120 -2.405 -0.02175 -1.16769 2 
75.685 -2.405 0.08265 -1.52955 2 
78.251 -2.405 0.97379 -1.14155 2 
80.816 -2.405 -0.73647 -1.06395 2 
83.382 -2.405 -0.40150 -1.59366 2 
85.948 -2.405 -1.03166 -1.88286 2 
88.513 -2.405 0.70400 -0.96600 2 
91.079 -2.405 0.78314 -0.09322 2 
93.644 -2.405 0.69763 -0.61064 2 
96.210 -2.405 -0.64237 0.09967 2 
98.776 -2.405 -0.18214 0.88177 2 
101.341 -2.405 1.39769 0.38842 2 
103.907 -2.405 0.49827 1.27495 2 
106.472 -2.405 0.06922 -0.45425 2 
109.038 -2.405 0.90639 0.03920 2 
111.603 -2.405 0.97871 -0.15136 2 
114.169 -2.405 0.89237 -0.41572 2 
116.735 -2.405 1.62224 -0.46703 2 
119.300 -2.405 0.18433 1.33996 2 
-8.980 -4.971 6.91045 -0.82098 2 
-6.414 -4.971 6.70241 -0.89538 2 
-3.848 -4.971 6.57292 -0.93109 2 
-1.283 -4.971 6.42957 -1.05853 2 
1.283 -4.971 0.00000 -0.00000 0 
3.848 -4.971 0.00000 -0.00000 0 
6.414 -4.971 0.00000 -0.00000 0 
8.980 -4.971 0.00000 -0.00000 0 
11.545 -4.971 0.00000 -0.00000 0 
14.111 -4.971 0.00000 -0.00000 0 
16.676 -4.971 0.00000 -0.00000 0 
19.242 -4.971 0.00000 -0.00000 0 
21.808 -4.971 0.00000 -0.00000 0 
24.373 -4.971 -0.35434 -0.06501 2 
26.939 -4.971 -0.70868 -0.13001 2 
29.504 -4.971 -1.25357 -0.04979 2 
32.070 -4.971 -1.22605 -0.51582 2 
34.636 -4.971 -1.79545 -0.44825 2 
37.201 -4.971 -1.31142 -0.58436 2 
39.767 -4.971 -1.84109 -0.30164 2 
42.332 -4.971 -1.40203 -0.19176 2 
44.898 -4.971 -1.11975 -0.46907 2 
47.464 -4.971 -1.10637 -0.18514 2 
50.029 -4.971 -1.17265 -0.51106 2 
52.595 -4.971 -0.87108 -0.55139 2 
55.160 -4.971 -0.54844 -0.89508 2 
57.726 -4.971 -0.11771 -0.50264 2 
60.292 -4.971 -0.07621 0.06515 2 
62.857 -4.971 -0.89906 -1.08848 2 
65.423 -4.971 -0.11856 -1.43485 2 
67.988 -4.971 -0.09205 -1.68795 2 
70.554 -4.971 0.26417 -1.42036 2 
73.120 -4.971 0.13584 -1.88492 2 
75.685 -4.971 0.51528 -1.42778 2 
78.251 -4.971 0.48939 -1.06564 2 
80.816 -4.971 0.06898 -1.63306 2 
83.382 -4.971 0.64163 -1.29793 2 
85.948 -4.971 -0.10450 -2.44198 2 
88.513 -4.971 0.72558 -2.46130 2 
91.079 -4.971 0.46529 -2.05424 2 
93.644 -4.971 0.50448 -0.16009 2 
96.210 -4.971 1.51863 0.50671 2 
98.776 -4.971 1.05174 0.60337 2 
101.341 -4.971 -0.68051 0.08355 2 
103.907 -4.971 0.74050 0.12105 2 
106.472 -4.971 0.92845 0.25228 2 
109.038 -4.971 1.14462 0.61087 2 
111.603 -4.971 2.53744 0.46927 2 
114.169 -4.971 2.20827 0.64419 2 
116.735 -4.971 3.30862 1.14187 2 
119.300 -4.971 0.17949 0.01659 1 
-8.980 -7.536 6.89751 -0.93326 2 
-6.414 -7.536 6.95231 -0.92650 2 
-3.848 -7.536 6.77134 -1.07067 2 
-1.283 -7.536 6.66495 -1.46977 2 
1.283 -7.536 6.60707 -1.75321 2 
3.848 -7.536 0.00000 -0.00000 0 
6.414 -7.536 5.50007 -2.57259 2 
8.980 -7.536 5.37365 -3.01228 2 
11.545 -7.536 6.36431 -2.79227 2 
14.111 -7.536 4.61420 -1.67594 2 
16.676 -7.536 -0.58593 -0.03429 2 
19.242 -7.536 -0.22710 0.09524 2 
21.808 -7.536 1.27806 -0.11677 2 
24.373 -7.536 -0.06965 -0.18840 2 
26.939 -7.536 -1.41735 -0.26003 2 
29.504 -7.536 -1.67237 -0.32935 2 
32.070 -7.536 -1.92739 -0.39867 2 
34.636 -7.536 -1.14558 -0.89527 2 
37.201 -7.536 -1.28738 -0.88097 2 
39.767 -7.536 -1.11807 -0.63608 2 
42.332 -7.536 0.88859 -0.26550 2 
44.898 -7.536 0.70322 -0.22831 2 
47.464 -7.536 0.05022 0.12338 2 
50.029 -7.536 -0.56283 -0.02293 2 
52.595 -7.536 -0.93359 -0.88647 2 
55.160 -7.536 -1.40999 -0.18317 2 
57.726 -7.536 -0.87255 -0.31019 2 
60.292 -7.536 -0.79456 -0.24963 2 
62.857 -7.536 0.33706 -0.32421 2 
65.423 -7.536 0.27755 -0.83453 2 
67.988 -7.536 0.29958 -1.49002 2 
70.554 -7.536 0.57407 -1.29052 2 
73.120 -7.536 0.84357 -1.36068 2 
75.685 -7.536 1.13758 -0.94974 2 
78.251 -7.536 0.68196 -1.78867 2 
80.816 -7.536 0.87443 -2.20217 2 
83.382 -7.536 1.81214 -1.26457 2 
85.948 -7.536 2.78657 -1.31553 2 
88.513 -7.536 1.82231 -0.63129 2 
91.079 -7.536 1.28687 -1.36981 2 
93.644 -7.536 1.52583 -0.33891 2 
96.210 -7.536 1.90572 -0.00697 2 
98.776 -7.536 2.28561 0.32497 2 
101.341 -7.536 2.12402 0.35890 2 
103.907 -7.536 1.96243 0.39284 2 
106.472 -7.536 2.53192 0.85444 2 
109.038 -7.536 2.83157 0.48149 2 
111.603 -7.536 2.68740 0.19281 2 
114.169 -7.536 3.91379 1.07398 2 
116.735 -7.536 5.68230 1.62559 2 
119.300 -7.536 0.00000 -0.00000 0 
-8.980 -10.102 6.98711 -0.93882 2 
-6.414 -10.102 6.97000 -0.95283 2 
-3.848 -10.102 7.00537 -1.14262 2 
-1.283 -10.102 6.73108 -1.44002 2 
1.283 -10.102 6.81655 -1.77778 2 
3.848 -10.102 6.88546 -2.25569 2 
6.414 -10.102 7.11562 -2.71046 2 
8.980 -10.102 6.52240 -2.84711 2 
11.545 -10.102 7.24768 -2.81054 2 
14.111 -10.102 6.55275 -2.14491 2 
16.676 -10.102 9.85351 -2.48967 2 
19.242 -10.102 4.52705 -1.25196 2 
21.808 -10.102 2.55612 -0.23353 2 
24.373 -10.102 -2.01275 -2.01437 2 
26.939 -10.102 -0.60711 -1.93228 2 
29.504 -10.102 -0.41804 -1.80242 2 
32.070 -10.102 -0.22897 -1.67255 2 
34.636 -10.102 -0.11970 -0.33986 2 
37.201 -10.102 1.34255 -1.11739 2 
39.767 -10.102 3.59813 -0.73858 2 
42.332 -10.102 3.17920 -0.33924 2 
44.898 -10.102 2.01800 -0.08759 2 
47.464 -10.102 0.85679 0.16407 2 
50.029 -10.102 0.05032 -0.93746 2 
52.595 -10.102 0.07956 -0.67984 2 
55.160 -10.102 1.08980 0.15822 2 
57.726 -10.102 0.29262 -0.28821 2 
60.292 -10.102 0.34641 0.12407 2 
62.857 -10.102 0.48715 -0.53452 2 
65.423 -10.102 0.32436 -0.58534 2 
67.988 -10.102 0.98934 -0.14717 2 
70.554 -10.102 1.78878 -0.60872 2 
73.120 -10.102 1.03832 0.04013 2 
75.685 -10.102 0.37749 -0.27909 2 
78.251 -10.102 2.23162 -1.13858 2 
80.816 -10.102 1.87078 -0.11737 2 
83.382 -10.102 1.10616 -1.83412 2 
85.948 -10.102 1.49194 -1.79075 2 
88.513 -10.102 2.19504 -2.01134 2 
91.079 -10.102 2.10844 -0.68538 2 
93.644 -10.102 3.94627 -0.29089 2 
96.210 -10.102 2.75493 0.07533 2 
98.776 -10.102 1.56358 0.44156 2 
101.341 -10.102 2.56864 0.46046 2 
103.907 -10.102 3.57370 0.47936 2 
106.472 -10.102 3.32688 0.94206 2 
109.038 -10.102 4.29507 1.12254 2 
111.603 -10.102 5.14052 1.81842 2 
114.169 -10.102 5.09148 1.51263 2 
116.735 -10.102 6.67866 2.43080 2 
119.300 -10.102 0.00000 -0.00000 0 
-8.980 -12.668 7.07509 -1.03984 2 
-6.414 -12.668 7.13527 -1.04016 2 
-3.848 -12.668 7.11969 -1.33759 2 
-1.283 -12.668 7.17705 -1.39860 2 
1.283 -12.668 7.19033 -1.67005 2 
3.848 -12.668 7.12980 -2.10055 2 
6.414 -12.668 7.25821 -2.35633 2 
8.980 -12.668 7.67114 -2.68195 2 
11.545 -12.668 8.13106 -2.82880 2 
14.111 -12.668 8.49130 -2.61388 2 
16.676 -12.668 8.86792 -2.57012 2 
19.242 -12.668 9.28121 -2.59916 2 
21.808 -12.668 9.66890 -2.54277 2 
24.373 -12.668 9.79288 -1.96038 2 
26.939 -12.668 10.80013 -1.37512 2 
29.504 -12.668 8.06535 -1.18592 2 
32.070 -12.668 6.51027 -1.22900 2 
34.636 -12.668 7.13240 -0.45558 2 
37.201 -12.668 7.72336 -0.64833 2 
39.767 -12.668 8.31433 -0.84108 2 
42.332 -12.668 7.93269 0.30845 2 
44.898 -12.668 4.94881 -0.00723 2 
47.464 -12.668 3.62634 0.16880 2 
50.029 -12.668 3.84673 -0.11187 2 
52.595 -12.668 3.81347 -0.65226 2 
55.160 -12.668 2.89674 -0.03805 2 
57.726 -12.668 1.45778 -0.26622 2 
60.292 -12.668 2.53233 0.13809 2 
62.857 -12.668 3.20129 -0.42390 2 
65.423 -12.668 3.94541 -0.55736 2 
67.988 -12.668 2.80444 -0.02742 2 
70.554 -12.668 2.69270 -0.52856 2 
73.120 -12.668 3.35147 -0.99345 2 
75.685 -12.668 4.35022 0.68144 2 
78.251 -12.668 5.50770 -0.33381 2 
80.816 -12.668 4.24859 0.68776 2 
83.382 -12.668 3.48547 -1.61044 2 
85.948 -12.668 3.01491 0.84448 2 
88.513 -12.668 4.72662 0.02182 2 
91.079 -12.668 3.63615 0.54986 2 
93.644 -12.668 3.78594 0.15985 2 
96.210 -12.668 2.53437 -0.53785 2 
98.776 -12.668 2.87516 -0.46964 2 
101.341 -12.668 3.19536 0.23237 2 
103.907 -12.668 3.62869 0.27905 2 
106.472 -12.668 4.12183 1.02967 2 
109.038 -12.668 4.99992 0.29248 2 
111.603 -12.668 5.72593 0.35722 2 
114.169 -12.668 5.95153 2.36134 2 
116.735 -12.668 7.26423 2.80800 2 
119.300 -12.668 0.00000 -0.00000 0 
-8.980 -15.233 7.17569 -0.94988 2 
-6.414 -15.233 7.30705 -1.12983 2 
-3.848 -15.233 7.22498 -1.24838 2 
-1.283 -15.233 7.14667 -1.46588 2 
1.283 -15.233 7.26315 -1.58305 2 
3.848 -15.233 7.35773 -2.06847 2 
6.414 -15.233 7.48042 -2.24099 2 
8.980 -15.233 7.88429 -2.09825 2 
11.545 -15.233 8.08635 -2.39008 2 
14.111 -15.233 8.59509 -2.42526 2 
16.676 -15.233 8.83132 -2.33549 2 
19.242 -15.233 9.16742 -2.26629 2 
21.808 -15.233 8.98529 -2.07068 2 
24.373 -15.233 9.39726 -2.11148 2 
26.939 -15.233 9.57280 -1.46248 2 
29.504 -15.233 9.61306 -1.55439 2 
32.070 -15.233 9.85893 -1.44107 2 
34.636 -15.233 8.34849 -0.85861 2 
37.201 -15.233 8.50340 -0.93013 2 
39.767 -15.233 8.94991 -1.25173 2 
42.332 -15.233 10.33853 -1.09657 2 
44.898 -15.233 6.05695 -0.49422 2 
47.464 -15.233 6.39590 0.17353 2 
50.029 -15.233 7.13725 -0.58702 2 
52.595 -15.233 7.54739 -0.62468 2 
55.160 -15.233 6.43142 -0.25116 2 
57.726 -15.233 4.54495 -0.16345 2 
60.292 -15.233 5.88836 0.14081 2 
62.857 -15.233 6.25014 -0.16646 2 
65.423 -15.233 7.56646 -0.52938 2 
67.988 -15.233 8.49830 -0.21782 2 
70.554 -15.233 5.84031 0.09551 2 
73.120 -15.233 3.96188 -0.22169 2 
75.685 -15.233 5.41847 -0.19179 2 
78.251 -15.233 6.52534 -0.41869 2 
80.816 -15.233 5.04920 0.65386 2 
83.382 -15.233 8.44171 0.57638 2 
85.948 -15.233 6.97418 1.15528 2 
88.513 -15.233 7.84835 1.24082 2 
91.079 -15.233 7.07703 1.18260 2 
93.644 -15.233 6.10287 1.18795 2 
96.210 -15.233 5.09051 -0.21419 2 
98.776 -15.233 4.57359 0.52300 2 
101.341 -15.233 5.36441 -0.11429 2 
103.907 -15.233 6.87135 1.63055 2 
106.472 -15.233 8.71742 0.62256 2 
109.038 -15.233 6.97672 0.58895 2 
111.603 -15.233 7.44331 0.52409 2 
114.169 -15.233 7.57659 1.38759 2 
116.735 -15.233 9.05802 2.39727 2 
119.300 -15.233 0.00000 -0.00000 0 
-8.980 -17.799 7.50006 -1.07874 2 
-6.414 -17.799 7.32029 -1.02000 2 
-3.848 -17.799 7.38545 -1.30338 2 
-1.283 -17.799 7.38597 -1.44556 2 
1.283 -17.799 7.37184 -1.54707 2 
3.848 -17.799 7.40649 -1.74852 2 
6.414 -17.799 7.80469 -1.92822 2 
8.980 -17.799 8.05743 -2.19879 2 
11.545 -17.799 8.24012 -2.26457 2 
14.111 -17.799 8.45466 -2.19516 2 
16.676 -17.799 8.79375 -2.15056 2 
19.242 -17.799 8.85493 -2.14329 2 
21.808 -17.799 8.98644 -1.75066 2 
24.373 -17.799 9.28233 -1.78174 2 
26.939 -17.799 9.29507 -1.57726 2 
29.504 -17.799 9.33501 -1.40695 2 
32.070 -17.799 9.46036 -1.46790 2 
34.636 -17.799 9.56457 -1.26164 2 
37.201 -17.799 9.42790 -1.08308 2 
39.767 -17.799 9.19985 -1.28309 2 
42.332 -17.799 9.91559 -1.02805 2 
44.898 -17.799 10.19100 -1.02978 2 
47.464 -17.799 9.10256 0.04537 2 
50.029 -17.799 8.34181 -0.56276 2 
52.595 -17.799 8.53140 -0.50248 2 
55.160 -17.799 9.96609 -0.46427 2 
57.726 -17.799 9.55123 -0.15271 2 
60.292 -17.799 7.73197 -0.06802 2 
62.857 -17.799 9.29899 0.09098 2 
65.423 -17.799 8.15460 -0.62553 2 
67.988 -17.799 9.94890 -0.87960 2 
70.554 -17.799 8.77288 -1.06593 2 
73.120 -17.799 6.81813 -0.57663 2 
75.685 -17.799 7.45397 -0.35786 2 
78.251 -17.799 7.54299 -0.50356 2 
80.816 -17.799 5.84982 0.61995 2 
83.382 -17.799 8.80035 0.54587 2 
85.948 -17.799 7.68851 0.30742 2 
88.513 -17.799 8.93565 1.04554 2 
91.079 -17.799 7.84626 1.15565 2 
93.644 -17.799 7.25912 0.37341 2 
96.210 -17.799 7.64665 0.10946 2 
98.776 -17.799 9.13047 1.54596 2 
101.341 -17.799 9.11811 2.16467 2 
103.907 -17.799 8.63318 1.88439 2 
106.472 -17.799 9.08508 1.67939 2 
109.038 -17.799 8.95352 0.88541 2 
111.603 -17.799 9.16070 0.69096 2 
114.169 -17.799 9.54744 1.49222 2 
116.735 -17.799 9.66800 1.71271 2 
119.300 -17.799 0.00000 -0.00000 0 
-8.980 -20.364 7.33090 -0.80101 2 
-6.414 -20.364 7.31438 -1.08772 2 
-3.848 -20.364 7.51917 -1.16941 2 
-1.283 -20.364 7.45543 -1.36419 2 
1.283 -20.364 7.46978 -1.48085 2 
3.848 -20.364 7.83083 -1.77670 2 
6.414 -20.364 7.87270 -1.80294 2 
8.980 -20.364 7.99901 -1.95330 2 
11.545 -20.364 8.25656 -1.95697 2 
14.111 -20.364 8.57504 -1.94402 2 
16.676 -20.364 8.76392 -2.04357 2 
19.242 -20.364 8.81755 -1.72360 2 
21.808 -20.364 9.12082 -1.76853 2 
24.373 -20.364 9.03328 -1.56469 2 
26.939 -20.364 9.24256 -1.57335 2 
29.504 -20.364 9.27420 -1.28069 2 
32.070 -20.364 9.20195 -1.25358 2 
34.636 -20.364 9.41124 -1.21593 2 
37.201 -20.364 9.32505 -0.97780 2 
39.767 -20.364 9.54278 -1.06351 2 
42.332 -20.364 9.49265 -0.95953 2 
44.898 -20.364 9.93988 -0.89444 2 
47.464 -20.364 9.85171 -0.52360 2 
50.029 -20.364 9.54636 -0.53849 2 
52.595 -20.364 9.51541 -0.38028 2 
55.160 -20.364 9.37875 -0.41920 2 
57.726 -20.364 9.11266 -0.58468 2 
60.292 -20.364 9.57558 -0.27686 2 
62.857 -20.364 8.93545 -0.26171 2 
65.423 -20.364 8.74274 -0.72168 2 
67.988 -20.364 10.17078 -0.23320 2 
70.554 -20.364 9.41156 -0.49021 2 
73.120 -20.364 8.27044 -0.45362 2 
75.685 -20.364 9.48946 -0.52392 2 
78.251 -20.364 9.84740 0.20287 2 
80.816 -20.364 7.85178 0.51163 2 
83.382 -20.364 9.93700 0.45144 2 
85.948 -20.364 9.92285 0.08037 2 
88.513 -20.364 10.02295 0.85025 2 
91.079 -20.364 8.96939 0.89767 2 
93.644 -20.364 9.49325 0.65103 2 
96.210 -20.364 9.57923 0.67721 2 
98.776 -20.364 10.00262 1.49232 2 
101.341 -20.364 9.45632 1.65348 2 
103.907 -20.364 9.43262 1.60572 2 
106.472 -20.364 8.96414 1.43743 2 
109.038 -20.364 9.34750 1.04121 2 
111.603 -20.364 9.33395 1.40670 2 
114.169 -20.364 9.11912 1.53597 2 
116.735 -20.364 9.39292 1.53267 2 
119.300 -20.364 0.00000 -0.00000 0 
-8.980 -22.930 7.26638 -1.21326 2 
-6.414 -22.930 7.66822 -0.90785 2 
-3.848 -22.930 7.49173 -1.34120 2 
-1.283 -22.930 7.62914 -1.16350 2 
1.283 -22.930 7.68604 -1.47354 2 
3.848 -22.930 7.81971 -1.42746 2 
6.414 -22.930 7.94926 -1.58666 2 
8.980 -22.930 8.18930 -1.65883 2 
11.545 -22.930 8.32624 -1.79191 2 
14.111 -22.930 8.64083 -1.76340 2 
16.676 -22.930 8.66664 -1.65548 2 
19.242 -22.930 8.80715 -1.80577 2 
21.808 -22.930 8.86744 -1.55096 2 
24.373 -22.930 8.91681 -1.49183 2 
26.939 -22.930 9.06940 -1.45585 2 
29.504 -22.930 9.21118 -1.35599 2 
32.070 -22.930 9.17533 -1.10600 2 
34.636 -22.930 9.32519 -1.17363 2 
37.201 -22.930 9.47234 -0.92517 2 
39.767 -22.930 9.34536 -0.96939 2 
42.332 -22.930 9.71195 -0.93084 2 
44.898 -22.930 9.49790 -0.81556 2 
47.464 -22.930 9.67113 -0.80100 2 
50.029 -22.930 9.48709 -0.51604 2 
52.595 -22.930 9.51253 -0.50723 2 
55.160 -22.930 9.57296 -0.49492 2 
57.726 -22.930 9.30674 -0.43105 2 
60.292 -22.930 9.24848 -0.61250 2 
62.857 -22.930 9.27779 -0.41833 2 
65.423 -22.930 9.07210 -0.57749 2 
67.988 -22.930 9.88291 -0.62479 2 
70.554 -22.930 9.72993 -0.21277 2 
73.120 -22.930 9.72275 -0.33062 2 
75.685 -22.930 9.93472 -0.23071 2 
78.251 -22.930 10.13251 0.10069 2 
80.816 -22.930 9.85374 0.40331 2 
83.382 -22.930 9.81247 0.41645 2 
85.948 -22.930 10.11905 0.49023 2 
88.513 -22.930 9.93718 0.79662 2 
91.079 -22.930 10.09253 0.63968 2 
93.644 -22.930 9.83994 1.07436 2 
96.210 -22.930 9.63482 1.07501 2 
98.776 -22.930 9.69843 1.11925 2 
101.341 -22.930 9.58139 1.31720 2 
103.907 -22.930 9.07487 1.44300 2 
106.472 -22.930 9.26191 1.16798 2 
109.038 -22.930 8.93554 1.32189 2 
111.603 -22.930 9.09483 1.38888 2 
114.169 -22.930 9.12015 1.46158 2 
116.735 -22.930 9.21926 1.39516 2 
119.300 -22.930 0.00000 -0.00000 0 
-8.980 -25.496 7.53359 -0.77313 2 
-6.414 -25.496 7.63735 -1.12585 2 
-3.848 -25.496 7.52474 -1.20189 2 
-1.283 -25.496 7.76016 -1.15100 2 
1.283 -25.496 7.74340 -1.22305 2 
3.848 -25.496 7.89774 -1.45744 2 
6.414 -25.496 8.00224 -1.37799 2 
8.980 -25.496 8.27209 -1.55263 2 
11.545 -25.496 8.26273 -1.55797 2 
14.111 -25.496 8.56339 -1.54299 2 
16.676 -25.496 8.58693 -1.60804 2 
19.242 -25.496 8.77533 -1.43145 2 
21.808 -25.496 8.97610 -1.42345 2 
24.373 -25.496 8.85507 -1.38890 2 
26.939 -25.496 9.01765 -1.29942 2 
29.504 -25.496 9.02133 -1.22895 2 
32.070 -25.496 9.15783 -1.07169 2 
34.636 -25.496 9.14776 -1.10912 2 
37.201 -25.496 9.29221 -1.08201 2 
39.767 -25.496 9.24089 -1.03848 2 
42.332 -25.496 9.21564 -0.85749 2 
44.898 -25.496 9.50994 -0.76481 2 
47.464 -25.496 9.36831 -0.68593 2 
50.029 -25.496 9.41938 -0.63188 2 
52.595 -25.496 9.46745 -0.46391 2 
55.160 -25.496 9.43868 -0.54007 2 
57.726 -25.496 9.30715 -0.41633 2 
60.292 -25.496 9.26829 -0.50430 2 
62.857 -25.496 9.30456 -0.62331 2 
65.423 -25.496 9.40146 -0.43330 2 
67.988 -25.496 9.60277 -0.33691 2 
70.554 -25.496 9.61277 -0.29564 2 
73.120 -25.496 9.71948 -0.20968 2 
75.685 -25.496 9.80505 -0.08460 2 
78.251 -25.496 9.72323 0.10102 2 
80.816 -25.496 9.76851 0.09466 2 
83.382 -25.496 9.83756 0.29282 2 
85.948 -25.496 9.65373 0.44464 2 
88.513 -25.496 9.63526 0.62582 2 
91.079 -25.496 9.56875 0.63882 2 
93.644 -25.496 9.61512 0.84597 2 
96.210 -25.496 9.63537 0.92084 2 
98.776 -25.496 9.58590 0.93553 2 
101.341 -25.496 9.12725 1.22023 2 
103.907 -25.496 9.26931 1.10986 2 
106.472 -25.496 9.07250 1.17603 2 
109.038 -25.496 9.14551 1.21620 2 
111.603 -25.496 9.18748 1.22368 2 
114.169 -25.496 8.72330 1.38719 2 
116.735 -25.496 9.31950 1.16773 2 
119.300 -25.496 0.00000 -0.00000 0 
-8.980 -28.061 7.80060 -0.85164 2 
-6.414 -28.061 7.57091 -1.12698 2 
-3.848 -28.061 7.75294 -0.95443 2 
-1.283 -28.061 7.71027 -1.14465 2 
1.283 -28.061 8.02162 -1.18413 2 
3.848 -28.061 7.90605 -1.33869 2 
6.414 -28.061 8.26848 -1.27554 2 
8.980 -28.061 8.15259 -1.43886 2 
11.545 -28.061 8.34837 -1.45472 2 
14.111 -28.061 8.55526 -1.34958 2 
16.676 -28.061 8.66859 -1.28370 2 
19.242 -28.061 8.80671 -1.31406 2 
21.808 -28.061 8.75945 -1.43144 2 
24.373 -28.061 8.85118 -1.23914 2 
26.939 -28.061 8.94273 -1.08457 2 
29.504 -28.061 8.91906 -1.17604 2 
32.070 -28.061 8.97661 -0.93453 2 
34.636 -28.061 9.08817 -0.92874 2 
37.201 -28.061 9.23752 -0.85783 2 
39.767 -28.061 9.28050 -0.89412 2 
42.332 -28.061 9.42705 -0.67385 2 
44.898 -28.061 9.36967 -0.77843 2 
47.464 -28.061 9.39233 -0.62923 2 
50.029 -28.061 9.37097 -0.67425 2 
52.595 -28.061 9.28599 -0.52800 2 
55.160 -28.061 9.47137 -0.47652 2 
57.726 -28.061 9.20924 -0.58585 2 
60.292 -28.061 9.27433 -0.38925 2 
62.857 -28.061 9.18382 -0.38866 2 
65.423 -28.061 9.50967 -0.36474 2 
67.988 -28.061 9.43937 -0.52369 2 
70.554 -28.061 9.58681 -0.21678 2 
73.120 -28.061 9.66699 -0.02507 2 
75.685 -28.061 9.41147 -0.01159 2 
78.251 -28.061 9.57281 0.09506 2 
80.816 -28.061 9.62062 0.26594 2 
83.382 -28.061 9.64210 0.36223 2 
85.948 -28.061 9.78374 0.48692 2 
88.513 -28.061 9.50595 0.57417 2 
91.079 -28.061 9.59388 0.59395 2 
93.644 -28.061 9.36703 0.60044 2 
96.210 -28.061 9.34073 0.84563 2 
98.776 -28.061 9.23128 0.87679 2 
101.341 -28.061 9.38021 0.88469 2 
103.907 -28.061 9.22981 0.96323 2 
106.472 -28.061 9.01689 1.10246 2 
109.038 -28.061 9.12495 1.18729 2 
111.603 -28.061 9.03428 1.32544 2 
114.169 -28.061 8.70515 1.23466 2 
116.735 -28.061 9.41690 1.22175 2 
119.300 -28.061 0.00000 -0.00000 0 
-8.980 -30.627 7.71836 -1.04260 2 
-6.414 -30.627 7.64394 -0.86458 2 
-3.848 -30.627 7.72339 -1.08853 2 
-1.283 -30.627 7.97890 -1.09113 2 
1.283 -30.627 7.90952 -1.07734 2 
3.848 -30.627 7.99661 -1.12901 2 
6.414 -30.627 8.22997 -1.23535 2 
8.980 -30.627 8.30007 -1.30353 2 
11.545 -30.627 8.29080 -1.42455 2 
14.111 -30.627 8.46620 -1.31079 2 
16.676 -30.627 8.64154 -1.24310 2 
19.242 -30.627 8.51161 -1.19594 2 
21.808 -30.627 8.84274 -1.12890 2 
24.373 -30.627 8.80195 -1.14076 2 
26.939 -30.627 8.95197 -1.18895 2 
29.504 -30.627 9.00683 -0.98162 2 
32.070 -30.627 9.11520 -0.97365 2 
34.636 -30.627 8.98270 -1.09300 2 
37.201 -30.627 9.13166 -1.05077 2 
39.767 -30.627 9.20624 -0.77296 2 
42.332 -30.627 9.15634 -0.84616 2 
44.898 -30.627 9.22213 -0.78022 2 
47.464 -30.627 9.19082 -0.60772 2 
50.029 -30.627 9.41050 -0.63802 2 
52.595 -30.627 9.19374 -0.69754 2 
55.160 -30.627 9.21073 -0.41466 2 
57.726 -30.627 9.40918 -0.55341 2 
60.292 -30.627 9.46187 -0.46173 2 
62.857 -30.627 9.26118 -0.40869 2 
65.423 -30.627 9.31242 -0.38420 2 
67.988 -30.627 9.37530 -0.17616 2 
70.554 -30.627 9.32748 -0.25584 2 
73.120 -30.627 9.35971 -0.19552 2 
75.685 -30.627 9.55234 0.08343 2 
78.251 -30.627 9.40111 0.10549 2 
80.816 -30.627 9.48638 0.18039 2 
83.382 -30.627 9.39843 0.27252 2 
85.948 -30.627 9.66605 0.37303 2 
88.513 -30.627 9.50414 0.68791 2 
91.079 -30.627 9.34945 0.54519 2 
93.644 -30.627 9.31975 0.76340 2 
96.210 -30.627 9.32890 0.70336 2 
98.776 -30.627 9.30525 0.78600 2 
101.341 -30.627 9.20499 0.89102 2 
103.907 -30.627 8.95433 0.94466 2 
106.472 -30.627 9.06165 1.03315 2 
109.038 -30.627 8.90565 1.00288 2 
111.603 -30.627 8.88044 1.20751 2 
114.169 -30.627 8.75399 1.08014 2 
116.735 -30.627 9.29572 1.36164 2 
119.300 -30.627 0.00000 -0.00000 0 
-8.980 -33.192 7.87117 -0.76256 2 
-6.414 -33.192 7.86103 -1.01886 2 
-3.848 -33.192 7.87052 -0.85587 2 
-1.283 -33.192 7.85301 -1.00792 2 
1.283 -33.192 7.89637 -0.95414 2 
3.848 -33.192 8.02185 -1.04122 2 
6.414 -33.192 8.24237 -1.07725 2 
8.980 -33.192 8.18695 -1.25651 2 
11.545 -33.192 8.33781 -0.88724 2 
14.111 -33.192 8.37807 -1.24752 2 
16.676 -33.192 8.51398 -0.98893 2 
19.242 -33.192 8.62336 -1.13965 2 
21.808 -33.192 8.64652 -1.22656 2 
24.373 -33.192 8.63529 -0.97285 2 
26.939 -33.192 8.91282 -0.94815 2 
29.504 -33.192 8.93590 -0.96524 2 
32.070 -33.192 8.87379 -0.96903 2 
34.636 -33.192 8.94660 -0.69782 2 
37.201 -33.192 9.14838 -0.87541 2 
39.767 -33.192 9.09579 -0.84838 2 
42.332 -33.192 9.04204 -0.80658 2 
44.898 -33.192 9.17689 -0.71430 2 
47.464 -33.192 9.29827 -0.56793 2 
50.029 -33.192 9.20534 -0.54963 2 
52.595 -33.192 9.41618 -0.58622 2 
55.160 -33.192 9.34090 -0.46667 2 
57.726 -33.192 9.15513 -0.45991 2 
60.292 -33.192 9.22940 -0.44698 2 
62.857 -33.192 9.23643 -0.40491 2 
65.423 -33.192 9.26946 -0.20313 2 
67.988 -33.192 9.21117 -0.27316 2 
70.554 -33.192 9.45465 -0.19593 2 
73.120 -33.192 9.35029 -0.04027 2 
75.685 -33.192 9.44634 -0.01938 2 
78.251 -33.192 9.32014 0.14917 2 
80.816 -33.192 9.49009 0.11741 2 
83.382 -33.192 9.46554 0.27955 2 
85.948 -33.192 9.41302 0.25738 2 
88.513 -33.192 9.11190 0.58731 2 
91.079 -33.192 9.38212 0.56464 2 
93.644 -33.192 9.10959 0.57688 2 
96.210 -33.192 9.14904 0.67804 2 
98.776 -33.192 9.07893 0.75371 2 
101.341 -33.192 9.21059 0.87432 2 
103.907 -33.192 9.11283 0.86651 2 
106.472 -33.192 8.85822 0.94927 2 
109.038 -33.192 9.09063 0.99138 2 
111.603 -33.192 8.95220 1.00323 2 
114.169 -33.192 8.70350 1.05743 2 
116.735 -33.192 9.09927 1.14070 2 
119.300 -33.192 0.00000 -0.00000 0 
-8.980 -35.758 7.75991 -0.90349 2 
-6.414 -35.758 7.71133 -0.82915 2 
-3.848 -35.758 8.01148 -1.03344 2 
-1.283 -35.758 7.95677 -0.95323 2 
1.283 -35.758 8.11091 -1.03330 2 
3.848 -35.758 8.21186 -0.90868 2 
6.414 -35.758 8.20146 -1.03985 2 
8.980 -35.758 8.37720 -1.25639 2 
11.545 -35.758 8.38299 -1.02286 2 
14.111 -35.758 8.49322 -1.07314 2 
16.676 -35.758 8.63652 -1.14172 2 
19.242 -35.758 8.64529 -1.01295 2 
21.808 -35.758 8.62404 -1.09398 2 
24.373 -35.758 8.90979 -0.89927 2 
26.939 -35.758 8.67350 -1.01580 2 
29.504 -35.758 8.97457 -0.95088 2 
32.070 -35.758 8.90851 -0.89915 2 
34.636 -35.758 8.95470 -1.04478 2 
37.201 -35.758 9.08990 -0.60323 2 
39.767 -35.758 9.01924 -0.71345 2 
42.332 -35.758 9.01505 -0.64553 2 
44.898 -35.758 9.14076 -0.62894 2 
47.464 -35.758 9.06153 -0.70768 2 
50.029 -35.758 9.35414 -0.66900 2 
52.595 -35.758 9.12308 -0.45458 2 
55.160 -35.758 9.08017 -0.39055 2 
57.726 -35.758 9.22395 -0.35310 2 
60.292 -35.758 8.95913 -0.30592 2 
62.857 -35.758 9.19192 -0.19422 2 
65.423 -35.758 9.33681 -0.35224 2 
67.988 -35.758 9.34445 -0.25729 2 
70.554 -35.758 9.16233 -0.14974 2 
73.120 -35.758 9.44870 0.07331 2 
75.685 -35.758 9.26891 0.07974 2 
78.251 -35.758 9.29834 0.23397 2 
80.816 -35.758 9.18308 0.07626 2 
83.382 -35.758 9.29221 0.26044 2 
85.948 -35.758 9.25307 0.44580 2 
88.513 -35.758 9.40267 0.44269 2 
91.079 -35.758 9.20128 0.60259 2 
93.644 -35.758 9.29920 0.66455 2 
96.210 -35.758 9.31262 0.77338 2 
98.776 -35.758 9.18389 0.77352 2 
101.341 -35.758 8.97741 0.79901 2 
103.907 -35.758 9.00880 0.86582 2 
106.472 -35.758 8.93565 0.87758 2 
109.038 -35.758 8.94148 0.90744 2 
111.603 -35.758 8.73322 1.03276 2 
114.169 -35.758 8.59516 0.78012 2 
116.735 -35.758 9.14950 0.97095 2 
119.300 -35.758 0.00000 -0.00000 0 
-8.980 -38.324 8.02133 -0.84643 2 
-6.414 -38.324 7.93542 -0.82340 2 
-3.848 -38.324 8.02681 -0.94403 2 
-1.283 -38.324 8.01250 -0.85870 2 
1.283 -38.324 8.02081 -0.89398 2 
3.848 -38.324 8.15187 -0.97159 2 
6.414 -38.324 8.25165 -0.94931 2 
8.980 -38.324 8.30018 -0.93578 2 
11.545 -38.324 8.35622 -0.99528 2 
14.111 -38.324 8.45194 -1.05612 2 
16.676 -38.324 8.57623 -0.98801 2 
19.242 -38.324 8.67212 -1.06660 2 
21.808 -38.324 8.52046 -0.83223 2 
24.373 -38.324 8.71494 -0.94867 2 
26.939 -38.324 8.86943 -0.79292 2 
29.504 -38.324 8.80358 -0.85766 2 
32.070 -38.324 8.93811 -0.85702 2 
34.636 -38.324 8.91481 -0.81641 2 
37.201 -38.324 8.99459 -0.79349 2 
39.767 -38.324 9.10234 -0.80879 2 
42.332 -38.324 8.98887 -0.83290 2 
44.898 -38.324 9.06496 -0.57956 2 
47.464 -38.324 9.00948 -0.58769 2 
50.029 -38.324 9.03909 -0.41638 2 
52.595 -38.324 9.06452 -0.62907 2 
55.160 -38.324 9.19535 -0.46924 2 
57.726 -38.324 9.07290 -0.55170 2 
60.292 -38.324 9.23664 -0.32341 2 
62.857 -38.324 9.25350 -0.27599 2 
65.423 -38.324 9.19143 -0.22969 2 
67.988 -38.324 9.24207 -0.13365 2 
70.554 -38.324 9.17814 -0.10046 2 
73.120 -38.324 9.12558 -0.08471 2 
75.685 -38.324 9.25443 0.04268 2 
78.251 -38.324 9.10470 0.15530 2 
80.816 -38.324 9.36667 0.18134 2 
83.382 -38.324 9.33815 0.45880 2 
85.948 -38.324 9.07740 0.32466 2 
88.513 -38.324 9.24729 0.42858 2 
91.079 -38.324 8.91656 0.58443 2 
93.644 -38.324 9.17316 0.59704 2 
96.210 -38.324 9.24953 0.54101 2 
98.776 -38.324 9.13796 0.81166 2 
101.341 -38.324 8.82703 0.77434 2 
103.907 -38.324 9.01012 0.75072 2 
106.472 -38.324 8.88797 0.85019 2 
109.038 -38.324 8.73384 0.86974 2 
111.603 -38.324 8.78598 0.79963 2 
114.169 -38.324 8.79809 0.96783 2 
116.735 -38.324 8.93096 1.11389 2 
119.300 -38.324 0.00000 -0.00000 0 
-8.980 -40.889 7.80957 -0.84928 2 
-6.414 -40.889 7.91453 -0.84209 2 
-3.848 -40.889 8.01245 -0.75116 2 
-1.283 -40.889 8.13141 -0.99123 2 
1.283 -40.889 8.17632 -0.82422 2 
3.848 -40.889 8.13736 -0.81564 2 
6.414 -40.889 8.32161 -1.04078 2 
8.980 -40.889 8.29520 -0.94621 2 
11.545 -40.889 8.42651 -0.96035 2 
14.111 -40.889 8.43021 -0.95679 2 
16.676 -40.889 8.51446 -0.94910 2 
19.242 -40.889 8.62721 -0.85174 2 
21.808 -40.889 8.66813 -0.88799 2 
24.373 -40.889 8.81759 -0.90614 2 
26.939 -40.889 8.68845 -0.80192 2 
29.504 -40.889 8.87257 -0.77732 2 
32.070 -40.889 8.76915 -0.87934 2 
34.636 -40.889 8.90270 -0.80582 2 
37.201 -40.889 8.84467 -0.73539 2 
39.767 -40.889 8.99982 -0.60729 2 
42.332 -40.889 8.89256 -0.65743 2 
44.898 -40.889 8.88997 -0.56504 2 
47.464 -40.889 8.95984 -0.46339 2 
50.029 -40.889 9.04738 -0.61176 2 
52.595 -40.889 9.02321 -0.41000 2 
55.160 -40.889 9.06561 -0.42959 2 
57.726 -40.889 9.05034 -0.27881 2 
60.292 -40.889 9.01014 -0.30838 2 
62.857 -40.889 9.00938 -0.19248 2 
65.423 -40.889 9.15646 -0.20172 2 
67.988 -40.889 9.14798 -0.06932 2 
70.554 -40.889 9.33434 -0.03531 2 
73.120 -40.889 9.14379 0.06868 2 
75.685 -40.889 9.25225 0.06946 2 
78.251 -40.889 9.17208 0.16478 2 
80.816 -40.889 9.28428 0.31666 2 
83.382 -40.889 8.97626 0.25454 2 
85.948 -40.889 9.12012 0.16384 2 
88.513 -40.889 9.18719 0.42164 2 
91.079 -40.889 9.17411 0.45017 2 
93.644 -40.889 9.03840 0.61304 2 
96.210 -40.889 8.93519 0.61723 2 
98.776 -40.889 9.02655 0.57883 2 
101.341 -40.889 8.99809 0.67925 2 
103.907 -40.889 8.98283 0.81483 2 
106.472 -40.889 8.78602 0.72287 2 
109.038 -40.889 8.69929 0.86975 2 
111.603 -40.889 8.89388 0.89135 2 
114.169 -40.889 8.64225 0.74729 2 
116.735 -40.889 8.79082 0.77979 2 
119.300 -40.889 0.00000 -0.00000 0 
-8.980 -43.455 8.04083 -0.63941 2 
-6.414 -43.455 7.95543 -0.90207 2 
-3.848 -43.455 8.03795 -0.73538 2 
-1.283 -43.455 8.07436 -0.83412 2 
1.283 -43.455 8.17096 -0.82501 2 
3.848 -43.455 8.22612 -0.95116 2 
6.414 -43.455 8.38554 -0.73381 2 
8.980 -43.455 8.33248 -0.87791 2 
11.545 -43.455 8.43166 -0.92357 2 
14.111 -43.455 8.56570 -0.87281 2 
16.676 -43.455 8.46636 -0.90223 2 
19.242 -43.455 8.48517 -0.81358 2 
21.808 -43.455 8.72629 -0.76304 2 
24.373 -43.455 8.72062 -0.91490 2 
26.939 -43.455 8.82910 -0.85450 2 
29.504 -43.455 8.61837 -0.80532 2 
32.070 -43.455 8.75493 -0.80535 2 
34.636 -43.455 8.83285 -0.59093 2 
37.201 -43.455 8.87564 -0.65126 2 
39.767 -43.455 8.89405 -0.62829 2 
42.332 -43.455 8.92272 -0.62502 2 
44.898 -43.455 8.96784 -0.55996 2 
47.464 -43.455 9.08556 -0.55729 2 
50.029 -43.455 9.02440 -0.42021 2 
52.595 -43.455 9.06956 -0.52281 2 
55.160 -43.455 9.03471 -0.39586 2 
57.726 -43.455 9.02593 -0.27472 2 
60.292 -43.455 8.94708 -0.34053 2 
62.857 -43.455 9.16481 -0.24371 2 
65.423 -43.455 8.94308 -0.12837 2 
67.988 -43.455 9.19667 -0.16790 2 
70.554 -43.455 8.98322 -0.04511 2 
73.120 -43.455 9.13701 0.06218 2 
75.685 -43.455 8.97466 -0.12812 2 
78.251 -43.455 9.05984 0.16095 2 
80.816 -43.455 9.05953 0.32777 2 
83.382 -43.455 9.20918 0.33471 2 
85.948 -43.455 9.17130 0.24921 2 
88.513 -43.455 9.09170 0.34368 2 
91.079 -43.455 8.96031 0.45247 2 
93.644 -43.455 8.98279 0.46240 2 
96.210 -43.455 9.05908 0.46710 2 
98.776 -43.455 8.83525 0.68388 2 
101.341 -43.455 8.81725 0.69763 2 
103.907 -43.455 8.93988 0.58457 2 
106.472 -43.455 8.76754 0.75862 2 
109.038 -43.455 8.73658 0.74054 2 
111.603 -43.455 8.67748 0.72790 2 
114.169 -43.455 8.67575 0.72835 2 
116.735 -43.455 8.98820 0.77562 2 
119.300 -43.455 0.00000 -0.00000 0 
-8.980 -46.020 8.03743 -0.79814 2 
-6.414 -46.020 7.95473 -0.70686 2 
-3.848 -46.020 8.06707 -0.83876 2 
-1.283 -46.020 8.01508 -0.73693 2 
1.283 -46.020 8.16258 -0.80210 2 
3.848 -46.020 8.18170 -0.87592 2 
6.414 -46.020 8.21919 -0.85169 2 
8.980 -46.020 8.27024 -0.81635 2 
11.545 -46.020 8.34000 -0.82920 2 
14.111 -46.020 8.46500 -0.82821 2 
16.676 -46.020 8.51208 -0.89463 2 
19.242 -46.020 8.66055 -0.79121 2 
21.808 -46.020 8.45535 -0.84284 2 
24.373 -46.020 8.71027 -0.84034 2 
26.939 -46.020 8.67341 -0.66513 2 
29.504 -46.020 8.80405 -0.87606 2 
32.070 -46.020 8.78083 -0.62760 2 
34.636 -46.020 8.96269 -0.71285 2 
37.201 -46.020 8.80493 -0.66512 2 
39.767 -46.020 8.78972 -0.71516 2 
42.332 -46.020 8.92654 -0.61315 2 
44.898 -46.020 8.91868 -0.52115 2 
47.464 -46.020 8.89242 -0.62141 2 
50.029 -46.020 8.94009 -0.43804 2 
52.595 -46.020 8.86881 -0.33858 2 
55.160 -46.020 9.06077 -0.49873 2 
57.726 -46.020 8.89447 -0.18723 2 
60.292 -46.020 9.12664 -0.13500 2 
62.857 -46.020 8.82291 -0.21295 2 
65.423 -46.020 9.12225 -0.09447 2 
67.988 -46.020 9.02789 -0.09325 2 
70.554 -46.020 9.02186 -0.18972 2 
73.120 -46.020 8.88535 0.03031 2 
75.685 -46.020 9.17957 0.09324 2 
78.251 -46.020 9.09224 0.00640 2 
80.816 -46.020 9.08134 0.17297 2 
83.382 -46.020 9.04795 0.15929 2 
85.948 -46.020 8.97198 0.19477 2 
88.513 -46.020 9.03376 0.38612 2 
91.079 -46.020 8.88644 0.58482 2 
93.644 -46.020 8.90277 0.42222 2 
96.210 -46.020 8.97121 0.66358 2 
98.776 -46.020 8.87132 0.57869 2 
101.341 -46.020 8.89689 0.67048 2 
103.907 -46.020 8.76107 0.53118 2 
106.472 -46.020 8.81660 0.69376 2 
109.038 -46.020 8.71538 0.71909 2 
111.603 -46.020 8.73729 0.78411 2 
114.169 -46.020 8.68679 0.87213 2 
116.735 -46.020 9.01208 0.75481 2 
119.300 -46.020 0.00000 -0.00000 0 
-8.980 -48.586 7.97444 -0.73097 2 
-6.414 -48.586 8.15687 -0.77211 2 
-3.848 -48.586 8.00020 -0.81483 2 
-1.283 -48.586 8.01876 -0.74114 2 
1.283 -48.586 8.12324 -0.78848 2 
3.848 -48.586 8.26302 -0.64484 2 
6.414 -48.586 8.16728 -0.76451 2 
8.980 -48.586 8.49835 -0.81577 2 
11.545 -48.586 8.31489 -0.78574 2 
14.111 -48.586 8.40866 -0.79794 2 
16.676 -48.586 8.52524 -0.68003 2 
19.242 -48.586 8.63821 -0.87250 2 
21.808 -48.586 8.65641 -0.79668 2 
24.373 -48.586 8.59104 -0.74334 2 
26.939 -48.586 8.65468 -0.79673 2 
29.504 -48.586 8.82667 -0.61721 2 
32.070 -48.586 8.66093 -0.65399 2 
34.636 -48.586 8.79039 -0.65493 2 
37.201 -48.586 8.83947 -0.58580 2 
39.767 -48.586 8.83016 -0.60230 2 
42.332 -48.586 8.81512 -0.55224 2 
44.898 -48.586 8.88566 -0.44314 2 
47.464 -48.586 8.90425 -0.53243 2 
50.029 -48.586 9.07574 -0.38104 2 
52.595 -48.586 8.89395 -0.38694 2 
55.160 -48.586 8.98926 -0.35522 2 
57.726 -48.586 9.02924 -0.30532 2 
60.292 -48.586 8.89191 -0.19573 2 
62.857 -48.586 8.98751 -0.23476 2 
65.423 -48.586 9.03018 0.00471 2 
67.988 -48.586 8.94294 -0.09119 2 
70.554 -48.586 8.85807 0.00123 2 
73.120 -48.586 9.03001 0.08192 2 
75.685 -48.586 8.98158 0.10622 2 
78.251 -48.586 9.02126 0.09770 2 
80.816 -48.586 8.84571 0.26551 2 
83.382 -48.586 9.00399 0.32609 2 
85.948 -48.586 8.93063 0.25125 2 
88.513 -48.586 9.01156 0.23495 2 
91.079 -48.586 8.93780 0.40621 2 
93.644 -48.586 8.91125 0.44929 2 
96.210 -48.586 8.90757 0.57969 2 
98.776 -48.586 8.80081 0.48009 2 
101.341 -48.586 8.94261 0.45588 2 
103.907 -48.586 8.88268 0.58549 2 
106.472 -48.586 8.67326 0.68559 2 
109.038 -48.586 8.73798 0.62576 2 
111.603 -48.586 8.63903 0.71038 2 
114.169 -48.586 8.53428 0.76485 2 
116.735 -48.586 9.03597 0.73401 2 
119.300 -48.586 0.00000 -0.00000 0 
-8.980 -51.152 8.05150 -0.66520 2 
-6.414 -51.152 8.01902 -0.74029 2 
-3.848 -51.152 7.97614 -0.78173 2 
-1.283 -51.152 8.11717 -0.64815 2 
1.283 -51.152 8.20230 -0.93633 2 
3.848 -51.152 8.17078 -0.75962 2 
6.414 -51.152 8.40152 -0.83002 2 
8.980 -51.152 8.35983 -0.70405 2 
11.545 -51.152 8.39162 -0.69258 2 
14.111 -51.152 8.55211 -0.68766 2 
16.676 -51.152 8.50402 -0.76966 2 
19.242 -51.152 8.58069 -0.85159 2 
21.808 -51.152 8.56276 -0.71828 2 
24.373 -51.152 8.67385 -0.85978 2 
26.939 -51.152 8.73176 -0.59889 2 
29.504 -51.152 8.58816 -0.75856 2 
32.070 -51.152 8.74773 -0.66499 2 
34.636 -51.152 8.66114 -0.77349 2 
37.201 -51.152 8.68027 -0.56778 2 
39.767 -51.152 8.84731 -0.55044 2 
42.332 -51.152 8.73317 -0.63375 2 
44.898 -51.152 8.84401 -0.44447 2 
47.464 -51.152 8.92010 -0.45949 2 
50.029 -51.152 8.92854 -0.42687 2 
52.595 -51.152 9.06330 -0.43673 2 
55.160 -51.152 8.87182 -0.50205 2 
57.726 -51.152 8.85429 -0.24873 2 
60.292 -51.152 8.95378 -0.27432 2 
62.857 -51.152 8.89813 -0.21607 2 
65.423 -51.152 8.89196 -0.13890 2 
67.988 -51.152 9.01765 -0.01112 2 
70.554 -51.152 8.93322 -0.10758 2 
73.120 -51.152 8.99577 0.18473 2 
75.685 -51.152 8.87931 0.11017 2 
78.251 -51.152 8.99481 0.16272 2 
80.816 -51.152 9.03664 0.24040 2 
83.382 -51.152 8.82443 0.15690 2 
85.948 -51.152 9.06306 0.30110 2 
88.513 -51.152 8.80639 0.37558 2 
91.079 -51.152 8.88357 0.32267 2 
93.644 -51.152 8.86965 0.39678 2 
96.210 -51.152 8.86817 0.50849 2 
98.776 -51.152 8.78378 0.60982 2 
101.341 -51.152 8.82702 0.64302 2 
103.907 -51.152 8.73479 0.58108 2 
106.472 -51.152 8.72464 0.59970 2 
109.038 -51.152 8.70289 0.57318 2 
111.603 -51.152 8.49475 0.72298 2 
114.169 -51.152 8.58919 0.57783 2 
116.735 -51.152 8.67523 0.59733 2 
119.300 -51.152 0.00000 -0.00000 0 
-8.980 -53.717 8.07282 -0.72385 2 
-6.414 -53.717 8.14603 -0.75487 2 
-3.848 -53.717 8.27220 -0.71318 2 
-1.283 -53.717 8.25703 -0.69404 2 
1.283 -53.717 8.34121 -0.69403 2 
3.848 -53.717 8.18379 -0.76932 2 
6.414 -53.717 8.52357 -0.70482 2 
8.980 -53.717 8.61151 -0.88433 2 
11.545 -53.717 8.48038 -0.68361 2 
14.111 -53.717 8.53264 -0.79728 2 
16.676 -53.717 8.66246 -0.75698 2 
19.242 -53.717 8.62486 -0.78935 2 
21.808 -53.717 8.59811 -0.64684 2 
24.373 -53.717 8.85019 -0.72678 2 
26.939 -53.717 8.71688 -0.61783 2 
29.504 -53.717 9.04026 -0.80081 2 
32.070 -53.717 9.01780 -0.72720 2 
34.636 -53.717 9.01984 -0.60809 2 
37.201 -53.717 9.08676 -0.55982 2 
39.767 -53.717 8.93608 -0.51890 2 
42.332 -53.717 8.78541 -0.47798 2 
44.898 -53.717 8.84222 -0.64047 2 
47.464 -53.717 8.81148 -0.46289 2 
50.029 -53.717 8.74701 -0.43408 2 
52.595 -53.717 8.95193 -0.47862 2 
55.160 -53.717 8.91901 -0.31447 2 
57.726 -53.717 8.99036 -0.17958 2 
60.292 -53.717 8.91131 -0.25491 2 
62.857 -53.717 8.96406 -0.17225 2 
65.423 -53.717 8.82479 -0.15873 2 
67.988 -53.717 8.94219 0.02511 2 
70.554 -53.717 8.93090 0.04657 2 
73.120 -53.717 8.93644 0.07111 2 
75.685 -53.717 8.94032 -0.01842 2 
78.251 -53.717 8.85847 0.21652 2 
80.816 -53.717 8.90437 0.19765 2 
83.382 -53.717 8.87762 0.37480 2 
85.948 -53.717 8.83107 0.39323 2 
88.513 -53.717 8.92936 0.24492 2 
91.079 -53.717 8.89541 0.35787 2 
93.644 -53.717 8.84702 0.42511 2 
96.210 -53.717 9.07692 0.46305 2 
98.776 -53.717 8.87434 0.69237 2 
101.341 -53.717 8.87279 0.71890 2 
103.907 -53.717 8.87124 0.74543 2 
106.472 -53.717 9.04979 0.53651 2 
109.038 -53.717 8.86677 0.79433 2 
111.603 -53.717 8.86783 0.51938 2 
114.169 -53.717 8.66071 0.73752 2 
116.735 -53.717 0.00000 -0.00000 0 
119.300 -53.717 0.00000 -0.00000 0 
-8.980 -56.283 0.00000 -0.00000 0 
-6.414 -56.283 0.00000 -0.00000 0 
-3.848 -56.283 0.00000 -0.00000 0 
-1.283 -56.283 0.00000 -0.00000 0 
1.283 -56.283 0.00000 -0.00000 0 
3.848 -56.283 0.00000 -0.00000 0 
6.414 -56.283 0.00000 -0.00000 0 
8.980 -56.283 0.00000 -0.00000 0 
11.545 -56.283 0.00000 -0.00000 0 
14.111 -56.283 0.00000 -0.00000 0 
16.676 -56.283 0.00000 -0.00000 0 
19.242 -56.283 0.00000 -0.00000 0 
21.808 -56.283 0.00000 -0.00000 0 
24.373 -56.283 0.00000 -0.00000 0 
26.939 -56.283 0.00000 -0.00000 0 
29.504 -56.283 0.00000 -0.00000 0 
32.070 -56.283 0.00000 -0.00000 0 
34.636 -56.283 0.00000 -0.00000 0 
37.201 -56.283 0.00000 -0.00000 0 
39.767 -56.283 0.00000 -0.00000 0 
42.332 -56.283 8.86851 -0.10590 2 
44.898 -56.283 8.84682 -0.03552 2 
47.464 -56.283 8.86094 -0.03580 2 
50.029 -56.283 8.87506 -0.03608 2 
52.595 -56.283 8.88917 -0.03636 2 
55.160 -56.283 8.90329 -0.03664 2 
57.726 -56.283 8.91741 -0.03692 2 
60.292 -56.283 8.87754 -0.10109 2 
62.857 -56.283 8.89558 -0.19618 2 
65.423 -56.283 8.92768 -0.22125 2 
67.988 -56.283 8.76740 -0.18736 2 
70.554 -56.283 8.92719 -0.08678 2 
73.120 -56.283 8.89919 -0.11670 2 
75.685 -56.283 8.75304 -0.07445 2 
78.251 -56.283 8.84601 0.01443 2 
80.816 -56.283 8.93898 0.10330 2 
83.382 -56.283 8.95936 0.13194 2 
85.948 -56.283 9.01118 0.17136 2 
88.513 -56.283 8.93821 0.13209 2 
91.079 -56.283 8.86525 0.09283 2 
93.644 -56.283 8.77835 0.07429 2 
96.210 -56.283 8.82249 -0.06903 2 
98.776 -56.283 8.81273 -0.05088 2 
101.341 -56.283 8.80296 -0.03272 2 
103.907 -56.283 8.79320 -0.01456 2 
106.472 -56.283 8.78344 0.00359 2 
109.038 -56.283 8.77368 0.02175 2 
111.603 -56.283 8.76392 0.03990 2 
114.169 -56.283 8.75416 0.05806 1 
116.735 -56.283 0.00000 -0.00000 0 
119.300 -56.283 0.00000 -0.00000 0 
