TITLE = "B00090"
VARIABLES = "X [mm]", "Y [mm]", "Vx [m/s]", "Vy [m/s]", "Flag"
ZONE T="Frame 1", I=51, J=39, F=POINT
-8.980 41.210 7.20592 0.38645 2 
-6.414 41.210 7.23038 0.37299 2 
-3.848 41.210 7.21523 0.31033 2 
-1.283 41.210 7.20951 0.34127 2 
1.283 41.210 7.54274 0.56458 2 
3.848 41.210 0.00000 -0.00000 0 
6.414 41.210 0.00000 -0.00000 0 
8.980 41.210 0.00000 -0.00000 0 
11.545 41.210 0.00000 -0.00000 0 
14.111 41.210 0.00000 -0.00000 0 
16.676 41.210 0.00000 -0.00000 0 
19.242 41.210 4.07692 0.29352 2 
21.808 41.210 8.15383 0.58704 2 
24.373 41.210 7.37324 0.59946 2 
26.939 41.210 7.36807 0.80166 2 
29.504 41.210 7.41857 0.82725 2 
32.070 41.210 7.46907 0.85283 2 
34.636 41.210 7.66673 0.77070 2 
37.201 41.210 7.62993 0.91413 2 
39.767 41.210 7.68752 0.59926 2 
42.332 41.210 7.73968 1.03217 2 
44.898 41.210 7.83036 0.82892 2 
47.464 41.210 7.82290 0.74506 2 
50.029 41.210 8.06456 0.78634 2 
52.595 41.210 8.12397 0.78184 2 
55.160 41.210 8.12709 0.69484 2 
57.726 41.210 8.13022 0.60784 2 
60.292 41.210 8.13334 0.52084 2 
62.857 41.210 8.12668 0.84251 2 
65.423 41.210 8.24372 0.74901 2 
67.988 41.210 8.27810 0.74284 2 
70.554 41.210 8.38182 0.58417 2 
73.120 41.210 8.58526 0.57120 2 
75.685 41.210 8.32503 0.63551 2 
78.251 41.210 8.50898 0.22998 2 
80.816 41.210 0.00000 0.00000 0 
83.382 41.210 8.49444 0.37908 2 
85.948 41.210 8.56326 0.31695 2 
88.513 41.210 8.51553 0.32330 2 
91.079 41.210 8.77599 -0.04446 2 
93.644 41.210 8.59743 0.25638 2 
96.210 41.210 8.68703 0.30725 2 
98.776 41.210 8.88931 0.02901 2 
101.341 41.210 8.55184 -0.31541 2 
103.907 41.210 8.72244 -0.38980 2 
106.472 41.210 8.63457 -0.23894 2 
109.038 41.210 8.61736 -0.36663 2 
111.603 41.210 8.31886 -0.39670 2 
114.169 41.210 8.02036 -0.42677 2 
116.735 41.210 7.72186 -0.45685 1 
119.300 41.210 0.00000 -0.00000 0 
-8.980 38.644 7.07456 0.46748 2 
-6.414 38.644 7.29469 0.29624 2 
-3.848 38.644 7.24488 0.34035 2 
-1.283 38.644 7.20703 0.34351 2 
1.283 38.644 7.40111 0.40392 2 
3.848 38.644 0.00000 -0.00000 0 
6.414 38.644 0.00000 -0.00000 0 
8.980 38.644 0.00000 -0.00000 0 
11.545 38.644 0.00000 -0.00000 0 
14.111 38.644 0.00000 -0.00000 0 
16.676 38.644 0.00000 -0.00000 0 
19.242 38.644 3.81995 0.31846 2 
21.808 38.644 7.63989 0.63692 2 
24.373 38.644 7.34077 0.84355 2 
26.939 38.644 7.45581 0.80191 2 
29.504 38.644 7.39492 0.70021 2 
32.070 38.644 7.42454 0.82147 2 
34.636 38.644 7.65516 0.76226 2 
37.201 38.644 7.79328 0.86926 2 
39.767 38.644 7.71137 1.08872 2 
42.332 38.644 7.75237 0.80005 2 
44.898 38.644 7.73927 0.84462 2 
47.464 38.644 7.91332 0.88573 2 
50.029 38.644 7.74080 0.81109 2 
52.595 38.644 8.11321 1.01801 2 
55.160 38.644 8.14634 0.73950 2 
57.726 38.644 7.93508 0.89606 2 
60.292 38.644 8.15502 1.01665 2 
62.857 38.644 8.35134 0.80521 2 
65.423 38.644 8.29115 0.79060 2 
67.988 38.644 8.59350 0.86239 2 
70.554 38.644 8.33448 1.03411 2 
73.120 38.644 8.58882 0.67890 2 
75.685 38.644 8.67598 0.46646 2 
78.251 38.644 8.59987 0.79564 2 
80.816 38.644 0.00000 0.00000 0 
83.382 38.644 8.58650 0.42649 2 
85.948 38.644 8.71807 0.31688 2 
88.513 38.644 8.75624 0.43181 2 
91.079 38.644 8.58201 0.15760 2 
93.644 38.644 8.66138 -0.11541 2 
96.210 38.644 8.79617 -0.14250 2 
98.776 38.644 8.79905 -0.07275 2 
101.341 38.644 8.94386 -0.37619 2 
103.907 38.644 8.62151 -0.23252 2 
106.472 38.644 8.67588 -0.38961 2 
109.038 38.644 8.63300 -0.43306 2 
111.603 38.644 8.69211 -0.45037 2 
114.169 38.644 8.69732 -0.36872 2 
116.735 38.644 9.54644 -0.43269 2 
119.300 38.644 0.00000 -0.00000 0 
-8.980 36.079 7.20276 0.29230 2 
-6.414 36.079 7.01594 0.30730 2 
-3.848 36.079 7.12881 0.57466 2 
-1.283 36.079 7.07427 0.42387 2 
1.283 36.079 7.50104 0.57166 2 
3.848 36.079 0.00000 -0.00000 0 
6.414 36.079 0.00000 -0.00000 0 
8.980 36.079 0.00000 -0.00000 0 
11.545 36.079 0.00000 -0.00000 0 
14.111 36.079 0.00000 -0.00000 0 
16.676 36.079 0.00000 -0.00000 0 
19.242 36.079 3.92711 0.46433 2 
21.808 36.079 7.85421 0.92865 2 
24.373 36.079 7.38926 0.77298 2 
26.939 36.079 7.38086 0.89233 2 
29.504 36.079 7.47507 0.84147 2 
32.070 36.079 7.42012 0.92712 2 
34.636 36.079 7.47538 0.94943 2 
37.201 36.079 7.55619 1.07286 2 
39.767 36.079 7.83488 0.76054 2 
42.332 36.079 7.67302 0.96128 2 
44.898 36.079 7.78391 1.00716 2 
47.464 36.079 7.87731 0.80012 2 
50.029 36.079 7.94228 1.01524 2 
52.595 36.079 8.14989 0.86660 2 
55.160 36.079 7.96675 0.96785 2 
57.726 36.079 8.13880 0.97541 2 
60.292 36.079 8.11235 0.90289 2 
62.857 36.079 8.59106 0.95765 2 
65.423 36.079 8.18661 0.59074 2 
67.988 36.079 8.30856 0.77526 2 
70.554 36.079 8.37332 0.86466 2 
73.120 36.079 8.43971 0.77521 2 
75.685 36.079 8.40904 0.68885 2 
78.251 36.079 8.70923 0.57805 2 
80.816 36.079 0.00000 0.00000 0 
83.382 36.079 8.62476 0.52317 2 
85.948 36.079 8.64826 0.54982 2 
88.513 36.079 8.80262 0.41441 2 
91.079 36.079 8.86114 0.41865 2 
93.644 36.079 8.94925 0.06170 2 
96.210 36.079 8.88473 -0.00946 2 
98.776 36.079 8.72794 -0.16891 2 
101.341 36.079 8.61840 -0.01608 2 
103.907 36.079 8.92977 -0.34157 2 
106.472 36.079 8.93811 -0.49020 2 
109.038 36.079 8.60237 -0.48995 2 
111.603 36.079 8.68556 -0.53023 2 
114.169 36.079 8.67715 -0.62065 2 
116.735 36.079 9.18213 -0.58820 2 
119.300 36.079 0.00000 -0.00000 0 
-8.980 33.513 7.16729 0.17252 2 
-6.414 33.513 7.18977 0.28753 2 
-3.848 33.513 7.18698 0.34948 2 
-1.283 33.513 7.06184 0.48161 2 
1.283 33.513 7.37934 0.43425 2 
3.848 33.513 0.00000 -0.00000 0 
6.414 33.513 0.00000 -0.00000 0 
8.980 33.513 0.00000 -0.00000 0 
11.545 33.513 0.00000 -0.00000 0 
14.111 33.513 0.00000 -0.00000 0 
16.676 33.513 0.00000 -0.00000 0 
19.242 33.513 3.90905 0.38747 2 
21.808 33.513 7.81810 0.77495 2 
24.373 33.513 7.22541 0.79274 2 
26.939 33.513 7.36871 0.79202 2 
29.504 33.513 7.46571 0.86116 2 
32.070 33.513 7.58857 0.99263 2 
34.636 33.513 7.63099 0.82734 2 
37.201 33.513 7.49958 0.90464 2 
39.767 33.513 7.60474 0.84662 2 
42.332 33.513 7.83776 1.18602 2 
44.898 33.513 7.77086 1.01306 2 
47.464 33.513 7.81003 1.06349 2 
50.029 33.513 8.06363 0.93047 2 
52.595 33.513 7.97338 1.16306 2 
55.160 33.513 8.11235 0.93475 2 
57.726 33.513 8.23740 0.94640 2 
60.292 33.513 8.30307 0.98512 2 
62.857 33.513 8.13551 0.89001 2 
65.423 33.513 8.47459 1.01399 2 
67.988 33.513 8.55534 0.73630 2 
70.554 33.513 8.46982 0.61234 2 
73.120 33.513 8.60512 0.89684 2 
75.685 33.513 8.75803 0.60333 2 
78.251 33.513 8.52219 0.70152 2 
80.816 33.513 0.00000 0.00000 0 
83.382 33.513 8.62585 0.49716 2 
85.948 33.513 8.57370 0.32527 2 
88.513 33.513 8.93769 0.33696 2 
91.079 33.513 8.93835 0.31922 2 
93.644 33.513 8.80063 -0.13279 2 
96.210 33.513 9.03447 0.08008 2 
98.776 33.513 9.00316 -0.23858 2 
101.341 33.513 8.83858 -0.05913 2 
103.907 33.513 8.90384 -0.57639 2 
106.472 33.513 8.89535 -0.44782 2 
109.038 33.513 8.88080 -0.45354 2 
111.603 33.513 8.84416 -0.76564 2 
114.169 33.513 8.76419 -0.52913 2 
116.735 33.513 9.01569 -0.67723 2 
119.300 33.513 0.00000 -0.00000 0 
-8.980 30.948 6.89175 0.29559 2 
-6.414 30.948 7.16018 0.31351 2 
-3.848 30.948 7.04253 0.30581 2 
-1.283 30.948 7.14494 0.41344 2 
1.283 30.948 7.42334 0.29722 2 
3.848 30.948 0.00000 -0.00000 0 
6.414 30.948 0.00000 -0.00000 0 
8.980 30.948 0.00000 -0.00000 0 
11.545 30.948 0.00000 -0.00000 0 
14.111 30.948 0.00000 -0.00000 0 
16.676 30.948 0.00000 -0.00000 0 
19.242 30.948 4.95971 0.56656 2 
21.808 30.948 7.64561 0.78875 2 
24.373 30.948 7.16746 0.88949 2 
26.939 30.948 7.29458 0.95767 2 
29.504 30.948 7.45716 1.10225 2 
32.070 30.948 7.57488 0.95726 2 
34.636 30.948 7.46405 1.06722 2 
37.201 30.948 7.60465 1.10907 2 
39.767 30.948 7.45076 1.02784 2 
42.332 30.948 7.64862 1.03384 2 
44.898 30.948 7.94721 0.90384 2 
47.464 30.948 7.88822 1.00725 2 
50.029 30.948 7.97271 0.91913 2 
52.595 30.948 8.14553 1.03964 2 
55.160 30.948 8.20880 0.89073 2 
57.726 30.948 8.05094 1.00873 2 
60.292 30.948 8.31430 1.02855 2 
62.857 30.948 8.29789 1.02700 2 
65.423 30.948 8.41711 0.84500 2 
67.988 30.948 8.34270 0.89726 2 
70.554 30.948 8.72021 0.89521 2 
73.120 30.948 8.62759 0.83705 2 
75.685 30.948 8.66730 0.92772 2 
78.251 30.948 8.69937 0.61587 2 
80.816 30.948 0.00000 0.00000 0 
83.382 30.948 8.92287 0.56798 2 
85.948 30.948 9.01139 0.54166 2 
88.513 30.948 8.91464 0.35900 2 
91.079 30.948 8.85943 0.25215 2 
93.644 30.948 9.06281 0.28694 2 
96.210 30.948 9.05555 -0.04396 2 
98.776 30.948 8.93579 -0.22197 2 
101.341 30.948 8.97846 -0.18084 2 
103.907 30.948 8.96943 -0.28950 2 
106.472 30.948 8.91270 -0.61510 2 
109.038 30.948 8.78206 -0.40689 2 
111.603 30.948 8.80684 -0.70008 2 
114.169 30.948 8.72660 -0.62643 2 
116.735 30.948 9.12455 -0.91091 2 
119.300 30.948 0.00000 -0.00000 0 
-8.980 28.382 7.04445 0.22776 2 
-6.414 28.382 7.01573 0.30104 2 
-3.848 28.382 7.06782 0.29594 2 
-1.283 28.382 6.87322 0.34225 2 
1.283 28.382 7.34022 0.50790 2 
3.848 28.382 3.69468 0.11859 2 
6.414 28.382 0.00000 -0.00000 0 
8.980 28.382 0.00000 -0.00000 0 
11.545 28.382 0.00000 -0.00000 0 
14.111 28.382 0.00000 -0.00000 0 
16.676 28.382 3.53052 0.46236 2 
19.242 28.382 7.06103 0.92472 2 
21.808 28.382 7.47311 0.80254 2 
24.373 28.382 7.28688 1.01027 2 
26.939 28.382 7.18750 1.01510 2 
29.504 28.382 7.21760 0.92112 2 
32.070 28.382 7.42029 1.11890 2 
34.636 28.382 7.40656 1.05449 2 
37.201 28.382 7.66086 1.30170 2 
39.767 28.382 7.73299 0.93176 2 
42.332 28.382 7.61305 1.07432 2 
44.898 28.382 7.87372 1.21131 2 
47.464 28.382 7.77165 1.10003 2 
50.029 28.382 7.86286 1.13002 2 
52.595 28.382 8.03169 0.99621 2 
55.160 28.382 8.37305 1.08090 2 
57.726 28.382 8.24869 1.11058 2 
60.292 28.382 8.37957 1.03123 2 
62.857 28.382 8.56315 0.81381 2 
65.423 28.382 8.43957 1.08960 2 
67.988 28.382 8.59640 0.93168 2 
70.554 28.382 8.67472 1.08023 2 
73.120 28.382 8.65746 0.77583 2 
75.685 28.382 8.72522 0.74426 2 
78.251 28.382 8.64903 0.77786 2 
80.816 28.382 8.89863 0.68679 2 
83.382 28.382 9.02477 0.61564 2 
85.948 28.382 8.76922 0.48330 2 
88.513 28.382 9.20394 0.49244 2 
91.079 28.382 8.98389 0.23306 2 
93.644 28.382 9.14022 0.09317 2 
96.210 28.382 8.93199 -0.12267 2 
98.776 28.382 9.26033 -0.19140 2 
101.341 28.382 9.20376 -0.35278 2 
103.907 28.382 9.06066 -0.44427 2 
106.472 28.382 8.80754 -0.57845 2 
109.038 28.382 8.77167 -0.84895 2 
111.603 28.382 8.94278 -0.78506 2 
114.169 28.382 8.80581 -0.61251 2 
116.735 28.382 9.19081 -0.63663 2 
119.300 28.382 0.00000 -0.00000 0 
-8.980 25.816 7.12745 0.35915 2 
-6.414 25.816 7.13571 0.17226 2 
-3.848 25.816 6.85969 0.34137 2 
-1.283 25.816 7.00497 0.32906 2 
1.283 25.816 6.77164 0.63351 2 
3.848 25.816 7.38936 0.23717 2 
6.414 25.816 0.00000 -0.00000 0 
8.980 25.816 0.00000 -0.00000 0 
11.545 25.816 0.00000 -0.00000 0 
14.111 25.816 0.00000 -0.00000 0 
16.676 25.816 3.67774 0.48878 2 
19.242 25.816 7.35548 0.97756 2 
21.808 25.816 7.07054 0.86586 2 
24.373 25.816 7.18283 0.99734 2 
26.939 25.816 7.32178 0.96585 2 
29.504 25.816 7.49799 1.09685 2 
32.070 25.816 7.39733 0.92139 2 
34.636 25.816 7.53268 1.18894 2 
37.201 25.816 7.54505 1.14378 2 
39.767 25.816 7.70688 1.17568 2 
42.332 25.816 7.75602 1.05564 2 
44.898 25.816 7.74829 1.11822 2 
47.464 25.816 7.91172 1.07800 2 
50.029 25.816 7.79070 1.11786 2 
52.595 25.816 8.26350 1.32750 2 
55.160 25.816 8.00381 1.10762 2 
57.726 25.816 8.18601 0.97831 2 
60.292 25.816 8.32597 1.09434 2 
62.857 25.816 8.28811 1.22467 2 
65.423 25.816 8.42422 1.19310 2 
67.988 25.816 8.48203 0.86267 2 
70.554 25.816 8.65591 0.96676 2 
73.120 25.816 8.71530 0.90016 2 
75.685 25.816 8.83453 0.89359 2 
78.251 25.816 8.76002 0.72344 2 
80.816 25.816 8.96291 0.77928 2 
83.382 25.816 0.00000 0.00000 0 
85.948 25.816 9.42466 0.52722 2 
88.513 25.816 9.27349 0.43371 2 
91.079 25.816 9.43978 0.27049 2 
93.644 25.816 9.17114 0.04513 2 
96.210 25.816 9.36696 0.01483 2 
98.776 25.816 9.35168 -0.25509 2 
101.341 25.816 9.26311 -0.42441 2 
103.907 25.816 9.20386 -0.55791 2 
106.472 25.816 9.16765 -0.68989 2 
109.038 25.816 9.09552 -0.59808 2 
111.603 25.816 9.09954 -0.69427 2 
114.169 25.816 8.88502 -0.59860 2 
116.735 25.816 9.43349 -0.80362 2 
119.300 25.816 0.00000 -0.00000 0 
-8.980 23.251 6.88068 0.14381 2 
-6.414 23.251 6.99368 0.27432 2 
-3.848 23.251 6.94576 0.21020 2 
-1.283 23.251 6.97434 0.28793 2 
1.283 23.251 6.85770 0.34698 2 
3.848 23.251 7.22460 0.68503 2 
6.414 23.251 0.00000 -0.00000 0 
8.980 23.251 0.00000 -0.00000 0 
11.545 23.251 0.00000 -0.00000 0 
14.111 23.251 0.00000 -0.00000 0 
16.676 23.251 3.77747 0.41050 2 
19.242 23.251 7.55494 0.82100 2 
21.808 23.251 6.89701 1.01262 2 
24.373 23.251 7.09455 1.11902 2 
26.939 23.251 7.21294 1.22336 2 
29.504 23.251 7.16429 1.06851 2 
32.070 23.251 7.45510 1.34891 2 
34.636 23.251 7.31928 1.22022 2 
37.201 23.251 7.51642 1.25171 2 
39.767 23.251 7.57310 1.03834 2 
42.332 23.251 7.62702 1.51977 2 
44.898 23.251 7.74401 1.11992 2 
47.464 23.251 7.89759 1.34062 2 
50.029 23.251 7.96608 1.29792 2 
52.595 23.251 8.16094 1.11586 2 
55.160 23.251 8.18914 1.40280 2 
57.726 23.251 8.34030 1.29979 2 
60.292 23.251 8.48575 1.07897 2 
62.857 23.251 8.49604 1.14000 2 
65.423 23.251 8.47273 1.03560 2 
67.988 23.251 8.42252 1.24062 2 
70.554 23.251 8.53010 1.03264 2 
73.120 23.251 8.61950 1.04256 2 
75.685 23.251 9.01477 1.02256 2 
78.251 23.251 9.02028 0.79793 2 
80.816 23.251 8.29249 0.68330 2 
83.382 23.251 0.00000 0.00000 0 
85.948 23.251 8.67646 0.29342 2 
88.513 23.251 9.60234 0.44909 2 
91.079 23.251 9.35212 0.20499 2 
93.644 23.251 9.46693 0.17272 2 
96.210 23.251 9.33176 -0.13789 2 
98.776 23.251 9.46863 -0.36724 2 
101.341 23.251 9.37887 -0.59506 2 
103.907 23.251 9.45189 -0.73671 2 
106.472 23.251 9.14569 -0.86408 2 
109.038 23.251 8.98173 -0.84092 2 
111.603 23.251 8.73590 -0.66706 2 
114.169 23.251 8.98014 -0.74680 2 
116.735 23.251 9.30883 -0.75409 2 
119.300 23.251 0.00000 -0.00000 0 
-8.980 20.685 6.82816 0.10481 2 
-6.414 20.685 6.98554 0.14251 2 
-3.848 20.685 6.76722 0.15346 2 
-1.283 20.685 6.97330 0.36415 2 
1.283 20.685 6.73525 0.45645 2 
3.848 20.685 6.97685 0.47261 2 
6.414 20.685 0.00000 -0.00000 0 
8.980 20.685 0.00000 -0.00000 0 
11.545 20.685 0.00000 -0.00000 0 
14.111 20.685 0.00000 -0.00000 0 
16.676 20.685 -0.70469 0.29839 2 
19.242 20.685 7.38170 0.98108 2 
21.808 20.685 7.04687 1.09966 2 
24.373 20.685 7.12787 1.27354 2 
26.939 20.685 7.17036 1.23468 2 
29.504 20.685 7.06757 1.04919 2 
32.070 20.685 7.37846 1.28656 2 
34.636 20.685 7.45069 1.30537 2 
37.201 20.685 7.45877 1.37428 2 
39.767 20.685 7.72985 1.44058 2 
42.332 20.685 7.76011 1.34106 2 
44.898 20.685 7.84840 1.40696 2 
47.464 20.685 7.83473 1.28882 2 
50.029 20.685 7.91642 1.42980 2 
52.595 20.685 8.14183 0.98571 2 
55.160 20.685 8.13843 1.39940 2 
57.726 20.685 8.25258 1.22781 2 
60.292 20.685 8.39903 1.18892 2 
62.857 20.685 8.34600 1.35971 2 
65.423 20.685 8.78019 1.19336 2 
67.988 20.685 8.77901 1.35584 2 
70.554 20.685 9.00517 1.16158 2 
73.120 20.685 8.72381 1.36621 2 
75.685 20.685 9.27736 1.21565 2 
78.251 20.685 10.24560 0.97842 2 
80.816 20.685 7.62207 0.58731 2 
83.382 20.685 0.00000 -0.00000 0 
85.948 20.685 0.00000 -0.00000 0 
88.513 20.685 0.00000 0.00000 0 
91.079 20.685 10.36250 0.32293 2 
93.644 20.685 9.63207 -0.12088 2 
96.210 20.685 9.71730 -0.14088 2 
98.776 20.685 9.76119 -0.37213 2 
101.341 20.685 9.74366 -0.70359 2 
103.907 20.685 9.61924 -1.05660 2 
106.472 20.685 9.19099 -1.15166 2 
109.038 20.685 8.84735 -1.15495 2 
111.603 20.685 8.77559 -0.78524 2 
114.169 20.685 8.85185 -0.39838 2 
116.735 20.685 9.97645 -0.02558 2 
119.300 20.685 0.00000 -0.00000 0 
-8.980 18.120 6.98816 0.05352 2 
-6.414 18.120 6.89947 0.12917 2 
-3.848 18.120 6.75818 0.25862 2 
-1.283 18.120 6.80199 0.25834 2 
1.283 18.120 6.53503 0.33243 2 
3.848 18.120 6.94451 0.64677 2 
6.414 18.120 0.00000 -0.00000 0 
8.980 18.120 0.00000 -0.00000 0 
11.545 18.120 0.00000 -0.00000 0 
14.111 18.120 0.00000 -0.00000 0 
16.676 18.120 -0.36530 0.43870 2 
19.242 18.120 7.41624 1.24150 2 
21.808 18.120 6.96980 1.19992 2 
24.373 18.120 6.91074 1.16938 2 
26.939 18.120 7.23695 1.22935 2 
29.504 18.120 7.15018 1.43201 2 
32.070 18.120 7.22134 1.38672 2 
34.636 18.120 7.36792 1.37547 2 
37.201 18.120 7.54517 1.44193 2 
39.767 18.120 7.59762 1.38462 2 
42.332 18.120 7.65842 1.28681 2 
44.898 18.120 7.65249 1.62740 2 
47.464 18.120 8.01352 1.28180 2 
50.029 18.120 8.08265 1.55095 2 
52.595 18.120 8.45653 1.56327 2 
55.160 18.120 8.38160 1.45793 2 
57.726 18.120 7.97086 1.38892 2 
60.292 18.120 8.86405 1.29291 2 
62.857 18.120 8.95857 1.00679 2 
65.423 18.120 8.92388 1.30409 2 
67.988 18.120 0.00000 -0.00000 0 
70.554 18.120 0.00000 -0.00000 0 
73.120 18.120 0.00000 -0.00000 0 
75.685 18.120 0.00000 -0.00000 0 
78.251 18.120 0.00000 -0.00000 0 
80.816 18.120 0.00000 -0.00000 0 
83.382 18.120 0.00000 -0.00000 0 
85.948 18.120 0.25254 0.49782 2 
88.513 18.120 2.34387 0.06740 2 
91.079 18.120 5.41747 0.54049 2 
93.644 18.120 10.59773 -0.45854 2 
96.210 18.120 9.94613 -0.54361 2 
98.776 18.120 10.52234 -0.80397 2 
101.341 18.120 10.47296 -0.76890 2 
103.907 18.120 9.92488 -1.17254 2 
106.472 18.120 7.69431 -1.08218 2 
109.038 18.120 7.30641 -1.19527 2 
111.603 18.120 7.96144 -0.53307 2 
114.169 18.120 8.68155 1.24786 2 
116.735 18.120 10.15464 0.06940 2 
119.300 18.120 0.00000 -0.00000 0 
-8.980 15.554 6.84912 -0.02849 2 
-6.414 15.554 6.67824 0.10170 2 
-3.848 15.554 6.76803 0.10665 2 
-1.283 15.554 6.57818 0.17209 2 
1.283 15.554 6.66204 0.33230 2 
3.848 15.554 6.78920 0.39793 2 
6.414 15.554 0.00000 -0.00000 0 
8.980 15.554 0.00000 -0.00000 0 
11.545 15.554 0.00000 -0.00000 0 
14.111 15.554 0.00000 -0.00000 0 
16.676 15.554 -0.02592 0.57900 2 
19.242 15.554 7.07217 1.30440 2 
21.808 15.554 6.76877 1.25826 2 
24.373 15.554 6.92535 1.50947 2 
26.939 15.554 7.07456 1.48046 2 
29.504 15.554 7.14101 1.45332 2 
32.070 15.554 7.34398 1.50561 2 
34.636 15.554 7.39725 1.35809 2 
37.201 15.554 7.46384 1.67400 2 
39.767 15.554 7.45781 1.57406 2 
42.332 15.554 8.17416 1.36847 2 
44.898 15.554 7.87675 1.37538 2 
47.464 15.554 8.54487 1.76684 2 
50.029 15.554 8.04292 1.70896 2 
52.595 15.554 7.46650 0.99903 2 
55.160 15.554 0.00000 -0.00000 0 
57.726 15.554 0.00000 -0.00000 0 
60.292 15.554 0.00000 -0.00000 0 
62.857 15.554 0.00000 -0.00000 0 
65.423 15.554 0.00000 -0.00000 0 
67.988 15.554 0.00000 -0.00000 0 
70.554 15.554 0.00000 -0.00000 0 
73.120 15.554 0.00000 -0.00000 0 
75.685 15.554 0.00000 -0.00000 0 
78.251 15.554 0.00000 -0.00000 0 
80.816 15.554 -0.34386 -0.69317 2 
83.382 15.554 -0.59927 -0.86515 2 
85.948 15.554 -0.33480 -0.40785 2 
88.513 15.554 0.28670 0.20629 2 
91.079 15.554 0.47243 0.75805 2 
93.644 15.554 4.28427 0.43617 2 
96.210 15.554 5.76047 -1.10251 2 
98.776 15.554 4.24235 -0.39395 2 
101.341 15.554 4.87551 -0.04215 2 
103.907 15.554 6.94442 -0.36154 2 
106.472 15.554 6.19762 -1.01270 2 
109.038 15.554 5.76547 -1.23560 2 
111.603 15.554 6.12605 -0.00817 2 
114.169 15.554 6.14228 0.79952 2 
116.735 15.554 5.91702 0.30068 2 
119.300 15.554 0.00000 -0.00000 0 
-8.980 12.988 6.85286 0.07504 2 
-6.414 12.988 6.80601 -0.14391 2 
-3.848 12.988 6.59626 0.04757 2 
-1.283 12.988 6.71429 0.12739 2 
1.283 12.988 6.43062 0.28812 2 
3.848 12.988 6.70673 0.36148 2 
6.414 12.988 0.00000 -0.00000 0 
8.980 12.988 0.00000 -0.00000 0 
11.545 12.988 0.00000 -0.00000 0 
14.111 12.988 0.00000 -0.00000 0 
16.676 12.988 3.53609 0.65220 2 
19.242 12.988 5.27143 1.09679 2 
21.808 12.988 7.00676 1.54137 2 
24.373 12.988 6.93669 1.57195 2 
26.939 12.988 6.92658 1.72888 2 
29.504 12.988 7.26539 1.77346 2 
32.070 12.988 7.53462 1.64112 2 
34.636 12.988 7.79426 1.69084 2 
37.201 12.988 8.06555 1.35796 2 
39.767 12.988 7.93781 1.74179 2 
42.332 12.988 0.00000 -0.00000 0 
44.898 12.988 0.00000 -0.00000 0 
47.464 12.988 0.00000 -0.00000 0 
50.029 12.988 0.00000 -0.00000 0 
52.595 12.988 0.00000 -0.00000 0 
55.160 12.988 0.00000 -0.00000 0 
57.726 12.988 0.00000 -0.00000 0 
60.292 12.988 0.00000 -0.00000 0 
62.857 12.988 0.00000 -0.00000 0 
65.423 12.988 0.00000 -0.00000 0 
67.988 12.988 0.00000 -0.00000 0 
70.554 12.988 0.00000 -0.00000 0 
73.120 12.988 0.00000 -0.00000 0 
75.685 12.988 -1.18534 0.16043 2 
78.251 12.988 -1.22790 -0.78114 2 
80.816 12.988 -1.55300 -0.62354 2 
83.382 12.988 -1.19853 -1.73031 2 
85.948 12.988 -1.10171 -1.13504 2 
88.513 12.988 -1.85367 0.59141 2 
91.079 12.988 -1.88424 -1.01069 2 
93.644 12.988 -0.86723 0.92764 2 
96.210 12.988 1.92051 -0.40395 2 
98.776 12.988 -2.03764 0.01607 2 
101.341 12.988 2.10828 0.09816 2 
103.907 12.988 2.55721 -0.28627 2 
106.472 12.988 2.98785 -0.85948 2 
109.038 12.988 2.87037 -0.65413 2 
111.603 12.988 3.68469 0.38665 2 
114.169 12.988 3.60300 0.35119 2 
116.735 12.988 1.67939 0.53196 2 
119.300 12.988 -0.24422 0.71273 1 
-8.980 10.423 6.73034 -0.06227 2 
-6.414 10.423 6.78547 -0.30704 2 
-3.848 10.423 6.48683 -0.06965 2 
-1.283 10.423 6.38910 0.05788 2 
1.283 10.423 6.23183 0.17400 2 
3.848 10.423 6.47024 0.42197 2 
6.414 10.423 3.23512 0.21098 2 
8.980 10.423 0.00000 -0.00000 0 
11.545 10.423 0.00000 -0.00000 0 
14.111 10.423 0.00000 -0.00000 0 
16.676 10.423 1.16779 0.25690 2 
19.242 10.423 2.33559 0.51379 2 
21.808 10.423 3.50338 0.77069 2 
24.373 10.423 7.34850 1.68724 2 
26.939 10.423 7.29965 1.94829 2 
29.504 10.423 3.63270 0.88673 2 
32.070 10.423 0.00000 -0.00000 0 
34.636 10.423 0.00000 -0.00000 0 
37.201 10.423 0.00000 -0.00000 0 
39.767 10.423 0.00000 -0.00000 0 
42.332 10.423 0.00000 -0.00000 0 
44.898 10.423 0.00000 -0.00000 0 
47.464 10.423 0.00000 -0.00000 0 
50.029 10.423 0.00000 -0.00000 0 
52.595 10.423 0.00000 -0.00000 0 
55.160 10.423 0.00000 -0.00000 0 
57.726 10.423 0.00000 -0.00000 0 
60.292 10.423 0.00000 -0.00000 0 
62.857 10.423 0.00000 -0.00000 0 
65.423 10.423 0.00000 -0.00000 0 
67.988 10.423 -0.90918 -0.26500 2 
70.554 10.423 -0.88017 -0.63112 2 
73.120 10.423 -1.43937 -0.79590 2 
75.685 10.423 -1.59889 -1.06141 2 
78.251 10.423 -1.48696 -1.42963 2 
80.816 10.423 -2.31812 -0.90718 2 
83.382 10.423 -1.67262 -1.50985 2 
85.948 10.423 -1.74867 -0.75782 2 
88.513 10.423 -1.50607 -1.39114 2 
91.079 10.423 -2.00506 -0.38852 2 
93.644 10.423 -1.74605 1.08196 2 
96.210 10.423 -1.91946 0.29461 2 
98.776 10.423 -2.63731 0.80275 2 
101.341 10.423 0.17479 2.16659 2 
103.907 10.423 -3.45342 0.71978 2 
106.472 10.423 -0.22192 -0.70625 2 
109.038 10.423 -0.02473 -0.07265 2 
111.603 10.423 1.24334 0.78147 2 
114.169 10.423 1.00882 -0.20231 2 
116.735 10.423 1.87296 3.58510 2 
119.300 10.423 -0.09921 0.14692 2 
-8.980 7.857 6.96921 -0.37644 2 
-6.414 7.857 6.61041 -0.21666 2 
-3.848 7.857 6.41830 -0.09169 2 
-1.283 7.857 6.21516 -0.11020 2 
1.283 7.857 6.08298 0.01220 2 
3.848 7.857 6.26873 0.17316 2 
6.414 7.857 3.13436 0.08658 2 
8.980 7.857 0.00000 -0.00000 0 
11.545 7.857 0.00000 -0.00000 0 
14.111 7.857 0.00000 -0.00000 2 
16.676 7.857 0.00000 -0.00000 2 
19.242 7.857 0.00000 -0.00000 2 
21.808 7.857 0.00000 -0.00000 0 
24.373 7.857 0.00000 -0.00000 0 
26.939 7.857 0.00000 -0.00000 0 
29.504 7.857 0.00000 -0.00000 0 
32.070 7.857 0.00000 -0.00000 0 
34.636 7.857 0.00000 -0.00000 0 
37.201 7.857 0.00000 -0.00000 0 
39.767 7.857 0.00000 -0.00000 0 
42.332 7.857 0.00000 -0.00000 0 
44.898 7.857 0.00000 -0.00000 0 
47.464 7.857 0.00000 -0.00000 0 
50.029 7.857 0.00000 -0.00000 0 
52.595 7.857 0.00000 -0.00000 0 
55.160 7.857 0.00000 -0.00000 0 
57.726 7.857 0.00000 -0.00000 0 
60.292 7.857 -0.47423 -0.07960 2 
62.857 7.857 0.29148 -0.24067 2 
65.423 7.857 -1.09747 -0.32793 2 
67.988 7.857 -1.81835 -0.53000 2 
70.554 7.857 -2.82630 -0.92953 2 
73.120 7.857 -2.70270 -0.71935 2 
75.685 7.857 -2.11290 -0.99012 2 
78.251 7.857 -2.53318 -1.56004 2 
80.816 7.857 -2.36040 -1.19636 2 
83.382 7.857 -2.36859 -1.21171 2 
85.948 7.857 -2.39562 -0.38061 2 
88.513 7.857 -2.20314 -0.74561 2 
91.079 7.857 -2.41400 0.24534 2 
93.644 7.857 -2.62487 1.23628 2 
96.210 7.857 -2.93093 1.41285 2 
98.776 7.857 -3.23699 1.58942 2 
101.341 7.857 -1.75871 4.23501 2 
103.907 7.857 -1.65670 2.23217 2 
106.472 7.857 -2.55227 3.14258 2 
109.038 7.857 -1.84407 2.94678 2 
111.603 7.857 -3.40208 0.35267 2 
114.169 7.857 -3.53901 1.47271 2 
116.735 7.857 -1.74660 0.52691 2 
119.300 7.857 0.04580 -0.41890 2 
-8.980 5.292 6.77658 -0.40279 2 
-6.414 5.292 6.52505 -0.43420 2 
-3.848 5.292 6.31026 -0.39184 2 
-1.283 5.292 6.17395 -0.37378 2 
1.283 5.292 5.96799 -0.15159 2 
3.848 5.292 6.06721 -0.07564 2 
6.414 5.292 3.03361 -0.03782 2 
8.980 5.292 0.00000 -0.00000 0 
11.545 5.292 0.00000 -0.00000 0 
14.111 5.292 0.00000 -0.00000 0 
16.676 5.292 0.00000 -0.00000 0 
19.242 5.292 0.00000 -0.00000 0 
21.808 5.292 0.00000 -0.00000 0 
24.373 5.292 0.00000 -0.00000 0 
26.939 5.292 0.00000 -0.00000 0 
29.504 5.292 0.00000 -0.00000 0 
32.070 5.292 0.00000 -0.00000 0 
34.636 5.292 0.00000 -0.00000 0 
37.201 5.292 0.00000 -0.00000 0 
39.767 5.292 0.00000 -0.00000 0 
42.332 5.292 0.00000 -0.00000 0 
44.898 5.292 0.00000 -0.00000 0 
47.464 5.292 0.00000 -0.00000 0 
50.029 5.292 0.00000 -0.00000 0 
52.595 5.292 -0.21033 -0.18784 2 
55.160 5.292 -0.43916 -0.09857 2 
57.726 5.292 -0.56400 -0.05636 2 
60.292 5.292 -0.94845 -0.15920 2 
62.857 5.292 -1.78052 -0.52009 2 
65.423 5.292 -2.61258 -0.88097 2 
67.988 5.292 -2.95853 -0.82868 2 
70.554 5.292 -3.30448 -0.77638 2 
73.120 5.292 -3.38347 -0.98513 2 
75.685 5.292 -2.97231 -0.49560 2 
78.251 5.292 -2.78575 -0.67385 2 
80.816 5.292 -1.98652 -1.21717 2 
83.382 5.292 -2.52963 -1.07305 2 
85.948 5.292 -3.07273 -0.92894 2 
88.513 5.292 -2.90022 -0.10007 2 
91.079 5.292 -1.05741 0.80659 2 
93.644 5.292 -1.95396 0.40421 2 
96.210 5.292 -1.66312 0.15231 2 
98.776 5.292 -0.89108 2.83206 2 
101.341 5.292 0.85481 4.96709 2 
103.907 5.292 -2.46309 3.35651 2 
106.472 5.292 -2.79325 3.47169 2 
109.038 5.292 -3.13371 2.69644 2 
111.603 5.292 -4.54670 1.44934 2 
114.169 5.292 -3.62185 -0.12521 2 
116.735 5.292 -1.71552 -0.55496 2 
119.300 5.292 0.19081 -0.98471 2 
-8.980 2.726 6.65918 -0.58180 2 
-6.414 2.726 6.58000 -0.53148 2 
-3.848 2.726 6.25776 -0.54953 2 
-1.283 2.726 6.12263 -0.47977 2 
1.283 2.726 6.46199 -0.56120 2 
3.848 2.726 5.86570 -0.32444 2 
6.414 2.726 0.00000 -0.00000 0 
8.980 2.726 0.00000 -0.00000 0 
11.545 2.726 0.00000 -0.00000 0 
14.111 2.726 0.00000 -0.00000 0 
16.676 2.726 0.00000 -0.00000 0 
19.242 2.726 0.00000 -0.00000 0 
21.808 2.726 0.00000 -0.00000 0 
24.373 2.726 0.00000 -0.00000 0 
26.939 2.726 0.00000 -0.00000 0 
29.504 2.726 0.00000 -0.00000 0 
32.070 2.726 0.00000 -0.00000 0 
34.636 2.726 0.00000 -0.00000 0 
37.201 2.726 0.00000 -0.00000 0 
39.767 2.726 0.00000 -0.00000 0 
42.332 2.726 0.00000 -0.00000 0 
44.898 2.726 0.00000 -0.00000 0 
47.464 2.726 -0.46921 -0.27523 2 
50.029 2.726 -0.09733 -0.10498 2 
52.595 2.726 -0.42066 -0.37567 2 
55.160 2.726 -0.87831 -0.19714 2 
57.726 2.726 -1.32587 -0.76199 2 
60.292 2.726 -1.02386 -0.50120 2 
62.857 2.726 -1.43804 -0.62342 2 
65.423 2.726 -1.85222 -0.74565 2 
67.988 2.726 -2.31445 -0.97623 2 
70.554 2.726 -2.77668 -1.20680 2 
73.120 2.726 -3.19390 -1.03824 2 
75.685 2.726 -2.46363 -0.75131 2 
78.251 2.726 -2.25192 -0.24678 2 
80.816 2.726 -2.53054 -1.29497 2 
83.382 2.726 -1.50491 -1.38305 2 
85.948 2.726 -0.42217 0.99607 2 
88.513 2.726 0.12964 0.90744 2 
91.079 2.726 0.30703 0.25478 2 
93.644 2.726 0.41451 1.06047 2 
96.210 2.726 1.80840 1.27821 2 
98.776 2.726 2.75287 4.30487 2 
101.341 2.726 1.35785 4.34650 2 
103.907 2.726 1.25754 3.86253 2 
106.472 2.726 -0.08668 3.15882 2 
109.038 2.726 -1.00105 3.32444 2 
111.603 2.726 -2.99471 1.83126 2 
114.169 2.726 -2.73087 -0.29335 2 
116.735 2.726 -1.49719 -0.62672 2 
119.300 2.726 -0.26351 -0.96009 2 
-8.980 0.160 6.87622 -0.60879 2 
-6.414 0.160 6.51440 -0.68585 2 
-3.848 0.160 6.32455 -0.80403 2 
-1.283 0.160 6.13290 -0.56323 2 
1.283 0.160 6.28765 -0.99655 2 
3.848 0.160 0.00000 -0.00000 0 
6.414 0.160 0.00000 -0.00000 0 
8.980 0.160 0.00000 -0.00000 0 
11.545 0.160 0.00000 -0.00000 0 
14.111 0.160 0.00000 -0.00000 0 
16.676 0.160 0.00000 -0.00000 0 
19.242 0.160 0.00000 -0.00000 0 
21.808 0.160 0.00000 -0.00000 0 
24.373 0.160 0.00000 -0.00000 0 
26.939 0.160 0.00000 -0.00000 0 
29.504 0.160 0.00000 -0.00000 0 
32.070 0.160 0.00000 -0.00000 0 
34.636 0.160 0.00000 -0.00000 0 
37.201 0.160 0.00000 -0.00000 0 
39.767 0.160 -0.48302 -0.31034 2 
42.332 0.160 -1.25732 -0.39373 2 
44.898 0.160 -0.71528 -0.36294 2 
47.464 0.160 -0.93842 -0.55045 2 
50.029 0.160 -1.44501 -0.67810 2 
52.595 0.160 -1.56550 -0.76720 2 
55.160 0.160 -0.80690 -0.68249 2 
57.726 0.160 -1.42604 -0.81802 2 
60.292 0.160 -1.09927 -0.84320 2 
62.857 0.160 -2.06887 -1.15116 2 
65.423 0.160 -1.53934 -0.91898 2 
67.988 0.160 -2.20372 -1.07976 2 
70.554 0.160 -2.37554 -0.72930 2 
73.120 0.160 -3.00434 -1.09135 2 
75.685 0.160 -2.67031 -0.42430 2 
78.251 0.160 -1.85460 -0.51237 2 
80.816 0.160 0.29921 -1.59274 2 
83.382 0.160 0.30985 1.34582 2 
85.948 0.160 -0.15791 0.45824 2 
88.513 0.160 -0.65254 0.17508 2 
91.079 0.160 0.73362 0.59841 2 
93.644 0.160 2.78299 1.71672 2 
96.210 0.160 3.96425 1.85711 2 
98.776 0.160 2.03289 4.58891 2 
101.341 0.160 2.98904 3.81468 2 
103.907 0.160 4.68324 4.18816 2 
106.472 0.160 0.62693 2.52115 2 
109.038 0.160 0.00167 1.72106 2 
111.603 0.160 -0.59094 0.55745 2 
114.169 0.160 -4.27292 0.79098 2 
116.735 0.160 -4.16625 0.08001 2 
119.300 0.160 -0.23492 1.32548 2 
-8.980 -2.405 6.81413 -0.78051 2 
-6.414 -2.405 6.66649 -0.76500 2 
-3.848 -2.405 6.44853 -0.83084 2 
-1.283 -2.405 6.43119 -1.00986 2 
1.283 -2.405 0.00000 -0.00000 0 
3.848 -2.405 0.00000 -0.00000 0 
6.414 -2.405 0.00000 -0.00000 0 
8.980 -2.405 0.00000 -0.00000 0 
11.545 -2.405 0.00000 -0.00000 0 
14.111 -2.405 0.00000 -0.00000 0 
16.676 -2.405 0.00000 -0.00000 0 
19.242 -2.405 0.00000 -0.00000 0 
21.808 -2.405 0.00000 -0.00000 0 
24.373 -2.405 0.00000 -0.00000 0 
26.939 -2.405 0.00000 -0.00000 0 
29.504 -2.405 0.00000 -0.00000 0 
32.070 -2.405 -0.95512 -0.34630 2 
34.636 -2.405 -0.88755 -0.32134 2 
37.201 -2.405 -0.97169 -0.45000 2 
39.767 -2.405 -1.13621 -0.49491 2 
42.332 -2.405 -2.09076 -0.68647 2 
44.898 -2.405 -1.68190 -0.30347 2 
47.464 -2.405 -1.28074 -0.53741 2 
50.029 -2.405 -1.47217 -0.78552 2 
52.595 -2.405 -1.46014 -0.42256 2 
55.160 -2.405 -0.73548 -1.16784 2 
57.726 -2.405 -0.69525 -0.56331 2 
60.292 -2.405 -0.67612 -0.42937 2 
62.857 -2.405 -0.34679 -1.53551 2 
65.423 -2.405 -0.17881 -0.63640 2 
67.988 -2.405 0.25316 -0.44018 2 
70.554 -2.405 0.65735 -1.19346 2 
73.120 -2.405 1.28698 -0.73416 2 
75.685 -2.405 2.38949 -0.47708 2 
78.251 -2.405 1.81810 1.07036 2 
80.816 -2.405 2.63223 0.77734 2 
83.382 -2.405 2.37249 0.55687 2 
85.948 -2.405 2.26645 0.50147 2 
88.513 -2.405 0.96941 0.47666 2 
91.079 -2.405 1.56269 0.68469 2 
93.644 -2.405 2.91615 1.27650 2 
96.210 -2.405 3.96308 1.75108 2 
98.776 -2.405 2.49572 3.52489 2 
101.341 -2.405 3.75016 3.17160 2 
103.907 -2.405 4.11605 3.72902 2 
106.472 -2.405 1.83066 1.83430 2 
109.038 -2.405 2.39507 2.17979 2 
111.603 -2.405 2.95513 2.55895 2 
114.169 -2.405 1.46122 2.18781 2 
116.735 -2.405 -0.69506 -0.29220 2 
119.300 -2.405 0.05118 -0.03353 2 
-8.980 -4.971 6.77362 -0.80262 2 
-6.414 -4.971 6.72813 -0.92040 2 
-3.848 -4.971 6.54359 -1.04004 2 
-1.283 -4.971 6.44887 -1.16933 2 
1.283 -4.971 0.00000 -0.00000 0 
3.848 -4.971 0.00000 -0.00000 0 
6.414 -4.971 0.00000 -0.00000 0 
8.980 -4.971 0.00000 -0.00000 0 
11.545 -4.971 0.00000 -0.00000 0 
14.111 -4.971 0.00000 -0.00000 0 
16.676 -4.971 0.00000 -0.00000 0 
19.242 -4.971 0.00000 -0.00000 0 
21.808 -4.971 0.00000 -0.00000 0 
24.373 -4.971 -1.02411 -0.23883 2 
26.939 -4.971 -0.77997 -0.27540 2 
29.504 -4.971 -1.27271 -0.52922 2 
32.070 -4.971 -1.91024 -0.69261 2 
34.636 -4.971 -1.16846 -0.45977 2 
37.201 -4.971 -1.81946 -0.35104 2 
39.767 -4.971 -1.75437 -0.36667 2 
42.332 -4.971 -1.68820 -0.59040 2 
44.898 -4.971 -1.31961 -0.57573 2 
47.464 -4.971 -1.24225 -0.82960 2 
50.029 -4.971 -1.49933 -0.89294 2 
52.595 -4.971 -0.95497 -0.55995 2 
55.160 -4.971 -0.43178 -0.31044 2 
57.726 -4.971 0.03554 -0.30860 2 
60.292 -4.971 -0.07656 -0.49556 2 
62.857 -4.971 0.74731 -0.08909 2 
65.423 -4.971 1.18173 -0.35382 2 
67.988 -4.971 1.28996 -0.31051 2 
70.554 -4.971 2.82346 -0.19102 2 
73.120 -4.971 2.88031 0.14095 2 
75.685 -4.971 2.93716 0.47292 2 
78.251 -4.971 2.91684 0.59768 2 
80.816 -4.971 3.14346 -0.17175 2 
83.382 -4.971 2.80369 0.87481 2 
85.948 -4.971 2.62683 0.93087 2 
88.513 -4.971 2.59137 0.77824 2 
91.079 -4.971 2.39177 0.77097 2 
93.644 -4.971 3.04930 0.83628 2 
96.210 -4.971 3.96190 1.64505 2 
98.776 -4.971 2.95855 2.46087 2 
101.341 -4.971 4.23451 2.25866 2 
103.907 -4.971 3.71864 3.09869 2 
106.472 -4.971 2.86463 2.08831 2 
109.038 -4.971 4.32044 2.74162 2 
111.603 -4.971 4.78985 2.43413 2 
114.169 -4.971 2.85903 0.77329 2 
116.735 -4.971 3.73190 0.79092 2 
119.300 -4.971 -0.04121 0.74879 2 
-8.980 -7.536 7.07002 -0.99225 2 
-6.414 -7.536 6.83189 -1.03054 2 
-3.848 -7.536 6.72991 -1.01320 2 
-1.283 -7.536 6.60486 -1.48020 2 
1.283 -7.536 6.57451 -1.42647 2 
3.848 -7.536 0.00000 -0.00000 0 
6.414 -7.536 5.34781 -2.41294 2 
8.980 -7.536 6.69093 -4.20112 2 
11.545 -7.536 6.72536 -3.38495 2 
14.111 -7.536 -0.48837 0.21818 2 
16.676 -7.536 -0.76445 -0.13481 2 
19.242 -7.536 -0.86538 0.00640 2 
21.808 -7.536 -1.40112 -0.41414 2 
24.373 -7.536 -2.04822 -0.47765 2 
26.939 -7.536 -1.03027 -0.13242 2 
29.504 -7.536 -1.03816 -1.01040 2 
32.070 -7.536 -0.05835 -0.75965 2 
34.636 -7.536 -1.44937 -0.59820 2 
37.201 -7.536 -2.66722 -0.25208 2 
39.767 -7.536 -2.37254 -0.23843 2 
42.332 -7.536 -1.92334 -0.61832 2 
44.898 -7.536 -1.03622 -0.62786 2 
47.464 -7.536 -1.49877 -0.77673 2 
50.029 -7.536 -1.21303 -0.71693 2 
52.595 -7.536 -1.05515 -1.07178 2 
55.160 -7.536 -0.24974 -0.90285 2 
57.726 -7.536 -0.49131 -1.60948 2 
60.292 -7.536 0.15391 -1.53239 2 
62.857 -7.536 0.74313 -1.28414 2 
65.423 -7.536 1.96160 -0.88010 2 
67.988 -7.536 2.32676 -0.18084 2 
70.554 -7.536 2.80827 0.26364 2 
73.120 -7.536 2.82415 0.40892 2 
75.685 -7.536 2.84002 0.55419 2 
78.251 -7.536 2.73613 0.48230 2 
80.816 -7.536 2.53562 -0.19442 2 
83.382 -7.536 2.51729 -0.45551 2 
85.948 -7.536 2.36811 0.32335 2 
88.513 -7.536 2.66018 0.48181 2 
91.079 -7.536 3.27976 0.95135 2 
93.644 -7.536 2.43552 0.21413 2 
96.210 -7.536 4.71749 1.96518 2 
98.776 -7.536 2.85558 1.61731 2 
101.341 -7.536 3.60861 1.93186 2 
103.907 -7.536 3.47600 1.86592 2 
106.472 -7.536 3.55395 2.03781 2 
109.038 -7.536 4.01185 2.17108 2 
111.603 -7.536 3.47185 1.78430 2 
114.169 -7.536 4.31927 0.55029 2 
116.735 -7.536 2.64450 -0.21996 2 
119.300 -7.536 0.00000 -0.00000 0 
-8.980 -10.102 7.02648 -0.85713 2 
-6.414 -10.102 7.13935 -1.18924 2 
-3.848 -10.102 6.86208 -1.14846 2 
-1.283 -10.102 6.84340 -1.53197 2 
1.283 -10.102 6.82635 -1.77902 2 
3.848 -10.102 6.86147 -2.36484 2 
6.414 -10.102 6.96888 -2.66016 2 
8.980 -10.102 7.30982 -3.20431 2 
11.545 -10.102 8.04813 -3.66904 2 
14.111 -10.102 8.91043 -3.55385 2 
16.676 -10.102 9.95231 -3.24522 2 
19.242 -10.102 4.26300 -1.30198 2 
21.808 -10.102 1.09802 -2.22621 2 
24.373 -10.102 -0.09128 -1.10783 2 
26.939 -10.102 -1.28058 0.01055 2 
29.504 -10.102 -0.80361 -1.49158 2 
32.070 -10.102 1.79355 -0.82670 2 
34.636 -10.102 -0.24330 -0.34822 2 
37.201 -10.102 -1.89998 -0.24974 2 
39.767 -10.102 0.20900 -0.74628 2 
42.332 -10.102 1.25261 -0.12184 2 
44.898 -10.102 -0.29758 0.10567 2 
47.464 -10.102 0.35221 -0.48023 2 
50.029 -10.102 -0.01980 -0.63184 2 
52.595 -10.102 -0.03870 -0.35230 2 
55.160 -10.102 0.29519 -1.05851 2 
57.726 -10.102 -0.93003 -0.85927 2 
60.292 -10.102 0.11949 -1.02007 2 
62.857 -10.102 0.60718 -0.75280 2 
65.423 -10.102 0.70947 -1.20503 2 
67.988 -10.102 1.00300 -0.45353 2 
70.554 -10.102 2.31162 -0.82264 2 
73.120 -10.102 3.06432 -0.79912 2 
75.685 -10.102 2.96365 -0.56231 2 
78.251 -10.102 2.68607 0.16326 2 
80.816 -10.102 3.04634 -0.27791 2 
83.382 -10.102 2.21946 -0.14196 2 
85.948 -10.102 2.63591 -0.15626 2 
88.513 -10.102 3.13080 0.18368 2 
91.079 -10.102 4.15220 0.65154 2 
93.644 -10.102 4.43758 0.32225 2 
96.210 -10.102 5.47307 2.28532 2 
98.776 -10.102 5.10092 2.44303 2 
101.341 -10.102 4.72878 2.60074 2 
103.907 -10.102 5.10540 1.67883 2 
106.472 -10.102 4.24326 1.98730 2 
109.038 -10.102 4.31328 2.37938 2 
111.603 -10.102 4.38329 2.77146 2 
114.169 -10.102 3.48838 0.06087 2 
116.735 -10.102 3.19490 0.24977 2 
119.300 -10.102 0.00000 -0.00000 0 
-8.980 -12.668 7.20650 -0.94820 2 
-6.414 -12.668 7.08068 -1.13805 2 
-3.848 -12.668 7.13631 -1.33611 2 
-1.283 -12.668 7.15384 -1.54028 2 
1.283 -12.668 7.06345 -1.76213 2 
3.848 -12.668 7.10063 -2.20212 2 
6.414 -12.668 7.37614 -2.51061 2 
8.980 -12.668 7.62778 -2.65875 2 
11.545 -12.668 8.32697 -2.88018 2 
14.111 -12.668 8.60560 -2.68292 2 
16.676 -12.668 8.84643 -2.68999 2 
19.242 -12.668 9.39138 -2.61037 2 
21.808 -12.668 9.41008 -2.42307 2 
24.373 -12.668 4.65502 -1.60536 2 
26.939 -12.668 9.20295 -2.06927 2 
29.504 -12.668 4.41789 -1.45967 2 
32.070 -12.668 6.80293 -0.88087 2 
34.636 -12.668 5.05360 -1.34546 2 
37.201 -12.668 4.64985 -0.64414 2 
39.767 -12.668 4.24610 0.05718 2 
42.332 -12.668 5.17780 -0.09114 2 
44.898 -12.668 4.24881 -0.14972 2 
47.464 -12.668 4.26085 -0.25648 2 
50.029 -12.668 2.68011 -0.58171 2 
52.595 -12.668 0.20647 -0.83699 2 
55.160 -12.668 0.84012 -1.21417 2 
57.726 -12.668 3.45435 -0.66987 2 
60.292 -12.668 2.55906 -1.03814 2 
62.857 -12.668 2.39346 -0.81169 2 
65.423 -12.668 0.86815 -0.77632 2 
67.988 -12.668 1.08560 -1.26069 2 
70.554 -12.668 3.04386 -1.05331 2 
73.120 -12.668 3.40799 -0.51443 2 
75.685 -12.668 3.38354 0.53979 2 
78.251 -12.668 2.51103 -0.69029 2 
80.816 -12.668 2.50514 -0.83598 2 
83.382 -12.668 3.08535 -0.31759 2 
85.948 -12.668 2.90371 -0.63586 2 
88.513 -12.668 2.14397 0.70448 2 
91.079 -12.668 2.92455 0.83185 2 
93.644 -12.668 5.38135 3.50290 2 
96.210 -12.668 6.89680 3.64042 2 
98.776 -12.668 7.14746 3.21771 2 
101.341 -12.668 7.39813 2.79500 2 
103.907 -12.668 6.73480 1.49173 2 
106.472 -12.668 5.36469 2.32176 2 
109.038 -12.668 5.74821 2.52830 2 
111.603 -12.668 6.11780 2.15626 2 
114.169 -12.668 4.32271 0.48115 2 
116.735 -12.668 3.74530 0.71950 2 
119.300 -12.668 0.00000 -0.00000 0 
-8.980 -15.233 7.30400 -1.01735 2 
-6.414 -15.233 7.16850 -1.13443 2 
-3.848 -15.233 7.32893 -1.30086 2 
-1.283 -15.233 7.24464 -1.58547 2 
1.283 -15.233 7.25519 -1.73814 2 
3.848 -15.233 7.44044 -1.97806 2 
6.414 -15.233 7.34337 -2.21084 2 
8.980 -15.233 7.80707 -2.43278 2 
11.545 -15.233 8.13721 -2.42202 2 
14.111 -15.233 8.59888 -2.41194 2 
16.676 -15.233 8.80675 -2.36431 2 
19.242 -15.233 8.96234 -2.17805 2 
21.808 -15.233 9.15790 -2.23411 2 
24.373 -15.233 9.40132 -2.10289 2 
26.939 -15.233 9.76340 -1.84949 2 
29.504 -15.233 9.63940 -1.42775 2 
32.070 -15.233 9.79205 -1.70362 2 
34.636 -15.233 10.00358 -1.34743 2 
37.201 -15.233 9.69412 -0.84628 2 
39.767 -15.233 9.38467 -0.34514 2 
42.332 -15.233 9.10299 -0.06043 2 
44.898 -15.233 8.79520 -0.40512 2 
47.464 -15.233 8.16950 -0.03273 2 
50.029 -15.233 5.38001 -0.53158 2 
52.595 -15.233 5.34016 -0.86427 2 
55.160 -15.233 1.74795 -0.93308 2 
57.726 -15.233 6.14751 -0.85035 2 
60.292 -15.233 4.99863 -1.05621 2 
62.857 -15.233 4.17975 -0.87058 2 
65.423 -15.233 4.96487 0.67281 2 
67.988 -15.233 5.11884 0.18228 2 
70.554 -15.233 5.90259 -0.73104 2 
73.120 -15.233 5.51648 -0.13620 2 
75.685 -15.233 6.83938 0.27926 2 
78.251 -15.233 2.64275 -0.71390 2 
80.816 -15.233 3.34136 -1.15356 2 
83.382 -15.233 3.49270 -0.51769 2 
85.948 -15.233 4.19098 0.53734 2 
88.513 -15.233 5.47327 1.02972 2 
91.079 -15.233 6.68118 1.24716 2 
93.644 -15.233 8.78330 2.06006 2 
96.210 -15.233 9.08357 3.70081 2 
98.776 -15.233 8.40723 3.08210 2 
101.341 -15.233 7.80950 3.02979 2 
103.907 -15.233 7.69966 1.71286 2 
106.472 -15.233 6.56842 2.36126 2 
109.038 -15.233 7.18315 2.67722 2 
111.603 -15.233 7.78524 1.67985 2 
114.169 -15.233 7.43338 0.61562 2 
116.735 -15.233 8.52253 1.31400 2 
119.300 -15.233 0.00000 -0.00000 0 
-8.980 -17.799 7.25265 -1.02388 2 
-6.414 -17.799 7.37538 -1.14542 2 
-3.848 -17.799 7.26452 -1.34411 2 
-1.283 -17.799 7.32574 -1.51829 2 
1.283 -17.799 7.36632 -1.63809 2 
3.848 -17.799 7.53691 -1.84811 2 
6.414 -17.799 7.64617 -2.07475 2 
8.980 -17.799 8.05325 -2.16143 2 
11.545 -17.799 8.23285 -2.20165 2 
14.111 -17.799 8.48559 -2.19166 2 
16.676 -17.799 8.76387 -2.11130 2 
19.242 -17.799 8.92635 -2.06342 2 
21.808 -17.799 9.09366 -1.86378 2 
24.373 -17.799 9.09138 -1.87794 2 
26.939 -17.799 9.23560 -1.71179 2 
29.504 -17.799 9.32883 -1.56297 2 
32.070 -17.799 9.53690 -1.44591 2 
34.636 -17.799 9.74522 -1.12579 2 
37.201 -17.799 9.83316 -1.05926 2 
39.767 -17.799 9.52645 -0.40649 2 
42.332 -17.799 9.24398 -0.57345 2 
44.898 -17.799 8.92944 -0.88900 2 
47.464 -17.799 9.09814 -1.07976 2 
50.029 -17.799 9.61543 -1.07836 2 
52.595 -17.799 10.47385 -0.89154 2 
55.160 -17.799 9.31570 -0.34061 2 
57.726 -17.799 8.84067 -1.03082 2 
60.292 -17.799 7.83488 -0.77844 2 
62.857 -17.799 7.33439 -0.34394 2 
65.423 -17.799 7.34622 0.73979 2 
67.988 -17.799 7.23524 0.79078 2 
70.554 -17.799 8.76131 -0.40878 2 
73.120 -17.799 9.38979 0.33557 2 
75.685 -17.799 10.29522 0.01872 2 
78.251 -17.799 7.85808 0.32674 2 
80.816 -17.799 6.56322 -0.65408 2 
83.382 -17.799 6.62077 -0.05561 2 
85.948 -17.799 7.20908 0.71157 2 
88.513 -17.799 9.28634 1.06086 2 
91.079 -17.799 10.43780 1.66247 2 
93.644 -17.799 10.61905 2.21284 2 
96.210 -17.799 9.72095 3.04807 2 
98.776 -17.799 9.14398 2.58104 2 
101.341 -17.799 8.67366 2.20794 2 
103.907 -17.799 8.66452 1.93399 2 
106.472 -17.799 8.97134 2.13440 2 
109.038 -17.799 8.14802 2.21776 2 
111.603 -17.799 7.91206 1.59115 2 
114.169 -17.799 7.68860 1.26751 2 
116.735 -17.799 8.13387 1.08367 2 
119.300 -17.799 0.00000 -0.00000 0 
-8.980 -20.364 7.30646 -0.99181 2 
-6.414 -20.364 7.49688 -1.15059 2 
-3.848 -20.364 7.41776 -1.13879 2 
-1.283 -20.364 7.35805 -1.56439 2 
1.283 -20.364 7.63575 -1.40987 2 
3.848 -20.364 7.69484 -1.72528 2 
6.414 -20.364 7.78450 -1.73898 2 
8.980 -20.364 8.03899 -1.85525 2 
11.545 -20.364 8.17460 -1.91712 2 
14.111 -20.364 8.48939 -2.07456 2 
16.676 -20.364 8.57818 -1.87762 2 
19.242 -20.364 8.92234 -1.84877 2 
21.808 -20.364 8.86387 -1.87703 2 
24.373 -20.364 9.16403 -1.57979 2 
26.939 -20.364 9.18312 -1.54871 2 
29.504 -20.364 9.41725 -1.38586 2 
32.070 -20.364 9.43052 -1.17919 2 
34.636 -20.364 9.49192 -0.97099 2 
37.201 -20.364 9.50036 -1.08773 2 
39.767 -20.364 9.35823 -0.67382 2 
42.332 -20.364 9.37710 -0.87642 2 
44.898 -20.364 9.12455 -0.79049 2 
47.464 -20.364 9.23931 -1.02331 2 
50.029 -20.364 9.55736 -1.07160 2 
52.595 -20.364 10.09529 -0.83308 2 
55.160 -20.364 10.33424 -0.88566 2 
57.726 -20.364 10.33554 -0.42541 2 
60.292 -20.364 10.67114 -0.50066 2 
62.857 -20.364 10.48903 0.18270 2 
65.423 -20.364 9.72757 0.80677 2 
67.988 -20.364 9.66774 0.56405 2 
70.554 -20.364 9.33503 0.28785 2 
73.120 -20.364 9.66497 -0.10755 2 
75.685 -20.364 9.90286 0.32269 2 
78.251 -20.364 9.77438 0.05927 2 
80.816 -20.364 9.78509 -0.15460 2 
83.382 -20.364 9.74883 0.40647 2 
85.948 -20.364 10.22718 0.88580 2 
88.513 -20.364 9.87357 0.72451 2 
91.079 -20.364 10.29571 1.19214 2 
93.644 -20.364 10.37612 2.02223 2 
96.210 -20.364 9.69330 2.02425 2 
98.776 -20.364 9.13325 2.18414 2 
101.341 -20.364 8.98044 2.02134 2 
103.907 -20.364 8.83725 1.73438 2 
106.472 -20.364 8.77767 1.65829 2 
109.038 -20.364 8.50326 1.66478 2 
111.603 -20.364 8.43043 1.45584 2 
114.169 -20.364 8.39299 1.16501 2 
116.735 -20.364 8.19388 1.15795 2 
119.300 -20.364 0.00000 -0.00000 0 
-8.980 -22.930 7.48940 -1.04751 2 
-6.414 -22.930 7.52875 -1.07463 2 
-3.848 -22.930 7.44626 -1.14820 2 
-1.283 -22.930 7.58528 -1.22372 2 
1.283 -22.930 7.79213 -1.40601 2 
3.848 -22.930 7.76412 -1.52921 2 
6.414 -22.930 7.95946 -1.63247 2 
8.980 -22.930 8.05732 -1.77772 2 
11.545 -22.930 8.29890 -1.77462 2 
14.111 -22.930 8.40518 -1.69743 2 
16.676 -22.930 8.67699 -1.61536 2 
19.242 -22.930 8.75844 -1.62944 2 
21.808 -22.930 8.89136 -1.67842 2 
24.373 -22.930 8.84981 -1.54011 2 
26.939 -22.930 9.10579 -1.38455 2 
29.504 -22.930 9.10598 -1.33082 2 
32.070 -22.930 9.37660 -1.26528 2 
34.636 -22.930 9.39055 -1.02570 2 
37.201 -22.930 9.31426 -1.08815 2 
39.767 -22.930 9.32787 -1.00960 2 
42.332 -22.930 9.19852 -0.84564 2 
44.898 -22.930 9.26811 -0.90038 2 
47.464 -22.930 9.23467 -1.02454 2 
50.029 -22.930 9.49928 -1.06484 2 
52.595 -22.930 9.71673 -0.77462 2 
55.160 -22.930 9.77932 -0.72904 2 
57.726 -22.930 10.18309 -0.47277 2 
60.292 -22.930 10.00090 -0.24646 2 
62.857 -22.930 10.02515 -0.20579 2 
65.423 -22.930 9.86156 -0.04593 2 
67.988 -22.930 9.71359 0.48649 2 
70.554 -22.930 9.73021 0.24907 2 
73.120 -22.930 9.67313 0.08588 2 
75.685 -22.930 9.72145 0.02968 2 
78.251 -22.930 9.89464 0.16385 2 
80.816 -22.930 9.89972 0.35886 2 
83.382 -22.930 10.02758 0.58396 2 
85.948 -22.930 9.78554 0.43627 2 
88.513 -22.930 9.90963 0.59627 2 
91.079 -22.930 10.15362 0.72182 2 
93.644 -22.930 9.92045 1.35630 2 
96.210 -22.930 9.42814 1.66418 2 
98.776 -22.930 9.35743 1.57279 2 
101.341 -22.930 8.96700 1.68872 2 
103.907 -22.930 8.88918 1.61011 2 
106.472 -22.930 8.65859 1.42244 2 
109.038 -22.930 8.68301 1.37750 2 
111.603 -22.930 8.52860 1.32872 2 
114.169 -22.930 8.44901 1.28692 2 
116.735 -22.930 8.67647 1.20449 2 
119.300 -22.930 0.00000 -0.00000 0 
-8.980 -25.496 7.40418 -1.09811 2 
-6.414 -25.496 7.66077 -1.05578 2 
-3.848 -25.496 7.53779 -1.09458 2 
-1.283 -25.496 7.74342 -1.34912 2 
1.283 -25.496 7.73549 -1.38180 2 
3.848 -25.496 7.94900 -1.44964 2 
6.414 -25.496 8.07641 -1.55423 2 
8.980 -25.496 8.16335 -1.59209 2 
11.545 -25.496 8.34168 -1.62922 2 
14.111 -25.496 8.40660 -1.61580 2 
16.676 -25.496 8.69525 -1.59668 2 
19.242 -25.496 8.77789 -1.44931 2 
21.808 -25.496 8.83958 -1.47039 2 
24.373 -25.496 8.98820 -1.32880 2 
26.939 -25.496 8.87437 -1.37702 2 
29.504 -25.496 9.09964 -1.22467 2 
32.070 -25.496 9.07714 -1.00313 2 
34.636 -25.496 9.10683 -1.06412 2 
37.201 -25.496 9.19725 -0.91578 2 
39.767 -25.496 9.22965 -0.81830 2 
42.332 -25.496 9.30480 -0.94193 2 
44.898 -25.496 9.43757 -0.77007 2 
47.464 -25.496 9.31823 -0.83285 2 
50.029 -25.496 9.40626 -0.89483 2 
52.595 -25.496 9.68128 -0.90091 2 
55.160 -25.496 9.69381 -0.64537 2 
57.726 -25.496 9.89536 -0.53037 2 
60.292 -25.496 9.92745 -0.49321 2 
62.857 -25.496 9.76843 -0.00936 2 
65.423 -25.496 9.79421 -0.04490 2 
67.988 -25.496 9.51277 0.19927 2 
70.554 -25.496 9.67076 -0.06574 2 
73.120 -25.496 9.80100 0.00060 2 
75.685 -25.496 9.64610 0.09931 2 
78.251 -25.496 9.72372 0.48891 2 
80.816 -25.496 9.82493 0.27429 2 
83.382 -25.496 9.86420 0.39299 2 
85.948 -25.496 9.67617 0.68491 2 
88.513 -25.496 9.78219 0.54596 2 
91.079 -25.496 9.71092 0.85154 2 
93.644 -25.496 9.68720 1.22807 2 
96.210 -25.496 9.43047 1.08619 2 
98.776 -25.496 9.14422 1.41945 2 
101.341 -25.496 9.02779 1.43969 2 
103.907 -25.496 8.84292 1.23937 2 
106.472 -25.496 8.68856 1.19373 2 
109.038 -25.496 8.64457 1.17439 2 
111.603 -25.496 8.59733 1.15167 2 
114.169 -25.496 8.51057 1.22187 2 
116.735 -25.496 8.79622 1.22354 2 
119.300 -25.496 0.00000 -0.00000 0 
-8.980 -28.061 7.56628 -0.86598 2 
-6.414 -28.061 7.58085 -1.03177 2 
-3.848 -28.061 7.71923 -1.17844 2 
-1.283 -28.061 7.77060 -1.14633 2 
1.283 -28.061 7.67078 -1.11478 2 
3.848 -28.061 7.93040 -1.28686 2 
6.414 -28.061 8.02724 -1.33922 2 
8.980 -28.061 8.18840 -1.50068 2 
11.545 -28.061 8.32432 -1.48139 2 
14.111 -28.061 8.47516 -1.54198 2 
16.676 -28.061 8.70880 -1.38515 2 
19.242 -28.061 8.58688 -1.51622 2 
21.808 -28.061 8.73074 -1.36077 2 
24.373 -28.061 8.85315 -1.40816 2 
26.939 -28.061 8.96841 -1.23381 2 
29.504 -28.061 8.81968 -1.15479 2 
32.070 -28.061 9.17050 -1.04326 2 
34.636 -28.061 9.12192 -1.10394 2 
37.201 -28.061 9.13360 -0.80732 2 
39.767 -28.061 9.11270 -0.93702 2 
42.332 -28.061 9.23669 -0.76124 2 
44.898 -28.061 9.34706 -0.86173 2 
47.464 -28.061 9.38283 -0.75829 2 
50.029 -28.061 9.40669 -0.83325 2 
52.595 -28.061 9.45990 -0.56010 2 
55.160 -28.061 9.50732 -0.62945 2 
57.726 -28.061 9.67335 -0.55737 2 
60.292 -28.061 9.64904 -0.32177 2 
62.857 -28.061 9.70251 -0.13095 2 
65.423 -28.061 9.64231 -0.04440 2 
67.988 -28.061 9.65339 0.04995 2 
70.554 -28.061 9.51595 0.18060 2 
73.120 -28.061 9.66114 0.15060 2 
75.685 -28.061 9.80926 0.09702 2 
78.251 -28.061 9.54301 0.06523 2 
80.816 -28.061 9.75401 0.46466 2 
83.382 -28.061 9.47402 0.50686 2 
85.948 -28.061 9.59337 0.61187 2 
88.513 -28.061 9.45348 0.61744 2 
91.079 -28.061 9.59102 0.91973 2 
93.644 -28.061 9.41430 0.75426 2 
96.210 -28.061 9.27214 1.02097 2 
98.776 -28.061 9.18982 1.06593 2 
101.341 -28.061 9.10258 1.07756 2 
103.907 -28.061 8.88140 1.24585 2 
106.472 -28.061 8.92084 1.23161 2 
109.038 -28.061 8.65995 1.16772 2 
111.603 -28.061 8.48297 1.05079 2 
114.169 -28.061 8.58101 0.93750 2 
116.735 -28.061 8.78699 1.06848 2 
119.300 -28.061 0.00000 -0.00000 0 
-8.980 -30.627 7.77820 -1.04778 2 
-6.414 -30.627 7.60190 -0.92096 2 
-3.848 -30.627 7.73003 -1.01030 2 
-1.283 -30.627 7.88404 -1.09431 2 
1.283 -30.627 8.02884 -1.20068 2 
3.848 -30.627 7.95487 -1.22802 2 
6.414 -30.627 8.19416 -1.24663 2 
8.980 -30.627 8.24104 -1.16196 2 
11.545 -30.627 8.39591 -1.33679 2 
14.111 -30.627 8.45138 -1.28759 2 
16.676 -30.627 8.61285 -1.18036 2 
19.242 -30.627 8.63037 -1.21016 2 
21.808 -30.627 8.76605 -1.22080 2 
24.373 -30.627 8.79731 -1.26863 2 
26.939 -30.627 8.92153 -1.11103 2 
29.504 -30.627 9.01435 -1.02383 2 
32.070 -30.627 8.90280 -1.05613 2 
34.636 -30.627 9.00321 -0.97200 2 
37.201 -30.627 9.15547 -0.84818 2 
39.767 -30.627 8.97418 -0.80864 2 
42.332 -30.627 9.23308 -0.85747 2 
44.898 -30.627 9.20687 -0.84651 2 
47.464 -30.627 9.28952 -0.81751 2 
50.029 -30.627 9.43651 -0.59522 2 
52.595 -30.627 9.29956 -0.67777 2 
55.160 -30.627 9.40247 -0.55950 2 
57.726 -30.627 9.39807 -0.40817 2 
60.292 -30.627 9.55870 -0.48775 2 
62.857 -30.627 9.39917 -0.35136 2 
65.423 -30.627 9.46922 -0.19615 2 
67.988 -30.627 9.42753 -0.17624 2 
70.554 -30.627 9.46638 0.02282 2 
73.120 -30.627 9.46118 0.04922 2 
75.685 -30.627 9.47026 0.30034 2 
78.251 -30.627 9.47983 0.28883 2 
80.816 -30.627 9.39441 0.27741 2 
83.382 -30.627 9.65374 0.54175 2 
85.948 -30.627 9.45330 0.38952 2 
88.513 -30.627 9.37987 0.64712 2 
91.079 -30.627 9.41638 0.71365 2 
93.644 -30.627 9.19238 0.93688 2 
96.210 -30.627 9.10552 0.99208 2 
98.776 -30.627 9.04644 0.96611 2 
101.341 -30.627 9.00359 0.95677 2 
103.907 -30.627 8.88697 0.85805 2 
106.472 -30.627 8.66336 1.17936 2 
109.038 -30.627 8.75894 0.97879 2 
111.603 -30.627 8.66752 1.00624 2 
114.169 -30.627 8.58729 1.05738 2 
116.735 -30.627 8.77777 0.91343 2 
119.300 -30.627 0.00000 -0.00000 0 
-8.980 -33.192 7.67946 -0.92146 2 
-6.414 -33.192 7.71481 -0.94424 2 
-3.848 -33.192 7.74721 -0.96116 2 
-1.283 -33.192 7.83423 -1.00420 2 
1.283 -33.192 7.96959 -1.06949 2 
3.848 -33.192 8.05338 -1.15033 2 
6.414 -33.192 8.19525 -1.24941 2 
8.980 -33.192 8.23413 -1.16335 2 
11.545 -33.192 8.34098 -1.16854 2 
14.111 -33.192 8.35073 -1.27004 2 
16.676 -33.192 8.70189 -1.19670 2 
19.242 -33.192 8.51702 -1.28689 2 
21.808 -33.192 8.77353 -1.22521 2 
24.373 -33.192 8.93094 -1.04738 2 
26.939 -33.192 8.75233 -1.13776 2 
29.504 -33.192 8.93283 -1.02320 2 
32.070 -33.192 9.00352 -0.85118 2 
34.636 -33.192 8.98180 -1.03085 2 
37.201 -33.192 8.94220 -1.02540 2 
39.767 -33.192 9.19481 -0.78356 2 
42.332 -33.192 9.03598 -0.80784 2 
44.898 -33.192 9.17136 -0.79819 2 
47.464 -33.192 9.05843 -0.68784 2 
50.029 -33.192 9.24280 -0.80958 2 
52.595 -33.192 9.27898 -0.51927 2 
55.160 -33.192 9.25770 -0.45794 2 
57.726 -33.192 9.65526 -0.56028 2 
60.292 -33.192 9.19169 -0.50209 2 
62.857 -33.192 9.47161 -0.14335 2 
65.423 -33.192 9.43640 -0.17147 2 
67.988 -33.192 9.37608 -0.10465 2 
70.554 -33.192 9.41892 -0.11283 2 
73.120 -33.192 9.54105 0.06045 2 
75.685 -33.192 9.42159 0.11696 2 
78.251 -33.192 9.44131 0.29336 2 
80.816 -33.192 9.44930 0.41220 2 
83.382 -33.192 9.33039 0.32465 2 
85.948 -33.192 9.22771 0.51561 2 
88.513 -33.192 9.38471 0.53916 2 
91.079 -33.192 9.23599 0.65480 2 
93.644 -33.192 9.20695 0.74775 2 
96.210 -33.192 9.07454 0.75226 2 
98.776 -33.192 9.01950 0.83119 2 
101.341 -33.192 8.85614 0.84070 2 
103.907 -33.192 8.86461 0.96431 2 
106.472 -33.192 8.86472 0.93454 2 
109.038 -33.192 8.70946 1.07715 2 
111.603 -33.192 8.71682 0.97386 2 
114.169 -33.192 8.50358 0.78684 2 
116.735 -33.192 8.82073 0.87787 2 
119.300 -33.192 0.00000 -0.00000 0 
-8.980 -35.758 7.66265 -0.92144 2 
-6.414 -35.758 7.96646 -0.87398 2 
-3.848 -35.758 7.96554 -0.94904 2 
-1.283 -35.758 8.00937 -0.98927 2 
1.283 -35.758 8.10586 -1.00130 2 
3.848 -35.758 8.05512 -0.94866 2 
6.414 -35.758 8.20185 -1.08481 2 
8.980 -35.758 8.24112 -1.02116 2 
11.545 -35.758 8.35401 -1.10348 2 
14.111 -35.758 8.49790 -1.10201 2 
16.676 -35.758 8.62301 -1.16598 2 
19.242 -35.758 8.64977 -1.04076 2 
21.808 -35.758 8.79612 -1.09284 2 
24.373 -35.758 8.73140 -1.01219 2 
26.939 -35.758 8.92200 -1.02573 2 
29.504 -35.758 8.87974 -0.84601 2 
32.070 -35.758 8.89962 -0.98776 2 
34.636 -35.758 8.86154 -0.80600 2 
37.201 -35.758 9.10114 -0.81819 2 
39.767 -35.758 8.91954 -0.80165 2 
42.332 -35.758 9.08959 -0.68685 2 
44.898 -35.758 9.11620 -0.76022 2 
47.464 -35.758 9.15878 -0.69165 2 
50.029 -35.758 9.16270 -0.59090 2 
52.595 -35.758 9.22026 -0.59752 2 
55.160 -35.758 9.16507 -0.53563 2 
57.726 -35.758 9.35894 -0.42509 2 
60.292 -35.758 9.45784 -0.34545 2 
62.857 -35.758 9.34068 -0.28980 2 
65.423 -35.758 9.39398 -0.28108 2 
67.988 -35.758 9.34850 -0.11791 2 
70.554 -35.758 9.36528 -0.11537 2 
73.120 -35.758 9.27022 0.07602 2 
75.685 -35.758 9.32714 0.26618 2 
78.251 -35.758 9.18756 0.12727 2 
80.816 -35.758 9.32455 0.38415 2 
83.382 -35.758 9.32273 0.36418 2 
85.948 -35.758 9.26905 0.49531 2 
88.513 -35.758 9.11486 0.61257 2 
91.079 -35.758 9.15684 0.76044 2 
93.644 -35.758 9.00845 0.70433 2 
96.210 -35.758 9.04478 0.73575 2 
98.776 -35.758 8.92579 0.76690 2 
101.341 -35.758 8.94920 0.91980 2 
103.907 -35.758 8.87721 0.82569 2 
106.472 -35.758 8.79353 0.84858 2 
109.038 -35.758 8.70487 0.88062 2 
111.603 -35.758 8.72314 0.86543 2 
114.169 -35.758 8.60738 0.97715 2 
116.735 -35.758 8.86370 0.84231 2 
119.300 -35.758 0.00000 -0.00000 0 
-8.980 -38.324 7.90892 -0.84500 2 
-6.414 -38.324 7.93107 -0.91008 2 
-3.848 -38.324 7.99421 -0.88561 2 
-1.283 -38.324 8.03212 -0.95071 2 
1.283 -38.324 8.08040 -0.93006 2 
3.848 -38.324 8.12504 -1.02570 2 
6.414 -38.324 8.20587 -0.90728 2 
8.980 -38.324 8.29756 -1.03658 2 
11.545 -38.324 8.40717 -1.08005 2 
14.111 -38.324 8.42463 -0.97619 2 
16.676 -38.324 8.47671 -0.99164 2 
19.242 -38.324 8.56887 -1.02337 2 
21.808 -38.324 8.64555 -0.89806 2 
24.373 -38.324 8.71570 -1.04042 2 
26.939 -38.324 8.73228 -0.84973 2 
29.504 -38.324 8.77743 -0.98285 2 
32.070 -38.324 8.81390 -0.96185 2 
34.636 -38.324 8.91312 -0.75363 2 
37.201 -38.324 8.97746 -0.84266 2 
39.767 -38.324 9.14405 -0.83170 2 
42.332 -38.324 9.03231 -0.79220 2 
44.898 -38.324 9.01739 -0.56754 2 
47.464 -38.324 9.18862 -0.63742 2 
50.029 -38.324 9.13141 -0.68247 2 
52.595 -38.324 9.07638 -0.49212 2 
55.160 -38.324 9.15914 -0.41763 2 
57.726 -38.324 9.32355 -0.41162 2 
60.292 -38.324 9.12970 -0.28982 2 
62.857 -38.324 9.25797 -0.27159 2 
65.423 -38.324 9.22556 -0.26781 2 
67.988 -38.324 9.15070 0.03069 2 
70.554 -38.324 9.32310 -0.10688 2 
73.120 -38.324 9.18615 0.22210 2 
75.685 -38.324 9.15238 0.11545 2 
78.251 -38.324 9.32211 0.21096 2 
80.816 -38.324 9.42886 0.25149 2 
83.382 -38.324 9.07789 0.32278 2 
85.948 -38.324 9.14608 0.48880 2 
88.513 -38.324 9.21008 0.64277 2 
91.079 -38.324 9.06681 0.56448 2 
93.644 -38.324 9.02509 0.54228 2 
96.210 -38.324 9.07822 0.73011 2 
98.776 -38.324 8.93419 0.81514 2 
101.341 -38.324 8.94676 0.78800 2 
103.907 -38.324 8.85396 0.69460 2 
106.472 -38.324 8.67766 0.79836 2 
109.038 -38.324 8.82182 0.76620 2 
111.603 -38.324 8.76748 0.86422 2 
114.169 -38.324 8.69109 0.85347 2 
116.735 -38.324 8.90666 0.80675 2 
119.300 -38.324 0.00000 -0.00000 0 
-8.980 -40.889 7.83406 -0.73586 2 
-6.414 -40.889 7.87272 -0.78854 2 
-3.848 -40.889 7.96075 -0.83096 2 
-1.283 -40.889 8.11002 -0.98443 2 
1.283 -40.889 8.24218 -0.86216 2 
3.848 -40.889 8.12115 -0.96369 2 
6.414 -40.889 8.31659 -0.86308 2 
8.980 -40.889 8.31076 -1.00844 2 
11.545 -40.889 8.46735 -0.94742 2 
14.111 -40.889 8.50871 -0.91968 2 
16.676 -40.889 8.54660 -1.07096 2 
19.242 -40.889 8.53449 -0.87944 2 
21.808 -40.889 8.66066 -1.01101 2 
24.373 -40.889 8.63914 -0.82283 2 
26.939 -40.889 8.81389 -0.97536 2 
29.504 -40.889 8.84068 -0.82858 2 
32.070 -40.889 8.75587 -0.81781 2 
34.636 -40.889 8.83680 -0.78216 2 
37.201 -40.889 8.89978 -0.66828 2 
39.767 -40.889 8.98808 -0.62896 2 
42.332 -40.889 8.93360 -0.63312 2 
44.898 -40.889 8.93895 -0.47624 2 
47.464 -40.889 9.00565 -0.55407 2 
50.029 -40.889 9.04605 -0.55701 2 
52.595 -40.889 9.15021 -0.42571 2 
55.160 -40.889 8.98064 -0.39090 2 
57.726 -40.889 9.13283 -0.41099 2 
60.292 -40.889 9.10497 -0.42364 2 
62.857 -40.889 9.26020 -0.28264 2 
65.423 -40.889 9.13988 -0.12710 2 
67.988 -40.889 9.07755 -0.15560 2 
70.554 -40.889 9.07302 -0.02193 2 
73.120 -40.889 9.11744 0.19039 2 
75.685 -40.889 9.25775 0.05082 2 
78.251 -40.889 8.99586 0.24680 2 
80.816 -40.889 9.28413 0.28696 2 
83.382 -40.889 9.15243 0.33835 2 
85.948 -40.889 9.20942 0.45884 2 
88.513 -40.889 9.08595 0.52951 2 
91.079 -40.889 9.05939 0.69226 2 
93.644 -40.889 9.00733 0.64152 2 
96.210 -40.889 8.98891 0.57874 2 
98.776 -40.889 9.04472 0.61027 2 
101.341 -40.889 8.88703 0.74595 2 
103.907 -40.889 8.87448 0.81456 2 
106.472 -40.889 8.70914 0.76375 2 
109.038 -40.889 8.71255 0.74921 2 
111.603 -40.889 8.60614 0.73703 2 
114.169 -40.889 8.61933 0.81198 2 
116.735 -40.889 8.93003 0.74373 2 
119.300 -40.889 0.00000 -0.00000 0 
-8.980 -43.455 7.83126 -0.80147 2 
-6.414 -43.455 8.07588 -0.92190 2 
-3.848 -43.455 7.95741 -0.85150 2 
-1.283 -43.455 8.02807 -0.84139 2 
1.283 -43.455 8.06594 -0.92433 2 
3.848 -43.455 8.07997 -0.78959 2 
6.414 -43.455 8.34581 -0.92807 2 
8.980 -43.455 8.28630 -0.82011 2 
11.545 -43.455 8.38037 -0.93928 2 
14.111 -43.455 8.33744 -0.93595 2 
16.676 -43.455 8.46209 -0.91190 2 
19.242 -43.455 8.55317 -0.79720 2 
21.808 -43.455 8.56301 -0.84153 2 
24.373 -43.455 8.63620 -0.89407 2 
26.939 -43.455 8.79270 -0.83274 2 
29.504 -43.455 8.71241 -0.84624 2 
32.070 -43.455 8.88176 -0.71135 2 
34.636 -43.455 8.88264 -0.81336 2 
37.201 -43.455 8.90158 -0.80249 2 
39.767 -43.455 8.79812 -0.83189 2 
42.332 -43.455 8.86115 -0.60285 2 
44.898 -43.455 9.06879 -0.66979 2 
47.464 -43.455 8.92957 -0.55887 2 
50.029 -43.455 8.98551 -0.44908 2 
52.595 -43.455 8.99493 -0.58671 2 
55.160 -43.455 9.03757 -0.50905 2 
57.726 -43.455 9.01486 -0.16277 2 
60.292 -43.455 9.17324 -0.31700 2 
62.857 -43.455 9.01187 -0.20144 2 
65.423 -43.455 9.25281 -0.24658 2 
67.988 -43.455 9.17334 -0.04279 2 
70.554 -43.455 9.00301 0.03792 2 
73.120 -43.455 9.36000 0.13124 2 
75.685 -43.455 9.07887 0.34105 2 
78.251 -43.455 9.06382 0.14371 2 
80.816 -43.455 9.11038 0.36849 2 
83.382 -43.455 9.05401 0.20320 2 
85.948 -43.455 8.98477 0.42320 2 
88.513 -43.455 9.02325 0.43123 2 
91.079 -43.455 9.06622 0.47596 2 
93.644 -43.455 8.92990 0.47084 2 
96.210 -43.455 8.96045 0.45938 2 
98.776 -43.455 8.95269 0.75874 2 
101.341 -43.455 8.76358 0.51682 2 
103.907 -43.455 8.80338 0.70048 2 
106.472 -43.455 8.73926 0.68797 2 
109.038 -43.455 8.77397 0.79256 2 
111.603 -43.455 8.68568 0.77863 2 
114.169 -43.455 8.57467 0.56987 2 
116.735 -43.455 8.95341 0.68071 2 
119.300 -43.455 0.00000 -0.00000 0 
-8.980 -46.020 7.86184 -0.70455 2 
-6.414 -46.020 8.04247 -0.81520 2 
-3.848 -46.020 8.04739 -0.83996 2 
-1.283 -46.020 8.11049 -0.69139 2 
1.283 -46.020 8.17074 -0.79099 2 
3.848 -46.020 8.34078 -0.92011 2 
6.414 -46.020 8.19503 -0.74814 2 
8.980 -46.020 8.40641 -0.90449 2 
11.545 -46.020 8.48785 -0.79527 2 
14.111 -46.020 8.31028 -0.83736 2 
16.676 -46.020 8.54799 -0.88095 2 
19.242 -46.020 8.53268 -0.79035 2 
21.808 -46.020 8.67324 -0.78807 2 
24.373 -46.020 8.65200 -0.77788 2 
26.939 -46.020 8.73602 -0.75027 2 
29.504 -46.020 8.74800 -0.67876 2 
32.070 -46.020 8.66344 -0.62566 2 
34.636 -46.020 8.75363 -0.67497 2 
37.201 -46.020 8.68973 -0.72207 2 
39.767 -46.020 8.91836 -0.72951 2 
42.332 -46.020 8.76225 -0.58625 2 
44.898 -46.020 8.82249 -0.55291 2 
47.464 -46.020 8.93887 -0.72777 2 
50.029 -46.020 9.07732 -0.45529 2 
52.595 -46.020 8.88859 -0.40867 2 
55.160 -46.020 9.00768 -0.31759 2 
57.726 -46.020 8.90686 -0.47238 2 
60.292 -46.020 9.17419 -0.34273 2 
62.857 -46.020 8.98873 -0.18282 2 
65.423 -46.020 9.15829 -0.08518 2 
67.988 -46.020 9.02827 -0.14494 2 
70.554 -46.020 8.98456 0.00237 2 
73.120 -46.020 9.03968 0.11360 2 
75.685 -46.020 9.14824 0.16515 2 
78.251 -46.020 9.04985 0.16068 2 
80.816 -46.020 9.05261 0.32012 2 
83.382 -46.020 9.09120 0.23653 2 
85.948 -46.020 9.03171 0.35439 2 
88.513 -46.020 8.90366 0.40772 2 
91.079 -46.020 9.03090 0.45261 2 
93.644 -46.020 8.90948 0.55547 2 
96.210 -46.020 8.79111 0.70158 2 
98.776 -46.020 8.79979 0.66790 2 
101.341 -46.020 8.87091 0.61802 2 
103.907 -46.020 8.74157 0.71211 2 
106.472 -46.020 8.68519 0.70055 2 
109.038 -46.020 8.73362 0.70539 2 
111.603 -46.020 8.70032 0.62724 2 
114.169 -46.020 8.64926 0.83502 2 
116.735 -46.020 8.81558 0.45852 2 
119.300 -46.020 0.00000 -0.00000 0 
-8.980 -48.586 8.12494 -0.79993 2 
-6.414 -48.586 7.84938 -0.68996 2 
-3.848 -48.586 7.92051 -0.73157 2 
-1.283 -48.586 8.08326 -0.82261 2 
1.283 -48.586 8.20393 -0.85847 2 
3.848 -48.586 8.29612 -0.64279 2 
6.414 -48.586 8.22169 -0.84017 2 
8.980 -48.586 8.28584 -0.80342 2 
11.545 -48.586 8.31916 -0.86485 2 
14.111 -48.586 8.40917 -0.79347 2 
16.676 -48.586 8.56470 -0.80113 2 
19.242 -48.586 8.63488 -0.75012 2 
21.808 -48.586 8.51241 -0.85225 2 
24.373 -48.586 8.66426 -0.85227 2 
26.939 -48.586 8.63302 -0.81448 2 
29.504 -48.586 8.82909 -0.72930 2 
32.070 -48.586 8.65911 -0.79426 2 
34.636 -48.586 8.75550 -0.64048 2 
37.201 -48.586 8.91383 -0.68979 2 
39.767 -48.586 8.82955 -0.67344 2 
42.332 -48.586 8.90962 -0.53027 2 
44.898 -48.586 8.77231 -0.61535 2 
47.464 -48.586 8.89741 -0.41451 2 
50.029 -48.586 8.80748 -0.43509 2 
52.595 -48.586 8.99114 -0.36012 2 
55.160 -48.586 8.96338 -0.29560 2 
57.726 -48.586 9.05559 -0.30947 2 
60.292 -48.586 9.01007 -0.32034 2 
62.857 -48.586 8.95266 -0.29357 2 
65.423 -48.586 9.06557 -0.19742 2 
67.988 -48.586 8.92175 -0.05871 2 
70.554 -48.586 9.08027 -0.04020 2 
73.120 -48.586 9.05667 -0.00832 2 
75.685 -48.586 8.94243 0.09757 2 
78.251 -48.586 9.07505 0.23410 2 
80.816 -48.586 8.87755 0.21990 2 
83.382 -48.586 8.97846 0.30492 2 
85.948 -48.586 9.04628 0.31887 2 
88.513 -48.586 8.96600 0.34710 2 
91.079 -48.586 8.88540 0.54809 2 
93.644 -48.586 8.86347 0.59687 2 
96.210 -48.586 8.87623 0.40196 2 
98.776 -48.586 8.80106 0.45035 2 
101.341 -48.586 8.76870 0.51227 2 
103.907 -48.586 8.77607 0.64199 2 
106.472 -48.586 8.69097 0.72534 2 
109.038 -48.586 8.63187 0.74454 2 
111.603 -48.586 8.68475 0.68591 2 
114.169 -48.586 8.40423 0.68472 2 
116.735 -48.586 8.83521 0.83818 2 
119.300 -48.586 0.00000 -0.00000 0 
-8.980 -51.152 7.91410 -0.73192 2 
-6.414 -51.152 8.05183 -0.71245 2 
-3.848 -51.152 8.06760 -0.84939 2 
-1.283 -51.152 8.16122 -0.73575 2 
1.283 -51.152 8.08578 -0.83783 2 
3.848 -51.152 8.18362 -0.75043 2 
6.414 -51.152 8.35588 -0.60447 2 
8.980 -51.152 8.25333 -0.75486 2 
11.545 -51.152 8.35773 -0.74697 2 
14.111 -51.152 8.61272 -0.79102 2 
16.676 -51.152 8.38635 -0.74949 2 
19.242 -51.152 8.51832 -0.75492 2 
21.808 -51.152 8.54081 -0.71305 2 
24.373 -51.152 8.62769 -0.74249 2 
26.939 -51.152 8.65945 -0.66827 2 
29.504 -51.152 8.57700 -0.71442 2 
32.070 -51.152 8.88843 -0.76663 2 
34.636 -51.152 8.67603 -0.71156 2 
37.201 -51.152 8.79477 -0.58883 2 
39.767 -51.152 8.76780 -0.52524 2 
42.332 -51.152 8.81736 -0.56901 2 
44.898 -51.152 8.93777 -0.64253 2 
47.464 -51.152 9.00557 -0.50431 2 
50.029 -51.152 8.80674 -0.57999 2 
52.595 -51.152 8.94889 -0.41310 2 
55.160 -51.152 8.85111 -0.28424 2 
57.726 -51.152 8.87558 -0.29506 2 
60.292 -51.152 8.90341 -0.30648 2 
62.857 -51.152 8.90112 -0.15112 2 
65.423 -51.152 9.03259 -0.15693 2 
67.988 -51.152 9.01088 -0.02192 2 
70.554 -51.152 9.06399 0.02904 2 
73.120 -51.152 9.03629 0.17323 2 
75.685 -51.152 8.78728 0.15389 2 
78.251 -51.152 8.92350 0.03731 2 
80.816 -51.152 8.96222 0.34331 2 
83.382 -51.152 8.86754 0.29673 2 
85.948 -51.152 8.90264 0.45225 2 
88.513 -51.152 8.84164 0.47679 2 
91.079 -51.152 8.76250 0.43447 2 
93.644 -51.152 8.86376 0.38393 2 
96.210 -51.152 8.84516 0.52513 2 
98.776 -51.152 8.74729 0.57404 2 
101.341 -51.152 8.80456 0.57085 2 
103.907 -51.152 8.66111 0.52756 2 
106.472 -51.152 8.63998 0.65765 2 
109.038 -51.152 8.72526 0.58464 2 
111.603 -51.152 8.51466 0.63124 2 
114.169 -51.152 8.75471 0.66992 2 
116.735 -51.152 9.03959 0.73924 2 
119.300 -51.152 0.00000 -0.00000 0 
-8.980 -53.717 8.16618 -0.62552 2 
-6.414 -53.717 8.24831 -0.69632 2 
-3.848 -53.717 8.13996 -0.85975 2 
-1.283 -53.717 8.25057 -0.77614 2 
1.283 -53.717 8.14383 -0.67967 2 
3.848 -53.717 8.21725 -0.98064 2 
6.414 -53.717 8.31595 -0.76694 2 
8.980 -53.717 8.39726 -0.87748 2 
11.545 -53.717 8.32659 -0.69945 2 
14.111 -53.717 8.57671 -0.80759 2 
16.676 -53.717 8.48746 -0.71795 2 
19.242 -53.717 8.74410 -0.83426 2 
21.808 -53.717 8.45946 -0.75575 2 
24.373 -53.717 8.65364 -0.71966 2 
26.939 -53.717 8.66948 -0.91423 2 
29.504 -53.717 8.76074 -0.68358 2 
32.070 -53.717 8.58782 -0.71595 2 
34.636 -53.717 8.72207 -0.62911 2 
37.201 -53.717 8.69267 -0.71988 2 
39.767 -53.717 8.80051 -0.61769 2 
42.332 -53.717 8.84538 -0.64721 2 
44.898 -53.717 8.79561 -0.58556 2 
47.464 -53.717 8.85451 -0.52859 2 
50.029 -53.717 8.88429 -0.53297 2 
52.595 -53.717 8.92697 -0.37059 2 
55.160 -53.717 8.90518 -0.33602 2 
57.726 -53.717 8.86234 -0.46198 2 
60.292 -53.717 8.99219 -0.19726 2 
62.857 -53.717 8.88064 -0.28982 2 
65.423 -53.717 8.99938 -0.07111 2 
67.988 -53.717 8.99856 -0.16780 2 
70.554 -53.717 8.95987 -0.06268 2 
73.120 -53.717 8.90638 -0.13108 2 
75.685 -53.717 8.86949 0.06009 2 
78.251 -53.717 8.90004 0.20402 2 
80.816 -53.717 8.95263 0.30239 2 
83.382 -53.717 8.93217 0.36343 2 
85.948 -53.717 8.90128 0.34807 2 
88.513 -53.717 8.87078 0.38590 2 
91.079 -53.717 8.83154 0.33972 2 
93.644 -53.717 8.86719 0.41634 2 
96.210 -53.717 8.77015 0.54300 2 
98.776 -53.717 8.80158 0.62841 2 
101.341 -53.717 8.74059 0.62070 2 
103.907 -53.717 8.63475 0.67639 2 
106.472 -53.717 8.76606 0.71073 2 
109.038 -53.717 8.64640 0.75221 2 
111.603 -53.717 8.68546 0.61221 2 
114.169 -53.717 8.77425 0.67241 2 
116.735 -53.717 0.00000 -0.00000 0 
119.300 -53.717 0.00000 -0.00000 0 
-8.980 -56.283 0.00000 -0.00000 0 
-6.414 -56.283 0.00000 -0.00000 0 
-3.848 -56.283 8.22498 -0.40857 2 
-1.283 -56.283 8.17194 -0.39815 2 
1.283 -56.283 8.18539 -0.42244 2 
3.848 -56.283 8.11976 -0.37677 2 
6.414 -56.283 8.09665 -0.40084 2 
8.980 -56.283 8.14486 -0.38984 2 
11.545 -56.283 8.19307 -0.37883 2 
14.111 -56.283 8.24128 -0.36783 2 
16.676 -56.283 8.28949 -0.35682 2 
19.242 -56.283 8.33770 -0.34582 2 
21.808 -56.283 8.38591 -0.33482 2 
24.373 -56.283 8.43412 -0.32381 2 
26.939 -56.283 8.48233 -0.31281 2 
29.504 -56.283 8.53055 -0.30180 2 
32.070 -56.283 8.57876 -0.29080 2 
34.636 -56.283 8.62697 -0.27980 2 
37.201 -56.283 8.67518 -0.26879 2 
39.767 -56.283 8.72339 -0.25779 2 
42.332 -56.283 8.77160 -0.24679 2 
44.898 -56.283 8.81981 -0.23578 2 
47.464 -56.283 8.86802 -0.22478 2 
50.029 -56.283 8.91623 -0.21377 2 
52.595 -56.283 8.77818 -0.04750 2 
55.160 -56.283 8.83820 0.01894 2 
57.726 -56.283 8.73119 -0.06249 2 
60.292 -56.283 8.82653 -0.19588 2 
62.857 -56.283 8.78836 -0.23385 2 
65.423 -56.283 8.84746 -0.16077 2 
67.988 -56.283 8.99799 -0.06393 2 
70.554 -56.283 9.02488 0.05648 2 
73.120 -56.283 8.96801 -0.06314 2 
75.685 -56.283 8.89327 0.09593 2 
78.251 -56.283 8.90257 0.12892 2 
80.816 -56.283 8.87292 0.04363 2 
83.382 -56.283 8.85086 0.26702 2 
85.948 -56.283 8.81932 0.20584 2 
88.513 -56.283 8.80323 0.14676 2 
91.079 -56.283 8.78714 0.08769 2 
93.644 -56.283 8.77106 0.02861 2 
96.210 -56.283 0.00000 -0.00000 0 
98.776 -56.283 0.00000 -0.00000 0 
101.341 -56.283 0.00000 -0.00000 0 
103.907 -56.283 0.00000 -0.00000 0 
106.472 -56.283 0.00000 -0.00000 0 
109.038 -56.283 0.00000 -0.00000 0 
111.603 -56.283 0.00000 -0.00000 0 
114.169 -56.283 0.00000 -0.00000 0 
116.735 -56.283 0.00000 -0.00000 0 
119.300 -56.283 0.00000 -0.00000 0 
