TITLE = "B00027"
VARIABLES = "X [mm]", "Y [mm]", "Vx [m/s]", "Vy [m/s]", "Flag"
ZONE T="Frame 1", I=51, J=39, F=POINT
-8.980 41.210 7.20011 0.28992 2 
-6.414 41.210 7.27656 0.26113 2 
-3.848 41.210 7.23032 0.37693 2 
-1.283 41.210 7.09806 0.27288 2 
1.283 41.210 7.94796 0.32617 2 
3.848 41.210 0.00000 -0.00000 0 
6.414 41.210 0.00000 -0.00000 0 
8.980 41.210 0.00000 -0.00000 0 
11.545 41.210 0.00000 -0.00000 0 
14.111 41.210 0.00000 -0.00000 0 
16.676 41.210 0.00000 -0.00000 0 
19.242 41.210 3.90160 0.37236 2 
21.808 41.210 7.80320 0.74472 2 
24.373 41.210 7.40478 0.72995 2 
26.939 41.210 7.39872 0.84674 2 
29.504 41.210 7.50569 0.74587 2 
32.070 41.210 7.50312 0.90637 2 
34.636 41.210 7.55797 0.85846 2 
37.201 41.210 7.63901 0.72669 2 
39.767 41.210 7.64102 0.89150 2 
42.332 41.210 7.71090 0.75921 2 
44.898 41.210 7.89339 0.69886 2 
47.464 41.210 7.84760 0.85261 2 
50.029 41.210 8.16667 0.68140 2 
52.595 41.210 8.08690 0.94370 2 
55.160 41.210 8.10142 0.84359 2 
57.726 41.210 8.17275 0.56383 2 
60.292 41.210 8.24819 0.72790 2 
62.857 41.210 8.30740 0.80079 2 
65.423 41.210 8.56594 0.70233 2 
67.988 41.210 8.37561 0.53150 2 
70.554 41.210 8.35269 0.53221 2 
73.120 41.210 8.27805 0.41367 2 
75.685 41.210 8.53489 0.51785 2 
78.251 41.210 8.48660 0.49786 2 
80.816 41.210 0.00000 0.00000 0 
83.382 41.210 8.53050 0.59514 2 
85.948 41.210 8.56070 0.59460 2 
88.513 41.210 8.54981 0.25953 2 
91.079 41.210 8.50610 0.49382 2 
93.644 41.210 8.73094 0.29998 2 
96.210 41.210 8.51318 0.13303 2 
98.776 41.210 8.56076 0.09940 2 
101.341 41.210 8.72729 0.01149 2 
103.907 41.210 8.40089 -0.01575 2 
106.472 41.210 8.56768 0.09805 2 
109.038 41.210 8.54213 -0.05269 2 
111.603 41.210 8.53940 -0.09653 2 
114.169 41.210 8.50398 -0.00029 2 
116.735 41.210 0.00000 -0.00000 0 
119.300 41.210 0.00000 -0.00000 0 
-8.980 38.644 7.07800 0.22439 2 
-6.414 38.644 7.18845 0.28823 2 
-3.848 38.644 7.29445 0.38744 2 
-1.283 38.644 7.15040 0.38054 2 
1.283 38.644 7.63369 0.45479 2 
3.848 38.644 0.00000 -0.00000 0 
6.414 38.644 0.00000 -0.00000 0 
8.980 38.644 0.00000 -0.00000 0 
11.545 38.644 0.00000 -0.00000 0 
14.111 38.644 0.00000 -0.00000 0 
16.676 38.644 0.00000 -0.00000 0 
19.242 38.644 3.86778 0.48504 2 
21.808 38.644 7.73556 0.97009 2 
24.373 38.644 7.39774 0.78188 2 
26.939 38.644 7.50237 0.86868 2 
29.504 38.644 7.43994 0.89352 2 
32.070 38.644 7.47919 0.72843 2 
34.636 38.644 7.68733 0.80721 2 
37.201 38.644 7.55921 0.98083 2 
39.767 38.644 7.61551 0.81293 2 
42.332 38.644 7.90942 0.90878 2 
44.898 38.644 7.82223 0.86189 2 
47.464 38.644 7.95044 0.95662 2 
50.029 38.644 7.83264 0.91539 2 
52.595 38.644 8.05712 1.05148 2 
55.160 38.644 7.96559 0.70093 2 
57.726 38.644 8.04211 0.95138 2 
60.292 38.644 8.24170 0.83763 2 
62.857 38.644 8.45124 0.63803 2 
65.423 38.644 8.07724 0.94406 2 
67.988 38.644 8.43010 0.72943 2 
70.554 38.644 8.48821 0.69098 2 
73.120 38.644 8.45005 0.72059 2 
75.685 38.644 8.44596 0.86784 2 
78.251 38.644 8.68701 0.60496 2 
80.816 38.644 0.00000 0.00000 0 
83.382 38.644 8.62829 0.50854 2 
85.948 38.644 8.67888 0.43571 2 
88.513 38.644 8.64816 0.59549 2 
91.079 38.644 8.48509 0.06812 2 
93.644 38.644 8.62654 0.19333 2 
96.210 38.644 8.62885 0.17840 2 
98.776 38.644 8.43872 0.22061 2 
101.341 38.644 8.47192 0.10926 2 
103.907 38.644 8.72313 0.12784 2 
106.472 38.644 8.66165 0.05024 2 
109.038 38.644 8.39587 -0.17393 2 
111.603 38.644 8.65563 0.02214 2 
114.169 38.644 8.52829 -0.05918 2 
116.735 38.644 9.06155 0.06606 2 
119.300 38.644 0.00000 -0.00000 0 
-8.980 36.079 6.96833 0.29012 2 
-6.414 36.079 7.35818 0.27854 2 
-3.848 36.079 7.11195 0.61708 2 
-1.283 36.079 7.02845 0.44379 2 
1.283 36.079 7.46167 0.49852 2 
3.848 36.079 0.00000 -0.00000 0 
6.414 36.079 0.00000 -0.00000 0 
8.980 36.079 0.00000 -0.00000 0 
11.545 36.079 0.00000 -0.00000 0 
14.111 36.079 0.00000 -0.00000 0 
16.676 36.079 0.00000 -0.00000 0 
19.242 36.079 3.96612 0.51154 2 
21.808 36.079 7.93223 1.02307 2 
24.373 36.079 7.17986 0.76100 2 
26.939 36.079 7.46291 0.83022 2 
29.504 36.079 7.51889 0.97372 2 
32.070 36.079 7.54341 0.78514 2 
34.636 36.079 7.54217 0.96148 2 
37.201 36.079 7.65000 0.80676 2 
39.767 36.079 7.69934 1.21321 2 
42.332 36.079 7.85527 0.89939 2 
44.898 36.079 7.61503 1.05708 2 
47.464 36.079 8.09063 1.00445 2 
50.029 36.079 7.83093 0.93137 2 
52.595 36.079 8.05902 0.89714 2 
55.160 36.079 8.21617 1.20973 2 
57.726 36.079 8.08161 1.05195 2 
60.292 36.079 8.46025 0.85273 2 
62.857 36.079 8.47733 0.96999 2 
65.423 36.079 8.26648 0.85007 2 
67.988 36.079 8.32024 0.72953 2 
70.554 36.079 8.30872 0.79590 2 
73.120 36.079 8.58343 0.73943 2 
75.685 36.079 8.57980 0.60589 2 
78.251 36.079 8.59736 0.67927 2 
80.816 36.079 0.00000 0.00000 0 
83.382 36.079 8.58339 0.69829 2 
85.948 36.079 8.57473 0.76454 2 
88.513 36.079 8.75688 0.29575 2 
91.079 36.079 8.75060 0.21671 2 
93.644 36.079 8.91802 0.11069 2 
96.210 36.079 8.74103 0.29669 2 
98.776 36.079 8.59097 0.15051 2 
101.341 36.079 8.71893 0.01964 2 
103.907 36.079 8.32701 0.02978 2 
106.472 36.079 8.66207 0.20535 2 
109.038 36.079 8.68986 -0.14373 2 
111.603 36.079 8.37767 -0.19012 2 
114.169 36.079 8.60060 0.04021 2 
116.735 36.079 8.62678 -0.19280 2 
119.300 36.079 0.00000 -0.00000 0 
-8.980 33.513 7.15094 0.43522 2 
-6.414 33.513 7.04608 0.36746 2 
-3.848 33.513 7.09617 0.47452 2 
-1.283 33.513 7.12976 0.39604 2 
1.283 33.513 7.67047 0.39269 2 
3.848 33.513 0.00000 -0.00000 0 
6.414 33.513 0.00000 -0.00000 0 
8.980 33.513 0.00000 -0.00000 0 
11.545 33.513 0.00000 -0.00000 0 
14.111 33.513 0.00000 -0.00000 0 
16.676 33.513 0.00000 -0.00000 0 
19.242 33.513 3.85582 0.37410 2 
21.808 33.513 7.71164 0.74819 2 
24.373 33.513 7.33562 0.79760 2 
26.939 33.513 7.36872 0.97998 2 
29.504 33.513 7.37529 0.96219 2 
32.070 33.513 7.47564 0.99703 2 
34.636 33.513 7.66984 0.92280 2 
37.201 33.513 7.60666 1.02392 2 
39.767 33.513 7.57613 1.02413 2 
42.332 33.513 7.56453 0.88911 2 
44.898 33.513 7.90225 1.00603 2 
47.464 33.513 7.84576 1.00632 2 
50.029 33.513 7.92080 0.93668 2 
52.595 33.513 7.93578 0.96507 2 
55.160 33.513 8.09295 0.93416 2 
57.726 33.513 8.09022 0.89043 2 
60.292 33.513 8.11162 0.99502 2 
62.857 33.513 8.27271 1.03204 2 
65.423 33.513 8.23817 0.95112 2 
67.988 33.513 8.51058 0.95780 2 
70.554 33.513 8.50724 0.85883 2 
73.120 33.513 8.48538 0.81491 2 
75.685 33.513 8.33284 0.61711 2 
78.251 33.513 8.68065 0.80604 2 
80.816 33.513 0.00000 0.00000 0 
83.382 33.513 8.87164 0.51414 2 
85.948 33.513 8.99076 0.45623 2 
88.513 33.513 8.70048 0.33267 2 
91.079 33.513 8.69212 0.41456 2 
93.644 33.513 8.64970 0.43577 2 
96.210 33.513 8.76676 -0.06397 2 
98.776 33.513 8.62648 -0.02632 2 
101.341 33.513 8.49697 0.01657 2 
103.907 33.513 8.82579 -0.09349 2 
106.472 33.513 8.46495 0.13545 2 
109.038 33.513 8.48799 -0.13572 2 
111.603 33.513 8.78068 -0.04855 2 
114.169 33.513 8.48657 -0.02571 2 
116.735 33.513 9.10253 -0.25418 2 
119.300 33.513 0.00000 -0.00000 0 
-8.980 30.948 6.96082 0.15204 2 
-6.414 30.948 7.04411 0.34047 2 
-3.848 30.948 6.87803 0.39809 2 
-1.283 30.948 7.14006 0.48218 2 
1.283 30.948 7.33106 0.60508 2 
3.848 30.948 0.00000 -0.00000 0 
6.414 30.948 0.00000 -0.00000 0 
8.980 30.948 0.00000 -0.00000 0 
11.545 30.948 0.00000 -0.00000 0 
14.111 30.948 0.00000 -0.00000 0 
16.676 30.948 0.00000 -0.00000 0 
19.242 30.948 3.87451 0.38868 2 
21.808 30.948 7.74901 0.77737 2 
24.373 30.948 7.15093 0.86912 2 
26.939 30.948 7.36781 0.89576 2 
29.504 30.948 7.37650 1.00479 2 
32.070 30.948 7.43548 1.16292 2 
34.636 30.948 7.36468 0.99777 2 
37.201 30.948 7.70225 1.07466 2 
39.767 30.948 7.73638 1.00460 2 
42.332 30.948 7.61043 1.33276 2 
44.898 30.948 7.96853 1.06491 2 
47.464 30.948 7.91016 0.93623 2 
50.029 30.948 7.92449 1.03336 2 
52.595 30.948 8.26182 0.97874 2 
55.160 30.948 8.06028 0.95420 2 
57.726 30.948 8.23481 1.01262 2 
60.292 30.948 8.32440 1.11066 2 
62.857 30.948 8.45008 0.97596 2 
65.423 30.948 8.30394 0.81698 2 
67.988 30.948 8.57615 0.91597 2 
70.554 30.948 8.48076 0.99145 2 
73.120 30.948 8.65192 0.79590 2 
75.685 30.948 8.77234 0.60503 2 
78.251 30.948 8.63462 0.62871 2 
80.816 30.948 0.00000 0.00000 0 
83.382 30.948 8.80636 0.61670 2 
85.948 30.948 8.80223 0.66850 2 
88.513 30.948 8.79936 0.34918 2 
91.079 30.948 8.70843 0.16686 2 
93.644 30.948 8.86684 0.21896 2 
96.210 30.948 8.75768 0.07273 2 
98.776 30.948 8.56029 -0.26153 2 
101.341 30.948 8.81103 0.04335 2 
103.907 30.948 8.44766 0.01696 2 
106.472 30.948 8.75334 0.10493 2 
109.038 30.948 8.52563 0.14659 2 
111.603 30.948 8.64497 0.03176 2 
114.169 30.948 8.70485 0.15101 2 
116.735 30.948 9.21978 -0.19311 2 
119.300 30.948 0.00000 -0.00000 0 
-8.980 28.382 7.05364 0.24570 2 
-6.414 28.382 7.04213 0.31348 2 
-3.848 28.382 7.25924 0.39655 2 
-1.283 28.382 7.09537 0.52478 2 
1.283 28.382 7.57941 0.49146 2 
3.848 28.382 3.84209 0.30875 2 
6.414 28.382 0.00000 -0.00000 0 
8.980 28.382 0.00000 -0.00000 0 
11.545 28.382 0.00000 -0.00000 0 
14.111 28.382 0.00000 -0.00000 0 
16.676 28.382 4.42568 0.53978 2 
19.242 28.382 8.85137 1.07956 2 
21.808 28.382 7.17507 0.93361 2 
24.373 28.382 7.21018 0.98539 2 
26.939 28.382 7.37775 1.06695 2 
29.504 28.382 7.24929 0.90790 2 
32.070 28.382 7.63929 1.11080 2 
34.636 28.382 7.42428 1.04529 2 
37.201 28.382 7.23592 1.15105 2 
39.767 28.382 7.65554 1.11225 2 
42.332 28.382 7.83579 0.92569 2 
44.898 28.382 7.66675 1.15076 2 
47.464 28.382 7.99248 1.15233 2 
50.029 28.382 7.84289 1.31097 2 
52.595 28.382 8.02757 0.94630 2 
55.160 28.382 8.19507 1.20938 2 
57.726 28.382 8.08671 1.14675 2 
60.292 28.382 8.31336 0.97774 2 
62.857 28.382 8.46699 0.93325 2 
65.423 28.382 8.49398 0.83376 2 
67.988 28.382 8.54117 0.80450 2 
70.554 28.382 8.49509 0.89678 2 
73.120 28.382 8.62196 1.00571 2 
75.685 28.382 8.80697 0.94267 2 
78.251 28.382 8.82213 0.67637 2 
80.816 28.382 8.71715 0.78551 2 
83.382 28.382 8.80069 0.62775 2 
85.948 28.382 8.88424 0.46998 2 
88.513 28.382 8.97953 0.50888 2 
91.079 28.382 8.69798 0.42518 2 
93.644 28.382 9.04422 0.11821 2 
96.210 28.382 8.69364 0.11919 2 
98.776 28.382 8.71753 -0.07577 2 
101.341 28.382 8.55691 -0.18628 2 
103.907 28.382 8.86162 -0.01700 2 
106.472 28.382 8.41640 -0.12373 2 
109.038 28.382 8.45995 0.31564 2 
111.603 28.382 8.40033 0.15117 2 
114.169 28.382 8.80711 0.44562 2 
116.735 28.382 9.33703 -0.13203 2 
119.300 28.382 0.00000 -0.00000 0 
-8.980 25.816 7.07405 0.36185 2 
-6.414 25.816 6.96501 0.18418 2 
-3.848 25.816 6.99252 0.38338 2 
-1.283 25.816 6.92623 0.48486 2 
1.283 25.816 7.02756 0.38015 2 
3.848 25.816 7.68419 0.61749 2 
6.414 25.816 0.00000 -0.00000 0 
8.980 25.816 0.00000 -0.00000 0 
11.545 25.816 0.00000 -0.00000 0 
14.111 25.816 0.00000 -0.00000 0 
16.676 25.816 3.70353 0.58109 2 
19.242 25.816 7.40706 1.16217 2 
21.808 25.816 7.04979 0.93355 2 
24.373 25.816 7.29131 1.10376 2 
26.939 25.816 7.16732 0.92347 2 
29.504 25.816 7.36773 1.09083 2 
32.070 25.816 7.39245 1.08644 2 
34.636 25.816 7.45818 1.13629 2 
37.201 25.816 7.72410 1.12282 2 
39.767 25.816 7.40355 1.35667 2 
42.332 25.816 7.83905 1.24700 2 
44.898 25.816 7.86313 1.18299 2 
47.464 25.816 7.86748 1.26760 2 
50.029 25.816 7.90538 1.18289 2 
52.595 25.816 8.13683 1.14502 2 
55.160 25.816 8.09568 1.13575 2 
57.726 25.816 8.30474 1.23203 2 
60.292 25.816 8.30741 1.02575 2 
62.857 25.816 8.27812 1.08793 2 
65.423 25.816 8.45710 0.98493 2 
67.988 25.816 8.57709 1.10223 2 
70.554 25.816 8.69440 0.81638 2 
73.120 25.816 8.63781 0.76702 2 
75.685 25.816 8.81667 0.94400 2 
78.251 25.816 8.76465 0.72632 2 
80.816 25.816 8.88697 0.91821 2 
83.382 25.816 0.00000 0.00000 0 
85.948 25.816 8.45662 0.62115 2 
88.513 25.816 9.09986 0.41563 2 
91.079 25.816 9.08177 0.28347 2 
93.644 25.816 9.14878 0.37460 2 
96.210 25.816 9.01508 -0.20903 2 
98.776 25.816 8.72095 -0.23595 2 
101.341 25.816 8.74894 0.00144 2 
103.907 25.816 8.42733 -0.21554 2 
106.472 25.816 8.41130 -0.03509 2 
109.038 25.816 8.29773 0.25166 2 
111.603 25.816 8.52302 0.38551 2 
114.169 25.816 8.77481 0.39322 2 
116.735 25.816 9.56082 0.43853 2 
119.300 25.816 0.00000 -0.00000 0 
-8.980 23.251 6.98299 0.16645 2 
-6.414 23.251 7.05320 0.36757 2 
-3.848 23.251 6.87159 0.33082 2 
-1.283 23.251 6.93390 0.43292 2 
1.283 23.251 6.93039 0.34196 2 
3.848 23.251 7.03627 0.48390 2 
6.414 23.251 0.00000 -0.00000 0 
8.980 23.251 0.00000 -0.00000 0 
11.545 23.251 0.00000 -0.00000 0 
14.111 23.251 0.00000 -0.00000 0 
16.676 23.251 3.77789 0.52333 2 
19.242 23.251 7.55578 1.04667 2 
21.808 23.251 7.05079 0.93342 2 
24.373 23.251 7.14567 1.21398 2 
26.939 23.251 7.17551 1.16028 2 
29.504 23.251 7.34282 1.25077 2 
32.070 23.251 7.24834 1.29697 2 
34.636 23.251 7.64356 1.18980 2 
37.201 23.251 7.60137 1.15658 2 
39.767 23.251 7.59290 1.08518 2 
42.332 23.251 7.82646 1.34088 2 
44.898 23.251 7.66818 1.35840 2 
47.464 23.251 8.07108 1.37942 2 
50.029 23.251 7.86174 1.24927 2 
52.595 23.251 8.20130 1.33603 2 
55.160 23.251 8.19330 1.04750 2 
57.726 23.251 8.16791 1.13817 2 
60.292 23.251 8.31291 1.44138 2 
62.857 23.251 8.50874 1.24100 2 
65.423 23.251 8.32898 1.29877 2 
67.988 23.251 8.67566 0.96604 2 
70.554 23.251 8.79832 1.34107 2 
73.120 23.251 8.82399 1.12668 2 
75.685 23.251 8.71195 1.00840 2 
78.251 23.251 8.95559 0.84956 2 
80.816 23.251 9.01266 0.79451 2 
83.382 23.251 0.00000 0.00000 0 
85.948 23.251 8.02900 0.77233 2 
88.513 23.251 9.55550 0.41810 2 
91.079 23.251 9.30096 0.31075 2 
93.644 23.251 9.31198 0.04050 2 
96.210 23.251 9.13505 -0.07754 2 
98.776 23.251 8.81917 -0.48643 2 
101.341 23.251 8.62352 -0.49455 2 
103.907 23.251 8.36198 -0.31454 2 
106.472 23.251 7.94892 -0.20887 2 
109.038 23.251 7.96352 0.32738 2 
111.603 23.251 7.80481 0.88780 2 
114.169 23.251 8.57568 1.30156 2 
116.735 23.251 10.60753 0.73717 2 
119.300 23.251 0.00000 -0.00000 0 
-8.980 20.685 7.00988 0.17739 2 
-6.414 20.685 6.79155 0.12279 2 
-3.848 20.685 6.91513 0.28849 2 
-1.283 20.685 6.98517 0.25571 2 
1.283 20.685 6.69838 0.55952 2 
3.848 20.685 7.00868 0.68100 2 
6.414 20.685 0.00000 -0.00000 0 
8.980 20.685 0.00000 -0.00000 0 
11.545 20.685 0.00000 -0.00000 0 
14.111 20.685 0.00000 -0.00000 0 
16.676 20.685 3.69140 0.51013 2 
19.242 20.685 7.38280 1.02026 2 
21.808 20.685 7.05083 1.07505 2 
24.373 20.685 7.11637 1.23491 2 
26.939 20.685 7.20783 1.21607 2 
29.504 20.685 7.26681 1.21427 2 
32.070 20.685 7.37822 1.34440 2 
34.636 20.685 7.39863 1.31029 2 
37.201 20.685 7.54944 1.31228 2 
39.767 20.685 7.55854 1.36143 2 
42.332 20.685 7.79942 1.34750 2 
44.898 20.685 7.76069 1.27144 2 
47.464 20.685 7.86405 1.41641 2 
50.029 20.685 8.05838 1.21028 2 
52.595 20.685 8.18397 1.39252 2 
55.160 20.685 8.13222 1.46333 2 
57.726 20.685 8.12133 1.26419 2 
60.292 20.685 8.35929 1.06941 2 
62.857 20.685 8.42057 1.40094 2 
65.423 20.685 8.89583 1.36554 2 
67.988 20.685 9.02992 1.32472 2 
70.554 20.685 8.87658 1.24869 2 
73.120 20.685 8.89603 0.92574 2 
75.685 20.685 9.51463 0.95080 2 
78.251 20.685 9.06671 0.97950 2 
80.816 20.685 9.31499 0.94172 2 
83.382 20.685 0.00000 0.00000 0 
85.948 20.685 0.00000 0.00000 0 
88.513 20.685 0.00000 0.00000 0 
91.079 20.685 9.76138 0.60017 2 
93.644 20.685 9.88655 -0.44959 2 
96.210 20.685 9.16181 -0.47258 2 
98.776 20.685 9.31790 -0.48432 2 
101.341 20.685 8.70019 -0.99401 2 
103.907 20.685 8.15123 -0.66898 2 
106.472 20.685 7.48042 -0.51053 2 
109.038 20.685 7.09957 0.90768 2 
111.603 20.685 5.24973 1.30228 2 
114.169 20.685 4.88287 0.37340 2 
116.735 20.685 5.76077 0.64094 2 
119.300 20.685 0.00000 -0.00000 0 
-8.980 18.120 6.91917 0.08710 2 
-6.414 18.120 6.91413 0.24102 2 
-3.848 18.120 6.86997 0.18978 2 
-1.283 18.120 6.78061 0.23235 2 
1.283 18.120 6.70618 0.46552 2 
3.848 18.120 6.64493 0.46619 2 
6.414 18.120 0.00000 -0.00000 0 
8.980 18.120 0.00000 -0.00000 0 
11.545 18.120 0.00000 -0.00000 0 
14.111 18.120 0.00000 -0.00000 0 
16.676 18.120 3.54971 0.65362 2 
19.242 18.120 7.09942 1.30723 2 
21.808 18.120 6.95371 1.20575 2 
24.373 18.120 7.17848 1.13793 2 
26.939 18.120 7.11406 1.44649 2 
29.504 18.120 7.14820 1.46423 2 
32.070 18.120 7.36548 1.32141 2 
34.636 18.120 7.47333 1.51139 2 
37.201 18.120 7.49912 1.42927 2 
39.767 18.120 7.59383 1.57263 2 
42.332 18.120 7.72768 1.24820 2 
44.898 18.120 7.75050 1.41269 2 
47.464 18.120 7.77345 1.44031 2 
50.029 18.120 8.03348 1.62554 2 
52.595 18.120 8.11669 1.50009 2 
55.160 18.120 8.63606 1.29820 2 
57.726 18.120 8.49201 1.54788 2 
60.292 18.120 8.73805 1.37438 2 
62.857 18.120 8.93276 1.27927 2 
65.423 18.120 4.44791 0.68277 2 
67.988 18.120 0.00000 -0.00000 0 
70.554 18.120 0.00000 -0.00000 0 
73.120 18.120 0.00000 -0.00000 0 
75.685 18.120 0.00000 -0.00000 0 
78.251 18.120 0.00000 -0.00000 0 
80.816 18.120 0.00000 -0.00000 0 
83.382 18.120 0.00000 -0.00000 0 
85.948 18.120 1.06288 0.10824 2 
88.513 18.120 3.07968 -0.14947 2 
91.079 18.120 5.93369 0.17026 2 
93.644 18.120 10.53364 -0.58557 2 
96.210 18.120 9.09193 -1.16055 2 
98.776 18.120 9.88429 -0.73865 2 
101.341 18.120 5.45405 -1.24400 2 
103.907 18.120 8.03741 -1.19669 2 
106.472 18.120 7.67669 -1.85999 2 
109.038 18.120 4.73102 0.01619 2 
111.603 18.120 2.69464 1.71677 2 
114.169 18.120 0.67514 1.21020 2 
116.735 18.120 0.91400 0.54471 2 
119.300 18.120 0.00000 -0.00000 0 
-8.980 15.554 6.79079 0.06601 2 
-6.414 15.554 6.73712 0.15133 2 
-3.848 15.554 6.72910 0.10965 2 
-1.283 15.554 6.67950 0.24579 2 
1.283 15.554 6.56271 0.41265 2 
3.848 15.554 6.85097 0.49714 2 
6.414 15.554 0.00000 -0.00000 0 
8.980 15.554 0.00000 -0.00000 0 
11.545 15.554 0.00000 -0.00000 0 
14.111 15.554 0.00000 -0.00000 0 
16.676 15.554 3.72969 0.62815 2 
19.242 15.554 7.45937 1.25631 2 
21.808 15.554 7.00198 1.10468 2 
24.373 15.554 6.96357 1.38772 2 
26.939 15.554 7.02198 1.52831 2 
29.504 15.554 7.36795 1.34916 2 
32.070 15.554 7.38007 1.73685 2 
34.636 15.554 7.41415 1.62119 2 
37.201 15.554 7.64184 1.71436 2 
39.767 15.554 7.79424 1.66112 2 
42.332 15.554 7.54999 1.82319 2 
44.898 15.554 8.00968 1.37209 2 
47.464 15.554 8.45845 1.63534 2 
50.029 15.554 8.41965 1.54631 2 
52.595 15.554 8.55377 1.27651 2 
55.160 15.554 0.00000 -0.00000 0 
57.726 15.554 0.00000 -0.00000 0 
60.292 15.554 0.00000 -0.00000 0 
62.857 15.554 0.00000 -0.00000 0 
65.423 15.554 0.00000 -0.00000 0 
67.988 15.554 0.00000 -0.00000 0 
70.554 15.554 0.00000 -0.00000 0 
73.120 15.554 0.00000 -0.00000 0 
75.685 15.554 0.00000 -0.00000 0 
78.251 15.554 0.00000 -0.00000 0 
80.816 15.554 -2.67821 -0.38307 2 
83.382 15.554 -1.77623 -0.06407 2 
85.948 15.554 -2.00158 0.06493 2 
88.513 15.554 -2.46392 0.11848 2 
91.079 15.554 1.73586 0.55219 2 
93.644 15.554 0.76679 -0.48534 2 
96.210 15.554 -0.19658 -0.64735 2 
98.776 15.554 1.44186 0.02494 2 
101.341 15.554 2.20791 -1.49398 2 
103.907 15.554 3.20278 -1.61614 2 
106.472 15.554 2.82531 -0.54784 2 
109.038 15.554 1.79934 0.34665 2 
111.603 15.554 1.81437 1.44963 2 
114.169 15.554 0.91414 1.26466 2 
116.735 15.554 1.13319 1.40129 2 
119.300 15.554 0.00000 -0.00000 0 
-8.980 12.988 6.96008 -0.05157 2 
-6.414 12.988 6.63932 -0.04595 2 
-3.848 12.988 6.71826 0.12044 2 
-1.283 12.988 6.60244 0.19910 2 
1.283 12.988 6.40125 0.26363 2 
3.848 12.988 3.20063 0.13181 2 
6.414 12.988 0.00000 -0.00000 0 
8.980 12.988 0.00000 -0.00000 0 
11.545 12.988 0.00000 -0.00000 0 
14.111 12.988 0.00000 -0.00000 0 
16.676 12.988 3.53194 0.72826 2 
19.242 12.988 7.06387 1.45651 2 
21.808 12.988 6.78435 1.53099 2 
24.373 12.988 6.87140 1.84733 2 
26.939 12.988 7.12577 1.49666 2 
29.504 12.988 7.50318 1.85071 2 
32.070 12.988 7.66507 1.64564 2 
34.636 12.988 7.61174 1.97741 2 
37.201 12.988 7.82787 1.47535 2 
39.767 12.988 7.51375 1.72750 2 
42.332 12.988 0.00000 -0.00000 0 
44.898 12.988 0.00000 -0.00000 0 
47.464 12.988 0.00000 -0.00000 0 
50.029 12.988 0.00000 -0.00000 0 
52.595 12.988 0.00000 -0.00000 0 
55.160 12.988 0.00000 -0.00000 0 
57.726 12.988 0.00000 -0.00000 0 
60.292 12.988 0.00000 -0.00000 0 
62.857 12.988 0.00000 -0.00000 0 
65.423 12.988 0.00000 -0.00000 0 
67.988 12.988 0.00000 -0.00000 0 
70.554 12.988 0.00000 -0.00000 0 
73.120 12.988 0.00000 -0.00000 0 
75.685 12.988 -0.99429 -0.34141 2 
78.251 12.988 -1.54819 -0.44431 2 
80.816 12.988 -2.98459 -0.27935 2 
83.382 12.988 -2.18511 -0.02334 2 
85.948 12.988 -2.39625 0.22543 2 
88.513 12.988 -2.56480 0.20410 2 
91.079 12.988 -0.80521 0.32291 2 
93.644 12.988 -2.72682 -0.20883 2 
96.210 12.988 -2.72855 -0.32451 2 
98.776 12.988 -0.42853 -1.41477 2 
101.341 12.988 -1.45903 -1.77823 2 
103.907 12.988 -2.39403 -0.56592 2 
106.472 12.988 -2.02607 0.76432 2 
109.038 12.988 -0.18724 1.13572 2 
111.603 12.988 0.93409 1.18249 2 
114.169 12.988 0.48309 1.37376 2 
116.735 12.988 0.56335 1.00201 2 
119.300 12.988 0.43799 2.50639 2 
-8.980 10.423 6.80238 -0.01914 2 
-6.414 10.423 6.58674 -0.32570 2 
-3.848 10.423 6.45034 -0.05977 2 
-1.283 10.423 6.36435 0.05779 2 
1.283 10.423 6.24988 0.16100 2 
3.848 10.423 4.17782 0.12181 2 
6.414 10.423 2.10576 0.08263 2 
8.980 10.423 0.00000 -0.00000 0 
11.545 10.423 0.00000 -0.00000 0 
14.111 10.423 0.00000 -0.00000 0 
16.676 10.423 2.35462 0.48550 2 
19.242 10.423 4.70925 0.97101 2 
21.808 10.423 7.19336 1.46327 2 
24.373 10.423 7.21656 2.00318 2 
26.939 10.423 7.71985 1.76224 2 
29.504 10.423 5.24577 1.89848 2 
32.070 10.423 0.00000 -0.00000 0 
34.636 10.423 0.00000 -0.00000 0 
37.201 10.423 0.00000 -0.00000 0 
39.767 10.423 0.00000 -0.00000 0 
42.332 10.423 0.00000 -0.00000 0 
44.898 10.423 0.00000 -0.00000 0 
47.464 10.423 0.00000 -0.00000 0 
50.029 10.423 0.00000 -0.00000 0 
52.595 10.423 0.00000 -0.00000 0 
55.160 10.423 0.00000 -0.00000 0 
57.726 10.423 0.00000 -0.00000 0 
60.292 10.423 0.00000 -0.00000 0 
62.857 10.423 0.00000 -0.00000 0 
65.423 10.423 0.00000 -0.00000 0 
67.988 10.423 -1.13382 -0.46626 2 
70.554 10.423 -1.63181 -0.23227 2 
73.120 10.423 -2.05996 -0.95170 2 
75.685 10.423 -2.70773 -0.92322 2 
78.251 10.423 -3.09639 -0.88862 2 
80.816 10.423 -3.29097 -0.17563 2 
83.382 10.423 -2.59399 0.01740 2 
85.948 10.423 -2.79093 0.38593 2 
88.513 10.423 -2.66569 0.28971 2 
91.079 10.423 -3.34628 0.09363 2 
93.644 10.423 -4.20491 0.56635 2 
96.210 10.423 -3.13225 0.02081 2 
98.776 10.423 -2.54268 -0.52602 2 
101.341 10.423 -3.66355 -0.52942 2 
103.907 10.423 -3.46715 1.04400 2 
106.472 10.423 -3.06702 1.73220 2 
109.038 10.423 -2.17382 1.92478 2 
111.603 10.423 -2.09658 0.42386 2 
114.169 10.423 -0.61803 1.53751 2 
116.735 10.423 -0.00649 0.60272 2 
119.300 10.423 0.20590 2.54963 2 
-8.980 7.857 6.68737 -0.36471 2 
-6.414 7.857 6.70648 -0.29886 2 
-3.848 7.857 6.48730 -0.06118 2 
-1.283 7.857 6.39115 -0.10157 2 
1.283 7.857 6.00478 0.08887 2 
3.848 7.857 6.31728 0.24790 2 
6.414 7.857 3.15864 0.12395 2 
8.980 7.857 0.00000 -0.00000 0 
11.545 7.857 0.00000 -0.00000 0 
14.111 7.857 0.00000 -0.00000 2 
16.676 7.857 1.56975 0.32367 2 
19.242 7.857 2.35462 0.48550 2 
21.808 7.857 0.00000 -0.00000 0 
24.373 7.857 0.00000 -0.00000 0 
26.939 7.857 0.00000 -0.00000 0 
29.504 7.857 0.00000 -0.00000 0 
32.070 7.857 0.00000 -0.00000 0 
34.636 7.857 0.00000 -0.00000 0 
37.201 7.857 0.00000 -0.00000 0 
39.767 7.857 0.00000 -0.00000 0 
42.332 7.857 0.00000 -0.00000 0 
44.898 7.857 0.00000 -0.00000 0 
47.464 7.857 0.00000 -0.00000 0 
50.029 7.857 0.00000 -0.00000 0 
52.595 7.857 0.00000 -0.00000 0 
55.160 7.857 0.00000 -0.00000 0 
57.726 7.857 0.00000 -0.00000 0 
60.292 7.857 -0.29658 -0.17664 2 
62.857 7.857 -0.64324 -0.07240 2 
65.423 7.857 -0.10108 -0.01735 2 
67.988 7.857 -2.26765 -0.93252 2 
70.554 7.857 -2.46300 -1.31043 2 
73.120 7.857 -2.52971 -0.74275 2 
75.685 7.857 -2.72255 -0.96808 2 
78.251 7.857 -2.73901 0.24763 2 
80.816 7.857 -2.97485 -0.35069 2 
83.382 7.857 -2.10636 0.00892 2 
85.948 7.857 -2.30453 -0.62071 2 
88.513 7.857 -2.54008 -0.26148 2 
91.079 7.857 -3.57945 0.15758 2 
93.644 7.857 -3.84745 0.54090 2 
96.210 7.857 -3.53594 0.36613 2 
98.776 7.857 -3.58487 0.43105 2 
101.341 7.857 -3.63379 0.49597 2 
103.907 7.857 -3.65756 0.22510 2 
106.472 7.857 -2.07386 1.46368 2 
109.038 7.857 -3.10810 0.45741 2 
111.603 7.857 -2.07414 1.06038 2 
114.169 7.857 -0.46797 1.34236 2 
116.735 7.857 -0.68752 0.65394 2 
119.300 7.857 0.10669 0.56598 2 
-8.980 5.292 6.69773 -0.45261 2 
-6.414 5.292 6.57032 -0.34107 2 
-3.848 5.292 6.45012 -0.33135 2 
-1.283 5.292 6.10609 -0.28649 2 
1.283 5.292 6.19720 -0.11636 2 
3.848 5.292 6.59564 0.04044 2 
6.414 5.292 3.29782 0.02022 2 
8.980 5.292 0.00000 -0.00000 0 
11.545 5.292 0.00000 -0.00000 0 
14.111 5.292 0.00000 -0.00000 0 
16.676 5.292 0.00000 -0.00000 0 
19.242 5.292 0.00000 -0.00000 0 
21.808 5.292 0.00000 -0.00000 0 
24.373 5.292 0.00000 -0.00000 0 
26.939 5.292 0.00000 -0.00000 0 
29.504 5.292 0.00000 -0.00000 0 
32.070 5.292 0.00000 -0.00000 0 
34.636 5.292 0.00000 -0.00000 0 
37.201 5.292 0.00000 -0.00000 0 
39.767 5.292 0.00000 -0.00000 0 
42.332 5.292 0.00000 -0.00000 0 
44.898 5.292 0.00000 -0.00000 0 
47.464 5.292 0.00000 -0.00000 0 
50.029 5.292 0.00000 -0.00000 0 
52.595 5.292 -0.19232 -0.09055 2 
55.160 5.292 -0.81768 -0.21767 2 
57.726 5.292 -0.33405 -0.06317 2 
60.292 5.292 -0.59316 -0.35329 2 
62.857 5.292 -1.93327 -0.93106 2 
65.423 5.292 -1.90973 -1.00365 2 
67.988 5.292 -2.44651 -0.32743 2 
70.554 5.292 -2.91663 -0.48563 2 
73.120 5.292 -2.99947 -0.53381 2 
75.685 5.292 -2.50237 -0.33572 2 
78.251 5.292 -2.60403 -0.12949 2 
80.816 5.292 -2.65874 -0.52576 2 
83.382 5.292 -3.33643 -1.14116 2 
85.948 5.292 -3.03368 -1.03604 2 
88.513 5.292 -2.09882 -0.83233 2 
91.079 5.292 -3.67768 -0.94965 2 
93.644 5.292 -3.67430 0.25983 2 
96.210 5.292 -3.37478 -0.06594 2 
98.776 5.292 -3.97323 -0.21361 2 
101.341 5.292 -4.13963 0.10890 2 
103.907 5.292 -3.84797 -0.59381 2 
106.472 5.292 -2.41864 -0.47627 2 
109.038 5.292 -2.61768 -0.37228 2 
111.603 5.292 -0.73085 0.38085 2 
114.169 5.292 -0.31791 1.14721 2 
116.735 5.292 -0.71298 0.86182 2 
119.300 5.292 0.25921 0.79999 2 
-8.980 2.726 6.84615 -0.52643 2 
-6.414 2.726 6.46406 -0.54647 2 
-3.848 2.726 6.40164 -0.43371 2 
-1.283 2.726 6.16019 -0.53123 2 
1.283 2.726 6.38962 -0.32158 2 
3.848 2.726 3.29782 0.02022 2 
6.414 2.726 0.00000 -0.00000 0 
8.980 2.726 0.00000 -0.00000 0 
11.545 2.726 0.00000 -0.00000 0 
14.111 2.726 0.00000 -0.00000 0 
16.676 2.726 0.00000 -0.00000 0 
19.242 2.726 0.00000 -0.00000 0 
21.808 2.726 0.00000 -0.00000 0 
24.373 2.726 0.00000 -0.00000 0 
26.939 2.726 0.00000 -0.00000 0 
29.504 2.726 0.00000 -0.00000 0 
32.070 2.726 0.00000 -0.00000 0 
34.636 2.726 0.00000 -0.00000 0 
37.201 2.726 0.00000 -0.00000 0 
39.767 2.726 0.00000 -0.00000 0 
42.332 2.726 0.00000 -0.00000 0 
44.898 2.726 0.00000 -0.00000 0 
47.464 2.726 -0.38749 -0.06714 2 
50.029 2.726 -0.16417 -0.18627 2 
52.595 2.726 -0.38465 -0.18110 2 
55.160 2.726 -0.99908 -0.24373 2 
57.726 2.726 -1.61351 -0.30635 2 
60.292 2.726 -1.12220 -1.01707 2 
62.857 2.726 -2.08588 -1.18947 2 
65.423 2.726 -2.35097 -1.11844 2 
67.988 2.726 -1.98255 -0.76175 2 
70.554 2.726 -2.38224 -0.49355 2 
73.120 2.726 -2.65896 -0.25769 2 
75.685 2.726 -2.54769 -0.59123 2 
78.251 2.726 -3.06642 -0.99626 2 
80.816 2.726 -2.76388 -1.63042 2 
83.382 2.726 -3.19833 -0.92688 2 
85.948 2.726 -2.76491 -1.36256 2 
88.513 2.726 -2.11058 -0.93570 2 
91.079 2.726 -2.21292 -1.30162 2 
93.644 2.726 -3.50114 -0.02124 2 
96.210 2.726 -3.22717 -0.53068 2 
98.776 2.726 -3.85235 -0.19796 2 
101.341 2.726 -4.64547 -0.27817 2 
103.907 2.726 -3.38519 0.24917 2 
106.472 2.726 -2.20382 -0.09613 2 
109.038 2.726 -1.85976 -0.06956 2 
111.603 2.726 -0.72735 0.56283 2 
114.169 2.726 -0.54655 0.61944 2 
116.735 2.726 -0.73845 1.06970 2 
119.300 2.726 0.41173 1.03399 2 
-8.980 0.160 6.82292 -0.66449 2 
-6.414 0.160 6.66344 -0.63253 2 
-3.848 0.160 6.36541 -0.64975 2 
-1.283 0.160 6.16447 -0.75749 2 
1.283 0.160 6.77914 -0.76365 2 
3.848 0.160 0.00000 -0.00000 0 
6.414 0.160 0.00000 -0.00000 0 
8.980 0.160 0.00000 -0.00000 0 
11.545 0.160 0.00000 -0.00000 0 
14.111 0.160 0.00000 -0.00000 0 
16.676 0.160 0.00000 -0.00000 0 
19.242 0.160 0.00000 -0.00000 0 
21.808 0.160 0.00000 -0.00000 0 
24.373 0.160 0.00000 -0.00000 0 
26.939 0.160 0.00000 -0.00000 0 
29.504 0.160 0.00000 -0.00000 0 
32.070 0.160 0.00000 -0.00000 0 
34.636 0.160 0.00000 -0.00000 0 
37.201 0.160 0.00000 -0.00000 0 
39.767 0.160 -0.38310 -0.15070 2 
42.332 0.160 -0.02584 -0.21997 2 
44.898 0.160 -0.33898 -0.10063 2 
47.464 0.160 -0.77497 -0.13428 2 
50.029 0.160 -0.31877 -0.27695 2 
52.595 0.160 -0.34476 -0.35532 2 
55.160 0.160 -0.60911 -0.28478 2 
57.726 0.160 -1.13396 -0.24535 2 
60.292 0.160 -1.56922 -0.10388 2 
62.857 0.160 -1.30171 -0.54335 2 
65.423 0.160 -1.78702 -0.81780 2 
67.988 0.160 -1.88487 -1.43291 2 
70.554 0.160 -2.46230 -1.12116 2 
73.120 0.160 -2.23939 -0.78831 2 
75.685 0.160 -2.92875 -0.90934 2 
78.251 0.160 -3.02597 -1.29367 2 
80.816 0.160 -3.12320 -1.67801 2 
83.382 0.160 -3.06023 -0.71261 2 
85.948 0.160 -1.70082 -0.66700 2 
88.513 0.160 -2.74654 -0.85552 2 
91.079 0.160 -2.27862 -1.17643 2 
93.644 0.160 -3.73757 -0.44149 2 
96.210 0.160 -3.07955 -0.99543 2 
98.776 0.160 -3.53679 -0.24976 2 
101.341 0.160 -2.96817 -0.36965 2 
103.907 0.160 -2.00709 0.25963 2 
106.472 0.160 -1.98899 0.28401 2 
109.038 0.160 -1.10185 0.23315 2 
111.603 0.160 -0.34657 0.59070 2 
114.169 0.160 -0.77518 0.09167 2 
116.735 0.160 -0.10836 1.43424 2 
119.300 0.160 0.36982 1.79532 2 
-8.980 -2.405 6.95321 -0.73951 2 
-6.414 -2.405 6.54851 -0.80380 2 
-3.848 -2.405 6.46207 -0.69725 2 
-1.283 -2.405 6.40621 -0.89511 2 
1.283 -2.405 0.00000 -0.00000 0 
3.848 -2.405 0.00000 -0.00000 0 
6.414 -2.405 0.00000 -0.00000 0 
8.980 -2.405 0.00000 -0.00000 0 
11.545 -2.405 0.00000 -0.00000 0 
14.111 -2.405 0.00000 -0.00000 0 
16.676 -2.405 0.00000 -0.00000 0 
19.242 -2.405 0.00000 -0.00000 0 
21.808 -2.405 0.00000 -0.00000 0 
24.373 -2.405 0.00000 -0.00000 0 
26.939 -2.405 0.00000 -0.00000 0 
29.504 -2.405 0.00000 -0.00000 0 
32.070 -2.405 -0.61616 -0.17897 2 
34.636 -2.405 -0.60265 -0.20461 2 
37.201 -2.405 -0.84439 -0.10695 2 
39.767 -2.405 -0.76620 -0.30140 2 
42.332 -2.405 -0.89516 -0.03078 2 
44.898 -2.405 -0.52450 -0.23955 2 
47.464 -2.405 -0.33378 -0.28332 2 
50.029 -2.405 -0.47336 -0.36763 2 
52.595 -2.405 -0.30488 -0.52953 2 
55.160 -2.405 -0.21914 -0.32583 2 
57.726 -2.405 -0.68435 -0.31279 2 
60.292 -2.405 -1.14957 -0.29975 2 
62.857 -2.405 -1.17827 -1.42109 2 
65.423 -2.405 -1.67297 -0.85208 2 
67.988 -2.405 -1.89905 -1.56189 2 
70.554 -2.405 -1.80235 -0.09305 2 
73.120 -2.405 -2.75900 -0.88153 2 
75.685 -2.405 -1.80748 -1.17976 2 
78.251 -2.405 -3.07493 -1.10744 2 
80.816 -2.405 -4.34239 -1.03513 2 
83.382 -2.405 -1.16547 -0.23429 2 
85.948 -2.405 -1.70736 -0.02066 2 
88.513 -2.405 -2.69901 -0.74552 2 
91.079 -2.405 -2.34432 -1.05124 2 
93.644 -2.405 -2.09789 -0.51314 2 
96.210 -2.405 -1.66790 -0.93130 2 
98.776 -2.405 -1.81955 0.08932 2 
101.341 -2.405 -1.29088 -0.46112 2 
103.907 -2.405 -0.62899 0.27009 2 
106.472 -2.405 -1.72251 1.50006 2 
109.038 -2.405 -0.84416 1.05932 2 
111.603 -2.405 0.03420 0.61857 2 
114.169 -2.405 -1.08597 1.66542 2 
116.735 -2.405 -0.30329 1.42431 2 
119.300 -2.405 0.53114 1.73990 2 
-8.980 -4.971 6.85304 -0.86011 2 
-6.414 -4.971 6.78215 -0.84554 2 
-3.848 -4.971 6.50785 -0.97617 2 
-1.283 -4.971 6.48196 -1.09036 2 
1.283 -4.971 0.00000 -0.00000 0 
3.848 -4.971 0.00000 -0.00000 0 
6.414 -4.971 0.00000 -0.00000 0 
8.980 -4.971 0.00000 -0.00000 0 
11.545 -4.971 0.00000 -0.00000 0 
14.111 -4.971 0.00000 -0.00000 0 
16.676 -4.971 0.00000 -0.00000 0 
19.242 -4.971 0.00000 -0.00000 0 
21.808 -4.971 0.00000 -0.00000 0 
24.373 -4.971 -0.86359 -0.35082 2 
26.939 -4.971 -0.31555 -0.09363 2 
29.504 -4.971 -1.09247 -0.37633 2 
32.070 -4.971 -1.23233 -0.35793 2 
34.636 -4.971 -1.23881 -0.06198 2 
37.201 -4.971 -1.20319 -0.02186 2 
39.767 -4.971 -1.33578 0.12662 2 
42.332 -4.971 -0.96297 -0.18878 2 
44.898 -4.971 -0.20335 -0.48657 2 
47.464 -4.971 -0.29227 0.06945 2 
50.029 -4.971 -0.00115 -0.26143 2 
52.595 -4.971 0.25008 -0.78895 2 
55.160 -4.971 1.04713 -0.38726 2 
57.726 -4.971 0.96276 0.09725 2 
60.292 -4.971 -0.72991 -0.49562 2 
62.857 -4.971 0.47353 -1.29594 2 
65.423 -4.971 -0.04112 -0.74672 2 
67.988 -4.971 1.19399 -0.45367 2 
70.554 -4.971 0.35489 0.03086 2 
73.120 -4.971 0.55505 -1.09676 2 
75.685 -4.971 -0.76288 -0.85179 2 
78.251 -4.971 -0.78430 -1.03499 2 
80.816 -4.971 1.06814 -1.33484 2 
83.382 -4.971 0.72930 0.24402 2 
85.948 -4.971 -0.56840 0.09766 2 
88.513 -4.971 -3.14598 -0.65258 2 
91.079 -4.971 -1.74803 -0.47732 2 
93.644 -4.971 -2.74224 -0.30507 2 
96.210 -4.971 -2.53498 -0.88583 2 
98.776 -4.971 -1.62776 -0.22670 2 
101.341 -4.971 -1.68936 0.38374 2 
103.907 -4.971 -1.15332 -0.07244 2 
106.472 -4.971 -1.68856 2.00994 2 
109.038 -4.971 0.19872 2.23724 2 
111.603 -4.971 -2.06358 1.89659 2 
114.169 -4.971 -1.28090 1.65549 2 
116.735 -4.971 -0.49823 1.41439 2 
119.300 -4.971 0.36403 1.40691 2 
-8.980 -7.536 6.94763 -0.76784 2 
-6.414 -7.536 6.86673 -0.94732 2 
-3.848 -7.536 6.79430 -1.02677 2 
-1.283 -7.536 6.71291 -1.25373 2 
1.283 -7.536 6.54644 -1.39475 2 
3.848 -7.536 0.00000 -0.00000 0 
6.414 -7.536 3.58957 -1.36230 2 
8.980 -7.536 3.37832 -1.40347 2 
11.545 -7.536 3.94508 -1.69930 2 
14.111 -7.536 -0.49046 0.07595 2 
16.676 -7.536 -0.80019 0.26081 2 
19.242 -7.536 -0.79798 -0.31127 2 
21.808 -7.536 -1.35582 -0.43433 2 
24.373 -7.536 -1.72719 -0.70165 2 
26.939 -7.536 -1.14586 -0.75792 2 
29.504 -7.536 -2.29963 -0.41592 2 
32.070 -7.536 -1.77411 -0.82960 2 
34.636 -7.536 -1.75534 -0.27386 2 
37.201 -7.536 -0.96914 -0.14600 2 
39.767 -7.536 -0.99996 -0.24639 2 
42.332 -7.536 -1.03078 -0.34678 2 
44.898 -7.536 0.11781 -0.73359 2 
47.464 -7.536 -0.49357 -0.54516 2 
50.029 -7.536 0.06445 0.03273 2 
52.595 -7.536 0.62085 -0.21778 2 
55.160 -7.536 0.61115 -0.08990 2 
57.726 -7.536 0.88235 -0.09034 2 
60.292 -7.536 -0.25464 -0.40756 2 
62.857 -7.536 1.14905 -1.03276 2 
65.423 -7.536 1.59074 -0.64135 2 
67.988 -7.536 2.16619 -0.09237 2 
70.554 -7.536 2.51212 0.15478 2 
73.120 -7.536 1.22756 -0.67982 2 
75.685 -7.536 3.37414 -0.66153 2 
78.251 -7.536 1.50633 -0.96254 2 
80.816 -7.536 2.38028 0.06185 2 
83.382 -7.536 2.94014 -0.22126 2 
85.948 -7.536 2.26720 -0.32775 2 
88.513 -7.536 1.12367 -1.02442 2 
91.079 -7.536 -1.15175 0.09659 2 
93.644 -7.536 -1.11578 -0.75644 2 
96.210 -7.536 -0.71240 0.40851 2 
98.776 -7.536 -1.43596 -0.54272 2 
101.341 -7.536 -1.14023 1.13635 2 
103.907 -7.536 0.17905 0.10277 2 
106.472 -7.536 2.87166 2.70118 2 
109.038 -7.536 0.09526 2.92416 2 
111.603 -7.536 1.42705 1.98776 2 
114.169 -7.536 0.36695 1.69611 2 
116.735 -7.536 -0.69316 1.40446 2 
119.300 -7.536 0.10889 2.20803 2 
-8.980 -10.102 6.99271 -0.95169 2 
-6.414 -10.102 6.98897 -1.09475 2 
-3.848 -10.102 6.97010 -1.25753 2 
-1.283 -10.102 6.80417 -1.43957 2 
1.283 -10.102 6.81946 -1.78870 2 
3.848 -10.102 6.87053 -2.32292 2 
6.414 -10.102 7.17914 -2.72459 2 
8.980 -10.102 6.75664 -2.80694 2 
11.545 -10.102 7.89016 -3.39860 2 
14.111 -10.102 9.12772 -3.30866 2 
16.676 -10.102 9.62673 -2.93275 2 
19.242 -10.102 7.11910 -1.72725 2 
21.808 -10.102 4.04889 -1.45823 2 
24.373 -10.102 1.29221 -2.08555 2 
26.939 -10.102 0.61472 0.11221 2 
29.504 -10.102 3.53403 -1.58271 2 
32.070 -10.102 3.02561 -1.65871 2 
34.636 -10.102 2.60622 -0.44743 2 
37.201 -10.102 0.96175 -0.56110 2 
39.767 -10.102 3.75958 0.17980 2 
42.332 -10.102 2.06479 -0.20095 2 
44.898 -10.102 0.83525 -0.22564 2 
47.464 -10.102 1.89726 -0.66055 2 
50.029 -10.102 2.54769 -0.49222 2 
52.595 -10.102 3.78880 -0.08856 2 
55.160 -10.102 2.63040 -0.07053 2 
57.726 -10.102 1.47201 -0.05250 2 
60.292 -10.102 0.22062 -0.31951 2 
62.857 -10.102 0.94491 0.19217 2 
65.423 -10.102 1.54482 -0.01285 2 
67.988 -10.102 2.66795 -0.59429 2 
70.554 -10.102 2.54049 -0.01030 2 
73.120 -10.102 3.22132 -0.17893 2 
75.685 -10.102 3.85661 0.51687 2 
78.251 -10.102 6.02861 0.24844 2 
80.816 -10.102 4.96944 0.00070 2 
83.382 -10.102 3.91028 -0.24703 2 
85.948 -10.102 4.16909 -0.68727 2 
88.513 -10.102 4.43925 -0.23211 2 
91.079 -10.102 7.38930 0.65811 2 
93.644 -10.102 6.61301 0.03032 2 
96.210 -10.102 6.34333 1.91009 2 
98.776 -10.102 4.92286 -0.58601 2 
101.341 -10.102 7.52266 3.23723 2 
103.907 -10.102 8.34101 4.20433 2 
106.472 -10.102 7.43187 3.39243 2 
109.038 -10.102 7.50180 3.91937 2 
111.603 -10.102 6.30886 3.22457 2 
114.169 -10.102 7.22954 3.28723 2 
116.735 -10.102 4.82479 1.83424 2 
119.300 -10.102 0.00000 -0.00000 0 
-8.980 -12.668 6.94563 -0.93117 2 
-6.414 -12.668 7.13575 -1.15706 2 
-3.848 -12.668 7.05275 -1.26027 2 
-1.283 -12.668 7.03905 -1.44342 2 
1.283 -12.668 7.04130 -1.74296 2 
3.848 -12.668 7.09249 -2.03332 2 
6.414 -12.668 7.26128 -2.37172 2 
8.980 -12.668 7.66766 -2.58224 2 
11.545 -12.668 8.43803 -2.89805 2 
14.111 -12.668 8.53145 -2.52065 2 
16.676 -12.668 9.01078 -2.48842 2 
19.242 -12.668 9.50417 -2.43030 2 
21.808 -12.668 9.45359 -2.48214 2 
24.373 -12.668 9.70746 -2.30207 2 
26.939 -12.668 9.71988 -0.79009 2 
29.504 -12.668 8.99056 -1.29873 2 
32.070 -12.668 7.97918 -0.95987 2 
34.636 -12.668 6.96779 -0.62100 2 
37.201 -12.668 2.89264 -0.97619 2 
39.767 -12.668 4.02650 -0.51565 2 
42.332 -12.668 5.16037 -0.05511 2 
44.898 -12.668 6.22264 -0.15565 2 
47.464 -12.668 4.28809 -0.77594 2 
50.029 -12.668 4.28555 -0.64551 2 
52.595 -12.668 5.89203 -0.17634 2 
55.160 -12.668 4.11151 -0.14800 2 
57.726 -12.668 1.02977 -0.62533 2 
60.292 -12.668 0.58079 -0.64514 2 
62.857 -12.668 2.11149 -0.27741 2 
65.423 -12.668 0.89639 -0.14143 2 
67.988 -12.668 3.16970 -1.09622 2 
70.554 -12.668 2.56885 -0.17539 2 
73.120 -12.668 2.97811 -1.02091 2 
75.685 -12.668 4.77424 -0.32627 2 
78.251 -12.668 6.25146 -0.06978 2 
80.816 -12.668 5.61523 0.22109 2 
83.382 -12.668 4.97899 0.51197 2 
85.948 -12.668 5.83304 0.85440 2 
88.513 -12.668 9.05056 2.05613 2 
91.079 -12.668 8.85354 2.33917 2 
93.644 -12.668 10.24178 1.38574 2 
96.210 -12.668 9.02822 0.45976 2 
98.776 -12.668 8.49313 1.66763 2 
101.341 -12.668 7.56116 2.44481 2 
103.907 -12.668 8.29789 3.79176 2 
106.472 -12.668 7.73756 3.33490 2 
109.038 -12.668 7.75100 3.39743 2 
111.603 -12.668 7.23038 3.34550 2 
114.169 -12.668 7.32870 2.55077 2 
116.735 -12.668 6.95936 2.26141 2 
119.300 -12.668 0.00000 -0.00000 0 
-8.980 -15.233 7.20241 -0.95483 2 
-6.414 -15.233 7.18050 -1.14572 2 
-3.848 -15.233 7.14031 -1.18236 2 
-1.283 -15.233 7.22400 -1.53153 2 
1.283 -15.233 7.25032 -1.61197 2 
3.848 -15.233 7.47790 -1.93399 2 
6.414 -15.233 7.38394 -2.28515 2 
8.980 -15.233 7.80711 -2.16265 2 
11.545 -15.233 8.14530 -2.41155 2 
14.111 -15.233 8.49318 -2.26801 2 
16.676 -15.233 8.76496 -2.32415 2 
19.242 -15.233 8.88881 -2.16799 2 
21.808 -15.233 9.23989 -2.01712 2 
24.373 -15.233 9.24456 -1.77456 2 
26.939 -15.233 9.30633 -1.42701 2 
29.504 -15.233 9.42975 -1.53252 2 
32.070 -15.233 9.73565 -1.41873 2 
34.636 -15.233 9.69527 -1.42642 2 
37.201 -15.233 9.61324 -1.27275 2 
39.767 -15.233 9.28024 -0.66089 2 
42.332 -15.233 8.94723 -0.04902 2 
44.898 -15.233 7.82040 -0.39188 2 
47.464 -15.233 7.14049 -0.33967 2 
50.029 -15.233 6.02340 -0.79880 2 
52.595 -15.233 7.99527 -0.26411 2 
55.160 -15.233 7.51597 0.26988 2 
57.726 -15.233 7.70105 0.32543 2 
60.292 -15.233 5.91970 -0.41615 2 
62.857 -15.233 3.27807 -0.74699 2 
65.423 -15.233 1.91630 -0.67058 2 
67.988 -15.233 3.22621 -0.86076 2 
70.554 -15.233 4.22079 -0.71345 2 
73.120 -15.233 4.92272 -1.06256 2 
75.685 -15.233 5.69186 -1.16941 2 
78.251 -15.233 6.47431 -0.38801 2 
80.816 -15.233 8.43774 0.69886 2 
83.382 -15.233 5.74614 0.02358 2 
85.948 -15.233 7.01619 1.94100 2 
88.513 -15.233 9.24433 2.14002 2 
91.079 -15.233 9.13160 2.37377 2 
93.644 -15.233 9.66620 1.96454 2 
96.210 -15.233 9.13658 1.23581 2 
98.776 -15.233 8.94618 1.57399 2 
101.341 -15.233 7.59965 1.65239 2 
103.907 -15.233 8.25476 3.37918 2 
106.472 -15.233 8.04325 3.27737 2 
109.038 -15.233 8.00020 2.87549 2 
111.603 -15.233 7.70059 2.72824 2 
114.169 -15.233 7.69870 2.40583 2 
116.735 -15.233 7.28912 2.05672 2 
119.300 -15.233 0.00000 -0.00000 0 
-8.980 -17.799 7.34241 -1.06657 2 
-6.414 -17.799 7.29425 -1.02543 2 
-3.848 -17.799 7.32853 -1.26475 2 
-1.283 -17.799 7.30958 -1.47135 2 
1.283 -17.799 7.39796 -1.61192 2 
3.848 -17.799 7.46608 -1.74996 2 
6.414 -17.799 7.76902 -1.90221 2 
8.980 -17.799 7.94103 -2.21856 2 
11.545 -17.799 8.23895 -1.97512 2 
14.111 -17.799 8.45842 -2.21107 2 
16.676 -17.799 8.78224 -2.03521 2 
19.242 -17.799 8.81832 -1.95134 2 
21.808 -17.799 9.00375 -1.76476 2 
24.373 -17.799 9.06339 -1.71169 2 
26.939 -17.799 9.23173 -1.65091 2 
29.504 -17.799 9.32016 -1.37656 2 
32.070 -17.799 9.52491 -1.27614 2 
34.636 -17.799 9.52636 -1.11286 2 
37.201 -17.799 9.76338 -1.00554 2 
39.767 -17.799 9.78241 -0.71696 2 
42.332 -17.799 9.36460 -0.68198 2 
44.898 -17.799 9.41816 -0.62811 2 
47.464 -17.799 9.09686 -0.51135 2 
50.029 -17.799 8.77555 -0.39459 2 
52.595 -17.799 8.99588 -0.75966 2 
55.160 -17.799 9.55524 -0.70578 2 
57.726 -17.799 8.79769 -0.26500 2 
60.292 -17.799 9.43774 -0.12025 2 
62.857 -17.799 9.11134 -0.92019 2 
65.423 -17.799 8.03407 0.05974 2 
67.988 -17.799 7.64626 -0.03445 2 
70.554 -17.799 7.25679 -0.56933 2 
73.120 -17.799 6.86733 -1.10421 2 
75.685 -17.799 6.58379 -0.68829 2 
78.251 -17.799 8.21207 0.20518 2 
80.816 -17.799 8.52464 -0.32371 2 
83.382 -17.799 7.93378 -0.31018 2 
85.948 -17.799 8.83608 1.38490 2 
88.513 -17.799 9.43810 2.22391 2 
91.079 -17.799 9.78107 2.17785 2 
93.644 -17.799 9.09063 2.54334 2 
96.210 -17.799 9.24493 2.01185 2 
98.776 -17.799 9.39923 1.48035 2 
101.341 -17.799 9.50862 2.80522 2 
103.907 -17.799 9.10761 2.49897 2 
106.472 -17.799 8.41300 2.61669 2 
109.038 -17.799 8.22716 2.19587 2 
111.603 -17.799 8.08627 2.44484 2 
114.169 -17.799 7.72125 2.25052 2 
116.735 -17.799 8.42903 1.99338 2 
119.300 -17.799 0.00000 -0.00000 0 
-8.980 -20.364 7.48482 -0.89801 2 
-6.414 -20.364 7.33390 -1.07032 2 
-3.848 -20.364 7.44057 -1.19304 2 
-1.283 -20.364 7.41062 -1.31196 2 
1.283 -20.364 7.58652 -1.49126 2 
3.848 -20.364 7.68849 -1.55362 2 
6.414 -20.364 7.68896 -1.68608 2 
8.980 -20.364 8.05909 -1.90043 2 
11.545 -20.364 8.32821 -1.92777 2 
14.111 -20.364 8.49367 -1.84399 2 
16.676 -20.364 8.60532 -1.92503 2 
19.242 -20.364 8.86277 -1.83609 2 
21.808 -20.364 8.85186 -1.67248 2 
24.373 -20.364 9.07279 -1.42763 2 
26.939 -20.364 9.01089 -1.45344 2 
29.504 -20.364 9.17409 -1.36275 2 
32.070 -20.364 9.12595 -1.30186 2 
34.636 -20.364 9.35066 -1.04332 2 
37.201 -20.364 9.38617 -0.93642 2 
39.767 -20.364 9.38077 -0.82932 2 
42.332 -20.364 9.28582 -0.68440 2 
44.898 -20.364 9.14335 -0.66252 2 
47.464 -20.364 9.30900 -0.85882 2 
50.029 -20.364 9.33083 -0.88588 2 
52.595 -20.364 9.39829 -0.74885 2 
55.160 -20.364 9.25875 -0.89942 2 
57.726 -20.364 9.89432 -0.85543 2 
60.292 -20.364 9.87768 -0.40728 2 
62.857 -20.364 10.07609 -0.45574 2 
65.423 -20.364 9.96710 -0.22822 2 
67.988 -20.364 9.24340 -0.36042 2 
70.554 -20.364 9.24216 -0.91577 2 
73.120 -20.364 9.27858 0.03956 2 
75.685 -20.364 9.12572 0.51650 2 
78.251 -20.364 9.12966 0.36351 2 
80.816 -20.364 9.32523 -0.34368 2 
83.382 -20.364 9.84801 0.36343 2 
85.948 -20.364 10.65597 0.82879 2 
88.513 -20.364 10.29130 1.19332 2 
91.079 -20.364 9.88126 1.33460 2 
93.644 -20.364 9.30292 0.50598 2 
96.210 -20.364 9.61100 1.50129 2 
98.776 -20.364 9.94494 2.08221 2 
101.341 -20.364 9.45442 2.37911 2 
103.907 -20.364 9.07146 2.46581 2 
106.472 -20.364 8.49953 2.26583 2 
109.038 -20.364 8.59748 2.23992 2 
111.603 -20.364 8.38222 2.04252 2 
114.169 -20.364 8.05897 1.96109 2 
116.735 -20.364 8.02133 1.82306 2 
119.300 -20.364 0.00000 -0.00000 0 
-8.980 -22.930 7.42460 -0.95183 2 
-6.414 -22.930 7.52116 -1.04786 2 
-3.848 -22.930 7.41003 -1.01466 2 
-1.283 -22.930 7.65055 -1.39241 2 
1.283 -22.930 7.67434 -1.24143 2 
3.848 -22.930 7.81443 -1.54564 2 
6.414 -22.930 7.93524 -1.47075 2 
8.980 -22.930 8.10642 -1.54256 2 
11.545 -22.930 8.22579 -1.67364 2 
14.111 -22.930 8.35491 -1.66571 2 
16.676 -22.930 8.56076 -1.66785 2 
19.242 -22.930 8.71599 -1.57533 2 
21.808 -22.930 8.85708 -1.51552 2 
24.373 -22.930 8.92411 -1.34263 2 
26.939 -22.930 9.09372 -1.42683 2 
29.504 -22.930 9.09214 -1.23345 2 
32.070 -22.930 9.07528 -1.18178 2 
34.636 -22.930 9.42409 -0.97964 2 
37.201 -22.930 9.20187 -0.95114 2 
39.767 -22.930 9.26746 -0.73604 2 
42.332 -22.930 9.14985 -0.74809 2 
44.898 -22.930 9.03876 -0.82093 2 
47.464 -22.930 9.26679 -0.71060 2 
50.029 -22.930 9.10384 -0.97141 2 
52.595 -22.930 9.20519 -0.73150 2 
55.160 -22.930 9.33628 -0.76341 2 
57.726 -22.930 9.74336 -0.78888 2 
60.292 -22.930 9.77305 -0.60934 2 
62.857 -22.930 9.81926 -0.34777 2 
65.423 -22.930 9.65353 -0.20538 2 
67.988 -22.930 9.45049 -0.23058 2 
70.554 -22.930 9.60574 -0.38913 2 
73.120 -22.930 9.66906 -0.34938 2 
75.685 -22.930 10.14397 -0.27823 2 
78.251 -22.930 10.04724 0.52183 2 
80.816 -22.930 9.84578 0.34386 2 
83.382 -22.930 10.23076 0.24440 2 
85.948 -22.930 10.01837 0.42312 2 
88.513 -22.930 10.18349 0.78561 2 
91.079 -22.930 9.97470 0.79372 2 
93.644 -22.930 10.00982 0.51561 2 
96.210 -22.930 9.97707 0.99074 2 
98.776 -22.930 9.81934 1.66165 2 
101.341 -22.930 9.47389 1.98829 2 
103.907 -22.930 9.07207 1.93340 2 
106.472 -22.930 8.76191 1.93017 2 
109.038 -22.930 8.65813 1.96787 2 
111.603 -22.930 8.37045 1.72568 2 
114.169 -22.930 8.21551 1.64494 2 
116.735 -22.930 8.06745 1.43165 2 
119.300 -22.930 0.00000 -0.00000 0 
-8.980 -25.496 7.42397 -0.96238 2 
-6.414 -25.496 7.45836 -1.08273 2 
-3.848 -25.496 7.49553 -1.14669 2 
-1.283 -25.496 7.70088 -1.26262 2 
1.283 -25.496 7.60729 -1.17498 2 
3.848 -25.496 7.83835 -1.28238 2 
6.414 -25.496 8.03336 -1.44929 2 
8.980 -25.496 8.13419 -1.52876 2 
11.545 -25.496 8.23076 -1.48824 2 
14.111 -25.496 8.45309 -1.51341 2 
16.676 -25.496 8.59573 -1.56437 2 
19.242 -25.496 8.68847 -1.42929 2 
21.808 -25.496 8.74956 -1.40533 2 
24.373 -25.496 8.73232 -1.27096 2 
26.939 -25.496 8.90004 -1.33169 2 
29.504 -25.496 8.93532 -1.16904 2 
32.070 -25.496 9.16798 -1.06030 2 
34.636 -25.496 9.07082 -1.06701 2 
37.201 -25.496 9.11936 -0.79808 2 
39.767 -25.496 9.04327 -0.97263 2 
42.332 -25.496 9.22580 -0.70634 2 
44.898 -25.496 9.08264 -0.87087 2 
47.464 -25.496 9.07412 -0.73776 2 
50.029 -25.496 9.10155 -0.72894 2 
52.595 -25.496 9.31090 -0.85623 2 
55.160 -25.496 9.43451 -0.80190 2 
57.726 -25.496 9.24898 -0.60986 2 
60.292 -25.496 9.65885 -0.61113 2 
62.857 -25.496 9.49230 -0.47267 2 
65.423 -25.496 9.66088 -0.31053 2 
67.988 -25.496 9.70621 -0.32057 2 
70.554 -25.496 9.59390 -0.23355 2 
73.120 -25.496 9.74909 -0.17528 2 
75.685 -25.496 9.51779 -0.03910 2 
78.251 -25.496 9.73517 0.01273 2 
80.816 -25.496 9.83640 0.05699 2 
83.382 -25.496 9.83675 0.36007 2 
85.948 -25.496 9.88295 0.57898 2 
88.513 -25.496 9.70321 0.58318 2 
91.079 -25.496 9.87998 0.70114 2 
93.644 -25.496 9.90273 0.77531 2 
96.210 -25.496 9.65566 1.00435 2 
98.776 -25.496 9.69375 1.24109 2 
101.341 -25.496 9.24016 1.55011 2 
103.907 -25.496 8.96753 1.54357 2 
106.472 -25.496 8.88867 1.69449 2 
109.038 -25.496 8.53487 1.58247 2 
111.603 -25.496 8.46447 1.67453 2 
114.169 -25.496 8.09223 1.60993 2 
116.735 -25.496 8.32149 1.27537 2 
119.300 -25.496 0.00000 -0.00000 0 
-8.980 -28.061 7.72287 -0.91175 2 
-6.414 -28.061 7.61464 -0.91497 2 
-3.848 -28.061 7.95009 -1.01627 2 
-1.283 -28.061 7.60991 -1.13238 2 
1.283 -28.061 7.79924 -1.16038 2 
3.848 -28.061 7.88502 -1.25414 2 
6.414 -28.061 8.03503 -1.34863 2 
8.980 -28.061 8.07741 -1.22732 2 
11.545 -28.061 8.32421 -1.50005 2 
14.111 -28.061 8.36871 -1.22258 2 
16.676 -28.061 8.52537 -1.31416 2 
19.242 -28.061 8.74100 -1.27287 2 
21.808 -28.061 8.76585 -1.29944 2 
24.373 -28.061 8.75840 -1.33198 2 
26.939 -28.061 8.87822 -1.07583 2 
29.504 -28.061 8.89045 -1.09573 2 
32.070 -28.061 9.02503 -0.96627 2 
34.636 -28.061 9.01892 -0.85416 2 
37.201 -28.061 9.22808 -0.93331 2 
39.767 -28.061 9.04871 -0.81720 2 
42.332 -28.061 9.22836 -0.78897 2 
44.898 -28.061 9.23457 -0.77355 2 
47.464 -28.061 9.00183 -0.79502 2 
50.029 -28.061 9.25763 -0.81107 2 
52.595 -28.061 9.14961 -0.71906 2 
55.160 -28.061 9.23935 -0.71283 2 
57.726 -28.061 9.36980 -0.66898 2 
60.292 -28.061 9.35316 -0.60921 2 
62.857 -28.061 9.47264 -0.33029 2 
65.423 -28.061 9.46881 -0.41642 2 
67.988 -28.061 9.63093 -0.29159 2 
70.554 -28.061 9.40162 -0.15748 2 
73.120 -28.061 9.58683 -0.11172 2 
75.685 -28.061 9.60547 0.11451 2 
78.251 -28.061 9.79470 0.01666 2 
80.816 -28.061 9.67238 0.23291 2 
83.382 -28.061 9.75547 0.30521 2 
85.948 -28.061 9.84396 0.22212 2 
88.513 -28.061 9.87507 0.56517 2 
91.079 -28.061 9.62224 0.70151 2 
93.644 -28.061 9.54299 0.86387 2 
96.210 -28.061 9.52530 1.08205 2 
98.776 -28.061 9.39638 1.03552 2 
101.341 -28.061 9.21780 1.25929 2 
103.907 -28.061 8.85213 1.35436 2 
106.472 -28.061 8.73826 1.28449 2 
109.038 -28.061 8.59474 1.35631 2 
111.603 -28.061 8.44364 1.22907 2 
114.169 -28.061 8.17893 1.20518 2 
116.735 -28.061 8.71164 1.23197 2 
119.300 -28.061 0.00000 -0.00000 0 
-8.980 -30.627 7.50598 -0.92284 2 
-6.414 -30.627 7.68347 -0.94085 2 
-3.848 -30.627 7.72389 -1.00004 2 
-1.283 -30.627 7.80858 -0.99604 2 
1.283 -30.627 7.89128 -1.12817 2 
3.848 -30.627 7.92346 -1.18488 2 
6.414 -30.627 8.22712 -1.16179 2 
8.980 -30.627 8.18764 -1.24481 2 
11.545 -30.627 8.34139 -1.24614 2 
14.111 -30.627 8.34775 -1.34791 2 
16.676 -30.627 8.47427 -1.26994 2 
19.242 -30.627 8.50505 -1.20047 2 
21.808 -30.627 8.76700 -1.06866 2 
24.373 -30.627 8.84677 -1.11416 2 
26.939 -30.627 8.76979 -1.16359 2 
29.504 -30.627 8.85413 -1.01958 2 
32.070 -30.627 8.98056 -0.95044 2 
34.636 -30.627 9.02389 -0.95976 2 
37.201 -30.627 9.02211 -0.81243 2 
39.767 -30.627 8.98482 -0.77324 2 
42.332 -30.627 9.20906 -0.91404 2 
44.898 -30.627 8.93197 -0.66660 2 
47.464 -30.627 9.17047 -0.67917 2 
50.029 -30.627 9.17332 -0.62508 2 
52.595 -30.627 9.27201 -0.80107 2 
55.160 -30.627 9.05372 -0.40991 2 
57.726 -30.627 9.43200 -0.63496 2 
60.292 -30.627 9.45868 -0.48780 2 
62.857 -30.627 9.46022 -0.33382 2 
65.423 -30.627 9.34583 -0.46281 2 
67.988 -30.627 9.52329 -0.21840 2 
70.554 -30.627 9.43394 -0.17653 2 
73.120 -30.627 9.45004 -0.12610 2 
75.685 -30.627 9.46652 -0.07564 2 
78.251 -30.627 9.55449 0.05382 2 
80.816 -30.627 9.46573 0.18542 2 
83.382 -30.627 9.50725 0.28953 2 
85.948 -30.627 9.40925 0.46899 2 
88.513 -30.627 9.55848 0.60706 2 
91.079 -30.627 9.62948 0.66788 2 
93.644 -30.627 9.27898 0.76913 2 
96.210 -30.627 9.45091 0.94521 2 
98.776 -30.627 9.16237 0.91879 2 
101.341 -30.627 9.10478 0.97996 2 
103.907 -30.627 8.90086 1.11220 2 
106.472 -30.627 8.73297 1.19137 2 
109.038 -30.627 8.71469 1.19401 2 
111.603 -30.627 8.54408 1.20608 2 
114.169 -30.627 8.39275 1.21013 2 
116.735 -30.627 8.38178 1.04487 2 
119.300 -30.627 0.00000 -0.00000 0 
-8.980 -33.192 7.72345 -0.87512 2 
-6.414 -33.192 7.81982 -0.89408 2 
-3.848 -33.192 7.88208 -0.97039 2 
-1.283 -33.192 7.73613 -1.00288 2 
1.283 -33.192 7.91732 -1.06888 2 
3.848 -33.192 8.05898 -1.07239 2 
6.414 -33.192 7.97495 -1.10288 2 
8.980 -33.192 8.11543 -1.05879 2 
11.545 -33.192 8.39810 -1.05270 2 
14.111 -33.192 8.40967 -1.04515 2 
16.676 -33.192 8.45024 -1.19517 2 
19.242 -33.192 8.61522 -1.04460 2 
21.808 -33.192 8.60661 -1.22957 2 
24.373 -33.192 8.75799 -0.89739 2 
26.939 -33.192 8.84634 -1.05450 2 
29.504 -33.192 8.77695 -0.87911 2 
32.070 -33.192 8.92612 -0.89060 2 
34.636 -33.192 8.91407 -0.81067 2 
37.201 -33.192 8.97437 -0.86261 2 
39.767 -33.192 8.96698 -0.84912 2 
42.332 -33.192 8.97502 -0.79400 2 
44.898 -33.192 9.12232 -0.78800 2 
47.464 -33.192 8.96471 -0.64099 2 
50.029 -33.192 9.06551 -0.63675 2 
52.595 -33.192 9.13825 -0.60569 2 
55.160 -33.192 9.21563 -0.57573 2 
57.726 -33.192 9.20126 -0.41185 2 
60.292 -33.192 9.21080 -0.51638 2 
62.857 -33.192 9.19582 -0.40872 2 
65.423 -33.192 9.45616 -0.39042 2 
67.988 -33.192 9.28104 -0.41542 2 
70.554 -33.192 9.29393 -0.16914 2 
73.120 -33.192 9.36531 -0.11302 2 
75.685 -33.192 9.41761 0.07690 2 
78.251 -33.192 9.39356 -0.04490 2 
80.816 -33.192 9.47910 0.20387 2 
83.382 -33.192 9.48037 0.26403 2 
85.948 -33.192 9.37573 0.49605 2 
88.513 -33.192 9.47040 0.42273 2 
91.079 -33.192 9.35905 0.56417 2 
93.644 -33.192 9.43729 0.67709 2 
96.210 -33.192 9.11826 0.73327 2 
98.776 -33.192 9.24831 0.99441 2 
101.341 -33.192 9.08436 0.94955 2 
103.907 -33.192 8.93728 1.05818 2 
106.472 -33.192 8.83603 0.98986 2 
109.038 -33.192 8.87360 1.17346 2 
111.603 -33.192 8.39673 0.98884 2 
114.169 -33.192 8.31564 0.85306 2 
116.735 -33.192 8.66824 1.07306 2 
119.300 -33.192 0.00000 -0.00000 0 
-8.980 -35.758 7.63260 -0.94166 2 
-6.414 -35.758 7.74618 -0.83298 2 
-3.848 -35.758 7.88599 -0.87369 2 
-1.283 -35.758 7.91908 -0.95529 2 
1.283 -35.758 8.16151 -0.92513 2 
3.848 -35.758 7.90849 -0.94250 2 
6.414 -35.758 8.19997 -1.00223 2 
8.980 -35.758 8.27208 -1.00884 2 
11.545 -35.758 8.39992 -1.01876 2 
14.111 -35.758 8.38957 -1.09658 2 
16.676 -35.758 8.46544 -0.95280 2 
19.242 -35.758 8.69539 -1.05298 2 
21.808 -35.758 8.71599 -0.95120 2 
24.373 -35.758 8.72724 -1.06286 2 
26.939 -35.758 8.73830 -0.88161 2 
29.504 -35.758 8.84529 -0.88936 2 
32.070 -35.758 8.85593 -0.90918 2 
34.636 -35.758 8.89272 -0.92058 2 
37.201 -35.758 8.91377 -0.84378 2 
39.767 -35.758 8.96739 -0.67445 2 
42.332 -35.758 9.06743 -0.84122 2 
44.898 -35.758 9.05174 -0.65334 2 
47.464 -35.758 8.99680 -0.88214 2 
50.029 -35.758 9.02751 -0.54484 2 
52.595 -35.758 9.08650 -0.63121 2 
55.160 -35.758 9.17944 -0.57760 2 
57.726 -35.758 9.05323 -0.65332 2 
60.292 -35.758 9.29469 -0.48913 2 
62.857 -35.758 9.18544 -0.31377 2 
65.423 -35.758 9.33327 -0.26415 2 
67.988 -35.758 9.12560 -0.30054 2 
70.554 -35.758 9.42926 -0.03473 2 
73.120 -35.758 9.29737 -0.17352 2 
75.685 -35.758 9.35926 -0.05465 2 
78.251 -35.758 9.26554 0.09015 2 
80.816 -35.758 9.39679 0.20900 2 
83.382 -35.758 9.33195 0.15600 2 
85.948 -35.758 9.24224 0.30221 2 
88.513 -35.758 9.28018 0.60739 2 
91.079 -35.758 9.20626 0.47471 2 
93.644 -35.758 9.15172 0.67785 2 
96.210 -35.758 9.22787 0.77428 2 
98.776 -35.758 9.00554 0.78916 2 
101.341 -35.758 8.82572 0.88542 2 
103.907 -35.758 8.88741 0.81437 2 
106.472 -35.758 8.61249 1.06327 2 
109.038 -35.758 8.55659 0.80491 2 
111.603 -35.758 8.55468 0.90565 2 
114.169 -35.758 8.34074 0.72109 2 
116.735 -35.758 8.70136 0.90718 2 
119.300 -35.758 0.00000 -0.00000 0 
-8.980 -38.324 7.68962 -0.83070 2 
-6.414 -38.324 7.96707 -0.93305 2 
-3.848 -38.324 8.05725 -0.93284 2 
-1.283 -38.324 7.99960 -0.89257 2 
1.283 -38.324 7.88718 -0.78129 2 
3.848 -38.324 8.25114 -0.98734 2 
6.414 -38.324 8.12177 -0.92347 2 
8.980 -38.324 8.18855 -1.01324 2 
11.545 -38.324 8.39405 -0.96644 2 
14.111 -38.324 8.41990 -0.99240 2 
16.676 -38.324 8.47320 -0.92710 2 
19.242 -38.324 8.58719 -0.93966 2 
21.808 -38.324 8.65112 -0.95027 2 
24.373 -38.324 8.81672 -0.88323 2 
26.939 -38.324 8.77372 -0.83710 2 
29.504 -38.324 8.68056 -0.96986 2 
32.070 -38.324 8.87029 -0.74006 2 
34.636 -38.324 8.88916 -0.87596 2 
37.201 -38.324 8.87273 -0.67799 2 
39.767 -38.324 8.75982 -0.69230 2 
42.332 -38.324 9.03455 -0.73971 2 
44.898 -38.324 8.93372 -0.66459 2 
47.464 -38.324 9.05951 -0.55551 2 
50.029 -38.324 9.04898 -0.63937 2 
52.595 -38.324 8.88293 -0.48238 2 
55.160 -38.324 9.04664 -0.55498 2 
57.726 -38.324 9.24362 -0.38939 2 
60.292 -38.324 9.09138 -0.62973 2 
62.857 -38.324 9.26260 -0.41104 2 
65.423 -38.324 9.11932 -0.31305 2 
67.988 -38.324 9.22882 -0.11304 2 
70.554 -38.324 9.10155 -0.12278 2 
73.120 -38.324 9.17092 0.02034 2 
75.685 -38.324 9.31216 0.07567 2 
78.251 -38.324 9.28576 0.20262 2 
80.816 -38.324 9.25684 0.21277 2 
83.382 -38.324 9.13862 0.25024 2 
85.948 -38.324 9.27598 0.38128 2 
88.513 -38.324 9.14564 0.43401 2 
91.079 -38.324 9.21054 0.44853 2 
93.644 -38.324 9.18950 0.67880 2 
96.210 -38.324 9.08241 0.71473 2 
98.776 -38.324 8.90685 0.68601 2 
101.341 -38.324 9.02290 0.83606 2 
103.907 -38.324 8.78330 0.89623 2 
106.472 -38.324 8.83188 0.88443 2 
109.038 -38.324 8.74070 0.85722 2 
111.603 -38.324 8.50492 0.87651 2 
114.169 -38.324 8.56317 0.79464 2 
116.735 -38.324 8.59878 0.82880 2 
119.300 -38.324 0.00000 -0.00000 0 
-8.980 -40.889 7.84345 -0.79666 2 
-6.414 -40.889 7.77756 -0.80637 2 
-3.848 -40.889 7.95323 -0.76960 2 
-1.283 -40.889 7.95485 -0.88968 2 
1.283 -40.889 8.11495 -0.92355 2 
3.848 -40.889 8.16447 -0.85658 2 
6.414 -40.889 8.14156 -0.98009 2 
8.980 -40.889 8.28496 -0.82595 2 
11.545 -40.889 8.42172 -0.89910 2 
14.111 -40.889 8.50910 -0.93398 2 
16.676 -40.889 8.46869 -0.90598 2 
19.242 -40.889 8.68364 -0.87436 2 
21.808 -40.889 8.58656 -0.98272 2 
24.373 -40.889 8.59831 -0.86941 2 
26.939 -40.889 8.68537 -1.00969 2 
29.504 -40.889 8.69354 -0.85292 2 
32.070 -40.889 8.79643 -0.87781 2 
34.636 -40.889 8.82095 -0.78058 2 
37.201 -40.889 8.85085 -0.72423 2 
39.767 -40.889 8.90918 -0.83355 2 
42.332 -40.889 8.77659 -0.68875 2 
44.898 -40.889 9.03443 -0.56486 2 
47.464 -40.889 8.86264 -0.60904 2 
50.029 -40.889 9.03402 -0.65985 2 
52.595 -40.889 9.00885 -0.54120 2 
55.160 -40.889 9.05590 -0.43709 2 
57.726 -40.889 9.00888 -0.56508 2 
60.292 -40.889 9.16021 -0.36860 2 
62.857 -40.889 9.12857 -0.34983 2 
65.423 -40.889 9.09651 -0.12496 2 
67.988 -40.889 9.04861 -0.16473 2 
70.554 -40.889 9.15240 -0.13987 2 
73.120 -40.889 9.20269 -0.05748 2 
75.685 -40.889 9.18900 0.12631 2 
78.251 -40.889 9.06991 0.02278 2 
80.816 -40.889 9.15300 0.22172 2 
83.382 -40.889 9.05753 0.45767 2 
85.948 -40.889 9.12725 0.39783 2 
88.513 -40.889 9.20677 0.48501 2 
91.079 -40.889 9.07274 0.59160 2 
93.644 -40.889 8.86595 0.48894 2 
96.210 -40.889 8.99559 0.65714 2 
98.776 -40.889 8.87724 0.68093 2 
101.341 -40.889 9.00973 0.77938 2 
103.907 -40.889 8.70677 0.73325 2 
106.472 -40.889 8.74984 0.94708 2 
109.038 -40.889 8.62782 0.87003 2 
111.603 -40.889 8.49784 0.82421 2 
114.169 -40.889 8.31702 0.93823 2 
116.735 -40.889 8.49620 0.75042 2 
119.300 -40.889 0.00000 -0.00000 0 
-8.980 -43.455 7.91657 -0.71903 2 
-6.414 -43.455 7.89564 -0.71420 2 
-3.848 -43.455 7.95731 -0.86995 2 
-1.283 -43.455 8.03357 -0.79866 2 
1.283 -43.455 7.98271 -0.85857 2 
3.848 -43.455 8.13012 -0.88552 2 
6.414 -43.455 8.01511 -0.89449 2 
8.980 -43.455 8.26324 -0.91072 2 
11.545 -43.455 8.35629 -0.85269 2 
14.111 -43.455 8.50925 -1.06514 2 
16.676 -43.455 8.26630 -0.74001 2 
19.242 -43.455 8.47988 -0.92900 2 
21.808 -43.455 8.58604 -0.85423 2 
24.373 -43.455 8.67020 -0.83751 2 
26.939 -43.455 8.65627 -0.80657 2 
29.504 -43.455 8.71063 -0.71002 2 
32.070 -43.455 8.63558 -0.79852 2 
34.636 -43.455 8.86838 -0.73169 2 
37.201 -43.455 8.80043 -0.79497 2 
39.767 -43.455 8.75269 -0.71109 2 
42.332 -43.455 8.87089 -0.57525 2 
44.898 -43.455 8.99973 -0.73400 2 
47.464 -43.455 8.93739 -0.65302 2 
50.029 -43.455 8.87339 -0.49883 2 
52.595 -43.455 8.97827 -0.44064 2 
55.160 -43.455 8.97279 -0.46175 2 
57.726 -43.455 9.03888 -0.55920 2 
60.292 -43.455 9.00038 -0.32614 2 
62.857 -43.455 8.99685 -0.37383 2 
65.423 -43.455 8.98461 -0.24421 2 
67.988 -43.455 9.27917 -0.29130 2 
70.554 -43.455 9.10764 -0.03617 2 
73.120 -43.455 8.82090 0.04566 2 
75.685 -43.455 9.17689 0.04767 2 
78.251 -43.455 9.21750 0.02226 2 
80.816 -43.455 8.98508 0.27331 2 
83.382 -43.455 9.12322 0.30001 2 
85.948 -43.455 8.98957 0.30859 2 
88.513 -43.455 8.99748 0.42834 2 
91.079 -43.455 8.99867 0.42372 2 
93.644 -43.455 9.08007 0.53841 2 
96.210 -43.455 8.86115 0.58604 2 
98.776 -43.455 8.85856 0.67513 2 
101.341 -43.455 8.79841 0.63282 2 
103.907 -43.455 8.85492 0.77417 2 
106.472 -43.455 8.78727 0.53774 2 
109.038 -43.455 8.59616 0.74376 2 
111.603 -43.455 8.57527 0.73414 2 
114.169 -43.455 8.61130 0.68589 2 
116.735 -43.455 8.39361 0.67203 2 
119.300 -43.455 0.00000 -0.00000 0 
-8.980 -46.020 8.14766 -0.73086 2 
-6.414 -46.020 7.79896 -0.68076 2 
-3.848 -46.020 8.04371 -0.85125 2 
-1.283 -46.020 8.05408 -0.78843 2 
1.283 -46.020 8.20352 -0.68858 2 
3.848 -46.020 8.21331 -0.72742 2 
6.414 -46.020 8.24206 -0.91230 2 
8.980 -46.020 8.23115 -0.72873 2 
11.545 -46.020 8.33221 -0.86190 2 
14.111 -46.020 8.32816 -0.83040 2 
16.676 -46.020 8.60540 -0.86605 2 
19.242 -46.020 8.37036 -0.78004 2 
21.808 -46.020 8.48988 -0.72704 2 
24.373 -46.020 8.51183 -0.87894 2 
26.939 -46.020 8.63480 -0.83728 2 
29.504 -46.020 8.70731 -0.74331 2 
32.070 -46.020 8.72643 -0.75382 2 
34.636 -46.020 8.74627 -0.80036 2 
37.201 -46.020 8.72276 -0.57560 2 
39.767 -46.020 8.79336 -0.65333 2 
42.332 -46.020 8.83959 -0.65729 2 
44.898 -46.020 8.71833 -0.65640 2 
47.464 -46.020 8.84434 -0.52155 2 
50.029 -46.020 8.92613 -0.52827 2 
52.595 -46.020 8.94875 -0.48694 2 
55.160 -46.020 8.84041 -0.43250 2 
57.726 -46.020 9.00691 -0.32399 2 
60.292 -46.020 8.94667 -0.41081 2 
62.857 -46.020 9.02369 -0.09240 2 
65.423 -46.020 9.12675 -0.27819 2 
67.988 -46.020 9.03796 -0.19462 2 
70.554 -46.020 9.07592 0.00317 2 
73.120 -46.020 9.09832 -0.02178 2 
75.685 -46.020 8.89057 0.02750 2 
78.251 -46.020 9.11403 0.02815 2 
80.816 -46.020 9.05139 0.09906 2 
83.382 -46.020 8.97634 0.40685 2 
85.948 -46.020 9.10256 0.32539 2 
88.513 -46.020 8.96113 0.32555 2 
91.079 -46.020 8.87409 0.49813 2 
93.644 -46.020 8.92878 0.42116 2 
96.210 -46.020 9.00730 0.68313 2 
98.776 -46.020 8.89981 0.62946 2 
101.341 -46.020 8.84930 0.70049 2 
103.907 -46.020 8.67482 0.64237 2 
106.472 -46.020 8.69003 0.69842 2 
109.038 -46.020 8.77903 0.70947 2 
111.603 -46.020 8.63560 0.75083 2 
114.169 -46.020 8.48839 0.70716 2 
116.735 -46.020 8.52294 0.72508 2 
119.300 -46.020 0.00000 -0.00000 0 
-8.980 -48.586 7.94501 -0.58894 2 
-6.414 -48.586 7.97181 -0.86813 2 
-3.848 -48.586 7.93500 -0.67966 2 
-1.283 -48.586 8.00766 -0.67732 2 
1.283 -48.586 8.04624 -0.82776 2 
3.848 -48.586 8.11771 -0.83708 2 
6.414 -48.586 8.27592 -0.86329 2 
8.980 -48.586 8.23534 -0.81207 2 
11.545 -48.586 8.39536 -0.73676 2 
14.111 -48.586 8.45356 -0.79070 2 
16.676 -48.586 8.46083 -0.76473 2 
19.242 -48.586 8.54722 -0.88112 2 
21.808 -48.586 8.52659 -0.81906 2 
24.373 -48.586 8.69301 -0.68661 2 
26.939 -48.586 8.60122 -0.66570 2 
29.504 -48.586 8.65882 -0.61456 2 
32.070 -48.586 8.67929 -0.81292 2 
34.636 -48.586 8.78812 -0.69404 2 
37.201 -48.586 8.69000 -0.62197 2 
39.767 -48.586 8.68848 -0.64454 2 
42.332 -48.586 8.94349 -0.63429 2 
44.898 -48.586 8.80453 -0.63525 2 
47.464 -48.586 8.85603 -0.49784 2 
50.029 -48.586 8.82128 -0.52249 2 
52.595 -48.586 9.02342 -0.45955 2 
55.160 -48.586 8.81648 -0.50286 2 
57.726 -48.586 8.90136 -0.31459 2 
60.292 -48.586 9.04423 -0.12559 2 
62.857 -48.586 9.01503 -0.37009 2 
65.423 -48.586 8.95165 -0.14247 2 
67.988 -48.586 8.97699 -0.21273 2 
70.554 -48.586 8.97706 -0.26291 2 
73.120 -48.586 8.96245 0.02807 2 
75.685 -48.586 9.06418 0.27752 2 
78.251 -48.586 9.02602 0.02924 2 
80.816 -48.586 8.95113 0.18856 2 
83.382 -48.586 8.96348 0.23051 2 
85.948 -48.586 8.89210 0.32350 2 
88.513 -48.586 8.93171 0.46211 2 
91.079 -48.586 9.03220 0.38758 2 
93.644 -48.586 8.86982 0.51183 2 
96.210 -48.586 8.89211 0.47631 2 
98.776 -48.586 8.72838 0.62687 2 
101.341 -48.586 8.83009 0.57863 2 
103.907 -48.586 8.69948 0.64556 2 
106.472 -48.586 8.62538 0.64419 2 
109.038 -48.586 8.59011 0.58375 2 
111.603 -48.586 8.44373 0.62557 2 
114.169 -48.586 8.55695 0.59902 2 
116.735 -48.586 8.65226 0.77813 2 
119.300 -48.586 0.00000 -0.00000 0 
-8.980 -51.152 7.97320 -0.74719 2 
-6.414 -51.152 7.98883 -0.62957 2 
-3.848 -51.152 8.13621 -0.73461 2 
-1.283 -51.152 8.13216 -0.79271 2 
1.283 -51.152 8.10400 -0.92663 2 
3.848 -51.152 8.13503 -0.70901 2 
6.414 -51.152 8.29053 -0.74888 2 
8.980 -51.152 8.16109 -0.64644 2 
11.545 -51.152 8.24390 -0.78095 2 
14.111 -51.152 8.20220 -0.76506 2 
16.676 -51.152 8.47887 -0.73539 2 
19.242 -51.152 8.65791 -0.71543 2 
21.808 -51.152 8.39155 -0.70778 2 
24.373 -51.152 8.58598 -0.81641 2 
26.939 -51.152 8.52088 -0.75055 2 
29.504 -51.152 8.72431 -0.56913 2 
32.070 -51.152 8.65758 -0.70308 2 
34.636 -51.152 8.88196 -0.63307 2 
37.201 -51.152 8.68834 -0.63237 2 
39.767 -51.152 8.82094 -0.69431 2 
42.332 -51.152 8.66563 -0.51140 2 
44.898 -51.152 8.85910 -0.43933 2 
47.464 -51.152 8.77510 -0.41670 2 
50.029 -51.152 8.74365 -0.62280 2 
52.595 -51.152 8.97613 -0.45097 2 
55.160 -51.152 8.82084 -0.31667 2 
57.726 -51.152 8.94417 -0.42787 2 
60.292 -51.152 8.92848 -0.42494 2 
62.857 -51.152 8.91640 -0.23028 2 
65.423 -51.152 8.96105 -0.05944 2 
67.988 -51.152 8.99740 -0.16361 2 
70.554 -51.152 8.93518 -0.03779 2 
73.120 -51.152 8.99749 0.05871 2 
75.685 -51.152 8.95692 0.17223 2 
78.251 -51.152 8.98533 0.12006 2 
80.816 -51.152 8.75785 0.22084 2 
83.382 -51.152 8.98553 0.18310 2 
85.948 -51.152 8.87329 0.20499 2 
88.513 -51.152 8.90305 0.44658 2 
91.079 -51.152 8.74811 0.31419 2 
93.644 -51.152 8.71170 0.51632 2 
96.210 -51.152 8.78663 0.52182 2 
98.776 -51.152 8.94890 0.55520 2 
101.341 -51.152 8.78550 0.65029 2 
103.907 -51.152 8.67441 0.62050 2 
106.472 -51.152 8.63500 0.64825 2 
109.038 -51.152 8.58298 0.54109 2 
111.603 -51.152 8.62172 0.70392 2 
114.169 -51.152 8.52886 0.68425 2 
116.735 -51.152 0.00000 -0.00000 0 
119.300 -51.152 0.00000 -0.00000 0 
-8.980 -53.717 7.99469 -0.80798 2 
-6.414 -53.717 8.03992 -0.63753 2 
-3.848 -53.717 8.09921 -0.74181 2 
-1.283 -53.717 8.09303 -0.70074 2 
1.283 -53.717 8.10353 -0.65829 2 
3.848 -53.717 8.06716 -0.90835 2 
6.414 -53.717 8.41792 -0.81981 2 
8.980 -53.717 8.39668 -0.75075 2 
11.545 -53.717 8.41692 -0.87206 2 
14.111 -53.717 8.42913 -0.71664 2 
16.676 -53.717 8.37861 -0.73822 2 
19.242 -53.717 8.44300 -0.77669 2 
21.808 -53.717 8.53966 -0.88737 2 
24.373 -53.717 8.44254 -0.66415 2 
26.939 -53.717 8.71528 -0.81173 2 
29.504 -53.717 8.70852 -0.70292 2 
32.070 -53.717 8.68864 -0.69855 2 
34.636 -53.717 8.65373 -0.72591 2 
37.201 -53.717 8.61904 -0.68285 2 
39.767 -53.717 8.78367 -0.67045 2 
42.332 -53.717 8.79486 -0.60816 2 
44.898 -53.717 8.74721 -0.66395 2 
47.464 -53.717 8.89600 -0.39792 2 
50.029 -53.717 8.77919 -0.45732 2 
52.595 -53.717 8.84304 -0.43289 2 
55.160 -53.717 8.80163 -0.44892 2 
57.726 -53.717 8.77012 -0.34688 2 
60.292 -53.717 8.92826 -0.33987 2 
62.857 -53.717 8.84693 -0.16546 2 
65.423 -53.717 8.80341 -0.27348 2 
67.988 -53.717 8.92102 -0.01370 2 
70.554 -53.717 8.86289 -0.12473 2 
73.120 -53.717 8.95452 -0.08689 2 
75.685 -53.717 8.85770 -0.03196 2 
78.251 -53.717 8.83479 0.05384 2 
80.816 -53.717 8.98307 0.32514 2 
83.382 -53.717 8.90464 0.20959 2 
85.948 -53.717 8.87314 0.32847 2 
88.513 -53.717 8.91828 0.30692 2 
91.079 -53.717 8.82572 0.44512 2 
93.644 -53.717 8.83803 0.40912 2 
96.210 -53.717 8.93337 0.46789 2 
98.776 -53.717 8.62823 0.53885 2 
101.341 -53.717 8.76542 0.49478 2 
103.907 -53.717 8.64273 0.66716 2 
106.472 -53.717 8.71195 0.53893 2 
109.038 -53.717 8.51823 0.62483 2 
111.603 -53.717 8.43885 0.61212 2 
114.169 -53.717 8.70614 0.63005 2 
116.735 -53.717 0.00000 -0.00000 0 
119.300 -53.717 0.00000 -0.00000 0 
-8.980 -56.283 0.00000 -0.00000 0 
-6.414 -56.283 0.00000 -0.00000 0 
-3.848 -56.283 8.06268 -0.43547 2 
-1.283 -56.283 8.05444 -0.41861 2 
1.283 -56.283 8.11443 -0.50490 2 
3.848 -56.283 8.24010 -0.41599 2 
6.414 -56.283 8.17972 -0.40158 2 
8.980 -56.283 8.22219 -0.45839 2 
11.545 -56.283 8.26466 -0.51520 2 
14.111 -56.283 8.30713 -0.57201 2 
16.676 -56.283 8.32890 -0.52102 2 
19.242 -56.283 8.41063 -0.44582 2 
21.808 -56.283 8.44817 -0.40572 2 
24.373 -56.283 8.48571 -0.36562 2 
26.939 -56.283 8.52037 -0.34565 2 
29.504 -56.283 8.55504 -0.32568 2 
32.070 -56.283 8.58971 -0.30571 2 
34.636 -56.283 8.62437 -0.28574 2 
37.201 -56.283 8.65904 -0.26577 2 
39.767 -56.283 8.69371 -0.24580 2 
42.332 -56.283 8.72837 -0.22583 2 
44.898 -56.283 8.74610 -0.26172 2 
47.464 -56.283 8.76382 -0.29761 2 
50.029 -56.283 8.86254 -0.21571 2 
52.595 -56.283 8.87064 -0.18555 2 
55.160 -56.283 8.87873 -0.15539 2 
57.726 -56.283 8.81768 0.01945 2 
60.292 -56.283 8.80299 -0.00334 2 
62.857 -56.283 8.93549 -0.09345 2 
65.423 -56.283 8.88447 0.02835 2 
67.988 -56.283 8.76419 -0.16706 2 
70.554 -56.283 8.93482 -0.14808 2 
73.120 -56.283 9.03935 -0.08310 2 
75.685 -56.283 8.85567 -0.04861 2 
78.251 -56.283 8.95886 -0.05288 2 
80.816 -56.283 8.86697 0.06220 2 
83.382 -56.283 8.86490 0.02214 2 
85.948 -56.283 8.76341 0.08417 2 
88.513 -56.283 8.75500 0.05553 2 
91.079 -56.283 8.74917 0.21617 2 
93.644 -56.283 8.77515 0.19984 2 
96.210 -56.283 8.74538 0.22024 2 
98.776 -56.283 8.71561 0.24063 2 
101.341 -56.283 8.60953 0.41579 2 
103.907 -56.283 8.74320 0.25963 2 
106.472 -56.283 8.71296 0.22405 2 
109.038 -56.283 8.68272 0.18847 2 
111.603 -56.283 8.65248 0.15289 2 
114.169 -56.283 8.59795 0.31359 2 
116.735 -56.283 0.00000 -0.00000 0 
119.300 -56.283 0.00000 -0.00000 0 
