TITLE = "B00085"
VARIABLES = "X [mm]", "Y [mm]", "Vx [m/s]", "Vy [m/s]", "Flag"
ZONE T="Frame 1", I=51, J=39, F=POINT
-8.980 41.210 7.31255 0.40713 2 
-6.414 41.210 7.22243 0.40518 2 
-3.848 41.210 7.11386 0.32792 2 
-1.283 41.210 7.23726 0.26385 2 
1.283 41.210 7.66005 0.53697 2 
3.848 41.210 0.00000 -0.00000 0 
6.414 41.210 0.00000 -0.00000 0 
8.980 41.210 0.00000 -0.00000 0 
11.545 41.210 0.00000 -0.00000 0 
14.111 41.210 0.00000 -0.00000 0 
16.676 41.210 0.00000 -0.00000 0 
19.242 41.210 3.81371 0.36130 2 
21.808 41.210 7.62741 0.72260 2 
24.373 41.210 7.27486 0.71121 2 
26.939 41.210 7.51038 0.72897 2 
29.504 41.210 7.56260 0.75913 2 
32.070 41.210 7.56794 0.69397 2 
34.636 41.210 7.57648 0.84572 2 
37.201 41.210 7.72347 0.74227 2 
39.767 41.210 7.63797 0.66662 2 
42.332 41.210 7.80541 0.98476 2 
44.898 41.210 7.74519 0.77630 2 
47.464 41.210 7.75891 0.82943 2 
50.029 41.210 7.77262 0.88256 2 
52.595 41.210 7.97565 0.81509 2 
55.160 41.210 7.94655 0.90735 2 
57.726 41.210 8.17142 0.67370 2 
60.292 41.210 8.21319 0.49443 2 
62.857 41.210 8.28077 0.76920 2 
65.423 41.210 8.23098 0.85276 2 
67.988 41.210 8.41410 0.53847 2 
70.554 41.210 8.47946 0.44159 2 
73.120 41.210 8.44356 0.41308 2 
75.685 41.210 8.46224 0.52528 2 
78.251 41.210 8.58572 0.47146 2 
80.816 41.210 0.00000 0.00000 0 
83.382 41.210 8.44041 0.40069 2 
85.948 41.210 8.40627 0.30167 2 
88.513 41.210 8.58508 0.44354 2 
91.079 41.210 8.64842 0.34857 2 
93.644 41.210 8.41748 0.10467 2 
96.210 41.210 8.75732 0.19858 2 
98.776 41.210 8.54708 0.11785 2 
101.341 41.210 8.65280 0.06744 2 
103.907 41.210 8.52799 0.02019 2 
106.472 41.210 8.51294 -0.01660 2 
109.038 41.210 8.72857 -0.01384 2 
111.603 41.210 8.48680 -0.33860 2 
114.169 41.210 8.68138 -0.25281 2 
116.735 41.210 8.76328 -0.12399 2 
119.300 41.210 0.00000 -0.00000 0 
-8.980 38.644 7.15321 0.20145 2 
-6.414 38.644 7.30907 0.33949 2 
-3.848 38.644 7.25494 0.41344 2 
-1.283 38.644 7.18259 0.44745 2 
1.283 38.644 7.37591 0.51969 2 
3.848 38.644 0.00000 -0.00000 0 
6.414 38.644 0.00000 -0.00000 0 
8.980 38.644 0.00000 -0.00000 0 
11.545 38.644 0.00000 -0.00000 0 
14.111 38.644 0.00000 -0.00000 0 
16.676 38.644 0.00000 -0.00000 0 
19.242 38.644 3.90273 0.42272 2 
21.808 38.644 7.80545 0.84544 2 
24.373 38.644 7.47779 0.78635 2 
26.939 38.644 7.50561 0.65874 2 
29.504 38.644 7.26053 0.84212 2 
32.070 38.644 7.56346 0.92425 2 
34.636 38.644 7.52157 0.76070 2 
37.201 38.644 7.69939 0.85507 2 
39.767 38.644 7.61991 0.81798 2 
42.332 38.644 7.51587 0.90151 2 
44.898 38.644 7.73881 0.91969 2 
47.464 38.644 7.72390 0.92093 2 
50.029 38.644 7.79747 1.14474 2 
52.595 38.644 7.82276 1.01084 2 
55.160 38.644 8.09253 0.70052 2 
57.726 38.644 8.05862 0.96619 2 
60.292 38.644 8.25680 0.76052 2 
62.857 38.644 8.24228 0.68973 2 
65.423 38.644 8.53082 0.72583 2 
67.988 38.644 8.18309 0.79976 2 
70.554 38.644 8.21791 0.83437 2 
73.120 38.644 8.58835 0.60070 2 
75.685 38.644 8.53659 0.61150 2 
78.251 38.644 8.49015 0.62866 2 
80.816 38.644 0.00000 0.00000 0 
83.382 38.644 8.66219 0.51161 2 
85.948 38.644 8.80706 0.48426 2 
88.513 38.644 8.48915 0.17669 2 
91.079 38.644 8.64478 0.26647 2 
93.644 38.644 8.76389 0.21587 2 
96.210 38.644 8.64264 0.04958 2 
98.776 38.644 8.51391 0.14057 2 
101.341 38.644 8.58429 0.05798 2 
103.907 38.644 8.65244 -0.01221 2 
106.472 38.644 8.60534 0.00331 2 
109.038 38.644 8.46977 -0.26176 2 
111.603 38.644 8.57687 -0.14672 2 
114.169 38.644 8.44083 -0.11638 2 
116.735 38.644 9.02654 -0.33005 2 
119.300 38.644 0.00000 -0.00000 0 
-8.980 36.079 7.21136 0.34659 2 
-6.414 36.079 7.18711 0.43676 2 
-3.848 36.079 7.24855 0.46166 2 
-1.283 36.079 7.04862 0.26861 2 
1.283 36.079 7.45968 0.72021 2 
3.848 36.079 0.00000 -0.00000 0 
6.414 36.079 0.00000 -0.00000 0 
8.980 36.079 0.00000 -0.00000 0 
11.545 36.079 0.00000 -0.00000 0 
14.111 36.079 0.00000 -0.00000 0 
16.676 36.079 0.00000 -0.00000 0 
19.242 36.079 3.99838 0.33458 2 
21.808 36.079 7.99676 0.66915 2 
24.373 36.079 7.06383 0.74756 2 
26.939 36.079 7.41422 0.89253 2 
29.504 36.079 7.43556 0.92158 2 
32.070 36.079 7.37079 0.90927 2 
34.636 36.079 7.57165 0.97548 2 
37.201 36.079 7.57742 0.98975 2 
39.767 36.079 7.78884 0.95223 2 
42.332 36.079 7.71436 0.87894 2 
44.898 36.079 7.83397 0.90449 2 
47.464 36.079 7.71809 0.93285 2 
50.029 36.079 7.98708 0.85364 2 
52.595 36.079 7.90932 0.89870 2 
55.160 36.079 8.21027 0.98852 2 
57.726 36.079 8.38843 1.09139 2 
60.292 36.079 8.35205 0.82264 2 
62.857 36.079 8.22819 0.82542 2 
65.423 36.079 8.16643 0.79620 2 
67.988 36.079 8.32242 0.59112 2 
70.554 36.079 8.49601 0.86005 2 
73.120 36.079 8.41649 0.89641 2 
75.685 36.079 8.43640 0.71287 2 
78.251 36.079 8.55027 0.70571 2 
80.816 36.079 0.00000 0.00000 0 
83.382 36.079 8.62009 0.54307 2 
85.948 36.079 8.66346 0.46264 2 
88.513 36.079 8.61875 0.32371 2 
91.079 36.079 8.64291 0.19422 2 
93.644 36.079 8.58229 0.13019 2 
96.210 36.079 8.78468 0.19947 2 
98.776 36.079 8.66461 0.03516 2 
101.341 36.079 8.70806 0.04509 2 
103.907 36.079 8.49727 -0.12361 2 
106.472 36.079 8.66418 -0.07320 2 
109.038 36.079 8.50406 -0.11206 2 
111.603 36.079 8.64313 0.15071 2 
114.169 36.079 8.61725 -0.14887 2 
116.735 36.079 9.05074 -0.33086 2 
119.300 36.079 0.00000 -0.00000 0 
-8.980 33.513 7.11103 0.18139 2 
-6.414 33.513 7.12069 0.41983 2 
-3.848 33.513 7.13315 0.22960 2 
-1.283 33.513 7.14404 0.32789 2 
1.283 33.513 7.71028 0.61361 2 
3.848 33.513 0.00000 -0.00000 0 
6.414 33.513 0.00000 -0.00000 0 
8.980 33.513 0.00000 -0.00000 0 
11.545 33.513 0.00000 -0.00000 0 
14.111 33.513 0.00000 -0.00000 0 
16.676 33.513 0.00000 -0.00000 0 
19.242 33.513 3.97825 0.38620 2 
21.808 33.513 7.95650 0.77240 2 
24.373 33.513 7.09929 0.87557 2 
26.939 33.513 7.53140 0.87459 2 
29.504 33.513 7.41337 0.89953 2 
32.070 33.513 7.34757 0.99833 2 
34.636 33.513 7.54668 1.06362 2 
37.201 33.513 7.61481 0.97948 2 
39.767 33.513 7.65775 1.01314 2 
42.332 33.513 7.64943 0.88329 2 
44.898 33.513 8.01216 0.98201 2 
47.464 33.513 7.71228 0.94477 2 
50.029 33.513 7.71198 1.02404 2 
52.595 33.513 7.97185 0.94322 2 
55.160 33.513 8.12851 0.98446 2 
57.726 33.513 8.10446 0.87810 2 
60.292 33.513 8.38211 0.82218 2 
62.857 33.513 8.31606 0.97555 2 
65.423 33.513 8.35825 0.73648 2 
67.988 33.513 8.42064 0.92574 2 
70.554 33.513 8.58909 0.93502 2 
73.120 33.513 8.74182 0.75581 2 
75.685 33.513 8.62983 0.58600 2 
78.251 33.513 8.72084 0.82435 2 
80.816 33.513 0.00000 0.00000 0 
83.382 33.513 8.67975 0.47300 2 
85.948 33.513 8.71650 0.43188 2 
88.513 33.513 8.96976 0.33061 2 
91.079 33.513 8.70795 0.31511 2 
93.644 33.513 8.71477 0.18887 2 
96.210 33.513 8.66859 -0.10195 2 
98.776 33.513 8.75716 -0.10212 2 
101.341 33.513 8.52857 -0.26227 2 
103.907 33.513 8.74601 0.05888 2 
106.472 33.513 8.69858 -0.08382 2 
109.038 33.513 8.54542 0.21601 2 
111.603 33.513 8.67753 0.12097 2 
114.169 33.513 8.46964 0.33963 2 
116.735 33.513 9.07495 -0.33166 2 
119.300 33.513 0.00000 -0.00000 0 
-8.980 30.948 7.08505 0.19623 2 
-6.414 30.948 7.00329 0.31294 2 
-3.848 30.948 7.10804 0.26658 2 
-1.283 30.948 7.03127 0.56035 2 
1.283 30.948 7.36052 0.70803 2 
3.848 30.948 0.00000 -0.00000 0 
6.414 30.948 0.00000 -0.00000 0 
8.980 30.948 0.00000 -0.00000 0 
11.545 30.948 0.00000 -0.00000 0 
14.111 30.948 0.00000 -0.00000 0 
16.676 30.948 0.00000 -0.00000 0 
19.242 30.948 4.02386 0.49430 2 
21.808 30.948 8.04773 0.98859 2 
24.373 30.948 7.40174 0.92813 2 
26.939 30.948 7.10138 0.94160 2 
29.504 30.948 7.49809 1.03610 2 
32.070 30.948 7.35643 0.89920 2 
34.636 30.948 7.45448 1.04400 2 
37.201 30.948 7.32152 1.01209 2 
39.767 30.948 7.69626 1.06046 2 
42.332 30.948 7.75350 1.04478 2 
44.898 30.948 7.71605 0.92137 2 
47.464 30.948 7.84558 1.10129 2 
50.029 30.948 7.98407 0.89397 2 
52.595 30.948 8.08357 1.03523 2 
55.160 30.948 8.13740 0.99350 2 
57.726 30.948 8.10346 1.03786 2 
60.292 30.948 8.27660 1.06198 2 
62.857 30.948 8.16550 1.02419 2 
65.423 30.948 8.41794 0.91336 2 
67.988 30.948 8.42807 0.69408 2 
70.554 30.948 8.59871 0.86933 2 
73.120 30.948 8.60378 0.82680 2 
75.685 30.948 8.82682 0.64580 2 
78.251 30.948 8.88163 0.75245 2 
80.816 30.948 0.00000 0.00000 0 
83.382 30.948 8.74908 0.47280 2 
85.948 30.948 8.67071 0.38037 2 
88.513 30.948 9.00355 0.18802 2 
91.079 30.948 8.77172 0.18189 2 
93.644 30.948 8.88926 0.06711 2 
96.210 30.948 8.78158 -0.25375 2 
98.776 30.948 8.78271 -0.05598 2 
101.341 30.948 8.46452 0.21759 2 
103.907 30.948 8.41662 0.03922 2 
106.472 30.948 8.37800 0.06058 2 
109.038 30.948 8.67187 0.12930 2 
111.603 30.948 8.31434 0.31179 2 
114.169 30.948 8.79430 0.46159 2 
116.735 30.948 9.34065 0.31370 2 
119.300 30.948 0.00000 -0.00000 0 
-8.980 28.382 7.03318 0.12069 2 
-6.414 28.382 6.92231 0.40832 2 
-3.848 28.382 7.05484 0.27119 2 
-1.283 28.382 7.11261 0.42364 2 
1.283 28.382 7.15345 0.45727 2 
3.848 28.382 7.40145 0.25324 2 
6.414 28.382 0.00000 -0.00000 0 
8.980 28.382 0.00000 -0.00000 0 
11.545 28.382 0.00000 -0.00000 0 
14.111 28.382 0.00000 -0.00000 0 
16.676 28.382 4.05623 0.58573 2 
19.242 28.382 8.11246 1.17145 2 
21.808 28.382 6.94237 0.97827 2 
24.373 28.382 7.22375 1.00504 2 
26.939 28.382 7.23900 1.10764 2 
29.504 28.382 7.25708 0.82477 2 
32.070 28.382 7.29040 1.23136 2 
34.636 28.382 7.58783 1.13729 2 
37.201 28.382 7.63944 1.10204 2 
39.767 28.382 7.57978 1.02461 2 
42.332 28.382 7.50725 0.94620 2 
44.898 28.382 8.04201 1.13704 2 
47.464 28.382 7.93695 0.96265 2 
50.029 28.382 7.86283 1.01737 2 
52.595 28.382 7.91239 1.21896 2 
55.160 28.382 8.13855 1.13518 2 
57.726 28.382 8.20397 1.18618 2 
60.292 28.382 8.25952 0.75130 2 
62.857 28.382 8.44573 1.03422 2 
65.423 28.382 8.54421 1.02943 2 
67.988 28.382 8.56315 0.95635 2 
70.554 28.382 8.69895 1.03318 2 
73.120 28.382 8.67970 0.90262 2 
75.685 28.382 8.67429 0.70173 2 
78.251 28.382 8.71865 0.93058 2 
80.816 28.382 8.63587 0.36238 2 
83.382 28.382 8.91612 0.42569 2 
85.948 28.382 9.19636 0.48901 2 
88.513 28.382 8.89043 0.11927 2 
91.079 28.382 8.97237 0.08367 2 
93.644 28.382 9.06031 0.01798 2 
96.210 28.382 8.80722 -0.19930 2 
98.776 28.382 8.68007 -0.40498 2 
101.341 28.382 8.62601 -0.36462 2 
103.907 28.382 8.58961 -0.15634 2 
106.472 28.382 8.31434 0.00837 2 
109.038 28.382 8.26725 0.42637 2 
111.603 28.382 8.34393 0.62092 2 
114.169 28.382 8.75718 0.81725 2 
116.735 28.382 9.39045 0.87803 2 
119.300 28.382 0.00000 -0.00000 0 
-8.980 25.816 6.99290 0.20618 2 
-6.414 25.816 6.96729 0.27119 2 
-3.848 25.816 7.07205 0.38334 2 
-1.283 25.816 7.15211 0.31531 2 
1.283 25.816 6.84633 0.47352 2 
3.848 25.816 7.33089 0.89110 2 
6.414 25.816 0.00000 -0.00000 0 
8.980 25.816 0.00000 -0.00000 0 
11.545 25.816 0.00000 -0.00000 0 
14.111 25.816 0.00000 -0.00000 0 
16.676 25.816 4.04871 0.57868 2 
19.242 25.816 8.09742 1.15735 2 
21.808 25.816 6.94702 0.94451 2 
24.373 25.816 7.22164 1.05052 2 
26.939 25.816 7.17826 1.02445 2 
29.504 25.816 7.29151 1.14297 2 
32.070 25.816 7.42118 1.11898 2 
34.636 25.816 7.44679 0.98747 2 
37.201 25.816 7.60659 1.28760 2 
39.767 25.816 7.62142 1.17591 2 
42.332 25.816 7.69862 0.98840 2 
44.898 25.816 7.82690 1.09196 2 
47.464 25.816 7.90329 1.07746 2 
50.029 25.816 7.99366 1.07558 2 
52.595 25.816 8.17998 1.11223 2 
55.160 25.816 8.15027 1.23374 2 
57.726 25.816 8.28383 1.12222 2 
60.292 25.816 8.25021 1.31242 2 
62.857 25.816 8.40107 1.09957 2 
65.423 25.816 8.32606 0.95256 2 
67.988 25.816 8.56289 1.04741 2 
70.554 25.816 8.68284 0.81434 2 
73.120 25.816 9.07718 0.86169 2 
75.685 25.816 8.86251 0.98213 2 
78.251 25.816 8.87601 1.08046 2 
80.816 25.816 8.73726 0.80362 2 
83.382 25.816 0.00000 0.00000 0 
85.948 25.816 9.04840 0.57037 2 
88.513 25.816 9.31601 0.30068 2 
91.079 25.816 8.82415 -0.04430 2 
93.644 25.816 8.95962 -0.06728 2 
96.210 25.816 9.03155 -0.32622 2 
98.776 25.816 8.73582 -0.54167 2 
101.341 25.816 8.40278 -0.27907 2 
103.907 25.816 8.30084 -0.07013 2 
106.472 25.816 7.87014 0.35940 2 
109.038 25.816 7.78333 0.78835 2 
111.603 25.816 8.04372 1.67129 2 
114.169 25.816 8.73739 2.11675 2 
116.735 25.816 7.66921 2.22414 2 
119.300 25.816 0.00000 -0.00000 0 
-8.980 23.251 6.95262 0.29167 2 
-6.414 23.251 7.01788 0.25072 2 
-3.848 23.251 7.04798 0.20776 2 
-1.283 23.251 6.81425 0.38347 2 
1.283 23.251 6.98585 0.28901 2 
3.848 23.251 7.04587 0.73806 2 
6.414 23.251 0.00000 -0.00000 0 
8.980 23.251 0.00000 -0.00000 0 
11.545 23.251 0.00000 -0.00000 0 
14.111 23.251 0.00000 -0.00000 0 
16.676 23.251 4.04119 0.57163 2 
19.242 23.251 8.08238 1.14325 2 
21.808 23.251 6.96847 1.01572 2 
24.373 23.251 7.35331 1.03898 2 
26.939 23.251 7.19987 1.06448 2 
29.504 23.251 7.29204 1.28562 2 
32.070 23.251 7.40540 1.19783 2 
34.636 23.251 7.50597 1.16131 2 
37.201 23.251 7.31377 1.26687 2 
39.767 23.251 7.74263 1.30777 2 
42.332 23.251 7.73398 1.12724 2 
44.898 23.251 7.71016 1.38182 2 
47.464 23.251 7.85621 1.14570 2 
50.029 23.251 8.05087 1.28460 2 
52.595 23.251 8.14272 1.18602 2 
55.160 23.251 8.13665 0.94787 2 
57.726 23.251 8.41453 1.31368 2 
60.292 23.251 8.11195 1.12051 2 
62.857 23.251 8.55446 1.21153 2 
65.423 23.251 8.53099 1.26087 2 
67.988 23.251 8.51565 1.19616 2 
70.554 23.251 8.97467 1.12664 2 
73.120 23.251 8.27757 0.85995 2 
75.685 23.251 8.68102 0.88808 2 
78.251 23.251 8.97745 0.89168 2 
80.816 23.251 9.13334 0.86512 2 
83.382 23.251 0.00000 0.00000 0 
85.948 23.251 9.48529 0.59447 2 
88.513 23.251 9.79237 0.26533 2 
91.079 23.251 9.65530 0.16557 2 
93.644 23.251 9.48086 -0.31827 2 
96.210 23.251 9.33058 -0.72942 2 
98.776 23.251 8.80018 -0.78156 2 
101.341 23.251 8.32794 -0.75154 2 
103.907 23.251 7.62867 -0.58702 2 
106.472 23.251 7.12667 0.17171 2 
109.038 23.251 6.97663 0.80361 2 
111.603 23.251 5.05912 2.03106 2 
114.169 23.251 6.22859 2.22292 2 
116.735 23.251 7.87385 2.16118 2 
119.300 23.251 -0.13294 5.38212 1 
-8.980 20.685 6.96704 0.04600 2 
-6.414 20.685 6.95956 0.10483 2 
-3.848 20.685 6.90701 0.29672 2 
-1.283 20.685 6.86255 0.28325 2 
1.283 20.685 6.71306 0.45442 2 
3.848 20.685 7.19803 0.64681 2 
6.414 20.685 0.00000 -0.00000 0 
8.980 20.685 0.00000 -0.00000 0 
11.545 20.685 0.00000 -0.00000 0 
14.111 20.685 0.00000 -0.00000 0 
16.676 20.685 3.85478 0.53792 2 
19.242 20.685 7.70955 1.07585 2 
21.808 20.685 6.81248 0.98692 2 
24.373 20.685 7.24747 1.16443 2 
26.939 20.685 7.19614 1.25111 2 
29.504 20.685 7.24579 1.20189 2 
32.070 20.685 7.18809 1.36725 2 
34.636 20.685 7.45310 1.28914 2 
37.201 20.685 7.61397 1.44310 2 
39.767 20.685 7.48885 1.10883 2 
42.332 20.685 7.69650 1.58296 2 
44.898 20.685 7.77519 1.26597 2 
47.464 20.685 7.93470 1.42046 2 
50.029 20.685 7.87884 1.36110 2 
52.595 20.685 7.91382 1.31748 2 
55.160 20.685 8.23468 1.45644 2 
57.726 20.685 8.05597 1.09147 2 
60.292 20.685 8.47242 1.38338 2 
62.857 20.685 8.63602 1.19320 2 
65.423 20.685 9.14660 1.28807 2 
67.988 20.685 8.71540 1.19061 2 
70.554 20.685 8.79977 1.51539 2 
73.120 20.685 9.09008 1.40976 2 
75.685 20.685 9.26163 1.19854 2 
78.251 20.685 9.36422 1.31753 2 
80.816 20.685 9.44805 1.16126 2 
83.382 20.685 0.00000 0.00000 0 
85.948 20.685 0.00000 0.00000 0 
88.513 20.685 0.00000 -0.00000 0 
91.079 20.685 10.21234 0.20984 2 
93.644 20.685 9.65445 -0.57034 2 
96.210 20.685 9.33461 -1.13801 2 
98.776 20.685 9.18838 -1.31553 2 
101.341 20.685 8.16268 -1.37128 2 
103.907 20.685 7.24517 -0.71850 2 
106.472 20.685 6.65897 0.08559 2 
109.038 20.685 6.37285 0.74288 2 
111.603 20.685 2.07451 2.39082 2 
114.169 20.685 3.33220 2.90956 2 
116.735 20.685 5.00444 2.92405 2 
119.300 20.685 -0.22628 4.68012 2 
-8.980 18.120 6.81077 0.05731 2 
-6.414 18.120 6.69393 0.13071 2 
-3.848 18.120 6.81910 0.18009 2 
-1.283 18.120 6.75100 0.28544 2 
1.283 18.120 6.78269 0.34528 2 
3.848 18.120 6.89312 0.72378 2 
6.414 18.120 0.00000 -0.00000 0 
8.980 18.120 0.00000 -0.00000 0 
11.545 18.120 0.00000 -0.00000 0 
14.111 18.120 0.00000 -0.00000 0 
16.676 18.120 3.71901 0.57037 2 
19.242 18.120 7.43803 1.14074 2 
21.808 18.120 6.85544 1.22672 2 
24.373 18.120 7.18212 1.24487 2 
26.939 18.120 7.06533 1.35873 2 
29.504 18.120 7.14867 1.41632 2 
32.070 18.120 7.33123 1.45547 2 
34.636 18.120 7.39316 1.32691 2 
37.201 18.120 7.48745 1.43842 2 
39.767 18.120 7.49427 1.38220 2 
42.332 18.120 7.78779 1.39114 2 
44.898 18.120 7.87424 1.25676 2 
47.464 18.120 7.62131 1.32985 2 
50.029 18.120 8.00815 1.45955 2 
52.595 18.120 8.14425 1.54195 2 
55.160 18.120 8.47064 1.34185 2 
57.726 18.120 8.85993 1.41558 2 
60.292 18.120 8.84452 1.30973 2 
62.857 18.120 8.73507 1.38560 2 
65.423 18.120 9.57119 1.33425 2 
67.988 18.120 0.00000 -0.00000 0 
70.554 18.120 0.00000 -0.00000 0 
73.120 18.120 0.00000 -0.00000 0 
75.685 18.120 0.00000 -0.00000 0 
78.251 18.120 0.00000 -0.00000 0 
80.816 18.120 0.00000 -0.00000 0 
83.382 18.120 0.00000 -0.00000 0 
85.948 18.120 12.14752 0.62914 2 
88.513 18.120 11.45846 0.44163 2 
91.079 18.120 10.76939 0.25412 2 
93.644 18.120 9.42953 -1.65458 2 
96.210 18.120 8.60464 -1.54816 2 
98.776 18.120 6.98071 -2.55598 2 
101.341 18.120 6.62467 -1.92184 2 
103.907 18.120 6.26864 -1.28769 2 
106.472 18.120 5.98822 -0.45344 2 
109.038 18.120 4.07282 0.80619 2 
111.603 18.120 2.23632 4.74834 2 
114.169 18.120 0.04823 4.17669 2 
116.735 18.120 2.13502 3.68693 2 
119.300 18.120 -0.31961 3.97813 2 
-8.980 15.554 6.89133 -0.12158 2 
-6.414 15.554 6.83703 -0.01947 2 
-3.848 15.554 6.77585 0.14282 2 
-1.283 15.554 6.63674 0.36569 2 
1.283 15.554 6.49210 0.32014 2 
3.848 15.554 6.79464 0.47481 2 
6.414 15.554 0.00000 -0.00000 0 
8.980 15.554 0.00000 -0.00000 0 
11.545 15.554 0.00000 -0.00000 0 
14.111 15.554 0.00000 -0.00000 0 
16.676 15.554 3.49425 0.59349 2 
19.242 15.554 6.98849 1.18699 2 
21.808 15.554 6.89240 1.48205 2 
24.373 15.554 7.02069 1.36010 2 
26.939 15.554 6.94179 1.44138 2 
29.504 15.554 7.10325 1.64956 2 
32.070 15.554 7.08507 1.61663 2 
34.636 15.554 7.49666 1.62724 2 
37.201 15.554 7.54273 1.39823 2 
39.767 15.554 7.70732 1.53761 2 
42.332 15.554 7.90811 1.34309 2 
44.898 15.554 8.01975 1.52952 2 
47.464 15.554 8.37550 1.54620 2 
50.029 15.554 4.00407 0.72978 2 
52.595 15.554 4.07213 0.77098 2 
55.160 15.554 0.00000 -0.00000 0 
57.726 15.554 0.00000 -0.00000 0 
60.292 15.554 0.00000 -0.00000 0 
62.857 15.554 0.00000 -0.00000 0 
65.423 15.554 0.00000 -0.00000 0 
67.988 15.554 0.00000 -0.00000 0 
70.554 15.554 0.00000 -0.00000 0 
73.120 15.554 0.00000 -0.00000 0 
75.685 15.554 0.00000 -0.00000 0 
78.251 15.554 0.00000 -0.00000 0 
80.816 15.554 0.80877 0.24328 2 
83.382 15.554 1.61755 0.48657 2 
85.948 15.554 1.76501 0.18193 2 
88.513 15.554 -0.05060 0.42602 2 
91.079 15.554 3.20590 1.34344 2 
93.644 15.554 3.62356 -0.98750 2 
96.210 15.554 5.79875 -3.74068 2 
98.776 15.554 5.57435 -3.28825 2 
101.341 15.554 5.34996 -2.83582 2 
103.907 15.554 5.12557 -2.38339 2 
106.472 15.554 3.65663 -1.05294 2 
109.038 15.554 -1.05538 3.12962 2 
111.603 15.554 -1.18794 3.49466 2 
114.169 15.554 0.15914 5.40325 2 
116.735 15.554 -0.73440 4.44980 2 
119.300 15.554 -0.41294 3.27613 2 
-8.980 12.988 6.76741 -0.00484 2 
-6.414 12.988 6.61522 -0.05695 2 
-3.848 12.988 6.59091 -0.06441 2 
-1.283 12.988 6.49124 0.02443 2 
1.283 12.988 6.51385 0.30830 2 
3.848 12.988 6.56634 0.25645 2 
6.414 12.988 0.00000 -0.00000 0 
8.980 12.988 0.00000 -0.00000 0 
11.545 12.988 0.00000 -0.00000 0 
14.111 12.988 0.00000 -0.00000 0 
16.676 12.988 3.67184 0.74821 2 
19.242 12.988 7.34367 1.49643 2 
21.808 12.988 6.52852 1.30270 2 
24.373 12.988 7.05424 1.63104 2 
26.939 12.988 7.04962 1.85374 2 
29.504 12.988 7.20535 1.67966 2 
32.070 12.988 7.78530 1.63928 2 
34.636 12.988 7.54834 1.72533 2 
37.201 12.988 7.35863 2.04762 2 
39.767 12.988 3.85366 0.76880 2 
42.332 12.988 0.00000 -0.00000 0 
44.898 12.988 0.00000 -0.00000 0 
47.464 12.988 0.00000 -0.00000 0 
50.029 12.988 0.00000 -0.00000 0 
52.595 12.988 0.00000 -0.00000 0 
55.160 12.988 0.00000 -0.00000 0 
57.726 12.988 0.00000 -0.00000 0 
60.292 12.988 0.00000 -0.00000 0 
62.857 12.988 0.00000 -0.00000 0 
65.423 12.988 0.00000 -0.00000 0 
67.988 12.988 0.00000 -0.00000 0 
70.554 12.988 0.00000 -0.00000 0 
73.120 12.988 0.00000 -0.00000 0 
75.685 12.988 -1.93209 -0.94967 2 
78.251 12.988 -2.38500 -0.74736 2 
80.816 12.988 -1.70934 -0.69726 2 
83.382 12.988 -1.75404 -0.65968 2 
85.948 12.988 -1.13972 0.25033 2 
88.513 12.988 -2.88673 0.92976 2 
91.079 12.988 -1.96207 0.70130 2 
93.644 12.988 -1.03742 0.47284 2 
96.210 12.988 1.40221 -1.23977 2 
98.776 12.988 2.70272 -4.20005 2 
101.341 12.988 2.47833 -3.74762 2 
103.907 12.988 2.15421 -3.58561 2 
106.472 12.988 0.22135 -1.19176 2 
109.038 12.988 0.11588 0.14080 2 
111.603 12.988 0.04283 1.00422 2 
114.169 12.988 -0.20848 1.98368 2 
116.735 12.988 0.12498 5.13039 2 
119.300 12.988 -0.43287 3.99775 2 
-8.980 10.423 6.62158 -0.21688 2 
-6.414 10.423 6.77730 -0.20307 2 
-3.848 10.423 6.55248 0.00043 2 
-1.283 10.423 6.40301 0.02767 2 
1.283 10.423 6.31997 0.23320 2 
3.848 10.423 6.44525 0.27755 2 
6.414 10.423 3.22262 0.13878 2 
8.980 10.423 0.00000 -0.00000 0 
11.545 10.423 0.00000 -0.00000 0 
14.111 10.423 0.00000 -0.00000 0 
16.676 10.423 2.93747 0.59857 2 
19.242 10.423 4.89578 0.99762 2 
21.808 10.423 3.26426 0.65135 2 
24.373 10.423 7.28998 2.01575 2 
26.939 10.423 7.21478 1.87430 2 
29.504 10.423 7.83418 1.74978 2 
32.070 10.423 0.00000 -0.00000 0 
34.636 10.423 0.00000 -0.00000 0 
37.201 10.423 0.00000 -0.00000 0 
39.767 10.423 0.00000 -0.00000 0 
42.332 10.423 0.00000 -0.00000 0 
44.898 10.423 0.00000 -0.00000 0 
47.464 10.423 0.00000 -0.00000 0 
50.029 10.423 0.00000 -0.00000 0 
52.595 10.423 0.00000 -0.00000 0 
55.160 10.423 0.00000 -0.00000 0 
57.726 10.423 0.00000 -0.00000 0 
60.292 10.423 0.00000 -0.00000 0 
62.857 10.423 0.00000 -0.00000 0 
65.423 10.423 0.00000 -0.00000 0 
67.988 10.423 -0.83583 -0.21150 2 
70.554 10.423 -2.88505 -0.59667 2 
73.120 10.423 -2.01369 -0.52916 2 
75.685 10.423 -3.86419 -1.89933 2 
78.251 10.423 -4.77000 -1.49471 2 
80.816 10.423 -3.37399 -1.43210 2 
83.382 10.423 -3.97161 -0.28733 2 
85.948 10.423 -4.04444 0.31872 2 
88.513 10.423 -3.73209 0.65977 2 
91.079 10.423 -3.51134 2.14246 2 
93.644 10.423 -4.55342 2.72644 2 
96.210 10.423 -2.99433 1.26114 2 
98.776 10.423 -3.15013 -1.82420 2 
101.341 10.423 -0.39330 -4.65941 2 
103.907 10.423 -1.49500 -2.55881 2 
106.472 10.423 -1.19857 0.09713 2 
109.038 10.423 0.23523 0.81603 2 
111.603 10.423 -0.48031 1.49630 2 
114.169 10.423 0.26790 2.89735 2 
116.735 10.423 0.43986 4.58991 2 
119.300 10.423 -0.45280 4.71937 2 
-8.980 7.857 6.65626 -0.32306 2 
-6.414 7.857 6.61663 -0.30920 2 
-3.848 7.857 6.45297 -0.28597 2 
-1.283 7.857 6.26493 0.01555 2 
1.283 7.857 5.92152 -0.07280 2 
3.848 7.857 6.44951 0.18854 2 
6.414 7.857 3.22475 0.09427 2 
8.980 7.857 0.00000 -0.00000 0 
11.545 7.857 0.00000 -0.00000 0 
14.111 7.857 0.00000 -0.00000 2 
16.676 7.857 1.46873 0.29929 2 
19.242 7.857 2.44789 0.49881 2 
21.808 7.857 0.00000 -0.00000 0 
24.373 7.857 0.00000 -0.00000 0 
26.939 7.857 0.00000 -0.00000 0 
29.504 7.857 0.00000 -0.00000 0 
32.070 7.857 0.00000 -0.00000 0 
34.636 7.857 0.00000 -0.00000 0 
37.201 7.857 0.00000 -0.00000 0 
39.767 7.857 0.00000 -0.00000 0 
42.332 7.857 0.00000 -0.00000 0 
44.898 7.857 0.00000 -0.00000 0 
47.464 7.857 0.00000 -0.00000 0 
50.029 7.857 0.00000 -0.00000 0 
52.595 7.857 0.00000 -0.00000 0 
55.160 7.857 0.00000 -0.00000 0 
57.726 7.857 0.00000 -0.00000 0 
60.292 7.857 -0.27986 -0.19645 2 
62.857 7.857 -0.03782 0.12308 2 
65.423 7.857 -0.74329 -0.61728 2 
67.988 7.857 -1.67167 -0.42301 2 
70.554 7.857 -4.27940 -1.29582 2 
73.120 7.857 -4.02738 -1.05831 2 
75.685 7.857 -3.96910 -0.74938 2 
78.251 7.857 -3.57428 -2.27667 2 
80.816 7.857 -3.56505 -2.33956 2 
83.382 7.857 -4.64668 0.19331 2 
85.948 7.857 -4.98301 -0.30428 2 
88.513 7.857 -4.57746 0.38979 2 
91.079 7.857 -3.09388 2.77118 2 
93.644 7.857 -2.95016 3.50294 2 
96.210 7.857 -4.17995 2.35201 2 
98.776 7.857 -3.73846 -1.73403 2 
101.341 7.857 -1.51917 -2.00622 2 
103.907 7.857 -0.96037 -1.09202 2 
106.472 7.857 -0.67381 -1.43498 2 
109.038 7.857 0.35459 1.49126 2 
111.603 7.857 -0.22581 3.72966 2 
114.169 7.857 -0.36402 2.64252 2 
116.735 7.857 0.26392 4.88086 2 
119.300 7.857 -0.47272 5.44099 2 
-8.980 5.292 6.77597 -0.41994 2 
-6.414 5.292 6.48232 -0.42671 2 
-3.848 5.292 6.29956 -0.23054 2 
-1.283 5.292 6.16722 -0.39319 2 
1.283 5.292 5.90493 -0.26824 2 
3.848 5.292 6.77222 -0.11084 2 
6.414 5.292 3.38611 -0.05542 2 
8.980 5.292 0.00000 -0.00000 0 
11.545 5.292 0.00000 -0.00000 0 
14.111 5.292 0.00000 -0.00000 0 
16.676 5.292 0.00000 -0.00000 0 
19.242 5.292 0.00000 -0.00000 0 
21.808 5.292 0.00000 -0.00000 0 
24.373 5.292 0.00000 -0.00000 0 
26.939 5.292 0.00000 -0.00000 0 
29.504 5.292 0.00000 -0.00000 0 
32.070 5.292 0.00000 -0.00000 0 
34.636 5.292 0.00000 -0.00000 0 
37.201 5.292 0.00000 -0.00000 0 
39.767 5.292 0.00000 -0.00000 0 
42.332 5.292 0.00000 -0.00000 0 
44.898 5.292 0.00000 -0.00000 0 
47.464 5.292 0.00000 -0.00000 0 
50.029 5.292 0.00000 -0.00000 0 
52.595 5.292 -0.34302 -0.08811 2 
55.160 5.292 -0.49316 -0.21074 2 
57.726 5.292 -0.47486 -0.35502 2 
60.292 5.292 -0.55972 -0.39291 2 
62.857 5.292 -2.10296 -0.73561 2 
65.423 5.292 -1.72903 -0.74128 2 
67.988 5.292 -2.68836 -0.90558 2 
70.554 5.292 -4.31681 -0.97384 2 
73.120 5.292 -3.99630 -1.47832 2 
75.685 5.292 -3.15491 -1.01397 2 
78.251 5.292 -2.97558 -2.97483 2 
80.816 5.292 -1.90313 -2.74678 2 
83.382 5.292 -2.84308 1.21059 2 
85.948 5.292 -0.57777 0.15920 2 
88.513 5.292 -1.02450 0.92085 2 
91.079 5.292 -0.69042 2.51415 2 
93.644 5.292 -1.54931 2.18729 2 
96.210 5.292 -1.18972 3.50812 2 
98.776 5.292 -1.44525 -0.22978 2 
101.341 5.292 -2.15836 0.51885 2 
103.907 5.292 -0.42574 0.37477 2 
106.472 5.292 1.21816 0.52149 2 
109.038 5.292 -1.02885 1.97609 2 
111.603 5.292 -0.72550 4.33288 2 
114.169 5.292 -0.99593 2.38769 2 
116.735 5.292 -0.27238 3.37719 2 
119.300 5.292 -0.05304 3.94784 2 
-8.980 2.726 6.67396 -0.51128 2 
-6.414 2.726 6.69673 -0.56429 2 
-3.848 2.726 6.33418 -0.60891 2 
-1.283 2.726 6.09445 -0.61983 2 
1.283 2.726 6.09711 -0.39950 2 
3.848 2.726 5.45071 -0.39938 2 
6.414 2.726 0.00000 -0.00000 0 
8.980 2.726 0.00000 -0.00000 0 
11.545 2.726 0.00000 -0.00000 0 
14.111 2.726 0.00000 -0.00000 0 
16.676 2.726 0.00000 -0.00000 0 
19.242 2.726 0.00000 -0.00000 0 
21.808 2.726 0.00000 -0.00000 0 
24.373 2.726 0.00000 -0.00000 0 
26.939 2.726 0.00000 -0.00000 0 
29.504 2.726 0.00000 -0.00000 0 
32.070 2.726 0.00000 -0.00000 0 
34.636 2.726 0.00000 -0.00000 0 
37.201 2.726 0.00000 -0.00000 0 
39.767 2.726 0.00000 -0.00000 0 
42.332 2.726 0.00000 -0.00000 0 
44.898 2.726 0.00000 -0.00000 0 
47.464 2.726 -0.15266 -0.09036 2 
50.029 2.726 -0.34834 -0.10215 2 
52.595 2.726 -0.68604 -0.17621 2 
55.160 2.726 -0.98632 -0.42148 2 
57.726 2.726 -0.98579 -0.62654 2 
60.292 2.726 -1.38553 -0.99405 2 
62.857 2.726 -1.38209 -1.12581 2 
65.423 2.726 -1.39267 -0.72288 2 
67.988 2.726 -2.46423 -0.47498 2 
70.554 2.726 -2.63558 -1.04148 2 
73.120 2.726 -3.68880 -1.52698 2 
75.685 2.726 -2.18658 -1.48089 2 
78.251 2.726 -2.62840 -2.75038 2 
80.816 2.726 -0.24120 -3.15401 2 
83.382 2.726 0.48034 -1.74826 2 
85.948 2.726 0.76928 0.75634 2 
88.513 2.726 1.72215 1.32546 2 
91.079 2.726 1.16658 2.43412 2 
93.644 2.726 0.57581 2.18076 2 
96.210 2.726 0.59699 2.72839 2 
98.776 2.726 0.84796 1.27448 2 
101.341 2.726 2.13986 0.62200 2 
103.907 2.726 1.70777 0.46954 2 
106.472 2.726 3.11014 2.47796 2 
109.038 2.726 -1.64594 1.83125 2 
111.603 2.726 -0.39727 4.26464 2 
114.169 2.726 -1.25160 3.82941 2 
116.735 2.726 -0.96965 2.83757 2 
119.300 2.726 -0.82350 3.55813 2 
-8.980 0.160 6.68034 -0.75630 2 
-6.414 0.160 6.56795 -0.71003 2 
-3.848 0.160 6.25376 -0.71598 2 
-1.283 0.160 6.06203 -0.85198 2 
1.283 0.160 6.05797 -0.90621 2 
3.848 0.160 0.00000 -0.00000 0 
6.414 0.160 0.00000 -0.00000 0 
8.980 0.160 0.00000 -0.00000 0 
11.545 0.160 0.00000 -0.00000 0 
14.111 0.160 0.00000 -0.00000 0 
16.676 0.160 0.00000 -0.00000 0 
19.242 0.160 0.00000 -0.00000 0 
21.808 0.160 0.00000 -0.00000 0 
24.373 0.160 0.00000 -0.00000 0 
26.939 0.160 0.00000 -0.00000 0 
29.504 0.160 0.00000 -0.00000 0 
32.070 0.160 0.00000 -0.00000 0 
34.636 0.160 0.00000 -0.00000 0 
37.201 0.160 0.00000 -0.00000 0 
39.767 0.160 0.13219 0.04641 2 
42.332 0.160 0.26437 0.09283 2 
44.898 0.160 -0.48124 -0.08862 2 
47.464 0.160 -0.30531 -0.18071 2 
50.029 0.160 -0.71791 -0.20024 2 
52.595 0.160 -1.04642 -0.72675 2 
55.160 0.160 -1.35235 -0.70429 2 
57.726 0.160 -1.49672 -0.89806 2 
60.292 0.160 -0.84991 -1.02963 2 
62.857 0.160 -1.07208 -1.01293 2 
65.423 0.160 -1.05631 -0.70449 2 
67.988 0.160 -1.63706 -0.65445 2 
70.554 0.160 -1.70570 -0.79230 2 
73.120 0.160 -1.32208 -0.61801 2 
75.685 0.160 -1.49832 -1.74518 2 
78.251 0.160 -1.47242 -2.34198 2 
80.816 0.160 0.26258 -2.36172 2 
83.382 0.160 0.98683 -2.40575 2 
85.948 0.160 1.49412 -0.34260 2 
88.513 0.160 1.26988 0.15654 2 
91.079 0.160 1.99747 0.09184 2 
93.644 0.160 0.72257 0.93258 2 
96.210 0.160 1.38236 2.44983 2 
98.776 0.160 0.83471 2.49933 2 
101.341 0.160 3.48209 2.07986 2 
103.907 0.160 4.63373 1.83137 2 
106.472 0.160 3.27439 1.62851 2 
109.038 0.160 4.30917 0.25907 2 
111.603 0.160 1.09554 2.05234 2 
114.169 0.160 0.63063 3.47896 2 
116.735 0.160 -1.94148 2.23407 2 
119.300 0.160 -0.63535 2.32095 2 
-8.980 -2.405 6.84666 -0.76060 2 
-6.414 -2.405 6.64192 -0.81209 2 
-3.848 -2.405 6.53341 -0.84835 2 
-1.283 -2.405 6.18813 -0.89475 2 
1.283 -2.405 0.00000 -0.00000 0 
3.848 -2.405 0.00000 -0.00000 0 
6.414 -2.405 0.00000 -0.00000 0 
8.980 -2.405 0.00000 -0.00000 0 
11.545 -2.405 0.00000 -0.00000 0 
14.111 -2.405 0.00000 -0.00000 0 
16.676 -2.405 0.00000 -0.00000 0 
19.242 -2.405 0.00000 -0.00000 0 
21.808 -2.405 0.00000 -0.00000 0 
24.373 -2.405 0.00000 -0.00000 0 
26.939 -2.405 0.00000 -0.00000 0 
29.504 -2.405 0.00000 -0.00000 0 
32.070 -2.405 0.09500 -0.11937 2 
34.636 -2.405 0.19000 -0.23873 2 
37.201 -2.405 -0.91728 -0.10501 2 
39.767 -2.405 -1.14085 -0.21863 2 
42.332 -2.405 -1.36442 -0.33225 2 
44.898 -2.405 -1.20942 -0.50074 2 
47.464 -2.405 -1.13080 -0.25525 2 
50.029 -2.405 -0.98511 -0.52072 2 
52.595 -2.405 -0.94261 -0.50193 2 
55.160 -2.405 -0.92983 -0.73928 2 
57.726 -2.405 -0.77215 -1.30625 2 
60.292 -2.405 -0.65255 -1.29044 2 
62.857 -2.405 -0.76206 -0.90006 2 
65.423 -2.405 -0.32550 -0.85512 2 
67.988 -2.405 -0.79666 -1.20688 2 
70.554 -2.405 0.26753 -0.38002 2 
73.120 -2.405 0.29742 -1.39664 2 
75.685 -2.405 0.74833 -1.13638 2 
78.251 -2.405 -0.30350 -1.64917 2 
80.816 -2.405 0.85282 -1.57842 2 
83.382 -2.405 1.16488 -1.33538 2 
85.948 -2.405 2.21896 -1.44155 2 
88.513 -2.405 2.64724 0.20605 2 
91.079 -2.405 2.79583 1.08179 2 
93.644 -2.405 3.43760 2.40481 2 
96.210 -2.405 4.15244 0.41906 2 
98.776 -2.405 3.75103 2.75908 2 
101.341 -2.405 3.10631 1.71910 2 
103.907 -2.405 3.06633 1.01636 2 
106.472 -2.405 3.43864 0.77906 2 
109.038 -2.405 3.13522 0.87101 2 
111.603 -2.405 3.32714 1.36611 2 
114.169 -2.405 2.51285 3.12852 2 
116.735 -2.405 -2.91330 1.63057 2 
119.300 -2.405 -0.44721 1.08376 2 
-8.980 -4.971 7.03750 -0.82430 2 
-6.414 -4.971 6.72481 -0.83659 2 
-3.848 -4.971 6.55060 -1.02439 2 
-1.283 -4.971 6.22259 -1.17282 2 
1.283 -4.971 0.00000 -0.00000 0 
3.848 -4.971 0.00000 -0.00000 0 
6.414 -4.971 0.00000 -0.00000 0 
8.980 -4.971 0.00000 -0.00000 0 
11.545 -4.971 0.00000 -0.00000 0 
14.111 -4.971 0.00000 -0.00000 0 
16.676 -4.971 0.00000 -0.00000 0 
19.242 -4.971 0.00000 -0.00000 0 
21.808 -4.971 0.00000 -0.00000 0 
24.373 -4.971 -0.14789 -0.08255 2 
26.939 -4.971 -0.28564 -0.54556 2 
29.504 -4.971 -0.73240 -0.49106 2 
32.070 -4.971 -1.25953 -0.40017 2 
34.636 -4.971 -1.78665 -0.30927 2 
37.201 -4.971 -1.36331 -0.33951 2 
39.767 -4.971 -1.16486 -0.10736 2 
42.332 -4.971 -0.85693 -0.01945 2 
44.898 -4.971 -0.73647 -0.29237 2 
47.464 -4.971 -1.16704 -0.52893 2 
50.029 -4.971 -0.90142 -0.48361 2 
52.595 -4.971 -1.01746 -0.62570 2 
55.160 -4.971 -0.82982 -0.42709 2 
57.726 -4.971 -0.88376 -1.11166 2 
60.292 -4.971 -0.45520 -1.55125 2 
62.857 -4.971 -0.56066 -1.50447 2 
65.423 -4.971 -0.10212 -1.43044 2 
67.988 -4.971 1.14777 -0.77605 2 
70.554 -4.971 -0.61794 0.24692 2 
73.120 -4.971 -2.20702 -0.63002 2 
75.685 -4.971 -1.86222 -2.11804 2 
78.251 -4.971 -0.12067 -0.65161 2 
80.816 -4.971 -0.21605 -2.05442 2 
83.382 -4.971 0.21508 -1.41983 2 
85.948 -4.971 1.53785 -1.12860 2 
88.513 -4.971 3.54726 -0.71814 2 
91.079 -4.971 3.91438 0.64675 2 
93.644 -4.971 5.52172 1.92265 2 
96.210 -4.971 4.80885 1.88335 2 
98.776 -4.971 4.70124 0.37611 2 
101.341 -4.971 4.91265 1.45628 2 
103.907 -4.971 4.61923 0.99192 2 
106.472 -4.971 3.61939 0.85059 2 
109.038 -4.971 3.66798 1.04708 2 
111.603 -4.971 3.01857 0.94297 2 
114.169 -4.971 3.63716 2.16040 2 
116.735 -4.971 4.09767 1.27730 2 
119.300 -4.971 -0.13893 0.25943 1 
-8.980 -7.536 7.02171 -0.95426 2 
-6.414 -7.536 7.07460 -0.95361 2 
-3.848 -7.536 6.65382 -1.10773 2 
-1.283 -7.536 6.42361 -1.37447 2 
1.283 -7.536 6.30699 -1.56203 2 
3.848 -7.536 0.00000 -0.00000 0 
6.414 -7.536 6.16860 -3.20164 2 
8.980 -7.536 7.48458 -3.94823 2 
11.545 -7.536 8.80057 -4.69481 2 
14.111 -7.536 4.55401 -1.64389 2 
16.676 -7.536 -0.21539 0.31257 2 
19.242 -7.536 5.14207 -1.14389 2 
21.808 -7.536 2.40272 0.13807 2 
24.373 -7.536 -2.03291 -1.12809 2 
26.939 -7.536 -0.57129 -1.09112 2 
29.504 -7.536 -1.46480 -0.98213 2 
32.070 -7.536 1.78655 -0.40049 2 
34.636 -7.536 1.83884 -0.39087 2 
37.201 -7.536 -1.42022 -0.59611 2 
39.767 -7.536 -1.16650 -0.76651 2 
42.332 -7.536 -0.39965 0.00966 2 
44.898 -7.536 -0.54828 -0.66959 2 
47.464 -7.536 -1.13177 -0.67675 2 
50.029 -7.536 -0.72352 -0.30839 2 
52.595 -7.536 -0.03543 -0.97911 2 
55.160 -7.536 0.02623 -0.37969 2 
57.726 -7.536 -0.00324 -0.60671 2 
60.292 -7.536 -0.07057 -0.84897 2 
62.857 -7.536 0.45780 -1.25478 2 
65.423 -7.536 2.42228 -0.99313 2 
67.988 -7.536 1.02549 0.41081 2 
70.554 -7.536 1.41814 -0.69260 2 
73.120 -7.536 2.16130 0.64209 2 
75.685 -7.536 4.82814 1.12432 2 
78.251 -7.536 5.02678 2.16528 2 
80.816 -7.536 5.02791 1.23558 2 
83.382 -7.536 5.91623 1.30258 2 
85.948 -7.536 4.57040 1.97427 2 
88.513 -7.536 6.72333 1.60855 2 
91.079 -7.536 5.77898 0.57047 2 
93.644 -7.536 6.24517 1.43031 2 
96.210 -7.536 5.46526 3.34764 2 
98.776 -7.536 5.51781 0.49942 2 
101.341 -7.536 4.72918 0.75522 2 
103.907 -7.536 5.13165 0.57243 2 
106.472 -7.536 3.80014 0.92211 2 
109.038 -7.536 4.20074 1.22316 2 
111.603 -7.536 3.93944 1.49870 2 
114.169 -7.536 5.52395 2.21352 2 
116.735 -7.536 4.51671 1.63349 2 
119.300 -7.536 0.00000 -0.00000 0 
-8.980 -10.102 7.14856 -0.95776 2 
-6.414 -10.102 6.86458 -1.04105 2 
-3.848 -10.102 6.74260 -1.34009 2 
-1.283 -10.102 7.00136 -1.48596 2 
1.283 -10.102 6.77224 -1.66128 2 
3.848 -10.102 6.78187 -2.47304 2 
6.414 -10.102 6.94215 -2.65937 2 
8.980 -10.102 7.79065 -3.27692 2 
11.545 -10.102 8.50733 -3.70243 2 
14.111 -10.102 9.10803 -3.28778 2 
16.676 -10.102 9.77049 -3.16692 2 
19.242 -10.102 10.28414 -2.28777 2 
21.808 -10.102 4.80544 0.27615 2 
24.373 -10.102 1.85148 -0.68014 2 
26.939 -10.102 4.67156 -1.00827 2 
29.504 -10.102 4.22769 -0.76037 2 
32.070 -10.102 5.64578 -0.47342 2 
34.636 -10.102 5.46433 -0.47247 2 
37.201 -10.102 3.65891 -0.66065 2 
39.767 -10.102 0.70200 -1.10347 2 
42.332 -10.102 -0.18229 -0.22875 2 
44.898 -10.102 1.18160 -0.25687 2 
47.464 -10.102 0.58314 -0.81602 2 
50.029 -10.102 0.15627 -0.43025 2 
52.595 -10.102 0.94661 -1.33252 2 
55.160 -10.102 0.57743 -1.53809 2 
57.726 -10.102 -0.03868 -1.51884 2 
60.292 -10.102 0.76405 -0.76367 2 
62.857 -10.102 0.41015 -0.36609 2 
65.423 -10.102 4.71276 0.88904 2 
67.988 -10.102 4.05026 0.37809 2 
70.554 -10.102 6.71721 -0.00022 2 
73.120 -10.102 4.91648 0.63428 2 
75.685 -10.102 4.87422 0.91624 2 
78.251 -10.102 8.28231 2.69413 2 
80.816 -10.102 6.98109 2.47060 2 
83.382 -10.102 3.85765 1.94007 2 
85.948 -10.102 4.52387 1.54749 2 
88.513 -10.102 6.93186 2.08465 2 
91.079 -10.102 6.78609 2.82410 2 
93.644 -10.102 6.23192 2.08977 2 
96.210 -10.102 7.04961 2.45012 2 
98.776 -10.102 8.32433 1.43706 2 
101.341 -10.102 8.42243 0.72643 2 
103.907 -10.102 6.87168 0.83397 2 
106.472 -10.102 7.64331 2.29467 2 
109.038 -10.102 5.77664 0.79300 2 
111.603 -10.102 4.86030 2.05443 2 
114.169 -10.102 4.69411 2.16999 2 
116.735 -10.102 4.93575 1.98969 2 
119.300 -10.102 0.00000 -0.00000 0 
-8.980 -12.668 6.95520 -0.97767 2 
-6.414 -12.668 7.21409 -1.09491 2 
-3.848 -12.668 7.20185 -1.28309 2 
-1.283 -12.668 7.01719 -1.38498 2 
1.283 -12.668 7.23724 -1.95205 2 
3.848 -12.668 7.16722 -2.02511 2 
6.414 -12.668 7.19573 -2.64133 2 
8.980 -12.668 7.62925 -2.47658 2 
11.545 -12.668 8.21410 -2.71004 2 
14.111 -12.668 8.69751 -2.75857 2 
16.676 -12.668 8.93527 -2.52983 2 
19.242 -12.668 9.43093 -2.27655 2 
21.808 -12.668 8.37455 -2.19986 2 
24.373 -12.668 5.72720 -1.21083 2 
26.939 -12.668 9.91441 -0.92542 2 
29.504 -12.668 9.92018 -0.53861 2 
32.070 -12.668 9.50500 -0.54634 2 
34.636 -12.668 9.08982 -0.55407 2 
37.201 -12.668 8.73803 -0.72520 2 
39.767 -12.668 5.86242 -0.71527 2 
42.332 -12.668 4.85369 -0.57857 2 
44.898 -12.668 3.73889 -0.46639 2 
47.464 -12.668 2.62410 -0.35420 2 
50.029 -12.668 2.55411 -1.46256 2 
52.595 -12.668 2.09514 -1.72374 2 
55.160 -12.668 3.30390 -1.40299 2 
57.726 -12.668 2.21459 -1.36551 2 
60.292 -12.668 3.89176 0.22785 2 
62.857 -12.668 5.64698 1.63379 2 
65.423 -12.668 5.69487 1.35966 2 
67.988 -12.668 6.33715 0.65713 2 
70.554 -12.668 7.10156 -0.12792 2 
73.120 -12.668 7.67165 0.62647 2 
75.685 -12.668 8.99943 0.22083 2 
78.251 -12.668 9.43592 2.03223 2 
80.816 -12.668 9.69500 1.77260 2 
83.382 -12.668 8.46867 2.45387 2 
85.948 -12.668 5.87220 1.45076 2 
88.513 -12.668 8.00965 2.11308 2 
91.079 -12.668 7.60857 2.84099 2 
93.644 -12.668 7.94303 2.96943 2 
96.210 -12.668 8.51992 2.85389 2 
98.776 -12.668 9.23076 1.39161 2 
101.341 -12.668 7.84704 1.67066 2 
103.907 -12.668 8.61172 1.09550 2 
106.472 -12.668 8.86656 1.58649 2 
109.038 -12.668 8.48507 1.58327 2 
111.603 -12.668 8.22066 1.90285 2 
114.169 -12.668 7.44189 1.21272 2 
116.735 -12.668 7.98499 1.58571 2 
119.300 -12.668 0.00000 -0.00000 0 
-8.980 -15.233 7.37097 -0.97352 2 
-6.414 -15.233 7.06035 -1.13234 2 
-3.848 -15.233 7.18852 -1.28326 2 
-1.283 -15.233 7.34694 -1.69946 2 
1.283 -15.233 7.19445 -1.67261 2 
3.848 -15.233 7.31189 -2.03562 2 
6.414 -15.233 7.67077 -2.21004 2 
8.980 -15.233 7.77594 -2.34367 2 
11.545 -15.233 8.28226 -2.48596 2 
14.111 -15.233 8.64426 -2.49508 2 
16.676 -15.233 8.87606 -2.37471 2 
19.242 -15.233 9.11541 -2.41984 2 
21.808 -15.233 9.44100 -2.13501 2 
24.373 -15.233 9.60293 -1.74152 2 
26.939 -15.233 9.57915 -1.29222 2 
29.504 -15.233 9.75439 -1.16695 2 
32.070 -15.233 9.67849 -0.90710 2 
34.636 -15.233 9.42091 -0.92797 2 
37.201 -15.233 8.73354 -1.23077 2 
39.767 -15.233 7.68835 -0.99354 2 
42.332 -15.233 9.88966 -0.92840 2 
44.898 -15.233 9.48885 -0.84090 2 
47.464 -15.233 9.08804 -0.75341 2 
50.029 -15.233 6.09005 -1.31645 2 
52.595 -15.233 5.75682 -1.58409 2 
55.160 -15.233 7.40365 -0.61197 2 
57.726 -15.233 6.01125 -0.79732 2 
60.292 -15.233 7.01946 1.21936 2 
62.857 -15.233 8.57554 1.87061 2 
65.423 -15.233 8.88521 1.68278 2 
67.988 -15.233 8.62404 0.93617 2 
70.554 -15.233 7.99549 0.60930 2 
73.120 -15.233 7.36695 0.28242 2 
75.685 -15.233 7.24798 0.82047 2 
78.251 -15.233 9.07100 1.42775 2 
80.816 -15.233 9.50198 1.40837 2 
83.382 -15.233 9.16804 1.80358 2 
85.948 -15.233 8.94651 1.64735 2 
88.513 -15.233 9.08745 2.14151 2 
91.079 -15.233 9.14697 2.07260 2 
93.644 -15.233 8.57704 2.53498 2 
96.210 -15.233 7.63763 2.51339 2 
98.776 -15.233 7.96287 2.43744 2 
101.341 -15.233 8.28811 2.36148 2 
103.907 -15.233 9.06463 1.64899 2 
106.472 -15.233 8.70859 2.46160 2 
109.038 -15.233 8.11977 2.25531 2 
111.603 -15.233 8.20356 2.05262 2 
114.169 -15.233 7.78621 1.65176 2 
116.735 -15.233 8.25835 1.52263 2 
119.300 -15.233 0.00000 -0.00000 0 
-8.980 -17.799 7.37350 -0.92738 2 
-6.414 -17.799 7.26855 -1.13906 2 
-3.848 -17.799 7.30033 -1.29406 2 
-1.283 -17.799 7.37893 -1.37844 2 
1.283 -17.799 7.44871 -1.68052 2 
3.848 -17.799 7.74372 -1.82969 2 
6.414 -17.799 7.64132 -2.01356 2 
8.980 -17.799 7.86043 -2.20563 2 
11.545 -17.799 8.33811 -2.14620 2 
14.111 -17.799 8.55389 -2.12913 2 
16.676 -17.799 8.73553 -2.15380 2 
19.242 -17.799 8.99931 -1.82608 2 
21.808 -17.799 9.04105 -1.94251 2 
24.373 -17.799 9.31999 -1.58860 2 
26.939 -17.799 9.33858 -1.37697 2 
29.504 -17.799 9.23728 -1.20806 2 
32.070 -17.799 9.45961 -1.15991 2 
34.636 -17.799 9.05350 -1.16419 2 
37.201 -17.799 9.33498 -1.20715 2 
39.767 -17.799 9.51427 -1.27182 2 
42.332 -17.799 9.73589 -1.01669 2 
44.898 -17.799 9.73613 -0.77241 2 
47.464 -17.799 9.54680 -0.97825 2 
50.029 -17.799 7.96730 -1.18834 2 
52.595 -17.799 10.47507 -1.21024 2 
55.160 -17.799 10.23529 -0.63708 2 
57.726 -17.799 10.62872 -0.97962 2 
60.292 -17.799 11.22951 0.06753 2 
62.857 -17.799 10.35334 1.16339 2 
65.423 -17.799 9.65147 1.07515 2 
67.988 -17.799 8.97025 0.64016 2 
70.554 -17.799 9.30737 0.71621 2 
73.120 -17.799 9.64449 0.79227 2 
75.685 -17.799 10.13644 1.44552 2 
78.251 -17.799 9.21897 1.06612 2 
80.816 -17.799 10.15382 1.37859 2 
83.382 -17.799 9.61647 1.53114 2 
85.948 -17.799 9.61300 1.74586 2 
88.513 -17.799 8.97698 1.75701 2 
91.079 -17.799 8.87473 1.94007 2 
93.644 -17.799 8.70804 1.88748 2 
96.210 -17.799 8.20325 1.62661 2 
98.776 -17.799 8.86622 1.86342 2 
101.341 -17.799 9.23474 1.92890 2 
103.907 -17.799 9.51754 2.20248 2 
106.472 -17.799 9.01828 2.45390 2 
109.038 -17.799 8.54804 2.22816 2 
111.603 -17.799 8.46572 1.88578 2 
114.169 -17.799 8.25059 1.74836 2 
116.735 -17.799 8.27584 1.76653 2 
119.300 -17.799 0.00000 -0.00000 0 
-8.980 -20.364 7.23268 -1.11702 2 
-6.414 -20.364 7.56811 -1.12359 2 
-3.848 -20.364 7.30074 -1.29587 2 
-1.283 -20.364 7.54198 -1.44955 2 
1.283 -20.364 7.55229 -1.32004 2 
3.848 -20.364 7.69730 -1.55140 2 
6.414 -20.364 7.92166 -1.73832 2 
8.980 -20.364 8.17151 -1.77725 2 
11.545 -20.364 8.35449 -1.84050 2 
14.111 -20.364 8.40411 -2.01436 2 
16.676 -20.364 8.91046 -1.74160 2 
19.242 -20.364 8.77384 -1.79834 2 
21.808 -20.364 9.01367 -1.73164 2 
24.373 -20.364 9.05189 -1.49313 2 
26.939 -20.364 9.11830 -1.33006 2 
29.504 -20.364 9.20356 -1.24149 2 
32.070 -20.364 9.08639 -1.16490 2 
34.636 -20.364 9.28623 -1.07227 2 
37.201 -20.364 9.44952 -1.15039 2 
39.767 -20.364 9.31078 -1.09904 2 
42.332 -20.364 9.34683 -0.94816 2 
44.898 -20.364 9.45561 -0.99858 2 
47.464 -20.364 9.48935 -0.85726 2 
50.029 -20.364 9.84456 -1.06024 2 
52.595 -20.364 10.07920 -0.90409 2 
55.160 -20.364 10.22974 -0.66853 2 
57.726 -20.364 10.40798 -0.37457 2 
60.292 -20.364 10.35113 0.07159 2 
62.857 -20.364 10.20538 0.49210 2 
65.423 -20.364 9.65642 0.65116 2 
67.988 -20.364 9.36509 0.43886 2 
70.554 -20.364 9.42790 -0.20743 2 
73.120 -20.364 10.20469 0.01324 2 
75.685 -20.364 10.08652 0.98073 2 
78.251 -20.364 9.92889 0.98528 2 
80.816 -20.364 10.18312 0.99479 2 
83.382 -20.364 9.91211 1.23788 2 
85.948 -20.364 9.34804 1.48233 2 
88.513 -20.364 9.13008 1.36180 2 
91.079 -20.364 8.91337 1.40556 2 
93.644 -20.364 8.83905 1.23998 2 
96.210 -20.364 8.76887 0.73984 2 
98.776 -20.364 9.10156 1.40928 2 
101.341 -20.364 9.28798 1.54237 2 
103.907 -20.364 9.33434 1.89828 2 
106.472 -20.364 8.81473 2.05493 2 
109.038 -20.364 8.94111 2.03453 2 
111.603 -20.364 8.41257 1.80570 2 
114.169 -20.364 8.34655 1.64197 2 
116.735 -20.364 8.57337 1.35281 2 
119.300 -20.364 0.00000 -0.00000 0 
-8.980 -22.930 7.11872 -1.11810 2 
-6.414 -22.930 7.57042 -1.11949 2 
-3.848 -22.930 7.52114 -1.22321 2 
-1.283 -22.930 7.49969 -1.30294 2 
1.283 -22.930 7.72618 -1.37609 2 
3.848 -22.930 7.75404 -1.60370 2 
6.414 -22.930 7.88711 -1.79748 2 
8.980 -22.930 8.02298 -1.69848 2 
11.545 -22.930 8.47135 -1.79123 2 
14.111 -22.930 8.52467 -1.69115 2 
16.676 -22.930 8.74394 -1.79403 2 
19.242 -22.930 8.76162 -1.68377 2 
21.808 -22.930 9.05438 -1.33523 2 
24.373 -22.930 9.05325 -1.46100 2 
26.939 -22.930 9.02765 -1.19454 2 
29.504 -22.930 9.08825 -1.21481 2 
32.070 -22.930 9.19640 -1.02722 2 
34.636 -22.930 9.32592 -1.06565 2 
37.201 -22.930 9.24983 -1.05516 2 
39.767 -22.930 9.44109 -0.93584 2 
42.332 -22.930 9.44607 -1.01113 2 
44.898 -22.930 9.46555 -0.79054 2 
47.464 -22.930 9.71432 -0.80730 2 
50.029 -22.930 9.67192 -0.75356 2 
52.595 -22.930 9.78676 -0.75902 2 
55.160 -22.930 9.90143 -0.75490 2 
57.726 -22.930 10.13564 -0.48488 2 
60.292 -22.930 10.03139 -0.18766 2 
62.857 -22.930 9.92604 0.17308 2 
65.423 -22.930 9.68438 0.52365 2 
67.988 -22.930 9.85438 0.07749 2 
70.554 -22.930 9.61153 0.25968 2 
73.120 -22.930 9.76158 0.17600 2 
75.685 -22.930 10.03660 0.51595 2 
78.251 -22.930 9.77337 0.83009 2 
80.816 -22.930 9.81877 0.90133 2 
83.382 -22.930 9.62432 1.00068 2 
85.948 -22.930 9.36940 0.93193 2 
88.513 -22.930 9.04249 1.23669 2 
91.079 -22.930 9.10045 0.89813 2 
93.644 -22.930 8.83758 1.09478 2 
96.210 -22.930 9.00591 0.82044 2 
98.776 -22.930 9.33689 0.95514 2 
101.341 -22.930 9.34122 1.15584 2 
103.907 -22.930 9.08189 1.52379 2 
106.472 -22.930 9.00955 1.32425 2 
109.038 -22.930 8.59625 1.53634 2 
111.603 -22.930 8.59559 1.50661 2 
114.169 -22.930 8.55635 1.32872 2 
116.735 -22.930 8.50837 1.34614 2 
119.300 -22.930 0.00000 -0.00000 0 
-8.980 -25.496 7.65973 -1.01751 2 
-6.414 -25.496 7.54945 -1.01054 2 
-3.848 -25.496 7.62621 -0.97159 2 
-1.283 -25.496 7.64826 -1.23770 2 
1.283 -25.496 7.85958 -1.32524 2 
3.848 -25.496 7.87873 -1.35573 2 
6.414 -25.496 8.05204 -1.36979 2 
8.980 -25.496 8.24242 -1.46087 2 
11.545 -25.496 8.22420 -1.65815 2 
14.111 -25.496 8.62960 -1.44585 2 
16.676 -25.496 8.60996 -1.44931 2 
19.242 -25.496 8.80380 -1.45725 2 
21.808 -25.496 8.68000 -1.36244 2 
24.373 -25.496 8.92710 -1.36902 2 
26.939 -25.496 8.91342 -1.18956 2 
29.504 -25.496 8.93382 -1.19346 2 
32.070 -25.496 9.10981 -1.09347 2 
34.636 -25.496 9.05110 -1.08343 2 
37.201 -25.496 9.26463 -0.89003 2 
39.767 -25.496 9.16305 -1.02990 2 
42.332 -25.496 9.33412 -0.84220 2 
44.898 -25.496 9.40538 -0.82900 2 
47.464 -25.496 9.40205 -0.75544 2 
50.029 -25.496 9.61048 -0.72623 2 
52.595 -25.496 9.56702 -0.72785 2 
55.160 -25.496 9.84993 -0.56818 2 
57.726 -25.496 9.98827 -0.33330 2 
60.292 -25.496 9.76198 -0.34039 2 
62.857 -25.496 9.62802 -0.02366 2 
65.423 -25.496 9.71049 0.12527 2 
67.988 -25.496 9.63890 0.26118 2 
70.554 -25.496 9.73145 0.26572 2 
73.120 -25.496 9.63680 0.30082 2 
75.685 -25.496 9.64258 0.46855 2 
78.251 -25.496 9.63824 0.56581 2 
80.816 -25.496 9.71741 0.75866 2 
83.382 -25.496 9.52580 0.95991 2 
85.948 -25.496 9.26173 0.94444 2 
88.513 -25.496 9.34144 1.13726 2 
91.079 -25.496 9.08002 1.03953 2 
93.644 -25.496 8.95681 0.82812 2 
96.210 -25.496 9.13033 0.95148 2 
98.776 -25.496 9.10688 1.03784 2 
101.341 -25.496 9.12577 0.96115 2 
103.907 -25.496 8.94703 1.25137 2 
106.472 -25.496 8.91399 1.30570 2 
109.038 -25.496 8.76952 1.32505 2 
111.603 -25.496 8.54396 1.24652 2 
114.169 -25.496 8.34093 1.32427 2 
116.735 -25.496 8.79304 1.04715 2 
119.300 -25.496 0.00000 -0.00000 0 
-8.980 -28.061 7.77128 -0.98745 2 
-6.414 -28.061 7.64143 -0.86006 2 
-3.848 -28.061 7.76426 -1.13695 2 
-1.283 -28.061 7.79664 -1.08677 2 
1.283 -28.061 7.93484 -1.29497 2 
3.848 -28.061 7.92445 -1.24850 2 
6.414 -28.061 8.09854 -1.35200 2 
8.980 -28.061 8.31271 -1.20028 2 
11.545 -28.061 8.13314 -1.42692 2 
14.111 -28.061 8.63764 -1.37677 2 
16.676 -28.061 8.43468 -1.50726 2 
19.242 -28.061 8.66024 -1.21957 2 
21.808 -28.061 8.80954 -1.31334 2 
24.373 -28.061 8.82351 -1.20729 2 
26.939 -28.061 8.90749 -1.07905 2 
29.504 -28.061 8.97450 -1.13132 2 
32.070 -28.061 8.91484 -1.08250 2 
34.636 -28.061 9.07548 -0.98781 2 
37.201 -28.061 9.39614 -0.83855 2 
39.767 -28.061 9.10792 -0.79670 2 
42.332 -28.061 9.26173 -0.89765 2 
44.898 -28.061 9.35600 -0.90451 2 
47.464 -28.061 9.41216 -0.66009 2 
50.029 -28.061 9.26697 -0.56788 2 
52.595 -28.061 9.51837 -0.63061 2 
55.160 -28.061 9.59048 -0.55286 2 
57.726 -28.061 9.76321 -0.23209 2 
60.292 -28.061 9.69056 -0.38812 2 
62.857 -28.061 9.59609 -0.06073 2 
65.423 -28.061 9.53867 0.07442 2 
67.988 -28.061 9.52054 0.04279 2 
70.554 -28.061 9.61000 0.15056 2 
73.120 -28.061 9.47081 0.43828 2 
75.685 -28.061 9.66897 0.44783 2 
78.251 -28.061 9.60392 0.53502 2 
80.816 -28.061 9.54334 0.59979 2 
83.382 -28.061 9.41424 0.74130 2 
85.948 -28.061 9.39572 0.86856 2 
88.513 -28.061 9.16097 0.65458 2 
91.079 -28.061 9.27702 0.96897 2 
93.644 -28.061 9.00034 0.86929 2 
96.210 -28.061 9.04216 0.85546 2 
98.776 -28.061 8.98123 0.86584 2 
101.341 -28.061 8.76376 1.13851 2 
103.907 -28.061 8.97745 0.99894 2 
106.472 -28.061 8.74913 1.02898 2 
109.038 -28.061 8.81416 1.21924 2 
111.603 -28.061 8.50610 1.10556 2 
114.169 -28.061 8.48038 0.95946 2 
116.735 -28.061 8.56784 1.19002 2 
119.300 -28.061 0.00000 -0.00000 0 
-8.980 -30.627 7.69023 -0.92780 2 
-6.414 -30.627 7.67253 -0.91608 2 
-3.848 -30.627 7.81621 -1.10440 2 
-1.283 -30.627 7.80257 -1.14155 2 
1.283 -30.627 8.04533 -0.98299 2 
3.848 -30.627 7.87354 -1.04925 2 
6.414 -30.627 8.25264 -1.15992 2 
8.980 -30.627 8.15309 -1.32954 2 
11.545 -30.627 8.39951 -1.27691 2 
14.111 -30.627 8.57864 -1.26673 2 
16.676 -30.627 8.62664 -1.21394 2 
19.242 -30.627 8.67831 -1.23975 2 
21.808 -30.627 8.88733 -0.92792 2 
24.373 -30.627 8.90297 -1.14163 2 
26.939 -30.627 8.97342 -1.04351 2 
29.504 -30.627 8.91131 -1.02727 2 
32.070 -30.627 8.99165 -1.05109 2 
34.636 -30.627 8.97958 -0.94685 2 
37.201 -30.627 9.04045 -0.91563 2 
39.767 -30.627 9.15244 -0.82084 2 
42.332 -30.627 9.17534 -0.75440 2 
44.898 -30.627 9.34319 -0.78539 2 
47.464 -30.627 9.45840 -0.75781 2 
50.029 -30.627 9.59195 -0.64241 2 
52.595 -30.627 9.49663 -0.46009 2 
55.160 -30.627 9.71239 -0.46436 2 
57.726 -30.627 9.42923 -0.33586 2 
60.292 -30.627 9.60010 -0.29664 2 
62.857 -30.627 9.42213 -0.12653 2 
65.423 -30.627 9.60571 0.09571 2 
67.988 -30.627 9.55407 -0.03598 2 
70.554 -30.627 9.33690 0.13499 2 
73.120 -30.627 9.64292 0.25536 2 
75.685 -30.627 9.61218 0.39382 2 
78.251 -30.627 9.43921 0.55943 2 
80.816 -30.627 9.40361 0.53630 2 
83.382 -30.627 9.36378 0.70869 2 
85.948 -30.627 9.24954 0.80057 2 
88.513 -30.627 9.19241 0.80634 2 
91.079 -30.627 8.96558 0.82737 2 
93.644 -30.627 9.00852 0.74950 2 
96.210 -30.627 8.90342 0.99661 2 
98.776 -30.627 9.01717 1.01999 2 
101.341 -30.627 8.95885 0.89947 2 
103.907 -30.627 8.89221 0.98605 2 
106.472 -30.627 8.72443 0.98277 2 
109.038 -30.627 8.70923 1.16748 2 
111.603 -30.627 8.52851 1.09130 2 
114.169 -30.627 8.54028 1.04151 2 
116.735 -30.627 8.67606 0.99995 2 
119.300 -30.627 0.00000 -0.00000 0 
-8.980 -33.192 7.55429 -0.88825 2 
-6.414 -33.192 7.94883 -0.88156 2 
-3.848 -33.192 7.76194 -0.99616 2 
-1.283 -33.192 7.96235 -1.01224 2 
1.283 -33.192 8.02513 -1.10092 2 
3.848 -33.192 7.98038 -1.19326 2 
6.414 -33.192 8.13031 -1.06947 2 
8.980 -33.192 8.42362 -1.14386 2 
11.545 -33.192 8.49041 -1.17601 2 
14.111 -33.192 8.42910 -1.09370 2 
16.676 -33.192 8.48696 -1.19715 2 
19.242 -33.192 8.62992 -1.11831 2 
21.808 -33.192 8.65164 -1.02885 2 
24.373 -33.192 8.70972 -1.01400 2 
26.939 -33.192 8.84695 -0.98099 2 
29.504 -33.192 8.94731 -0.99785 2 
32.070 -33.192 8.98415 -0.71704 2 
34.636 -33.192 9.12151 -0.86292 2 
37.201 -33.192 8.94885 -0.88058 2 
39.767 -33.192 9.00794 -0.90610 2 
42.332 -33.192 8.98917 -0.71170 2 
44.898 -33.192 9.19822 -0.68320 2 
47.464 -33.192 9.11139 -0.64424 2 
50.029 -33.192 9.30041 -0.62534 2 
52.595 -33.192 9.43912 -0.46050 2 
55.160 -33.192 9.13876 -0.46071 2 
57.726 -33.192 9.40686 -0.27923 2 
60.292 -33.192 9.42504 -0.05479 2 
62.857 -33.192 9.31528 -0.08060 2 
65.423 -33.192 9.46748 0.07881 2 
67.988 -33.192 9.33137 0.17873 2 
70.554 -33.192 9.41478 0.08886 2 
73.120 -33.192 9.18686 0.32143 2 
75.685 -33.192 9.34835 0.31193 2 
78.251 -33.192 9.27930 0.45203 2 
80.816 -33.192 9.29919 0.35688 2 
83.382 -33.192 9.13449 0.58596 2 
85.948 -33.192 9.10048 0.60350 2 
88.513 -33.192 9.10791 0.65556 2 
91.079 -33.192 8.84829 0.69055 2 
93.644 -33.192 9.13131 0.78338 2 
96.210 -33.192 8.93790 0.79104 2 
98.776 -33.192 8.88450 0.75428 2 
101.341 -33.192 8.72953 1.06515 2 
103.907 -33.192 8.81458 0.74817 2 
106.472 -33.192 8.76240 0.90407 2 
109.038 -33.192 8.62062 1.01084 2 
111.603 -33.192 8.60108 0.90281 2 
114.169 -33.192 8.60465 1.00520 2 
116.735 -33.192 8.78429 0.80989 2 
119.300 -33.192 0.00000 -0.00000 0 
-8.980 -35.758 7.71398 -0.80761 2 
-6.414 -35.758 7.86377 -0.98714 2 
-3.848 -35.758 7.96993 -0.88842 2 
-1.283 -35.758 7.96035 -0.81949 2 
1.283 -35.758 8.00658 -0.91192 2 
3.848 -35.758 8.13930 -1.00798 2 
6.414 -35.758 8.15961 -0.81477 2 
8.980 -35.758 8.28124 -0.98520 2 
11.545 -35.758 8.31046 -1.03491 2 
14.111 -35.758 8.50337 -1.00909 2 
16.676 -35.758 8.68885 -1.10018 2 
19.242 -35.758 8.62435 -1.09952 2 
21.808 -35.758 8.58313 -1.02892 2 
24.373 -35.758 8.69991 -1.09745 2 
26.939 -35.758 8.93376 -0.86719 2 
29.504 -35.758 8.80962 -1.00016 2 
32.070 -35.758 8.85498 -1.00905 2 
34.636 -35.758 8.89982 -0.81474 2 
37.201 -35.758 8.87301 -0.67852 2 
39.767 -35.758 9.09582 -0.83795 2 
42.332 -35.758 9.19258 -0.75726 2 
44.898 -35.758 9.20905 -0.70941 2 
47.464 -35.758 9.19183 -0.40212 2 
50.029 -35.758 9.21362 -0.68205 2 
52.595 -35.758 9.24338 -0.47861 2 
55.160 -35.758 9.20797 -0.24686 2 
57.726 -35.758 9.19612 -0.31076 2 
60.292 -35.758 9.14215 -0.22454 2 
62.857 -35.758 9.24360 -0.11951 2 
65.423 -35.758 9.31212 -0.00256 2 
67.988 -35.758 9.37863 0.09109 2 
70.554 -35.758 9.29207 0.09821 2 
73.120 -35.758 9.53197 0.31116 2 
75.685 -35.758 9.19293 0.28833 2 
78.251 -35.758 9.29866 0.56584 2 
80.816 -35.758 9.07387 0.59403 2 
83.382 -35.758 9.25792 0.61327 2 
85.948 -35.758 9.09296 0.54159 2 
88.513 -35.758 9.06904 0.76260 2 
91.079 -35.758 9.09983 0.57926 2 
93.644 -35.758 8.92431 0.71165 2 
96.210 -35.758 8.92768 0.69549 2 
98.776 -35.758 8.86553 0.76559 2 
101.341 -35.758 8.86253 0.81169 2 
103.907 -35.758 8.81735 0.76774 2 
106.472 -35.758 8.83330 0.92541 2 
109.038 -35.758 8.81395 0.87606 2 
111.603 -35.758 8.54049 0.98266 2 
114.169 -35.758 8.55740 0.89068 2 
116.735 -35.758 8.84818 0.78771 2 
119.300 -35.758 0.00000 -0.00000 0 
-8.980 -38.324 7.79377 -0.90356 2 
-6.414 -38.324 7.76544 -0.74042 2 
-3.848 -38.324 7.72739 -0.93947 2 
-1.283 -38.324 8.09783 -0.88339 2 
1.283 -38.324 8.23228 -1.03499 2 
3.848 -38.324 8.30298 -0.82007 2 
6.414 -38.324 8.19387 -1.13152 2 
8.980 -38.324 8.33073 -0.96432 2 
11.545 -38.324 8.44222 -1.04768 2 
14.111 -38.324 8.44393 -0.99594 2 
16.676 -38.324 8.46778 -0.90500 2 
19.242 -38.324 8.72082 -0.74622 2 
21.808 -38.324 8.71782 -0.90737 2 
24.373 -38.324 8.80836 -0.78276 2 
26.939 -38.324 8.74284 -0.84108 2 
29.504 -38.324 8.87966 -0.92767 2 
32.070 -38.324 8.86629 -0.72563 2 
34.636 -38.324 8.89683 -0.93557 2 
37.201 -38.324 9.00133 -0.66604 2 
39.767 -38.324 8.90844 -0.75121 2 
42.332 -38.324 8.88912 -0.79510 2 
44.898 -38.324 9.01051 -0.59725 2 
47.464 -38.324 9.20501 -0.52546 2 
50.029 -38.324 9.01169 -0.30180 2 
52.595 -38.324 9.22454 -0.35721 2 
55.160 -38.324 9.16848 -0.52478 2 
57.726 -38.324 9.32108 -0.19290 2 
60.292 -38.324 9.25215 -0.17647 2 
62.857 -38.324 9.12692 -0.09125 2 
65.423 -38.324 9.24599 -0.13240 2 
67.988 -38.324 9.25745 0.07792 2 
70.554 -38.324 9.29131 0.04910 2 
73.120 -38.324 9.20831 0.27877 2 
75.685 -38.324 9.30568 0.25356 2 
78.251 -38.324 8.93264 0.42957 2 
80.816 -38.324 9.14687 0.29266 2 
83.382 -38.324 9.11156 0.39480 2 
85.948 -38.324 8.91190 0.68042 2 
88.513 -38.324 9.10973 0.52760 2 
91.079 -38.324 8.90507 0.56624 2 
93.644 -38.324 9.04911 0.67315 2 
96.210 -38.324 8.83986 0.65090 2 
98.776 -38.324 8.92730 0.64774 2 
101.341 -38.324 8.75024 0.75864 2 
103.907 -38.324 8.78974 0.58235 2 
106.472 -38.324 8.72884 0.78011 2 
109.038 -38.324 8.58284 0.75011 2 
111.603 -38.324 8.50938 0.71258 2 
114.169 -38.324 8.47684 0.76293 2 
116.735 -38.324 8.91207 0.76553 2 
119.300 -38.324 0.00000 -0.00000 0 
-8.980 -40.889 7.83436 -0.81090 2 
-6.414 -40.889 7.90569 -0.98101 2 
-3.848 -40.889 7.97388 -0.81135 2 
-1.283 -40.889 7.97273 -0.88442 2 
1.283 -40.889 8.26751 -0.75740 2 
3.848 -40.889 8.10680 -1.01810 2 
6.414 -40.889 8.18616 -0.91477 2 
8.980 -40.889 8.43893 -0.95751 2 
11.545 -40.889 8.32413 -0.85501 2 
14.111 -40.889 8.47677 -0.90211 2 
16.676 -40.889 8.56700 -1.06334 2 
19.242 -40.889 8.72055 -0.91951 2 
21.808 -40.889 8.68788 -0.88031 2 
24.373 -40.889 8.68174 -0.99843 2 
26.939 -40.889 8.74472 -0.91541 2 
29.504 -40.889 8.81354 -0.85203 2 
32.070 -40.889 8.75835 -0.82039 2 
34.636 -40.889 8.71089 -0.83320 2 
37.201 -40.889 8.91400 -0.84181 2 
39.767 -40.889 8.87481 -0.73634 2 
42.332 -40.889 9.09376 -0.62461 2 
44.898 -40.889 8.93560 -0.49002 2 
47.464 -40.889 9.05261 -0.50790 2 
50.029 -40.889 9.13448 -0.49872 2 
52.595 -40.889 9.14821 -0.36011 2 
55.160 -40.889 9.15254 -0.28471 2 
57.726 -40.889 8.87159 -0.31273 2 
60.292 -40.889 9.18022 -0.05446 2 
62.857 -40.889 9.07778 0.04210 2 
65.423 -40.889 9.12329 -0.03189 2 
67.988 -40.889 9.14293 0.17063 2 
70.554 -40.889 9.01595 0.19375 2 
73.120 -40.889 9.28475 0.12251 2 
75.685 -40.889 8.95723 0.18483 2 
78.251 -40.889 9.04567 0.36133 2 
80.816 -40.889 9.17313 0.30069 2 
83.382 -40.889 8.94406 0.35595 2 
85.948 -40.889 9.00086 0.53214 2 
88.513 -40.889 8.92581 0.56150 2 
91.079 -40.889 8.88094 0.47008 2 
93.644 -40.889 8.94724 0.60174 2 
96.210 -40.889 8.94866 0.69572 2 
98.776 -40.889 8.84162 0.61153 2 
101.341 -40.889 8.75968 0.66180 2 
103.907 -40.889 8.74414 0.88676 2 
106.472 -40.889 8.54814 0.77620 2 
109.038 -40.889 8.69188 0.85571 2 
111.603 -40.889 8.51545 0.83922 2 
114.169 -40.889 8.79562 0.69699 2 
116.735 -40.889 8.73725 0.74731 2 
119.300 -40.889 0.00000 -0.00000 0 
-8.980 -43.455 7.86008 -0.79972 2 
-6.414 -43.455 8.03993 -0.62649 2 
-3.848 -43.455 8.07147 -0.79865 2 
-1.283 -43.455 7.95835 -0.80981 2 
1.283 -43.455 8.04232 -0.94542 2 
3.848 -43.455 8.24633 -0.77436 2 
6.414 -43.455 8.16870 -0.90762 2 
8.980 -43.455 8.32952 -0.82899 2 
11.545 -43.455 8.34711 -0.84504 2 
14.111 -43.455 8.32899 -0.98275 2 
16.676 -43.455 8.56475 -0.97792 2 
19.242 -43.455 8.58424 -0.91396 2 
21.808 -43.455 8.62857 -0.88188 2 
24.373 -43.455 8.56911 -0.94614 2 
26.939 -43.455 8.73143 -0.62297 2 
29.504 -43.455 8.65666 -0.81594 2 
32.070 -43.455 8.90595 -0.74541 2 
34.636 -43.455 8.83439 -0.66475 2 
37.201 -43.455 8.85494 -0.57105 2 
39.767 -43.455 8.88903 -0.80465 2 
42.332 -43.455 8.86993 -0.44839 2 
44.898 -43.455 8.96962 -0.62454 2 
47.464 -43.455 8.87611 -0.55128 2 
50.029 -43.455 8.94180 -0.52768 2 
52.595 -43.455 9.02915 -0.39833 2 
55.160 -43.455 9.12868 -0.04574 2 
57.726 -43.455 9.12183 -0.33571 2 
60.292 -43.455 9.04233 -0.14344 2 
62.857 -43.455 9.01975 -0.10634 2 
65.423 -43.455 9.11036 0.03438 2 
67.988 -43.455 9.07983 -0.07075 2 
70.554 -43.455 9.07799 -0.04302 2 
73.120 -43.455 9.09037 0.46419 2 
75.685 -43.455 8.98374 0.01188 2 
78.251 -43.455 8.99554 0.18671 2 
80.816 -43.455 9.06522 0.42897 2 
83.382 -43.455 9.07429 0.43177 2 
85.948 -43.455 8.88549 0.52084 2 
88.513 -43.455 8.97117 0.46519 2 
91.079 -43.455 9.02861 0.53765 2 
93.644 -43.455 8.86132 0.59334 2 
96.210 -43.455 8.75095 0.47600 2 
98.776 -43.455 8.70985 0.56854 2 
101.341 -43.455 8.59903 0.82054 2 
103.907 -43.455 8.81480 0.69430 2 
106.472 -43.455 8.62700 0.64268 2 
109.038 -43.455 8.69562 0.86439 2 
111.603 -43.455 8.76060 0.72904 2 
114.169 -43.455 8.55022 0.71425 2 
116.735 -43.455 8.89447 0.64471 2 
119.300 -43.455 0.00000 -0.00000 0 
-8.980 -46.020 8.10133 -0.74056 2 
-6.414 -46.020 7.83186 -0.72174 2 
-3.848 -46.020 8.09380 -0.85702 2 
-1.283 -46.020 8.14403 -0.79537 2 
1.283 -46.020 8.28740 -0.89437 2 
3.848 -46.020 8.13915 -0.80195 2 
6.414 -46.020 8.16780 -0.87155 2 
8.980 -46.020 8.39172 -0.89194 2 
11.545 -46.020 8.26098 -0.75878 2 
14.111 -46.020 8.32090 -0.78194 2 
16.676 -46.020 8.37861 -0.81407 2 
19.242 -46.020 8.46050 -0.77005 2 
21.808 -46.020 8.64723 -0.80462 2 
24.373 -46.020 8.83224 -0.89124 2 
26.939 -46.020 8.63334 -0.86750 2 
29.504 -46.020 8.72550 -0.88531 2 
32.070 -46.020 8.73912 -0.70767 2 
34.636 -46.020 8.79485 -0.70876 2 
37.201 -46.020 8.79110 -0.79558 2 
39.767 -46.020 8.86670 -0.54352 2 
42.332 -46.020 8.87925 -0.68715 2 
44.898 -46.020 8.73928 -0.46083 2 
47.464 -46.020 9.13412 -0.46408 2 
50.029 -46.020 9.09317 -0.46994 2 
52.595 -46.020 8.93643 -0.27428 2 
55.160 -46.020 9.01043 -0.35681 2 
57.726 -46.020 9.04479 -0.25240 2 
60.292 -46.020 8.91473 -0.00176 2 
62.857 -46.020 9.03764 -0.02983 2 
65.423 -46.020 9.03927 0.06159 2 
67.988 -46.020 8.88987 -0.17049 2 
70.554 -46.020 9.05452 0.00551 2 
73.120 -46.020 8.96449 0.14165 2 
75.685 -46.020 8.99399 0.16500 2 
78.251 -46.020 9.02935 0.36614 2 
80.816 -46.020 8.99670 0.15100 2 
83.382 -46.020 8.93396 0.37559 2 
85.948 -46.020 8.85203 0.51161 2 
88.513 -46.020 8.78853 0.36041 2 
91.079 -46.020 8.72435 0.48903 2 
93.644 -46.020 8.79064 0.57190 2 
96.210 -46.020 8.93398 0.56442 2 
98.776 -46.020 8.54261 0.60944 2 
101.341 -46.020 8.77517 0.54720 2 
103.907 -46.020 8.65990 0.63075 2 
106.472 -46.020 8.71929 0.62322 2 
109.038 -46.020 8.54048 0.55178 2 
111.603 -46.020 8.54949 0.54425 2 
114.169 -46.020 8.52160 0.79819 2 
116.735 -46.020 8.83988 0.67517 2 
119.300 -46.020 0.00000 -0.00000 0 
-8.980 -48.586 7.93136 -0.72561 2 
-6.414 -48.586 8.00963 -0.85168 2 
-3.848 -48.586 8.09715 -0.72394 2 
-1.283 -48.586 7.99536 -0.76879 2 
1.283 -48.586 8.01790 -0.74183 2 
3.848 -48.586 8.12954 -0.71611 2 
6.414 -48.586 8.24760 -0.78996 2 
8.980 -48.586 8.18413 -0.85505 2 
11.545 -48.586 8.40450 -0.66641 2 
14.111 -48.586 8.46152 -0.87008 2 
16.676 -48.586 8.56511 -0.69335 2 
19.242 -48.586 8.55536 -0.92232 2 
21.808 -48.586 8.53000 -0.77108 2 
24.373 -48.586 8.67307 -0.76278 2 
26.939 -48.586 8.64137 -0.62913 2 
29.504 -48.586 8.65626 -0.92107 2 
32.070 -48.586 8.66013 -0.58796 2 
34.636 -48.586 8.72522 -0.80946 2 
37.201 -48.586 8.79792 -0.73479 2 
39.767 -48.586 8.78337 -0.59937 2 
42.332 -48.586 8.81572 -0.51458 2 
44.898 -48.586 8.84502 -0.45980 2 
47.464 -48.586 8.84713 -0.54115 2 
50.029 -48.586 8.94051 -0.25246 2 
52.595 -48.586 8.78830 -0.36766 2 
55.160 -48.586 8.90646 -0.16197 2 
57.726 -48.586 8.93248 -0.19847 2 
60.292 -48.586 8.96899 -0.32042 2 
62.857 -48.586 8.96060 0.00433 2 
65.423 -48.586 8.98655 -0.13532 2 
67.988 -48.586 8.86706 0.00189 2 
70.554 -48.586 9.04534 0.06066 2 
73.120 -48.586 8.87521 0.25078 2 
75.685 -48.586 8.97798 0.20978 2 
78.251 -48.586 8.97476 0.28045 2 
80.816 -48.586 8.80262 0.29006 2 
83.382 -48.586 8.87877 0.35591 2 
85.948 -48.586 9.02332 0.46371 2 
88.513 -48.586 8.88369 0.43035 2 
91.079 -48.586 8.97352 0.53003 2 
93.644 -48.586 8.72942 0.39759 2 
96.210 -48.586 8.71500 0.71904 2 
98.776 -48.586 8.67394 0.54544 2 
101.341 -48.586 8.57773 0.71813 2 
103.907 -48.586 8.57759 0.59196 2 
106.472 -48.586 8.67865 0.63769 2 
109.038 -48.586 8.62520 0.74728 2 
111.603 -48.586 8.54432 0.68121 2 
114.169 -48.586 8.66017 0.57986 2 
116.735 -48.586 8.64235 0.72039 2 
119.300 -48.586 0.00000 -0.00000 0 
-8.980 -51.152 8.05886 -0.74034 2 
-6.414 -51.152 8.07303 -0.75775 2 
-3.848 -51.152 7.97021 -0.65865 2 
-1.283 -51.152 7.93595 -0.76545 2 
1.283 -51.152 8.26608 -0.68321 2 
3.848 -51.152 8.24015 -0.80012 2 
6.414 -51.152 8.28640 -0.64046 2 
8.980 -51.152 8.33806 -0.71013 2 
11.545 -51.152 8.39082 -0.79847 2 
14.111 -51.152 8.48308 -0.70558 2 
16.676 -51.152 8.26725 -0.76180 2 
19.242 -51.152 8.59172 -0.71685 2 
21.808 -51.152 8.72953 -0.81888 2 
24.373 -51.152 8.53420 -0.67147 2 
26.939 -51.152 8.52441 -0.67583 2 
29.504 -51.152 8.73084 -0.60839 2 
32.070 -51.152 8.59084 -0.65557 2 
34.636 -51.152 8.66745 -0.65664 2 
37.201 -51.152 8.59725 -0.38538 2 
39.767 -51.152 8.89608 -0.65946 2 
42.332 -51.152 8.87400 -0.46616 2 
44.898 -51.152 8.85308 -0.63226 2 
47.464 -51.152 8.90402 -0.46755 2 
50.029 -51.152 8.92192 -0.35166 2 
52.595 -51.152 8.90279 -0.38111 2 
55.160 -51.152 8.81155 -0.34410 2 
57.726 -51.152 8.96078 -0.33300 2 
60.292 -51.152 8.83593 -0.16240 2 
62.857 -51.152 9.01195 -0.02879 2 
65.423 -51.152 8.85914 -0.11254 2 
67.988 -51.152 9.12870 -0.12288 2 
70.554 -51.152 8.90911 0.00351 2 
73.120 -51.152 8.96492 0.04458 2 
75.685 -51.152 8.95662 -0.01347 2 
78.251 -51.152 8.94210 0.19838 2 
80.816 -51.152 8.82158 0.10103 2 
83.382 -51.152 8.73862 0.20019 2 
85.948 -51.152 8.81826 0.29447 2 
88.513 -51.152 8.78428 0.22820 2 
91.079 -51.152 8.72766 0.33832 2 
93.644 -51.152 8.89355 0.49160 2 
96.210 -51.152 8.76340 0.43958 2 
98.776 -51.152 8.80996 0.24239 2 
101.341 -51.152 8.59851 0.50027 2 
103.907 -51.152 8.56251 0.54541 2 
106.472 -51.152 8.70803 0.60779 2 
109.038 -51.152 8.56996 0.62857 2 
111.603 -51.152 8.47027 0.48654 2 
114.169 -51.152 8.92522 0.67552 2 
116.735 -51.152 8.56570 0.51593 2 
119.300 -51.152 0.00000 -0.00000 0 
-8.980 -53.717 8.18215 -0.63907 2 
-6.414 -53.717 8.19397 -0.69519 2 
-3.848 -53.717 8.25819 -0.91715 2 
-1.283 -53.717 8.21802 -0.93149 2 
1.283 -53.717 8.41994 -0.93991 2 
3.848 -53.717 8.31835 -0.87765 2 
6.414 -53.717 8.35706 -0.88545 2 
8.980 -53.717 8.46676 -0.89710 2 
11.545 -53.717 8.50335 -0.88608 2 
14.111 -53.717 8.47957 -0.86447 2 
16.676 -53.717 8.47466 -0.90605 2 
19.242 -53.717 8.66956 -0.79793 2 
21.808 -53.717 8.74749 -0.79272 2 
24.373 -53.717 8.69378 -0.93877 2 
26.939 -53.717 8.76675 -0.55872 2 
29.504 -53.717 8.94998 -0.72074 2 
32.070 -53.717 8.69727 -0.61133 2 
34.636 -53.717 9.02207 -0.44249 2 
37.201 -53.717 8.93409 -0.65908 2 
39.767 -53.717 8.82959 -0.52827 2 
42.332 -53.717 9.10572 -0.43671 2 
44.898 -53.717 9.10053 -0.49429 2 
47.464 -53.717 8.98728 -0.47287 2 
50.029 -53.717 8.82611 -0.39267 2 
52.595 -53.717 8.88929 -0.41456 2 
55.160 -53.717 8.78960 -0.54669 2 
57.726 -53.717 8.94356 -0.27411 2 
60.292 -53.717 8.97886 -0.08346 2 
62.857 -53.717 8.78625 -0.06922 2 
65.423 -53.717 9.04558 -0.18046 2 
67.988 -53.717 8.79512 -0.13550 2 
70.554 -53.717 8.74343 0.03510 2 
73.120 -53.717 9.03627 0.17277 2 
75.685 -53.717 8.82977 0.20627 2 
78.251 -53.717 8.88806 0.14845 2 
80.816 -53.717 9.03844 0.41419 2 
83.382 -53.717 9.01169 0.20615 2 
85.948 -53.717 8.81945 0.29504 2 
88.513 -53.717 9.17233 0.38113 2 
91.079 -53.717 8.74621 0.27895 2 
93.644 -53.717 9.02664 0.58382 2 
96.210 -53.717 8.71753 0.71563 2 
98.776 -53.717 9.02624 0.74132 2 
101.341 -53.717 9.03433 0.53999 2 
103.907 -53.717 8.88957 0.66084 2 
106.472 -53.717 8.80480 0.59471 2 
109.038 -53.717 8.85824 0.65876 2 
111.603 -53.717 8.91168 0.72282 2 
114.169 -53.717 8.93289 0.64389 2 
116.735 -53.717 8.48905 0.31146 2 
119.300 -53.717 0.00000 -0.00000 0 
-8.980 -56.283 0.00000 -0.00000 0 
-6.414 -56.283 0.00000 -0.00000 0 
-3.848 -56.283 0.00000 -0.00000 0 
-1.283 -56.283 0.00000 -0.00000 0 
1.283 -56.283 0.00000 -0.00000 0 
3.848 -56.283 0.00000 -0.00000 0 
6.414 -56.283 0.00000 -0.00000 0 
8.980 -56.283 0.00000 -0.00000 0 
11.545 -56.283 0.00000 -0.00000 0 
14.111 -56.283 0.00000 -0.00000 0 
16.676 -56.283 0.00000 -0.00000 0 
19.242 -56.283 0.00000 -0.00000 0 
21.808 -56.283 0.00000 -0.00000 0 
24.373 -56.283 0.00000 -0.00000 0 
26.939 -56.283 0.00000 -0.00000 0 
29.504 -56.283 0.00000 -0.00000 0 
32.070 -56.283 0.00000 -0.00000 0 
34.636 -56.283 0.00000 -0.00000 0 
37.201 -56.283 0.00000 -0.00000 0 
39.767 -56.283 8.93577 -0.02900 1 
42.332 -56.283 8.98244 -0.10534 2 
44.898 -56.283 9.02912 -0.18167 2 
47.464 -56.283 9.07579 -0.25801 2 
50.029 -56.283 8.97742 -0.26401 2 
52.595 -56.283 8.83575 -0.21493 2 
55.160 -56.283 8.89453 -0.14629 2 
57.726 -56.283 8.79394 -0.10727 2 
60.292 -56.283 8.71718 -0.07253 2 
62.857 -56.283 8.90390 -0.17418 2 
65.423 -56.283 8.83643 -0.11460 2 
67.988 -56.283 8.95442 -0.16874 2 
70.554 -56.283 9.09336 -0.16715 2 
73.120 -56.283 8.79161 -0.12692 2 
75.685 -56.283 8.77052 0.07037 2 
78.251 -56.283 8.72416 0.32897 2 
80.816 -56.283 8.81495 0.20175 2 
83.382 -56.283 8.87045 0.25335 2 
85.948 -56.283 8.83522 0.24209 2 
88.513 -56.283 8.79998 0.23083 2 
91.079 -56.283 8.76475 0.21958 2 
93.644 -56.283 8.72951 0.20832 2 
96.210 -56.283 8.69428 0.19706 2 
98.776 -56.283 8.65904 0.18580 2 
101.341 -56.283 8.62381 0.17455 2 
103.907 -56.283 8.58857 0.16329 2 
106.472 -56.283 8.55334 0.15203 2 
109.038 -56.283 8.51810 0.14077 2 
111.603 -56.283 8.48287 0.12952 2 
114.169 -56.283 8.44763 0.11826 2 
116.735 -56.283 8.41240 0.10700 1 
119.300 -56.283 0.00000 -0.00000 0 
