TITLE = "B00064"
VARIABLES = "X [mm]", "Y [mm]", "Vx [m/s]", "Vy [m/s]", "Flag"
ZONE T="Frame 1", I=51, J=39, F=POINT
-8.980 41.210 7.24463 0.23701 2 
-6.414 41.210 7.30274 0.27697 2 
-3.848 41.210 7.31936 0.36014 2 
-1.283 41.210 7.63261 0.40189 2 
1.283 41.210 7.94585 0.44363 2 
3.848 41.210 0.00000 -0.00000 0 
6.414 41.210 0.00000 -0.00000 0 
8.980 41.210 0.00000 -0.00000 0 
11.545 41.210 0.00000 -0.00000 0 
14.111 41.210 0.00000 -0.00000 0 
16.676 41.210 0.00000 -0.00000 0 
19.242 41.210 3.81161 0.35456 2 
21.808 41.210 7.62323 0.70911 2 
24.373 41.210 7.44176 0.82026 2 
26.939 41.210 7.48684 0.69000 2 
29.504 41.210 7.54962 0.78479 2 
32.070 41.210 7.51655 0.59592 2 
34.636 41.210 7.68699 0.66289 2 
37.201 41.210 7.50162 1.01278 2 
39.767 41.210 7.62143 0.65000 2 
42.332 41.210 7.93619 0.83101 2 
44.898 41.210 7.75326 0.71900 2 
47.464 41.210 7.86669 0.87948 2 
50.029 41.210 7.97614 0.75004 2 
52.595 41.210 8.08560 0.62061 2 
55.160 41.210 8.06881 1.07972 2 
57.726 41.210 8.22444 0.94287 2 
60.292 41.210 8.33477 0.78332 2 
62.857 41.210 8.34389 0.81744 2 
65.423 41.210 8.37736 0.92446 2 
67.988 41.210 8.53016 0.77375 2 
70.554 41.210 8.55093 0.82991 2 
73.120 41.210 8.43094 0.55222 2 
75.685 41.210 8.44528 0.64756 2 
78.251 41.210 8.34080 0.57689 2 
80.816 41.210 0.00000 0.00000 0 
83.382 41.210 8.65415 0.55915 2 
85.948 41.210 8.79013 0.66657 2 
88.513 41.210 8.52936 0.47992 2 
91.079 41.210 8.69957 0.39177 2 
93.644 41.210 8.66944 0.30973 2 
96.210 41.210 8.62866 0.14959 2 
98.776 41.210 8.60362 -0.03501 2 
101.341 41.210 9.02915 -0.37055 2 
103.907 41.210 8.71945 -0.43490 2 
106.472 41.210 8.55472 -0.48589 2 
109.038 41.210 8.56617 -0.51593 2 
111.603 41.210 8.57761 -0.54598 2 
114.169 41.210 8.35852 -0.71777 2 
116.735 41.210 0.00000 -0.00000 0 
119.300 41.210 0.00000 -0.00000 0 
-8.980 38.644 7.20523 0.34485 2 
-6.414 38.644 7.25796 0.33945 2 
-3.848 38.644 7.11186 0.36536 2 
-1.283 38.644 7.14175 0.56271 2 
1.283 38.644 7.66637 0.64677 2 
3.848 38.644 0.00000 -0.00000 0 
6.414 38.644 0.00000 -0.00000 0 
8.980 38.644 0.00000 -0.00000 0 
11.545 38.644 0.00000 -0.00000 0 
14.111 38.644 0.00000 -0.00000 0 
16.676 38.644 0.00000 -0.00000 0 
19.242 38.644 3.95214 0.41897 2 
21.808 38.644 7.90427 0.83794 2 
24.373 38.644 7.31209 0.71943 2 
26.939 38.644 7.37880 0.77719 2 
29.504 38.644 7.58446 0.86101 2 
32.070 38.644 7.45379 1.01798 2 
34.636 38.644 7.53380 0.79921 2 
37.201 38.644 7.81433 0.98573 2 
39.767 38.644 7.72743 0.80264 2 
42.332 38.644 7.93696 0.85457 2 
44.898 38.644 7.87073 1.04913 2 
47.464 38.644 7.83932 0.82623 2 
50.029 38.644 8.32826 0.76485 2 
52.595 38.644 8.07536 1.02856 2 
55.160 38.644 8.28817 0.67653 2 
57.726 38.644 8.11382 0.99184 2 
60.292 38.644 8.31879 0.66761 2 
62.857 38.644 8.36044 0.87919 2 
65.423 38.644 8.48582 0.56890 2 
67.988 38.644 8.42397 0.79031 2 
70.554 38.644 8.41264 0.62656 2 
73.120 38.644 8.55033 0.80543 2 
75.685 38.644 8.65837 0.73631 2 
78.251 38.644 8.84457 0.62352 2 
80.816 38.644 0.00000 0.00000 0 
83.382 38.644 8.74782 0.52553 2 
85.948 38.644 8.72237 0.51337 2 
88.513 38.644 8.69824 0.28460 2 
91.079 38.644 8.65605 0.26898 2 
93.644 38.644 9.02850 0.08468 2 
96.210 38.644 8.75311 -0.08052 2 
98.776 38.644 8.79712 -0.03006 2 
101.341 38.644 8.70804 -0.17354 2 
103.907 38.644 8.54760 -0.26689 2 
106.472 38.644 8.73186 -0.49469 2 
109.038 38.644 8.57926 -0.41843 2 
111.603 38.644 8.65003 -0.51251 2 
114.169 38.644 8.59467 -0.75031 2 
116.735 38.644 8.91492 -0.55515 2 
119.300 38.644 0.00000 -0.00000 0 
-8.980 36.079 7.37924 0.16555 2 
-6.414 36.079 7.21360 0.28031 2 
-3.848 36.079 7.21856 0.43666 2 
-1.283 36.079 7.22577 0.36885 2 
1.283 36.079 7.48557 0.61162 2 
3.848 36.079 0.00000 -0.00000 0 
6.414 36.079 0.00000 -0.00000 0 
8.980 36.079 0.00000 -0.00000 0 
11.545 36.079 0.00000 -0.00000 0 
14.111 36.079 0.00000 -0.00000 0 
16.676 36.079 0.00000 -0.00000 0 
19.242 36.079 1.40198 0.79565 2 
21.808 36.079 7.89766 0.84266 2 
24.373 36.079 7.26960 0.93336 2 
26.939 36.079 7.38041 0.95494 2 
29.504 36.079 7.35509 0.77502 2 
32.070 36.079 7.59279 0.85721 2 
34.636 36.079 7.47525 0.82700 2 
37.201 36.079 7.71726 1.01362 2 
39.767 36.079 7.54859 0.87476 2 
42.332 36.079 7.79704 0.92083 2 
44.898 36.079 8.03603 0.90550 2 
47.464 36.079 8.04830 0.82660 2 
50.029 36.079 7.97917 1.08028 2 
52.595 36.079 8.08048 0.99499 2 
55.160 36.079 8.07014 0.89522 2 
57.726 36.079 8.21444 1.02739 2 
60.292 36.079 8.30545 0.72537 2 
62.857 36.079 8.32784 1.04114 2 
65.423 36.079 8.43865 0.82853 2 
67.988 36.079 8.49783 0.99169 2 
70.554 36.079 8.55754 0.75563 2 
73.120 36.079 8.65358 0.48125 2 
75.685 36.079 8.42262 0.60548 2 
78.251 36.079 8.80018 0.65956 2 
80.816 36.079 0.00000 0.00000 0 
83.382 36.079 8.74099 0.43943 2 
85.948 36.079 8.79406 0.38791 2 
88.513 36.079 8.75754 0.33075 2 
91.079 36.079 8.98870 0.26068 2 
93.644 36.079 8.82512 0.25559 2 
96.210 36.079 9.03890 -0.03964 2 
98.776 36.079 8.81373 -0.25834 2 
101.341 36.079 8.84829 -0.32679 2 
103.907 36.079 8.84679 -0.43132 2 
106.472 36.079 8.77362 -0.45791 2 
109.038 36.079 8.77563 -0.66863 2 
111.603 36.079 8.59434 -0.76385 2 
114.169 36.079 8.32408 -0.82363 2 
116.735 36.079 8.66943 -1.05750 2 
119.300 36.079 0.00000 -0.00000 0 
-8.980 33.513 7.29322 0.27749 2 
-6.414 33.513 7.01548 0.53799 2 
-3.848 33.513 7.08484 0.29136 2 
-1.283 33.513 7.09080 0.45530 2 
1.283 33.513 7.46070 0.48879 2 
3.848 33.513 0.00000 -0.00000 0 
6.414 33.513 0.00000 -0.00000 0 
8.980 33.513 0.00000 -0.00000 0 
11.545 33.513 0.00000 -0.00000 0 
14.111 33.513 0.00000 -0.00000 0 
16.676 33.513 0.00000 -0.00000 0 
19.242 33.513 3.82236 0.47261 2 
21.808 33.513 7.64471 0.94522 2 
24.373 33.513 7.34094 0.74010 2 
26.939 33.513 7.40326 0.93942 2 
29.504 33.513 7.36223 1.02741 2 
32.070 33.513 7.52989 0.87968 2 
34.636 33.513 7.55193 0.95179 2 
37.201 33.513 7.81960 0.93585 2 
39.767 33.513 7.89819 1.02097 2 
42.332 33.513 7.84455 0.87663 2 
44.898 33.513 7.78271 0.97391 2 
47.464 33.513 8.23998 1.19530 2 
50.029 33.513 7.83088 0.87227 2 
52.595 33.513 8.04055 0.85793 2 
55.160 33.513 8.32156 0.90375 2 
57.726 33.513 8.09600 0.92794 2 
60.292 33.513 8.27910 1.01548 2 
62.857 33.513 8.21618 0.77712 2 
65.423 33.513 8.50070 1.02839 2 
67.988 33.513 8.67068 0.86700 2 
70.554 33.513 8.64986 0.73369 2 
73.120 33.513 8.76460 0.94410 2 
75.685 33.513 8.52751 0.57665 2 
78.251 33.513 8.73231 0.77701 2 
80.816 33.513 0.00000 0.00000 0 
83.382 33.513 8.61592 0.55742 2 
85.948 33.513 8.68438 0.49274 2 
88.513 33.513 8.99704 0.32647 2 
91.079 33.513 8.88949 0.33283 2 
93.644 33.513 8.88629 0.08176 2 
96.210 33.513 8.97021 0.00814 2 
98.776 33.513 8.77639 0.00046 2 
101.341 33.513 8.98436 -0.16521 2 
103.907 33.513 9.04909 -0.50637 2 
106.472 33.513 8.73962 -0.62774 2 
109.038 33.513 8.88148 -0.68252 2 
111.603 33.513 8.63505 -0.89775 2 
114.169 33.513 8.62861 -0.91126 2 
116.735 33.513 8.75503 -0.98508 2 
119.300 33.513 0.00000 -0.00000 0 
-8.980 30.948 7.04392 0.21952 2 
-6.414 30.948 7.15331 0.31749 2 
-3.848 30.948 7.10854 0.39792 2 
-1.283 30.948 7.17738 0.39673 2 
1.283 30.948 7.56278 0.12428 2 
3.848 30.948 0.00000 -0.00000 0 
6.414 30.948 0.00000 -0.00000 0 
8.980 30.948 0.00000 -0.00000 0 
11.545 30.948 0.00000 -0.00000 0 
14.111 30.948 0.00000 -0.00000 0 
16.676 30.948 0.00000 -0.00000 0 
19.242 30.948 3.96314 0.46025 2 
21.808 30.948 7.92628 0.92051 2 
24.373 30.948 7.29267 0.94330 2 
26.939 30.948 7.39460 0.97444 2 
29.504 30.948 7.42653 1.10135 2 
32.070 30.948 7.42954 0.93854 2 
34.636 30.948 7.58341 1.06688 2 
37.201 30.948 7.37770 0.97730 2 
39.767 30.948 7.79282 1.20874 2 
42.332 30.948 7.79156 0.83670 2 
44.898 30.948 7.78788 1.29027 2 
47.464 30.948 7.78444 1.03354 2 
50.029 30.948 8.02791 0.95961 2 
52.595 30.948 8.12445 1.17496 2 
55.160 30.948 8.16702 0.99073 2 
57.726 30.948 8.38090 1.07857 2 
60.292 30.948 8.33748 0.91983 2 
62.857 30.948 8.44388 0.95832 2 
65.423 30.948 8.38710 0.91785 2 
67.988 30.948 8.46821 0.86594 2 
70.554 30.948 8.60748 0.80042 2 
73.120 30.948 8.63520 0.80016 2 
75.685 30.948 8.81845 0.99752 2 
78.251 30.948 8.92816 0.84240 2 
80.816 30.948 0.00000 0.00000 0 
83.382 30.948 8.78301 0.50695 2 
85.948 30.948 8.96356 0.48771 2 
88.513 30.948 8.99516 0.33388 2 
91.079 30.948 8.97533 0.19616 2 
93.644 30.948 8.90988 0.52720 2 
96.210 30.948 9.23718 0.00421 2 
98.776 30.948 9.03551 -0.05411 2 
101.341 30.948 9.17648 -0.24812 2 
103.907 30.948 9.07976 -0.50007 2 
106.472 30.948 9.09234 -0.84223 2 
109.038 30.948 8.95161 -0.72879 2 
111.603 30.948 8.72135 -0.81583 2 
114.169 30.948 8.67544 -1.30959 2 
116.735 30.948 8.72765 -1.01343 2 
119.300 30.948 0.00000 -0.00000 0 
-8.980 28.382 7.01139 0.23851 2 
-6.414 28.382 7.18078 0.25757 2 
-3.848 28.382 7.04939 0.36974 2 
-1.283 28.382 6.97063 0.46315 2 
1.283 28.382 7.42991 0.54395 2 
3.848 28.382 4.00502 0.26397 2 
6.414 28.382 0.00000 -0.00000 0 
8.980 28.382 0.00000 -0.00000 0 
11.545 28.382 0.00000 -0.00000 0 
14.111 28.382 0.00000 -0.00000 0 
16.676 28.382 2.68039 0.32107 2 
19.242 28.382 5.24356 0.65470 2 
21.808 28.382 7.68950 1.00091 2 
24.373 28.382 7.18192 0.94284 2 
26.939 28.382 7.32050 0.92698 2 
29.504 28.382 7.34220 1.03674 2 
32.070 28.382 7.44101 1.33160 2 
34.636 28.382 7.42986 0.96199 2 
37.201 28.382 7.58612 1.10624 2 
39.767 28.382 7.51847 1.20937 2 
42.332 28.382 7.78007 1.02024 2 
44.898 28.382 7.89873 1.15778 2 
47.464 28.382 8.00102 0.99630 2 
50.029 28.382 7.96591 1.14898 2 
52.595 28.382 8.08296 0.92464 2 
55.160 28.382 8.34689 1.13492 2 
57.726 28.382 8.31953 1.00018 2 
60.292 28.382 8.12101 1.08915 2 
62.857 28.382 8.54318 1.07039 2 
65.423 28.382 8.53664 1.05436 2 
67.988 28.382 8.40576 0.93469 2 
70.554 28.382 8.70379 0.88497 2 
73.120 28.382 8.81104 0.74158 2 
75.685 28.382 8.72092 1.06941 2 
78.251 28.382 8.68787 0.94346 2 
80.816 28.382 8.80917 0.55152 2 
83.382 28.382 8.93044 0.58284 2 
85.948 28.382 9.05171 0.61416 2 
88.513 28.382 9.06880 0.57391 2 
91.079 28.382 9.15977 0.40964 2 
93.644 28.382 9.24886 0.06264 2 
96.210 28.382 9.02288 0.21160 2 
98.776 28.382 9.33528 -0.13176 2 
101.341 28.382 9.29050 -0.21785 2 
103.907 28.382 9.09607 -0.53566 2 
106.472 28.382 9.21419 -0.64704 2 
109.038 28.382 9.08033 -0.84597 2 
111.603 28.382 9.19908 -1.05486 2 
114.169 28.382 8.67440 -1.37775 2 
116.735 28.382 8.83382 -1.49635 2 
119.300 28.382 0.00000 -0.00000 0 
-8.980 25.816 7.17939 0.22439 2 
-6.414 25.816 6.91645 0.28292 2 
-3.848 25.816 7.11025 0.27037 2 
-1.283 25.816 6.87636 0.43284 2 
1.283 25.816 7.05964 0.34468 2 
3.848 25.816 8.01003 0.52794 2 
6.414 25.816 0.00000 -0.00000 0 
8.980 25.816 0.00000 -0.00000 0 
11.545 25.816 0.00000 -0.00000 0 
14.111 25.816 0.00000 -0.00000 0 
16.676 25.816 4.02059 0.48160 2 
19.242 25.816 8.04117 0.96320 2 
21.808 25.816 7.29559 0.92250 2 
24.373 25.816 7.22094 0.95855 2 
26.939 25.816 7.25981 1.15783 2 
29.504 25.816 7.38234 1.09916 2 
32.070 25.816 7.47258 1.23029 2 
34.636 25.816 7.54080 1.31966 2 
37.201 25.816 7.52436 1.14991 2 
39.767 25.816 7.79781 1.13693 2 
42.332 25.816 7.68043 1.37535 2 
44.898 25.816 7.80175 1.09375 2 
47.464 25.816 7.94705 1.28939 2 
50.029 25.816 8.19448 1.33266 2 
52.595 25.816 8.30165 1.04612 2 
55.160 25.816 8.11576 1.17291 2 
57.726 25.816 8.31234 1.35580 2 
60.292 25.816 8.56398 1.11110 2 
62.857 25.816 8.47184 0.98227 2 
65.423 25.816 8.56211 0.86465 2 
67.988 25.816 8.52002 1.03420 2 
70.554 25.816 8.75014 1.13507 2 
73.120 25.816 8.74063 0.77193 2 
75.685 25.816 8.71225 0.92954 2 
78.251 25.816 8.98726 0.71896 2 
80.816 25.816 8.70602 0.82417 2 
83.382 25.816 0.00000 0.00000 0 
85.948 25.816 9.29733 0.69998 2 
88.513 25.816 9.15067 0.50498 2 
91.079 25.816 9.28911 0.35174 2 
93.644 25.816 9.40599 0.39540 2 
96.210 25.816 9.33538 0.03586 2 
98.776 25.816 9.45546 -0.08661 2 
101.341 25.816 9.44969 -0.29093 2 
103.907 25.816 9.39624 -0.45298 2 
106.472 25.816 9.65822 -0.63890 2 
109.038 25.816 9.37349 -1.04613 2 
111.603 25.816 9.47974 -1.13720 2 
114.169 25.816 8.97592 -1.63080 2 
116.735 25.816 8.83870 -1.84892 2 
119.300 25.816 0.00000 -0.00000 0 
-8.980 23.251 7.08608 0.05284 2 
-6.414 23.251 7.00286 0.24588 2 
-3.848 23.251 6.90568 0.24216 2 
-1.283 23.251 6.89867 0.36628 2 
1.283 23.251 6.87953 0.54858 2 
3.848 23.251 7.28595 0.48107 2 
6.414 23.251 0.00000 -0.00000 0 
8.980 23.251 0.00000 -0.00000 0 
11.545 23.251 0.00000 -0.00000 0 
14.111 23.251 0.00000 -0.00000 0 
16.676 23.251 3.99423 0.52877 2 
19.242 23.251 7.98846 1.05754 2 
21.808 23.251 7.07632 1.02103 2 
24.373 23.251 7.14869 1.08122 2 
26.939 23.251 7.41141 1.28157 2 
29.504 23.251 7.26334 1.17390 2 
32.070 23.251 7.44535 1.04711 2 
34.636 23.251 7.54278 1.12461 2 
37.201 23.251 7.52883 1.31979 2 
39.767 23.251 7.61276 1.27975 2 
42.332 23.251 7.67866 1.12199 2 
44.898 23.251 7.87073 1.28214 2 
47.464 23.251 7.99869 1.19389 2 
50.029 23.251 8.09354 1.29210 2 
52.595 23.251 7.95834 1.24589 2 
55.160 23.251 8.30648 1.11290 2 
57.726 23.251 8.28522 1.17313 2 
60.292 23.251 8.22088 1.12859 2 
62.857 23.251 8.31422 1.31758 2 
65.423 23.251 8.29563 0.84375 2 
67.988 23.251 8.72042 1.03496 2 
70.554 23.251 8.73867 0.99523 2 
73.120 23.251 8.76215 1.05987 2 
75.685 23.251 8.84959 0.99596 2 
78.251 23.251 9.00863 0.91011 2 
80.816 23.251 9.16017 0.87826 2 
83.382 23.251 0.00000 0.00000 0 
85.948 23.251 9.65230 0.67226 2 
88.513 23.251 9.79742 0.55102 2 
91.079 23.251 9.43982 0.63020 2 
93.644 23.251 9.32678 0.32316 2 
96.210 23.251 9.64094 0.34258 2 
98.776 23.251 9.64995 0.12087 2 
101.341 23.251 9.65851 0.03712 2 
103.907 23.251 9.77310 -0.29914 2 
106.472 23.251 10.02462 -0.65400 2 
109.038 23.251 10.17841 -1.08629 2 
111.603 23.251 9.51645 -1.33672 2 
114.169 23.251 9.43381 -2.07054 2 
116.735 23.251 9.11881 -2.73296 2 
119.300 23.251 0.00000 -0.00000 0 
-8.980 20.685 6.95338 -0.06412 2 
-6.414 20.685 6.99528 0.10401 2 
-3.848 20.685 6.93215 0.24562 2 
-1.283 20.685 6.81992 0.30267 2 
1.283 20.685 6.84542 0.33885 2 
3.848 20.685 6.86296 0.54303 2 
6.414 20.685 0.00000 -0.00000 0 
8.980 20.685 0.00000 -0.00000 0 
11.545 20.685 0.00000 -0.00000 0 
14.111 20.685 0.00000 -0.00000 0 
16.676 20.685 3.79426 0.60318 2 
19.242 20.685 7.58851 1.20637 2 
21.808 20.685 7.09473 1.08284 2 
24.373 20.685 7.30399 1.29012 2 
26.939 20.685 7.15486 1.21343 2 
29.504 20.685 7.37435 1.27081 2 
32.070 20.685 7.39234 1.26932 2 
34.636 20.685 7.43067 1.54450 2 
37.201 20.685 7.40497 1.17872 2 
39.767 20.685 7.82064 1.28262 2 
42.332 20.685 7.70635 1.44868 2 
44.898 20.685 7.86836 1.32753 2 
47.464 20.685 7.88702 1.53352 2 
50.029 20.685 7.80231 1.26630 2 
52.595 20.685 8.16790 1.22634 2 
55.160 20.685 8.01851 1.35395 2 
57.726 20.685 8.09671 1.22287 2 
60.292 20.685 8.49291 1.26645 2 
62.857 20.685 8.64716 1.20601 2 
65.423 20.685 9.08339 1.36868 2 
67.988 20.685 8.96361 0.90312 2 
70.554 20.685 4.36934 0.49762 2 
73.120 20.685 8.80741 1.23448 2 
75.685 20.685 9.34646 0.89156 2 
78.251 20.685 9.23215 0.54238 2 
80.816 20.685 9.55610 0.79598 2 
83.382 20.685 0.00000 0.00000 0 
85.948 20.685 0.00000 0.00000 0 
88.513 20.685 0.00000 0.00000 0 
91.079 20.685 10.26680 0.65253 2 
93.644 20.685 9.53577 0.84501 2 
96.210 20.685 9.70940 0.26362 2 
98.776 20.685 9.88302 -0.31777 2 
101.341 20.685 9.90843 0.27486 2 
103.907 20.685 10.31974 0.13926 2 
106.472 20.685 10.45947 -0.27948 2 
109.038 20.685 10.35361 -1.08692 2 
111.603 20.685 10.51962 -0.84028 2 
114.169 20.685 10.59699 -2.51656 2 
116.735 20.685 9.75793 -3.35915 2 
119.300 20.685 0.00000 -0.00000 0 
-8.980 18.120 6.90112 0.11890 2 
-6.414 18.120 6.92252 -0.01682 2 
-3.848 18.120 6.74997 0.10394 2 
-1.283 18.120 6.67025 0.44139 2 
1.283 18.120 6.83436 0.54420 2 
3.848 18.120 7.12232 0.47244 2 
6.414 18.120 0.00000 -0.00000 0 
8.980 18.120 0.00000 -0.00000 0 
11.545 18.120 0.00000 -0.00000 0 
14.111 18.120 0.00000 -0.00000 0 
16.676 18.120 3.74019 0.57787 2 
19.242 18.120 7.48037 1.15573 2 
21.808 18.120 6.76547 1.09362 2 
24.373 18.120 7.18442 1.23128 2 
26.939 18.120 7.15247 1.31712 2 
29.504 18.120 7.25621 1.33768 2 
32.070 18.120 7.31915 1.41756 2 
34.636 18.120 7.51258 1.52425 2 
37.201 18.120 7.61209 1.38348 2 
39.767 18.120 7.69291 1.48085 2 
42.332 18.120 7.74123 1.34140 2 
44.898 18.120 7.79550 1.54233 2 
47.464 18.120 7.95793 1.49460 2 
50.029 18.120 8.12862 1.41339 2 
52.595 18.120 8.40070 1.35462 2 
55.160 18.120 4.00926 0.67698 2 
57.726 18.120 8.56750 1.17089 2 
60.292 18.120 8.94000 1.66988 2 
62.857 18.120 9.10786 1.14740 2 
65.423 18.120 4.54170 0.68434 2 
67.988 18.120 0.00000 -0.00000 0 
70.554 18.120 0.00000 -0.00000 0 
73.120 18.120 0.00000 -0.00000 0 
75.685 18.120 0.00000 -0.00000 0 
78.251 18.120 0.00000 -0.00000 0 
80.816 18.120 0.00000 -0.00000 0 
83.382 18.120 0.00000 -0.00000 0 
85.948 18.120 -0.30679 0.25601 2 
88.513 18.120 -0.19452 0.66227 2 
91.079 18.120 -0.08225 1.06853 2 
93.644 18.120 8.76731 0.97102 2 
96.210 18.120 5.96231 0.32274 2 
98.776 18.120 4.50682 0.71793 2 
101.341 18.120 8.46609 0.43208 2 
103.907 18.120 9.59361 0.84814 2 
106.472 18.120 10.58389 -1.36654 2 
109.038 18.120 9.10418 -0.48729 2 
111.603 18.120 8.86672 -1.20200 2 
114.169 18.120 6.83719 -0.88570 2 
116.735 18.120 7.90516 -2.83926 2 
119.300 18.120 0.00000 -0.00000 0 
-8.980 15.554 7.01069 -0.03232 2 
-6.414 15.554 6.83326 0.10039 2 
-3.848 15.554 6.87708 0.17594 2 
-1.283 15.554 6.64436 0.10125 2 
1.283 15.554 6.87381 0.43103 2 
3.848 15.554 3.43691 0.21552 2 
6.414 15.554 0.00000 -0.00000 0 
8.980 15.554 0.00000 -0.00000 0 
11.545 15.554 0.00000 -0.00000 0 
14.111 15.554 0.00000 -0.00000 0 
16.676 15.554 3.86911 0.74118 2 
19.242 15.554 7.73822 1.48237 2 
21.808 15.554 6.94516 1.39038 2 
24.373 15.554 7.12335 1.34412 2 
26.939 15.554 7.11152 1.56870 2 
29.504 15.554 7.24291 1.46662 2 
32.070 15.554 7.20640 1.51679 2 
34.636 15.554 7.55784 1.75393 2 
37.201 15.554 7.49636 1.60099 2 
39.767 15.554 7.65232 1.53997 2 
42.332 15.554 7.80828 1.47895 2 
44.898 15.554 8.07923 1.60624 2 
47.464 15.554 7.92493 1.71443 2 
50.029 15.554 8.18929 1.32628 2 
52.595 15.554 4.20035 0.67731 2 
55.160 15.554 0.00000 -0.00000 0 
57.726 15.554 0.00000 -0.00000 0 
60.292 15.554 0.00000 -0.00000 0 
62.857 15.554 0.00000 -0.00000 0 
65.423 15.554 0.00000 -0.00000 0 
67.988 15.554 0.00000 -0.00000 0 
70.554 15.554 0.00000 -0.00000 0 
73.120 15.554 0.00000 -0.00000 0 
75.685 15.554 0.00000 -0.00000 0 
78.251 15.554 0.00000 -0.00000 0 
80.816 15.554 -0.76669 -0.05629 2 
83.382 15.554 -0.44923 -0.05172 2 
85.948 15.554 -0.37910 -0.12335 2 
88.513 15.554 -1.22622 0.52159 2 
91.079 15.554 0.76426 0.76468 2 
93.644 15.554 3.40760 1.63089 2 
96.210 15.554 -0.76341 0.31497 2 
98.776 15.554 -0.86938 1.75363 2 
101.341 15.554 3.91042 2.04388 2 
103.907 15.554 5.21430 0.82318 2 
106.472 15.554 5.83441 0.84823 2 
109.038 15.554 5.20819 0.14795 2 
111.603 15.554 7.21382 -1.56372 2 
114.169 15.554 6.39152 0.27476 2 
116.735 15.554 6.05240 -2.31937 2 
119.300 15.554 0.00000 -0.00000 0 
-8.980 12.988 6.64006 -0.05950 2 
-6.414 12.988 6.72101 0.02881 2 
-3.848 12.988 6.48775 0.11238 2 
-1.283 12.988 6.49277 0.27948 2 
1.283 12.988 6.67687 0.35708 2 
3.848 12.988 3.33843 0.17854 2 
6.414 12.988 0.00000 -0.00000 0 
8.980 12.988 0.00000 -0.00000 0 
11.545 12.988 0.00000 -0.00000 0 
14.111 12.988 0.00000 -0.00000 0 
16.676 12.988 2.55604 0.45253 2 
19.242 12.988 5.04537 1.03450 2 
21.808 12.988 7.46798 1.74589 2 
24.373 12.988 7.10207 1.51848 2 
26.939 12.988 7.26302 1.63991 2 
29.504 12.988 7.41434 1.71923 2 
32.070 12.988 7.53441 1.66518 2 
34.636 12.988 7.79814 1.58928 2 
37.201 12.988 8.22808 2.13604 2 
39.767 12.988 4.11404 1.06802 2 
42.332 12.988 0.00000 -0.00000 0 
44.898 12.988 0.00000 -0.00000 0 
47.464 12.988 0.00000 -0.00000 0 
50.029 12.988 0.00000 -0.00000 0 
52.595 12.988 0.00000 -0.00000 0 
55.160 12.988 0.00000 -0.00000 0 
57.726 12.988 0.00000 -0.00000 0 
60.292 12.988 0.00000 -0.00000 0 
62.857 12.988 0.00000 -0.00000 0 
65.423 12.988 0.00000 -0.00000 0 
67.988 12.988 0.00000 -0.00000 0 
70.554 12.988 0.00000 -0.00000 0 
73.120 12.988 0.00000 -0.00000 0 
75.685 12.988 -0.23339 -0.08125 2 
78.251 12.988 -0.58161 -0.31614 2 
80.816 12.988 -1.33160 -0.10858 2 
83.382 12.988 -0.89846 -0.10344 2 
85.948 12.988 -0.45141 -0.50271 2 
88.513 12.988 -0.99486 1.02744 2 
91.079 12.988 -1.78499 0.51995 2 
93.644 12.988 -1.95211 2.29076 2 
96.210 12.988 -2.58200 3.86474 2 
98.776 12.988 -2.14318 3.17799 2 
101.341 12.988 0.33336 2.52059 2 
103.907 12.988 0.83499 0.79823 2 
106.472 12.988 1.52549 -0.72637 2 
109.038 12.988 4.13941 -0.72554 2 
111.603 12.988 5.66991 -1.65925 2 
114.169 12.988 5.59668 -2.58671 2 
116.735 12.988 6.15191 -4.68200 2 
119.300 12.988 0.00000 -0.00000 0 
-8.980 10.423 6.83258 -0.21539 2 
-6.414 10.423 6.70869 -0.10853 2 
-3.848 10.423 6.62365 -0.04328 2 
-1.283 10.423 6.41004 0.00319 2 
1.283 10.423 6.39361 0.01369 2 
3.848 10.423 4.29206 0.09573 2 
6.414 10.423 2.16085 0.09116 2 
8.980 10.423 0.00000 -0.00000 0 
11.545 10.423 0.00000 -0.00000 0 
14.111 10.423 0.00000 -0.00000 0 
16.676 10.423 -0.07010 -0.12477 2 
19.242 10.423 2.45817 0.52651 2 
21.808 10.423 3.73399 0.87295 2 
24.373 10.423 7.26884 1.83440 2 
26.939 10.423 7.74643 2.02158 2 
29.504 10.423 6.14566 1.59168 2 
32.070 10.423 0.00000 -0.00000 0 
34.636 10.423 0.00000 -0.00000 0 
37.201 10.423 0.00000 -0.00000 0 
39.767 10.423 0.00000 -0.00000 0 
42.332 10.423 0.00000 -0.00000 0 
44.898 10.423 0.00000 -0.00000 0 
47.464 10.423 0.00000 -0.00000 0 
50.029 10.423 0.00000 -0.00000 0 
52.595 10.423 0.00000 -0.00000 0 
55.160 10.423 0.00000 -0.00000 0 
57.726 10.423 0.00000 -0.00000 0 
60.292 10.423 0.00000 -0.00000 0 
62.857 10.423 0.00000 -0.00000 0 
65.423 10.423 0.00000 -0.00000 0 
67.988 10.423 0.04571 0.02892 2 
70.554 10.423 0.09142 0.05784 2 
73.120 10.423 -0.33548 0.15680 2 
75.685 10.423 -0.76239 0.25575 2 
78.251 10.423 -1.00812 -0.38576 2 
80.816 10.423 -1.89650 -0.16088 2 
83.382 10.423 -2.90863 0.44577 2 
85.948 10.423 -3.18465 0.73147 2 
88.513 10.423 -2.81302 0.75243 2 
91.079 10.423 -2.30511 1.03217 2 
93.644 10.423 -2.06659 2.07233 2 
96.210 10.423 -1.66744 2.42302 2 
98.776 10.423 -2.47814 3.29241 2 
101.341 10.423 -3.24370 2.99729 2 
103.907 10.423 -3.46192 1.35606 2 
106.472 10.423 0.93341 0.08091 2 
109.038 10.423 0.75174 -2.00268 2 
111.603 10.423 4.29373 -3.24261 2 
114.169 10.423 4.88853 -4.27382 2 
116.735 10.423 4.98678 -4.02395 2 
119.300 10.423 -0.06231 -1.22169 1 
-8.980 7.857 6.73525 -0.13221 2 
-6.414 7.857 6.65123 -0.34126 2 
-3.848 7.857 6.54943 -0.28034 2 
-1.283 7.857 6.35312 -0.07157 2 
1.283 7.857 6.11903 -0.03471 2 
3.848 7.857 6.48256 0.27349 2 
6.414 7.857 3.24128 0.13675 2 
8.980 7.857 0.00000 -0.00000 0 
11.545 7.857 0.00000 -0.00000 0 
14.111 7.857 0.00000 -0.00000 2 
16.676 7.857 -0.03505 -0.06239 2 
19.242 7.857 -0.02337 -0.04159 2 
21.808 7.857 0.00000 -0.00000 0 
24.373 7.857 0.00000 -0.00000 0 
26.939 7.857 0.00000 -0.00000 0 
29.504 7.857 0.00000 -0.00000 0 
32.070 7.857 0.00000 -0.00000 0 
34.636 7.857 0.00000 -0.00000 0 
37.201 7.857 0.00000 -0.00000 0 
39.767 7.857 0.00000 -0.00000 0 
42.332 7.857 0.00000 -0.00000 0 
44.898 7.857 0.00000 -0.00000 0 
47.464 7.857 0.00000 -0.00000 0 
50.029 7.857 0.00000 -0.00000 0 
52.595 7.857 0.00000 -0.00000 0 
55.160 7.857 0.00000 -0.00000 0 
57.726 7.857 0.00000 -0.00000 0 
60.292 7.857 -0.63373 -0.38766 2 
62.857 7.857 -0.66195 -0.32217 2 
65.423 7.857 -0.51104 -0.25803 2 
67.988 7.857 -1.04306 -0.28799 2 
70.554 7.857 -1.57507 -0.31795 2 
73.120 7.857 -1.71328 -0.20883 2 
75.685 7.857 -1.85149 -0.09971 2 
78.251 7.857 -1.73176 -0.62830 2 
80.816 7.857 -1.94934 -0.36086 2 
83.382 7.857 -2.51453 -0.13393 2 
85.948 7.857 -2.80315 1.52281 2 
88.513 7.857 -2.66510 0.83018 2 
91.079 7.857 -1.74920 2.36855 2 
93.644 7.857 -1.62001 1.59956 2 
96.210 7.857 -2.27769 3.47082 2 
98.776 7.857 -2.64780 3.49252 2 
101.341 7.857 -3.31288 3.36858 2 
103.907 7.857 -3.18035 3.11674 2 
106.472 7.857 -2.79888 0.50786 2 
109.038 7.857 -3.16697 2.93467 2 
111.603 7.857 -2.16875 1.53861 2 
114.169 7.857 -2.25431 -2.26221 2 
116.735 7.857 3.82166 -3.36591 2 
119.300 7.857 -0.14482 -2.49552 2 
-8.980 5.292 6.69442 -0.30628 2 
-6.414 5.292 6.52885 -0.40439 2 
-3.848 5.292 6.21812 -0.43579 2 
-1.283 5.292 6.28171 -0.18096 2 
1.283 5.292 5.92706 -0.23332 2 
3.848 5.292 6.01401 0.12085 2 
6.414 5.292 3.00700 0.06043 2 
8.980 5.292 0.00000 -0.00000 0 
11.545 5.292 0.00000 -0.00000 0 
14.111 5.292 0.00000 -0.00000 0 
16.676 5.292 0.00000 -0.00000 0 
19.242 5.292 0.00000 -0.00000 0 
21.808 5.292 0.00000 -0.00000 0 
24.373 5.292 0.00000 -0.00000 0 
26.939 5.292 0.00000 -0.00000 0 
29.504 5.292 0.00000 -0.00000 0 
32.070 5.292 0.00000 -0.00000 0 
34.636 5.292 0.00000 -0.00000 0 
37.201 5.292 0.00000 -0.00000 0 
39.767 5.292 0.00000 -0.00000 0 
42.332 5.292 0.00000 -0.00000 0 
44.898 5.292 0.00000 -0.00000 0 
47.464 5.292 0.00000 -0.00000 0 
50.029 5.292 0.00000 -0.00000 0 
52.595 5.292 -0.32716 -0.13690 2 
55.160 5.292 -0.74996 -0.36071 2 
57.726 5.292 -0.95566 -0.19871 2 
60.292 5.292 -1.26746 -0.77531 2 
62.857 5.292 -1.48314 -0.80167 2 
65.423 5.292 -1.74520 -0.47280 2 
67.988 5.292 -1.78401 0.07710 2 
70.554 5.292 -1.58520 0.20190 2 
73.120 5.292 -2.05571 -0.36029 2 
75.685 5.292 -2.36951 -0.96807 2 
78.251 5.292 -2.45540 -0.87085 2 
80.816 5.292 -2.00217 -0.56084 2 
83.382 5.292 -2.13093 -0.27088 2 
85.948 5.292 -2.91718 1.42554 2 
88.513 5.292 -2.56247 1.09658 2 
91.079 5.292 -2.22063 2.54268 2 
93.644 5.292 -1.37704 2.58109 2 
96.210 5.292 -2.54727 2.30508 2 
98.776 5.292 -2.81746 3.69263 2 
101.341 5.292 -1.89128 2.92429 2 
103.907 5.292 -2.04613 2.61218 2 
106.472 5.292 -2.20098 2.30006 2 
109.038 5.292 -2.03394 2.64954 2 
111.603 5.292 -3.19128 2.37343 2 
114.169 5.292 -1.84528 -3.49803 2 
116.735 5.292 -1.03631 -3.63368 2 
119.300 5.292 -0.22733 -3.76934 2 
-8.980 2.726 6.94672 -0.49450 2 
-6.414 2.726 6.68041 -0.55932 2 
-3.848 2.726 6.34889 -0.51875 2 
-1.283 2.726 6.18373 -0.39183 2 
1.283 2.726 6.08300 -0.33723 2 
3.848 2.726 3.00700 0.06043 2 
6.414 2.726 0.00000 -0.00000 0 
8.980 2.726 0.00000 -0.00000 0 
11.545 2.726 0.00000 -0.00000 0 
14.111 2.726 0.00000 -0.00000 0 
16.676 2.726 0.00000 -0.00000 0 
19.242 2.726 0.00000 -0.00000 0 
21.808 2.726 0.00000 -0.00000 0 
24.373 2.726 0.00000 -0.00000 0 
26.939 2.726 0.00000 -0.00000 0 
29.504 2.726 0.00000 -0.00000 0 
32.070 2.726 0.00000 -0.00000 0 
34.636 2.726 0.00000 -0.00000 0 
37.201 2.726 0.00000 -0.00000 0 
39.767 2.726 0.00000 -0.00000 0 
42.332 2.726 0.00000 -0.00000 0 
44.898 2.726 0.00000 -0.00000 0 
47.464 2.726 -0.74165 -0.26227 2 
50.029 2.726 -0.31964 -0.04396 2 
52.595 2.726 -0.47277 -0.55766 2 
55.160 2.726 -2.56905 -0.74942 2 
57.726 2.726 -2.52527 -0.97234 2 
60.292 2.726 -1.79867 -0.79547 2 
62.857 2.726 -1.41396 -0.96850 2 
65.423 2.726 -1.63438 0.18414 2 
67.988 2.726 -1.58404 -0.32542 2 
70.554 2.726 -2.54736 -0.24206 2 
73.120 2.726 -1.52106 -0.51903 2 
75.685 2.726 -2.33302 -0.84225 2 
78.251 2.726 -2.30419 -0.42430 2 
80.816 2.726 -2.25525 -0.02344 2 
83.382 2.726 -1.49432 -0.36791 2 
85.948 2.726 -0.44171 0.28761 2 
88.513 2.726 -0.18313 1.34622 2 
91.079 2.726 0.02353 2.39706 2 
93.644 2.726 -1.73713 3.21430 2 
96.210 2.726 -2.92738 1.87082 2 
98.776 2.726 -3.13474 1.39413 2 
101.341 2.726 -1.96169 2.07130 2 
103.907 2.726 -2.09139 2.40437 2 
106.472 2.726 -2.22110 2.73744 2 
109.038 2.726 -4.01692 1.46375 2 
111.603 2.726 -4.19474 1.36192 2 
114.169 2.726 -3.66697 -3.22148 2 
116.735 2.726 -2.77674 -3.77989 2 
119.300 2.726 -0.26505 -3.58022 2 
-8.980 0.160 6.67085 -0.64485 2 
-6.414 0.160 6.64905 -0.66286 2 
-3.848 0.160 6.52733 -0.69322 2 
-1.283 0.160 6.19241 -0.82452 2 
1.283 0.160 6.37990 -0.77999 2 
3.848 0.160 0.00000 -0.00000 0 
6.414 0.160 0.00000 -0.00000 0 
8.980 0.160 0.00000 -0.00000 0 
11.545 0.160 0.00000 -0.00000 0 
14.111 0.160 0.00000 -0.00000 0 
16.676 0.160 0.00000 -0.00000 0 
19.242 0.160 0.00000 -0.00000 0 
21.808 0.160 0.00000 -0.00000 0 
24.373 0.160 0.00000 -0.00000 0 
26.939 0.160 0.00000 -0.00000 0 
29.504 0.160 0.00000 -0.00000 0 
32.070 0.160 0.00000 -0.00000 0 
34.636 0.160 0.00000 -0.00000 0 
37.201 0.160 0.00000 -0.00000 0 
39.767 0.160 -0.69934 -0.13732 2 
42.332 0.160 -0.52910 0.04560 2 
44.898 0.160 -0.55527 -0.23365 2 
47.464 0.160 -1.48330 -0.52454 2 
50.029 0.160 -2.32935 -0.80398 2 
52.595 0.160 -3.03073 -0.66114 2 
55.160 0.160 -2.39284 -0.90751 2 
57.726 0.160 -2.02985 -1.07681 2 
60.292 0.160 -1.41201 -0.76737 2 
62.857 0.160 -1.34478 -1.13533 2 
65.423 0.160 -1.39850 -0.14938 2 
67.988 0.160 -1.61365 -0.71134 2 
70.554 0.160 -1.02801 -1.14301 2 
73.120 0.160 -0.98641 -0.67778 2 
75.685 0.160 -1.43813 -1.21447 2 
78.251 0.160 -2.91947 -0.98493 2 
80.816 0.160 -1.22787 0.58683 2 
83.382 0.160 0.19194 1.41476 2 
85.948 0.160 0.62939 1.36238 2 
88.513 0.160 0.69929 1.22584 2 
91.079 0.160 1.25455 2.52788 2 
93.644 0.160 -2.80696 0.75548 2 
96.210 0.160 -4.09920 1.76949 2 
98.776 0.160 -2.30321 1.95984 2 
101.341 0.160 -3.58268 2.02275 2 
103.907 0.160 -3.06243 1.99383 2 
106.472 0.160 -2.90680 1.60739 2 
109.038 0.160 -3.50764 1.62350 2 
111.603 0.160 -4.70417 0.49935 2 
114.169 0.160 -5.48867 -2.94493 2 
116.735 0.160 -4.43591 -4.34886 2 
119.300 0.160 -0.30277 -3.39111 2 
-8.980 -2.405 6.88543 -0.63013 2 
-6.414 -2.405 6.70238 -0.80776 2 
-3.848 -2.405 6.53331 -0.84755 2 
-1.283 -2.405 6.41976 -1.00483 2 
1.283 -2.405 0.00000 -0.00000 0 
3.848 -2.405 0.00000 -0.00000 0 
6.414 -2.405 0.00000 -0.00000 0 
8.980 -2.405 0.00000 -0.00000 0 
11.545 -2.405 0.00000 -0.00000 0 
14.111 -2.405 0.00000 -0.00000 0 
16.676 -2.405 0.00000 -0.00000 0 
19.242 -2.405 0.00000 -0.00000 0 
21.808 -2.405 0.00000 -0.00000 0 
24.373 -2.405 0.00000 -0.00000 0 
26.939 -2.405 0.00000 -0.00000 0 
29.504 -2.405 0.00000 -0.00000 0 
32.070 -2.405 -0.71544 -0.19494 2 
34.636 -2.405 -0.22394 -0.06107 2 
37.201 -2.405 -0.71274 -0.26976 2 
39.767 -2.405 -1.39868 -0.27463 2 
42.332 -2.405 -1.40172 -0.71116 2 
44.898 -2.405 -1.52626 -0.54761 2 
47.464 -2.405 -1.95892 -0.64769 2 
50.029 -2.405 -2.36155 -0.65446 2 
52.595 -2.405 -1.69467 -0.65899 2 
55.160 -2.405 -2.21663 -1.06561 2 
57.726 -2.405 -2.25231 -0.93085 2 
60.292 -2.405 -1.78611 -0.61558 2 
62.857 -2.405 -1.36884 -0.73052 2 
65.423 -2.405 -1.16262 -0.48290 2 
67.988 -2.405 -0.82625 0.43362 2 
70.554 -2.405 -0.09967 -0.41092 2 
73.120 -2.405 0.08796 -0.41404 2 
75.685 -2.405 0.72855 0.16337 2 
78.251 -2.405 1.43410 0.42415 2 
80.816 -2.405 0.95037 0.36338 2 
83.382 -2.405 0.59101 -0.28918 2 
85.948 -2.405 1.09938 -0.11927 2 
88.513 -2.405 1.45133 1.44328 2 
91.079 -2.405 1.09877 0.53144 2 
93.644 -2.405 -0.12225 0.35846 2 
96.210 -2.405 2.36948 0.17331 2 
98.776 -2.405 -0.47309 1.03860 2 
101.341 -2.405 -2.34246 1.17728 2 
103.907 -2.405 -4.03347 1.58329 2 
106.472 -2.405 -1.99445 0.68674 2 
109.038 -2.405 -3.33025 1.52669 2 
111.603 -2.405 -3.33248 1.03401 2 
114.169 -2.405 -3.81806 -2.93229 2 
116.735 -2.405 -4.13804 -3.14921 2 
119.300 -2.405 -0.34048 -3.20199 2 
-8.980 -4.971 7.15817 -0.89094 2 
-6.414 -4.971 6.69291 -0.98340 2 
-3.848 -4.971 6.60049 -0.90811 2 
-1.283 -4.971 6.31850 -1.16413 2 
1.283 -4.971 0.00000 -0.00000 0 
3.848 -4.971 0.00000 -0.00000 0 
6.414 -4.971 0.00000 -0.00000 0 
8.980 -4.971 0.00000 -0.00000 0 
11.545 -4.971 0.00000 -0.00000 0 
14.111 -4.971 0.00000 -0.00000 0 
16.676 -4.971 0.00000 -0.00000 0 
19.242 -4.971 0.00000 -0.00000 0 
21.808 -4.971 0.00000 -0.00000 0 
24.373 -4.971 -0.11958 -0.20007 2 
26.939 -4.971 -0.63414 -0.23775 2 
29.504 -4.971 -0.89142 -0.25659 2 
32.070 -4.971 -1.43088 -0.38987 2 
34.636 -4.971 -1.48298 -0.29349 2 
37.201 -4.971 -1.35154 -0.82578 2 
39.767 -4.971 -1.45102 -0.77266 2 
42.332 -4.971 -1.18833 -0.74170 2 
44.898 -4.971 -1.41698 -0.54536 2 
47.464 -4.971 -1.90293 -1.00546 2 
50.029 -4.971 -1.99492 -0.18696 2 
52.595 -4.971 -1.97290 -0.70064 2 
55.160 -4.971 -2.83131 -0.70055 2 
57.726 -4.971 -1.23237 -0.44847 2 
60.292 -4.971 -0.69207 -0.04988 2 
62.857 -4.971 0.80593 0.00935 2 
65.423 -4.971 0.52815 -0.27963 2 
67.988 -4.971 -0.41062 0.12779 2 
70.554 -4.971 -0.33995 -0.64836 2 
73.120 -4.971 -0.15169 -1.04676 2 
75.685 -4.971 0.38955 0.36793 2 
78.251 -4.971 0.70356 -1.35148 2 
80.816 -4.971 1.04915 1.34081 2 
83.382 -4.971 1.49227 0.47395 2 
85.948 -4.971 2.21510 1.10686 2 
88.513 -4.971 2.81506 0.71552 2 
91.079 -4.971 2.55066 0.32118 2 
93.644 -4.971 2.56245 -0.03857 2 
96.210 -4.971 3.19752 -0.21411 2 
98.776 -4.971 1.35704 0.11736 2 
101.341 -4.971 -1.10223 0.33181 2 
103.907 -4.971 -3.56151 0.54627 2 
106.472 -4.971 -1.08210 -0.23391 2 
109.038 -4.971 -3.15286 1.42987 2 
111.603 -4.971 -1.96079 1.56868 2 
114.169 -4.971 -2.14485 0.19209 2 
116.735 -4.971 -1.12725 -2.15151 2 
119.300 -4.971 -0.30555 -3.16283 2 
-8.980 -7.536 7.00268 -1.03811 2 
-6.414 -7.536 6.89320 -0.91787 2 
-3.848 -7.536 6.84475 -1.20120 2 
-1.283 -7.536 6.55339 -1.38625 2 
1.283 -7.536 6.63014 -1.57806 2 
3.848 -7.536 0.00000 -0.00000 0 
6.414 -7.536 5.19727 -1.49033 2 
8.980 -7.536 -1.87687 -1.58714 2 
11.545 -7.536 4.00721 -1.83826 2 
14.111 -7.536 -1.90717 -0.33878 2 
16.676 -7.536 -0.35671 0.31347 2 
19.242 -7.536 0.15611 -0.14683 2 
21.808 -7.536 0.52612 0.19159 2 
24.373 -7.536 0.39404 -0.65489 2 
26.939 -7.536 -0.68522 -0.48279 2 
29.504 -7.536 -0.82093 -0.45068 2 
32.070 -7.536 -1.32461 -0.21481 2 
34.636 -7.536 -0.70710 0.23972 2 
37.201 -7.536 -1.42704 -0.48422 2 
39.767 -7.536 -1.50336 -1.27069 2 
42.332 -7.536 -0.56190 -1.45581 2 
44.898 -7.536 -1.72826 -1.04955 2 
47.464 -7.536 -0.34763 -0.42861 2 
50.029 -7.536 -0.12082 -0.58298 2 
52.595 -7.536 0.16151 0.14597 2 
55.160 -7.536 2.03778 -0.47601 2 
57.726 -7.536 0.08652 0.43220 2 
60.292 -7.536 0.01348 -0.10800 2 
62.857 -7.536 0.21666 0.38268 2 
65.423 -7.536 0.36456 0.02482 2 
67.988 -7.536 1.12850 0.22834 2 
70.554 -7.536 2.15122 -0.24572 2 
73.120 -7.536 2.24221 0.86193 2 
75.685 -7.536 3.11356 1.46506 2 
78.251 -7.536 4.97535 1.88623 2 
80.816 -7.536 4.73105 0.54545 2 
83.382 -7.536 3.75725 2.59666 2 
85.948 -7.536 4.46269 1.49268 2 
88.513 -7.536 4.32037 1.41249 2 
91.079 -7.536 4.25710 -0.36095 2 
93.644 -7.536 3.29455 -0.49011 2 
96.210 -7.536 3.57275 -0.78635 2 
98.776 -7.536 4.22562 -0.31122 2 
101.341 -7.536 1.81240 -0.38726 2 
103.907 -7.536 -0.60082 -0.46329 2 
106.472 -7.536 0.01145 0.04752 2 
109.038 -7.536 0.65454 0.33383 2 
111.603 -7.536 0.21617 1.06624 2 
114.169 -7.536 -1.81346 0.30037 2 
116.735 -7.536 0.13556 0.29130 2 
119.300 -7.536 -0.22892 -1.42042 2 
-8.980 -10.102 7.06744 -0.85177 2 
-6.414 -10.102 7.01179 -1.14880 2 
-3.848 -10.102 7.08629 -1.38414 2 
-1.283 -10.102 6.92036 -1.36532 2 
1.283 -10.102 6.95205 -1.85318 2 
3.848 -10.102 6.92298 -2.36241 2 
6.414 -10.102 7.15059 -2.79550 2 
8.980 -10.102 7.62488 -3.31149 2 
11.545 -10.102 8.01443 -3.67651 2 
14.111 -10.102 9.01299 -3.41832 2 
16.676 -10.102 9.06414 -3.34899 2 
19.242 -10.102 8.31925 -2.20891 2 
21.808 -10.102 8.02555 -1.52822 2 
24.373 -10.102 0.90766 -1.10971 2 
26.939 -10.102 -0.15325 -0.73511 2 
29.504 -10.102 -0.75044 -0.64477 2 
32.070 -10.102 -0.87412 -0.05173 2 
34.636 -10.102 4.10430 0.03394 2 
37.201 -10.102 0.18653 0.06977 2 
39.767 -10.102 -0.99858 -1.32516 2 
42.332 -10.102 0.98383 -2.04290 2 
44.898 -10.102 1.79377 -1.41354 2 
47.464 -10.102 1.05866 1.24227 2 
50.029 -10.102 2.19290 0.94316 2 
52.595 -10.102 3.95053 1.12540 2 
55.160 -10.102 1.84558 0.31283 2 
57.726 -10.102 2.31340 1.11187 2 
60.292 -10.102 1.92096 -1.00182 2 
62.857 -10.102 2.70362 0.17658 2 
65.423 -10.102 3.85295 -0.56338 2 
67.988 -10.102 3.16775 0.12406 2 
70.554 -10.102 2.54223 0.19903 2 
73.120 -10.102 4.41354 2.18207 2 
75.685 -10.102 2.97510 2.16621 2 
78.251 -10.102 6.10335 2.39870 2 
80.816 -10.102 6.15907 2.12883 2 
83.382 -10.102 5.72888 2.35327 2 
85.948 -10.102 6.71028 1.87850 2 
88.513 -10.102 6.52346 1.97499 2 
91.079 -10.102 4.78706 -0.46194 2 
93.644 -10.102 4.02666 -0.94165 2 
96.210 -10.102 4.65790 -0.67993 2 
98.776 -10.102 3.30957 -0.50119 2 
101.341 -10.102 3.88901 0.01195 2 
103.907 -10.102 5.10478 -0.26760 2 
106.472 -10.102 6.97536 -0.05876 2 
109.038 -10.102 4.46194 -0.76221 2 
111.603 -10.102 2.39313 0.56380 2 
114.169 -10.102 1.27649 -1.00331 2 
116.735 -10.102 2.38748 0.40194 2 
119.300 -10.102 -0.15229 0.32199 1 
-8.980 -12.668 7.24780 -1.03744 2 
-6.414 -12.668 7.16208 -1.00954 2 
-3.848 -12.668 7.15806 -1.27888 2 
-1.283 -12.668 7.04543 -1.46710 2 
1.283 -12.668 7.15837 -1.63726 2 
3.848 -12.668 7.06258 -2.19213 2 
6.414 -12.668 7.26537 -2.39483 2 
8.980 -12.668 7.50379 -2.71982 2 
11.545 -12.668 8.09545 -2.87522 2 
14.111 -12.668 8.64311 -2.77085 2 
16.676 -12.668 9.03419 -2.62175 2 
19.242 -12.668 9.19949 -2.43779 2 
21.808 -12.668 9.50621 -2.41025 2 
24.373 -12.668 9.37639 -2.89840 2 
26.939 -12.668 4.70154 -1.33181 2 
29.504 -12.668 4.54797 -1.04064 2 
32.070 -12.668 9.16758 -0.77793 2 
34.636 -12.668 8.91570 -0.17185 2 
37.201 -12.668 6.12370 0.19355 2 
39.767 -12.668 3.32768 -0.23234 2 
42.332 -12.668 2.52955 -2.63000 2 
44.898 -12.668 5.31580 -1.77753 2 
47.464 -12.668 3.17116 1.16962 2 
50.029 -12.668 5.11717 1.43793 2 
52.595 -12.668 6.41303 1.11639 2 
55.160 -12.668 4.81895 -0.04751 2 
57.726 -12.668 3.08369 0.48724 2 
60.292 -12.668 3.56596 0.02794 2 
62.857 -12.668 5.19058 -0.02953 2 
65.423 -12.668 6.42676 -0.30909 2 
67.988 -12.668 6.21352 -0.77387 2 
70.554 -12.668 5.50142 1.95830 2 
73.120 -12.668 6.64280 0.07170 2 
75.685 -12.668 6.06715 2.06410 2 
78.251 -12.668 7.23135 2.91117 2 
80.816 -12.668 7.20464 1.84691 2 
83.382 -12.668 6.39312 1.23060 2 
85.948 -12.668 7.07600 1.99664 2 
88.513 -12.668 7.53744 1.70231 2 
91.079 -12.668 7.16705 -0.13009 2 
93.644 -12.668 5.32152 -0.22395 2 
96.210 -12.668 5.74305 -0.57351 2 
98.776 -12.668 5.14801 -0.90881 2 
101.341 -12.668 4.33644 0.02341 2 
103.907 -12.668 4.61836 0.13457 2 
106.472 -12.668 5.65399 0.02255 2 
109.038 -12.668 6.21011 0.38953 2 
111.603 -12.668 3.10974 -0.85455 2 
114.169 -12.668 4.99306 0.50596 2 
116.735 -12.668 5.05386 1.23262 2 
119.300 -12.668 -0.04567 -0.25284 1 
-8.980 -15.233 7.34215 -1.03181 2 
-6.414 -15.233 7.36782 -1.06889 2 
-3.848 -15.233 7.08363 -1.27773 2 
-1.283 -15.233 7.29060 -1.52013 2 
1.283 -15.233 7.29602 -1.76975 2 
3.848 -15.233 7.46453 -1.79322 2 
6.414 -15.233 7.47236 -2.04790 2 
8.980 -15.233 7.95562 -2.34077 2 
11.545 -15.233 8.27408 -2.45188 2 
14.111 -15.233 8.58942 -2.45863 2 
16.676 -15.233 8.70566 -2.38847 2 
19.242 -15.233 8.96928 -2.34922 2 
21.808 -15.233 9.00656 -2.24922 2 
24.373 -15.233 9.26630 -2.42048 2 
26.939 -15.233 9.55634 -1.92850 2 
29.504 -15.233 9.84638 -1.43652 2 
32.070 -15.233 9.49302 -1.01967 2 
34.636 -15.233 9.27832 -0.67763 2 
37.201 -15.233 9.01394 -1.05827 2 
39.767 -15.233 8.96414 -2.13474 2 
42.332 -15.233 9.00772 -2.69661 2 
44.898 -15.233 6.99907 -2.26344 2 
47.464 -15.233 7.40355 1.07605 2 
50.029 -15.233 8.04144 1.93270 2 
52.595 -15.233 8.87552 1.10738 2 
55.160 -15.233 7.79233 -0.40786 2 
57.726 -15.233 6.16307 0.48837 2 
60.292 -15.233 6.13259 0.36170 2 
62.857 -15.233 7.92061 0.86128 2 
65.423 -15.233 9.00058 -0.05480 2 
67.988 -15.233 7.66101 -0.29050 2 
70.554 -15.233 7.49881 1.49633 2 
73.120 -15.233 7.91073 0.82351 2 
75.685 -15.233 7.60066 1.77217 2 
78.251 -15.233 8.19039 2.25759 2 
80.816 -15.233 7.54385 0.63762 2 
83.382 -15.233 7.50672 0.98211 2 
85.948 -15.233 8.11791 2.41274 2 
88.513 -15.233 8.14271 1.93972 2 
91.079 -15.233 7.48893 0.57277 2 
93.644 -15.233 8.20832 0.66098 2 
96.210 -15.233 7.37633 -0.93650 2 
98.776 -15.233 6.28483 -1.20805 2 
101.341 -15.233 6.40722 0.09522 2 
103.907 -15.233 7.23304 -0.34923 2 
106.472 -15.233 6.98996 -0.54279 2 
109.038 -15.233 5.90896 -1.04312 2 
111.603 -15.233 5.85126 1.81671 2 
114.169 -15.233 6.83112 1.30651 2 
116.735 -15.233 7.72024 2.06329 2 
119.300 -15.233 0.00000 -0.00000 0 
-8.980 -17.799 7.68887 -0.99681 2 
-6.414 -17.799 7.26721 -1.18988 2 
-3.848 -17.799 7.43714 -1.30792 2 
-1.283 -17.799 7.30843 -1.51822 2 
1.283 -17.799 7.35858 -1.59196 2 
3.848 -17.799 7.47939 -1.97149 2 
6.414 -17.799 7.71183 -2.00887 2 
8.980 -17.799 8.03321 -2.21995 2 
11.545 -17.799 8.22117 -2.25042 2 
14.111 -17.799 8.42075 -2.23746 2 
16.676 -17.799 8.71670 -2.22071 2 
19.242 -17.799 8.96495 -2.23870 2 
21.808 -17.799 9.04901 -2.09789 2 
24.373 -17.799 9.17723 -1.97370 2 
26.939 -17.799 9.64269 -1.80749 2 
29.504 -17.799 9.47156 -1.76697 2 
32.070 -17.799 9.81847 -1.26141 2 
34.636 -17.799 9.64094 -1.18340 2 
37.201 -17.799 9.42983 -1.19259 2 
39.767 -17.799 9.59113 -1.71605 2 
42.332 -17.799 10.35066 -1.84157 2 
44.898 -17.799 10.80519 -1.44497 2 
47.464 -17.799 10.95052 0.19128 2 
50.029 -17.799 10.43397 0.92990 2 
52.595 -17.799 9.68271 0.67405 2 
55.160 -17.799 9.46281 -0.23080 2 
57.726 -17.799 9.24244 0.48951 2 
60.292 -17.799 8.69921 0.69545 2 
62.857 -17.799 9.38974 0.62258 2 
65.423 -17.799 9.47858 0.70231 2 
67.988 -17.799 9.10851 0.19287 2 
70.554 -17.799 9.49620 1.03435 2 
73.120 -17.799 9.17866 1.57532 2 
75.685 -17.799 9.13417 1.48024 2 
78.251 -17.799 8.37769 1.01980 2 
80.816 -17.799 7.90776 0.64559 2 
83.382 -17.799 8.64160 0.00158 2 
85.948 -17.799 8.64260 1.57932 2 
88.513 -17.799 8.46819 0.98660 2 
91.079 -17.799 8.10654 0.91173 2 
93.644 -17.799 6.83655 -0.20203 2 
96.210 -17.799 8.11350 -1.05819 2 
98.776 -17.799 9.26057 -0.40693 2 
101.341 -17.799 8.36387 -1.00936 2 
103.907 -17.799 8.22612 -0.85275 2 
106.472 -17.799 7.75474 -0.43143 2 
109.038 -17.799 7.46015 -1.00394 2 
111.603 -17.799 7.97970 2.08144 2 
114.169 -17.799 8.75477 1.57512 2 
116.735 -17.799 9.22083 1.78235 2 
119.300 -17.799 0.00000 -0.00000 0 
-8.980 -20.364 7.41280 -0.95673 2 
-6.414 -20.364 7.24491 -1.09632 2 
-3.848 -20.364 7.57587 -1.21077 2 
-1.283 -20.364 7.54987 -1.31112 2 
1.283 -20.364 7.55967 -1.62781 2 
3.848 -20.364 7.75787 -1.74285 2 
6.414 -20.364 7.82460 -1.86358 2 
8.980 -20.364 7.87268 -1.93788 2 
11.545 -20.364 8.36891 -2.15909 2 
14.111 -20.364 8.53390 -2.03023 2 
16.676 -20.364 8.71783 -1.88942 2 
19.242 -20.364 8.91010 -1.95486 2 
21.808 -20.364 8.89269 -1.84294 2 
24.373 -20.364 9.08288 -1.72151 2 
26.939 -20.364 9.34632 -1.67907 2 
29.504 -20.364 9.40252 -1.40918 2 
32.070 -20.364 9.42710 -1.21625 2 
34.636 -20.364 9.55689 -1.11168 2 
37.201 -20.364 9.72607 -1.33616 2 
39.767 -20.364 9.74023 -1.21059 2 
42.332 -20.364 10.16888 -1.23137 2 
44.898 -20.364 10.32614 -1.07174 2 
47.464 -20.364 10.58569 -0.32015 2 
50.029 -20.364 10.25139 0.22923 2 
52.595 -20.364 9.87159 0.21958 2 
55.160 -20.364 9.86971 0.20658 2 
57.726 -20.364 9.57839 0.35517 2 
60.292 -20.364 9.66721 0.34137 2 
62.857 -20.364 9.25339 0.49795 2 
65.423 -20.364 9.31823 0.19742 2 
67.988 -20.364 9.62251 0.48796 2 
70.554 -20.364 9.52797 0.55692 2 
73.120 -20.364 9.27374 0.66416 2 
75.685 -20.364 8.98796 0.82160 2 
78.251 -20.364 8.70268 0.76858 2 
80.816 -20.364 8.57786 0.22115 2 
83.382 -20.364 9.07094 0.13030 2 
85.948 -20.364 8.70039 0.42500 2 
88.513 -20.364 8.60377 0.15855 2 
91.079 -20.364 8.38771 -0.15394 2 
93.644 -20.364 8.24974 0.02562 2 
96.210 -20.364 8.11178 0.20517 2 
98.776 -20.364 8.46568 0.11726 2 
101.341 -20.364 8.74398 -0.85784 2 
103.907 -20.364 9.79695 -1.16331 2 
106.472 -20.364 9.49301 1.01018 2 
109.038 -20.364 8.70937 -0.18395 2 
111.603 -20.364 9.62395 1.75069 2 
114.169 -20.364 9.50050 1.99781 2 
116.735 -20.364 9.49868 1.63162 2 
119.300 -20.364 0.00000 -0.00000 0 
-8.980 -22.930 7.51144 -0.94051 2 
-6.414 -22.930 7.58507 -1.13285 2 
-3.848 -22.930 7.60289 -1.18998 2 
-1.283 -22.930 7.56327 -1.30324 2 
1.283 -22.930 7.77677 -1.46991 2 
3.848 -22.930 7.72527 -1.51215 2 
6.414 -22.930 7.97073 -1.71743 2 
8.980 -22.930 8.28924 -1.70401 2 
11.545 -22.930 8.27770 -1.71614 2 
14.111 -22.930 8.62304 -1.84982 2 
16.676 -22.930 8.69370 -1.91979 2 
19.242 -22.930 8.79236 -1.78138 2 
21.808 -22.930 9.04080 -1.50917 2 
24.373 -22.930 9.04680 -1.64936 2 
26.939 -22.930 9.20802 -1.49551 2 
29.504 -22.930 9.40493 -1.32035 2 
32.070 -22.930 9.22649 -1.39572 2 
34.636 -22.930 9.52739 -1.00688 2 
37.201 -22.930 9.50292 -1.10960 2 
39.767 -22.930 9.70011 -1.00371 2 
42.332 -22.930 9.98190 -0.89471 2 
44.898 -22.930 9.89544 -0.86142 2 
47.464 -22.930 10.28190 -0.41770 2 
50.029 -22.930 9.93840 -0.31297 2 
52.595 -22.930 9.75938 -0.12388 2 
55.160 -22.930 9.74796 0.19481 2 
57.726 -22.930 9.60857 0.16158 2 
60.292 -22.930 9.39079 0.11733 2 
62.857 -22.930 9.40209 0.52385 2 
65.423 -22.930 9.23744 0.21839 2 
67.988 -22.930 9.18627 0.35476 2 
70.554 -22.930 9.45757 0.50536 2 
73.120 -22.930 8.97727 0.55814 2 
75.685 -22.930 9.00252 0.47658 2 
78.251 -22.930 9.08076 0.32957 2 
80.816 -22.930 8.82688 0.23585 2 
83.382 -22.930 8.71612 0.00196 2 
85.948 -22.930 8.85825 0.21844 2 
88.513 -22.930 8.74209 -0.20603 2 
91.079 -22.930 8.70347 -0.31062 2 
93.644 -22.930 9.15619 -0.32176 2 
96.210 -22.930 9.54080 0.12566 2 
98.776 -22.930 9.15717 -0.61868 2 
101.341 -22.930 9.71163 -0.40324 2 
103.907 -22.930 9.87639 -0.33886 2 
106.472 -22.930 10.04222 0.50736 2 
109.038 -22.930 9.95859 0.63604 2 
111.603 -22.930 9.84886 1.40125 2 
114.169 -22.930 9.79088 1.36886 2 
116.735 -22.930 9.77654 1.48089 2 
119.300 -22.930 0.00000 -0.00000 0 
-8.980 -25.496 7.59364 -0.91699 2 
-6.414 -25.496 7.67166 -1.14817 2 
-3.848 -25.496 7.65604 -1.12170 2 
-1.283 -25.496 7.62472 -1.27972 2 
1.283 -25.496 7.73729 -1.21579 2 
3.848 -25.496 8.01513 -1.36134 2 
6.414 -25.496 7.92412 -1.47691 2 
8.980 -25.496 8.38960 -1.65425 2 
11.545 -25.496 8.35186 -1.44387 2 
14.111 -25.496 8.50329 -1.50593 2 
16.676 -25.496 8.60750 -1.56930 2 
19.242 -25.496 8.96299 -1.59446 2 
21.808 -25.496 8.81160 -1.64411 2 
24.373 -25.496 8.84266 -1.42093 2 
26.939 -25.496 9.13508 -1.32645 2 
29.504 -25.496 9.12931 -1.17423 2 
32.070 -25.496 9.31966 -1.06767 2 
34.636 -25.496 9.40609 -1.07385 2 
37.201 -25.496 9.60155 -0.97212 2 
39.767 -25.496 9.58982 -1.00337 2 
42.332 -25.496 9.52169 -0.61725 2 
44.898 -25.496 9.87295 -0.74182 2 
47.464 -25.496 9.82176 -0.38443 2 
50.029 -25.496 9.72284 -0.27465 2 
52.595 -25.496 9.54898 -0.03836 2 
55.160 -25.496 9.62245 0.02004 2 
57.726 -25.496 9.43766 0.25707 2 
60.292 -25.496 9.54517 0.26498 2 
62.857 -25.496 9.40084 0.09844 2 
65.423 -25.496 9.38942 0.21446 2 
67.988 -25.496 9.10888 0.22138 2 
70.554 -25.496 9.23460 0.26245 2 
73.120 -25.496 9.24177 0.32100 2 
75.685 -25.496 9.03024 0.33726 2 
78.251 -25.496 8.99157 0.31620 2 
80.816 -25.496 8.84685 0.01502 2 
83.382 -25.496 9.05798 0.16372 2 
85.948 -25.496 8.60045 -0.10870 2 
88.513 -25.496 8.98840 -0.25576 2 
91.079 -25.496 9.01923 -0.46730 2 
93.644 -25.496 9.15828 -0.23937 2 
96.210 -25.496 9.29733 -0.01143 2 
98.776 -25.496 9.54688 -0.24529 2 
101.341 -25.496 9.64525 0.11916 2 
103.907 -25.496 9.95583 0.48559 2 
106.472 -25.496 9.83318 0.66835 2 
109.038 -25.496 9.51683 0.83673 2 
111.603 -25.496 9.75611 0.80000 2 
114.169 -25.496 9.16795 0.97893 2 
116.735 -25.496 9.89317 0.93007 2 
119.300 -25.496 0.00000 -0.00000 0 
-8.980 -28.061 7.57386 -0.96743 2 
-6.414 -28.061 7.68674 -1.15944 2 
-3.848 -28.061 7.79249 -0.99550 2 
-1.283 -28.061 7.75569 -1.13562 2 
1.283 -28.061 7.93896 -1.21010 2 
3.848 -28.061 8.03826 -1.28282 2 
6.414 -28.061 8.01325 -1.41281 2 
8.980 -28.061 8.20685 -1.44645 2 
11.545 -28.061 8.45401 -1.52768 2 
14.111 -28.061 8.44064 -1.36340 2 
16.676 -28.061 8.57928 -1.33606 2 
19.242 -28.061 8.80837 -1.54589 2 
21.808 -28.061 8.82834 -1.34579 2 
24.373 -28.061 8.92964 -1.36150 2 
26.939 -28.061 9.04935 -1.23594 2 
29.504 -28.061 9.08309 -1.22945 2 
32.070 -28.061 9.13937 -1.17800 2 
34.636 -28.061 9.22769 -0.95906 2 
37.201 -28.061 9.35275 -0.82037 2 
39.767 -28.061 9.37165 -0.82343 2 
42.332 -28.061 9.52250 -0.79201 2 
44.898 -28.061 9.55194 -0.58798 2 
47.464 -28.061 9.66851 -0.51439 2 
50.029 -28.061 9.62836 -0.28708 2 
52.595 -28.061 9.59588 -0.17550 2 
55.160 -28.061 9.43407 -0.08320 2 
57.726 -28.061 9.23160 -0.25263 2 
60.292 -28.061 9.22647 0.13966 2 
62.857 -28.061 9.16435 0.00559 2 
65.423 -28.061 9.43139 0.02615 2 
67.988 -28.061 9.30228 0.01538 2 
70.554 -28.061 9.10557 0.23734 2 
73.120 -28.061 9.08721 0.37889 2 
75.685 -28.061 9.01100 0.25766 2 
78.251 -28.061 9.09077 0.13997 2 
80.816 -28.061 8.95120 0.12274 2 
83.382 -28.061 8.84603 0.30799 2 
85.948 -28.061 9.15594 -0.16702 2 
88.513 -28.061 9.02789 -0.09736 2 
91.079 -28.061 9.22496 -0.15076 2 
93.644 -28.061 9.29465 -0.18265 2 
96.210 -28.061 9.42472 0.00778 2 
98.776 -28.061 9.30271 0.18422 2 
101.341 -28.061 9.53306 0.30573 2 
103.907 -28.061 9.48853 0.27678 2 
106.472 -28.061 9.59042 0.48995 2 
109.038 -28.061 9.57035 0.71512 2 
111.603 -28.061 9.39764 0.79029 2 
114.169 -28.061 9.34369 0.89392 2 
116.735 -28.061 9.53124 0.97665 2 
119.300 -28.061 0.00000 -0.00000 0 
-8.980 -30.627 7.98433 -0.79309 2 
-6.414 -30.627 7.87009 -0.89715 2 
-3.848 -30.627 7.77448 -0.97399 2 
-1.283 -30.627 8.01689 -1.13126 2 
1.283 -30.627 7.85466 -1.24694 2 
3.848 -30.627 8.04048 -1.17471 2 
6.414 -30.627 8.14149 -1.26547 2 
8.980 -30.627 8.28278 -1.29592 2 
11.545 -30.627 8.40178 -1.25029 2 
14.111 -30.627 8.52633 -1.30535 2 
16.676 -30.627 8.58676 -1.41995 2 
19.242 -30.627 8.71650 -1.30983 2 
21.808 -30.627 8.76771 -1.21831 2 
24.373 -30.627 8.83247 -1.28741 2 
26.939 -30.627 9.01789 -1.11555 2 
29.504 -30.627 9.10953 -1.00519 2 
32.070 -30.627 9.17122 -0.97154 2 
34.636 -30.627 9.23528 -0.84986 2 
37.201 -30.627 9.31207 -0.78672 2 
39.767 -30.627 9.49467 -0.78227 2 
42.332 -30.627 9.25151 -0.80680 2 
44.898 -30.627 9.36737 -0.62075 2 
47.464 -30.627 9.40945 -0.54149 2 
50.029 -30.627 9.32912 -0.42456 2 
52.595 -30.627 9.44209 -0.16985 2 
55.160 -30.627 9.33380 -0.31743 2 
57.726 -30.627 9.54880 -0.06987 2 
60.292 -30.627 9.28077 -0.11597 2 
62.857 -30.627 9.24759 -0.00891 2 
65.423 -30.627 9.33747 0.00528 2 
67.988 -30.627 8.95631 0.13873 2 
70.554 -30.627 9.17369 0.11452 2 
73.120 -30.627 9.15423 0.08667 2 
75.685 -30.627 9.00536 0.12937 2 
78.251 -30.627 9.00215 -0.04774 2 
80.816 -30.627 9.04743 0.17971 2 
83.382 -30.627 9.06675 -0.07923 2 
85.948 -30.627 8.85561 0.14057 2 
88.513 -30.627 8.88553 0.16307 2 
91.079 -30.627 9.16826 0.15295 2 
93.644 -30.627 9.22257 -0.03121 2 
96.210 -30.627 9.20959 0.04755 2 
98.776 -30.627 9.17393 0.15185 2 
101.341 -30.627 9.17936 0.34960 2 
103.907 -30.627 9.42026 0.45289 2 
106.472 -30.627 9.25163 0.63689 2 
109.038 -30.627 9.16561 0.77285 2 
111.603 -30.627 9.43726 0.78023 2 
114.169 -30.627 9.31944 0.83465 2 
116.735 -30.627 9.31631 0.95049 2 
119.300 -30.627 0.00000 -0.00000 0 
-8.980 -33.192 7.84974 -0.74599 2 
-6.414 -33.192 7.78762 -0.91166 2 
-3.848 -33.192 7.94548 -0.99771 2 
-1.283 -33.192 7.95124 -1.04340 2 
1.283 -33.192 7.98260 -1.04364 2 
3.848 -33.192 8.10611 -1.04249 2 
6.414 -33.192 8.17064 -1.15063 2 
8.980 -33.192 8.49002 -1.12917 2 
11.545 -33.192 8.33923 -1.32145 2 
14.111 -33.192 8.53767 -1.16833 2 
16.676 -33.192 8.70142 -1.17165 2 
19.242 -33.192 8.63725 -1.09006 2 
21.808 -33.192 8.54657 -1.16410 2 
24.373 -33.192 8.91164 -1.15878 2 
26.939 -33.192 8.83452 -1.04673 2 
29.504 -33.192 9.05352 -0.91580 2 
32.070 -33.192 9.08338 -0.91569 2 
34.636 -33.192 9.01030 -0.81861 2 
37.201 -33.192 9.34660 -0.72548 2 
39.767 -33.192 9.21041 -0.79435 2 
42.332 -33.192 9.20443 -0.71513 2 
44.898 -33.192 9.47867 -0.65963 2 
47.464 -33.192 9.41625 -0.48115 2 
50.029 -33.192 9.33926 -0.44661 2 
52.595 -33.192 9.29705 -0.32342 2 
55.160 -33.192 9.35331 -0.29412 2 
57.726 -33.192 9.14515 -0.08953 2 
60.292 -33.192 9.14239 0.00169 2 
62.857 -33.192 9.34371 0.07599 2 
65.423 -33.192 9.19948 0.06572 2 
67.988 -33.192 9.19586 0.21097 2 
70.554 -33.192 9.24593 0.10070 2 
73.120 -33.192 9.09448 0.14558 2 
75.685 -33.192 8.91447 0.27855 2 
78.251 -33.192 8.98576 0.17080 2 
80.816 -33.192 9.06678 0.07516 2 
83.382 -33.192 8.84986 0.13034 2 
85.948 -33.192 8.99737 0.15130 2 
88.513 -33.192 8.96800 0.06739 2 
91.079 -33.192 9.03699 -0.00666 2 
93.644 -33.192 9.23702 0.31981 2 
96.210 -33.192 8.95467 0.19164 2 
98.776 -33.192 9.21148 0.31252 2 
101.341 -33.192 9.36599 0.39383 2 
103.907 -33.192 9.48196 0.47894 2 
106.472 -33.192 9.26843 0.45970 2 
109.038 -33.192 9.34055 0.47861 2 
111.603 -33.192 9.13490 0.85641 2 
114.169 -33.192 9.04310 0.88508 2 
116.735 -33.192 9.39748 0.77907 2 
119.300 -33.192 0.00000 -0.00000 0 
-8.980 -35.758 7.70431 -0.80896 2 
-6.414 -35.758 7.90109 -0.93338 2 
-3.848 -35.758 7.91843 -0.93687 2 
-1.283 -35.758 8.03386 -1.02157 2 
1.283 -35.758 8.09394 -0.92861 2 
3.848 -35.758 8.17386 -1.10600 2 
6.414 -35.758 8.28790 -0.97069 2 
8.980 -35.758 8.31506 -0.98830 2 
11.545 -35.758 8.52964 -1.04268 2 
14.111 -35.758 8.55670 -1.12731 2 
16.676 -35.758 8.51310 -1.07322 2 
19.242 -35.758 8.59210 -1.12106 2 
21.808 -35.758 8.79123 -1.00996 2 
24.373 -35.758 8.73441 -1.01592 2 
26.939 -35.758 8.97539 -1.05493 2 
29.504 -35.758 8.89767 -0.85292 2 
32.070 -35.758 8.91623 -0.94878 2 
34.636 -35.758 9.03904 -0.87558 2 
37.201 -35.758 9.06867 -0.70413 2 
39.767 -35.758 8.99509 -0.70242 2 
42.332 -35.758 9.14178 -0.67148 2 
44.898 -35.758 9.35955 -0.54966 2 
47.464 -35.758 9.16235 -0.47028 2 
50.029 -35.758 9.28595 -0.54729 2 
52.595 -35.758 9.07879 -0.21095 2 
55.160 -35.758 9.17660 -0.26961 2 
57.726 -35.758 9.16956 -0.06095 2 
60.292 -35.758 9.20059 -0.30257 2 
62.857 -35.758 9.07077 0.02125 2 
65.423 -35.758 9.09582 0.04680 2 
67.988 -35.758 9.09117 0.18153 2 
70.554 -35.758 9.02526 -0.09561 2 
73.120 -35.758 9.05307 0.05147 2 
75.685 -35.758 9.18391 0.02561 2 
78.251 -35.758 9.03545 0.09584 2 
80.816 -35.758 9.03032 0.04604 2 
83.382 -35.758 9.11457 0.10135 2 
85.948 -35.758 9.04519 -0.02516 2 
88.513 -35.758 9.03121 0.16488 2 
91.079 -35.758 8.89814 0.27493 2 
93.644 -35.758 8.98531 0.13604 2 
96.210 -35.758 9.26213 0.35103 2 
98.776 -35.758 9.03626 0.11794 2 
101.341 -35.758 9.21063 0.16237 2 
103.907 -35.758 9.07830 0.42903 2 
106.472 -35.758 9.15272 0.62550 2 
109.038 -35.758 9.14574 0.55047 2 
111.603 -35.758 9.13090 0.65574 2 
114.169 -35.758 8.94809 0.78235 2 
116.735 -35.758 9.33221 0.98105 2 
119.300 -35.758 0.00000 -0.00000 0 
-8.980 -38.324 7.89575 -0.86960 2 
-6.414 -38.324 7.94551 -0.88386 2 
-3.848 -38.324 7.94971 -0.83715 2 
-1.283 -38.324 8.05102 -0.92920 2 
1.283 -38.324 8.05619 -1.04787 2 
3.848 -38.324 8.08245 -0.90662 2 
6.414 -38.324 8.22105 -0.90013 2 
8.980 -38.324 8.24021 -1.05724 2 
11.545 -38.324 8.32693 -0.99664 2 
14.111 -38.324 8.49640 -0.86114 2 
16.676 -38.324 8.52450 -1.03004 2 
19.242 -38.324 8.68649 -0.95157 2 
21.808 -38.324 8.79084 -1.03407 2 
24.373 -38.324 8.75754 -0.86224 2 
26.939 -38.324 8.73219 -0.84837 2 
29.504 -38.324 8.80398 -0.86965 2 
32.070 -38.324 9.03256 -0.77585 2 
34.636 -38.324 9.04613 -0.75726 2 
37.201 -38.324 9.05514 -0.73818 2 
39.767 -38.324 9.20047 -0.57486 2 
42.332 -38.324 9.23971 -0.51177 2 
44.898 -38.324 8.99325 -0.54797 2 
47.464 -38.324 9.22126 -0.57757 2 
50.029 -38.324 9.17375 -0.57715 2 
52.595 -38.324 9.30078 -0.39618 2 
55.160 -38.324 9.21464 -0.39864 2 
57.726 -38.324 9.03849 -0.12091 2 
60.292 -38.324 8.94720 -0.28216 2 
62.857 -38.324 9.01113 -0.24064 2 
65.423 -38.324 9.09213 -0.01870 2 
67.988 -38.324 9.17982 -0.07472 2 
70.554 -38.324 8.96201 -0.04190 2 
73.120 -38.324 9.06836 0.16806 2 
75.685 -38.324 9.11931 0.15140 2 
78.251 -38.324 8.94534 0.04807 2 
80.816 -38.324 8.94985 0.04200 2 
83.382 -38.324 9.04062 0.23771 2 
85.948 -38.324 8.93912 -0.03374 2 
88.513 -38.324 9.13397 0.23771 2 
91.079 -38.324 8.96863 0.20866 2 
93.644 -38.324 8.97893 0.27111 2 
96.210 -38.324 9.00971 0.23568 2 
98.776 -38.324 9.04182 0.44822 2 
101.341 -38.324 8.93823 0.51158 2 
103.907 -38.324 9.23145 0.38210 2 
106.472 -38.324 8.95809 0.53898 2 
109.038 -38.324 9.04419 0.63749 2 
111.603 -38.324 8.92614 0.65665 2 
114.169 -38.324 9.19036 0.62291 2 
116.735 -38.324 9.27780 0.86655 2 
119.300 -38.324 0.00000 -0.00000 0 
-8.980 -40.889 8.04188 -0.86317 2 
-6.414 -40.889 7.88954 -0.75159 2 
-3.848 -40.889 8.14714 -0.98380 2 
-1.283 -40.889 8.04715 -0.95653 2 
1.283 -40.889 8.08395 -0.87301 2 
3.848 -40.889 8.29105 -0.90544 2 
6.414 -40.889 8.35838 -1.05838 2 
8.980 -40.889 8.30266 -0.94288 2 
11.545 -40.889 8.41351 -1.02190 2 
14.111 -40.889 8.59985 -0.96218 2 
16.676 -40.889 8.57039 -0.86430 2 
19.242 -40.889 8.67480 -1.01378 2 
21.808 -40.889 8.73668 -0.85089 2 
24.373 -40.889 8.86950 -0.84667 2 
26.939 -40.889 8.73847 -1.01084 2 
29.504 -40.889 8.89033 -0.71530 2 
32.070 -40.889 8.82925 -0.73859 2 
34.636 -40.889 8.94466 -0.79741 2 
37.201 -40.889 8.78034 -0.71414 2 
39.767 -40.889 8.99704 -0.55660 2 
42.332 -40.889 8.93837 -0.71296 2 
44.898 -40.889 9.01638 -0.63935 2 
47.464 -40.889 9.08052 -0.27267 2 
50.029 -40.889 9.09998 -0.47274 2 
52.595 -40.889 9.08029 -0.22912 2 
55.160 -40.889 9.06403 -0.43416 2 
57.726 -40.889 9.09505 -0.24688 2 
60.292 -40.889 9.06533 0.00730 2 
62.857 -40.889 9.01075 -0.15880 2 
65.423 -40.889 9.06105 0.00090 2 
67.988 -40.889 9.08254 0.00587 2 
70.554 -40.889 9.16354 0.09546 2 
73.120 -40.889 9.03323 0.02523 2 
75.685 -40.889 8.81840 -0.00513 2 
78.251 -40.889 9.02980 0.07346 2 
80.816 -40.889 8.99676 0.24744 2 
83.382 -40.889 8.95121 0.10110 2 
85.948 -40.889 9.13907 0.13092 2 
88.513 -40.889 9.03656 0.15152 2 
91.079 -40.889 8.96425 0.18473 2 
93.644 -40.889 9.05090 0.22908 2 
96.210 -40.889 8.95921 0.23193 2 
98.776 -40.889 9.09192 0.34644 2 
101.341 -40.889 9.09962 0.30881 2 
103.907 -40.889 8.90448 0.42649 2 
106.472 -40.889 8.95948 0.39922 2 
109.038 -40.889 8.97311 0.62916 2 
111.603 -40.889 8.80859 0.64111 2 
114.169 -40.889 8.77001 0.84151 2 
116.735 -40.889 9.35324 0.74875 2 
119.300 -40.889 0.00000 -0.00000 0 
-8.980 -43.455 8.02691 -0.72485 2 
-6.414 -43.455 8.12470 -0.86361 2 
-3.848 -43.455 7.96762 -0.74592 2 
-1.283 -43.455 8.06082 -0.82035 2 
1.283 -43.455 8.10433 -0.71649 2 
3.848 -43.455 8.16832 -0.90688 2 
6.414 -43.455 8.25536 -0.88763 2 
8.980 -43.455 8.37525 -0.85928 2 
11.545 -43.455 8.54756 -0.83532 2 
14.111 -43.455 8.67254 -0.97147 2 
16.676 -43.455 8.45541 -0.85473 2 
19.242 -43.455 8.57982 -0.92416 2 
21.808 -43.455 8.70888 -0.90207 2 
24.373 -43.455 8.69485 -0.82669 2 
26.939 -43.455 8.76045 -0.64063 2 
29.504 -43.455 8.76033 -0.98608 2 
32.070 -43.455 8.90885 -0.62960 2 
34.636 -43.455 8.89649 -0.75471 2 
37.201 -43.455 8.91421 -0.70001 2 
39.767 -43.455 8.98426 -0.57277 2 
42.332 -43.455 9.05297 -0.46751 2 
44.898 -43.455 8.96703 -0.60040 2 
47.464 -43.455 8.87364 -0.46754 2 
50.029 -43.455 9.10493 -0.34574 2 
52.595 -43.455 9.06902 -0.39523 2 
55.160 -43.455 9.10563 -0.10250 2 
57.726 -43.455 9.03195 -0.19911 2 
60.292 -43.455 9.00589 -0.07042 2 
62.857 -43.455 8.96394 0.01186 2 
65.423 -43.455 9.05020 -0.09820 2 
67.988 -43.455 8.88549 0.01079 2 
70.554 -43.455 9.03700 0.23641 2 
73.120 -43.455 8.91682 0.00244 2 
75.685 -43.455 9.02642 0.19551 2 
78.251 -43.455 9.06809 -0.08220 2 
80.816 -43.455 8.93045 0.13256 2 
83.382 -43.455 9.05878 0.05263 2 
85.948 -43.455 8.97049 0.17473 2 
88.513 -43.455 9.06764 0.27882 2 
91.079 -43.455 8.98735 0.15496 2 
93.644 -43.455 8.89992 0.16024 2 
96.210 -43.455 8.99079 0.24843 2 
98.776 -43.455 8.90915 0.34189 2 
101.341 -43.455 8.95127 0.44962 2 
103.907 -43.455 8.99009 0.39532 2 
106.472 -43.455 9.01967 0.42410 2 
109.038 -43.455 8.84706 0.53521 2 
111.603 -43.455 8.90837 0.63605 2 
114.169 -43.455 8.83227 0.55933 2 
116.735 -43.455 8.87293 0.53385 2 
119.300 -43.455 0.00000 -0.00000 0 
-8.980 -46.020 7.91572 -0.84055 2 
-6.414 -46.020 7.92308 -0.75702 2 
-3.848 -46.020 8.02053 -0.83043 2 
-1.283 -46.020 8.24741 -0.83921 2 
1.283 -46.020 8.17241 -0.84791 2 
3.848 -46.020 8.26840 -0.82986 2 
6.414 -46.020 8.34913 -0.83419 2 
8.980 -46.020 8.46243 -1.02620 2 
11.545 -46.020 8.35528 -0.76231 2 
14.111 -46.020 8.42061 -0.73522 2 
16.676 -46.020 8.65546 -0.80359 2 
19.242 -46.020 8.60619 -0.80169 2 
21.808 -46.020 8.60292 -0.76834 2 
24.373 -46.020 8.64738 -0.86637 2 
26.939 -46.020 8.84702 -0.73902 2 
29.504 -46.020 8.70755 -0.60556 2 
32.070 -46.020 8.81181 -0.68922 2 
34.636 -46.020 8.69598 -0.84781 2 
37.201 -46.020 8.75493 -0.48663 2 
39.767 -46.020 8.86220 -0.64293 2 
42.332 -46.020 8.90312 -0.65616 2 
44.898 -46.020 8.87610 -0.60787 2 
47.464 -46.020 8.98309 -0.45636 2 
50.029 -46.020 9.08288 -0.38196 2 
52.595 -46.020 8.97698 -0.28710 2 
55.160 -46.020 8.85945 -0.32122 2 
57.726 -46.020 9.07295 -0.35950 2 
60.292 -46.020 8.97658 -0.15915 2 
62.857 -46.020 8.94398 -0.20278 2 
65.423 -46.020 9.00028 -0.15586 2 
67.988 -46.020 8.93134 -0.19395 2 
70.554 -46.020 8.97082 -0.11994 2 
73.120 -46.020 9.09471 0.08265 2 
75.685 -46.020 8.87174 0.08135 2 
78.251 -46.020 8.91040 0.24416 2 
80.816 -46.020 8.80435 0.10610 2 
83.382 -46.020 8.92996 0.13875 2 
85.948 -46.020 8.95603 0.17570 2 
88.513 -46.020 8.90058 0.28148 2 
91.079 -46.020 8.98987 0.13575 2 
93.644 -46.020 8.91599 0.39332 2 
96.210 -46.020 8.93021 0.38544 2 
98.776 -46.020 8.95186 0.37747 2 
101.341 -46.020 8.99553 0.49855 2 
103.907 -46.020 9.03495 0.36007 2 
106.472 -46.020 8.86589 0.61844 2 
109.038 -46.020 8.90401 0.52309 2 
111.603 -46.020 8.74233 0.72298 2 
114.169 -46.020 8.87984 0.53238 2 
116.735 -46.020 8.99031 0.58139 2 
119.300 -46.020 0.00000 -0.00000 0 
-8.980 -48.586 7.97014 -0.75385 2 
-6.414 -48.586 8.05872 -0.73425 2 
-3.848 -48.586 8.03441 -0.86008 2 
-1.283 -48.586 8.14535 -0.86640 2 
1.283 -48.586 8.15412 -0.68555 2 
3.848 -48.586 8.07957 -0.87486 2 
6.414 -48.586 8.38177 -0.85893 2 
8.980 -48.586 8.28395 -0.78184 2 
11.545 -48.586 8.49043 -0.95751 2 
14.111 -48.586 8.36105 -0.84828 2 
16.676 -48.586 8.52845 -0.79919 2 
19.242 -48.586 8.59799 -0.81165 2 
21.808 -48.586 8.69865 -0.73282 2 
24.373 -48.586 8.66223 -0.83519 2 
26.939 -48.586 8.65756 -0.63666 2 
29.504 -48.586 8.81147 -0.75840 2 
32.070 -48.586 8.71335 -0.60105 2 
34.636 -48.586 8.84888 -0.70021 2 
37.201 -48.586 8.79278 -0.57578 2 
39.767 -48.586 8.91354 -0.51955 2 
42.332 -48.586 8.90411 -0.42895 2 
44.898 -48.586 8.81955 -0.35709 2 
47.464 -48.586 8.84410 -0.53931 2 
50.029 -48.586 8.94011 -0.26769 2 
52.595 -48.586 8.94080 -0.31940 2 
55.160 -48.586 8.91043 -0.35975 2 
57.726 -48.586 8.93069 -0.21518 2 
60.292 -48.586 8.95870 -0.06767 2 
62.857 -48.586 8.97998 -0.01079 2 
65.423 -48.586 8.91778 0.02344 2 
67.988 -48.586 8.87013 0.04530 2 
70.554 -48.586 9.02148 0.00755 2 
73.120 -48.586 9.03489 0.05563 2 
75.685 -48.586 8.73107 -0.04093 2 
78.251 -48.586 9.10430 0.18094 2 
80.816 -48.586 8.95338 0.05695 2 
83.382 -48.586 8.76569 0.16696 2 
85.948 -48.586 8.81032 0.17706 2 
88.513 -48.586 8.94238 0.20707 2 
91.079 -48.586 8.83711 0.20735 2 
93.644 -48.586 8.80952 0.34234 2 
96.210 -48.586 8.80300 0.23163 2 
98.776 -48.586 8.92529 0.52733 2 
101.341 -48.586 8.80832 0.39089 2 
103.907 -48.586 8.88291 0.45033 2 
106.472 -48.586 8.82714 0.52661 2 
109.038 -48.586 8.90182 0.55518 2 
111.603 -48.586 8.72885 0.63431 2 
114.169 -48.586 8.77953 0.75355 2 
116.735 -48.586 9.10768 0.62893 2 
119.300 -48.586 0.00000 -0.00000 0 
-8.980 -51.152 8.12184 -0.73206 2 
-6.414 -51.152 7.97454 -0.71654 2 
-3.848 -51.152 8.07837 -0.68163 2 
-1.283 -51.152 8.01021 -0.73997 2 
1.283 -51.152 8.17544 -0.72436 2 
3.848 -51.152 8.25260 -0.70761 2 
6.414 -51.152 8.16746 -0.85831 2 
8.980 -51.152 8.49802 -0.70235 2 
11.545 -51.152 8.51199 -0.71608 2 
14.111 -51.152 8.45081 -0.84516 2 
16.676 -51.152 8.48093 -0.72780 2 
19.242 -51.152 8.56444 -0.71865 2 
21.808 -51.152 8.57703 -0.78140 2 
24.373 -51.152 8.80327 -0.54562 2 
26.939 -51.152 8.74701 -0.77901 2 
29.504 -51.152 8.66694 -0.63856 2 
32.070 -51.152 8.63562 -0.78201 2 
34.636 -51.152 8.86669 -0.58716 2 
37.201 -51.152 8.72473 -0.65782 2 
39.767 -51.152 8.81343 -0.63481 2 
42.332 -51.152 8.83465 -0.55518 2 
44.898 -51.152 8.82519 -0.51175 2 
47.464 -51.152 9.05812 -0.40641 2 
50.029 -51.152 8.91100 -0.39490 2 
52.595 -51.152 8.88631 -0.35438 2 
55.160 -51.152 8.88056 -0.19330 2 
57.726 -51.152 8.90384 -0.12320 2 
60.292 -51.152 8.92209 -0.17803 2 
62.857 -51.152 8.91901 -0.25652 2 
65.423 -51.152 8.96628 -0.11290 2 
67.988 -51.152 9.03504 -0.09858 2 
70.554 -51.152 8.83210 -0.09840 2 
73.120 -51.152 8.94829 0.08432 2 
75.685 -51.152 8.94392 -0.06951 2 
78.251 -51.152 8.87563 0.06213 2 
80.816 -51.152 9.01116 0.15617 2 
83.382 -51.152 8.86978 0.20189 2 
85.948 -51.152 8.88619 0.13740 2 
88.513 -51.152 8.77939 0.09342 2 
91.079 -51.152 8.81839 0.09078 2 
93.644 -51.152 8.82189 0.43327 2 
96.210 -51.152 8.93352 0.18093 2 
98.776 -51.152 8.85773 0.29751 2 
101.341 -51.152 8.85132 0.44734 2 
103.907 -51.152 8.70530 0.52352 2 
106.472 -51.152 8.73502 0.50876 2 
109.038 -51.152 8.76369 0.56594 2 
111.603 -51.152 8.71296 0.58383 2 
114.169 -51.152 8.61863 0.49540 2 
116.735 -51.152 9.01700 0.75723 2 
119.300 -51.152 0.00000 -0.00000 0 
-8.980 -53.717 0.00000 -0.00000 0 
-6.414 -53.717 8.04907 -0.82726 2 
-3.848 -53.717 8.24989 -0.74106 2 
-1.283 -53.717 8.21791 -0.87520 2 
1.283 -53.717 8.23120 -0.75048 2 
3.848 -53.717 8.35347 -0.91509 2 
6.414 -53.717 8.48160 -0.83662 2 
8.980 -53.717 8.40988 -0.79573 2 
11.545 -53.717 8.54914 -0.68575 2 
14.111 -53.717 8.73047 -0.91504 2 
16.676 -53.717 8.61639 -0.53502 2 
19.242 -53.717 8.73695 -0.77670 2 
21.808 -53.717 8.99551 -0.80588 2 
24.373 -53.717 8.84590 -0.78158 2 
26.939 -53.717 8.77585 -0.58636 2 
29.504 -53.717 9.07076 -0.67724 2 
32.070 -53.717 9.00082 -0.59339 2 
34.636 -53.717 8.86872 -0.71449 2 
37.201 -53.717 9.14933 -0.62481 2 
39.767 -53.717 9.17209 -0.56946 2 
42.332 -53.717 9.07673 -0.43929 2 
44.898 -53.717 8.98136 -0.30912 2 
47.464 -53.717 8.83637 -0.52198 2 
50.029 -53.717 8.92899 -0.19304 2 
52.595 -53.717 8.92083 -0.40530 2 
55.160 -53.717 8.82284 -0.32811 2 
57.726 -53.717 8.89134 -0.15606 2 
60.292 -53.717 8.90026 -0.22829 2 
62.857 -53.717 8.74447 -0.12941 2 
65.423 -53.717 8.95420 -0.20717 2 
67.988 -53.717 8.92538 -0.15979 2 
70.554 -53.717 8.82718 -0.14912 2 
73.120 -53.717 8.91927 -0.04635 2 
75.685 -53.717 8.84171 0.05662 2 
78.251 -53.717 8.94436 0.10466 2 
80.816 -53.717 8.73064 0.15918 2 
83.382 -53.717 8.88786 -0.00877 2 
85.948 -53.717 8.94519 0.00631 2 
88.513 -53.717 8.88713 0.25879 2 
91.079 -53.717 8.87228 0.31759 2 
93.644 -53.717 8.76810 0.39900 2 
96.210 -53.717 8.83391 0.29742 2 
98.776 -53.717 8.85313 0.41392 2 
101.341 -53.717 8.87995 0.40809 2 
103.907 -53.717 9.01808 0.40511 2 
106.472 -53.717 9.15621 0.40213 2 
109.038 -53.717 9.00393 0.38292 2 
111.603 -53.717 9.06332 0.29723 2 
114.169 -53.717 8.82357 0.49426 2 
116.735 -53.717 0.00000 -0.00000 0 
119.300 -53.717 0.00000 -0.00000 0 
-8.980 -56.283 0.00000 -0.00000 0 
-6.414 -56.283 0.00000 -0.00000 0 
-3.848 -56.283 0.00000 -0.00000 0 
-1.283 -56.283 0.00000 -0.00000 0 
1.283 -56.283 0.00000 -0.00000 0 
3.848 -56.283 0.00000 -0.00000 0 
6.414 -56.283 0.00000 -0.00000 0 
8.980 -56.283 0.00000 -0.00000 0 
11.545 -56.283 0.00000 -0.00000 0 
14.111 -56.283 0.00000 -0.00000 0 
16.676 -56.283 0.00000 -0.00000 0 
19.242 -56.283 0.00000 -0.00000 0 
21.808 -56.283 0.00000 -0.00000 0 
24.373 -56.283 0.00000 -0.00000 0 
26.939 -56.283 0.00000 -0.00000 0 
29.504 -56.283 0.00000 -0.00000 0 
32.070 -56.283 0.00000 -0.00000 0 
34.636 -56.283 0.00000 -0.00000 0 
37.201 -56.283 0.00000 -0.00000 0 
39.767 -56.283 0.00000 -0.00000 0 
42.332 -56.283 0.00000 -0.00000 0 
44.898 -56.283 9.10045 -0.27374 2 
47.464 -56.283 8.72216 -0.27684 2 
50.029 -56.283 8.93781 -0.23075 2 
52.595 -56.283 8.97989 -0.30794 2 
55.160 -56.283 8.83860 -0.27960 2 
57.726 -56.283 8.82017 -0.23245 2 
60.292 -56.283 8.65154 -0.30245 2 
62.857 -56.283 8.84377 -0.30793 2 
65.423 -56.283 8.75645 -0.37223 2 
67.988 -56.283 8.83307 -0.24374 2 
70.554 -56.283 8.82067 -0.17649 2 
73.120 -56.283 8.80828 -0.10925 2 
75.685 -56.283 8.79535 0.10258 2 
78.251 -56.283 8.79417 0.05133 2 
80.816 -56.283 8.92831 0.14799 2 
83.382 -56.283 8.89888 0.18133 2 
85.948 -56.283 8.81008 0.22249 2 
88.513 -56.283 8.86342 0.08967 2 
91.079 -56.283 8.75424 0.24975 2 
93.644 -56.283 8.81134 0.26845 2 
96.210 -56.283 8.81674 0.19955 2 
98.776 -56.283 8.86166 0.23074 2 
101.341 -56.283 0.00000 -0.00000 0 
103.907 -56.283 0.00000 -0.00000 0 
106.472 -56.283 0.00000 -0.00000 0 
109.038 -56.283 0.00000 -0.00000 0 
111.603 -56.283 0.00000 -0.00000 0 
114.169 -56.283 0.00000 -0.00000 0 
116.735 -56.283 0.00000 -0.00000 0 
119.300 -56.283 0.00000 -0.00000 0 
