TITLE = "B00069"
VARIABLES = "X [mm]", "Y [mm]", "Vx [m/s]", "Vy [m/s]", "Flag"
ZONE T="Frame 1", I=51, J=39, F=POINT
-8.980 41.210 7.23564 0.19395 2 
-6.414 41.210 7.32494 0.32407 2 
-3.848 41.210 7.22559 0.24387 2 
-1.283 41.210 7.22749 0.43661 2 
1.283 41.210 7.43933 0.41694 2 
3.848 41.210 0.00000 -0.00000 0 
6.414 41.210 0.00000 -0.00000 0 
8.980 41.210 0.00000 -0.00000 0 
11.545 41.210 0.00000 -0.00000 0 
14.111 41.210 0.00000 -0.00000 0 
16.676 41.210 0.00000 -0.00000 0 
19.242 41.210 3.92830 0.44243 2 
21.808 41.210 7.85661 0.88486 2 
24.373 41.210 7.47612 0.78956 2 
26.939 41.210 7.44910 0.79776 2 
29.504 41.210 7.59731 0.78513 2 
32.070 41.210 7.46336 0.70302 2 
34.636 41.210 7.68836 0.85423 2 
37.201 41.210 7.73568 0.99238 2 
39.767 41.210 7.49210 0.93763 2 
42.332 41.210 7.80496 0.98832 2 
44.898 41.210 7.76597 0.96866 2 
47.464 41.210 7.82335 1.01840 2 
50.029 41.210 7.90422 0.76625 2 
52.595 41.210 8.08474 0.87104 2 
55.160 41.210 8.10810 1.00548 2 
57.726 41.210 8.20139 1.00306 2 
60.292 41.210 8.17474 0.77453 2 
62.857 41.210 8.30367 0.63173 2 
65.423 41.210 8.26639 0.83655 2 
67.988 41.210 8.26526 0.76688 2 
70.554 41.210 8.38731 0.67287 2 
73.120 41.210 8.66449 0.71968 2 
75.685 41.210 8.33482 0.58728 2 
78.251 41.210 8.34525 0.60402 2 
80.816 41.210 0.00000 0.00000 0 
83.382 41.210 8.44363 0.52527 2 
85.948 41.210 8.52235 0.52383 2 
88.513 41.210 8.72923 0.63690 2 
91.079 41.210 8.44893 0.21978 2 
93.644 41.210 8.51354 0.30085 2 
96.210 41.210 8.57815 0.38193 2 
98.776 41.210 8.63379 0.15620 2 
101.341 41.210 8.73937 0.22085 2 
103.907 41.210 8.64769 -0.05425 2 
106.472 41.210 8.58429 -0.26854 2 
109.038 41.210 8.63847 -0.39288 2 
111.603 41.210 8.54274 -0.40406 2 
114.169 41.210 0.00000 -0.00000 0 
116.735 41.210 0.00000 -0.00000 0 
119.300 41.210 0.00000 -0.00000 0 
-8.980 38.644 7.13375 0.26422 2 
-6.414 38.644 7.23199 0.43769 2 
-3.848 38.644 7.00424 0.37418 2 
-1.283 38.644 7.12868 0.37778 2 
1.283 38.644 8.05979 0.56396 2 
3.848 38.644 0.00000 -0.00000 0 
6.414 38.644 0.00000 -0.00000 0 
8.980 38.644 0.00000 -0.00000 0 
11.545 38.644 0.00000 -0.00000 0 
14.111 38.644 0.00000 -0.00000 0 
16.676 38.644 0.00000 -0.00000 0 
19.242 38.644 1.02091 0.55538 2 
21.808 38.644 7.97758 0.83903 2 
24.373 38.644 7.29763 0.73416 2 
26.939 38.644 7.37910 0.82677 2 
29.504 38.644 7.50198 0.84229 2 
32.070 38.644 7.51313 0.72925 2 
34.636 38.644 7.55917 0.86527 2 
37.201 38.644 7.49426 0.90227 2 
39.767 38.644 7.78928 0.76162 2 
42.332 38.644 7.92794 0.90890 2 
44.898 38.644 7.92574 0.86813 2 
47.464 38.644 7.87690 0.95492 2 
50.029 38.644 8.08195 0.71974 2 
52.595 38.644 8.09183 1.01813 2 
55.160 38.644 7.99895 1.01389 2 
57.726 38.644 8.03973 0.82262 2 
60.292 38.644 8.20555 0.92405 2 
62.857 38.644 8.42425 0.88645 2 
65.423 38.644 8.29743 0.59144 2 
67.988 38.644 8.40699 0.83256 2 
70.554 38.644 8.35883 0.87931 2 
73.120 38.644 8.48485 0.70076 2 
75.685 38.644 8.66017 0.61194 2 
78.251 38.644 8.62036 0.57339 2 
80.816 38.644 0.00000 0.00000 0 
83.382 38.644 8.70309 0.45146 2 
85.948 38.644 8.81268 0.43890 2 
88.513 38.644 8.68341 0.31260 2 
91.079 38.644 8.81978 0.32012 2 
93.644 38.644 8.63365 0.26241 2 
96.210 38.644 8.88660 0.21438 2 
98.776 38.644 8.82786 -0.03024 2 
101.341 38.644 8.73880 -0.00921 2 
103.907 38.644 8.81786 -0.27802 2 
106.472 38.644 8.53123 -0.29486 2 
109.038 38.644 8.72409 -0.39906 2 
111.603 38.644 8.68933 -0.27221 2 
114.169 38.644 8.67708 -0.47822 2 
116.735 38.644 8.81283 -0.73863 2 
119.300 38.644 0.00000 -0.00000 0 
-8.980 36.079 7.05387 0.43763 2 
-6.414 36.079 7.20474 0.21646 2 
-3.848 36.079 7.20435 0.40607 2 
-1.283 36.079 7.01665 0.59296 2 
1.283 36.079 7.60792 0.41859 2 
3.848 36.079 0.00000 -0.00000 0 
6.414 36.079 0.00000 -0.00000 0 
8.980 36.079 0.00000 -0.00000 0 
11.545 36.079 0.00000 -0.00000 0 
14.111 36.079 0.00000 -0.00000 0 
16.676 36.079 0.00000 -0.00000 0 
19.242 36.079 3.91308 0.40532 2 
21.808 36.079 7.82617 0.81064 2 
24.373 36.079 7.25390 0.88730 2 
26.939 36.079 7.37919 0.74137 2 
29.504 36.079 7.48225 0.87426 2 
32.070 36.079 7.38411 1.05459 2 
34.636 36.079 7.69782 0.79943 2 
37.201 36.079 7.51416 0.82643 2 
39.767 36.079 7.65147 1.06876 2 
42.332 36.079 7.71128 0.85103 2 
44.898 36.079 7.93633 0.82352 2 
47.464 36.079 7.79683 0.97202 2 
50.029 36.079 7.94092 1.03470 2 
52.595 36.079 8.10010 0.94925 2 
55.160 36.079 7.97863 0.89553 2 
57.726 36.079 8.17697 0.91495 2 
60.292 36.079 8.26347 0.82904 2 
62.857 36.079 8.22526 0.86067 2 
65.423 36.079 8.29914 0.86923 2 
67.988 36.079 8.39160 0.90723 2 
70.554 36.079 8.53795 0.84866 2 
73.120 36.079 8.59524 0.81746 2 
75.685 36.079 8.56153 0.77672 2 
78.251 36.079 8.71520 0.81295 2 
80.816 36.079 0.00000 0.00000 0 
83.382 36.079 8.66427 0.68132 2 
85.948 36.079 8.71035 0.65768 2 
88.513 36.079 8.80488 0.39238 2 
91.079 36.079 8.53836 0.20695 2 
93.644 36.079 8.89036 0.26033 2 
96.210 36.079 8.70344 0.26575 2 
98.776 36.079 8.71811 -0.07072 2 
101.341 36.079 8.58206 -0.14348 2 
103.907 36.079 8.65034 -0.15890 2 
106.472 36.079 8.99860 -0.26070 2 
109.038 36.079 8.71550 -0.34928 2 
111.603 36.079 8.68146 -0.41141 2 
114.169 36.079 8.58269 -0.50031 2 
116.735 36.079 9.05618 -0.85789 2 
119.300 36.079 0.00000 -0.00000 0 
-8.980 33.513 7.08723 0.26640 2 
-6.414 33.513 7.13454 0.27924 2 
-3.848 33.513 7.08259 0.43199 2 
-1.283 33.513 7.02333 0.56510 2 
1.283 33.513 7.44788 0.54330 2 
3.848 33.513 0.00000 -0.00000 0 
6.414 33.513 0.00000 -0.00000 0 
8.980 33.513 0.00000 -0.00000 0 
11.545 33.513 0.00000 -0.00000 0 
14.111 33.513 0.00000 -0.00000 0 
16.676 33.513 0.00000 -0.00000 0 
19.242 33.513 3.90059 0.43706 2 
21.808 33.513 7.80118 0.87413 2 
24.373 33.513 7.41854 0.78256 2 
26.939 33.513 7.29941 0.87289 2 
29.504 33.513 7.42276 1.08322 2 
32.070 33.513 7.57083 0.83702 2 
34.636 33.513 7.37018 1.07338 2 
37.201 33.513 7.57790 1.02779 2 
39.767 33.513 7.68865 0.80997 2 
42.332 33.513 7.76384 0.99599 2 
44.898 33.513 7.69798 1.10851 2 
47.464 33.513 8.04537 0.92171 2 
50.029 33.513 7.88330 0.98254 2 
52.595 33.513 8.13025 0.85982 2 
55.160 33.513 8.00184 0.92432 2 
57.726 33.513 8.15386 1.07500 2 
60.292 33.513 8.23947 0.97696 2 
62.857 33.513 8.31224 0.93812 2 
65.423 33.513 8.36844 0.91035 2 
67.988 33.513 8.59815 0.79272 2 
70.554 33.513 8.48564 0.85698 2 
73.120 33.513 8.49585 0.77528 2 
75.685 33.513 8.77378 0.78194 2 
78.251 33.513 8.46380 0.75451 2 
80.816 33.513 0.00000 0.00000 0 
83.382 33.513 8.75637 0.47748 2 
85.948 33.513 8.92383 0.44816 2 
88.513 33.513 8.81831 0.42371 2 
91.079 33.513 8.94322 0.38694 2 
93.644 33.513 8.98372 0.37357 2 
96.210 33.513 8.65072 0.08185 2 
98.776 33.513 9.02748 0.27892 2 
101.341 33.513 8.86255 0.06543 2 
103.907 33.513 8.98935 -0.28444 2 
106.472 33.513 8.80841 -0.28664 2 
109.038 33.513 8.91276 -0.58527 2 
111.603 33.513 8.89215 -0.44174 2 
114.169 33.513 8.68088 -0.71756 2 
116.735 33.513 9.32564 -0.78595 2 
119.300 33.513 0.00000 -0.00000 0 
-8.980 30.948 6.97633 0.39441 2 
-6.414 30.948 7.13551 0.24128 2 
-3.848 30.948 7.09428 0.44047 2 
-1.283 30.948 7.05684 0.40089 2 
1.283 30.948 7.44154 0.52538 2 
3.848 30.948 0.00000 -0.00000 0 
6.414 30.948 0.00000 -0.00000 0 
8.980 30.948 0.00000 -0.00000 0 
11.545 30.948 0.00000 -0.00000 0 
14.111 30.948 0.00000 -0.00000 0 
16.676 30.948 0.00000 -0.00000 0 
19.242 30.948 2.08453 0.74782 2 
21.808 30.948 7.73698 0.88707 2 
24.373 30.948 7.17023 0.95271 2 
26.939 30.948 7.31010 0.89343 2 
29.504 30.948 7.43225 1.05410 2 
32.070 30.948 7.45878 0.99237 2 
34.636 30.948 7.52621 0.96711 2 
37.201 30.948 7.63633 1.09129 2 
39.767 30.948 7.57793 0.96289 2 
42.332 30.948 7.86973 1.05952 2 
44.898 30.948 7.61643 1.09868 2 
47.464 30.948 7.77763 1.10417 2 
50.029 30.948 8.05067 0.99739 2 
52.595 30.948 7.94424 1.08566 2 
55.160 30.948 8.15642 1.09787 2 
57.726 30.948 8.26915 1.03515 2 
60.292 30.948 8.29607 0.87612 2 
62.857 30.948 8.41111 0.97552 2 
65.423 30.948 8.45435 1.15349 2 
67.988 30.948 8.36765 1.00424 2 
70.554 30.948 8.55380 0.74166 2 
73.120 30.948 8.62112 0.87116 2 
75.685 30.948 8.44524 0.60790 2 
78.251 30.948 8.79854 0.76946 2 
80.816 30.948 0.00000 0.00000 0 
83.382 30.948 8.80144 0.54596 2 
85.948 30.948 8.86812 0.53091 2 
88.513 30.948 9.05664 0.55040 2 
91.079 30.948 8.83055 0.28320 2 
93.644 30.948 9.05852 0.44330 2 
96.210 30.948 9.12650 -0.01456 2 
98.776 30.948 8.93678 0.04448 2 
101.341 30.948 8.97984 -0.12001 2 
103.907 30.948 9.00615 -0.02361 2 
106.472 30.948 9.12921 -0.31893 2 
109.038 30.948 9.04962 -0.30702 2 
111.603 30.948 8.81195 -0.66633 2 
114.169 30.948 8.78506 -0.70265 2 
116.735 30.948 9.41262 -0.89730 2 
119.300 30.948 0.00000 -0.00000 0 
-8.980 28.382 7.04863 0.13531 2 
-6.414 28.382 7.05181 0.30267 2 
-3.848 28.382 7.00461 0.26787 2 
-1.283 28.382 7.04228 0.35700 2 
1.283 28.382 7.42214 0.42532 2 
3.848 28.382 3.68482 0.32515 2 
6.414 28.382 0.00000 -0.00000 0 
8.980 28.382 0.00000 -0.00000 0 
11.545 28.382 0.00000 -0.00000 0 
14.111 28.382 0.00000 -0.00000 0 
16.676 28.382 2.56924 0.45745 2 
19.242 28.382 5.13848 0.91490 2 
21.808 28.382 7.52294 0.99026 2 
24.373 28.382 7.28313 1.11924 2 
26.939 28.382 7.28042 0.99839 2 
29.504 28.382 7.31803 0.96649 2 
32.070 28.382 7.55953 1.19701 2 
34.636 28.382 7.44108 1.11395 2 
37.201 28.382 7.70169 1.07274 2 
39.767 28.382 7.53861 1.14132 2 
42.332 28.382 7.77350 1.15409 2 
44.898 28.382 7.71436 0.94225 2 
47.464 28.382 8.06554 1.20776 2 
50.029 28.382 8.02092 0.88985 2 
52.595 28.382 7.99202 1.27553 2 
55.160 28.382 8.19170 1.03519 2 
57.726 28.382 8.17315 1.06231 2 
60.292 28.382 8.16631 1.06047 2 
62.857 28.382 8.43030 0.95931 2 
65.423 28.382 8.49107 0.94893 2 
67.988 28.382 8.71277 1.17233 2 
70.554 28.382 8.58583 0.76914 2 
73.120 28.382 8.84018 0.98689 2 
75.685 28.382 8.62958 1.07980 2 
78.251 28.382 8.69347 0.59272 2 
80.816 28.382 9.14823 0.88401 2 
83.382 28.382 9.18138 0.79295 2 
85.948 28.382 9.21452 0.70188 2 
88.513 28.382 8.85218 0.40836 2 
91.079 28.382 9.12140 0.53017 2 
93.644 28.382 8.97811 0.12734 2 
96.210 28.382 8.97496 0.27608 2 
98.776 28.382 8.97774 -0.06354 2 
101.341 28.382 9.14796 0.03634 2 
103.907 28.382 8.95115 -0.18623 2 
106.472 28.382 9.12817 -0.21746 2 
109.038 28.382 9.11004 -0.57123 2 
111.603 28.382 9.16690 -0.51359 2 
114.169 28.382 9.11696 -0.95199 2 
116.735 28.382 9.28047 -0.71896 2 
119.300 28.382 0.00000 -0.00000 0 
-8.980 25.816 6.99551 0.14998 2 
-6.414 25.816 7.08388 0.31591 2 
-3.848 25.816 6.94176 0.33030 2 
-1.283 25.816 7.06172 0.42041 2 
1.283 25.816 6.95018 0.55791 2 
3.848 25.816 7.36963 0.65031 2 
6.414 25.816 0.00000 -0.00000 0 
8.980 25.816 0.00000 -0.00000 0 
11.545 25.816 0.00000 -0.00000 0 
14.111 25.816 0.00000 -0.00000 0 
16.676 25.816 4.09621 0.54099 2 
19.242 25.816 8.19242 1.08199 2 
21.808 25.816 7.01076 0.95332 2 
24.373 25.816 7.32328 0.86689 2 
26.939 25.816 7.18667 1.19759 2 
29.504 25.816 7.43837 1.00518 2 
32.070 25.816 7.42253 1.28438 2 
34.636 25.816 7.35778 1.21736 2 
37.201 25.816 7.49099 1.10819 2 
39.767 25.816 7.79899 1.19908 2 
42.332 25.816 7.65779 1.12621 2 
44.898 25.816 7.62704 1.31388 2 
47.464 25.816 7.89008 1.05195 2 
50.029 25.816 8.02194 1.32530 2 
52.595 25.816 8.19501 1.23395 2 
55.160 25.816 8.16657 1.03575 2 
57.726 25.816 8.25135 1.26367 2 
60.292 25.816 8.37966 1.21969 2 
62.857 25.816 8.48938 1.01214 2 
65.423 25.816 8.24070 1.05317 2 
67.988 25.816 8.48481 0.95281 2 
70.554 25.816 8.55447 1.05079 2 
73.120 25.816 8.64555 0.68698 2 
75.685 25.816 8.88458 0.87501 2 
78.251 25.816 8.80317 0.87346 2 
80.816 25.816 8.56459 0.74997 2 
83.382 25.816 0.00000 0.00000 0 
85.948 25.816 8.99643 0.79231 2 
88.513 25.816 9.04714 0.59895 2 
91.079 25.816 8.92300 0.37208 2 
93.644 25.816 9.13372 0.25723 2 
96.210 25.816 8.85353 0.13057 2 
98.776 25.816 9.22398 0.28680 2 
101.341 25.816 9.07358 -0.18140 2 
103.907 25.816 8.95480 -0.06772 2 
106.472 25.816 9.16520 0.08708 2 
109.038 25.816 9.37097 -0.26997 2 
111.603 25.816 9.44461 -0.47886 2 
114.169 25.816 9.33001 -0.81469 2 
116.735 25.816 9.60873 -1.18326 2 
119.300 25.816 0.00000 -0.00000 0 
-8.980 23.251 7.21413 0.12163 2 
-6.414 23.251 6.93145 0.30840 2 
-3.848 23.251 6.95890 0.37270 2 
-1.283 23.251 6.92277 0.43111 2 
1.283 23.251 6.95993 0.27285 2 
3.848 23.251 7.16487 0.56502 2 
6.414 23.251 0.00000 -0.00000 0 
8.980 23.251 0.00000 -0.00000 0 
11.545 23.251 0.00000 -0.00000 0 
14.111 23.251 0.00000 -0.00000 0 
16.676 23.251 -0.24125 0.71739 2 
19.242 23.251 7.41488 1.11407 2 
21.808 23.251 7.25524 1.01595 2 
24.373 23.251 7.16822 1.13306 2 
26.939 23.251 7.25611 1.21216 2 
29.504 23.251 7.34897 1.10578 2 
32.070 23.251 7.25251 1.21802 2 
34.636 23.251 7.46151 1.30665 2 
37.201 23.251 7.42490 1.26652 2 
39.767 23.251 7.82609 1.19691 2 
42.332 23.251 7.88592 1.15568 2 
44.898 23.251 7.68515 1.23045 2 
47.464 23.251 7.86048 1.15759 2 
50.029 23.251 7.96145 1.18604 2 
52.595 23.251 8.05298 1.30904 2 
55.160 23.251 8.10223 1.33936 2 
57.726 23.251 8.13045 1.18416 2 
60.292 23.251 8.47580 1.09100 2 
62.857 23.251 8.20100 1.17944 2 
65.423 23.251 8.31734 1.09206 2 
67.988 23.251 8.60999 1.11373 2 
70.554 23.251 8.97486 0.94215 2 
73.120 23.251 8.51263 1.11808 2 
75.685 23.251 8.58256 1.09345 2 
78.251 23.251 8.89844 0.92182 2 
80.816 23.251 9.12412 1.01706 2 
83.382 23.251 0.00000 0.00000 0 
85.948 23.251 6.95084 0.58684 2 
88.513 23.251 6.63440 0.51412 2 
91.079 23.251 9.18946 0.42891 2 
93.644 23.251 9.21023 0.42497 2 
96.210 23.251 9.20971 0.14362 2 
98.776 23.251 9.29641 -0.00552 2 
101.341 23.251 9.03120 0.08839 2 
103.907 23.251 9.13976 0.22365 2 
106.472 23.251 9.38322 0.16723 2 
109.038 23.251 9.47172 0.00639 2 
111.603 23.251 9.97659 -0.70692 2 
114.169 23.251 9.84092 -0.85725 2 
116.735 23.251 9.85663 -1.25462 2 
119.300 23.251 0.00000 -0.00000 0 
-8.980 20.685 6.81095 0.21874 2 
-6.414 20.685 6.96083 0.15210 2 
-3.848 20.685 6.80668 0.16975 2 
-1.283 20.685 6.80300 0.38309 2 
1.283 20.685 6.72956 0.38959 2 
3.848 20.685 6.95295 0.58745 2 
6.414 20.685 0.00000 -0.00000 0 
8.980 20.685 0.00000 -0.00000 0 
11.545 20.685 0.00000 -0.00000 0 
14.111 20.685 0.00000 -0.00000 0 
16.676 20.685 3.54240 0.57061 2 
19.242 20.685 7.08481 1.14122 2 
21.808 20.685 7.04373 1.04700 2 
24.373 20.685 6.95677 1.09397 2 
26.939 20.685 7.40910 1.27673 2 
29.504 20.685 7.23626 1.31551 2 
32.070 20.685 7.36284 1.21592 2 
34.636 20.685 7.40501 1.27115 2 
37.201 20.685 7.49638 1.41931 2 
39.767 20.685 7.57766 1.42496 2 
42.332 20.685 7.52009 1.40145 2 
44.898 20.685 7.86885 1.52043 2 
47.464 20.685 7.79100 1.26275 2 
50.029 20.685 8.07601 1.19853 2 
52.595 20.685 8.10467 1.41184 2 
55.160 20.685 8.53504 1.39949 2 
57.726 20.685 8.47234 1.29646 2 
60.292 20.685 8.29110 1.32054 2 
62.857 20.685 8.45593 1.44613 2 
65.423 20.685 8.66872 1.37284 2 
67.988 20.685 4.30500 0.55686 2 
70.554 20.685 8.38794 1.37393 2 
73.120 20.685 9.50876 1.28474 2 
75.685 20.685 9.25477 0.97760 2 
78.251 20.685 9.27253 1.45861 2 
80.816 20.685 9.82878 0.91162 2 
83.382 20.685 0.00000 0.00000 0 
85.948 20.685 0.00000 0.00000 0 
88.513 20.685 0.00000 0.00000 0 
91.079 20.685 9.89835 0.54079 2 
93.644 20.685 9.57243 0.16944 2 
96.210 20.685 9.28632 0.24679 2 
98.776 20.685 9.23679 -0.16745 2 
101.341 20.685 9.38333 -0.16637 2 
103.907 20.685 9.28606 -0.07123 2 
106.472 20.685 9.34755 0.50461 2 
109.038 20.685 10.32082 0.53352 2 
111.603 20.685 10.10692 0.78781 2 
114.169 20.685 10.27588 -1.52123 2 
116.735 20.685 10.42686 -1.39793 2 
119.300 20.685 0.00000 -0.00000 0 
-8.980 18.120 6.93990 0.08130 2 
-6.414 18.120 6.85751 0.10078 2 
-3.848 18.120 6.83635 0.29139 2 
-1.283 18.120 6.79181 0.32900 2 
1.283 18.120 6.77979 0.44977 2 
3.848 18.120 6.81270 0.65391 2 
6.414 18.120 0.00000 -0.00000 0 
8.980 18.120 0.00000 -0.00000 0 
11.545 18.120 0.00000 -0.00000 0 
14.111 18.120 0.00000 -0.00000 0 
16.676 18.120 3.66073 0.45258 2 
19.242 18.120 7.32147 0.90516 2 
21.808 18.120 6.87561 1.04770 2 
24.373 18.120 7.06848 1.35587 2 
26.939 18.120 6.97064 1.31033 2 
29.504 18.120 7.35555 1.50266 2 
32.070 18.120 7.27724 1.37296 2 
34.636 18.120 7.41702 1.50810 2 
37.201 18.120 7.52463 1.56567 2 
39.767 18.120 7.71509 1.43150 2 
42.332 18.120 7.95992 1.32363 2 
44.898 18.120 7.47954 1.43584 2 
47.464 18.120 7.85836 1.45730 2 
50.029 18.120 7.98392 1.34905 2 
52.595 18.120 8.63244 1.40646 2 
55.160 18.120 7.13394 1.16613 2 
57.726 18.120 8.62145 1.20832 2 
60.292 18.120 8.82194 1.27987 2 
62.857 18.120 9.08157 1.09584 2 
65.423 18.120 4.33436 0.68642 2 
67.988 18.120 0.00000 -0.00000 0 
70.554 18.120 0.00000 -0.00000 0 
73.120 18.120 0.00000 -0.00000 0 
75.685 18.120 0.00000 -0.00000 0 
78.251 18.120 0.00000 -0.00000 0 
80.816 18.120 0.00000 -0.00000 0 
83.382 18.120 0.00000 -0.00000 0 
85.948 18.120 0.69857 0.13583 2 
88.513 18.120 -1.20625 0.32124 2 
91.079 18.120 4.15555 0.20501 2 
93.644 18.120 9.51735 0.08877 2 
96.210 18.120 10.26134 -0.38946 2 
98.776 18.120 9.12301 -0.19222 2 
101.341 18.120 6.21869 -0.24399 2 
103.907 18.120 7.07707 -0.55410 2 
106.472 18.120 7.93956 0.43808 2 
109.038 18.120 7.03881 2.81027 2 
111.603 18.120 6.03977 2.25776 2 
114.169 18.120 8.37278 -2.17438 2 
116.735 18.120 10.82254 -0.00042 2 
119.300 18.120 0.00000 -0.00000 0 
-8.980 15.554 6.87665 -0.08286 2 
-6.414 15.554 6.80808 0.09229 2 
-3.848 15.554 6.86666 0.22833 2 
-1.283 15.554 6.54747 0.14204 2 
1.283 15.554 6.61676 0.32290 2 
3.848 15.554 6.65247 0.57629 2 
6.414 15.554 0.00000 -0.00000 0 
8.980 15.554 0.00000 -0.00000 0 
11.545 15.554 0.00000 -0.00000 0 
14.111 15.554 0.00000 -0.00000 0 
16.676 15.554 3.60635 0.57943 2 
19.242 15.554 7.21270 1.15887 2 
21.808 15.554 6.87649 1.49126 2 
24.373 15.554 6.91382 1.21338 2 
26.939 15.554 7.16193 1.46789 2 
29.504 15.554 7.26128 1.32504 2 
32.070 15.554 7.20329 1.79057 2 
34.636 15.554 7.48548 1.50822 2 
37.201 15.554 7.45888 1.70019 2 
39.767 15.554 7.71563 1.51368 2 
42.332 15.554 8.18631 1.60588 2 
44.898 15.554 7.80607 1.51345 2 
47.464 15.554 8.34069 1.66536 2 
50.029 15.554 8.43160 1.50318 2 
52.595 15.554 7.60461 1.20442 2 
55.160 15.554 0.00000 -0.00000 0 
57.726 15.554 0.00000 -0.00000 0 
60.292 15.554 0.00000 -0.00000 0 
62.857 15.554 0.00000 -0.00000 0 
65.423 15.554 0.00000 -0.00000 0 
67.988 15.554 0.00000 -0.00000 0 
70.554 15.554 0.00000 -0.00000 0 
73.120 15.554 0.00000 -0.00000 0 
75.685 15.554 0.00000 -0.00000 0 
78.251 15.554 0.00000 -0.00000 0 
80.816 15.554 -1.18173 -0.56371 2 
83.382 15.554 -0.94693 -0.57170 2 
85.948 15.554 -1.11368 0.58914 2 
88.513 15.554 -1.77636 0.84139 2 
91.079 15.554 0.65522 0.82290 2 
93.644 15.554 3.08680 0.80442 2 
96.210 15.554 1.46104 -0.02490 2 
98.776 15.554 2.25754 -0.17325 2 
101.341 15.554 3.05405 -0.32161 2 
103.907 15.554 1.20854 0.90933 2 
106.472 15.554 -0.48064 2.28254 2 
109.038 15.554 2.95732 3.30802 2 
111.603 15.554 1.97262 3.72772 2 
114.169 15.554 5.77768 0.26335 2 
116.735 15.554 7.76271 1.42277 2 
119.300 15.554 0.00000 -0.00000 0 
-8.980 12.988 6.76219 -0.06959 2 
-6.414 12.988 6.60686 -0.01200 2 
-3.848 12.988 6.57976 0.16275 2 
-1.283 12.988 6.63890 0.14604 2 
1.283 12.988 6.43205 0.27700 2 
3.848 12.988 6.56243 0.39853 2 
6.414 12.988 0.00000 -0.00000 0 
8.980 12.988 0.00000 -0.00000 0 
11.545 12.988 0.00000 -0.00000 0 
14.111 12.988 0.00000 -0.00000 0 
16.676 12.988 3.64186 0.64930 2 
19.242 12.988 7.28371 1.29859 2 
21.808 12.988 6.83180 1.49202 2 
24.373 12.988 7.06653 1.64902 2 
26.939 12.988 7.14549 1.41408 2 
29.504 12.988 7.12882 1.67413 2 
32.070 12.988 7.64857 1.65684 2 
34.636 12.988 3.74274 0.75411 2 
37.201 12.988 7.64907 1.49416 2 
39.767 12.988 3.85782 0.75684 2 
42.332 12.988 0.00000 -0.00000 0 
44.898 12.988 0.00000 -0.00000 0 
47.464 12.988 0.00000 -0.00000 0 
50.029 12.988 0.00000 -0.00000 0 
52.595 12.988 0.00000 -0.00000 0 
55.160 12.988 0.00000 -0.00000 0 
57.726 12.988 0.00000 -0.00000 0 
60.292 12.988 0.00000 -0.00000 0 
62.857 12.988 0.00000 -0.00000 0 
65.423 12.988 0.00000 -0.00000 0 
67.988 12.988 0.00000 -0.00000 0 
70.554 12.988 0.00000 -0.00000 0 
73.120 12.988 0.00000 -0.00000 0 
75.685 12.988 -0.66815 0.03040 2 
78.251 12.988 -0.44851 -0.18036 2 
80.816 12.988 -0.77380 -0.50834 2 
83.382 12.988 -1.42695 -0.85130 2 
85.948 12.988 -2.40406 -0.95107 2 
88.513 12.988 -3.36285 0.94129 2 
91.079 12.988 -3.35330 1.23068 2 
93.644 12.988 -3.34375 1.52007 2 
96.210 12.988 -1.55944 1.40934 2 
98.776 12.988 -1.74446 0.02584 2 
101.341 12.988 -1.92947 -1.35765 2 
103.907 12.988 -1.50376 2.63844 2 
106.472 12.988 -0.07678 4.57856 2 
109.038 12.988 -1.12418 3.80578 2 
111.603 12.988 2.07106 4.36891 2 
114.169 12.988 3.18257 2.70109 2 
116.735 12.988 4.70287 2.84597 2 
119.300 12.988 -0.01355 5.29870 2 
-8.980 10.423 6.63292 -0.15050 2 
-6.414 10.423 6.69328 -0.11591 2 
-3.848 10.423 6.46510 -0.07752 2 
-1.283 10.423 6.51594 0.16405 2 
1.283 10.423 6.25641 0.16571 2 
3.848 10.423 6.66536 0.35359 2 
6.414 10.423 1.52787 0.05664 2 
8.980 10.423 0.00000 -0.00000 0 
11.545 10.423 0.00000 -0.00000 0 
14.111 10.423 0.00000 -0.00000 0 
16.676 10.423 2.91348 0.51944 2 
19.242 10.423 4.85581 0.86573 2 
21.808 10.423 7.12697 1.74827 2 
24.373 10.423 7.08369 1.60250 2 
26.939 10.423 7.61397 2.12649 2 
29.504 10.423 3.56441 0.83707 2 
32.070 10.423 0.00000 -0.00000 0 
34.636 10.423 0.00000 -0.00000 0 
37.201 10.423 0.00000 -0.00000 0 
39.767 10.423 0.00000 -0.00000 0 
42.332 10.423 0.00000 -0.00000 0 
44.898 10.423 0.00000 -0.00000 0 
47.464 10.423 0.00000 -0.00000 0 
50.029 10.423 0.00000 -0.00000 0 
52.595 10.423 0.00000 -0.00000 0 
55.160 10.423 0.00000 -0.00000 0 
57.726 10.423 0.00000 -0.00000 0 
60.292 10.423 0.00000 -0.00000 0 
62.857 10.423 0.00000 -0.00000 0 
65.423 10.423 0.00000 -0.00000 0 
67.988 10.423 -0.47239 -0.04038 2 
70.554 10.423 -0.60374 -0.18648 2 
73.120 10.423 -1.10966 -0.31700 2 
75.685 10.423 -1.15113 -1.06830 2 
78.251 10.423 -0.89703 -0.36072 2 
80.816 10.423 -1.51861 -1.30623 2 
83.382 10.423 -1.90696 -1.13089 2 
85.948 10.423 -2.29532 -0.95555 2 
88.513 10.423 -2.57267 0.05076 2 
91.079 10.423 -3.34651 1.71841 2 
93.644 10.423 -3.63568 1.41624 2 
96.210 10.423 -3.33749 1.05784 2 
98.776 10.423 -3.30937 0.40749 2 
101.341 10.423 -1.37933 0.84612 2 
103.907 10.423 -1.52173 3.33607 2 
106.472 10.423 -1.68723 4.59256 2 
109.038 10.423 -2.83260 3.99629 2 
111.603 10.423 0.11091 4.69349 2 
114.169 10.423 0.58747 5.13882 2 
116.735 10.423 1.64303 4.26916 2 
119.300 10.423 0.07005 4.99570 2 
-8.980 7.857 6.76134 -0.21601 2 
-6.414 7.857 6.62182 -0.22827 2 
-3.848 7.857 6.33969 -0.20947 2 
-1.283 7.857 6.32176 -0.11061 2 
1.283 7.857 6.04467 -0.07812 2 
3.848 7.857 6.11150 0.22655 2 
6.414 7.857 3.05575 0.11328 2 
8.980 7.857 0.00000 -0.00000 0 
11.545 7.857 0.00000 -0.00000 0 
14.111 7.857 0.00000 -0.00000 2 
16.676 7.857 1.45674 0.25972 2 
19.242 7.857 2.42790 0.43286 2 
21.808 7.857 0.00000 -0.00000 0 
24.373 7.857 0.00000 -0.00000 0 
26.939 7.857 0.00000 -0.00000 0 
29.504 7.857 0.00000 -0.00000 0 
32.070 7.857 0.00000 -0.00000 0 
34.636 7.857 0.00000 -0.00000 0 
37.201 7.857 0.00000 -0.00000 0 
39.767 7.857 0.00000 -0.00000 0 
42.332 7.857 0.00000 -0.00000 0 
44.898 7.857 0.00000 -0.00000 0 
47.464 7.857 0.00000 -0.00000 0 
50.029 7.857 0.00000 -0.00000 0 
52.595 7.857 0.00000 -0.00000 0 
55.160 7.857 0.00000 -0.00000 0 
57.726 7.857 0.00000 -0.00000 0 
60.292 7.857 -0.16068 0.04545 2 
62.857 7.857 -1.09097 -0.27367 2 
65.423 7.857 -0.99407 -0.15087 2 
67.988 7.857 -1.11633 -0.47994 2 
70.554 7.857 -0.91241 -0.83406 2 
73.120 7.857 -0.98532 -0.80743 2 
75.685 7.857 -1.83407 -0.84014 2 
78.251 7.857 -2.01105 -0.67876 2 
80.816 7.857 -2.52228 -0.50023 2 
83.382 7.857 -2.51750 -0.34593 2 
85.948 7.857 -2.51272 -0.19162 2 
88.513 7.857 -3.32775 -0.99259 2 
91.079 7.857 -4.73361 1.11414 2 
93.644 7.857 -3.92760 1.31241 2 
96.210 7.857 -5.11553 0.70635 2 
98.776 7.857 -4.08422 2.47172 2 
101.341 7.857 -3.57396 2.81821 2 
103.907 7.857 -1.79493 4.02858 2 
106.472 7.857 -0.49807 4.14808 2 
109.038 7.857 -2.59331 3.84501 2 
111.603 7.857 -1.84924 5.01808 2 
114.169 7.857 -1.91637 4.67297 2 
116.735 7.857 -1.75422 3.61978 2 
119.300 7.857 0.15365 4.69270 2 
-8.980 5.292 6.71027 -0.31766 2 
-6.414 5.292 6.70640 -0.48516 2 
-3.848 5.292 6.46203 -0.32534 2 
-1.283 5.292 6.15713 -0.30857 2 
1.283 5.292 5.81821 -0.05057 2 
3.848 5.292 6.33564 0.24211 2 
6.414 5.292 1.52787 0.05664 2 
8.980 5.292 0.00000 -0.00000 0 
11.545 5.292 0.00000 -0.00000 0 
14.111 5.292 0.00000 -0.00000 0 
16.676 5.292 0.00000 -0.00000 0 
19.242 5.292 0.00000 -0.00000 0 
21.808 5.292 0.00000 -0.00000 0 
24.373 5.292 0.00000 -0.00000 0 
26.939 5.292 0.00000 -0.00000 0 
29.504 5.292 0.00000 -0.00000 0 
32.070 5.292 0.00000 -0.00000 0 
34.636 5.292 0.00000 -0.00000 0 
37.201 5.292 0.00000 -0.00000 0 
39.767 5.292 0.00000 -0.00000 0 
42.332 5.292 0.00000 -0.00000 0 
44.898 5.292 0.00000 -0.00000 0 
47.464 5.292 0.00000 -0.00000 0 
50.029 5.292 0.00000 -0.00000 0 
52.595 5.292 -0.39767 -0.21670 2 
55.160 5.292 -0.52400 0.14100 2 
57.726 5.292 -0.51598 -0.18303 2 
60.292 5.292 -1.21624 -0.67510 2 
62.857 5.292 -2.18193 -0.54735 2 
65.423 5.292 -1.98813 -0.30174 2 
67.988 5.292 -1.60906 -0.49472 2 
70.554 5.292 -1.25164 -0.12891 2 
73.120 5.292 -1.23688 -0.52109 2 
75.685 5.292 -1.08805 -1.11027 2 
78.251 5.292 -1.19234 -0.97496 2 
80.816 5.292 -2.22608 -0.87460 2 
83.382 5.292 -2.63658 -0.97215 2 
85.948 5.292 -2.83944 -0.94377 2 
88.513 5.292 -3.72994 -1.87596 2 
91.079 5.292 -4.73184 0.92125 2 
93.644 5.292 -3.68762 0.90022 2 
96.210 5.292 -4.43566 1.35476 2 
98.776 5.292 -4.30312 1.44457 2 
101.341 5.292 -4.57162 1.93206 2 
103.907 5.292 -2.48135 2.57958 2 
106.472 5.292 -1.17577 3.60224 2 
109.038 5.292 -2.35403 3.69373 2 
111.603 5.292 -4.64321 3.84398 2 
114.169 5.292 -4.42021 4.20713 2 
116.735 5.292 -4.54645 3.27501 2 
119.300 5.292 0.23724 4.38969 2 
-8.980 2.726 6.44862 -0.63805 2 
-6.414 2.726 6.56578 -0.50877 2 
-3.848 2.726 6.31434 -0.49585 2 
-1.283 2.726 6.17931 -0.60704 2 
1.283 2.726 5.68473 -0.38803 2 
3.848 2.726 6.52143 -0.28206 2 
6.414 2.726 0.00000 -0.00000 0 
8.980 2.726 0.00000 -0.00000 0 
11.545 2.726 0.00000 -0.00000 0 
14.111 2.726 0.00000 -0.00000 0 
16.676 2.726 0.00000 -0.00000 0 
19.242 2.726 0.00000 -0.00000 0 
21.808 2.726 0.00000 -0.00000 0 
24.373 2.726 0.00000 -0.00000 0 
26.939 2.726 0.00000 -0.00000 0 
29.504 2.726 0.00000 -0.00000 0 
32.070 2.726 0.00000 -0.00000 0 
34.636 2.726 0.00000 -0.00000 0 
37.201 2.726 0.00000 -0.00000 0 
39.767 2.726 0.00000 -0.00000 0 
42.332 2.726 0.00000 -0.00000 0 
44.898 2.726 0.00000 -0.00000 0 
47.464 2.726 -0.21781 -0.00284 2 
50.029 2.726 -0.43561 -0.00569 2 
52.595 2.726 -0.79534 -0.43341 2 
55.160 2.726 -1.24101 -0.67423 2 
57.726 2.726 -2.04599 -0.95949 2 
60.292 2.726 -1.87492 -0.50206 2 
62.857 2.726 -2.44090 -0.29135 2 
65.423 2.726 -1.95990 -0.04768 2 
67.988 2.726 -2.33800 -0.25695 2 
70.554 2.726 -1.39139 -0.23945 2 
73.120 2.726 -1.48844 -0.23475 2 
75.685 2.726 -1.98101 -1.15816 2 
78.251 2.726 -1.80988 -0.90209 2 
80.816 2.726 -1.92987 -1.24896 2 
83.382 2.726 -2.54801 -1.47244 2 
85.948 2.726 -3.16615 -1.69591 2 
88.513 2.726 -2.87586 -1.40595 2 
91.079 2.726 -4.41123 0.78194 2 
93.644 2.726 -4.72260 0.35926 2 
96.210 2.726 -4.57392 0.82656 2 
98.776 2.726 -4.52202 0.41742 2 
101.341 2.726 -5.19402 1.79629 2 
103.907 2.726 -3.93415 1.28392 2 
106.472 2.726 -4.48462 1.26681 2 
109.038 2.726 -4.62005 1.58007 2 
111.603 2.726 -2.95891 2.86235 2 
114.169 2.726 -5.75585 2.54612 2 
116.735 2.726 -3.37145 2.66050 2 
119.300 2.726 0.21259 3.27503 2 
-8.980 0.160 6.82535 -0.59542 2 
-6.414 0.160 6.65630 -0.63582 2 
-3.848 0.160 6.44643 -0.72792 2 
-1.283 0.160 6.04166 -0.66725 2 
1.283 0.160 6.95925 -0.68042 2 
3.848 0.160 0.00000 -0.00000 0 
6.414 0.160 0.00000 -0.00000 0 
8.980 0.160 0.00000 -0.00000 0 
11.545 0.160 0.00000 -0.00000 0 
14.111 0.160 0.00000 -0.00000 0 
16.676 0.160 0.00000 -0.00000 0 
19.242 0.160 0.00000 -0.00000 0 
21.808 0.160 0.00000 -0.00000 0 
24.373 0.160 0.00000 -0.00000 0 
26.939 0.160 0.00000 -0.00000 0 
29.504 0.160 0.00000 -0.00000 0 
32.070 0.160 0.00000 -0.00000 0 
34.636 0.160 0.00000 -0.00000 0 
37.201 0.160 0.00000 -0.00000 0 
39.767 0.160 -0.65249 -0.23920 2 
42.332 0.160 -0.68930 -0.08732 2 
44.898 0.160 -0.54470 -0.02800 2 
47.464 0.160 -0.91966 -0.52773 2 
50.029 0.160 -1.48456 -0.55617 2 
52.595 0.160 -1.01234 -0.24973 2 
55.160 0.160 -1.39742 -0.88515 2 
57.726 0.160 -1.98336 -1.05345 2 
60.292 0.160 -1.93954 -0.20098 2 
62.857 0.160 -1.99276 -0.49989 2 
65.423 0.160 -1.46265 -0.18032 2 
67.988 0.160 -1.22310 -0.56617 2 
70.554 0.160 -1.53114 -0.34998 2 
73.120 0.160 -2.09915 -0.97047 2 
75.685 0.160 -1.55909 -1.34474 2 
78.251 0.160 -2.09171 -1.44878 2 
80.816 0.160 -2.21537 -1.31521 2 
83.382 0.160 -3.61725 -1.39055 2 
85.948 0.160 -2.69971 -1.65546 2 
88.513 0.160 -1.98505 -1.44470 2 
91.079 0.160 -2.06372 -1.10204 2 
93.644 0.160 -4.48372 -1.14591 2 
96.210 0.160 -4.11161 -0.47207 2 
98.776 0.160 -4.05785 0.19342 2 
101.341 0.160 -4.38547 2.08035 2 
103.907 0.160 -3.79621 1.54774 2 
106.472 0.160 -4.84485 1.95142 2 
109.038 0.160 -3.87243 1.34415 2 
111.603 0.160 -4.49693 1.25316 2 
114.169 0.160 -2.44573 1.54106 2 
116.735 0.160 -1.12890 1.85071 2 
119.300 0.160 0.18794 2.16036 2 
-8.980 -2.405 6.87627 -0.79635 2 
-6.414 -2.405 6.67367 -0.73580 2 
-3.848 -2.405 6.45781 -0.82190 2 
-1.283 -2.405 6.40870 -1.08829 2 
1.283 -2.405 0.00000 -0.00000 0 
3.848 -2.405 0.00000 -0.00000 0 
6.414 -2.405 0.00000 -0.00000 0 
8.980 -2.405 0.00000 -0.00000 0 
11.545 -2.405 0.00000 -0.00000 0 
14.111 -2.405 0.00000 -0.00000 0 
16.676 -2.405 0.00000 -0.00000 0 
19.242 -2.405 0.00000 -0.00000 0 
21.808 -2.405 0.00000 -0.00000 0 
24.373 -2.405 0.00000 -0.00000 0 
26.939 -2.405 0.00000 -0.00000 0 
29.504 -2.405 0.00000 -0.00000 0 
32.070 -2.405 -0.68858 -0.18380 2 
34.636 -2.405 -0.55356 -0.14323 2 
37.201 -2.405 -1.11655 -0.46836 2 
39.767 -2.405 -1.30497 -0.47840 2 
42.332 -2.405 -1.63305 -0.13024 2 
44.898 -2.405 -1.08940 -0.05600 2 
47.464 -2.405 -1.24615 -0.20819 2 
50.029 -2.405 -1.40290 -0.36037 2 
52.595 -2.405 -1.22935 -0.06605 2 
55.160 -2.405 -1.40130 -0.84212 2 
57.726 -2.405 -1.92073 -1.14741 2 
60.292 -2.405 -2.00416 0.10010 2 
62.857 -2.405 -1.54462 -0.70843 2 
65.423 -2.405 -2.12314 0.05036 2 
67.988 -2.405 -1.51686 -0.37807 2 
70.554 -2.405 -0.96484 -0.27842 2 
73.120 -2.405 -2.13273 0.10280 2 
75.685 -2.405 -2.14055 -0.80677 2 
78.251 -2.405 -1.50974 -1.50179 2 
80.816 -2.405 -0.48496 -0.76217 2 
83.382 -2.405 -0.23797 -1.20153 2 
85.948 -2.405 -2.23327 -1.61500 2 
88.513 -2.405 -1.41792 -1.16037 2 
91.079 -2.405 -3.79454 -1.17511 2 
93.644 -2.405 -4.34681 -0.55373 2 
96.210 -2.405 -3.19096 -0.74911 2 
98.776 -2.405 -3.37605 1.96253 2 
101.341 -2.405 -3.57691 2.36440 2 
103.907 -2.405 -3.65828 1.81156 2 
106.472 -2.405 -5.13567 1.64162 2 
109.038 -2.405 -4.48228 0.89512 2 
111.603 -2.405 -4.14865 0.78933 2 
114.169 -2.405 -3.89017 2.57613 2 
116.735 -2.405 -1.55951 2.24061 2 
119.300 -2.405 0.00313 2.35960 2 
-8.980 -4.971 6.70176 -0.77875 2 
-6.414 -4.971 6.78876 -0.85461 2 
-3.848 -4.971 6.42208 -0.93982 2 
-1.283 -4.971 6.51340 -1.09237 2 
1.283 -4.971 0.00000 -0.00000 0 
3.848 -4.971 0.00000 -0.00000 0 
6.414 -4.971 0.00000 -0.00000 0 
8.980 -4.971 0.00000 -0.00000 0 
11.545 -4.971 0.00000 -0.00000 0 
14.111 -4.971 0.00000 -0.00000 0 
16.676 -4.971 0.00000 -0.00000 0 
19.242 -4.971 0.00000 -0.00000 0 
21.808 -4.971 0.00000 -0.00000 0 
24.373 -4.971 -0.63620 -0.12795 2 
26.939 -4.971 -0.66946 -0.09206 2 
29.504 -4.971 -0.59018 -0.29262 2 
32.070 -4.971 -1.24133 -0.20788 2 
34.636 -4.971 -1.55258 -0.44450 2 
37.201 -4.971 -1.47813 -0.64824 2 
39.767 -4.971 -1.56460 -0.47172 2 
42.332 -4.971 -0.51743 -0.14388 2 
44.898 -4.971 -1.18388 -0.32642 2 
47.464 -4.971 -0.84359 -0.83983 2 
50.029 -4.971 -1.32658 -0.33685 2 
52.595 -4.971 -1.42961 -0.58721 2 
55.160 -4.971 -2.14880 -1.18729 2 
57.726 -4.971 -1.39005 -0.13154 2 
60.292 -4.971 -0.59741 0.26262 2 
62.857 -4.971 -0.52931 -0.19000 2 
65.423 -4.971 0.10019 0.21063 2 
67.988 -4.971 -0.69435 0.05940 2 
70.554 -4.971 -0.39854 -0.20686 2 
73.120 -4.971 -0.10274 -0.47312 2 
75.685 -4.971 -0.42989 -0.02176 2 
78.251 -4.971 -0.75704 0.42960 2 
80.816 -4.971 -1.21798 -0.29429 2 
83.382 -4.971 -1.07668 -2.03332 2 
85.948 -4.971 -1.35456 -1.97881 2 
88.513 -4.971 -0.62731 -1.56816 2 
91.079 -4.971 -1.68743 -1.16838 2 
93.644 -4.971 -1.52908 -0.82194 2 
96.210 -4.971 -2.27032 -1.02616 2 
98.776 -4.971 -0.19581 0.42742 2 
101.341 -4.971 0.61539 2.11110 2 
103.907 -4.971 0.53434 2.65505 2 
106.472 -4.971 -2.78047 1.21502 2 
109.038 -4.971 -3.50238 1.92113 2 
111.603 -4.971 -0.11422 1.72659 2 
114.169 -4.971 -3.33925 1.19151 2 
116.735 -4.971 -2.15845 0.78179 2 
119.300 -4.971 -0.18169 2.55884 2 
-8.980 -7.536 7.05338 -0.82538 2 
-6.414 -7.536 6.86029 -1.01348 2 
-3.848 -7.536 6.74806 -1.14516 2 
-1.283 -7.536 6.70463 -1.29363 2 
1.283 -7.536 6.45475 -1.65270 2 
3.848 -7.536 0.00000 -0.00000 0 
6.414 -7.536 5.12650 -1.93646 2 
8.980 -7.536 5.38913 -2.39304 2 
11.545 -7.536 -1.62723 -1.45634 2 
14.111 -7.536 -0.30567 -0.47285 2 
16.676 -7.536 -0.30858 -0.02651 2 
19.242 -7.536 -0.17217 -0.05288 2 
21.808 -7.536 -0.69073 -0.21141 2 
24.373 -7.536 -1.27240 -0.25590 2 
26.939 -7.536 -1.35911 -0.46614 2 
29.504 -7.536 -1.18036 -0.58525 2 
32.070 -7.536 -1.83681 -0.31363 2 
34.636 -7.536 -1.90764 -0.73756 2 
37.201 -7.536 -1.28787 -0.62276 2 
39.767 -7.536 -0.99934 -0.30097 2 
42.332 -7.536 -0.54900 -0.52067 2 
44.898 -7.536 -0.74283 -0.46830 2 
47.464 -7.536 -0.28255 -0.64630 2 
50.029 -7.536 0.18140 -0.05721 2 
52.595 -7.536 0.51722 -0.18281 2 
55.160 -7.536 0.73349 -0.76421 2 
57.726 -7.536 1.71665 0.64315 2 
60.292 -7.536 2.17459 0.74761 2 
62.857 -7.536 1.01695 0.76610 2 
65.423 -7.536 0.05687 -0.38038 2 
67.988 -7.536 0.09901 0.06279 2 
70.554 -7.536 0.72411 -0.24541 2 
73.120 -7.536 1.34921 -0.55361 2 
75.685 -7.536 1.05814 -0.14476 2 
78.251 -7.536 0.76707 0.26408 2 
80.816 -7.536 -0.90300 0.25553 2 
83.382 -7.536 -0.00765 -0.63865 2 
85.948 -7.536 -0.47586 -2.34263 2 
88.513 -7.536 0.58270 -1.63394 2 
91.079 -7.536 0.41967 -1.16165 2 
93.644 -7.536 1.28866 -1.09015 2 
96.210 -7.536 2.76210 1.19071 2 
98.776 -7.536 3.28455 1.22698 2 
101.341 -7.536 4.80768 1.85780 2 
103.907 -7.536 1.76693 3.06469 2 
106.472 -7.536 4.36211 2.47455 2 
109.038 -7.536 5.03987 1.71780 2 
111.603 -7.536 3.92021 2.66385 2 
114.169 -7.536 5.01200 0.47346 2 
116.735 -7.536 1.98609 3.86213 2 
119.300 -7.536 -0.13973 0.75630 2 
-8.980 -10.102 7.02010 -1.03640 2 
-6.414 -10.102 7.04918 -1.03664 2 
-3.848 -10.102 6.96078 -1.24405 2 
-1.283 -10.102 6.91174 -1.40770 2 
1.283 -10.102 6.74434 -1.69626 2 
3.848 -10.102 6.99958 -2.32311 2 
6.414 -10.102 7.21932 -2.90537 2 
8.980 -10.102 6.44510 -2.50667 2 
11.545 -10.102 3.27292 -2.10134 2 
14.111 -10.102 4.22108 -1.55338 2 
16.676 -10.102 9.51101 -2.81446 2 
19.242 -10.102 7.94145 -2.59025 2 
21.808 -10.102 2.13690 -0.82489 2 
24.373 -10.102 -0.25431 -0.84003 2 
26.939 -10.102 4.48864 0.63040 2 
29.504 -10.102 3.66097 0.14393 2 
32.070 -10.102 4.16373 -0.96329 2 
34.636 -10.102 -0.69968 -0.77272 2 
37.201 -10.102 -1.10989 -0.87477 2 
39.767 -10.102 3.12508 0.08839 2 
42.332 -10.102 2.22078 -0.10549 2 
44.898 -10.102 3.24488 0.01592 2 
47.464 -10.102 1.88865 -0.49020 2 
50.029 -10.102 0.53241 -0.99632 2 
52.595 -10.102 1.34451 0.48819 2 
55.160 -10.102 2.27729 -0.29306 2 
57.726 -10.102 2.85632 0.64396 2 
60.292 -10.102 3.28617 0.53142 2 
62.857 -10.102 2.00222 -0.96834 2 
65.423 -10.102 2.56928 0.13273 2 
67.988 -10.102 0.71274 -0.61590 2 
70.554 -10.102 1.08178 -1.18319 2 
73.120 -10.102 2.02587 -0.63317 2 
75.685 -10.102 0.73515 -0.99719 2 
78.251 -10.102 1.61890 0.26088 2 
80.816 -10.102 2.50265 1.51894 2 
83.382 -10.102 0.80679 0.00823 2 
85.948 -10.102 1.52942 -2.11413 2 
88.513 -10.102 1.79272 -1.69973 2 
91.079 -10.102 2.52678 -1.15492 2 
93.644 -10.102 4.10639 -1.35837 2 
96.210 -10.102 3.26885 2.58113 2 
98.776 -10.102 0.55056 2.34897 2 
101.341 -10.102 3.86713 3.32220 2 
103.907 -10.102 2.99951 3.47434 2 
106.472 -10.102 6.76367 3.27853 2 
109.038 -10.102 6.55976 3.34395 2 
111.603 -10.102 7.50849 3.53970 2 
114.169 -10.102 6.11616 3.07314 2 
116.735 -10.102 6.49037 4.46504 2 
119.300 -10.102 0.00000 -0.00000 0 
-8.980 -12.668 7.11383 -0.88579 2 
-6.414 -12.668 7.06836 -1.15011 2 
-3.848 -12.668 7.04878 -1.28567 2 
-1.283 -12.668 7.05756 -1.53128 2 
1.283 -12.668 7.17957 -1.71054 2 
3.848 -12.668 7.10265 -2.05133 2 
6.414 -12.668 7.29433 -2.41373 2 
8.980 -12.668 7.50107 -2.62030 2 
11.545 -12.668 8.17308 -2.74635 2 
14.111 -12.668 8.74783 -2.63390 2 
16.676 -12.668 8.99247 -2.45488 2 
19.242 -12.668 9.59738 -2.48173 2 
21.808 -12.668 9.69402 -1.81005 2 
24.373 -12.668 9.38773 -1.62580 2 
26.939 -12.668 9.76002 -1.17334 2 
29.504 -12.668 9.96214 -1.39314 2 
32.070 -12.668 10.16427 -1.61294 2 
34.636 -12.668 6.51685 -0.16114 2 
37.201 -12.668 6.36867 -0.32293 2 
39.767 -12.668 6.22050 -0.48472 2 
42.332 -12.668 5.40194 -0.80497 2 
44.898 -12.668 5.61219 -0.27253 2 
47.464 -12.668 5.23467 -0.47539 2 
50.029 -12.668 4.85715 -0.67824 2 
52.595 -12.668 2.41847 -1.00224 2 
55.160 -12.668 3.48462 -0.41040 2 
57.726 -12.668 4.55077 0.18144 2 
60.292 -12.668 4.38087 -0.48555 2 
62.857 -12.668 4.77011 -0.79185 2 
65.423 -12.668 4.86206 0.30126 2 
67.988 -12.668 4.80117 -1.16614 2 
70.554 -12.668 2.96178 -0.70495 2 
73.120 -12.668 1.01460 -0.92943 2 
75.685 -12.668 2.70367 -0.33073 2 
78.251 -12.668 3.45512 0.11638 2 
80.816 -12.668 3.79431 1.63795 2 
83.382 -12.668 4.72238 1.01545 2 
85.948 -12.668 1.96156 0.77900 2 
88.513 -12.668 3.22183 -1.01116 2 
91.079 -12.668 3.77438 -1.58696 2 
93.644 -12.668 2.31961 -0.07727 2 
96.210 -12.668 4.62013 1.08491 2 
98.776 -12.668 6.40756 1.50708 2 
101.341 -12.668 5.20317 2.18939 2 
103.907 -12.668 6.43348 3.06708 2 
106.472 -12.668 6.38509 2.69857 2 
109.038 -12.668 7.44060 3.13937 2 
111.603 -12.668 7.50162 3.76746 2 
114.169 -12.668 5.79405 1.99863 2 
116.735 -12.668 6.19774 3.69180 2 
119.300 -12.668 0.00000 -0.00000 0 
-8.980 -15.233 7.17107 -0.92870 2 
-6.414 -15.233 7.20630 -1.12753 2 
-3.848 -15.233 7.19069 -1.22866 2 
-1.283 -15.233 7.24542 -1.40534 2 
1.283 -15.233 7.25668 -1.77083 2 
3.848 -15.233 7.33929 -1.98102 2 
6.414 -15.233 7.50844 -2.17301 2 
8.980 -15.233 7.86395 -2.40947 2 
11.545 -15.233 8.15558 -2.39452 2 
14.111 -15.233 8.53212 -2.40572 2 
16.676 -15.233 8.97867 -2.36455 2 
19.242 -15.233 8.99831 -2.17605 2 
21.808 -15.233 9.21102 -1.91149 2 
24.373 -15.233 9.24708 -1.64310 2 
26.939 -15.233 9.13422 -1.65922 2 
29.504 -15.233 9.57001 -1.62776 2 
32.070 -15.233 9.97340 -1.61259 2 
34.636 -15.233 9.24814 -0.92211 2 
37.201 -15.233 9.28202 -0.98997 2 
39.767 -15.233 9.31591 -1.05784 2 
42.332 -15.233 8.58311 -1.50445 2 
44.898 -15.233 7.97949 -0.56099 2 
47.464 -15.233 9.48913 -0.41862 2 
50.029 -15.233 9.18188 -0.36016 2 
52.595 -15.233 8.88781 0.14292 2 
55.160 -15.233 7.53162 0.08853 2 
57.726 -15.233 6.17542 0.03415 2 
60.292 -15.233 6.00344 -0.43577 2 
62.857 -15.233 7.53800 -0.61537 2 
65.423 -15.233 7.71556 -0.03537 2 
67.988 -15.233 8.59347 -0.51805 2 
70.554 -15.233 8.17194 0.09649 2 
73.120 -15.233 7.39171 -0.84221 2 
75.685 -15.233 4.67218 0.33573 2 
78.251 -15.233 5.83590 -0.29162 2 
80.816 -15.233 5.08597 1.75695 2 
83.382 -15.233 6.44618 2.20045 2 
85.948 -15.233 6.11614 2.10052 2 
88.513 -15.233 6.95349 0.02354 2 
91.079 -15.233 4.82836 -0.96812 2 
93.644 -15.233 5.48981 -0.62189 2 
96.210 -15.233 5.97141 -0.41131 2 
98.776 -15.233 7.24921 1.97253 2 
101.341 -15.233 6.14835 2.34967 2 
103.907 -15.233 7.56446 3.31823 2 
106.472 -15.233 8.73602 2.50212 2 
109.038 -15.233 8.65258 2.74635 2 
111.603 -15.233 8.59705 2.25157 2 
114.169 -15.233 7.66002 2.26242 2 
116.735 -15.233 7.21521 1.06898 2 
119.300 -15.233 0.00000 -0.00000 0 
-8.980 -17.799 7.54300 -0.94853 2 
-6.414 -17.799 7.25892 -1.03366 2 
-3.848 -17.799 7.47798 -1.22945 2 
-1.283 -17.799 7.28926 -1.43951 2 
1.283 -17.799 7.46525 -1.58598 2 
3.848 -17.799 7.43762 -1.69485 2 
6.414 -17.799 7.78443 -2.08438 2 
8.980 -17.799 8.01423 -2.11827 2 
11.545 -17.799 8.24490 -2.14398 2 
14.111 -17.799 8.45118 -2.25866 2 
16.676 -17.799 8.72296 -2.09414 2 
19.242 -17.799 8.87575 -1.94838 2 
21.808 -17.799 8.94299 -1.94230 2 
24.373 -17.799 9.05948 -1.68398 2 
26.939 -17.799 9.13251 -1.65985 2 
29.504 -17.799 9.41154 -1.61112 2 
32.070 -17.799 9.78253 -1.61223 2 
34.636 -17.799 9.40915 -1.01951 2 
37.201 -17.799 9.55245 -0.75100 2 
39.767 -17.799 9.33017 -0.99867 2 
42.332 -17.799 8.99259 -1.15311 2 
44.898 -17.799 8.77982 -0.69143 2 
47.464 -17.799 9.63108 -0.48849 2 
50.029 -17.799 9.85160 -0.43663 2 
52.595 -17.799 10.02674 -0.31120 2 
55.160 -17.799 9.89425 -0.11726 2 
57.726 -17.799 7.80008 -0.11315 2 
60.292 -17.799 7.62601 -0.38598 2 
62.857 -17.799 8.50267 -0.54607 2 
65.423 -17.799 8.40885 -0.20075 2 
67.988 -17.799 8.63046 -0.59462 2 
70.554 -17.799 8.85724 -1.00918 2 
73.120 -17.799 9.68796 0.32079 2 
75.685 -17.799 10.13856 -0.19431 2 
78.251 -17.799 9.11468 -0.64269 2 
80.816 -17.799 8.17693 0.28771 2 
83.382 -17.799 8.21188 1.69087 2 
85.948 -17.799 7.99947 1.51785 2 
88.513 -17.799 8.01180 0.50895 2 
91.079 -17.799 8.82937 0.94348 2 
93.644 -17.799 9.42150 0.40147 2 
96.210 -17.799 9.39274 0.11725 2 
98.776 -17.799 10.10079 1.54927 2 
101.341 -17.799 9.76978 1.65574 2 
103.907 -17.799 8.39868 2.47300 2 
106.472 -17.799 8.77373 2.18321 2 
109.038 -17.799 8.71397 1.97223 2 
111.603 -17.799 8.59565 1.73620 2 
114.169 -17.799 8.54246 1.67948 2 
116.735 -17.799 8.37417 1.39808 2 
119.300 -17.799 0.00000 -0.00000 0 
-8.980 -20.364 7.35454 -1.09827 2 
-6.414 -20.364 7.48763 -0.99522 2 
-3.848 -20.364 7.47117 -1.25562 2 
-1.283 -20.364 7.45233 -1.34820 2 
1.283 -20.364 7.54579 -1.47424 2 
3.848 -20.364 7.73560 -1.62080 2 
6.414 -20.364 7.76647 -1.72105 2 
8.980 -20.364 7.98702 -1.75876 2 
11.545 -20.364 8.27503 -1.89783 2 
14.111 -20.364 8.54519 -1.95103 2 
16.676 -20.364 8.79973 -1.86633 2 
19.242 -20.364 8.86060 -1.75537 2 
21.808 -20.364 9.01891 -1.68353 2 
24.373 -20.364 9.04713 -1.58090 2 
26.939 -20.364 9.07924 -1.51796 2 
29.504 -20.364 9.18662 -1.46201 2 
32.070 -20.364 9.41282 -1.39468 2 
34.636 -20.364 9.57017 -1.11690 2 
37.201 -20.364 9.51014 -1.10171 2 
39.767 -20.364 9.21838 -0.89010 2 
42.332 -20.364 9.40207 -0.80177 2 
44.898 -20.364 9.58014 -0.82186 2 
47.464 -20.364 9.77304 -0.55835 2 
50.029 -20.364 9.79280 -0.62303 2 
52.595 -20.364 9.62411 -0.26132 2 
55.160 -20.364 9.69426 -0.12751 2 
57.726 -20.364 9.42473 -0.26044 2 
60.292 -20.364 9.24858 -0.33620 2 
62.857 -20.364 9.46734 -0.47676 2 
65.423 -20.364 9.10215 -0.36614 2 
67.988 -20.364 9.12871 -0.52843 2 
70.554 -20.364 9.92449 -0.35339 2 
73.120 -20.364 9.77047 -0.11828 2 
75.685 -20.364 9.97094 0.06471 2 
78.251 -20.364 9.43201 -0.27021 2 
80.816 -20.364 9.73471 0.01698 2 
83.382 -20.364 9.97758 1.18128 2 
85.948 -20.364 9.53247 1.22635 2 
88.513 -20.364 9.21378 0.59130 2 
91.079 -20.364 9.46683 0.74728 2 
93.644 -20.364 9.45185 0.85642 2 
96.210 -20.364 9.69276 0.72269 2 
98.776 -20.364 9.78075 1.05284 2 
101.341 -20.364 9.50776 1.34715 2 
103.907 -20.364 9.23290 1.62778 2 
106.472 -20.364 8.92954 1.66477 2 
109.038 -20.364 8.87762 1.60202 2 
111.603 -20.364 8.65755 1.33483 2 
114.169 -20.364 8.60949 1.38420 2 
116.735 -20.364 8.63893 1.20074 2 
119.300 -20.364 0.00000 -0.00000 0 
-8.980 -22.930 7.48331 -0.93105 2 
-6.414 -22.930 7.44330 -0.99596 2 
-3.848 -22.930 7.48639 -1.11116 2 
-1.283 -22.930 7.68184 -1.32066 2 
1.283 -22.930 7.62325 -1.44939 2 
3.848 -22.930 7.71969 -1.36423 2 
6.414 -22.930 7.92709 -1.61563 2 
8.980 -22.930 8.10857 -1.72154 2 
11.545 -22.930 8.35152 -1.78734 2 
14.111 -22.930 8.55905 -1.68878 2 
16.676 -22.930 8.64894 -1.73634 2 
19.242 -22.930 8.72094 -1.55816 2 
21.808 -22.930 8.87299 -1.49949 2 
24.373 -22.930 8.91267 -1.41832 2 
26.939 -22.930 9.01604 -1.40679 2 
29.504 -22.930 9.15923 -1.25617 2 
32.070 -22.930 9.29881 -1.20682 2 
34.636 -22.930 9.36802 -0.96670 2 
37.201 -22.930 9.49462 -0.98333 2 
39.767 -22.930 9.28371 -0.96213 2 
42.332 -22.930 9.49901 -0.75272 2 
44.898 -22.930 9.45529 -0.84396 2 
47.464 -22.930 9.58268 -0.66856 2 
50.029 -22.930 9.63090 -0.47973 2 
52.595 -22.930 9.53133 -0.56980 2 
55.160 -22.930 9.49863 -0.44408 2 
57.726 -22.930 9.57672 -0.24276 2 
60.292 -22.930 9.27447 -0.36502 2 
62.857 -22.930 9.33474 -0.26838 2 
65.423 -22.930 9.25990 -0.37696 2 
67.988 -22.930 9.62697 -0.46223 2 
70.554 -22.930 9.61242 -0.25668 2 
73.120 -22.930 9.64484 -0.21113 2 
75.685 -22.930 9.71908 0.01145 2 
78.251 -22.930 9.74934 0.10226 2 
80.816 -22.930 9.89214 0.44598 2 
83.382 -22.930 9.81427 0.73674 2 
85.948 -22.930 9.48138 0.77557 2 
88.513 -22.930 9.42677 0.78301 2 
91.079 -22.930 9.40773 0.75261 2 
93.644 -22.930 9.41173 0.64787 2 
96.210 -22.930 9.24129 0.87794 2 
98.776 -22.930 9.58963 1.05973 2 
101.341 -22.930 9.12518 1.12878 2 
103.907 -22.930 8.85125 1.21152 2 
106.472 -22.930 8.97494 1.33022 2 
109.038 -22.930 8.95247 1.57928 2 
111.603 -22.930 8.71599 1.22759 2 
114.169 -22.930 8.58895 1.27057 2 
116.735 -22.930 9.00382 1.13827 2 
119.300 -22.930 0.00000 -0.00000 0 
-8.980 -25.496 7.44777 -1.04275 2 
-6.414 -25.496 7.72996 -1.11510 2 
-3.848 -25.496 7.68305 -0.99156 2 
-1.283 -25.496 7.59779 -1.18662 2 
1.283 -25.496 7.84846 -1.25119 2 
3.848 -25.496 7.81396 -1.31998 2 
6.414 -25.496 7.99669 -1.48252 2 
8.980 -25.496 8.30280 -1.44296 2 
11.545 -25.496 8.26488 -1.51079 2 
14.111 -25.496 8.54987 -1.41349 2 
16.676 -25.496 8.62096 -1.34749 2 
19.242 -25.496 8.79952 -1.51458 2 
21.808 -25.496 8.75359 -1.48487 2 
24.373 -25.496 8.92568 -1.32537 2 
26.939 -25.496 9.04339 -1.16973 2 
29.504 -25.496 9.16202 -1.32509 2 
32.070 -25.496 9.04481 -1.03206 2 
34.636 -25.496 9.18261 -0.96664 2 
37.201 -25.496 9.23133 -1.01104 2 
39.767 -25.496 9.18648 -0.81313 2 
42.332 -25.496 9.24349 -0.84827 2 
44.898 -25.496 9.43672 -0.66446 2 
47.464 -25.496 9.40287 -0.75240 2 
50.029 -25.496 9.47457 -0.54071 2 
52.595 -25.496 9.40148 -0.47688 2 
55.160 -25.496 9.36531 -0.25410 2 
57.726 -25.496 9.52049 -0.48136 2 
60.292 -25.496 9.28294 -0.18624 2 
62.857 -25.496 9.32937 -0.35129 2 
65.423 -25.496 9.40221 -0.22808 2 
67.988 -25.496 9.38704 -0.23778 2 
70.554 -25.496 9.55819 -0.18307 2 
73.120 -25.496 9.58352 -0.11721 2 
75.685 -25.496 9.57832 -0.03685 2 
78.251 -25.496 9.63224 0.17556 2 
80.816 -25.496 9.59228 0.21800 2 
83.382 -25.496 9.67340 0.54992 2 
85.948 -25.496 9.36237 0.49968 2 
88.513 -25.496 9.27055 0.68804 2 
91.079 -25.496 9.23982 0.67708 2 
93.644 -25.496 9.18083 0.65245 2 
96.210 -25.496 9.26126 0.78969 2 
98.776 -25.496 9.24272 0.86011 2 
101.341 -25.496 9.07867 0.97279 2 
103.907 -25.496 9.07966 1.11537 2 
106.472 -25.496 8.89746 1.02329 2 
109.038 -25.496 8.88105 1.11879 2 
111.603 -25.496 8.82587 1.02443 2 
114.169 -25.496 8.83282 0.95017 2 
116.735 -25.496 8.82372 1.29331 2 
119.300 -25.496 0.00000 -0.00000 0 
-8.980 -28.061 7.59293 -0.83063 2 
-6.414 -28.061 7.58888 -0.99557 2 
-3.848 -28.061 7.82967 -1.11687 2 
-1.283 -28.061 7.68238 -1.09894 2 
1.283 -28.061 7.63101 -1.13771 2 
3.848 -28.061 7.95407 -1.21552 2 
6.414 -28.061 8.10009 -1.37153 2 
8.980 -28.061 8.25164 -1.28254 2 
11.545 -28.061 8.31087 -1.43752 2 
14.111 -28.061 8.44660 -1.52837 2 
16.676 -28.061 8.65220 -1.45443 2 
19.242 -28.061 8.66702 -1.39343 2 
21.808 -28.061 8.74833 -1.14823 2 
24.373 -28.061 8.77849 -1.36313 2 
26.939 -28.061 8.87617 -1.10155 2 
29.504 -28.061 8.82975 -1.10144 2 
32.070 -28.061 9.10718 -1.12848 2 
34.636 -28.061 8.94861 -0.83858 2 
37.201 -28.061 9.31286 -0.87698 2 
39.767 -28.061 9.22134 -0.75374 2 
42.332 -28.061 9.33472 -0.80482 2 
44.898 -28.061 9.23820 -0.74877 2 
47.464 -28.061 9.48176 -0.56505 2 
50.029 -28.061 9.42886 -0.66801 2 
52.595 -28.061 9.34011 -0.47851 2 
55.160 -28.061 9.39916 -0.40310 2 
57.726 -28.061 9.44597 -0.50403 2 
60.292 -28.061 9.25798 -0.36500 2 
62.857 -28.061 9.35591 -0.27529 2 
65.423 -28.061 9.45701 -0.37061 2 
67.988 -28.061 9.17276 -0.09170 2 
70.554 -28.061 9.46349 -0.23462 2 
73.120 -28.061 9.43988 0.05856 2 
75.685 -28.061 9.43291 0.17886 2 
78.251 -28.061 9.46740 0.15640 2 
80.816 -28.061 9.66428 0.55524 2 
83.382 -28.061 9.35536 0.42621 2 
85.948 -28.061 9.30511 0.59057 2 
88.513 -28.061 9.29678 0.56532 2 
91.079 -28.061 9.13276 0.68779 2 
93.644 -28.061 9.16897 0.86965 2 
96.210 -28.061 9.07453 0.86332 2 
98.776 -28.061 8.99344 0.88646 2 
101.341 -28.061 9.06866 0.90597 2 
103.907 -28.061 8.85345 0.92746 2 
106.472 -28.061 9.03679 1.08752 2 
109.038 -28.061 8.78676 1.04281 2 
111.603 -28.061 8.85755 1.00074 2 
114.169 -28.061 8.68093 0.89503 2 
116.735 -28.061 9.12254 0.99808 2 
119.300 -28.061 0.00000 -0.00000 0 
-8.980 -30.627 7.66861 -0.93494 2 
-6.414 -30.627 7.66395 -0.92169 2 
-3.848 -30.627 7.63505 -0.96156 2 
-1.283 -30.627 7.69357 -1.06223 2 
1.283 -30.627 8.05998 -1.11817 2 
3.848 -30.627 7.94947 -1.11184 2 
6.414 -30.627 8.27098 -1.37875 2 
8.980 -30.627 8.25519 -1.23300 2 
11.545 -30.627 8.20010 -1.15823 2 
14.111 -30.627 8.50448 -1.29500 2 
16.676 -30.627 8.60975 -1.14697 2 
19.242 -30.627 8.58173 -1.25661 2 
21.808 -30.627 8.79285 -1.13503 2 
24.373 -30.627 8.78451 -1.02714 2 
26.939 -30.627 8.97052 -1.07939 2 
29.504 -30.627 9.04279 -1.05466 2 
32.070 -30.627 9.00559 -1.03396 2 
34.636 -30.627 9.16814 -0.92765 2 
37.201 -30.627 9.03606 -0.89701 2 
39.767 -30.627 9.12183 -0.89420 2 
42.332 -30.627 9.22115 -0.69731 2 
44.898 -30.627 9.19189 -0.79722 2 
47.464 -30.627 9.00752 -0.51521 2 
50.029 -30.627 9.28179 -0.44608 2 
52.595 -30.627 9.15164 -0.26541 2 
55.160 -30.627 9.34634 -0.57216 2 
57.726 -30.627 9.25938 -0.41180 2 
60.292 -30.627 9.27406 -0.38257 2 
62.857 -30.627 9.33004 -0.19902 2 
65.423 -30.627 9.36634 -0.17640 2 
67.988 -30.627 9.26741 -0.10034 2 
70.554 -30.627 9.38038 -0.15040 2 
73.120 -30.627 9.45551 0.11007 2 
75.685 -30.627 9.46628 0.15691 2 
78.251 -30.627 9.23658 0.22535 2 
80.816 -30.627 9.40948 0.27477 2 
83.382 -30.627 9.27606 0.43536 2 
85.948 -30.627 9.17484 0.35138 2 
88.513 -30.627 9.19013 0.67907 2 
91.079 -30.627 9.11352 0.55182 2 
93.644 -30.627 9.25695 0.61445 2 
96.210 -30.627 8.97819 0.73726 2 
98.776 -30.627 9.07081 0.73234 2 
101.341 -30.627 9.00617 0.90910 2 
103.907 -30.627 8.88439 0.68002 2 
106.472 -30.627 8.94918 0.82590 2 
109.038 -30.627 8.82853 0.86011 2 
111.603 -30.627 8.85814 0.98760 2 
114.169 -30.627 8.64130 0.87500 2 
116.735 -30.627 9.08243 0.93229 2 
119.300 -30.627 0.00000 -0.00000 0 
-8.980 -33.192 7.87324 -0.92219 2 
-6.414 -33.192 7.76778 -0.87965 2 
-3.848 -33.192 7.76538 -0.95647 2 
-1.283 -33.192 8.02118 -1.03664 2 
1.283 -33.192 8.09522 -1.02183 2 
3.848 -33.192 8.04758 -1.10024 2 
6.414 -33.192 8.19478 -1.03524 2 
8.980 -33.192 8.18483 -1.19876 2 
11.545 -33.192 8.39064 -1.22491 2 
14.111 -33.192 8.48363 -1.04073 2 
16.676 -33.192 8.59946 -1.14938 2 
19.242 -33.192 8.54924 -1.14629 2 
21.808 -33.192 8.66680 -1.29274 2 
24.373 -33.192 8.87261 -1.09053 2 
26.939 -33.192 8.84863 -0.96378 2 
29.504 -33.192 8.87338 -0.95944 2 
32.070 -33.192 8.95453 -0.81539 2 
34.636 -33.192 8.96478 -0.80263 2 
37.201 -33.192 8.94247 -0.81198 2 
39.767 -33.192 9.14344 -0.74038 2 
42.332 -33.192 9.20679 -0.86797 2 
44.898 -33.192 8.98151 -0.64990 2 
47.464 -33.192 9.17510 -0.74155 2 
50.029 -33.192 9.15900 -0.55271 2 
52.595 -33.192 9.35289 -0.54953 2 
55.160 -33.192 9.21465 -0.51265 2 
57.726 -33.192 9.32459 -0.37728 2 
60.292 -33.192 9.20636 -0.17304 2 
62.857 -33.192 9.10294 -0.36977 2 
65.423 -33.192 9.22429 -0.22162 2 
67.988 -33.192 9.08909 -0.15495 2 
70.554 -33.192 9.32147 -0.09466 2 
73.120 -33.192 9.26346 -0.01469 2 
75.685 -33.192 9.14550 0.13328 2 
78.251 -33.192 9.35106 0.28868 2 
80.816 -33.192 9.16425 0.34189 2 
83.382 -33.192 9.31999 0.24442 2 
85.948 -33.192 9.21744 0.49019 2 
88.513 -33.192 9.03763 0.54465 2 
91.079 -33.192 9.16729 0.58551 2 
93.644 -33.192 8.92361 0.65163 2 
96.210 -33.192 8.96308 0.61916 2 
98.776 -33.192 8.99501 0.74071 2 
101.341 -33.192 9.02442 0.75228 2 
103.907 -33.192 8.88218 0.66351 2 
106.472 -33.192 8.76199 0.96665 2 
109.038 -33.192 8.82303 0.84406 2 
111.603 -33.192 8.80480 0.77247 2 
114.169 -33.192 8.65351 0.94296 2 
116.735 -33.192 8.80783 0.61703 2 
119.300 -33.192 0.00000 -0.00000 0 
-8.980 -35.758 7.91985 -0.85914 2 
-6.414 -35.758 7.96918 -0.92632 2 
-3.848 -35.758 7.96660 -0.93188 2 
-1.283 -35.758 7.96312 -0.85226 2 
1.283 -35.758 7.93747 -0.97968 2 
3.848 -35.758 8.20385 -1.07559 2 
6.414 -35.758 8.05568 -1.01439 2 
8.980 -35.758 8.22289 -1.02188 2 
11.545 -35.758 8.47433 -1.02172 2 
14.111 -35.758 8.56540 -1.07593 2 
16.676 -35.758 8.64285 -1.00270 2 
19.242 -35.758 8.63825 -1.05639 2 
21.808 -35.758 8.67500 -0.92072 2 
24.373 -35.758 8.72485 -1.05140 2 
26.939 -35.758 8.78542 -0.95442 2 
29.504 -35.758 8.71738 -0.90633 2 
32.070 -35.758 8.89447 -0.84320 2 
34.636 -35.758 8.97931 -0.69627 2 
37.201 -35.758 8.96785 -0.74067 2 
39.767 -35.758 9.13301 -0.63100 2 
42.332 -35.758 8.99886 -0.65160 2 
44.898 -35.758 9.01166 -0.63148 2 
47.464 -35.758 9.31131 -0.70386 2 
50.029 -35.758 9.08562 -0.59951 2 
52.595 -35.758 8.99514 -0.60612 2 
55.160 -35.758 9.32153 -0.32172 2 
57.726 -35.758 9.22147 -0.17313 2 
60.292 -35.758 8.99269 -0.36876 2 
62.857 -35.758 9.08012 -0.15250 2 
65.423 -35.758 9.29943 0.00856 2 
67.988 -35.758 9.28456 -0.21438 2 
70.554 -35.758 9.05358 0.07754 2 
73.120 -35.758 9.20646 -0.00067 2 
75.685 -35.758 9.22458 0.08500 2 
78.251 -35.758 9.16422 0.23398 2 
80.816 -35.758 9.16156 0.28601 2 
83.382 -35.758 9.14450 0.39233 2 
85.948 -35.758 9.03348 0.49506 2 
88.513 -35.758 9.16170 0.44478 2 
91.079 -35.758 9.04734 0.55746 2 
93.644 -35.758 8.99682 0.56648 2 
96.210 -35.758 8.99363 0.64297 2 
98.776 -35.758 9.04520 0.62489 2 
101.341 -35.758 8.82363 0.60904 2 
103.907 -35.758 8.83935 0.78229 2 
106.472 -35.758 8.83456 0.70157 2 
109.038 -35.758 8.86840 0.81143 2 
111.603 -35.758 8.81118 0.88009 2 
114.169 -35.758 8.69475 0.78737 2 
116.735 -35.758 8.93647 0.72580 2 
119.300 -35.758 0.00000 -0.00000 0 
-8.980 -38.324 7.99563 -0.81592 2 
-6.414 -38.324 8.10346 -0.87267 2 
-3.848 -38.324 7.96205 -0.79378 2 
-1.283 -38.324 7.91159 -0.95303 2 
1.283 -38.324 7.98638 -0.85661 2 
3.848 -38.324 8.03619 -0.98268 2 
6.414 -38.324 8.12192 -0.89053 2 
8.980 -38.324 8.33553 -1.01344 2 
11.545 -38.324 8.40359 -0.93662 2 
14.111 -38.324 8.27782 -0.98584 2 
16.676 -38.324 8.58680 -1.03486 2 
19.242 -38.324 8.67781 -0.87715 2 
21.808 -38.324 8.66336 -0.95839 2 
24.373 -38.324 8.74703 -0.90826 2 
26.939 -38.324 8.72954 -0.85979 2 
29.504 -38.324 8.88971 -0.89068 2 
32.070 -38.324 8.80830 -0.80995 2 
34.636 -38.324 8.98401 -0.73041 2 
37.201 -38.324 8.90861 -0.84271 2 
39.767 -38.324 8.92588 -0.81938 2 
42.332 -38.324 9.02129 -0.71743 2 
44.898 -38.324 8.97605 -0.58446 2 
47.464 -38.324 9.06392 -0.64555 2 
50.029 -38.324 8.99489 -0.37209 2 
52.595 -38.324 9.20832 -0.45725 2 
55.160 -38.324 8.97482 -0.50656 2 
57.726 -38.324 9.12840 -0.35952 2 
60.292 -38.324 9.19064 -0.30517 2 
62.857 -38.324 9.17150 -0.27918 2 
65.423 -38.324 9.08691 -0.23556 2 
67.988 -38.324 9.08971 -0.19467 2 
70.554 -38.324 9.21147 -0.00711 2 
73.120 -38.324 9.16839 -0.00425 2 
75.685 -38.324 9.11150 0.19544 2 
78.251 -38.324 9.09884 0.13580 2 
80.816 -38.324 9.23272 0.22387 2 
83.382 -38.324 9.09722 0.31221 2 
85.948 -38.324 9.05622 0.38617 2 
88.513 -38.324 9.02702 0.64047 2 
91.079 -38.324 8.93565 0.46173 2 
93.644 -38.324 8.84588 0.49989 2 
96.210 -38.324 8.98361 0.58607 2 
98.776 -38.324 8.85920 0.49385 2 
101.341 -38.324 8.85619 0.65054 2 
103.907 -38.324 8.84286 0.72537 2 
106.472 -38.324 8.78662 0.68254 2 
109.038 -38.324 8.74971 0.76713 2 
111.603 -38.324 8.77777 0.76687 2 
114.169 -38.324 8.58282 0.67167 2 
116.735 -38.324 9.06510 0.83457 2 
119.300 -38.324 0.00000 -0.00000 0 
-8.980 -40.889 8.07141 -0.77270 2 
-6.414 -40.889 7.86057 -0.85560 2 
-3.848 -40.889 7.90565 -0.78356 2 
-1.283 -40.889 8.07190 -0.84730 2 
1.283 -40.889 8.19715 -0.94390 2 
3.848 -40.889 8.18076 -0.82636 2 
6.414 -40.889 8.22768 -1.01623 2 
8.980 -40.889 8.17817 -0.88926 2 
11.545 -40.889 8.20303 -1.01557 2 
14.111 -40.889 8.48721 -0.86049 2 
16.676 -40.889 8.48946 -0.89942 2 
19.242 -40.889 8.53772 -1.01903 2 
21.808 -40.889 8.73646 -0.85996 2 
24.373 -40.889 8.74992 -0.81101 2 
26.939 -40.889 8.73290 -0.88145 2 
29.504 -40.889 8.90474 -0.97744 2 
32.070 -40.889 8.73615 -0.79057 2 
34.636 -40.889 8.98330 -0.80785 2 
37.201 -40.889 8.89396 -0.76390 2 
39.767 -40.889 8.93739 -0.69748 2 
42.332 -40.889 8.84997 -0.63242 2 
44.898 -40.889 9.08749 -0.45197 2 
47.464 -40.889 8.96705 -0.57297 2 
50.029 -40.889 8.92472 -0.34236 2 
52.595 -40.889 9.11179 -0.53814 2 
55.160 -40.889 9.05705 -0.40930 2 
57.726 -40.889 9.04676 -0.39755 2 
60.292 -40.889 9.03561 -0.33515 2 
62.857 -40.889 8.98191 -0.26945 2 
65.423 -40.889 9.03983 -0.07456 2 
67.988 -40.889 9.13341 -0.03852 2 
70.554 -40.889 9.07438 -0.01323 2 
73.120 -40.889 9.07277 -0.17638 2 
75.685 -40.889 9.04860 0.37245 2 
78.251 -40.889 9.06617 0.22629 2 
80.816 -40.889 9.09550 0.24542 2 
83.382 -40.889 9.09308 0.45678 2 
85.948 -40.889 8.87566 0.32350 2 
88.513 -40.889 8.99628 0.36110 2 
91.079 -40.889 8.95865 0.36269 2 
93.644 -40.889 8.84223 0.45642 2 
96.210 -40.889 8.81019 0.68581 2 
98.776 -40.889 8.99389 0.74231 2 
101.341 -40.889 8.87653 0.52198 2 
103.907 -40.889 8.85267 0.66944 2 
106.472 -40.889 8.88045 0.70068 2 
109.038 -40.889 8.65849 0.63645 2 
111.603 -40.889 8.76272 0.74833 2 
114.169 -40.889 8.63746 0.72024 2 
116.735 -40.889 9.08008 0.56473 2 
119.300 -40.889 0.00000 -0.00000 0 
-8.980 -43.455 7.92259 -0.82349 2 
-6.414 -43.455 7.98202 -0.69258 2 
-3.848 -43.455 8.04351 -0.83882 2 
-1.283 -43.455 8.06451 -0.75557 2 
1.283 -43.455 8.24501 -0.76173 2 
3.848 -43.455 8.12227 -0.92111 2 
6.414 -43.455 8.19852 -0.81000 2 
8.980 -43.455 8.40968 -0.97428 2 
11.545 -43.455 8.35943 -0.82620 2 
14.111 -43.455 8.54868 -0.80038 2 
16.676 -43.455 8.52328 -0.77449 2 
19.242 -43.455 8.52584 -0.81614 2 
21.808 -43.455 8.47575 -0.88849 2 
24.373 -43.455 8.68736 -0.92836 2 
26.939 -43.455 8.70816 -0.77497 2 
29.504 -43.455 8.70344 -0.77050 2 
32.070 -43.455 8.70297 -0.78078 2 
34.636 -43.455 8.79778 -0.71586 2 
37.201 -43.455 8.70581 -0.68374 2 
39.767 -43.455 8.92956 -0.63076 2 
42.332 -43.455 8.91342 -0.39534 2 
44.898 -43.455 8.97408 -0.52394 2 
47.464 -43.455 8.96985 -0.56142 2 
50.029 -43.455 8.91367 -0.59448 2 
52.595 -43.455 8.98528 -0.39038 2 
55.160 -43.455 8.93486 -0.27037 2 
57.726 -43.455 8.87303 -0.39522 2 
60.292 -43.455 9.00040 -0.15338 2 
62.857 -43.455 9.04372 -0.18469 2 
65.423 -43.455 8.94178 -0.19106 2 
67.988 -43.455 9.08048 -0.09364 2 
70.554 -43.455 8.96678 -0.05806 2 
73.120 -43.455 8.95535 0.18229 2 
75.685 -43.455 9.01342 0.01565 2 
78.251 -43.455 8.95250 0.19067 2 
80.816 -43.455 9.05394 0.05097 2 
83.382 -43.455 8.86313 0.27090 2 
85.948 -43.455 8.91627 0.43216 2 
88.513 -43.455 8.96041 0.33954 2 
91.079 -43.455 8.85688 0.42041 2 
93.644 -43.455 8.88881 0.55555 2 
96.210 -43.455 8.85921 0.66353 2 
98.776 -43.455 8.87658 0.56942 2 
101.341 -43.455 8.68028 0.39120 2 
103.907 -43.455 8.62791 0.63497 2 
106.472 -43.455 8.80124 0.63860 2 
109.038 -43.455 8.62829 0.67992 2 
111.603 -43.455 8.66818 0.72223 2 
114.169 -43.455 8.57194 0.71202 2 
116.735 -43.455 8.96254 0.55883 2 
119.300 -43.455 0.00000 -0.00000 0 
-8.980 -46.020 7.80724 -0.74569 2 
-6.414 -46.020 8.01529 -0.75487 2 
-3.848 -46.020 8.15466 -0.79587 2 
-1.283 -46.020 8.09602 -0.80292 2 
1.283 -46.020 8.19303 -0.85742 2 
3.848 -46.020 8.29018 -0.89783 2 
6.414 -46.020 8.10644 -0.84186 2 
8.980 -46.020 8.40789 -0.86869 2 
11.545 -46.020 8.41966 -0.88673 2 
14.111 -46.020 8.51772 -0.72739 2 
16.676 -46.020 8.54721 -0.89741 2 
19.242 -46.020 8.46079 -0.80639 2 
21.808 -46.020 8.67118 -0.80469 2 
24.373 -46.020 8.63080 -0.75699 2 
26.939 -46.020 8.67217 -0.77955 2 
29.504 -46.020 8.62452 -0.83688 2 
32.070 -46.020 8.83781 -0.63697 2 
34.636 -46.020 8.65076 -0.72564 2 
37.201 -46.020 8.87107 -0.69643 2 
39.767 -46.020 8.84134 -0.61493 2 
42.332 -46.020 8.78134 -0.53923 2 
44.898 -46.020 8.86982 -0.57833 2 
47.464 -46.020 8.92135 -0.58935 2 
50.029 -46.020 8.86261 -0.47758 2 
52.595 -46.020 8.96929 -0.25278 2 
55.160 -46.020 8.93787 -0.30858 2 
57.726 -46.020 9.04155 -0.23207 2 
60.292 -46.020 8.83803 -0.23978 2 
62.857 -46.020 9.07511 -0.15309 2 
65.423 -46.020 8.98001 -0.11147 2 
67.988 -46.020 9.04661 -0.00074 2 
70.554 -46.020 9.00581 -0.04007 2 
73.120 -46.020 9.01040 -0.00529 2 
75.685 -46.020 8.96208 -0.03597 2 
78.251 -46.020 8.93597 0.18654 2 
80.816 -46.020 8.95195 0.36252 2 
83.382 -46.020 8.89006 0.36094 2 
85.948 -46.020 8.95616 0.28400 2 
88.513 -46.020 8.82596 0.40455 2 
91.079 -46.020 8.93445 0.34436 2 
93.644 -46.020 8.80647 0.56000 2 
96.210 -46.020 8.85659 0.45327 2 
98.776 -46.020 8.83446 0.52126 2 
101.341 -46.020 8.80381 0.55374 2 
103.907 -46.020 8.90011 0.53646 2 
106.472 -46.020 8.70157 0.60307 2 
109.038 -46.020 8.69291 0.54066 2 
111.603 -46.020 8.60143 0.66917 2 
114.169 -46.020 8.71843 0.61073 2 
116.735 -46.020 8.81506 0.65156 2 
119.300 -46.020 0.00000 -0.00000 0 
-8.980 -48.586 7.90583 -0.76422 2 
-6.414 -48.586 8.00448 -0.79480 2 
-3.848 -48.586 7.96366 -0.72686 2 
-1.283 -48.586 8.14511 -0.73707 2 
1.283 -48.586 8.13340 -0.82128 2 
3.848 -48.586 8.26619 -0.69311 2 
6.414 -48.586 8.35989 -0.72810 2 
8.980 -48.586 8.25737 -0.88260 2 
11.545 -48.586 8.39927 -0.81250 2 
14.111 -48.586 8.38143 -0.82713 2 
16.676 -48.586 8.42019 -0.72792 2 
19.242 -48.586 8.52094 -0.83742 2 
21.808 -48.586 8.61517 -0.63254 2 
24.373 -48.586 8.54377 -0.85131 2 
26.939 -48.586 8.58963 -0.66422 2 
29.504 -48.586 8.77631 -0.66311 2 
32.070 -48.586 8.72494 -0.73256 2 
34.636 -48.586 8.77645 -0.68454 2 
37.201 -48.586 8.81042 -0.52499 2 
39.767 -48.586 8.93751 -0.72828 2 
42.332 -48.586 8.77738 -0.50970 2 
44.898 -48.586 8.78825 -0.58742 2 
47.464 -48.586 8.88135 -0.40818 2 
50.029 -48.586 8.89955 -0.49251 2 
52.595 -48.586 8.89745 -0.31971 2 
55.160 -48.586 8.91606 -0.40464 2 
57.726 -48.586 8.84171 -0.33866 2 
60.292 -48.586 8.99303 -0.19581 2 
62.857 -48.586 8.93610 -0.19092 2 
65.423 -48.586 8.90756 -0.12133 2 
67.988 -48.586 8.83313 0.02994 2 
70.554 -48.586 8.90690 0.04328 2 
73.120 -48.586 8.85754 -0.07955 2 
75.685 -48.586 8.90436 0.14333 2 
78.251 -48.586 8.95659 0.22729 2 
80.816 -48.586 8.88430 0.03914 2 
83.382 -48.586 8.90625 0.23878 2 
85.948 -48.586 8.91723 0.27462 2 
88.513 -48.586 8.78893 0.39683 2 
91.079 -48.586 8.80766 0.25875 2 
93.644 -48.586 8.86662 0.35271 2 
96.210 -48.586 8.72026 0.54558 2 
98.776 -48.586 8.77498 0.40146 2 
101.341 -48.586 8.80214 0.58445 2 
103.907 -48.586 8.72129 0.48527 2 
106.472 -48.586 8.68415 0.48305 2 
109.038 -48.586 8.62759 0.58932 2 
111.603 -48.586 8.76815 0.56808 2 
114.169 -48.586 8.61823 0.77641 2 
116.735 -48.586 8.31030 0.66668 2 
119.300 -48.586 0.00000 -0.00000 0 
-8.980 -51.152 7.98342 -0.65035 2 
-6.414 -51.152 8.15618 -0.72860 2 
-3.848 -51.152 8.00837 -0.64404 2 
-1.283 -51.152 8.07607 -0.78796 2 
1.283 -51.152 7.98247 -0.62989 2 
3.848 -51.152 8.29651 -0.73141 2 
6.414 -51.152 8.30851 -0.79398 2 
8.980 -51.152 8.35567 -0.76431 2 
11.545 -51.152 8.37221 -0.63419 2 
14.111 -51.152 8.37555 -0.83471 2 
16.676 -51.152 8.60890 -0.75579 2 
19.242 -51.152 8.50667 -0.73286 2 
21.808 -51.152 8.53991 -0.67901 2 
24.373 -51.152 8.66028 -0.73307 2 
26.939 -51.152 8.59958 -0.66444 2 
29.504 -51.152 8.61978 -0.76094 2 
32.070 -51.152 8.81856 -0.79674 2 
34.636 -51.152 8.58782 -0.60485 2 
37.201 -51.152 8.70920 -0.64941 2 
39.767 -51.152 8.78653 -0.52993 2 
42.332 -51.152 8.82967 -0.54442 2 
44.898 -51.152 8.84003 -0.59458 2 
47.464 -51.152 8.90677 -0.45472 2 
50.029 -51.152 8.79704 -0.41169 2 
52.595 -51.152 8.93696 -0.23868 2 
55.160 -51.152 8.83097 -0.36119 2 
57.726 -51.152 8.84494 -0.25769 2 
60.292 -51.152 8.85425 -0.16612 2 
62.857 -51.152 8.91824 -0.18337 2 
65.423 -51.152 8.88375 -0.17368 2 
67.988 -51.152 8.90289 0.05869 2 
70.554 -51.152 8.98341 -0.18928 2 
73.120 -51.152 8.85121 -0.00635 2 
75.685 -51.152 8.96238 -0.00560 2 
78.251 -51.152 8.93601 0.13756 2 
80.816 -51.152 8.82470 0.16185 2 
83.382 -51.152 8.83411 0.28420 2 
85.948 -51.152 8.89535 0.25564 2 
88.513 -51.152 8.61248 0.30995 2 
91.079 -51.152 8.86706 0.48850 2 
93.644 -51.152 8.76010 0.32069 2 
96.210 -51.152 8.74694 0.34057 2 
98.776 -51.152 8.71017 0.46514 2 
101.341 -51.152 8.81322 0.51728 2 
103.907 -51.152 8.59848 0.70087 2 
106.472 -51.152 8.71300 0.69959 2 
109.038 -51.152 8.67383 0.49124 2 
111.603 -51.152 8.72659 0.61737 2 
114.169 -51.152 8.15258 0.62391 2 
116.735 -51.152 7.80554 0.68180 1 
119.300 -51.152 0.00000 -0.00000 0 
-8.980 -53.717 7.91831 -0.71192 2 
-6.414 -53.717 8.28729 -0.63779 2 
-3.848 -53.717 8.04216 -0.66099 2 
-1.283 -53.717 8.06516 -0.67892 2 
1.283 -53.717 8.52206 -0.75032 2 
3.848 -53.717 8.27532 -0.77242 2 
6.414 -53.717 8.27864 -0.51455 2 
8.980 -53.717 8.24596 -0.63029 2 
11.545 -53.717 8.56488 -0.93663 2 
14.111 -53.717 8.60813 -0.74896 2 
16.676 -53.717 8.68505 -0.66731 2 
19.242 -53.717 8.56381 -0.85233 2 
21.808 -53.717 8.95073 -0.70662 2 
24.373 -53.717 8.66948 -0.86874 2 
26.939 -53.717 8.69131 -0.68528 2 
29.504 -53.717 8.71313 -0.50183 2 
32.070 -53.717 8.69643 -0.53139 2 
34.636 -53.717 8.80299 -0.56483 2 
37.201 -53.717 8.78194 -0.57119 2 
39.767 -53.717 8.68963 -0.65934 2 
42.332 -53.717 8.73679 -0.54635 2 
44.898 -53.717 8.85909 -0.42805 2 
47.464 -53.717 8.75484 -0.57212 2 
50.029 -53.717 8.81108 -0.38412 2 
52.595 -53.717 8.89661 -0.49001 2 
55.160 -53.717 8.97697 -0.18447 2 
57.726 -53.717 8.74545 -0.35491 2 
60.292 -53.717 8.88872 -0.08001 2 
62.857 -53.717 8.84720 -0.17735 2 
65.423 -53.717 8.80845 -0.07888 2 
67.988 -53.717 8.87173 -0.24979 2 
70.554 -53.717 8.78376 -0.13652 2 
73.120 -53.717 8.86631 0.17882 2 
75.685 -53.717 8.90166 0.05264 2 
78.251 -53.717 8.75815 0.15614 2 
80.816 -53.717 8.83393 0.17575 2 
83.382 -53.717 8.80609 0.26849 2 
85.948 -53.717 8.76187 0.25953 2 
88.513 -53.717 8.91671 0.36835 2 
91.079 -53.717 9.07154 0.47716 2 
93.644 -53.717 9.04172 0.17334 2 
96.210 -53.717 8.92347 0.47525 2 
98.776 -53.717 8.87851 0.55603 2 
101.341 -53.717 8.84974 0.57448 2 
103.907 -53.717 8.86605 0.56183 2 
106.472 -53.717 8.86159 0.46709 2 
109.038 -53.717 8.97182 0.70700 2 
111.603 -53.717 9.08904 0.64164 2 
114.169 -53.717 7.68693 0.47141 1 
116.735 -53.717 8.38208 0.73929 1 
119.300 -53.717 0.00000 -0.00000 0 
-8.980 -56.283 0.00000 -0.00000 0 
-6.414 -56.283 0.00000 -0.00000 0 
-3.848 -56.283 0.00000 -0.00000 0 
-1.283 -56.283 0.00000 -0.00000 0 
1.283 -56.283 0.00000 -0.00000 0 
3.848 -56.283 0.00000 -0.00000 0 
6.414 -56.283 0.00000 -0.00000 0 
8.980 -56.283 0.00000 -0.00000 0 
11.545 -56.283 0.00000 -0.00000 0 
14.111 -56.283 0.00000 -0.00000 0 
16.676 -56.283 0.00000 -0.00000 0 
19.242 -56.283 0.00000 -0.00000 0 
21.808 -56.283 0.00000 -0.00000 0 
24.373 -56.283 0.00000 -0.00000 0 
26.939 -56.283 0.00000 -0.00000 0 
29.504 -56.283 0.00000 -0.00000 0 
32.070 -56.283 8.63323 -0.33396 2 
34.636 -56.283 8.65001 -0.29510 2 
37.201 -56.283 8.66679 -0.25625 2 
39.767 -56.283 8.68357 -0.21739 2 
42.332 -56.283 8.70034 -0.17853 2 
44.898 -56.283 8.71712 -0.13967 2 
47.464 -56.283 8.73390 -0.10081 2 
50.029 -56.283 8.75068 -0.06195 2 
52.595 -56.283 8.83456 -0.17994 2 
55.160 -56.283 8.73117 -0.15055 2 
57.726 -56.283 8.82675 -0.09546 2 
60.292 -56.283 8.76830 -0.26081 2 
62.857 -56.283 8.75748 -0.12043 2 
65.423 -56.283 8.85777 -0.11304 2 
67.988 -56.283 8.70935 -0.07366 2 
70.554 -56.283 8.91275 -0.19121 2 
73.120 -56.283 8.85901 0.14705 2 
75.685 -56.283 8.74793 0.06408 2 
78.251 -56.283 8.82026 0.17192 2 
80.816 -56.283 8.85684 0.19075 2 
83.382 -56.283 8.91125 0.20912 2 
85.948 -56.283 8.80128 0.14545 2 
88.513 -56.283 8.69131 0.08179 2 
91.079 -56.283 8.58134 0.01812 1 
93.644 -56.283 8.60991 0.02074 2 
96.210 -56.283 8.63849 0.02336 2 
98.776 -56.283 8.66706 0.02599 2 
101.341 -56.283 8.62430 0.03001 2 
103.907 -56.283 8.58155 0.03404 2 
106.472 -56.283 8.53879 0.03806 2 
109.038 -56.283 8.49604 0.04209 2 
111.603 -56.283 8.45328 0.04612 2 
114.169 -56.283 8.12521 0.05576 1 
116.735 -56.283 0.00000 -0.00000 0 
119.300 -56.283 0.00000 -0.00000 0 
