TITLE = "B00020"
VARIABLES = "X [mm]", "Y [mm]", "Vx [m/s]", "Vy [m/s]", "Flag"
ZONE T="Frame 1", I=51, J=39, F=POINT
-8.980 41.210 0.00000 -0.00000 0 
-6.414 41.210 0.00000 -0.00000 0 
-3.848 41.210 7.33249 0.37905 2 
-1.283 41.210 7.31894 0.32370 2 
1.283 41.210 7.36686 0.38929 2 
3.848 41.210 0.00000 -0.00000 0 
6.414 41.210 0.00000 -0.00000 0 
8.980 41.210 0.00000 -0.00000 0 
11.545 41.210 0.00000 -0.00000 0 
14.111 41.210 0.00000 -0.00000 0 
16.676 41.210 0.00000 -0.00000 0 
19.242 41.210 3.96128 0.29440 2 
21.808 41.210 7.92256 0.58880 2 
24.373 41.210 7.28800 1.00290 2 
26.939 41.210 7.57673 0.89210 2 
29.504 41.210 7.40731 0.89592 2 
32.070 41.210 7.68799 0.99377 2 
34.636 41.210 7.71678 1.00985 2 
37.201 41.210 7.64821 0.87164 2 
39.767 41.210 7.66759 0.96836 2 
42.332 41.210 7.75578 0.88850 2 
44.898 41.210 7.81846 0.67963 2 
47.464 41.210 7.84606 0.88827 2 
50.029 41.210 7.95758 0.78778 2 
52.595 41.210 8.28777 0.80716 2 
55.160 41.210 8.18544 0.80834 2 
57.726 41.210 8.09660 0.94219 2 
60.292 41.210 8.26067 0.88787 2 
62.857 41.210 8.13895 0.72300 2 
65.423 41.210 8.48695 0.58446 2 
67.988 41.210 8.31021 0.66348 2 
70.554 41.210 8.45461 0.46963 2 
73.120 41.210 8.44616 0.58254 2 
75.685 41.210 8.43771 0.69545 2 
78.251 41.210 8.37070 0.70878 2 
80.816 41.210 0.00000 0.00000 0 
83.382 41.210 8.55451 0.55966 2 
85.948 41.210 8.60978 0.59000 2 
88.513 41.210 8.66505 0.62034 2 
91.079 41.210 8.77950 0.18103 2 
93.644 41.210 8.65729 0.39865 2 
96.210 41.210 8.67824 0.02621 2 
98.776 41.210 8.79789 -0.09120 2 
101.341 41.210 8.62631 -0.06625 2 
103.907 41.210 8.70371 0.02079 2 
106.472 41.210 8.54110 -0.37610 2 
109.038 41.210 8.77661 -0.20287 2 
111.603 41.210 8.71319 -0.26366 2 
114.169 41.210 8.52046 -0.34559 2 
116.735 41.210 8.75195 -0.63847 2 
119.300 41.210 0.00000 -0.00000 0 
-8.980 38.644 0.00000 -0.00000 0 
-6.414 38.644 7.49683 0.44131 2 
-3.848 38.644 7.26729 0.39979 2 
-1.283 38.644 7.07038 0.38646 2 
1.283 38.644 7.57256 0.55230 2 
3.848 38.644 0.00000 -0.00000 0 
6.414 38.644 0.00000 -0.00000 0 
8.980 38.644 0.00000 -0.00000 0 
11.545 38.644 0.00000 -0.00000 0 
14.111 38.644 0.00000 -0.00000 0 
16.676 38.644 0.00000 -0.00000 0 
19.242 38.644 3.92305 0.41638 2 
21.808 38.644 7.84610 0.83277 2 
24.373 38.644 7.41492 0.78203 2 
26.939 38.644 7.44593 0.88669 2 
29.504 38.644 7.51600 0.80869 2 
32.070 38.644 7.44776 0.72095 2 
34.636 38.644 7.59853 0.73824 2 
37.201 38.644 7.72603 0.78478 2 
39.767 38.644 7.65498 0.84873 2 
42.332 38.644 7.78063 0.97014 2 
44.898 38.644 7.93739 0.89407 2 
47.464 38.644 7.91023 0.93153 2 
50.029 38.644 7.84809 0.76472 2 
52.595 38.644 7.87469 0.68784 2 
55.160 38.644 8.19256 0.94182 2 
57.726 38.644 8.21813 0.92151 2 
60.292 38.644 8.27927 0.80745 2 
62.857 38.644 8.25868 0.85127 2 
65.423 38.644 8.54972 0.88724 2 
67.988 38.644 8.43466 0.63221 2 
70.554 38.644 8.50045 0.81197 2 
73.120 38.644 8.48225 0.67731 2 
75.685 38.644 8.59470 0.54583 2 
78.251 38.644 8.50035 0.58950 2 
80.816 38.644 0.00000 0.00000 0 
83.382 38.644 8.67213 0.55897 2 
85.948 38.644 8.73483 0.50665 2 
88.513 38.644 8.58558 0.30377 2 
91.079 38.644 8.76200 0.42410 2 
93.644 38.644 8.74839 0.19368 2 
96.210 38.644 8.76586 0.24673 2 
98.776 38.644 8.81449 -0.08068 2 
101.341 38.644 8.51513 -0.04776 2 
103.907 38.644 8.80246 0.03132 2 
106.472 38.644 8.77151 -0.39861 2 
109.038 38.644 8.76504 -0.35758 2 
111.603 38.644 8.52100 -0.58043 2 
114.169 38.644 8.43467 -0.63796 2 
116.735 38.644 8.74345 -0.79614 2 
119.300 38.644 0.00000 -0.00000 0 
-8.980 36.079 7.28862 0.36399 2 
-6.414 36.079 7.28375 0.22305 2 
-3.848 36.079 7.20883 0.46536 2 
-1.283 36.079 7.25606 0.38731 2 
1.283 36.079 7.87423 0.40635 2 
3.848 36.079 0.00000 -0.00000 0 
6.414 36.079 0.00000 -0.00000 0 
8.980 36.079 0.00000 -0.00000 0 
11.545 36.079 0.00000 -0.00000 0 
14.111 36.079 0.00000 -0.00000 0 
16.676 36.079 0.00000 -0.00000 0 
19.242 36.079 4.00539 0.52619 2 
21.808 36.079 8.01078 1.05238 2 
24.373 36.079 7.41197 0.79929 2 
26.939 36.079 7.38755 0.80420 2 
29.504 36.079 7.48336 1.03640 2 
32.070 36.079 7.38634 0.90305 2 
34.636 36.079 7.44543 0.96588 2 
37.201 36.079 7.66760 0.91362 2 
39.767 36.079 7.71093 0.91043 2 
42.332 36.079 7.83973 0.87671 2 
44.898 36.079 8.00392 0.86401 2 
47.464 36.079 7.95617 0.95597 2 
50.029 36.079 8.08989 0.87764 2 
52.595 36.079 8.14547 0.98109 2 
55.160 36.079 8.31339 0.79593 2 
57.726 36.079 8.16460 0.80740 2 
60.292 36.079 8.26704 0.92663 2 
62.857 36.079 8.37841 0.97954 2 
65.423 36.079 8.48724 0.78972 2 
67.988 36.079 8.49107 0.87510 2 
70.554 36.079 8.43692 0.47227 2 
73.120 36.079 8.55052 0.94038 2 
75.685 36.079 8.74608 0.77879 2 
78.251 36.079 8.53940 0.53156 2 
80.816 36.079 0.00000 0.00000 0 
83.382 36.079 8.66922 0.54909 2 
85.948 36.079 8.73692 0.59194 2 
88.513 36.079 8.93389 0.32631 2 
91.079 36.079 8.84437 0.25750 2 
93.644 36.079 8.67361 0.05874 2 
96.210 36.079 8.93641 -0.07074 2 
98.776 36.079 8.77656 -0.08838 2 
101.341 36.079 8.98003 -0.03527 2 
103.907 36.079 8.78502 -0.09831 2 
106.472 36.079 8.78997 -0.18908 2 
109.038 36.079 8.77127 -0.47472 2 
111.603 36.079 8.83187 -0.43463 2 
114.169 36.079 8.83303 -0.65567 2 
116.735 36.079 8.93781 -0.63945 2 
119.300 36.079 0.00000 -0.00000 0 
-8.980 33.513 7.12785 0.29997 2 
-6.414 33.513 7.17541 0.36371 2 
-3.848 33.513 7.23842 0.47276 2 
-1.283 33.513 7.07515 0.45409 2 
1.283 33.513 7.67286 0.49012 2 
3.848 33.513 0.00000 -0.00000 0 
6.414 33.513 0.00000 -0.00000 0 
8.980 33.513 0.00000 -0.00000 0 
11.545 33.513 0.00000 -0.00000 0 
14.111 33.513 0.00000 -0.00000 0 
16.676 33.513 0.00000 -0.00000 0 
19.242 33.513 3.98179 0.41660 2 
21.808 33.513 7.96358 0.83321 2 
24.373 33.513 7.16601 0.92141 2 
26.939 33.513 7.31118 0.89309 2 
29.504 33.513 7.50996 0.81716 2 
32.070 33.513 7.61137 0.96873 2 
34.636 33.513 7.66488 0.84556 2 
37.201 33.513 7.62425 0.90337 2 
39.767 33.513 7.82311 1.05553 2 
42.332 33.513 7.70891 0.95836 2 
44.898 33.513 7.71981 0.99916 2 
47.464 33.513 7.99384 1.12182 2 
50.029 33.513 7.85153 1.09402 2 
52.595 33.513 8.07353 0.94486 2 
55.160 33.513 7.92515 1.04947 2 
57.726 33.513 8.32456 0.99218 2 
60.292 33.513 8.27302 1.06193 2 
62.857 33.513 8.36620 0.96515 2 
65.423 33.513 8.54312 0.82463 2 
67.988 33.513 8.46176 1.00048 2 
70.554 33.513 8.62167 0.77099 2 
73.120 33.513 8.63378 0.63296 2 
75.685 33.513 8.68091 0.57658 2 
78.251 33.513 8.88949 0.73466 2 
80.816 33.513 0.00000 0.00000 0 
83.382 33.513 8.81188 0.48719 2 
85.948 33.513 8.74631 0.41619 2 
88.513 33.513 8.86522 0.41111 2 
91.079 33.513 8.88059 0.09606 2 
93.644 33.513 8.81705 0.09103 2 
96.210 33.513 8.92329 0.08401 2 
98.776 33.513 8.89686 -0.06016 2 
101.341 33.513 8.90812 -0.04923 2 
103.907 33.513 8.96279 -0.11950 2 
106.472 33.513 8.90721 -0.53195 2 
109.038 33.513 8.85163 -0.52191 2 
111.603 33.513 8.81775 -0.51503 2 
114.169 33.513 8.69212 -0.54522 2 
116.735 33.513 8.95603 -0.74147 2 
119.300 33.513 0.00000 -0.00000 0 
-8.980 30.948 7.17931 0.20476 2 
-6.414 30.948 7.28957 0.27273 2 
-3.848 30.948 7.08475 0.39475 2 
-1.283 30.948 7.12631 0.45568 2 
1.283 30.948 7.43936 0.36545 2 
3.848 30.948 0.00000 -0.00000 0 
6.414 30.948 0.00000 -0.00000 0 
8.980 30.948 0.00000 -0.00000 0 
11.545 30.948 0.00000 -0.00000 0 
14.111 30.948 0.00000 -0.00000 0 
16.676 30.948 0.00000 -0.00000 0 
19.242 30.948 3.94571 0.40505 2 
21.808 30.948 7.64930 0.60377 2 
24.373 30.948 7.36892 0.90984 2 
26.939 30.948 7.25866 0.95246 2 
29.504 30.948 7.48912 0.97561 2 
32.070 30.948 7.45547 1.23974 2 
34.636 30.948 7.63251 1.11679 2 
37.201 30.948 7.57468 0.98566 2 
39.767 30.948 7.62389 1.22743 2 
42.332 30.948 7.93408 1.01925 2 
44.898 30.948 8.00180 1.16388 2 
47.464 30.948 7.92070 0.92124 2 
50.029 30.948 8.07616 1.04798 2 
52.595 30.948 8.04807 1.00625 2 
55.160 30.948 8.12796 1.12715 2 
57.726 30.948 8.19962 0.93223 2 
60.292 30.948 8.41578 0.99728 2 
62.857 30.948 8.45124 0.80703 2 
65.423 30.948 8.21381 0.97011 2 
67.988 30.948 8.60255 0.80234 2 
70.554 30.948 8.53663 0.89583 2 
73.120 30.948 8.67052 0.79958 2 
75.685 30.948 8.69704 0.59129 2 
78.251 30.948 8.64918 0.67084 2 
80.816 30.948 0.00000 0.00000 0 
83.382 30.948 8.76389 0.65471 2 
85.948 30.948 8.81348 0.55853 2 
88.513 30.948 8.75455 0.37752 2 
91.079 30.948 8.80790 0.31512 2 
93.644 30.948 9.00688 0.27342 2 
96.210 30.948 8.99361 0.22643 2 
98.776 30.948 9.03230 0.15761 2 
101.341 30.948 9.08975 -0.01357 2 
103.907 30.948 8.97246 -0.15230 2 
106.472 30.948 9.19421 -0.20040 2 
109.038 30.948 9.03511 -0.40936 2 
111.603 30.948 9.06034 -0.68690 2 
114.169 30.948 8.99781 -0.82114 2 
116.735 30.948 8.97424 -0.84348 2 
119.300 30.948 0.00000 -0.00000 0 
-8.980 28.382 7.30110 0.25285 2 
-6.414 28.382 7.03574 0.30319 2 
-3.848 28.382 7.12746 0.37221 2 
-1.283 28.382 6.97356 0.24053 2 
1.283 28.382 7.15927 0.48805 2 
3.848 28.382 3.87476 0.22641 2 
6.414 28.382 0.00000 -0.00000 0 
8.980 28.382 0.00000 -0.00000 0 
11.545 28.382 0.00000 -0.00000 0 
14.111 28.382 0.00000 -0.00000 0 
16.676 28.382 1.95482 0.19675 2 
19.242 28.382 3.90964 0.39350 2 
21.808 28.382 7.84445 0.98558 2 
24.373 28.382 7.26806 1.09371 2 
26.939 28.382 7.41036 0.87608 2 
29.504 28.382 7.28502 1.04199 2 
32.070 28.382 7.30007 1.07952 2 
34.636 28.382 7.48532 1.07645 2 
37.201 28.382 7.59458 1.16224 2 
39.767 28.382 7.70199 1.17027 2 
42.332 28.382 7.65590 1.11555 2 
44.898 28.382 7.84533 1.04953 2 
47.464 28.382 8.09408 1.06406 2 
50.029 28.382 7.92240 1.03480 2 
52.595 28.382 8.27793 1.16276 2 
55.160 28.382 8.29663 1.10746 2 
57.726 28.382 8.25750 1.04319 2 
60.292 28.382 8.31501 1.18376 2 
62.857 28.382 8.42794 1.05941 2 
65.423 28.382 8.46962 0.98509 2 
67.988 28.382 8.55651 0.98031 2 
70.554 28.382 8.61750 1.03983 2 
73.120 28.382 8.63251 0.75226 2 
75.685 28.382 8.59723 0.98633 2 
78.251 28.382 8.85559 0.66868 2 
80.816 28.382 8.73145 0.83964 2 
83.382 28.382 8.87432 0.60874 2 
85.948 28.382 9.01719 0.37785 2 
88.513 28.382 8.95828 0.68032 2 
91.079 28.382 9.04752 0.35661 2 
93.644 28.382 9.02302 0.17398 2 
96.210 28.382 9.03310 0.12834 2 
98.776 28.382 8.95447 0.10597 2 
101.341 28.382 8.95797 -0.11042 2 
103.907 28.382 9.05724 -0.02704 2 
106.472 28.382 9.06528 -0.34118 2 
109.038 28.382 9.03830 -0.48045 2 
111.603 28.382 9.19264 -0.81086 2 
114.169 28.382 9.03983 -0.82026 2 
116.735 28.382 9.37816 -1.24165 2 
119.300 28.382 0.00000 -0.00000 0 
-8.980 25.816 6.96077 0.09341 2 
-6.414 25.816 7.09278 0.33078 2 
-3.848 25.816 7.05379 0.35796 2 
-1.283 25.816 7.10579 0.34170 2 
1.283 25.816 6.87918 0.61065 2 
3.848 25.816 7.74952 0.45283 2 
6.414 25.816 0.00000 -0.00000 0 
8.980 25.816 0.00000 -0.00000 0 
11.545 25.816 0.00000 -0.00000 0 
14.111 25.816 0.00000 -0.00000 0 
16.676 25.816 4.02539 0.58092 2 
19.242 25.816 8.05078 1.16184 2 
21.808 25.816 7.28253 0.98536 2 
24.373 25.816 7.28265 0.97043 2 
26.939 25.816 7.27411 1.05416 2 
29.504 25.816 7.43981 1.09502 2 
32.070 25.816 7.43683 1.14366 2 
34.636 25.816 7.48094 1.00214 2 
37.201 25.816 7.64136 1.16605 2 
39.767 25.816 7.55616 1.24301 2 
42.332 25.816 8.00857 1.07671 2 
44.898 25.816 7.75608 1.27210 2 
47.464 25.816 7.92338 1.19828 2 
50.029 25.816 8.16959 1.12687 2 
52.595 25.816 8.02455 1.12502 2 
55.160 25.816 8.19334 1.29343 2 
57.726 25.816 8.31538 1.15414 2 
60.292 25.816 8.16706 1.13011 2 
62.857 25.816 8.53185 0.99778 2 
65.423 25.816 8.50080 1.10336 2 
67.988 25.816 8.65020 1.12043 2 
70.554 25.816 8.78139 1.08754 2 
73.120 25.816 8.84805 1.03464 2 
75.685 25.816 8.99615 0.96794 2 
78.251 25.816 8.87185 0.71248 2 
80.816 25.816 8.85105 0.69581 2 
83.382 25.816 0.00000 0.00000 0 
85.948 25.816 8.99236 0.62307 2 
88.513 25.816 9.12093 0.30085 2 
91.079 25.816 9.13309 0.31475 2 
93.644 25.816 9.30191 0.12266 2 
96.210 25.816 9.05087 0.14721 2 
98.776 25.816 9.01320 -0.09848 2 
101.341 25.816 9.08097 -0.05483 2 
103.907 25.816 9.05113 0.18735 2 
106.472 25.816 9.15697 0.18765 2 
109.038 25.816 9.32288 -0.05539 2 
111.603 25.816 9.68169 -0.40221 2 
114.169 25.816 9.28618 -0.77719 2 
116.735 25.816 9.53051 -1.48092 2 
119.300 25.816 0.00000 -0.00000 0 
-8.980 23.251 6.86062 0.25432 2 
-6.414 23.251 7.10197 0.17404 2 
-3.848 23.251 7.04138 0.33951 2 
-1.283 23.251 6.79685 0.38025 2 
1.283 23.251 7.08247 0.41244 2 
3.848 23.251 6.96811 0.59836 2 
6.414 23.251 0.00000 -0.00000 0 
8.980 23.251 0.00000 -0.00000 0 
11.545 23.251 0.00000 -0.00000 0 
14.111 23.251 0.00000 -0.00000 0 
16.676 23.251 3.82024 0.53305 2 
19.242 23.251 7.64049 1.06609 2 
21.808 23.251 7.09088 1.04655 2 
24.373 23.251 7.14148 0.89839 2 
26.939 23.251 7.28705 1.16498 2 
29.504 23.251 7.37468 1.12427 2 
32.070 23.251 7.39387 1.35336 2 
34.636 23.251 7.48699 1.34937 2 
37.201 23.251 7.45548 1.46731 2 
39.767 23.251 7.82517 1.28330 2 
42.332 23.251 7.79587 1.29179 2 
44.898 23.251 7.84610 1.22288 2 
47.464 23.251 7.91920 1.34712 2 
50.029 23.251 8.07339 1.33658 2 
52.595 23.251 8.13901 1.15149 2 
55.160 23.251 8.22394 1.19721 2 
57.726 23.251 8.52911 1.36108 2 
60.292 23.251 8.53654 1.18481 2 
62.857 23.251 8.36350 1.18283 2 
65.423 23.251 8.56771 1.05899 2 
67.988 23.251 8.66932 1.17763 2 
70.554 23.251 8.64123 1.01322 2 
73.120 23.251 8.73354 1.07256 2 
75.685 23.251 8.76262 0.84109 2 
78.251 23.251 8.85713 1.00633 2 
80.816 23.251 8.80754 0.90368 2 
83.382 23.251 0.00000 0.00000 0 
85.948 23.251 9.32888 0.48185 2 
88.513 23.251 9.52017 0.33025 2 
91.079 23.251 9.35260 0.41918 2 
93.644 23.251 9.18348 0.00020 2 
96.210 23.251 9.16545 -0.19415 2 
98.776 23.251 8.95386 -0.22603 2 
101.341 23.251 8.96057 0.16379 2 
103.907 23.251 9.04761 0.45877 2 
106.472 23.251 9.24866 0.71649 2 
109.038 23.251 9.66051 -0.25160 2 
111.603 23.251 9.66382 -0.75276 2 
114.169 23.251 9.66714 -1.25393 2 
116.735 23.251 9.68309 -1.34972 2 
119.300 23.251 0.00000 -0.00000 0 
-8.980 20.685 7.10586 0.09949 2 
-6.414 20.685 7.08657 0.24504 2 
-3.848 20.685 6.86168 0.21815 2 
-1.283 20.685 7.05492 0.40992 2 
1.283 20.685 6.83478 0.28547 2 
3.848 20.685 6.96949 0.62767 2 
6.414 20.685 0.00000 -0.00000 0 
8.980 20.685 0.00000 -0.00000 0 
11.545 20.685 0.00000 -0.00000 0 
14.111 20.685 0.00000 -0.00000 0 
16.676 20.685 3.71753 0.56929 2 
19.242 20.685 7.43505 1.13858 2 
21.808 20.685 6.95724 1.17725 2 
24.373 20.685 7.12293 1.30860 2 
26.939 20.685 7.24770 1.10450 2 
29.504 20.685 7.28496 1.21738 2 
32.070 20.685 7.37296 1.26518 2 
34.636 20.685 7.50769 1.37497 2 
37.201 20.685 7.64312 1.40063 2 
39.767 20.685 7.55874 1.31731 2 
42.332 20.685 7.73682 1.51550 2 
44.898 20.685 7.71757 1.35694 2 
47.464 20.685 7.97629 1.25419 2 
50.029 20.685 8.19369 1.44627 2 
52.595 20.685 8.17027 1.30631 2 
55.160 20.685 8.29367 1.16899 2 
57.726 20.685 8.21957 1.38364 2 
60.292 20.685 8.16856 1.34513 2 
62.857 20.685 8.52763 1.09677 2 
65.423 20.685 8.90258 1.09781 2 
67.988 20.685 9.04099 0.89928 2 
70.554 20.685 9.03502 0.95761 2 
73.120 20.685 9.08682 1.15368 2 
75.685 20.685 9.38668 0.97871 2 
78.251 20.685 9.46394 1.39441 2 
80.816 20.685 8.76404 1.11155 2 
83.382 20.685 0.00000 0.00000 0 
85.948 20.685 0.00000 0.00000 0 
88.513 20.685 0.00000 0.00000 0 
91.079 20.685 9.20371 0.34991 2 
93.644 20.685 9.97315 0.08022 2 
96.210 20.685 9.62830 -0.14584 2 
98.776 20.685 8.95662 -0.40364 2 
101.341 20.685 8.44843 0.11956 2 
103.907 20.685 8.45606 0.79511 2 
106.472 20.685 8.17287 1.09329 2 
109.038 20.685 8.58562 -0.38706 2 
111.603 20.685 9.26606 -0.99974 2 
114.169 20.685 9.94650 -1.61242 2 
116.735 20.685 10.12000 -1.64442 2 
119.300 20.685 0.00000 -0.00000 0 
-8.980 18.120 6.78556 0.14771 2 
-6.414 18.120 6.73248 0.18306 2 
-3.848 18.120 6.95681 0.10368 2 
-1.283 18.120 6.74886 0.36703 2 
1.283 18.120 6.81489 0.58239 2 
3.848 18.120 7.11734 0.44731 2 
6.414 18.120 0.00000 -0.00000 0 
8.980 18.120 0.00000 -0.00000 0 
11.545 18.120 0.00000 -0.00000 0 
14.111 18.120 0.00000 -0.00000 0 
16.676 18.120 3.91706 0.67527 2 
19.242 18.120 7.83411 1.35054 2 
21.808 18.120 6.92496 1.19426 2 
24.373 18.120 7.17037 1.33011 2 
26.939 18.120 7.09553 1.25276 2 
29.504 18.120 7.42187 1.41116 2 
32.070 18.120 7.49403 1.39230 2 
34.636 18.120 7.24346 1.52142 2 
37.201 18.120 7.57452 1.30235 2 
39.767 18.120 7.67847 1.44956 2 
42.332 18.120 7.89563 1.56023 2 
44.898 18.120 8.00880 1.50813 2 
47.464 18.120 7.90812 1.25789 2 
50.029 18.120 8.04877 1.45672 2 
52.595 18.120 8.14488 1.47226 2 
55.160 18.120 8.61670 1.33133 2 
57.726 18.120 8.31791 1.41650 2 
60.292 18.120 8.76638 1.34499 2 
62.857 18.120 9.23755 1.48040 2 
65.423 18.120 4.45129 0.54891 2 
67.988 18.120 0.00000 -0.00000 0 
70.554 18.120 0.00000 -0.00000 0 
73.120 18.120 0.00000 -0.00000 0 
75.685 18.120 0.00000 -0.00000 0 
78.251 18.120 0.00000 -0.00000 0 
80.816 18.120 0.00000 -0.00000 0 
83.382 18.120 0.00000 -0.00000 0 
85.948 18.120 0.93197 -0.09145 2 
88.513 18.120 7.44747 -0.09247 2 
91.079 18.120 9.33577 0.18053 2 
93.644 18.120 10.76281 0.16025 2 
96.210 18.120 9.56266 -0.39639 2 
98.776 18.120 5.66684 -0.52945 2 
101.341 18.120 8.08258 0.00276 2 
103.907 18.120 7.46339 0.01505 2 
106.472 18.120 7.09708 1.47009 2 
109.038 18.120 6.06507 0.41102 2 
111.603 18.120 5.03307 -0.64806 2 
114.169 18.120 7.76819 -0.18268 2 
116.735 18.120 6.88493 0.03154 2 
119.300 18.120 0.00000 -0.00000 0 
-8.980 15.554 6.87882 -0.05488 2 
-6.414 15.554 6.92040 0.13606 2 
-3.848 15.554 6.78489 0.13913 2 
-1.283 15.554 6.71845 0.25546 2 
1.283 15.554 7.05707 0.29092 2 
3.848 15.554 3.52854 0.14546 2 
6.414 15.554 0.00000 -0.00000 0 
8.980 15.554 0.00000 -0.00000 0 
11.545 15.554 0.00000 -0.00000 0 
14.111 15.554 0.00000 -0.00000 0 
16.676 15.554 3.69639 0.55644 2 
19.242 15.554 7.39278 1.11289 2 
21.808 15.554 6.66409 1.44633 2 
24.373 15.554 7.11442 1.36121 2 
26.939 15.554 7.15845 1.45785 2 
29.504 15.554 7.24487 1.66745 2 
32.070 15.554 7.13660 1.56170 2 
34.636 15.554 7.55199 1.72317 2 
37.201 15.554 7.31977 1.53215 2 
39.767 15.554 7.75060 1.61187 2 
42.332 15.554 8.01954 1.50945 2 
44.898 15.554 8.17828 1.65207 2 
47.464 15.554 8.27154 1.78497 2 
50.029 15.554 8.42551 1.70507 2 
52.595 15.554 8.39926 1.43448 2 
55.160 15.554 0.00000 -0.00000 0 
57.726 15.554 0.00000 -0.00000 0 
60.292 15.554 0.00000 -0.00000 0 
62.857 15.554 0.00000 -0.00000 0 
65.423 15.554 0.00000 -0.00000 0 
67.988 15.554 0.00000 -0.00000 0 
70.554 15.554 0.00000 -0.00000 0 
73.120 15.554 0.00000 -0.00000 0 
75.685 15.554 0.00000 -0.00000 0 
78.251 15.554 0.00000 -0.00000 0 
80.816 15.554 -0.28987 0.06574 2 
83.382 15.554 -0.98413 0.00832 2 
85.948 15.554 -1.69636 -0.02058 2 
88.513 15.554 -3.44690 0.10104 2 
91.079 15.554 0.24455 0.67656 2 
93.644 15.554 4.39275 0.30563 2 
96.210 15.554 3.38490 -0.17482 2 
98.776 15.554 2.37705 -0.65527 2 
101.341 15.554 3.07111 0.13765 2 
103.907 15.554 3.83001 -0.72763 2 
106.472 15.554 2.45125 1.87142 2 
109.038 15.554 -1.52050 1.26959 2 
111.603 15.554 0.88933 -0.09350 2 
114.169 15.554 2.93070 0.18092 2 
116.735 15.554 3.64986 1.70749 2 
119.300 15.554 0.00000 -0.00000 0 
-8.980 12.988 6.80522 -0.04197 2 
-6.414 12.988 6.77183 -0.07621 2 
-3.848 12.988 6.55006 0.05870 2 
-1.283 12.988 6.61579 0.06258 2 
1.283 12.988 6.56834 0.41066 2 
3.848 12.988 3.28417 0.20533 2 
6.414 12.988 0.00000 -0.00000 0 
8.980 12.988 0.00000 -0.00000 0 
11.545 12.988 0.00000 -0.00000 0 
14.111 12.988 0.00000 -0.00000 0 
16.676 12.988 3.57323 0.73590 2 
19.242 12.988 7.14646 1.47180 2 
21.808 12.988 6.96042 1.57809 2 
24.373 12.988 7.00572 1.53762 2 
26.939 12.988 7.01495 1.54154 2 
29.504 12.988 7.32517 1.72504 2 
32.070 12.988 7.70757 1.43672 2 
34.636 12.988 7.61887 1.67510 2 
37.201 12.988 7.74993 1.83936 2 
39.767 12.988 8.93362 1.41429 2 
42.332 12.988 0.00000 -0.00000 0 
44.898 12.988 0.00000 -0.00000 0 
47.464 12.988 0.00000 -0.00000 0 
50.029 12.988 0.00000 -0.00000 0 
52.595 12.988 0.00000 -0.00000 0 
55.160 12.988 0.00000 -0.00000 0 
57.726 12.988 0.00000 -0.00000 0 
60.292 12.988 0.00000 -0.00000 0 
62.857 12.988 0.00000 -0.00000 0 
65.423 12.988 0.00000 -0.00000 0 
67.988 12.988 0.00000 -0.00000 0 
70.554 12.988 0.00000 -0.00000 0 
73.120 12.988 0.00000 -0.00000 0 
75.685 12.988 -0.49439 -0.00965 2 
78.251 12.988 -1.08471 -0.09510 2 
80.816 12.988 -0.90315 -0.16342 2 
83.382 12.988 -1.96825 0.01663 2 
85.948 12.988 -2.05558 -0.33281 2 
88.513 12.988 -2.20367 0.68394 2 
91.079 12.988 -2.09049 0.56747 2 
93.644 12.988 -1.97731 0.45101 2 
96.210 12.988 -1.30099 -0.13642 2 
98.776 12.988 -0.62467 -0.72384 2 
101.341 12.988 -0.54431 1.44363 2 
103.907 12.988 -1.97098 1.21670 2 
106.472 12.988 -2.19457 2.27274 2 
109.038 12.988 0.41264 0.46440 2 
111.603 12.988 -3.25442 0.46107 2 
114.169 12.988 -1.90678 0.54453 2 
116.735 12.988 0.41479 3.38345 2 
119.300 12.988 0.17040 4.77674 2 
-8.980 10.423 6.68673 -0.16229 2 
-6.414 10.423 6.63174 -0.19091 2 
-3.848 10.423 6.66778 -0.02892 2 
-1.283 10.423 6.63785 0.01189 2 
1.283 10.423 6.50831 0.09951 2 
3.848 10.423 4.30013 0.09246 2 
6.414 10.423 2.09196 0.08542 2 
8.980 10.423 0.00000 -0.00000 0 
11.545 10.423 0.00000 -0.00000 0 
14.111 10.423 0.00000 -0.00000 0 
16.676 10.423 2.38215 0.49060 2 
19.242 10.423 4.76431 0.98120 2 
21.808 10.423 7.29900 1.82101 2 
24.373 10.423 7.27305 1.95597 2 
26.939 10.423 7.18738 1.80303 2 
29.504 10.423 3.66259 0.86252 2 
32.070 10.423 0.00000 -0.00000 0 
34.636 10.423 0.00000 -0.00000 0 
37.201 10.423 0.00000 -0.00000 0 
39.767 10.423 0.00000 -0.00000 0 
42.332 10.423 0.00000 -0.00000 0 
44.898 10.423 0.00000 -0.00000 0 
47.464 10.423 0.00000 -0.00000 0 
50.029 10.423 0.00000 -0.00000 0 
52.595 10.423 0.00000 -0.00000 0 
55.160 10.423 0.00000 -0.00000 0 
57.726 10.423 0.00000 -0.00000 0 
60.292 10.423 0.00000 -0.00000 0 
62.857 10.423 0.00000 -0.00000 0 
65.423 10.423 0.00000 -0.00000 0 
67.988 10.423 -0.96378 -0.37689 2 
70.554 10.423 -0.22463 -0.05916 2 
73.120 10.423 -1.18139 -0.34791 2 
75.685 10.423 -1.87955 -0.25593 2 
78.251 10.423 -1.69799 -0.32426 2 
80.816 10.423 -1.51643 -0.39258 2 
83.382 10.423 -2.72771 -0.36009 2 
85.948 10.423 -1.89749 0.27944 2 
88.513 10.423 -2.00872 0.61451 2 
91.079 10.423 -2.38427 0.22405 2 
93.644 10.423 -2.75981 -0.16642 2 
96.210 10.423 -3.42686 -1.09739 2 
98.776 10.423 -2.18044 -0.93717 2 
101.341 10.423 -3.30503 1.11718 2 
103.907 10.423 -1.19073 1.26102 2 
106.472 10.423 -1.33333 1.13834 2 
109.038 10.423 -2.62382 1.51688 2 
111.603 10.423 -0.99542 1.86133 2 
114.169 10.423 -0.78201 3.39834 2 
116.735 10.423 0.63058 5.93407 2 
119.300 10.423 0.09043 5.39647 2 
-8.980 7.857 6.82641 -0.37226 2 
-6.414 7.857 6.77043 -0.24617 2 
-3.848 7.857 6.43968 -0.36925 2 
-1.283 7.857 6.37844 -0.04814 2 
1.283 7.857 6.18648 0.01501 2 
3.848 7.857 6.27587 0.25625 2 
6.414 7.857 3.13793 0.12812 2 
8.980 7.857 0.00000 -0.00000 0 
11.545 7.857 0.00000 -0.00000 0 
14.111 7.857 0.00000 -0.00000 2 
16.676 7.857 1.58810 0.32707 2 
19.242 7.857 2.38215 0.49060 2 
21.808 7.857 0.00000 -0.00000 0 
24.373 7.857 0.00000 -0.00000 0 
26.939 7.857 0.00000 -0.00000 0 
29.504 7.857 0.00000 -0.00000 0 
32.070 7.857 0.00000 -0.00000 0 
34.636 7.857 0.00000 -0.00000 0 
37.201 7.857 0.00000 -0.00000 0 
39.767 7.857 0.00000 -0.00000 0 
42.332 7.857 0.00000 -0.00000 0 
44.898 7.857 0.00000 -0.00000 0 
47.464 7.857 0.00000 -0.00000 0 
50.029 7.857 0.00000 -0.00000 0 
52.595 7.857 0.00000 -0.00000 0 
55.160 7.857 0.00000 -0.00000 0 
57.726 7.857 0.00000 -0.00000 0 
60.292 7.857 0.04397 -0.01245 2 
62.857 7.857 0.17896 -0.08182 2 
65.423 7.857 -1.45282 -0.33071 2 
67.988 7.857 -1.92756 -0.75377 2 
70.554 7.857 -2.89545 -0.61127 2 
73.120 7.857 -2.36278 -0.69582 2 
75.685 7.857 -2.21615 0.01195 2 
78.251 7.857 -2.17293 -0.30490 2 
80.816 7.857 -2.12970 -0.62175 2 
83.382 7.857 -2.19740 -0.50075 2 
85.948 7.857 -2.53559 0.10117 2 
88.513 7.857 -2.76458 -1.39381 2 
91.079 7.857 -2.49151 -0.42519 2 
93.644 7.857 -2.69495 -0.46697 2 
96.210 7.857 -4.28470 -0.77133 2 
98.776 7.857 -3.73622 -1.15050 2 
101.341 7.857 -2.37911 0.53596 2 
103.907 7.857 -2.93818 2.12359 2 
106.472 7.857 -2.14369 0.69514 2 
109.038 7.857 -1.24826 1.65433 2 
111.603 7.857 -2.31897 2.49678 2 
114.169 7.857 -0.78132 4.38633 2 
116.735 7.857 -0.57503 5.73811 2 
119.300 7.857 -0.33387 5.05712 2 
-8.980 5.292 6.90593 -0.45100 2 
-6.414 5.292 6.60256 -0.39872 2 
-3.848 5.292 6.42389 -0.30289 2 
-1.283 5.292 6.17598 -0.34740 2 
1.283 5.292 6.11917 -0.22562 2 
3.848 5.292 6.29462 -0.05839 2 
6.414 5.292 3.14731 -0.02920 2 
8.980 5.292 0.00000 -0.00000 0 
11.545 5.292 0.00000 -0.00000 0 
14.111 5.292 0.00000 -0.00000 0 
16.676 5.292 0.00000 -0.00000 0 
19.242 5.292 0.00000 -0.00000 0 
21.808 5.292 0.00000 -0.00000 0 
24.373 5.292 0.00000 -0.00000 0 
26.939 5.292 0.00000 -0.00000 0 
29.504 5.292 0.00000 -0.00000 0 
32.070 5.292 0.00000 -0.00000 0 
34.636 5.292 0.00000 -0.00000 0 
37.201 5.292 0.00000 -0.00000 0 
39.767 5.292 0.00000 -0.00000 0 
42.332 5.292 0.00000 -0.00000 0 
44.898 5.292 0.00000 -0.00000 0 
47.464 5.292 0.00000 -0.00000 0 
50.029 5.292 0.00000 -0.00000 0 
52.595 5.292 -0.30894 -0.07033 2 
55.160 5.292 -0.19848 -0.09822 2 
57.726 5.292 -0.53881 -0.11401 2 
60.292 5.292 -1.35234 -0.71866 2 
62.857 5.292 -2.42605 -0.97414 2 
65.423 5.292 -1.61932 -0.72432 2 
67.988 5.292 -2.01898 -0.24819 2 
70.554 5.292 -2.54828 -0.61043 2 
73.120 5.292 -1.95093 -0.40670 2 
75.685 5.292 -1.79958 -0.26711 2 
78.251 5.292 -1.96220 -0.05911 2 
80.816 5.292 -1.44113 -0.62595 2 
83.382 5.292 -1.35807 -0.78217 2 
85.948 5.292 -2.20168 -0.56884 2 
88.513 5.292 -1.99131 -1.31353 2 
91.079 5.292 -1.61397 -1.44282 2 
93.644 5.292 -2.63008 -0.76752 2 
96.210 5.292 -3.04927 -0.93679 2 
98.776 5.292 -3.57167 -1.70543 2 
101.341 5.292 -2.24876 -1.15847 2 
103.907 5.292 -1.64404 1.19106 2 
106.472 5.292 -1.35069 1.10482 2 
109.038 5.292 0.12731 1.79178 2 
111.603 5.292 -0.36628 3.90023 2 
114.169 5.292 1.44139 4.34843 2 
116.735 5.292 -0.85738 5.15417 2 
119.300 5.292 -0.21851 3.51916 2 
-8.980 2.726 6.87741 -0.62422 2 
-6.414 2.726 6.55023 -0.62013 2 
-3.848 2.726 6.43434 -0.65158 2 
-1.283 2.726 6.09218 -0.54562 2 
1.283 2.726 6.05185 -0.46626 2 
3.848 2.726 3.14731 -0.02920 2 
6.414 2.726 0.00000 -0.00000 0 
8.980 2.726 0.00000 -0.00000 0 
11.545 2.726 0.00000 -0.00000 0 
14.111 2.726 0.00000 -0.00000 0 
16.676 2.726 0.00000 -0.00000 0 
19.242 2.726 0.00000 -0.00000 0 
21.808 2.726 0.00000 -0.00000 0 
24.373 2.726 0.00000 -0.00000 0 
26.939 2.726 0.00000 -0.00000 0 
29.504 2.726 0.00000 -0.00000 0 
32.070 2.726 0.00000 -0.00000 0 
34.636 2.726 0.00000 -0.00000 0 
37.201 2.726 0.00000 -0.00000 0 
39.767 2.726 0.00000 -0.00000 0 
42.332 2.726 0.00000 -0.00000 0 
44.898 2.726 0.00000 -0.00000 0 
47.464 2.726 -0.40386 -0.13019 2 
50.029 2.726 -0.59789 -0.06731 2 
52.595 2.726 -0.78008 -0.35035 2 
55.160 2.726 -0.60279 -0.46245 2 
57.726 2.726 -0.91254 -0.38915 2 
60.292 2.726 -1.31038 -0.59366 2 
62.857 2.726 -2.20624 -0.55836 2 
65.423 2.726 -1.78583 -1.11793 2 
67.988 2.726 -2.18367 -0.51497 2 
70.554 2.726 -2.39214 -0.56182 2 
73.120 2.726 -2.19769 -0.48338 2 
75.685 2.726 -1.38300 -0.54617 2 
78.251 2.726 -1.84895 -0.44584 2 
80.816 2.726 -2.16441 -0.69471 2 
83.382 2.726 -1.39344 -0.85183 2 
85.948 2.726 -1.86777 -1.23884 2 
88.513 2.726 -1.76838 -1.43559 2 
91.079 2.726 -0.88217 -1.37637 2 
93.644 2.726 -1.12208 -1.76370 2 
96.210 2.726 -1.98131 -1.50614 2 
98.776 2.726 -2.38571 -1.51919 2 
101.341 2.726 -1.60851 -1.51310 2 
103.907 2.726 -1.27100 1.90487 2 
106.472 2.726 0.25167 1.87459 2 
109.038 2.726 1.29522 3.36549 2 
111.603 2.726 1.58641 5.30367 2 
114.169 2.726 1.53926 4.26728 2 
116.735 2.726 2.00276 4.14271 2 
119.300 2.726 0.50637 3.24355 2 
-8.980 0.160 6.72798 -0.59430 2 
-6.414 0.160 6.58333 -0.71084 2 
-3.848 0.160 6.38086 -0.68714 2 
-1.283 0.160 6.28880 -0.87977 2 
1.283 0.160 6.67538 -0.62769 2 
3.848 0.160 0.00000 -0.00000 0 
6.414 0.160 0.00000 -0.00000 0 
8.980 0.160 0.00000 -0.00000 0 
11.545 0.160 0.00000 -0.00000 0 
14.111 0.160 0.00000 -0.00000 0 
16.676 0.160 0.00000 -0.00000 0 
19.242 0.160 0.00000 -0.00000 0 
21.808 0.160 0.00000 -0.00000 0 
24.373 0.160 0.00000 -0.00000 0 
26.939 0.160 0.00000 -0.00000 0 
29.504 0.160 0.00000 -0.00000 0 
32.070 0.160 0.00000 -0.00000 0 
34.636 0.160 0.00000 -0.00000 0 
37.201 0.160 0.00000 -0.00000 0 
39.767 0.160 -0.28219 0.05015 2 
42.332 0.160 -0.19070 -0.07620 2 
44.898 0.160 -0.01650 -0.17074 2 
47.464 0.160 -1.59321 -0.79299 2 
50.029 0.160 -2.03764 -0.71563 2 
52.595 0.160 -1.73048 -0.91949 2 
55.160 0.160 -1.00710 -0.82668 2 
57.726 0.160 -1.28626 -0.66429 2 
60.292 0.160 -1.26843 -0.46866 2 
62.857 0.160 -1.08850 -0.92290 2 
65.423 0.160 -2.20848 -1.43881 2 
67.988 0.160 -1.46312 -1.38203 2 
70.554 0.160 -1.27445 -1.06621 2 
73.120 0.160 -2.44446 -0.56007 2 
75.685 0.160 -1.14552 -0.59237 2 
78.251 0.160 -1.04882 -0.71581 2 
80.816 0.160 -0.95211 -0.83925 2 
83.382 0.160 -1.42881 -0.92150 2 
85.948 0.160 -0.90939 -0.96466 2 
88.513 0.160 -1.54544 -1.55764 2 
91.079 0.160 -0.15038 -1.30991 2 
93.644 0.160 -0.80950 -1.57163 2 
96.210 0.160 -1.92204 -1.55922 2 
98.776 0.160 -1.19976 -1.33295 2 
101.341 0.160 -0.74493 -0.67495 2 
103.907 0.160 -0.91468 0.69042 2 
106.472 0.160 -1.87277 1.05244 2 
109.038 0.160 0.23419 2.37739 2 
111.603 0.160 1.00390 4.65553 2 
114.169 0.160 1.63713 4.18613 2 
116.735 0.160 2.96330 3.91684 2 
119.300 0.160 0.49015 3.45218 2 
-8.980 -2.405 6.93241 -0.77990 2 
-6.414 -2.405 6.77264 -0.76343 2 
-3.848 -2.405 6.56629 -0.85015 2 
-1.283 -2.405 6.38355 -0.98739 2 
1.283 -2.405 0.00000 -0.00000 0 
3.848 -2.405 0.00000 -0.00000 0 
6.414 -2.405 0.00000 -0.00000 0 
8.980 -2.405 0.00000 -0.00000 0 
11.545 -2.405 0.00000 -0.00000 0 
14.111 -2.405 0.00000 -0.00000 0 
16.676 -2.405 0.00000 -0.00000 0 
19.242 -2.405 0.00000 -0.00000 0 
21.808 -2.405 0.00000 -0.00000 0 
24.373 -2.405 0.00000 -0.00000 0 
26.939 -2.405 0.00000 -0.00000 0 
29.504 -2.405 0.00000 -0.00000 0 
32.070 -2.405 -0.48201 -0.03898 2 
34.636 -2.405 -0.01242 -0.13882 2 
37.201 -2.405 -0.19641 -0.05911 2 
39.767 -2.405 -0.56438 0.10030 2 
42.332 -2.405 -0.68528 -0.46994 2 
44.898 -2.405 -1.87337 -0.79219 2 
47.464 -2.405 -1.41471 -0.81953 2 
50.029 -2.405 -1.36021 -0.89349 2 
52.595 -2.405 -1.06111 -0.61642 2 
55.160 -2.405 -0.52409 -0.37608 2 
57.726 -2.405 -0.91545 -0.14427 2 
60.292 -2.405 -0.98153 -1.19649 2 
62.857 -2.405 -0.89274 -1.66466 2 
65.423 -2.405 -1.16016 -2.12307 2 
67.988 -2.405 -0.74256 -2.24910 2 
70.554 -2.405 -0.15677 -1.57060 2 
73.120 -2.405 -0.55185 -0.45908 2 
75.685 -2.405 -0.56025 -0.44410 2 
78.251 -2.405 -0.17947 -0.56748 2 
80.816 -2.405 0.20132 -0.69085 2 
83.382 -2.405 0.07178 -0.73349 2 
85.948 -2.405 0.04899 -0.69047 2 
88.513 -2.405 -1.32251 -1.67970 2 
91.079 -2.405 -0.55420 -1.16610 2 
93.644 -2.405 -0.49691 -1.37956 2 
96.210 -2.405 -0.11894 -0.73385 2 
98.776 -2.405 0.54840 -0.63538 2 
101.341 -2.405 0.17910 0.02327 2 
103.907 -2.405 0.97275 0.29757 2 
106.472 -2.405 0.45858 0.63476 2 
109.038 -2.405 0.67160 2.31020 2 
111.603 -2.405 2.36259 5.30705 2 
114.169 -2.405 3.38383 4.17767 2 
116.735 -2.405 3.92384 3.69097 2 
119.300 -2.405 0.47393 3.66081 2 
-8.980 -4.971 6.85097 -0.86069 2 
-6.414 -4.971 6.75201 -0.88326 2 
-3.848 -4.971 6.59480 -1.04138 2 
-1.283 -4.971 6.50255 -1.20820 2 
1.283 -4.971 0.00000 -0.00000 0 
3.848 -4.971 0.00000 -0.00000 0 
6.414 -4.971 0.00000 -0.00000 0 
8.980 -4.971 0.00000 -0.00000 0 
11.545 -4.971 0.00000 -0.00000 0 
14.111 -4.971 0.00000 -0.00000 0 
16.676 -4.971 0.00000 -0.00000 0 
19.242 -4.971 0.00000 -0.00000 0 
21.808 -4.971 0.00000 -0.00000 0 
24.373 -4.971 0.32438 -0.01971 2 
26.939 -4.971 -0.72027 -0.15930 2 
29.504 -4.971 -1.25854 0.05226 2 
32.070 -4.971 -0.96403 -0.07796 2 
34.636 -4.971 -0.02484 -0.27764 2 
37.201 -4.971 -0.89243 -0.13661 2 
39.767 -4.971 -1.76001 0.00442 2 
42.332 -4.971 -1.62316 -0.67510 2 
44.898 -4.971 -1.75154 -1.19084 2 
47.464 -4.971 -1.65715 -0.40192 2 
50.029 -4.971 -1.93884 -0.73896 2 
52.595 -4.971 -1.43166 -0.64896 2 
55.160 -4.971 -0.85044 -0.51654 2 
57.726 -4.971 -0.39350 -0.68186 2 
60.292 -4.971 -1.24608 -0.67921 2 
62.857 -4.971 -1.11887 -0.93109 2 
65.423 -4.971 -0.33617 -2.05958 2 
67.988 -4.971 0.29444 -1.67269 2 
70.554 -4.971 0.22276 -1.55936 2 
73.120 -4.971 0.42219 -0.38624 2 
75.685 -4.971 -0.16175 -1.08574 2 
78.251 -4.971 -0.76037 -0.97330 2 
80.816 -4.971 -1.35898 -0.86085 2 
83.382 -4.971 -1.12774 -1.02548 2 
85.948 -4.971 -0.41939 -1.10747 2 
88.513 -4.971 0.05807 -0.98207 2 
91.079 -4.971 -0.74512 -0.73580 2 
93.644 -4.971 -1.18577 -1.27029 2 
96.210 -4.971 -0.61344 -1.38164 2 
98.776 -4.971 0.69641 0.56524 2 
101.341 -4.971 0.22502 0.50893 2 
103.907 -4.971 2.43355 0.63168 2 
106.472 -4.971 3.37472 0.60213 2 
109.038 -4.971 4.02723 1.96257 2 
111.603 -4.971 4.70557 4.56178 2 
114.169 -4.971 5.13053 4.16920 2 
116.735 -4.971 5.79070 3.98237 2 
119.300 -4.971 0.00000 -0.00000 0 
-8.980 -7.536 7.04246 -0.89134 2 
-6.414 -7.536 6.84608 -1.01689 2 
-3.848 -7.536 6.78384 -1.11785 2 
-1.283 -7.536 6.63581 -1.42240 2 
1.283 -7.536 6.63931 -1.65359 2 
3.848 -7.536 0.00000 -0.00000 0 
6.414 -7.536 5.52629 -1.85635 2 
8.980 -7.536 3.83660 -1.75155 2 
11.545 -7.536 3.66573 -0.79032 2 
14.111 -7.536 -0.12932 -0.17918 2 
16.676 -7.536 5.02550 -1.45152 2 
19.242 -7.536 -0.23101 -0.15326 2 
21.808 -7.536 0.80429 0.18405 2 
24.373 -7.536 0.88331 0.05156 2 
26.939 -7.536 2.57310 -0.29410 2 
29.504 -7.536 -0.95972 0.18391 2 
32.070 -7.536 -0.88832 -0.17232 2 
34.636 -7.536 0.69554 -0.44145 2 
37.201 -7.536 -0.12374 -0.21643 2 
39.767 -7.536 -1.93088 0.12525 2 
42.332 -7.536 -0.54288 -0.38116 2 
44.898 -7.536 -1.32025 -0.54064 2 
47.464 -7.536 -0.80623 -0.36584 2 
50.029 -7.536 -0.42357 -1.05656 2 
52.595 -7.536 -0.47341 -0.61893 2 
55.160 -7.536 -1.17678 -0.65701 2 
57.726 -7.536 -0.23207 -0.91183 2 
60.292 -7.536 -0.11054 -0.34499 2 
62.857 -7.536 -0.10645 -0.30838 2 
65.423 -7.536 0.50064 0.03771 2 
67.988 -7.536 0.26748 -1.92905 2 
70.554 -7.536 -0.16329 -0.58291 2 
73.120 -7.536 0.70405 -1.42064 2 
75.685 -7.536 0.63696 -0.94016 2 
78.251 -7.536 0.74399 -0.67149 2 
80.816 -7.536 0.60497 -0.83395 2 
83.382 -7.536 -0.52345 -1.02348 2 
85.948 -7.536 2.12596 -0.72392 2 
88.513 -7.536 0.15196 0.05080 2 
91.079 -7.536 -0.65237 -0.53201 2 
93.644 -7.536 1.46253 -0.71989 2 
96.210 -7.536 0.28989 -1.03751 2 
98.776 -7.536 2.92381 -0.71149 2 
101.341 -7.536 2.08455 0.97245 2 
103.907 -7.536 3.75872 3.52849 2 
106.472 -7.536 5.11672 3.84405 2 
109.038 -7.536 6.01082 3.85098 2 
111.603 -7.536 6.20772 3.85490 2 
114.169 -7.536 5.77567 2.51761 2 
116.735 -7.536 7.53517 2.61091 2 
119.300 -7.536 0.00000 -0.00000 0 
-8.980 -10.102 7.32206 -1.00046 2 
-6.414 -10.102 7.05007 -1.05305 2 
-3.848 -10.102 7.07332 -1.30666 2 
-1.283 -10.102 6.91698 -1.49804 2 
1.283 -10.102 6.90440 -1.75517 2 
3.848 -10.102 6.79587 -2.26195 2 
6.414 -10.102 7.18954 -2.77927 2 
8.980 -10.102 5.72607 -2.20694 2 
11.545 -10.102 8.31172 -3.54974 2 
14.111 -10.102 8.88086 -3.31810 2 
16.676 -10.102 10.05099 -2.90304 2 
19.242 -10.102 8.04854 -2.28747 2 
21.808 -10.102 2.74225 -0.35296 2 
24.373 -10.102 1.44225 0.12283 2 
26.939 -10.102 5.86647 -0.42889 2 
29.504 -10.102 4.26265 -0.08653 2 
32.070 -10.102 4.00032 -0.18564 2 
34.636 -10.102 5.06263 -0.51910 2 
37.201 -10.102 1.64259 -0.37825 2 
39.767 -10.102 -0.71883 -0.26197 2 
42.332 -10.102 0.53740 -0.08723 2 
44.898 -10.102 1.29798 -0.29680 2 
47.464 -10.102 1.96520 -0.73079 2 
50.029 -10.102 1.10109 -0.63700 2 
52.595 -10.102 0.48484 -0.58891 2 
55.160 -10.102 -0.43792 -0.64658 2 
57.726 -10.102 -1.63168 -0.80509 2 
60.292 -10.102 -0.76724 -0.71324 2 
62.857 -10.102 1.28400 -0.49434 2 
65.423 -10.102 1.17152 -0.14910 2 
67.988 -10.102 1.91371 -0.78148 2 
70.554 -10.102 3.78199 -0.89070 2 
73.120 -10.102 1.47439 -1.60812 2 
75.685 -10.102 1.24957 -1.13272 2 
78.251 -10.102 2.59833 -0.72884 2 
80.816 -10.102 2.56892 -0.80706 2 
83.382 -10.102 1.79677 -0.94659 2 
85.948 -10.102 4.67131 -0.34038 2 
88.513 -10.102 4.60319 0.22373 2 
91.079 -10.102 2.11265 0.56907 2 
93.644 -10.102 5.95736 1.53658 2 
96.210 -10.102 4.81713 0.47938 2 
98.776 -10.102 4.14672 2.43915 2 
101.341 -10.102 5.40319 0.33129 2 
103.907 -10.102 6.40602 3.75288 2 
106.472 -10.102 7.02693 2.26198 2 
109.038 -10.102 5.56197 3.22189 2 
111.603 -10.102 6.23207 3.06588 2 
114.169 -10.102 7.53947 2.40416 2 
116.735 -10.102 8.54404 2.73720 2 
119.300 -10.102 0.00000 -0.00000 0 
-8.980 -12.668 6.98421 -0.96931 2 
-6.414 -12.668 7.22438 -1.21915 2 
-3.848 -12.668 7.05007 -1.17512 2 
-1.283 -12.668 7.23994 -1.52091 2 
1.283 -12.668 7.12224 -1.81201 2 
3.848 -12.668 7.17128 -2.10259 2 
6.414 -12.668 7.28463 -2.44066 2 
8.980 -12.668 7.61555 -2.66233 2 
11.545 -12.668 8.29832 -2.85549 2 
14.111 -12.668 8.67341 -2.89375 2 
16.676 -12.668 9.03071 -2.58092 2 
19.242 -12.668 9.55868 -2.23509 2 
21.808 -12.668 6.01571 -1.22442 2 
24.373 -12.668 6.81059 -0.78986 2 
26.939 -12.668 9.70035 -0.39655 2 
29.504 -12.668 9.48502 -0.35697 2 
32.070 -12.668 8.88896 -0.19895 2 
34.636 -12.668 10.14791 -1.08055 2 
37.201 -12.668 5.99830 -1.30667 2 
39.767 -12.668 3.38123 -0.73927 2 
42.332 -12.668 4.54962 0.03113 2 
44.898 -12.668 4.85232 -0.20078 2 
47.464 -12.668 4.73663 -1.09574 2 
50.029 -12.668 3.11311 -1.13782 2 
52.595 -12.668 3.25457 -0.54187 2 
55.160 -12.668 4.16564 -0.94241 2 
57.726 -12.668 2.21622 -1.01569 2 
60.292 -12.668 2.55809 -0.46030 2 
62.857 -12.668 3.49337 0.15863 2 
65.423 -12.668 2.88340 -0.77224 2 
67.988 -12.668 3.39004 0.07543 2 
70.554 -12.668 3.56470 -0.06637 2 
73.120 -12.668 4.24171 -0.56715 2 
75.685 -12.668 4.88609 -0.38163 2 
78.251 -12.668 4.45266 -0.78618 2 
80.816 -12.668 3.85630 -1.56267 2 
83.382 -12.668 5.54857 -1.69564 2 
85.948 -12.668 5.80783 0.00689 2 
88.513 -12.668 4.70212 -0.93081 2 
91.079 -12.668 4.87767 1.67014 2 
93.644 -12.668 5.50552 1.84164 2 
96.210 -12.668 5.56606 0.92556 2 
98.776 -12.668 4.96155 1.48686 2 
101.341 -12.668 7.35357 3.98251 2 
103.907 -12.668 7.54267 3.48544 2 
106.472 -12.668 7.48578 2.84387 2 
109.038 -12.668 7.99821 2.45554 2 
111.603 -12.668 7.55681 2.71808 2 
114.169 -12.668 7.49418 2.02283 2 
116.735 -12.668 8.14297 2.07013 2 
119.300 -12.668 0.00000 -0.00000 0 
-8.980 -15.233 7.34482 -0.89914 2 
-6.414 -15.233 7.21256 -1.05626 2 
-3.848 -15.233 7.35505 -1.30947 2 
-1.283 -15.233 7.23643 -1.45931 2 
1.283 -15.233 7.33576 -1.65671 2 
3.848 -15.233 7.41169 -2.15571 2 
6.414 -15.233 7.55828 -2.24885 2 
8.980 -15.233 7.95937 -2.30202 2 
11.545 -15.233 8.21785 -2.48301 2 
14.111 -15.233 8.66015 -2.38269 2 
16.676 -15.233 8.88980 -2.32391 2 
19.242 -15.233 8.99908 -2.18873 2 
21.808 -15.233 9.28916 -2.09587 2 
24.373 -15.233 9.60767 -1.76141 2 
26.939 -15.233 9.92618 -1.42695 2 
29.504 -15.233 9.68523 -1.04260 2 
32.070 -15.233 9.50526 -1.28251 2 
34.636 -15.233 9.72529 -1.62965 2 
37.201 -15.233 7.94460 -1.18351 2 
39.767 -15.233 8.85009 -0.06359 2 
42.332 -15.233 8.56184 0.14948 2 
44.898 -15.233 8.40665 -0.10476 2 
47.464 -15.233 9.04720 -0.50215 2 
50.029 -15.233 6.26727 -1.19841 2 
52.595 -15.233 6.02430 -0.49483 2 
55.160 -15.233 7.03459 -0.85788 2 
57.726 -15.233 6.06413 -1.22630 2 
60.292 -15.233 5.88343 -0.20735 2 
62.857 -15.233 5.98086 0.11029 2 
65.423 -15.233 6.07829 0.42792 2 
67.988 -15.233 6.08830 0.40646 2 
70.554 -15.233 7.72187 -0.20381 2 
73.120 -15.233 4.29748 0.02514 2 
75.685 -15.233 5.57685 -0.10718 2 
78.251 -15.233 4.99594 -1.13999 2 
80.816 -15.233 4.47206 -1.81002 2 
83.382 -15.233 5.36965 -2.24191 2 
85.948 -15.233 6.48617 -0.86672 2 
88.513 -15.233 7.83023 -1.04163 2 
91.079 -15.233 6.04921 0.01951 2 
93.644 -15.233 7.19284 0.92003 2 
96.210 -15.233 6.67512 1.63494 2 
98.776 -15.233 8.47437 1.52176 2 
101.341 -15.233 8.40371 3.34896 2 
103.907 -15.233 8.20391 3.06910 2 
106.472 -15.233 8.06904 2.45411 2 
109.038 -15.233 8.00946 2.42568 2 
111.603 -15.233 8.17453 2.05736 2 
114.169 -15.233 7.98856 2.08252 2 
116.735 -15.233 8.51308 1.73630 2 
119.300 -15.233 0.00000 -0.00000 0 
-8.980 -17.799 7.12453 -0.93136 2 
-6.414 -17.799 7.34001 -1.10877 2 
-3.848 -17.799 7.42625 -1.25040 2 
-1.283 -17.799 7.42827 -1.46474 2 
1.283 -17.799 7.33812 -1.60715 2 
3.848 -17.799 7.53581 -1.93377 2 
6.414 -17.799 7.82923 -2.01267 2 
8.980 -17.799 8.09605 -2.22998 2 
11.545 -17.799 8.33599 -2.23140 2 
14.111 -17.799 8.68360 -2.21469 2 
16.676 -17.799 8.76369 -2.22564 2 
19.242 -17.799 8.87495 -1.93974 2 
21.808 -17.799 9.17099 -2.02819 2 
24.373 -17.799 9.14230 -1.69670 2 
26.939 -17.799 9.35386 -1.49728 2 
29.504 -17.799 9.49932 -1.29466 2 
32.070 -17.799 9.38769 -1.30900 2 
34.636 -17.799 9.67502 -1.24848 2 
37.201 -17.799 9.89089 -1.06036 2 
39.767 -17.799 9.80803 -0.66946 2 
42.332 -17.799 9.58794 -0.56102 2 
44.898 -17.799 9.19871 -0.64836 2 
47.464 -17.799 8.91921 -1.35193 2 
50.029 -17.799 9.42143 -1.25899 2 
52.595 -17.799 9.36379 -0.55605 2 
55.160 -17.799 9.90355 -0.77336 2 
57.726 -17.799 10.16821 -0.36782 2 
60.292 -17.799 9.82249 -1.24130 2 
62.857 -17.799 8.29418 -0.82715 2 
65.423 -17.799 6.76587 -0.41301 2 
67.988 -17.799 7.92153 0.07455 2 
70.554 -17.799 7.38417 -0.37680 2 
73.120 -17.799 6.75044 0.00313 2 
75.685 -17.799 6.45068 -0.52033 2 
78.251 -17.799 5.45633 -0.30200 2 
80.816 -17.799 5.39125 -1.59626 2 
83.382 -17.799 6.73670 -1.83456 2 
85.948 -17.799 8.11486 -1.70751 2 
88.513 -17.799 7.25391 -0.98509 2 
91.079 -17.799 7.51660 -1.43021 2 
93.644 -17.799 7.80795 2.51821 2 
96.210 -17.799 9.33785 2.66035 2 
98.776 -17.799 9.57033 2.48139 2 
101.341 -17.799 9.45386 2.71542 2 
103.907 -17.799 8.60068 2.60307 2 
106.472 -17.799 8.44058 2.38295 2 
109.038 -17.799 8.43180 2.20770 2 
111.603 -17.799 8.44342 1.93420 2 
114.169 -17.799 8.10212 1.63762 2 
116.735 -17.799 8.78719 1.47041 2 
119.300 -17.799 0.00000 -0.00000 0 
-8.980 -20.364 7.38004 -1.09583 2 
-6.414 -20.364 7.41903 -1.08763 2 
-3.848 -20.364 7.44534 -1.20183 2 
-1.283 -20.364 7.60344 -1.50090 2 
1.283 -20.364 7.67766 -1.61905 2 
3.848 -20.364 7.78570 -1.66380 2 
6.414 -20.364 7.81572 -1.79963 2 
8.980 -20.364 8.16148 -1.89732 2 
11.545 -20.364 8.21967 -1.92640 2 
14.111 -20.364 8.56526 -1.86666 2 
16.676 -20.364 8.81698 -1.97817 2 
19.242 -20.364 8.76190 -1.82505 2 
21.808 -20.364 8.95312 -1.65378 2 
24.373 -20.364 9.13442 -1.56416 2 
26.939 -20.364 9.37181 -1.41134 2 
29.504 -20.364 9.22234 -1.25427 2 
32.070 -20.364 9.42102 -1.26028 2 
34.636 -20.364 9.54776 -1.04817 2 
37.201 -20.364 9.47736 -1.01193 2 
39.767 -20.364 9.42736 -0.81431 2 
42.332 -20.364 9.16290 -0.74791 2 
44.898 -20.364 9.35142 -0.83888 2 
47.464 -20.364 9.25790 -1.18594 2 
50.029 -20.364 9.60592 -0.84354 2 
52.595 -20.364 9.94798 -1.00288 2 
55.160 -20.364 10.04881 -0.95621 2 
57.726 -20.364 10.01246 -1.07302 2 
60.292 -20.364 10.20945 -1.12714 2 
62.857 -20.364 10.14475 -0.57008 2 
65.423 -20.364 10.08004 -0.01302 2 
67.988 -20.364 9.75476 -0.25735 2 
70.554 -20.364 9.12681 -0.25501 2 
73.120 -20.364 8.20157 -0.16097 2 
75.685 -20.364 9.28254 -0.01494 2 
78.251 -20.364 8.57144 -0.43778 2 
80.816 -20.364 7.62131 -1.13199 2 
83.382 -20.364 5.63289 -0.68799 2 
85.948 -20.364 6.49490 -1.65404 2 
88.513 -20.364 7.38883 -1.29726 2 
91.079 -20.364 8.75621 -0.84938 2 
93.644 -20.364 9.21000 2.44732 2 
96.210 -20.364 9.63460 2.33176 2 
98.776 -20.364 9.14504 2.33040 2 
101.341 -20.364 8.95691 2.41178 2 
103.907 -20.364 8.75451 2.26590 2 
106.472 -20.364 8.59484 2.01395 2 
109.038 -20.364 8.48072 2.09287 2 
111.603 -20.364 8.49245 1.69882 2 
114.169 -20.364 8.49848 1.67180 2 
116.735 -20.364 8.56685 1.45654 2 
119.300 -20.364 0.00000 -0.00000 0 
-8.980 -22.930 7.42105 -0.96058 2 
-6.414 -22.930 7.46057 -1.03085 2 
-3.848 -22.930 7.44540 -1.16398 2 
-1.283 -22.930 7.61894 -1.41011 2 
1.283 -22.930 7.79796 -1.45811 2 
3.848 -22.930 7.87773 -1.58096 2 
6.414 -22.930 7.90389 -1.66894 2 
8.980 -22.930 8.26142 -1.79923 2 
11.545 -22.930 8.26735 -1.76241 2 
14.111 -22.930 8.59926 -1.88388 2 
16.676 -22.930 8.59751 -1.84949 2 
19.242 -22.930 8.87659 -1.79082 2 
21.808 -22.930 8.97490 -1.52526 2 
24.373 -22.930 9.09871 -1.49232 2 
26.939 -22.930 9.12715 -1.39462 2 
29.504 -22.930 9.31505 -1.23228 2 
32.070 -22.930 9.22670 -1.24296 2 
34.636 -22.930 9.38487 -0.95847 2 
37.201 -22.930 9.23207 -0.91945 2 
39.767 -22.930 9.38120 -0.96873 2 
42.332 -22.930 9.43400 -0.99369 2 
44.898 -22.930 9.24847 -0.95926 2 
47.464 -22.930 9.25861 -0.78231 2 
50.029 -22.930 9.64059 -0.99301 2 
52.595 -22.930 9.65361 -0.93194 2 
55.160 -22.930 9.83585 -0.87071 2 
57.726 -22.930 10.07501 -0.84501 2 
60.292 -22.930 10.13083 -0.63660 2 
62.857 -22.930 10.09461 -0.29661 2 
65.423 -22.930 9.82731 -0.10747 2 
67.988 -22.930 9.70006 -0.10149 2 
70.554 -22.930 9.90241 -0.16175 2 
73.120 -22.930 9.97465 0.02938 2 
75.685 -22.930 9.42742 0.10207 2 
78.251 -22.930 9.10540 -0.50990 2 
80.816 -22.930 9.85136 -0.66771 2 
83.382 -22.930 10.25269 -0.46458 2 
85.948 -22.930 10.34325 0.06908 2 
88.513 -22.930 10.21944 0.04042 2 
91.079 -22.930 9.99581 -0.26855 2 
93.644 -22.930 9.61419 1.88239 2 
96.210 -22.930 9.49619 1.85700 2 
98.776 -22.930 9.44401 1.77963 2 
101.341 -22.930 9.05617 1.83563 2 
103.907 -22.930 8.92966 1.83674 2 
106.472 -22.930 8.76716 1.67159 2 
109.038 -22.930 8.79285 1.60634 2 
111.603 -22.930 8.69790 1.44628 2 
114.169 -22.930 8.51749 1.36789 2 
116.735 -22.930 8.99313 1.24714 2 
119.300 -22.930 0.00000 -0.00000 0 
-8.980 -25.496 7.46132 -0.94904 2 
-6.414 -25.496 7.74704 -1.12614 2 
-3.848 -25.496 7.70574 -1.12323 2 
-1.283 -25.496 7.70115 -1.25416 2 
1.283 -25.496 7.77406 -1.28570 2 
3.848 -25.496 8.01673 -1.30651 2 
6.414 -25.496 7.92210 -1.41515 2 
8.980 -25.496 8.22572 -1.52539 2 
11.545 -25.496 8.47871 -1.54188 2 
14.111 -25.496 8.61263 -1.49320 2 
16.676 -25.496 8.70576 -1.43379 2 
19.242 -25.496 8.70606 -1.45467 2 
21.808 -25.496 8.90231 -1.33572 2 
24.373 -25.496 8.94630 -1.41314 2 
26.939 -25.496 9.07765 -1.37429 2 
29.504 -25.496 8.99568 -1.11971 2 
32.070 -25.496 9.37567 -1.04425 2 
34.636 -25.496 9.22121 -1.18532 2 
37.201 -25.496 9.19083 -0.97259 2 
39.767 -25.496 9.31531 -1.00511 2 
42.332 -25.496 9.29851 -0.84955 2 
44.898 -25.496 9.37000 -0.84930 2 
47.464 -25.496 9.34926 -0.93300 2 
50.029 -25.496 9.47820 -0.99760 2 
52.595 -25.496 9.53393 -0.83977 2 
55.160 -25.496 9.91725 -0.69379 2 
57.726 -25.496 9.95850 -0.43052 2 
60.292 -25.496 9.86761 -0.53286 2 
62.857 -25.496 9.92643 -0.33416 2 
65.423 -25.496 9.83054 -0.30267 2 
67.988 -25.496 9.75448 -0.12624 2 
70.554 -25.496 9.60954 -0.27049 2 
73.120 -25.496 9.62175 -0.09449 2 
75.685 -25.496 9.61479 0.06781 2 
78.251 -25.496 9.56208 -0.27272 2 
80.816 -25.496 9.75222 -0.13594 2 
83.382 -25.496 9.75891 -0.12229 2 
85.948 -25.496 9.98182 0.10250 2 
88.513 -25.496 10.16749 0.31330 2 
91.079 -25.496 10.14266 0.95876 2 
93.644 -25.496 9.54430 1.41755 2 
96.210 -25.496 9.48241 1.33810 2 
98.776 -25.496 9.31014 1.28116 2 
101.341 -25.496 8.95383 1.58318 2 
103.907 -25.496 8.83369 1.58024 2 
106.472 -25.496 8.93021 1.33429 2 
109.038 -25.496 8.66264 1.40044 2 
111.603 -25.496 8.77524 1.37299 2 
114.169 -25.496 8.67517 1.36303 2 
116.735 -25.496 9.05296 1.20753 2 
119.300 -25.496 0.00000 -0.00000 0 
-8.980 -28.061 7.66866 -1.01766 2 
-6.414 -28.061 7.68800 -0.88459 2 
-3.848 -28.061 7.82242 -1.13221 2 
-1.283 -28.061 7.79802 -1.08185 2 
1.283 -28.061 7.93369 -1.30660 2 
3.848 -28.061 8.12626 -1.26914 2 
6.414 -28.061 8.28860 -1.37118 2 
8.980 -28.061 8.27678 -1.48333 2 
11.545 -28.061 8.34078 -1.44260 2 
14.111 -28.061 8.42956 -1.30888 2 
16.676 -28.061 8.62129 -1.44355 2 
19.242 -28.061 8.85265 -1.42403 2 
21.808 -28.061 8.87167 -1.30125 2 
24.373 -28.061 8.94025 -1.20966 2 
26.939 -28.061 9.02093 -1.15826 2 
29.504 -28.061 9.11988 -1.07575 2 
32.070 -28.061 8.92837 -1.14810 2 
34.636 -28.061 9.07217 -0.97722 2 
37.201 -28.061 9.28555 -0.84637 2 
39.767 -28.061 9.21896 -0.83613 2 
42.332 -28.061 9.32635 -0.97362 2 
44.898 -28.061 9.32758 -0.92291 2 
47.464 -28.061 9.38399 -0.72716 2 
50.029 -28.061 9.47704 -0.88338 2 
52.595 -28.061 9.56357 -0.75247 2 
55.160 -28.061 9.69682 -0.75619 2 
57.726 -28.061 9.51998 -0.56254 2 
60.292 -28.061 9.90297 -0.44640 2 
62.857 -28.061 9.63470 -0.36448 2 
65.423 -28.061 9.71058 -0.32526 2 
67.988 -28.061 9.75841 -0.11799 2 
70.554 -28.061 9.64657 -0.05887 2 
73.120 -28.061 9.56737 -0.00942 2 
75.685 -28.061 9.53489 -0.08114 2 
78.251 -28.061 9.47009 0.00062 2 
80.816 -28.061 9.72321 0.05815 2 
83.382 -28.061 9.77280 0.26666 2 
85.948 -28.061 9.74977 0.50303 2 
88.513 -28.061 9.86550 0.72599 2 
91.079 -28.061 9.63164 0.83563 2 
93.644 -28.061 9.47441 0.95271 2 
96.210 -28.061 9.43029 1.11861 2 
98.776 -28.061 9.07388 1.16574 2 
101.341 -28.061 8.93809 1.32283 2 
103.907 -28.061 8.93863 1.17689 2 
106.472 -28.061 8.84252 1.10708 2 
109.038 -28.061 8.68304 1.21133 2 
111.603 -28.061 8.63723 1.07223 2 
114.169 -28.061 8.62357 1.08401 2 
116.735 -28.061 9.11280 1.16792 2 
119.300 -28.061 0.00000 -0.00000 0 
-8.980 -30.627 7.62339 -0.91775 2 
-6.414 -30.627 7.78246 -0.92237 2 
-3.848 -30.627 7.69916 -1.04374 2 
-1.283 -30.627 8.07775 -1.12417 2 
1.283 -30.627 8.04572 -1.16656 2 
3.848 -30.627 7.97101 -1.25911 2 
6.414 -30.627 8.12556 -1.27626 2 
8.980 -30.627 8.34233 -1.17945 2 
11.545 -30.627 8.41301 -1.37461 2 
14.111 -30.627 8.58078 -1.39118 2 
16.676 -30.627 8.66590 -1.23091 2 
19.242 -30.627 8.76754 -1.26121 2 
21.808 -30.627 8.84903 -1.08806 2 
24.373 -30.627 8.81619 -1.29816 2 
26.939 -30.627 8.96611 -1.01685 2 
29.504 -30.627 8.88900 -1.00140 2 
32.070 -30.627 9.17847 -1.00337 2 
34.636 -30.627 9.23813 -1.07162 2 
37.201 -30.627 9.14526 -0.88945 2 
39.767 -30.627 9.12374 -0.93413 2 
42.332 -30.627 9.36202 -0.74712 2 
44.898 -30.627 9.21793 -0.79047 2 
47.464 -30.627 9.23953 -0.91335 2 
50.029 -30.627 9.62122 -0.70325 2 
52.595 -30.627 9.26231 -0.69256 2 
55.160 -30.627 9.48121 -0.55920 2 
57.726 -30.627 9.69016 -0.63677 2 
60.292 -30.627 9.55355 -0.38522 2 
62.857 -30.627 9.59533 -0.32112 2 
65.423 -30.627 9.54773 -0.25357 2 
67.988 -30.627 9.46766 -0.29518 2 
70.554 -30.627 9.66892 -0.05480 2 
73.120 -30.627 9.51298 0.05018 2 
75.685 -30.627 9.53831 0.04426 2 
78.251 -30.627 9.43714 0.11638 2 
80.816 -30.627 9.47607 0.16073 2 
83.382 -30.627 9.56476 0.28913 2 
85.948 -30.627 9.47498 0.37051 2 
88.513 -30.627 9.43376 0.61917 2 
91.079 -30.627 9.35658 0.69728 2 
93.644 -30.627 9.51378 0.86932 2 
96.210 -30.627 9.17391 0.91158 2 
98.776 -30.627 9.03119 0.95734 2 
101.341 -30.627 9.11794 0.98966 2 
103.907 -30.627 8.84076 1.09191 2 
106.472 -30.627 8.75910 1.11560 2 
109.038 -30.627 8.89591 0.94717 2 
111.603 -30.627 8.63131 0.95126 2 
114.169 -30.627 8.90461 0.92601 2 
116.735 -30.627 8.91784 1.23200 2 
119.300 -30.627 0.00000 -0.00000 0 
-8.980 -33.192 7.71307 -0.83780 2 
-6.414 -33.192 7.82269 -0.98538 2 
-3.848 -33.192 7.98676 -0.94338 2 
-1.283 -33.192 7.99736 -1.07182 2 
1.283 -33.192 8.11329 -0.92056 2 
3.848 -33.192 8.19120 -1.19963 2 
6.414 -33.192 8.34826 -1.13267 2 
8.980 -33.192 8.31017 -1.19316 2 
11.545 -33.192 8.47033 -1.12815 2 
14.111 -33.192 8.43160 -1.17054 2 
16.676 -33.192 8.72628 -1.26938 2 
19.242 -33.192 8.56247 -1.14769 2 
21.808 -33.192 8.63481 -1.21921 2 
24.373 -33.192 8.88802 -1.12050 2 
26.939 -33.192 8.83642 -1.11312 2 
29.504 -33.192 8.93582 -0.95521 2 
32.070 -33.192 8.96860 -0.96610 2 
34.636 -33.192 8.97157 -0.83102 2 
37.201 -33.192 9.03529 -0.99148 2 
39.767 -33.192 9.26107 -0.80168 2 
42.332 -33.192 9.10322 -0.83967 2 
44.898 -33.192 9.25224 -0.89449 2 
47.464 -33.192 9.23901 -0.58153 2 
50.029 -33.192 9.30953 -0.74391 2 
52.595 -33.192 9.27254 -0.71027 2 
55.160 -33.192 9.42061 -0.60050 2 
57.726 -33.192 9.58004 -0.43523 2 
60.292 -33.192 9.56360 -0.44155 2 
62.857 -33.192 9.39616 -0.42476 2 
65.423 -33.192 9.56610 -0.16763 2 
67.988 -33.192 9.39934 -0.25735 2 
70.554 -33.192 9.41804 -0.11526 2 
73.120 -33.192 9.32327 -0.12608 2 
75.685 -33.192 9.47995 -0.03131 2 
78.251 -33.192 9.44712 0.13262 2 
80.816 -33.192 9.39403 0.23689 2 
83.382 -33.192 9.36090 0.39108 2 
85.948 -33.192 9.46522 0.45708 2 
88.513 -33.192 9.47881 0.58707 2 
91.079 -33.192 9.30456 0.66666 2 
93.644 -33.192 9.23943 0.75134 2 
96.210 -33.192 9.20290 0.92739 2 
98.776 -33.192 9.11195 0.76205 2 
101.341 -33.192 8.94919 0.98465 2 
103.907 -33.192 8.95244 0.98819 2 
106.472 -33.192 8.73585 0.90800 2 
109.038 -33.192 8.70646 1.03595 2 
111.603 -33.192 8.83473 1.01551 2 
114.169 -33.192 8.60208 1.00683 2 
116.735 -33.192 8.94759 0.75194 2 
119.300 -33.192 0.00000 -0.00000 0 
-8.980 -35.758 7.74237 -0.79679 2 
-6.414 -35.758 7.95496 -0.92620 2 
-3.848 -35.758 8.12082 -0.90801 2 
-1.283 -35.758 8.19871 -0.99982 2 
1.283 -35.758 8.04790 -1.06320 2 
3.848 -35.758 8.07829 -1.04953 2 
6.414 -35.758 8.33418 -0.94950 2 
8.980 -35.758 8.22447 -1.04578 2 
11.545 -35.758 8.47539 -1.04115 2 
14.111 -35.758 8.56508 -1.04383 2 
16.676 -35.758 8.57691 -1.12965 2 
19.242 -35.758 8.66114 -0.78034 2 
21.808 -35.758 8.79142 -1.09936 2 
24.373 -35.758 8.96067 -0.84998 2 
26.939 -35.758 8.81340 -0.85442 2 
29.504 -35.758 8.81932 -1.11227 2 
32.070 -35.758 8.95003 -0.81639 2 
34.636 -35.758 8.96297 -0.90941 2 
37.201 -35.758 9.10252 -0.72296 2 
39.767 -35.758 9.13255 -0.72694 2 
42.332 -35.758 9.04530 -0.76621 2 
44.898 -35.758 9.18049 -0.69432 2 
47.464 -35.758 9.41867 -0.56384 2 
50.029 -35.758 9.17090 -0.50552 2 
52.595 -35.758 9.49419 -0.55748 2 
55.160 -35.758 9.28955 -0.72080 2 
57.726 -35.758 9.23177 -0.44818 2 
60.292 -35.758 9.41178 -0.30986 2 
62.857 -35.758 9.43218 -0.10377 2 
65.423 -35.758 9.28051 -0.31056 2 
67.988 -35.758 9.37539 -0.08114 2 
70.554 -35.758 9.39900 0.07118 2 
73.120 -35.758 9.35037 -0.01023 2 
75.685 -35.758 9.31986 0.15203 2 
78.251 -35.758 9.34493 0.17244 2 
80.816 -35.758 9.34206 0.25710 2 
83.382 -35.758 9.24770 0.42066 2 
85.948 -35.758 9.36686 0.45742 2 
88.513 -35.758 9.22231 0.37519 2 
91.079 -35.758 9.13477 0.67467 2 
93.644 -35.758 9.09736 0.67772 2 
96.210 -35.758 9.11577 0.64315 2 
98.776 -35.758 9.04312 0.84182 2 
101.341 -35.758 8.90180 0.72182 2 
103.907 -35.758 8.88793 0.76031 2 
106.472 -35.758 8.90116 0.94251 2 
109.038 -35.758 8.78702 0.71580 2 
111.603 -35.758 8.81182 0.91647 2 
114.169 -35.758 8.65399 0.84628 2 
116.735 -35.758 9.03653 0.85958 2 
119.300 -35.758 0.00000 -0.00000 0 
-8.980 -38.324 7.88621 -0.90051 2 
-6.414 -38.324 8.00341 -0.85591 2 
-3.848 -38.324 8.05083 -0.85535 2 
-1.283 -38.324 8.07634 -0.87641 2 
1.283 -38.324 8.08492 -0.95702 2 
3.848 -38.324 8.21847 -0.93307 2 
6.414 -38.324 8.32772 -0.96373 2 
8.980 -38.324 8.42845 -1.01530 2 
11.545 -38.324 8.39093 -1.00304 2 
14.111 -38.324 8.59306 -1.11275 2 
16.676 -38.324 8.55997 -1.08350 2 
19.242 -38.324 8.53682 -1.06034 2 
21.808 -38.324 8.71039 -0.94915 2 
24.373 -38.324 8.78965 -1.01071 2 
26.939 -38.324 8.85654 -0.92728 2 
29.504 -38.324 8.87949 -0.76745 2 
32.070 -38.324 8.97239 -0.92921 2 
34.636 -38.324 8.93755 -0.85654 2 
37.201 -38.324 8.94267 -0.79844 2 
39.767 -38.324 8.94171 -0.75455 2 
42.332 -38.324 9.05712 -0.77558 2 
44.898 -38.324 9.10449 -0.64627 2 
47.464 -38.324 9.07363 -0.77018 2 
50.029 -38.324 9.22783 -0.62627 2 
52.595 -38.324 9.27022 -0.54506 2 
55.160 -38.324 9.28821 -0.40097 2 
57.726 -38.324 9.37386 -0.48204 2 
60.292 -38.324 9.26171 -0.45663 2 
62.857 -38.324 9.37278 -0.09171 2 
65.423 -38.324 9.24250 -0.21702 2 
67.988 -38.324 9.35296 -0.25146 2 
70.554 -38.324 9.27617 0.06305 2 
73.120 -38.324 9.37369 0.06543 2 
75.685 -38.324 9.40694 -0.02697 2 
78.251 -38.324 9.31007 0.17048 2 
80.816 -38.324 9.13456 0.37673 2 
83.382 -38.324 9.29686 0.20307 2 
85.948 -38.324 9.21234 0.29384 2 
88.513 -38.324 9.28766 0.56054 2 
91.079 -38.324 9.18298 0.48825 2 
93.644 -38.324 8.96319 0.73812 2 
96.210 -38.324 9.00282 0.56138 2 
98.776 -38.324 9.02087 0.76522 2 
101.341 -38.324 8.77726 0.87926 2 
103.907 -38.324 8.91371 0.82779 2 
106.472 -38.324 8.80841 0.84540 2 
109.038 -38.324 8.90510 0.77983 2 
111.603 -38.324 8.76201 0.80654 2 
114.169 -38.324 8.73404 0.85308 2 
116.735 -38.324 8.82531 0.90176 2 
119.300 -38.324 0.00000 -0.00000 0 
-8.980 -40.889 7.91753 -0.82402 2 
-6.414 -40.889 8.00656 -0.88053 2 
-3.848 -40.889 8.16259 -0.91760 2 
-1.283 -40.889 8.14859 -0.92159 2 
1.283 -40.889 8.06367 -0.88192 2 
3.848 -40.889 8.28429 -0.95778 2 
6.414 -40.889 8.34098 -0.91520 2 
8.980 -40.889 8.34024 -1.00241 2 
11.545 -40.889 8.50204 -0.95524 2 
14.111 -40.889 8.49888 -0.95465 2 
16.676 -40.889 8.48609 -0.84730 2 
19.242 -40.889 8.64759 -0.97222 2 
21.808 -40.889 8.69661 -0.83735 2 
24.373 -40.889 8.76421 -0.94641 2 
26.939 -40.889 8.73679 -1.04950 2 
29.504 -40.889 8.83891 -0.85680 2 
32.070 -40.889 8.84407 -0.74672 2 
34.636 -40.889 8.92419 -0.77829 2 
37.201 -40.889 8.97438 -0.61278 2 
39.767 -40.889 9.00801 -0.73132 2 
42.332 -40.889 8.99424 -0.64319 2 
44.898 -40.889 9.05939 -0.68877 2 
47.464 -40.889 9.13743 -0.49920 2 
50.029 -40.889 9.07321 -0.43238 2 
52.595 -40.889 9.14506 -0.52923 2 
55.160 -40.889 9.21326 -0.50623 2 
57.726 -40.889 9.12741 -0.36129 2 
60.292 -40.889 9.21494 -0.15478 2 
62.857 -40.889 9.21348 -0.31101 2 
65.423 -40.889 9.24030 -0.32675 2 
67.988 -40.889 9.41298 -0.13997 2 
70.554 -40.889 9.34638 -0.11385 2 
73.120 -40.889 9.26920 0.13702 2 
75.685 -40.889 9.24013 0.01547 2 
78.251 -40.889 9.24718 0.20551 2 
80.816 -40.889 9.12765 0.26071 2 
83.382 -40.889 9.23139 0.35960 2 
85.948 -40.889 9.06919 0.50494 2 
88.513 -40.889 9.18162 0.47042 2 
91.079 -40.889 9.09001 0.57869 2 
93.644 -40.889 9.10792 0.44455 2 
96.210 -40.889 9.05771 0.75591 2 
98.776 -40.889 8.89287 0.63767 2 
101.341 -40.889 8.80670 0.76833 2 
103.907 -40.889 8.80752 0.79138 2 
106.472 -40.889 8.79646 0.69916 2 
109.038 -40.889 8.76828 0.76703 2 
111.603 -40.889 8.85143 0.77456 2 
114.169 -40.889 8.62853 0.76553 2 
116.735 -40.889 8.91492 0.87736 2 
119.300 -40.889 0.00000 -0.00000 0 
-8.980 -43.455 8.02965 -0.73382 2 
-6.414 -43.455 7.99075 -0.82324 2 
-3.848 -43.455 8.10093 -0.83000 2 
-1.283 -43.455 8.05979 -0.78269 2 
1.283 -43.455 8.25091 -0.85816 2 
3.848 -43.455 8.31592 -0.95067 2 
6.414 -43.455 8.31301 -0.92627 2 
8.980 -43.455 8.25500 -0.95013 2 
11.545 -43.455 8.55206 -0.87025 2 
14.111 -43.455 8.52822 -0.81903 2 
16.676 -43.455 8.44178 -0.94760 2 
19.242 -43.455 8.65739 -0.83650 2 
21.808 -43.455 8.65862 -0.96834 2 
24.373 -43.455 8.80356 -0.91119 2 
26.939 -43.455 8.78718 -0.78364 2 
29.504 -43.455 8.88861 -0.78240 2 
32.070 -43.455 8.81321 -0.80237 2 
34.636 -43.455 8.91338 -0.70158 2 
37.201 -43.455 8.94816 -0.77826 2 
39.767 -43.455 8.79165 -0.63936 2 
42.332 -43.455 9.01444 -0.59946 2 
44.898 -43.455 9.01656 -0.72853 2 
47.464 -43.455 8.92822 -0.56232 2 
50.029 -43.455 9.08707 -0.56120 2 
52.595 -43.455 9.14713 -0.43353 2 
55.160 -43.455 9.02315 -0.42330 2 
57.726 -43.455 9.04845 -0.17946 2 
60.292 -43.455 9.00283 -0.33057 2 
62.857 -43.455 9.23166 -0.22228 2 
65.423 -43.455 9.10647 -0.23819 2 
67.988 -43.455 9.18496 -0.12794 2 
70.554 -43.455 9.17440 -0.07440 2 
73.120 -43.455 9.10548 0.01600 2 
75.685 -43.455 9.23158 0.04644 2 
78.251 -43.455 9.16795 0.13368 2 
80.816 -43.455 9.10082 0.31693 2 
83.382 -43.455 9.15265 0.21160 2 
85.948 -43.455 8.98816 0.34406 2 
88.513 -43.455 8.97577 0.43791 2 
91.079 -43.455 8.97264 0.59122 2 
93.644 -43.455 9.01707 0.60320 2 
96.210 -43.455 8.88252 0.55801 2 
98.776 -43.455 8.89744 0.65399 2 
101.341 -43.455 8.86856 0.56066 2 
103.907 -43.455 8.87802 0.66213 2 
106.472 -43.455 8.76953 0.72725 2 
109.038 -43.455 8.74073 0.70190 2 
111.603 -43.455 8.74209 0.69571 2 
114.169 -43.455 8.68606 0.83063 2 
116.735 -43.455 9.00453 0.85295 2 
119.300 -43.455 0.00000 -0.00000 0 
-8.980 -46.020 8.02028 -0.75546 2 
-6.414 -46.020 8.04501 -0.84639 2 
-3.848 -46.020 8.10059 -0.73477 2 
-1.283 -46.020 8.13101 -0.89175 2 
1.283 -46.020 8.16726 -0.73080 2 
3.848 -46.020 8.29521 -0.91345 2 
6.414 -46.020 8.33354 -0.81039 2 
8.980 -46.020 8.55054 -1.01404 2 
11.545 -46.020 8.38050 -0.88206 2 
14.111 -46.020 8.50322 -0.87513 2 
16.676 -46.020 8.56711 -0.75135 2 
19.242 -46.020 8.64588 -0.92007 2 
21.808 -46.020 8.63761 -0.73661 2 
24.373 -46.020 8.59122 -0.90069 2 
26.939 -46.020 8.77392 -0.78037 2 
29.504 -46.020 8.68199 -0.82722 2 
32.070 -46.020 8.84691 -0.72570 2 
34.636 -46.020 8.93073 -0.80596 2 
37.201 -46.020 8.86267 -0.59496 2 
39.767 -46.020 8.93824 -0.72051 2 
42.332 -46.020 8.93711 -0.72378 2 
44.898 -46.020 8.97216 -0.68534 2 
47.464 -46.020 9.07206 -0.49134 2 
50.029 -46.020 8.96426 -0.64368 2 
52.595 -46.020 9.00895 -0.42384 2 
55.160 -46.020 9.15933 -0.38531 2 
57.726 -46.020 9.07543 -0.45839 2 
60.292 -46.020 9.08551 -0.30125 2 
62.857 -46.020 9.12175 -0.22198 2 
65.423 -46.020 9.17746 -0.22081 2 
67.988 -46.020 9.12938 -0.14592 2 
70.554 -46.020 9.10784 -0.11144 2 
73.120 -46.020 9.08540 0.15282 2 
75.685 -46.020 9.00684 -0.02879 2 
78.251 -46.020 9.12849 0.13010 2 
80.816 -46.020 9.09285 0.23322 2 
83.382 -46.020 9.13254 0.21691 2 
85.948 -46.020 8.96775 0.39674 2 
88.513 -46.020 9.01761 0.39093 2 
91.079 -46.020 9.00376 0.34752 2 
93.644 -46.020 8.91706 0.34636 2 
96.210 -46.020 8.90044 0.54677 2 
98.776 -46.020 8.75426 0.63902 2 
101.341 -46.020 8.88034 0.50255 2 
103.907 -46.020 8.81103 0.67129 2 
106.472 -46.020 8.76630 0.67351 2 
109.038 -46.020 8.69226 0.68398 2 
111.603 -46.020 8.70331 0.69088 2 
114.169 -46.020 8.62374 0.64783 2 
116.735 -46.020 8.99828 0.78007 2 
119.300 -46.020 0.00000 -0.00000 0 
-8.980 -48.586 7.98038 -0.71825 2 
-6.414 -48.586 8.05294 -0.74006 2 
-3.848 -48.586 8.17674 -0.69968 2 
-1.283 -48.586 8.22845 -0.75558 2 
1.283 -48.586 8.18965 -0.75503 2 
3.848 -48.586 8.34877 -0.82734 2 
6.414 -48.586 8.19009 -0.76127 2 
8.980 -48.586 8.35254 -0.80566 2 
11.545 -48.586 8.65606 -0.78062 2 
14.111 -48.586 8.60313 -0.73361 2 
16.676 -48.586 8.60023 -0.87036 2 
19.242 -48.586 8.63459 -0.81246 2 
21.808 -48.586 8.67903 -0.78240 2 
24.373 -48.586 8.78381 -0.79531 2 
26.939 -48.586 8.68251 -0.79159 2 
29.504 -48.586 8.68936 -0.64124 2 
32.070 -48.586 8.78140 -0.68019 2 
34.636 -48.586 8.76139 -0.75717 2 
37.201 -48.586 8.97194 -0.68893 2 
39.767 -48.586 8.86869 -0.77046 2 
42.332 -48.586 8.80238 -0.54749 2 
44.898 -48.586 8.94749 -0.53280 2 
47.464 -48.586 8.87814 -0.52454 2 
50.029 -48.586 9.03580 -0.45469 2 
52.595 -48.586 8.87235 -0.39291 2 
55.160 -48.586 9.09945 -0.23891 2 
57.726 -48.586 9.02073 -0.28512 2 
60.292 -48.586 9.01900 -0.38265 2 
62.857 -48.586 9.04349 -0.22487 2 
65.423 -48.586 9.03398 0.03664 2 
67.988 -48.586 9.00335 -0.09961 2 
70.554 -48.586 8.88616 0.04291 2 
73.120 -48.586 9.15734 0.06331 2 
75.685 -48.586 8.96538 0.09507 2 
78.251 -48.586 9.13341 0.29700 2 
80.816 -48.586 9.03770 0.16669 2 
83.382 -48.586 8.97844 0.29501 2 
85.948 -48.586 9.06668 0.28789 2 
88.513 -48.586 8.89221 0.46948 2 
91.079 -48.586 8.88882 0.37631 2 
93.644 -48.586 8.89125 0.43582 2 
96.210 -48.586 8.94111 0.58041 2 
98.776 -48.586 8.86146 0.68560 2 
101.341 -48.586 8.82249 0.55183 2 
103.907 -48.586 8.75594 0.55764 2 
106.472 -48.586 8.65276 0.53277 2 
109.038 -48.586 8.80589 0.74008 2 
111.603 -48.586 8.76173 0.62881 2 
114.169 -48.586 8.59048 0.71359 2 
116.735 -48.586 8.83521 0.63422 2 
119.300 -48.586 0.00000 -0.00000 0 
-8.980 -51.152 8.10627 -0.81116 2 
-6.414 -51.152 8.12259 -0.73042 2 
-3.848 -51.152 8.03415 -0.74987 2 
-1.283 -51.152 8.11079 -0.73480 2 
1.283 -51.152 8.14160 -0.71014 2 
3.848 -51.152 8.16721 -0.67355 2 
6.414 -51.152 8.33752 -0.89313 2 
8.980 -51.152 8.34293 -0.75948 2 
11.545 -51.152 8.37858 -0.85439 2 
14.111 -51.152 8.43526 -0.75982 2 
16.676 -51.152 8.60501 -0.90639 2 
19.242 -51.152 8.59699 -0.73036 2 
21.808 -51.152 8.59067 -0.83250 2 
24.373 -51.152 8.66271 -0.69778 2 
26.939 -51.152 8.73039 -0.77276 2 
29.504 -51.152 8.63512 -0.81898 2 
32.070 -51.152 8.89978 -0.74277 2 
34.636 -51.152 8.75330 -0.44746 2 
37.201 -51.152 8.81825 -0.63246 2 
39.767 -51.152 8.76012 -0.60959 2 
42.332 -51.152 8.78846 -0.42809 2 
44.898 -51.152 8.86912 -0.52657 2 
47.464 -51.152 8.97376 -0.52891 2 
50.029 -51.152 8.88145 -0.49168 2 
52.595 -51.152 9.13445 -0.19016 2 
55.160 -51.152 8.91914 -0.46390 2 
57.726 -51.152 9.06520 -0.29427 2 
60.292 -51.152 8.93380 -0.19397 2 
62.857 -51.152 8.99850 -0.23576 2 
65.423 -51.152 8.97071 -0.13483 2 
67.988 -51.152 8.99064 -0.01916 2 
70.554 -51.152 9.07342 -0.03735 2 
73.120 -51.152 8.88696 0.02340 2 
75.685 -51.152 8.98761 0.03221 2 
78.251 -51.152 8.98349 0.21494 2 
80.816 -51.152 8.96354 0.15210 2 
83.382 -51.152 9.04497 0.28915 2 
85.948 -51.152 8.84480 0.35271 2 
88.513 -51.152 8.95740 0.29632 2 
91.079 -51.152 8.88780 0.43939 2 
93.644 -51.152 8.97876 0.41263 2 
96.210 -51.152 8.84357 0.50289 2 
98.776 -51.152 8.69910 0.51180 2 
101.341 -51.152 8.78141 0.48138 2 
103.907 -51.152 8.70107 0.58347 2 
106.472 -51.152 8.84651 0.58390 2 
109.038 -51.152 8.75492 0.51633 2 
111.603 -51.152 8.74857 0.60305 2 
114.169 -51.152 8.62800 0.76081 2 
116.735 -51.152 8.94594 0.45915 2 
119.300 -51.152 0.00000 -0.00000 0 
-8.980 -53.717 8.10180 -0.64450 2 
-6.414 -53.717 8.04251 -0.73946 2 
-3.848 -53.717 8.32982 -0.82437 2 
-1.283 -53.717 8.28675 -0.81462 2 
1.283 -53.717 8.31803 -0.71920 2 
3.848 -53.717 8.57329 -0.68470 2 
6.414 -53.717 8.70774 -0.64369 2 
8.980 -53.717 8.74351 -0.92698 2 
11.545 -53.717 8.44966 -0.72491 2 
14.111 -53.717 8.73600 -0.79348 2 
16.676 -53.717 8.80745 -0.90205 2 
19.242 -53.717 8.69027 -0.73625 2 
21.808 -53.717 9.04357 -0.62311 2 
24.373 -53.717 9.05433 -0.64277 2 
26.939 -53.717 9.06509 -0.66242 2 
29.504 -53.717 9.06041 -0.67109 2 
32.070 -53.717 8.77411 -0.62831 2 
34.636 -53.717 8.96666 -0.68116 2 
37.201 -53.717 8.93750 -0.59802 2 
39.767 -53.717 9.07699 -0.59707 2 
42.332 -53.717 9.07116 -0.48346 2 
44.898 -53.717 9.02684 -0.36935 2 
47.464 -53.717 9.09405 -0.51320 2 
50.029 -53.717 9.05781 -0.46229 2 
52.595 -53.717 8.94603 -0.31627 2 
55.160 -53.717 8.84703 -0.43035 2 
57.726 -53.717 8.89327 -0.22368 2 
60.292 -53.717 9.09684 -0.30752 2 
62.857 -53.717 9.06231 -0.14603 2 
65.423 -53.717 8.93931 -0.11051 2 
67.988 -53.717 8.97478 -0.11563 2 
70.554 -53.717 8.87831 -0.00957 2 
73.120 -53.717 8.98216 0.05842 2 
75.685 -53.717 8.97410 0.21554 2 
78.251 -53.717 8.96393 0.16476 2 
80.816 -53.717 8.87625 0.16682 2 
83.382 -53.717 9.00293 0.17295 2 
85.948 -53.717 9.13677 0.34881 2 
88.513 -53.717 8.91542 0.22204 2 
91.079 -53.717 8.99472 0.29368 2 
93.644 -53.717 9.07403 0.36533 2 
96.210 -53.717 8.89475 0.49563 2 
98.776 -53.717 8.91191 0.64171 2 
101.341 -53.717 8.92907 0.78779 2 
103.907 -53.717 8.74406 0.49976 2 
106.472 -53.717 8.87994 0.70132 2 
109.038 -53.717 8.92146 0.62505 2 
111.603 -53.717 8.67926 0.54906 2 
114.169 -53.717 8.86956 0.51547 2 
116.735 -53.717 0.00000 -0.00000 0 
119.300 -53.717 0.00000 -0.00000 0 
-8.980 -56.283 0.00000 -0.00000 0 
-6.414 -56.283 0.00000 -0.00000 0 
-3.848 -56.283 0.00000 -0.00000 0 
-1.283 -56.283 0.00000 -0.00000 0 
1.283 -56.283 0.00000 -0.00000 0 
3.848 -56.283 0.00000 -0.00000 0 
6.414 -56.283 0.00000 -0.00000 0 
8.980 -56.283 0.00000 -0.00000 0 
11.545 -56.283 0.00000 -0.00000 0 
14.111 -56.283 0.00000 -0.00000 0 
16.676 -56.283 0.00000 -0.00000 0 
19.242 -56.283 0.00000 -0.00000 0 
21.808 -56.283 0.00000 -0.00000 0 
24.373 -56.283 0.00000 -0.00000 0 
26.939 -56.283 0.00000 -0.00000 0 
29.504 -56.283 0.00000 -0.00000 0 
32.070 -56.283 0.00000 -0.00000 0 
34.636 -56.283 0.00000 -0.00000 0 
37.201 -56.283 0.00000 -0.00000 0 
39.767 -56.283 0.00000 -0.00000 0 
42.332 -56.283 0.00000 -0.00000 0 
44.898 -56.283 0.00000 -0.00000 0 
47.464 -56.283 0.00000 -0.00000 0 
50.029 -56.283 0.00000 -0.00000 0 
52.595 -56.283 8.86439 0.04023 2 
55.160 -56.283 8.92276 -0.26450 2 
57.726 -56.283 8.91375 -0.26483 2 
60.292 -56.283 8.89562 -0.30742 2 
62.857 -56.283 8.85828 -0.08713 2 
65.423 -56.283 9.07611 -0.18409 2 
67.988 -56.283 8.88785 -0.10685 2 
70.554 -56.283 9.00407 0.15010 2 
73.120 -56.283 8.94246 -0.12239 2 
75.685 -56.283 9.02154 0.11275 2 
78.251 -56.283 8.99956 0.15622 2 
80.816 -56.283 8.97757 0.19970 2 
83.382 -56.283 9.08943 0.30678 2 
85.948 -56.283 9.04568 0.28569 2 
88.513 -56.283 9.00193 0.26460 2 
91.079 -56.283 8.95817 0.24351 2 
93.644 -56.283 8.91442 0.22242 2 
96.210 -56.283 8.87067 0.20133 2 
98.776 -56.283 8.82692 0.18024 2 
101.341 -56.283 8.78316 0.15915 2 
103.907 -56.283 8.73941 0.13806 2 
106.472 -56.283 8.69566 0.11697 2 
109.038 -56.283 8.65190 0.09588 2 
111.603 -56.283 8.60815 0.07479 2 
114.169 -56.283 8.56440 0.05370 1 
116.735 -56.283 0.00000 -0.00000 0 
119.300 -56.283 0.00000 -0.00000 0 
