TITLE = "B00032"
VARIABLES = "X [mm]", "Y [mm]", "Vx [m/s]", "Vy [m/s]", "Flag"
ZONE T="Frame 1", I=51, J=39, F=POINT
-8.980 41.210 7.17594 0.43935 2 
-6.414 41.210 7.10835 0.30660 2 
-3.848 41.210 7.32545 0.50886 2 
-1.283 41.210 7.16204 0.47352 2 
1.283 41.210 7.58940 0.49550 2 
3.848 41.210 0.00000 -0.00000 0 
6.414 41.210 0.00000 -0.00000 0 
8.980 41.210 0.00000 -0.00000 0 
11.545 41.210 0.00000 -0.00000 0 
14.111 41.210 0.00000 -0.00000 0 
16.676 41.210 0.00000 -0.00000 0 
19.242 41.210 3.85351 0.34293 2 
21.808 41.210 7.70702 0.68586 2 
24.373 41.210 7.44565 0.76586 2 
26.939 41.210 7.56348 0.69581 2 
29.504 41.210 7.50965 0.76169 2 
32.070 41.210 7.52062 0.71560 2 
34.636 41.210 7.45651 1.00933 2 
37.201 41.210 7.60794 0.62618 2 
39.767 41.210 7.62204 0.89515 2 
42.332 41.210 7.67339 0.77102 2 
44.898 41.210 7.87571 0.73264 2 
47.464 41.210 7.89994 0.75908 2 
50.029 41.210 7.67818 0.87576 2 
52.595 41.210 8.07518 0.85626 2 
55.160 41.210 8.04025 0.64304 2 
57.726 41.210 8.15244 0.83216 2 
60.292 41.210 8.10774 0.84522 2 
62.857 41.210 8.22294 0.78200 2 
65.423 41.210 8.33218 0.63670 2 
67.988 41.210 8.22560 0.86408 2 
70.554 41.210 8.36642 0.63697 2 
73.120 41.210 8.56950 0.57311 2 
75.685 41.210 8.31456 0.63923 2 
78.251 41.210 8.45268 0.49283 2 
80.816 41.210 0.00000 0.00000 0 
83.382 41.210 8.50315 0.54337 2 
85.948 41.210 8.57037 0.67723 2 
88.513 41.210 8.49895 0.32174 2 
91.079 41.210 8.54722 0.12804 2 
93.644 41.210 8.55978 0.58767 2 
96.210 41.210 8.78530 0.01462 2 
98.776 41.210 8.75238 0.18613 2 
101.341 41.210 8.46441 0.19728 2 
103.907 41.210 8.67819 0.01623 2 
106.472 41.210 8.74212 -0.25940 2 
109.038 41.210 8.89225 0.00178 2 
111.603 41.210 8.64153 -0.18314 2 
114.169 41.210 8.48058 -0.25463 2 
116.735 41.210 9.07522 -0.35965 2 
119.300 41.210 0.00000 -0.00000 0 
-8.980 38.644 7.28204 0.26561 2 
-6.414 38.644 7.13817 0.27867 2 
-3.848 38.644 7.30802 0.30107 2 
-1.283 38.644 7.07147 0.50310 2 
1.283 38.644 7.49134 0.40486 2 
3.848 38.644 0.00000 -0.00000 0 
6.414 38.644 0.00000 -0.00000 0 
8.980 38.644 0.00000 -0.00000 0 
11.545 38.644 0.00000 -0.00000 0 
14.111 38.644 0.00000 -0.00000 0 
16.676 38.644 0.00000 -0.00000 0 
19.242 38.644 3.93994 0.42267 2 
21.808 38.644 7.87989 0.84535 2 
24.373 38.644 7.17979 0.79146 2 
26.939 38.644 7.44767 0.79968 2 
29.504 38.644 7.41898 0.64037 2 
32.070 38.644 7.54435 0.96231 2 
34.636 38.644 7.69234 0.90766 2 
37.201 38.644 7.52235 0.87190 2 
39.767 38.644 7.78335 0.78810 2 
42.332 38.644 7.84129 0.94673 2 
44.898 38.644 7.75251 0.98309 2 
47.464 38.644 7.93140 1.03262 2 
50.029 38.644 7.79755 0.74239 2 
52.595 38.644 7.94423 0.95041 2 
55.160 38.644 8.11626 0.77242 2 
57.726 38.644 8.21906 0.93783 2 
60.292 38.644 8.20347 0.73725 2 
62.857 38.644 8.20957 0.89651 2 
65.423 38.644 8.33782 0.82049 2 
67.988 38.644 8.21563 0.73836 2 
70.554 38.644 8.39593 0.87172 2 
73.120 38.644 8.48210 0.69570 2 
75.685 38.644 8.64006 0.97458 2 
78.251 38.644 8.53232 0.44202 2 
80.816 38.644 0.00000 0.00000 0 
83.382 38.644 8.56785 0.33200 2 
85.948 38.644 8.69224 0.28960 2 
88.513 38.644 8.62251 0.34168 2 
91.079 38.644 8.64741 0.39626 2 
93.644 38.644 8.65936 0.11736 2 
96.210 38.644 8.57311 0.28200 2 
98.776 38.644 8.60580 0.09277 2 
101.341 38.644 8.73980 0.14996 2 
103.907 38.644 8.56774 0.15726 2 
106.472 38.644 8.64759 0.09031 2 
109.038 38.644 8.55280 -0.12533 2 
111.603 38.644 8.90791 -0.13697 2 
114.169 38.644 8.35172 -0.00515 2 
116.735 38.644 9.08248 -0.63745 2 
119.300 38.644 0.00000 -0.00000 0 
-8.980 36.079 7.13558 0.30428 2 
-6.414 36.079 7.32242 0.40209 2 
-3.848 36.079 7.12108 0.38816 2 
-1.283 36.079 7.17815 0.33068 2 
1.283 36.079 7.38459 0.76646 2 
3.848 36.079 0.00000 -0.00000 0 
6.414 36.079 0.00000 -0.00000 0 
8.980 36.079 0.00000 -0.00000 0 
11.545 36.079 0.00000 -0.00000 0 
14.111 36.079 0.00000 -0.00000 0 
16.676 36.079 0.00000 -0.00000 0 
19.242 36.079 3.94986 0.34661 2 
21.808 36.079 7.89971 0.69323 2 
24.373 36.079 7.18622 0.90147 2 
26.939 36.079 7.62358 0.87467 2 
29.504 36.079 7.30909 0.83820 2 
32.070 36.079 7.40571 0.82633 2 
34.636 36.079 7.55565 0.88039 2 
37.201 36.079 7.55574 0.73139 2 
39.767 36.079 7.49380 0.91004 2 
42.332 36.079 7.69179 0.89953 2 
44.898 36.079 7.81855 0.96239 2 
47.464 36.079 7.90982 0.80504 2 
50.029 36.079 8.10717 1.15780 2 
52.595 36.079 7.98356 0.84662 2 
55.160 36.079 7.98900 0.94280 2 
57.726 36.079 8.36529 1.02972 2 
60.292 36.079 8.04695 0.87112 2 
62.857 36.079 8.30959 0.92518 2 
65.423 36.079 8.35062 0.74008 2 
67.988 36.079 8.32253 0.92230 2 
70.554 36.079 8.38582 0.69276 2 
73.120 36.079 8.75066 0.57452 2 
75.685 36.079 8.35551 0.72393 2 
78.251 36.079 8.58188 0.87653 2 
80.816 36.079 0.00000 0.00000 0 
83.382 36.079 8.43362 0.53271 2 
85.948 36.079 8.44553 0.49973 2 
88.513 36.079 8.79168 0.61467 2 
91.079 36.079 8.78783 0.53321 2 
93.644 36.079 8.71967 0.42346 2 
96.210 36.079 8.68599 0.12887 2 
98.776 36.079 8.81169 0.15050 2 
101.341 36.079 8.82710 0.04294 2 
103.907 36.079 8.66333 -0.02064 2 
106.472 36.079 8.88239 0.06378 2 
109.038 36.079 8.81197 -0.30011 2 
111.603 36.079 8.89732 -0.37932 2 
114.169 36.079 8.86477 -0.45579 2 
116.735 36.079 9.38141 -0.21295 2 
119.300 36.079 0.00000 -0.00000 0 
-8.980 33.513 7.17456 0.29771 2 
-6.414 33.513 7.10815 0.18445 2 
-3.848 33.513 7.14265 0.46994 2 
-1.283 33.513 7.09347 0.39428 2 
1.283 33.513 7.35066 0.62372 2 
3.848 33.513 0.00000 -0.00000 0 
6.414 33.513 0.00000 -0.00000 0 
8.980 33.513 0.00000 -0.00000 0 
11.545 33.513 0.00000 -0.00000 0 
14.111 33.513 0.00000 -0.00000 0 
16.676 33.513 0.00000 -0.00000 0 
19.242 33.513 3.92538 0.46743 2 
21.808 33.513 7.85077 0.93487 2 
24.373 33.513 7.13991 0.85887 2 
26.939 33.513 7.33667 0.83510 2 
29.504 33.513 7.31368 0.95759 2 
32.070 33.513 7.52727 0.97204 2 
34.636 33.513 7.49745 0.97007 2 
37.201 33.513 7.63632 1.06047 2 
39.767 33.513 7.54322 1.21180 2 
42.332 33.513 7.76619 0.86666 2 
44.898 33.513 7.82499 1.03858 2 
47.464 33.513 7.63304 1.09001 2 
50.029 33.513 7.94667 0.79749 2 
52.595 33.513 7.85507 1.11223 2 
55.160 33.513 7.96290 1.05837 2 
57.726 33.513 8.19428 0.81679 2 
60.292 33.513 8.15020 0.81185 2 
62.857 33.513 8.32901 1.03777 2 
65.423 33.513 8.36343 0.65967 2 
67.988 33.513 8.64069 0.80471 2 
70.554 33.513 8.35943 0.90882 2 
73.120 33.513 8.57160 0.82706 2 
75.685 33.513 8.65035 0.82431 2 
78.251 33.513 8.67710 0.68613 2 
80.816 33.513 0.00000 0.00000 0 
83.382 33.513 8.53211 0.46021 2 
85.948 33.513 8.61273 0.44008 2 
88.513 33.513 8.81705 0.43501 2 
91.079 33.513 8.74227 0.35549 2 
93.644 33.513 8.66621 0.29236 2 
96.210 33.513 8.79525 0.33373 2 
98.776 33.513 8.57545 0.00430 2 
101.341 33.513 8.82713 0.10631 2 
103.907 33.513 8.78335 0.11697 2 
106.472 33.513 9.00420 -0.02896 2 
109.038 33.513 8.92733 -0.11617 2 
111.603 33.513 8.84174 -0.01865 2 
114.169 33.513 8.80848 -0.46270 2 
116.735 33.513 9.33385 -0.50479 2 
119.300 33.513 0.00000 -0.00000 0 
-8.980 30.948 7.07840 0.28440 2 
-6.414 30.948 7.14702 0.38752 2 
-3.848 30.948 7.16281 0.32864 2 
-1.283 30.948 7.19534 0.46198 2 
1.283 30.948 7.36557 0.53041 2 
3.848 30.948 0.00000 -0.00000 0 
6.414 30.948 0.00000 -0.00000 0 
8.980 30.948 0.00000 -0.00000 0 
11.545 30.948 0.00000 -0.00000 0 
14.111 30.948 0.00000 -0.00000 0 
16.676 30.948 0.00000 -0.00000 0 
19.242 30.948 3.80332 0.48527 2 
21.808 30.948 7.60663 0.97053 2 
24.373 30.948 7.19022 1.07182 2 
26.939 30.948 7.40985 0.85198 2 
29.504 30.948 7.37455 1.00621 2 
32.070 30.948 7.26645 1.00794 2 
34.636 30.948 7.37646 1.03315 2 
37.201 30.948 7.45981 1.03399 2 
39.767 30.948 7.68014 1.17253 2 
42.332 30.948 7.62914 0.93441 2 
44.898 30.948 7.79838 0.93268 2 
47.464 30.948 7.89996 1.10906 2 
50.029 30.948 8.00293 0.95623 2 
52.595 30.948 8.08885 1.12305 2 
55.160 30.948 8.03907 1.09458 2 
57.726 30.948 8.22361 1.06684 2 
60.292 30.948 8.37284 0.91717 2 
62.857 30.948 8.25480 0.98803 2 
65.423 30.948 8.13279 1.07347 2 
67.988 30.948 8.52036 0.80269 2 
70.554 30.948 8.48572 0.87045 2 
73.120 30.948 8.50388 0.88974 2 
75.685 30.948 8.61624 0.85529 2 
78.251 30.948 8.53215 0.72554 2 
80.816 30.948 0.00000 0.00000 0 
83.382 30.948 8.85264 0.51069 2 
85.948 30.948 8.96487 0.40305 2 
88.513 30.948 8.77062 0.33715 2 
91.079 30.948 8.77913 0.19539 2 
93.644 30.948 8.89382 0.35923 2 
96.210 30.948 8.78912 0.29418 2 
98.776 30.948 8.97347 0.20111 2 
101.341 30.948 8.80906 0.25812 2 
103.907 30.948 8.65927 0.18396 2 
106.472 30.948 8.86407 0.01928 2 
109.038 30.948 9.08689 -0.01535 2 
111.603 30.948 9.11241 -0.42407 2 
114.169 30.948 9.01257 -0.50031 2 
116.735 30.948 9.25108 -0.78657 2 
119.300 30.948 0.00000 -0.00000 0 
-8.980 28.382 7.13855 0.09786 2 
-6.414 28.382 7.13591 0.34367 2 
-3.848 28.382 6.94776 0.29050 2 
-1.283 28.382 7.04957 0.30552 2 
1.283 28.382 7.08610 0.43663 2 
3.848 28.382 8.08179 0.46641 2 
6.414 28.382 0.00000 -0.00000 0 
8.980 28.382 0.00000 -0.00000 0 
11.545 28.382 0.00000 -0.00000 0 
14.111 28.382 0.00000 -0.00000 0 
16.676 28.382 1.91436 0.18977 2 
19.242 28.382 5.73038 0.62217 2 
21.808 28.382 7.31669 0.83754 2 
24.373 28.382 7.10283 0.76618 2 
26.939 28.382 7.35332 0.99634 2 
29.504 28.382 7.37534 1.04958 2 
32.070 28.382 7.58756 1.01161 2 
34.636 28.382 7.58421 1.18954 2 
37.201 28.382 7.53680 1.05916 2 
39.767 28.382 7.62836 1.10079 2 
42.332 28.382 7.77354 1.20082 2 
44.898 28.382 7.82601 1.07751 2 
47.464 28.382 7.88813 1.03989 2 
50.029 28.382 7.84730 0.83504 2 
52.595 28.382 7.88033 1.01034 2 
55.160 28.382 8.11177 0.92158 2 
57.726 28.382 7.98185 1.09204 2 
60.292 28.382 8.05697 1.00871 2 
62.857 28.382 8.48102 1.06736 2 
65.423 28.382 8.31898 0.99223 2 
67.988 28.382 8.58414 1.00821 2 
70.554 28.382 8.52752 0.95007 2 
73.120 28.382 8.81181 0.90800 2 
75.685 28.382 8.65498 0.87761 2 
78.251 28.382 8.73245 0.78375 2 
80.816 28.382 8.92939 0.67565 2 
83.382 28.382 8.86519 0.59624 2 
85.948 28.382 8.80098 0.51683 2 
88.513 28.382 8.93810 0.32386 2 
91.079 28.382 8.94706 0.57839 2 
93.644 28.382 8.97659 0.23189 2 
96.210 28.382 8.71851 0.18959 2 
98.776 28.382 8.72350 0.16801 2 
101.341 28.382 8.84306 0.08936 2 
103.907 28.382 8.97191 0.00499 2 
106.472 28.382 8.96447 0.24145 2 
109.038 28.382 8.99178 -0.11448 2 
111.603 28.382 9.20532 -0.09608 2 
114.169 28.382 9.18302 -0.31872 2 
116.735 28.382 9.82379 -0.86397 2 
119.300 28.382 0.00000 -0.00000 0 
-8.980 25.816 7.02798 0.15401 2 
-6.414 25.816 7.07546 0.27982 2 
-3.848 25.816 6.92683 0.19876 2 
-1.283 25.816 7.10292 0.44457 2 
1.283 25.816 6.78794 0.46558 2 
3.848 25.816 7.35489 0.78068 2 
6.414 25.816 0.00000 -0.00000 0 
8.980 25.816 0.00000 -0.00000 0 
11.545 25.816 0.00000 -0.00000 0 
14.111 25.816 0.00000 -0.00000 0 
16.676 25.816 3.82873 0.37954 2 
19.242 25.816 7.65745 0.75908 2 
21.808 25.816 6.98081 0.98520 2 
24.373 25.816 7.24780 1.05280 2 
26.939 25.816 7.37763 0.89560 2 
29.504 25.816 7.28371 1.05183 2 
32.070 25.816 7.20250 1.15515 2 
34.636 25.816 7.53336 1.18541 2 
37.201 25.816 7.31954 1.06935 2 
39.767 25.816 7.54616 1.25635 2 
42.332 25.816 7.61305 1.14455 2 
44.898 25.816 7.68787 1.13372 2 
47.464 25.816 7.79351 1.40572 2 
50.029 25.816 8.03404 1.05901 2 
52.595 25.816 8.06804 1.28485 2 
55.160 25.816 8.01473 1.05076 2 
57.726 25.816 8.19749 1.18450 2 
60.292 25.816 8.27675 0.92962 2 
62.857 25.816 8.45715 0.90853 2 
65.423 25.816 8.36162 1.02380 2 
67.988 25.816 8.54699 0.88907 2 
70.554 25.816 8.63174 1.22592 2 
73.120 25.816 8.61078 0.85107 2 
75.685 25.816 8.71507 0.80867 2 
78.251 25.816 8.81971 0.71910 2 
80.816 25.816 8.87590 0.76385 2 
83.382 25.816 0.00000 0.00000 0 
85.948 25.816 9.24392 0.53732 2 
88.513 25.816 9.12243 0.42826 2 
91.079 25.816 9.05521 0.37462 2 
93.644 25.816 8.85020 0.31985 2 
96.210 25.816 8.87484 0.11321 2 
98.776 25.816 8.81821 0.20051 2 
101.341 25.816 8.75526 0.18804 2 
103.907 25.816 8.87854 0.28814 2 
106.472 25.816 8.94066 0.21637 2 
109.038 25.816 9.45703 0.27937 2 
111.603 25.816 9.55536 -0.09818 2 
114.169 25.816 9.64343 -0.48154 2 
116.735 25.816 10.39651 -0.94138 2 
119.300 25.816 0.00000 -0.00000 0 
-8.980 23.251 7.09331 0.20821 2 
-6.414 23.251 6.96148 0.24233 2 
-3.848 23.251 6.90838 0.38028 2 
-1.283 23.251 6.89960 0.40329 2 
1.283 23.251 6.81046 0.40119 2 
3.848 23.251 7.11798 0.76926 2 
6.414 23.251 0.00000 -0.00000 0 
8.980 23.251 0.00000 -0.00000 0 
11.545 23.251 0.00000 -0.00000 0 
14.111 23.251 0.00000 -0.00000 0 
16.676 23.251 3.73265 0.53450 2 
19.242 23.251 7.46530 1.06899 2 
21.808 23.251 7.18549 1.06217 2 
24.373 23.251 7.05619 1.05770 2 
26.939 23.251 7.15192 1.29087 2 
29.504 23.251 7.26497 1.12891 2 
32.070 23.251 7.31832 1.14746 2 
34.636 23.251 7.32962 1.29506 2 
37.201 23.251 7.50558 1.12745 2 
39.767 23.251 7.66090 1.15902 2 
42.332 23.251 7.72153 1.31397 2 
44.898 23.251 7.85417 1.21309 2 
47.464 23.251 8.05537 1.15304 2 
50.029 23.251 7.88046 1.30084 2 
52.595 23.251 7.99634 1.16378 2 
55.160 23.251 8.23200 1.23469 2 
57.726 23.251 8.46076 1.10094 2 
60.292 23.251 8.29144 1.19550 2 
62.857 23.251 8.34019 1.31524 2 
65.423 23.251 8.71570 1.21378 2 
67.988 23.251 8.64370 1.23741 2 
70.554 23.251 8.51470 1.03340 2 
73.120 23.251 8.81641 1.07156 2 
75.685 23.251 8.63807 1.02613 2 
78.251 23.251 8.72095 0.83853 2 
80.816 23.251 9.14493 0.96817 2 
83.382 23.251 0.00000 0.00000 0 
85.948 23.251 9.25888 0.58720 2 
88.513 23.251 9.13888 0.46204 2 
91.079 23.251 9.16336 0.17085 2 
93.644 23.251 9.08261 0.04501 2 
96.210 23.251 8.87738 -0.13339 2 
98.776 23.251 8.79829 -0.14932 2 
101.341 23.251 8.64471 -0.01381 2 
103.907 23.251 8.54792 0.35815 2 
106.472 23.251 8.95361 0.68834 2 
109.038 23.251 9.53569 0.98073 2 
111.603 23.251 8.73757 0.85493 2 
114.169 23.251 10.47898 -0.64200 2 
116.735 23.251 10.11953 -1.38639 2 
119.300 23.251 0.00000 -0.00000 0 
-8.980 20.685 6.97547 0.24227 2 
-6.414 20.685 6.94957 0.18081 2 
-3.848 20.685 6.92381 0.25572 2 
-1.283 20.685 6.77114 0.36759 2 
1.283 20.685 6.65644 0.35382 2 
3.848 20.685 7.30612 0.61562 2 
6.414 20.685 0.00000 -0.00000 0 
8.980 20.685 0.00000 -0.00000 0 
11.545 20.685 0.00000 -0.00000 0 
14.111 20.685 0.00000 -0.00000 0 
16.676 20.685 -1.76153 0.36067 2 
19.242 20.685 7.28600 0.99275 2 
21.808 20.685 6.78739 1.02564 2 
24.373 20.685 7.14950 1.29116 2 
26.939 20.685 7.15081 0.97490 2 
29.504 20.685 7.35475 1.23902 2 
32.070 20.685 7.30045 1.25527 2 
34.636 20.685 7.54532 1.48338 2 
37.201 20.685 7.48723 1.24334 2 
39.767 20.685 7.60936 1.46188 2 
42.332 20.685 7.59372 1.25208 2 
44.898 20.685 7.83707 1.41345 2 
47.464 20.685 7.87119 1.24299 2 
50.029 20.685 7.91384 1.20459 2 
52.595 20.685 8.02119 1.41729 2 
55.160 20.685 8.09145 1.18228 2 
57.726 20.685 8.10449 1.36707 2 
60.292 20.685 8.60948 1.26973 2 
62.857 20.685 8.29131 1.15196 2 
65.423 20.685 8.80645 1.11420 2 
67.988 20.685 8.65365 0.66249 2 
70.554 20.685 8.90955 1.55022 2 
73.120 20.685 9.14540 1.03493 2 
75.685 20.685 9.74936 0.74882 2 
78.251 20.685 7.97441 0.69360 2 
80.816 20.685 4.57247 0.48408 2 
83.382 20.685 0.00000 0.00000 0 
85.948 20.685 0.00000 0.00000 0 
88.513 20.685 0.00000 0.00000 0 
91.079 20.685 8.60463 -0.14677 2 
93.644 20.685 9.32695 -0.03040 2 
96.210 20.685 8.83117 -0.04507 2 
98.776 20.685 8.95389 -0.46376 2 
101.341 20.685 8.44027 -0.26919 2 
103.907 20.685 8.35218 0.50592 2 
106.472 20.685 8.67020 1.12587 2 
109.038 20.685 8.31852 1.02612 2 
111.603 20.685 7.47849 1.22179 2 
114.169 20.685 9.12692 0.08794 2 
116.735 20.685 9.55076 -1.14431 2 
119.300 20.685 0.00000 -0.00000 0 
-8.980 18.120 6.89805 0.04237 2 
-6.414 18.120 6.82550 0.17817 2 
-3.848 18.120 6.81106 0.17002 2 
-1.283 18.120 6.77404 0.21699 2 
1.283 18.120 6.65567 0.42564 2 
3.848 18.120 6.59982 0.38377 2 
6.414 18.120 0.00000 -0.00000 0 
8.980 18.120 0.00000 -0.00000 0 
11.545 18.120 0.00000 -0.00000 0 
14.111 18.120 0.00000 -0.00000 0 
16.676 18.120 -0.91518 1.08051 2 
19.242 18.120 7.12906 1.03696 2 
21.808 18.120 6.92971 1.14950 2 
24.373 18.120 6.83985 1.51152 2 
26.939 18.120 7.17566 1.32259 2 
29.504 18.120 7.08147 1.32519 2 
32.070 18.120 7.29776 1.60415 2 
34.636 18.120 7.29470 1.26799 2 
37.201 18.120 7.66801 1.33519 2 
39.767 18.120 7.51099 1.60320 2 
42.332 18.120 7.70257 1.42202 2 
44.898 18.120 7.73216 1.36297 2 
47.464 18.120 7.95575 1.26096 2 
50.029 18.120 7.87953 1.55542 2 
52.595 18.120 8.22152 1.36716 2 
55.160 18.120 4.04573 0.59114 2 
57.726 18.120 8.38048 1.18042 2 
60.292 18.120 8.33104 1.39156 2 
62.857 18.120 8.91752 1.39851 2 
65.423 18.120 4.40322 0.55710 2 
67.988 18.120 0.00000 -0.00000 0 
70.554 18.120 0.00000 -0.00000 0 
73.120 18.120 0.00000 -0.00000 0 
75.685 18.120 0.00000 -0.00000 0 
78.251 18.120 0.00000 -0.00000 0 
80.816 18.120 0.00000 -0.00000 0 
83.382 18.120 0.00000 -0.00000 0 
85.948 18.120 -0.16943 0.33313 2 
88.513 18.120 5.41474 0.23629 2 
91.079 18.120 10.99891 0.13946 2 
93.644 18.120 9.57130 -0.10582 2 
96.210 18.120 6.06497 0.18107 2 
98.776 18.120 9.53905 -0.40519 2 
101.341 18.120 8.21715 0.00591 2 
103.907 18.120 6.89526 0.41701 2 
106.472 18.120 7.81366 0.83268 2 
109.038 18.120 7.10135 1.07151 2 
111.603 18.120 6.21941 1.58865 2 
114.169 18.120 7.60070 0.34321 2 
116.735 18.120 8.98199 -0.90223 2 
119.300 18.120 0.00000 -0.00000 0 
-8.980 15.554 6.91587 0.12219 2 
-6.414 15.554 6.82062 0.01353 2 
-3.848 15.554 6.77829 0.13935 2 
-1.283 15.554 6.63182 0.16873 2 
1.283 15.554 6.56613 0.31912 2 
3.848 15.554 6.41034 0.38492 2 
6.414 15.554 0.00000 -0.00000 0 
8.980 15.554 0.00000 -0.00000 0 
11.545 15.554 0.00000 -0.00000 0 
14.111 15.554 0.00000 -0.00000 0 
16.676 15.554 -0.06882 1.80034 2 
19.242 15.554 7.19715 1.08837 2 
21.808 15.554 6.81145 1.41746 2 
24.373 15.554 7.27523 1.41774 2 
26.939 15.554 6.95605 1.36132 2 
29.504 15.554 7.12282 1.50623 2 
32.070 15.554 7.20363 1.43743 2 
34.636 15.554 7.40488 1.42417 2 
37.201 15.554 7.20089 1.53280 2 
39.767 15.554 7.71825 1.62883 2 
42.332 15.554 7.88119 1.68432 2 
44.898 15.554 8.10968 1.38891 2 
47.464 15.554 7.97351 1.60919 2 
50.029 15.554 8.49329 1.27780 2 
52.595 15.554 4.11076 0.68358 2 
55.160 15.554 0.00000 -0.00000 0 
57.726 15.554 0.00000 -0.00000 0 
60.292 15.554 0.00000 -0.00000 0 
62.857 15.554 0.00000 -0.00000 0 
65.423 15.554 0.00000 -0.00000 0 
67.988 15.554 0.00000 -0.00000 0 
70.554 15.554 0.00000 -0.00000 0 
73.120 15.554 0.00000 -0.00000 0 
75.685 15.554 0.00000 -0.00000 0 
78.251 15.554 0.00000 -0.00000 0 
80.816 15.554 -0.98645 0.11816 2 
83.382 15.554 -1.47968 0.17723 2 
85.948 15.554 -2.03174 -0.19355 2 
88.513 15.554 -1.89722 0.61330 2 
91.079 15.554 -1.97782 0.69926 2 
93.644 15.554 -0.23484 0.40818 2 
96.210 15.554 3.29877 0.40721 2 
98.776 15.554 3.16863 -0.01703 2 
101.341 15.554 4.11741 -0.49731 2 
103.907 15.554 5.06618 -0.97759 2 
106.472 15.554 5.93482 0.62211 2 
109.038 15.554 5.74775 0.76585 2 
111.603 15.554 7.48187 1.24639 2 
114.169 15.554 7.28928 0.52477 2 
116.735 15.554 6.96330 0.22109 2 
119.300 15.554 0.24205 1.15544 2 
-8.980 12.988 6.84852 -0.07302 2 
-6.414 12.988 6.68178 -0.07974 2 
-3.848 12.988 6.72536 -0.00889 2 
-1.283 12.988 6.33123 0.15769 2 
1.283 12.988 6.61803 0.36928 2 
3.848 12.988 6.22086 0.38606 2 
6.414 12.988 0.00000 -0.00000 0 
8.980 12.988 0.00000 -0.00000 0 
11.545 12.988 0.00000 -0.00000 0 
14.111 12.988 0.00000 -0.00000 0 
16.676 12.988 3.70204 0.68350 2 
19.242 12.988 7.40408 1.36701 2 
21.808 12.988 6.74028 1.50602 2 
24.373 12.988 6.77221 1.40924 2 
26.939 12.988 6.91064 1.44916 2 
29.504 12.988 7.04907 1.48909 2 
32.070 12.988 7.45030 1.51412 2 
34.636 12.988 3.70244 0.71209 2 
37.201 12.988 8.18733 2.04136 2 
39.767 12.988 7.84977 1.33664 2 
42.332 12.988 0.00000 -0.00000 0 
44.898 12.988 0.00000 -0.00000 0 
47.464 12.988 0.00000 -0.00000 0 
50.029 12.988 0.00000 -0.00000 0 
52.595 12.988 0.00000 -0.00000 0 
55.160 12.988 0.00000 -0.00000 0 
57.726 12.988 0.00000 -0.00000 0 
60.292 12.988 0.00000 -0.00000 0 
62.857 12.988 0.00000 -0.00000 0 
65.423 12.988 0.00000 -0.00000 0 
67.988 12.988 0.00000 -0.00000 0 
70.554 12.988 0.00000 -0.00000 0 
73.120 12.988 0.00000 -0.00000 0 
75.685 12.988 -1.62800 0.09988 2 
78.251 12.988 -1.78845 -0.03142 2 
80.816 12.988 -2.23223 0.05344 2 
83.382 12.988 -2.95935 0.35447 2 
85.948 12.988 -3.58048 0.47716 2 
88.513 12.988 -2.85534 0.97442 2 
91.079 12.988 -2.65852 0.33592 2 
93.644 12.988 -2.61920 0.46567 2 
96.210 12.988 -2.57987 0.59543 2 
98.776 12.988 -3.20179 0.37113 2 
101.341 12.988 -1.72731 1.08163 2 
103.907 12.988 -0.25283 1.79213 2 
106.472 12.988 -0.04739 3.67726 2 
109.038 12.988 1.78614 3.87444 2 
111.603 12.988 3.59404 2.36842 2 
114.169 12.988 5.40195 0.86240 2 
116.735 12.988 5.15841 -0.46269 2 
119.300 12.988 0.11507 1.71556 2 
-8.980 10.423 6.72640 -0.22828 2 
-6.414 10.423 6.57841 -0.08625 2 
-3.848 10.423 6.34919 -0.03037 2 
-1.283 10.423 6.44102 -0.01531 2 
1.283 10.423 6.51885 0.16967 2 
3.848 10.423 5.83563 0.27987 2 
6.414 10.423 2.91782 0.13994 2 
8.980 10.423 0.00000 -0.00000 0 
11.545 10.423 0.00000 -0.00000 0 
14.111 10.423 0.00000 -0.00000 0 
16.676 10.423 2.96163 0.54680 2 
19.242 10.423 4.93605 0.91134 2 
21.808 10.423 7.10624 1.73480 2 
24.373 10.423 7.36205 1.61704 2 
26.939 10.423 4.80370 1.03537 2 
29.504 10.423 3.52453 0.74454 2 
32.070 10.423 0.00000 -0.00000 0 
34.636 10.423 0.00000 -0.00000 0 
37.201 10.423 0.00000 -0.00000 0 
39.767 10.423 0.00000 -0.00000 0 
42.332 10.423 0.00000 -0.00000 0 
44.898 10.423 0.00000 -0.00000 0 
47.464 10.423 0.00000 -0.00000 0 
50.029 10.423 0.00000 -0.00000 0 
52.595 10.423 0.00000 -0.00000 0 
55.160 10.423 0.00000 -0.00000 0 
57.726 10.423 0.00000 -0.00000 0 
60.292 10.423 0.00000 -0.00000 0 
62.857 10.423 0.00000 -0.00000 0 
65.423 10.423 0.00000 -0.00000 0 
67.988 10.423 -1.24593 -0.50419 2 
70.554 10.423 -1.16254 -0.10668 2 
73.120 10.423 -1.72121 -0.11349 2 
75.685 10.423 -2.81455 -0.06696 2 
78.251 10.423 -3.58538 -0.49216 2 
80.816 10.423 -3.73735 -0.19414 2 
83.382 10.423 -3.14933 0.25690 2 
85.948 10.423 -2.99663 0.56699 2 
88.513 10.423 -2.84394 0.87708 2 
91.079 10.423 -2.59816 0.81550 2 
93.644 10.423 -2.78602 0.73773 2 
96.210 10.423 -2.97389 0.65997 2 
98.776 10.423 -2.72103 1.67620 2 
101.341 10.423 -1.75951 0.92405 2 
103.907 10.423 0.54196 4.30286 2 
106.472 10.423 0.91748 4.85363 2 
109.038 10.423 0.73474 4.43548 2 
111.603 10.423 0.55200 4.01734 2 
114.169 10.423 1.33171 1.71043 2 
116.735 10.423 2.20511 -0.18845 2 
119.300 10.423 -0.70635 0.42540 2 
-8.980 7.857 6.68250 -0.21621 2 
-6.414 7.857 6.61449 -0.21705 2 
-3.848 7.857 6.45432 -0.23564 2 
-1.283 7.857 6.35621 -0.03204 2 
1.283 7.857 5.95556 -0.04084 2 
3.848 7.857 6.56217 0.21519 2 
6.414 7.857 3.28108 0.10760 2 
8.980 7.857 0.00000 -0.00000 0 
11.545 7.857 0.00000 -0.00000 0 
14.111 7.857 0.00000 -0.00000 2 
16.676 7.857 1.48082 0.27340 2 
19.242 7.857 2.46803 0.45567 2 
21.808 7.857 0.00000 -0.00000 0 
24.373 7.857 0.00000 -0.00000 0 
26.939 7.857 0.00000 -0.00000 0 
29.504 7.857 0.00000 -0.00000 0 
32.070 7.857 0.00000 -0.00000 0 
34.636 7.857 0.00000 -0.00000 0 
37.201 7.857 0.00000 -0.00000 0 
39.767 7.857 0.00000 -0.00000 0 
42.332 7.857 0.00000 -0.00000 0 
44.898 7.857 0.00000 -0.00000 0 
47.464 7.857 0.00000 -0.00000 0 
50.029 7.857 0.00000 -0.00000 0 
52.595 7.857 0.00000 -0.00000 0 
55.160 7.857 0.00000 -0.00000 0 
57.726 7.857 0.00000 -0.00000 0 
60.292 7.857 -0.60435 -0.16598 2 
62.857 7.857 0.17709 0.12664 2 
65.423 7.857 -2.61468 -1.04606 2 
67.988 7.857 -2.49187 -1.00838 2 
70.554 7.857 -2.74646 -1.21003 2 
73.120 7.857 -3.37378 -0.72191 2 
75.685 7.857 -4.00110 -0.23379 2 
78.251 7.857 -3.63347 -0.24619 2 
80.816 7.857 -2.98569 -0.45339 2 
83.382 7.857 -3.14983 -0.09102 2 
85.948 7.857 -3.19783 -0.00768 2 
88.513 7.857 -3.24583 0.07566 2 
91.079 7.857 -3.37031 0.24246 2 
93.644 7.857 -2.29998 0.34877 2 
96.210 7.857 -2.59973 0.24295 2 
98.776 7.857 -3.12997 1.41592 2 
101.341 7.857 -3.20089 3.37269 2 
103.907 7.857 -1.84734 4.38056 2 
106.472 7.857 -1.84834 5.67281 2 
109.038 7.857 -1.68277 4.71496 2 
111.603 7.857 -1.51720 3.75711 2 
114.169 7.857 -2.42811 1.45542 2 
116.735 7.857 -1.37982 2.37467 2 
119.300 7.857 -1.52778 -0.86476 2 
-8.980 5.292 6.69378 -0.32225 2 
-6.414 5.292 6.58163 -0.50946 2 
-3.848 5.292 6.31416 -0.29141 2 
-1.283 5.292 6.15785 -0.42235 2 
1.283 5.292 5.96349 -0.24569 2 
3.848 5.292 6.16242 0.02817 2 
6.414 5.292 3.08121 0.01409 2 
8.980 5.292 0.00000 -0.00000 0 
11.545 5.292 0.00000 -0.00000 0 
14.111 5.292 0.00000 -0.00000 0 
16.676 5.292 0.00000 -0.00000 0 
19.242 5.292 0.00000 -0.00000 0 
21.808 5.292 0.00000 -0.00000 0 
24.373 5.292 0.00000 -0.00000 0 
26.939 5.292 0.00000 -0.00000 0 
29.504 5.292 0.00000 -0.00000 0 
32.070 5.292 0.00000 -0.00000 0 
34.636 5.292 0.00000 -0.00000 0 
37.201 5.292 0.00000 -0.00000 0 
39.767 5.292 0.00000 -0.00000 0 
42.332 5.292 0.00000 -0.00000 0 
44.898 5.292 0.00000 -0.00000 0 
47.464 5.292 0.00000 -0.00000 0 
50.029 5.292 0.00000 -0.00000 0 
52.595 5.292 -0.37436 -0.13346 2 
55.160 5.292 -0.67357 -0.13620 2 
57.726 5.292 -0.96048 -0.37464 2 
60.292 5.292 -1.20871 -0.33196 2 
62.857 5.292 -1.79752 -0.82365 2 
65.423 5.292 -2.09821 -1.44031 2 
67.988 5.292 -2.12346 -0.99953 2 
70.554 5.292 -3.28985 -1.29263 2 
73.120 5.292 -3.86116 -0.10177 2 
75.685 5.292 -3.67569 -0.09410 2 
78.251 5.292 -3.49451 -0.65379 2 
80.816 5.292 -2.75303 -0.52540 2 
83.382 5.292 -3.62533 -0.28143 2 
85.948 5.292 -3.16183 0.62202 2 
88.513 5.292 -3.05850 0.95920 2 
91.079 5.292 -1.86219 -0.06357 2 
93.644 5.292 -2.04736 0.55709 2 
96.210 5.292 -2.37061 1.17423 2 
98.776 5.292 -3.06674 1.18438 2 
101.341 5.292 -2.26615 1.90024 2 
103.907 5.292 -2.44387 2.81599 2 
106.472 5.292 -2.90891 4.17087 2 
109.038 5.292 -1.65238 5.28274 2 
111.603 5.292 -2.81934 3.10447 2 
114.169 5.292 -3.16740 2.01684 2 
116.735 5.292 -3.51545 0.92922 2 
119.300 5.292 -2.85304 -0.07891 2 
-8.980 2.726 6.82839 -0.60824 2 
-6.414 2.726 6.44539 -0.59450 2 
-3.848 2.726 6.38090 -0.48305 2 
-1.283 2.726 6.06421 -0.59403 2 
1.283 2.726 6.08406 -0.51098 2 
3.848 2.726 6.43484 -0.16727 2 
6.414 2.726 0.00000 -0.00000 0 
8.980 2.726 0.00000 -0.00000 0 
11.545 2.726 0.00000 -0.00000 0 
14.111 2.726 0.00000 -0.00000 0 
16.676 2.726 0.00000 -0.00000 0 
19.242 2.726 0.00000 -0.00000 0 
21.808 2.726 0.00000 -0.00000 0 
24.373 2.726 0.00000 -0.00000 0 
26.939 2.726 0.00000 -0.00000 0 
29.504 2.726 0.00000 -0.00000 0 
32.070 2.726 0.00000 -0.00000 0 
34.636 2.726 0.00000 -0.00000 0 
37.201 2.726 0.00000 -0.00000 0 
39.767 2.726 0.00000 -0.00000 0 
42.332 2.726 0.00000 -0.00000 0 
44.898 2.726 0.00000 -0.00000 0 
47.464 2.726 -0.37084 -0.19909 2 
50.029 2.726 -0.01118 -0.04965 2 
52.595 2.726 -0.74873 -0.26692 2 
55.160 2.726 -1.34714 -0.27240 2 
57.726 2.726 -0.39224 -0.24272 2 
60.292 2.726 -0.62013 -0.70250 2 
62.857 2.726 -1.20209 -1.18074 2 
65.423 2.726 -1.58174 -1.83457 2 
67.988 2.726 -1.75506 -0.99068 2 
70.554 2.726 -1.47280 -1.25960 2 
73.120 2.726 -1.94681 -0.51694 2 
75.685 2.726 -3.05101 -0.78209 2 
78.251 2.726 -4.13665 -0.21496 2 
80.816 2.726 -2.52037 -0.59741 2 
83.382 2.726 -3.52286 0.24187 2 
85.948 2.726 -3.45049 0.01050 2 
88.513 2.726 -2.75733 0.27081 2 
91.079 2.726 -1.61276 -0.04599 2 
93.644 2.726 -0.87718 1.24790 2 
96.210 2.726 -1.23498 0.60919 2 
98.776 2.726 -1.17517 1.77596 2 
101.341 2.726 -3.12427 0.95043 2 
103.907 2.726 -3.33301 2.76532 2 
106.472 2.726 -2.80454 2.63372 2 
109.038 2.726 -2.69848 4.50667 2 
111.603 2.726 -2.26940 3.15600 2 
114.169 2.726 -3.12632 1.44652 2 
116.735 2.726 -3.23906 0.72730 2 
119.300 2.726 -1.87300 0.18014 2 
-8.980 0.160 6.71750 -0.59528 2 
-6.414 0.160 6.56045 -0.60334 2 
-3.848 0.160 6.36077 -0.74606 2 
-1.283 0.160 6.10133 -0.69817 2 
1.283 0.160 6.24737 -0.85884 2 
3.848 0.160 0.00000 -0.00000 0 
6.414 0.160 0.00000 -0.00000 0 
8.980 0.160 0.00000 -0.00000 0 
11.545 0.160 0.00000 -0.00000 0 
14.111 0.160 0.00000 -0.00000 0 
16.676 0.160 0.00000 -0.00000 0 
19.242 0.160 0.00000 -0.00000 0 
21.808 0.160 0.00000 -0.00000 0 
24.373 0.160 0.00000 -0.00000 0 
26.939 0.160 0.00000 -0.00000 0 
29.504 0.160 0.00000 -0.00000 0 
32.070 0.160 0.00000 -0.00000 0 
34.636 0.160 0.00000 -0.00000 0 
37.201 0.160 0.00000 -0.00000 0 
39.767 0.160 -0.48964 -0.04379 2 
42.332 0.160 -0.45393 -0.09410 2 
44.898 0.160 -0.27803 -0.28275 2 
47.464 0.160 -0.32326 0.11753 2 
50.029 0.160 -0.84811 -0.68776 2 
52.595 0.160 -1.05724 -0.32099 2 
55.160 0.160 -0.88491 -0.03825 2 
57.726 0.160 -1.67755 -0.41650 2 
60.292 0.160 -1.32451 -1.29596 2 
62.857 0.160 -1.33472 -1.38493 2 
65.423 0.160 -1.33276 -1.92867 2 
67.988 0.160 -1.53095 -1.39132 2 
70.554 0.160 -1.57655 -1.47810 2 
73.120 0.160 -2.56787 -0.53004 2 
75.685 0.160 -2.15287 -0.63697 2 
78.251 0.160 -2.15813 -0.20479 2 
80.816 0.160 -3.39058 -0.12291 2 
83.382 0.160 -3.50312 -0.25650 2 
85.948 0.160 -3.96366 -0.48938 2 
88.513 0.160 -2.45616 -0.41759 2 
91.079 0.160 -1.36332 -0.02840 2 
93.644 0.160 -1.47437 0.26152 2 
96.210 0.160 -1.29754 1.52473 2 
98.776 0.160 -0.76468 0.51275 2 
101.341 0.160 -1.66642 0.79713 2 
103.907 0.160 -2.04471 1.40737 2 
106.472 0.160 -2.70017 1.09657 2 
109.038 0.160 -1.25335 1.51254 2 
111.603 0.160 -1.71946 3.20752 2 
114.169 0.160 -3.08524 0.87621 2 
116.735 0.160 -2.96268 0.52538 2 
119.300 0.160 -0.89296 0.43919 2 
-8.980 -2.405 6.82129 -0.66058 2 
-6.414 -2.405 6.72137 -0.77080 2 
-3.848 -2.405 6.41171 -0.86351 2 
-1.283 -2.405 6.30917 -0.98458 2 
1.283 -2.405 0.00000 -0.00000 0 
3.848 -2.405 0.00000 -0.00000 0 
6.414 -2.405 0.00000 -0.00000 0 
8.980 -2.405 0.00000 -0.00000 0 
11.545 -2.405 0.00000 -0.00000 0 
14.111 -2.405 0.00000 -0.00000 0 
16.676 -2.405 0.00000 -0.00000 0 
19.242 -2.405 0.00000 -0.00000 0 
21.808 -2.405 0.00000 -0.00000 0 
24.373 -2.405 0.00000 -0.00000 0 
26.939 -2.405 0.00000 -0.00000 0 
29.504 -2.405 0.00000 -0.00000 0 
32.070 -2.405 -0.38614 -0.04447 2 
34.636 -2.405 -0.77227 -0.08894 2 
37.201 -2.405 -0.91467 -0.38555 2 
39.767 -2.405 -0.97928 -0.08758 2 
42.332 -2.405 -1.08618 -0.27954 2 
44.898 -2.405 -1.22821 -0.19887 2 
47.464 -2.405 -1.07728 -0.39204 2 
50.029 -2.405 -1.22526 -0.59955 2 
52.595 -2.405 -1.36575 -0.37505 2 
55.160 -2.405 0.01168 -0.43175 2 
57.726 -2.405 -0.78249 -1.18911 2 
60.292 -2.405 -1.75145 -0.54822 2 
62.857 -2.405 -1.52315 -1.50608 2 
65.423 -2.405 -1.14590 -1.93905 2 
67.988 -2.405 -0.96954 -1.46882 2 
70.554 -2.405 -1.68030 -1.69659 2 
73.120 -2.405 -1.23934 -0.93736 2 
75.685 -2.405 -0.86445 -0.13728 2 
78.251 -2.405 -1.37487 -0.38422 2 
80.816 -2.405 -0.29282 -0.69397 2 
83.382 -2.405 -1.02697 0.16378 2 
85.948 -2.405 -1.39750 0.61681 2 
88.513 -2.405 -1.70925 0.83395 2 
91.079 -2.405 -1.00384 0.57984 2 
93.644 -2.405 -1.96127 0.83073 2 
96.210 -2.405 0.22454 2.25248 2 
98.776 -2.405 -0.53652 1.62149 2 
101.341 -2.405 -0.20856 0.64384 2 
103.907 -2.405 0.46588 1.70438 2 
106.472 -2.405 -1.06897 1.34229 2 
109.038 -2.405 -2.09187 2.77161 2 
111.603 -2.405 0.53882 2.09119 2 
114.169 -2.405 0.08155 2.68361 2 
116.735 -2.405 -1.12030 1.08539 2 
119.300 -2.405 0.03816 1.38006 2 
-8.980 -4.971 6.59372 -0.83649 2 
-6.414 -4.971 6.66110 -0.93794 2 
-3.848 -4.971 6.70143 -0.96785 2 
-1.283 -4.971 6.45425 -0.99573 2 
1.283 -4.971 0.00000 -0.00000 0 
3.848 -4.971 0.00000 -0.00000 0 
6.414 -4.971 0.00000 -0.00000 0 
8.980 -4.971 0.00000 -0.00000 0 
11.545 -4.971 0.00000 -0.00000 0 
14.111 -4.971 0.00000 -0.00000 0 
16.676 -4.971 0.00000 -0.00000 0 
19.242 -4.971 0.00000 -0.00000 0 
21.808 -4.971 0.00000 -0.00000 0 
24.373 -4.971 0.08985 -0.16736 2 
26.939 -4.971 0.19773 0.11582 2 
29.504 -4.971 -1.00001 -0.39512 2 
32.070 -4.971 -1.17606 -0.50501 2 
34.636 -4.971 -1.35211 -0.61490 2 
37.201 -4.971 -1.20786 -0.63117 2 
39.767 -4.971 -0.95581 -0.01035 2 
42.332 -4.971 -0.42182 -0.35339 2 
44.898 -4.971 -0.90266 -0.36030 2 
47.464 -4.971 -1.36464 -0.50098 2 
50.029 -4.971 -0.84363 -0.41027 2 
52.595 -4.971 -1.20175 0.13356 2 
55.160 -4.971 -0.45654 -0.35406 2 
57.726 -4.971 -0.50083 -0.84731 2 
60.292 -4.971 -1.64692 -0.85894 2 
62.857 -4.971 0.57219 -0.80277 2 
65.423 -4.971 -1.03191 -1.53600 2 
67.988 -4.971 -1.20097 -1.39303 2 
70.554 -4.971 -1.15763 -1.84559 2 
73.120 -4.971 -0.58563 -0.14945 2 
75.685 -4.971 0.42397 0.36241 2 
78.251 -4.971 0.45470 -0.50197 2 
80.816 -4.971 0.08873 -0.67095 2 
83.382 -4.971 1.44918 0.58406 2 
85.948 -4.971 1.16865 1.72300 2 
88.513 -4.971 1.01370 1.93420 2 
91.079 -4.971 0.33570 2.53483 2 
93.644 -4.971 0.82731 3.46165 2 
96.210 -4.971 1.74662 2.98022 2 
98.776 -4.971 1.72622 2.39029 2 
101.341 -4.971 2.05250 1.66953 2 
103.907 -4.971 2.97648 2.00138 2 
106.472 -4.971 2.32887 1.95131 2 
109.038 -4.971 0.99851 2.32201 2 
111.603 -4.971 -0.33186 2.69272 2 
114.169 -4.971 -0.04368 0.31245 2 
116.735 -4.971 -0.36866 1.68557 2 
119.300 -4.971 -0.29181 -0.77907 2 
-8.980 -7.536 7.00681 -0.85266 2 
-6.414 -7.536 6.78851 -0.91844 2 
-3.848 -7.536 6.63125 -1.20671 2 
-1.283 -7.536 6.70110 -1.32706 2 
1.283 -7.536 6.47824 -1.72728 2 
3.848 -7.536 0.00000 -0.00000 0 
6.414 -7.536 5.48679 -2.71159 2 
8.980 -7.536 6.09549 -4.46087 2 
11.545 -7.536 6.69132 -3.36869 2 
14.111 -7.536 -0.49654 0.19113 2 
16.676 -7.536 -1.24218 0.13950 2 
19.242 -7.536 -1.00368 0.16849 2 
21.808 -7.536 4.58919 -1.31190 2 
24.373 -7.536 2.56640 -0.95244 2 
26.939 -7.536 -1.30090 -0.49890 2 
29.504 -7.536 0.22100 -0.85332 2 
32.070 -7.536 -1.50629 -0.90066 2 
34.636 -7.536 -0.54840 -0.53610 2 
37.201 -7.536 -0.23066 -0.60952 2 
39.767 -7.536 -0.15182 -0.34484 2 
42.332 -7.536 0.24254 -0.42724 2 
44.898 -7.536 -0.57712 -0.52174 2 
47.464 -7.536 -0.51956 -0.37136 2 
50.029 -7.536 -0.46200 -0.22099 2 
52.595 -7.536 -0.32563 0.03256 2 
55.160 -7.536 -0.92477 -0.27637 2 
57.726 -7.536 -0.21917 -0.50550 2 
60.292 -7.536 0.86320 -0.50300 2 
62.857 -7.536 2.66753 -0.09947 2 
65.423 -7.536 1.60219 0.41836 2 
67.988 -7.536 1.18216 -0.46682 2 
70.554 -7.536 1.84220 0.14723 2 
73.120 -7.536 2.46375 -0.21744 2 
75.685 -7.536 1.70331 0.26188 2 
78.251 -7.536 1.54968 -0.42267 2 
80.816 -7.536 1.76228 -0.55640 2 
83.382 -7.536 3.17136 1.79214 2 
85.948 -7.536 3.75266 1.58445 2 
88.513 -7.536 3.07696 2.56974 2 
91.079 -7.536 2.44544 2.12391 2 
93.644 -7.536 2.51583 1.29398 2 
96.210 -7.536 3.45896 3.03899 2 
98.776 -7.536 2.94829 3.08753 2 
101.341 -7.536 0.98269 1.38907 2 
103.907 -7.536 2.67643 1.90072 2 
106.472 -7.536 3.22119 0.86416 2 
109.038 -7.536 2.52415 1.94094 2 
111.603 -7.536 1.82710 3.01771 2 
114.169 -7.536 -0.00552 -0.77745 2 
116.735 -7.536 0.46177 0.21587 2 
119.300 -7.536 -0.18726 -0.28682 2 
-8.980 -10.102 6.88352 -0.93337 2 
-6.414 -10.102 7.01384 -1.17771 2 
-3.848 -10.102 6.85253 -1.20808 2 
-1.283 -10.102 6.85033 -1.49191 2 
1.283 -10.102 6.72406 -1.68129 2 
3.848 -10.102 6.94259 -2.27730 2 
6.414 -10.102 7.07725 -2.77966 2 
8.980 -10.102 6.84993 -3.52566 2 
11.545 -10.102 8.23847 -3.51741 2 
14.111 -10.102 8.78059 -3.29471 2 
16.676 -10.102 9.46442 -3.20931 2 
19.242 -10.102 8.60398 -0.65325 2 
21.808 -10.102 9.17838 -2.62380 2 
24.373 -10.102 5.04295 -1.73752 2 
26.939 -10.102 0.78644 -0.49423 2 
29.504 -10.102 1.44202 -1.31152 2 
32.070 -10.102 -0.80145 -0.33749 2 
34.636 -10.102 -0.96029 -1.59473 2 
37.201 -10.102 0.31555 -1.01019 2 
39.767 -10.102 1.59140 -0.42565 2 
42.332 -10.102 1.74637 -0.92472 2 
44.898 -10.102 -1.34535 -0.64547 2 
47.464 -10.102 -0.22181 -0.55113 2 
50.029 -10.102 0.90174 -0.45680 2 
52.595 -10.102 2.72885 -0.20806 2 
55.160 -10.102 3.39515 -0.70861 2 
57.726 -10.102 1.83583 -0.91660 2 
60.292 -10.102 2.63469 -0.75530 2 
62.857 -10.102 3.17932 -0.50642 2 
65.423 -10.102 3.04219 -0.01974 2 
67.988 -10.102 3.45451 -0.38496 2 
70.554 -10.102 4.63983 0.09539 2 
73.120 -10.102 3.86326 0.01712 2 
75.685 -10.102 2.98264 0.16136 2 
78.251 -10.102 2.64466 -0.34338 2 
80.816 -10.102 3.34930 -0.40891 2 
83.382 -10.102 5.14634 0.85360 2 
85.948 -10.102 4.73684 1.52055 2 
88.513 -10.102 5.47872 0.84324 2 
91.079 -10.102 4.55519 1.71299 2 
93.644 -10.102 5.85177 2.15120 2 
96.210 -10.102 6.61783 2.72648 2 
98.776 -10.102 5.23433 2.99358 2 
101.341 -10.102 5.42808 1.64004 2 
103.907 -10.102 4.15026 1.25219 2 
106.472 -10.102 3.77293 2.14100 2 
109.038 -10.102 2.57687 1.32699 2 
111.603 -10.102 3.55160 2.45192 2 
114.169 -10.102 0.03264 -1.86734 2 
116.735 -10.102 1.29220 -1.25383 2 
119.300 -10.102 0.69180 -0.75071 2 
-8.980 -12.668 7.22684 -1.04191 2 
-6.414 -12.668 7.09306 -1.08965 2 
-3.848 -12.668 7.22222 -1.21499 2 
-1.283 -12.668 7.12602 -1.37367 2 
1.283 -12.668 7.12731 -1.90690 2 
3.848 -12.668 7.08440 -2.15193 2 
6.414 -12.668 7.35324 -2.42513 2 
8.980 -12.668 7.60438 -2.59044 2 
11.545 -12.668 8.21160 -2.76453 2 
14.111 -12.668 8.65941 -2.79397 2 
16.676 -12.668 8.87520 -2.45798 2 
19.242 -12.668 8.77188 -1.44834 2 
21.808 -12.668 9.50667 -2.04614 2 
24.373 -12.668 9.60122 -1.87009 2 
26.939 -12.668 9.74566 -1.21180 2 
29.504 -12.668 8.91375 -1.62948 2 
32.070 -12.668 4.37495 -1.06114 2 
34.636 -12.668 0.41315 -1.77687 2 
37.201 -12.668 0.91183 -1.73331 2 
39.767 -12.668 1.41052 -1.68974 2 
42.332 -12.668 3.25021 -1.42220 2 
44.898 -12.668 1.35817 -0.24652 2 
47.464 -12.668 3.88801 -1.16393 2 
50.029 -12.668 5.07663 -0.98371 2 
52.595 -12.668 4.93897 -0.03313 2 
55.160 -12.668 5.33149 -0.36507 2 
57.726 -12.668 5.00616 -0.29327 2 
60.292 -12.668 6.00650 0.02003 2 
62.857 -12.668 5.58065 -0.43016 2 
65.423 -12.668 5.54144 0.00082 2 
67.988 -12.668 5.72687 -0.30310 2 
70.554 -12.668 4.90131 -0.24386 2 
73.120 -12.668 4.07575 -0.18462 2 
75.685 -12.668 5.61575 -0.29960 2 
78.251 -12.668 4.33026 0.39395 2 
80.816 -12.668 5.75683 -0.25579 2 
83.382 -12.668 4.04660 -0.68174 2 
85.948 -12.668 4.74274 0.79464 2 
88.513 -12.668 3.63180 0.35679 2 
91.079 -12.668 4.92879 1.18294 2 
93.644 -12.668 4.40295 2.15082 2 
96.210 -12.668 5.73702 3.17629 2 
98.776 -12.668 6.24140 2.31018 2 
101.341 -12.668 5.95622 2.19348 2 
103.907 -12.668 6.25024 1.14065 2 
106.472 -12.668 4.89382 0.57187 2 
109.038 -12.668 2.62959 0.71304 2 
111.603 -12.668 3.02188 1.20739 2 
114.169 -12.668 3.52984 1.86798 2 
116.735 -12.668 3.16334 -0.53964 2 
119.300 -12.668 0.00000 -0.00000 0 
-8.980 -15.233 7.31123 -0.89065 2 
-6.414 -15.233 7.21916 -1.09745 2 
-3.848 -15.233 7.18912 -1.27792 2 
-1.283 -15.233 7.13896 -1.52877 2 
1.283 -15.233 7.26336 -1.76061 2 
3.848 -15.233 7.32306 -2.08918 2 
6.414 -15.233 7.39722 -2.12634 2 
8.980 -15.233 7.83773 -2.36875 2 
11.545 -15.233 8.23669 -2.51514 2 
14.111 -15.233 8.61520 -2.45147 2 
16.676 -15.233 8.84772 -2.22723 2 
19.242 -15.233 8.93978 -2.24343 2 
21.808 -15.233 9.26431 -2.19759 2 
24.373 -15.233 9.33103 -1.91260 2 
26.939 -15.233 9.15338 -1.75546 2 
29.504 -15.233 9.47572 -1.81637 2 
32.070 -15.233 9.55134 -1.78480 2 
34.636 -15.233 9.21326 -2.00748 2 
37.201 -15.233 8.73289 -1.77786 2 
39.767 -15.233 8.25252 -1.54824 2 
42.332 -15.233 9.35919 -0.73416 2 
44.898 -15.233 8.26815 -0.59704 2 
47.464 -15.233 6.74300 -0.93946 2 
50.029 -15.233 6.56238 0.20131 2 
52.595 -15.233 7.14910 0.14180 2 
55.160 -15.233 7.26784 -0.02152 2 
57.726 -15.233 8.17648 0.33005 2 
60.292 -15.233 7.84165 -0.13846 2 
62.857 -15.233 7.98198 -0.35391 2 
65.423 -15.233 8.04069 0.02139 2 
67.988 -15.233 9.18415 -0.32725 2 
70.554 -15.233 8.00475 -0.39515 2 
73.120 -15.233 7.04053 0.23228 2 
75.685 -15.233 8.41777 0.60526 2 
78.251 -15.233 7.98988 0.42031 2 
80.816 -15.233 8.16436 -0.10268 2 
83.382 -15.233 6.48852 -0.16907 2 
85.948 -15.233 7.40272 1.27891 2 
88.513 -15.233 6.03338 0.67690 2 
91.079 -15.233 6.90075 1.37668 2 
93.644 -15.233 7.04380 2.38392 2 
96.210 -15.233 6.96419 3.00023 2 
98.776 -15.233 7.31320 2.82201 2 
101.341 -15.233 7.06616 1.68353 2 
103.907 -15.233 6.19254 1.20443 2 
106.472 -15.233 5.86402 0.27862 2 
109.038 -15.233 3.98532 0.22042 2 
111.603 -15.233 2.49216 -0.03713 2 
114.169 -15.233 2.92937 2.68152 2 
116.735 -15.233 5.05569 0.92482 2 
119.300 -15.233 0.00000 -0.00000 0 
-8.980 -17.799 7.34904 -1.02960 2 
-6.414 -17.799 7.42424 -1.22931 2 
-3.848 -17.799 7.34632 -1.30254 2 
-1.283 -17.799 7.29941 -1.38364 2 
1.283 -17.799 7.41382 -1.62183 2 
3.848 -17.799 7.54398 -1.81121 2 
6.414 -17.799 7.85424 -1.93624 2 
8.980 -17.799 8.04516 -2.02674 2 
11.545 -17.799 8.22879 -2.24103 2 
14.111 -17.799 8.50162 -2.23633 2 
16.676 -17.799 8.79506 -2.16731 2 
19.242 -17.799 8.89377 -2.05481 2 
21.808 -17.799 8.89360 -1.88259 2 
24.373 -17.799 9.19224 -1.62989 2 
26.939 -17.799 9.21957 -1.69586 2 
29.504 -17.799 9.35583 -1.70583 2 
32.070 -17.799 9.35480 -1.51946 2 
34.636 -17.799 9.72199 -1.78488 2 
37.201 -17.799 9.84529 -1.41546 2 
39.767 -17.799 8.91516 -1.19743 2 
42.332 -17.799 10.15220 -0.83808 2 
44.898 -17.799 10.17693 -0.72069 2 
47.464 -17.799 9.90636 -0.79665 2 
50.029 -17.799 9.56214 -0.31961 2 
52.595 -17.799 8.44146 -0.04785 2 
55.160 -17.799 9.20419 0.32202 2 
57.726 -17.799 9.18736 -0.12478 2 
60.292 -17.799 9.67681 -0.29694 2 
62.857 -17.799 10.38331 -0.27765 2 
65.423 -17.799 10.53994 0.04196 2 
67.988 -17.799 10.72933 -0.29219 2 
70.554 -17.799 9.28524 -0.26973 2 
73.120 -17.799 10.00531 0.64917 2 
75.685 -17.799 9.20723 0.99393 2 
78.251 -17.799 9.02929 0.39202 2 
80.816 -17.799 8.22675 0.34925 2 
83.382 -17.799 9.20332 0.42143 2 
85.948 -17.799 10.06270 1.76318 2 
88.513 -17.799 8.43496 0.99701 2 
91.079 -17.799 9.43840 1.55842 2 
93.644 -17.799 9.15244 2.56340 2 
96.210 -17.799 7.87514 2.57400 2 
98.776 -17.799 7.72619 2.39874 2 
101.341 -17.799 7.51291 1.80484 2 
103.907 -17.799 6.89825 0.69920 2 
106.472 -17.799 6.95775 0.41303 2 
109.038 -17.799 7.07282 0.74153 2 
111.603 -17.799 5.42225 0.38138 2 
114.169 -17.799 3.07589 1.40770 2 
116.735 -17.799 5.39228 0.24119 2 
119.300 -17.799 0.00000 -0.00000 0 
-8.980 -20.364 7.20683 -0.94610 2 
-6.414 -20.364 7.45963 -1.15028 2 
-3.848 -20.364 7.28581 -1.16633 2 
-1.283 -20.364 7.50602 -1.46447 2 
1.283 -20.364 7.62205 -1.50563 2 
3.848 -20.364 7.71773 -1.76676 2 
6.414 -20.364 7.84727 -1.81930 2 
8.980 -20.364 8.10027 -1.82266 2 
11.545 -20.364 8.34270 -2.00252 2 
14.111 -20.364 8.58020 -1.84034 2 
16.676 -20.364 8.66184 -1.95585 2 
19.242 -20.364 8.78747 -1.90052 2 
21.808 -20.364 8.94713 -1.83861 2 
24.373 -20.364 8.99164 -1.64480 2 
26.939 -20.364 9.13461 -1.50770 2 
29.504 -20.364 9.19213 -1.45999 2 
32.070 -20.364 9.48231 -1.38477 2 
34.636 -20.364 9.36571 -1.35361 2 
37.201 -20.364 9.74885 -1.17929 2 
39.767 -20.364 9.57779 -0.84662 2 
42.332 -20.364 9.54026 -0.94049 2 
44.898 -20.364 9.79893 -0.82531 2 
47.464 -20.364 9.72824 -0.64082 2 
50.029 -20.364 9.84164 -0.43826 2 
52.595 -20.364 9.73382 -0.23751 2 
55.160 -20.364 9.58833 -0.36174 2 
57.726 -20.364 9.43862 -0.63226 2 
60.292 -20.364 9.67546 -0.65142 2 
62.857 -20.364 9.89181 -0.50642 2 
65.423 -20.364 10.20374 -0.31592 2 
67.988 -20.364 10.46384 -0.18400 2 
70.554 -20.364 10.56574 -0.14431 2 
73.120 -20.364 10.31398 0.40218 2 
75.685 -20.364 10.31838 0.25291 2 
78.251 -20.364 10.06871 0.36372 2 
80.816 -20.364 10.16963 0.92252 2 
83.382 -20.364 10.48112 1.14489 2 
85.948 -20.364 9.98575 1.34207 2 
88.513 -20.364 9.52607 1.41977 2 
91.079 -20.364 9.80270 1.62845 2 
93.644 -20.364 9.48357 2.09865 2 
96.210 -20.364 8.78610 2.14776 2 
98.776 -20.364 8.61907 1.79443 2 
101.341 -20.364 7.91084 1.46742 2 
103.907 -20.364 7.69201 0.99422 2 
106.472 -20.364 8.05148 0.54745 2 
109.038 -20.364 8.02384 0.41081 2 
111.603 -20.364 8.35234 0.79989 2 
114.169 -20.364 7.75656 0.73549 2 
116.735 -20.364 7.75594 -0.15354 2 
119.300 -20.364 0.00000 -0.00000 0 
-8.980 -22.930 7.47575 -1.01502 2 
-6.414 -22.930 7.57707 -1.08106 2 
-3.848 -22.930 7.52662 -1.09247 2 
-1.283 -22.930 7.58277 -1.23438 2 
1.283 -22.930 7.62283 -1.34493 2 
3.848 -22.930 7.77983 -1.58820 2 
6.414 -22.930 7.99061 -1.60400 2 
8.980 -22.930 8.10330 -1.63904 2 
11.545 -22.930 8.16918 -1.85850 2 
14.111 -22.930 8.51329 -1.70416 2 
16.676 -22.930 8.71427 -1.69757 2 
19.242 -22.930 8.76684 -1.68775 2 
21.808 -22.930 8.80693 -1.58345 2 
24.373 -22.930 9.02324 -1.58068 2 
26.939 -22.930 8.86046 -1.44245 2 
29.504 -22.930 9.18480 -1.31123 2 
32.070 -22.930 9.17017 -1.32634 2 
34.636 -22.930 9.48883 -1.38531 2 
37.201 -22.930 9.28469 -0.95177 2 
39.767 -22.930 9.45095 -1.05532 2 
42.332 -22.930 9.58684 -0.81442 2 
44.898 -22.930 9.43715 -0.80166 2 
47.464 -22.930 9.70402 -0.67394 2 
50.029 -22.930 9.63330 -0.49161 2 
52.595 -22.930 9.48855 -0.56241 2 
55.160 -22.930 9.79708 -0.55914 2 
57.726 -22.930 9.35103 -0.60552 2 
60.292 -22.930 9.72408 -0.51067 2 
62.857 -22.930 9.94137 -0.59664 2 
65.423 -22.930 10.00561 -0.36254 2 
67.988 -22.930 10.12027 -0.17911 2 
70.554 -22.930 10.23122 0.10734 2 
73.120 -22.930 10.19541 0.43500 2 
75.685 -22.930 10.00179 0.58609 2 
78.251 -22.930 9.95420 0.53185 2 
80.816 -22.930 10.22243 0.67908 2 
83.382 -22.930 10.02387 0.92736 2 
85.948 -22.930 9.70861 1.13286 2 
88.513 -22.930 9.62281 1.21112 2 
91.079 -22.930 9.25082 1.35893 2 
93.644 -22.930 9.22078 1.51847 2 
96.210 -22.930 8.85538 1.48061 2 
98.776 -22.930 8.52635 1.66402 2 
101.341 -22.930 8.27121 1.38410 2 
103.907 -22.930 8.19079 1.00750 2 
106.472 -22.930 7.82395 1.07134 2 
109.038 -22.930 8.25081 0.70663 2 
111.603 -22.930 8.10187 0.64327 2 
114.169 -22.930 8.06305 0.64788 2 
116.735 -22.930 8.00911 0.62590 2 
119.300 -22.930 0.00000 -0.00000 0 
-8.980 -25.496 7.44144 -0.82565 2 
-6.414 -25.496 7.49683 -1.16179 2 
-3.848 -25.496 7.80534 -1.07249 2 
-1.283 -25.496 7.64196 -1.16417 2 
1.283 -25.496 7.88355 -1.38911 2 
3.848 -25.496 7.95111 -1.32592 2 
6.414 -25.496 8.11196 -1.41624 2 
8.980 -25.496 8.10042 -1.47419 2 
11.545 -25.496 8.46222 -1.45829 2 
14.111 -25.496 8.47930 -1.59467 2 
16.676 -25.496 8.64077 -1.52888 2 
19.242 -25.496 8.69416 -1.54699 2 
21.808 -25.496 8.91957 -1.45766 2 
24.373 -25.496 8.95654 -1.36185 2 
26.939 -25.496 9.04508 -1.43800 2 
29.504 -25.496 9.16052 -1.21999 2 
32.070 -25.496 9.26363 -1.10632 2 
34.636 -25.496 9.12723 -1.14075 2 
37.201 -25.496 9.37582 -1.11888 2 
39.767 -25.496 9.38428 -0.80596 2 
42.332 -25.496 9.44629 -0.91209 2 
44.898 -25.496 9.57712 -0.65027 2 
47.464 -25.496 9.38762 -0.79413 2 
50.029 -25.496 9.52218 -0.54708 2 
52.595 -25.496 9.43039 -0.55272 2 
55.160 -25.496 9.37733 -0.60590 2 
57.726 -25.496 9.51906 -0.28768 2 
60.292 -25.496 9.51841 -0.45227 2 
62.857 -25.496 9.85385 -0.67816 2 
65.423 -25.496 10.00964 -0.37184 2 
67.988 -25.496 10.21289 -0.07699 2 
70.554 -25.496 9.82375 0.12938 2 
73.120 -25.496 10.12978 0.37360 2 
75.685 -25.496 9.81800 0.44318 2 
78.251 -25.496 9.86619 0.62071 2 
80.816 -25.496 9.82558 0.81420 2 
83.382 -25.496 9.69585 0.73015 2 
85.948 -25.496 9.62103 0.97424 2 
88.513 -25.496 9.39994 1.02820 2 
91.079 -25.496 9.38512 1.16235 2 
93.644 -25.496 9.05062 1.35905 2 
96.210 -25.496 8.91556 1.35367 2 
98.776 -25.496 8.66884 1.36460 2 
101.341 -25.496 8.62262 1.00961 2 
103.907 -25.496 8.33885 1.06097 2 
106.472 -25.496 8.50449 0.92248 2 
109.038 -25.496 8.39892 0.73068 2 
111.603 -25.496 8.09239 0.83868 2 
114.169 -25.496 8.14990 0.76634 2 
116.735 -25.496 8.37224 0.49709 2 
119.300 -25.496 0.00000 -0.00000 0 
-8.980 -28.061 7.53623 -1.00815 2 
-6.414 -28.061 7.57385 -0.97136 2 
-3.848 -28.061 7.67279 -1.08293 2 
-1.283 -28.061 7.72247 -1.15064 2 
1.283 -28.061 7.87348 -1.33339 2 
3.848 -28.061 7.87273 -1.25437 2 
6.414 -28.061 8.03772 -1.42512 2 
8.980 -28.061 8.15431 -1.38902 2 
11.545 -28.061 8.39716 -1.44481 2 
14.111 -28.061 8.50242 -1.33686 2 
16.676 -28.061 8.62316 -1.44150 2 
19.242 -28.061 8.65657 -1.32381 2 
21.808 -28.061 8.78114 -1.37748 2 
24.373 -28.061 8.81081 -1.26984 2 
26.939 -28.061 8.97777 -1.23897 2 
29.504 -28.061 9.07632 -1.15057 2 
32.070 -28.061 8.88434 -1.18856 2 
34.636 -28.061 9.19995 -0.91304 2 
37.201 -28.061 9.23655 -0.87847 2 
39.767 -28.061 9.13183 -0.90533 2 
42.332 -28.061 9.42966 -0.68902 2 
44.898 -28.061 9.43062 -0.84089 2 
47.464 -28.061 9.37360 -0.57305 2 
50.029 -28.061 9.45913 -0.74568 2 
52.595 -28.061 9.29852 -0.56609 2 
55.160 -28.061 9.57818 -0.56714 2 
57.726 -28.061 9.59563 -0.44952 2 
60.292 -28.061 9.69503 -0.54571 2 
62.857 -28.061 9.53356 -0.33892 2 
65.423 -28.061 9.80446 -0.16434 2 
67.988 -28.061 9.65611 -0.00283 2 
70.554 -28.061 9.96807 0.05922 2 
73.120 -28.061 9.90413 0.15556 2 
75.685 -28.061 9.50268 0.43944 2 
78.251 -28.061 9.59061 0.62547 2 
80.816 -28.061 9.40773 0.63401 2 
83.382 -28.061 9.72978 0.67875 2 
85.948 -28.061 9.44112 0.81819 2 
88.513 -28.061 9.31918 0.94561 2 
91.079 -28.061 9.01377 1.06202 2 
93.644 -28.061 9.02734 1.03544 2 
96.210 -28.061 8.84065 1.08673 2 
98.776 -28.061 8.64799 0.90848 2 
101.341 -28.061 8.61277 1.15662 2 
103.907 -28.061 8.56538 0.92098 2 
106.472 -28.061 8.38710 0.96012 2 
109.038 -28.061 8.34791 0.84030 2 
111.603 -28.061 8.29263 0.76541 2 
114.169 -28.061 8.17834 0.69742 2 
116.735 -28.061 8.43998 0.75927 2 
119.300 -28.061 0.00000 -0.00000 0 
-8.980 -30.627 7.42422 -0.95073 2 
-6.414 -30.627 7.86544 -1.06373 2 
-3.848 -30.627 7.78371 -0.87342 2 
-1.283 -30.627 7.83692 -1.01657 2 
1.283 -30.627 8.00442 -1.10590 2 
3.848 -30.627 8.00223 -1.29410 2 
6.414 -30.627 8.09952 -1.21635 2 
8.980 -30.627 8.28819 -1.21816 2 
11.545 -30.627 8.34855 -1.32943 2 
14.111 -30.627 8.52004 -1.35382 2 
16.676 -30.627 8.50558 -1.17553 2 
19.242 -30.627 8.69149 -1.33173 2 
21.808 -30.627 8.70628 -0.94974 2 
24.373 -30.627 8.86178 -1.29889 2 
26.939 -30.627 8.88962 -1.18630 2 
29.504 -30.627 8.92489 -1.05461 2 
32.070 -30.627 9.06050 -0.96543 2 
34.636 -30.627 8.98183 -0.93174 2 
37.201 -30.627 9.19000 -0.96206 2 
39.767 -30.627 9.24388 -0.91592 2 
42.332 -30.627 9.20752 -0.79393 2 
44.898 -30.627 9.16025 -0.71838 2 
47.464 -30.627 9.25335 -0.58791 2 
50.029 -30.627 9.45918 -0.61487 2 
52.595 -30.627 9.30753 -0.42737 2 
55.160 -30.627 9.36677 -0.27881 2 
57.726 -30.627 9.35316 -0.44415 2 
60.292 -30.627 9.57816 -0.28283 2 
62.857 -30.627 9.54497 -0.16895 2 
65.423 -30.627 9.58546 -0.21362 2 
67.988 -30.627 9.67364 -0.16205 2 
70.554 -30.627 9.61336 0.21188 2 
73.120 -30.627 9.60724 0.47657 2 
75.685 -30.627 9.69972 0.31445 2 
78.251 -30.627 9.65737 0.53130 2 
80.816 -30.627 9.46052 0.56747 2 
83.382 -30.627 9.33998 0.77369 2 
85.948 -30.627 9.31029 0.83284 2 
88.513 -30.627 9.17340 0.85398 2 
91.079 -30.627 9.06857 0.85627 2 
93.644 -30.627 9.03486 0.88525 2 
96.210 -30.627 8.82684 0.93799 2 
98.776 -30.627 8.81939 1.02514 2 
101.341 -30.627 8.76552 0.92674 2 
103.907 -30.627 8.57859 0.87862 2 
106.472 -30.627 8.42943 0.85641 2 
109.038 -30.627 8.47902 0.86910 2 
111.603 -30.627 8.39071 0.63163 2 
114.169 -30.627 8.27659 0.83346 2 
116.735 -30.627 8.62180 0.44626 2 
119.300 -30.627 0.00000 -0.00000 0 
-8.980 -33.192 7.69947 -0.94411 2 
-6.414 -33.192 7.74527 -0.81770 2 
-3.848 -33.192 7.80601 -1.07579 2 
-1.283 -33.192 7.93733 -1.00479 2 
1.283 -33.192 7.93673 -1.11067 2 
3.848 -33.192 8.11485 -1.11301 2 
6.414 -33.192 8.08059 -1.09223 2 
8.980 -33.192 8.14401 -1.21736 2 
11.545 -33.192 8.42142 -1.17039 2 
14.111 -33.192 8.52711 -1.13806 2 
16.676 -33.192 8.52542 -1.18703 2 
19.242 -33.192 8.73451 -1.15236 2 
21.808 -33.192 8.74862 -1.25133 2 
24.373 -33.192 8.79389 -0.81154 2 
26.939 -33.192 8.75141 -1.00185 2 
29.504 -33.192 8.96801 -1.11586 2 
32.070 -33.192 8.99618 -0.83696 2 
34.636 -33.192 9.07251 -0.89583 2 
37.201 -33.192 9.05621 -0.88507 2 
39.767 -33.192 9.14515 -0.92621 2 
42.332 -33.192 9.03442 -0.61089 2 
44.898 -33.192 9.16439 -0.65236 2 
47.464 -33.192 9.31642 -0.77060 2 
50.029 -33.192 9.21100 -0.59792 2 
52.595 -33.192 9.28528 -0.71705 2 
55.160 -33.192 9.23971 -0.48576 2 
57.726 -33.192 9.49124 -0.33391 2 
60.292 -33.192 9.37583 -0.39091 2 
62.857 -33.192 9.34618 -0.17233 2 
65.423 -33.192 9.42632 -0.10076 2 
67.988 -33.192 9.47096 0.06537 2 
70.554 -33.192 9.57985 -0.15424 2 
73.120 -33.192 9.51992 0.21061 2 
75.685 -33.192 9.54948 0.35876 2 
78.251 -33.192 9.51561 0.55023 2 
80.816 -33.192 9.28593 0.79109 2 
83.382 -33.192 9.34859 0.62531 2 
85.948 -33.192 9.27434 0.77584 2 
88.513 -33.192 9.08105 0.82551 2 
91.079 -33.192 8.95133 0.86715 2 
93.644 -33.192 8.92069 0.79161 2 
96.210 -33.192 8.75211 0.91328 2 
98.776 -33.192 8.66787 0.79452 2 
101.341 -33.192 8.73499 0.77236 2 
103.907 -33.192 8.62519 0.95514 2 
106.472 -33.192 8.48832 0.97010 2 
109.038 -33.192 8.51731 0.52723 2 
111.603 -33.192 8.45603 0.88942 2 
114.169 -33.192 8.35065 0.63992 2 
116.735 -33.192 8.70317 0.52548 2 
119.300 -33.192 0.00000 -0.00000 0 
-8.980 -35.758 7.66060 -0.90481 2 
-6.414 -35.758 7.86423 -0.94390 2 
-3.848 -35.758 7.85036 -0.83492 2 
-1.283 -35.758 8.01863 -0.96421 2 
1.283 -35.758 8.01439 -1.06675 2 
3.848 -35.758 8.12887 -0.95336 2 
6.414 -35.758 8.24556 -1.10099 2 
8.980 -35.758 8.23710 -1.07755 2 
11.545 -35.758 8.34056 -0.93035 2 
14.111 -35.758 8.51377 -0.99861 2 
16.676 -35.758 8.52901 -1.20149 2 
19.242 -35.758 8.61747 -0.98527 2 
21.808 -35.758 8.82966 -1.01093 2 
24.373 -35.758 8.72726 -0.98972 2 
26.939 -35.758 8.82318 -0.91600 2 
29.504 -35.758 8.86766 -0.95198 2 
32.070 -35.758 8.75481 -0.88988 2 
34.636 -35.758 8.98991 -0.85984 2 
37.201 -35.758 9.14797 -0.74084 2 
39.767 -35.758 9.16825 -0.86793 2 
42.332 -35.758 9.15210 -0.71109 2 
44.898 -35.758 9.17087 -0.55764 2 
47.464 -35.758 9.33170 -0.66036 2 
50.029 -35.758 9.14687 -0.62373 2 
52.595 -35.758 9.28755 -0.42117 2 
55.160 -35.758 9.23343 -0.43390 2 
57.726 -35.758 9.37889 -0.31819 2 
60.292 -35.758 9.24685 -0.35442 2 
62.857 -35.758 9.36086 -0.21576 2 
65.423 -35.758 9.31641 -0.05579 2 
67.988 -35.758 9.51461 -0.07689 2 
70.554 -35.758 9.24053 0.32069 2 
73.120 -35.758 9.27881 0.11143 2 
75.685 -35.758 9.33242 0.44565 2 
78.251 -35.758 9.15168 0.42549 2 
80.816 -35.758 9.33525 0.55999 2 
83.382 -35.758 9.11407 0.67515 2 
85.948 -35.758 9.29133 0.56464 2 
88.513 -35.758 8.89437 0.83824 2 
91.079 -35.758 8.95241 0.75373 2 
93.644 -35.758 8.94579 0.82411 2 
96.210 -35.758 8.80681 0.71666 2 
98.776 -35.758 8.83526 0.83424 2 
101.341 -35.758 8.78465 0.92116 2 
103.907 -35.758 8.51167 0.71707 2 
106.472 -35.758 8.51165 0.76927 2 
109.038 -35.758 8.47128 0.88897 2 
111.603 -35.758 8.41880 0.66867 2 
114.169 -35.758 8.38285 0.49550 2 
116.735 -35.758 8.78455 0.60469 2 
119.300 -35.758 0.00000 -0.00000 0 
-8.980 -38.324 7.85374 -0.70970 2 
-6.414 -38.324 7.96594 -0.90122 2 
-3.848 -38.324 8.06242 -0.88934 2 
-1.283 -38.324 7.97706 -1.00858 2 
1.283 -38.324 8.04025 -0.88334 2 
3.848 -38.324 8.02239 -0.97140 2 
6.414 -38.324 8.24679 -0.91099 2 
8.980 -38.324 8.36347 -1.07462 2 
11.545 -38.324 8.48990 -1.00774 2 
14.111 -38.324 8.42984 -1.05522 2 
16.676 -38.324 8.45878 -0.83167 2 
19.242 -38.324 8.65906 -1.01353 2 
21.808 -38.324 8.57548 -0.91101 2 
24.373 -38.324 8.81074 -1.02221 2 
26.939 -38.324 8.68823 -0.67571 2 
29.504 -38.324 8.95860 -0.92596 2 
32.070 -38.324 8.96852 -0.87780 2 
34.636 -38.324 8.84654 -0.84220 2 
37.201 -38.324 8.98158 -0.82894 2 
39.767 -38.324 8.86994 -0.71049 2 
42.332 -38.324 9.10220 -0.71170 2 
44.898 -38.324 9.06022 -0.60058 2 
47.464 -38.324 9.16714 -0.68026 2 
50.029 -38.324 9.22094 -0.50859 2 
52.595 -38.324 9.10786 -0.61947 2 
55.160 -38.324 9.20713 -0.48256 2 
57.726 -38.324 9.04341 -0.37794 2 
60.292 -38.324 9.29975 -0.27048 2 
62.857 -38.324 9.21901 -0.25521 2 
65.423 -38.324 9.23821 -0.15490 2 
67.988 -38.324 9.32035 -0.20784 2 
70.554 -38.324 9.13052 -0.05192 2 
73.120 -38.324 9.27169 0.24991 2 
75.685 -38.324 9.27975 0.36767 2 
78.251 -38.324 9.18660 0.42348 2 
80.816 -38.324 9.17873 0.45632 2 
83.382 -38.324 9.09386 0.55941 2 
85.948 -38.324 9.00037 0.61315 2 
88.513 -38.324 9.16733 0.63563 2 
91.079 -38.324 8.92890 0.67216 2 
93.644 -38.324 8.92495 0.56673 2 
96.210 -38.324 8.82419 0.74345 2 
98.776 -38.324 8.75448 0.84145 2 
101.341 -38.324 8.72116 0.73163 2 
103.907 -38.324 8.71620 0.83924 2 
106.472 -38.324 8.59930 0.62789 2 
109.038 -38.324 8.51737 0.70234 2 
111.603 -38.324 8.56922 0.63434 2 
114.169 -38.324 8.63957 0.79604 2 
116.735 -38.324 8.93763 0.55787 2 
119.300 -38.324 0.00000 -0.00000 0 
-8.980 -40.889 8.02671 -0.72446 2 
-6.414 -40.889 7.88084 -0.81136 2 
-3.848 -40.889 7.93610 -0.84446 2 
-1.283 -40.889 8.13192 -0.85159 2 
1.283 -40.889 8.11656 -0.85506 2 
3.848 -40.889 8.17468 -0.86567 2 
6.414 -40.889 8.18636 -0.93834 2 
8.980 -40.889 8.29676 -0.92797 2 
11.545 -40.889 8.32392 -0.94290 2 
14.111 -40.889 8.40604 -0.98917 2 
16.676 -40.889 8.58750 -0.96341 2 
19.242 -40.889 8.60105 -0.89715 2 
21.808 -40.889 8.73785 -0.91671 2 
24.373 -40.889 8.62529 -0.88950 2 
26.939 -40.889 8.72625 -0.98554 2 
29.504 -40.889 8.84696 -0.83348 2 
32.070 -40.889 8.68226 -0.82897 2 
34.636 -40.889 8.99986 -0.71291 2 
37.201 -40.889 8.89952 -0.81465 2 
39.767 -40.889 9.02519 -0.64961 2 
42.332 -40.889 8.90529 -0.66107 2 
44.898 -40.889 9.03147 -0.60870 2 
47.464 -40.889 8.99793 -0.40538 2 
50.029 -40.889 9.20043 -0.46617 2 
52.595 -40.889 8.83033 -0.47319 2 
55.160 -40.889 9.27203 -0.44859 2 
57.726 -40.889 9.11394 -0.25439 2 
60.292 -40.889 9.23749 -0.19158 2 
62.857 -40.889 9.18372 -0.24551 2 
65.423 -40.889 9.14559 -0.15849 2 
67.988 -40.889 9.20892 0.01595 2 
70.554 -40.889 9.20504 0.03006 2 
73.120 -40.889 9.13543 0.31541 2 
75.685 -40.889 9.22605 0.26867 2 
78.251 -40.889 9.12972 0.38511 2 
80.816 -40.889 9.12520 0.33625 2 
83.382 -40.889 9.13714 0.40722 2 
85.948 -40.889 8.93799 0.62563 2 
88.513 -40.889 9.07179 0.63949 2 
91.079 -40.889 8.88844 0.70024 2 
93.644 -40.889 8.98101 0.64282 2 
96.210 -40.889 8.73706 0.53605 2 
98.776 -40.889 8.68987 0.69334 2 
101.341 -40.889 8.66709 0.69236 2 
103.907 -40.889 8.67656 0.69802 2 
106.472 -40.889 8.55117 0.59956 2 
109.038 -40.889 8.56123 0.70548 2 
111.603 -40.889 8.53424 0.59778 2 
114.169 -40.889 8.41584 0.72421 2 
116.735 -40.889 8.83572 0.81007 2 
119.300 -40.889 0.00000 -0.00000 0 
-8.980 -43.455 7.90999 -0.75114 2 
-6.414 -43.455 7.93253 -0.93325 2 
-3.848 -43.455 7.96545 -0.80025 2 
-1.283 -43.455 8.12650 -0.78416 2 
1.283 -43.455 8.15706 -0.88997 2 
3.848 -43.455 8.17143 -0.91678 2 
6.414 -43.455 8.15472 -0.85984 2 
8.980 -43.455 8.33548 -0.91051 2 
11.545 -43.455 8.26524 -0.65496 2 
14.111 -43.455 8.51154 -0.89125 2 
16.676 -43.455 8.49603 -0.84445 2 
19.242 -43.455 8.59245 -0.90495 2 
21.808 -43.455 8.68231 -0.78942 2 
24.373 -43.455 8.69372 -0.93792 2 
26.939 -43.455 8.68250 -0.73944 2 
29.504 -43.455 8.84232 -0.82210 2 
32.070 -43.455 8.71950 -0.73801 2 
34.636 -43.455 8.79189 -0.79949 2 
37.201 -43.455 8.93593 -0.81123 2 
39.767 -43.455 8.84415 -0.67285 2 
42.332 -43.455 8.97986 -0.57107 2 
44.898 -43.455 8.96888 -0.56658 2 
47.464 -43.455 8.94314 -0.60917 2 
50.029 -43.455 9.09373 -0.43494 2 
52.595 -43.455 9.01933 -0.53173 2 
55.160 -43.455 9.14612 -0.33144 2 
57.726 -43.455 9.08279 -0.26637 2 
60.292 -43.455 9.10284 -0.32352 2 
62.857 -43.455 9.16412 -0.11684 2 
65.423 -43.455 9.06867 0.01373 2 
67.988 -43.455 9.13116 0.03807 2 
70.554 -43.455 9.08140 0.08755 2 
73.120 -43.455 9.10148 0.08330 2 
75.685 -43.455 8.96773 0.27196 2 
78.251 -43.455 9.00791 0.33783 2 
80.816 -43.455 9.25411 0.44301 2 
83.382 -43.455 9.01095 0.33860 2 
85.948 -43.455 9.01774 0.47805 2 
88.513 -43.455 8.88572 0.64675 2 
91.079 -43.455 8.79773 0.47401 2 
93.644 -43.455 8.80249 0.66167 2 
96.210 -43.455 8.81008 0.73668 2 
98.776 -43.455 8.81020 0.60066 2 
101.341 -43.455 8.71961 0.77495 2 
103.907 -43.455 8.57510 0.70566 2 
106.472 -43.455 8.62427 0.69917 2 
109.038 -43.455 8.61106 0.72388 2 
111.603 -43.455 8.41749 0.75756 2 
114.169 -43.455 8.53214 0.62048 2 
116.735 -43.455 8.68314 0.52995 2 
119.300 -43.455 0.00000 -0.00000 0 
-8.980 -46.020 8.02944 -0.78209 2 
-6.414 -46.020 8.17002 -0.65585 2 
-3.848 -46.020 8.09607 -0.79810 2 
-1.283 -46.020 8.00791 -0.73995 2 
1.283 -46.020 8.18588 -0.75563 2 
3.848 -46.020 8.22538 -0.83229 2 
6.414 -46.020 8.25067 -0.90417 2 
8.980 -46.020 8.36059 -0.84736 2 
11.545 -46.020 8.39889 -0.84940 2 
14.111 -46.020 8.50664 -0.96921 2 
16.676 -46.020 8.51975 -0.81004 2 
19.242 -46.020 8.48390 -0.85096 2 
21.808 -46.020 8.51751 -0.75047 2 
24.373 -46.020 8.70166 -0.82569 2 
26.939 -46.020 8.80406 -0.86617 2 
29.504 -46.020 8.80499 -0.62337 2 
32.070 -46.020 8.71019 -0.73880 2 
34.636 -46.020 8.87135 -0.62641 2 
37.201 -46.020 8.71221 -0.72111 2 
39.767 -46.020 9.10492 -0.53523 2 
42.332 -46.020 8.81195 -0.67999 2 
44.898 -46.020 8.94942 -0.40632 2 
47.464 -46.020 8.91374 -0.52133 2 
50.029 -46.020 9.00399 -0.40037 2 
52.595 -46.020 9.03351 -0.32055 2 
55.160 -46.020 8.94142 -0.34225 2 
57.726 -46.020 9.02998 -0.19248 2 
60.292 -46.020 8.94510 -0.16606 2 
62.857 -46.020 9.14209 -0.11777 2 
65.423 -46.020 9.02707 0.05364 2 
67.988 -46.020 9.07095 0.05294 2 
70.554 -46.020 9.01935 0.10798 2 
73.120 -46.020 8.98463 0.14085 2 
75.685 -46.020 9.04317 0.31299 2 
78.251 -46.020 9.02099 0.37435 2 
80.816 -46.020 8.93096 0.27456 2 
83.382 -46.020 8.94866 0.49477 2 
85.948 -46.020 8.86054 0.32672 2 
88.513 -46.020 8.92715 0.41233 2 
91.079 -46.020 8.83578 0.70920 2 
93.644 -46.020 8.74049 0.51050 2 
96.210 -46.020 8.82275 0.61659 2 
98.776 -46.020 8.80900 0.57794 2 
101.341 -46.020 8.70755 0.51913 2 
103.907 -46.020 8.61708 0.56306 2 
106.472 -46.020 8.72526 0.67470 2 
109.038 -46.020 8.58674 0.55831 2 
111.603 -46.020 8.33140 0.61205 2 
114.169 -46.020 8.45918 0.72988 2 
116.735 -46.020 8.63995 0.64304 2 
119.300 -46.020 0.00000 -0.00000 0 
-8.980 -48.586 8.15589 -0.63435 2 
-6.414 -48.586 8.01041 -0.73528 2 
-3.848 -48.586 8.05352 -0.74881 2 
-1.283 -48.586 8.01349 -0.82460 2 
1.283 -48.586 8.12595 -0.85523 2 
3.848 -48.586 8.30083 -0.80422 2 
6.414 -48.586 8.37425 -0.79198 2 
8.980 -48.586 8.29454 -0.63216 2 
11.545 -48.586 8.46366 -0.82352 2 
14.111 -48.586 8.33020 -0.76320 2 
16.676 -48.586 8.55564 -0.78557 2 
19.242 -48.586 8.55634 -0.85650 2 
21.808 -48.586 8.50552 -0.74959 2 
24.373 -48.586 8.62674 -0.83774 2 
26.939 -48.586 8.66592 -0.72710 2 
29.504 -48.586 8.71910 -0.72855 2 
32.070 -48.586 8.73234 -0.70344 2 
34.636 -48.586 8.70266 -0.70010 2 
37.201 -48.586 8.82247 -0.64228 2 
39.767 -48.586 8.74819 -0.56174 2 
42.332 -48.586 8.85665 -0.51458 2 
44.898 -48.586 8.79039 -0.56793 2 
47.464 -48.586 8.86890 -0.44250 2 
50.029 -48.586 8.87265 -0.44293 2 
52.595 -48.586 8.86751 -0.36606 2 
55.160 -48.586 8.96577 -0.42332 2 
57.726 -48.586 8.96388 -0.24133 2 
60.292 -48.586 8.94523 -0.20224 2 
62.857 -48.586 8.99525 -0.11158 2 
65.423 -48.586 9.06604 -0.16859 2 
67.988 -48.586 8.91223 0.02744 2 
70.554 -48.586 9.03682 0.01334 2 
73.120 -48.586 8.98824 0.19384 2 
75.685 -48.586 9.05459 0.24376 2 
78.251 -48.586 8.91938 0.19530 2 
80.816 -48.586 8.94213 0.45685 2 
83.382 -48.586 8.97091 0.29690 2 
85.948 -48.586 8.81054 0.56847 2 
88.513 -48.586 8.89065 0.47238 2 
91.079 -48.586 8.82436 0.59516 2 
93.644 -48.586 8.86744 0.57709 2 
96.210 -48.586 8.64649 0.43053 2 
98.776 -48.586 8.74587 0.52808 2 
101.341 -48.586 8.53401 0.72197 2 
103.907 -48.586 8.76696 0.55166 2 
106.472 -48.586 8.44193 0.71121 2 
109.038 -48.586 8.60995 0.63954 2 
111.603 -48.586 8.65004 0.54079 2 
114.169 -48.586 8.41442 0.69601 2 
116.735 -48.586 8.63583 0.74638 2 
119.300 -48.586 0.00000 -0.00000 0 
-8.980 -51.152 7.98951 -0.79101 2 
-6.414 -51.152 8.03134 -0.69142 2 
-3.848 -51.152 8.24522 -0.73870 2 
-1.283 -51.152 8.07579 -0.74470 2 
1.283 -51.152 8.15694 -0.69207 2 
3.848 -51.152 8.20180 -0.73353 2 
6.414 -51.152 8.12951 -0.78128 2 
8.980 -51.152 8.25189 -0.78885 2 
11.545 -51.152 8.42647 -0.77585 2 
14.111 -51.152 8.40356 -0.76726 2 
16.676 -51.152 8.46482 -0.68641 2 
19.242 -51.152 8.55196 -0.83789 2 
21.808 -51.152 8.60091 -0.70098 2 
24.373 -51.152 8.66867 -0.63468 2 
26.939 -51.152 8.67114 -0.71263 2 
29.504 -51.152 8.71455 -0.74238 2 
32.070 -51.152 8.64291 -0.58900 2 
34.636 -51.152 8.79527 -0.68368 2 
37.201 -51.152 8.74950 -0.69060 2 
39.767 -51.152 8.83739 -0.56083 2 
42.332 -51.152 8.77806 -0.58976 2 
44.898 -51.152 8.84947 -0.50889 2 
47.464 -51.152 8.97016 -0.41513 2 
50.029 -51.152 8.82146 -0.36918 2 
52.595 -51.152 9.01834 -0.22020 2 
55.160 -51.152 8.97937 -0.28444 2 
57.726 -51.152 8.86334 -0.06590 2 
60.292 -51.152 8.89709 -0.13821 2 
62.857 -51.152 8.89425 0.06795 2 
65.423 -51.152 8.90786 0.06497 2 
67.988 -51.152 8.84101 -0.09386 2 
70.554 -51.152 8.90297 0.03313 2 
73.120 -51.152 9.01580 0.03002 2 
75.685 -51.152 9.04041 0.23921 2 
78.251 -51.152 8.84099 0.37514 2 
80.816 -51.152 8.78152 0.31086 2 
83.382 -51.152 8.84220 0.31505 2 
85.948 -51.152 8.86120 0.46791 2 
88.513 -51.152 8.83245 0.40666 2 
91.079 -51.152 8.78531 0.49943 2 
93.644 -51.152 8.81288 0.51144 2 
96.210 -51.152 8.75506 0.41470 2 
98.776 -51.152 8.66276 0.63846 2 
101.341 -51.152 8.61991 0.61066 2 
103.907 -51.152 8.60704 0.60414 2 
106.472 -51.152 8.57793 0.44870 2 
109.038 -51.152 8.64430 0.66924 2 
111.603 -51.152 8.61576 0.57225 2 
114.169 -51.152 8.43529 0.51873 2 
116.735 -51.152 8.76267 0.61876 2 
119.300 -51.152 0.00000 -0.00000 0 
-8.980 -53.717 8.14369 -0.79493 2 
-6.414 -53.717 8.18858 -0.74842 2 
-3.848 -53.717 8.08199 -0.66129 2 
-1.283 -53.717 8.28598 -0.73550 2 
1.283 -53.717 8.10025 -0.70002 2 
3.848 -53.717 8.20044 -0.70711 2 
6.414 -53.717 8.23086 -0.75295 2 
8.980 -53.717 8.28173 -0.78293 2 
11.545 -53.717 8.35262 -0.71024 2 
14.111 -53.717 8.40189 -0.69347 2 
16.676 -53.717 8.46057 -0.79667 2 
19.242 -53.717 8.53098 -0.77062 2 
21.808 -53.717 8.65593 -0.71135 2 
24.373 -53.717 8.54536 -0.67720 2 
26.939 -53.717 8.58734 -0.58025 2 
29.504 -53.717 8.62186 -0.53772 2 
32.070 -53.717 8.71326 -0.67018 2 
34.636 -53.717 8.64796 -0.66809 2 
37.201 -53.717 8.82453 -0.46656 2 
39.767 -53.717 8.78845 -0.62860 2 
42.332 -53.717 8.83821 -0.49947 2 
44.898 -53.717 8.75529 -0.41592 2 
47.464 -53.717 8.92206 -0.48905 2 
50.029 -53.717 8.72500 -0.43339 2 
52.595 -53.717 8.86787 -0.44172 2 
55.160 -53.717 8.71330 -0.39259 2 
57.726 -53.717 8.93299 -0.34677 2 
60.292 -53.717 8.95787 -0.18399 2 
62.857 -53.717 8.81544 -0.12810 2 
65.423 -53.717 8.90143 -0.12768 2 
67.988 -53.717 8.95500 -0.00152 2 
70.554 -53.717 8.86104 0.18133 2 
73.120 -53.717 8.83444 -0.00247 2 
75.685 -53.717 8.91331 0.21556 2 
78.251 -53.717 8.90816 0.23247 2 
80.816 -53.717 8.74679 0.38482 2 
83.382 -53.717 8.92561 0.41502 2 
85.948 -53.717 8.74447 0.29283 2 
88.513 -53.717 8.90225 0.58857 2 
91.079 -53.717 8.69067 0.40509 2 
93.644 -53.717 8.85054 0.55828 2 
96.210 -53.717 8.73467 0.47774 2 
98.776 -53.717 8.72497 0.48810 2 
101.341 -53.717 8.71997 0.51893 2 
103.907 -53.717 8.57574 0.61933 2 
106.472 -53.717 8.49106 0.72730 2 
109.038 -53.717 8.69075 0.52672 2 
111.603 -53.717 8.45036 0.71785 2 
114.169 -53.717 8.51572 0.67757 2 
116.735 -53.717 8.80779 0.55018 2 
119.300 -53.717 0.00000 -0.00000 0 
-8.980 -56.283 0.00000 -0.00000 0 
-6.414 -56.283 0.00000 -0.00000 0 
-3.848 -56.283 8.15268 -0.51964 2 
-1.283 -56.283 8.20938 -0.50185 2 
1.283 -56.283 8.26607 -0.48405 2 
3.848 -56.283 8.24901 -0.46407 2 
6.414 -56.283 8.23194 -0.44410 2 
8.980 -56.283 8.31883 -0.45565 2 
11.545 -56.283 8.36549 -0.48901 2 
14.111 -56.283 8.41214 -0.52237 2 
16.676 -56.283 8.45880 -0.55574 2 
19.242 -56.283 8.50545 -0.58910 2 
21.808 -56.283 8.58109 -0.48765 2 
24.373 -56.283 8.65673 -0.38620 2 
26.939 -56.283 8.73843 -0.30200 2 
29.504 -56.283 8.65980 -0.33004 2 
32.070 -56.283 8.78744 -0.38003 2 
34.636 -56.283 8.78234 -0.32656 2 
37.201 -56.283 8.76275 -0.27931 2 
39.767 -56.283 8.73910 -0.28288 2 
42.332 -56.283 8.73370 -0.15081 2 
44.898 -56.283 8.93645 -0.18658 2 
47.464 -56.283 8.89211 -0.16126 2 
50.029 -56.283 8.84777 -0.13594 2 
52.595 -56.283 8.81574 0.02426 2 
55.160 -56.283 8.91265 -0.04570 2 
57.726 -56.283 8.89608 -0.07671 2 
60.292 -56.283 8.85792 0.01271 2 
62.857 -56.283 8.81806 -0.12884 2 
65.423 -56.283 8.84503 -0.03581 2 
67.988 -56.283 8.94409 -0.01693 2 
70.554 -56.283 8.84032 0.10288 2 
73.120 -56.283 8.85171 -0.00467 2 
75.685 -56.283 8.95627 0.00162 2 
78.251 -56.283 8.83023 0.10525 2 
80.816 -56.283 8.87191 0.10131 2 
83.382 -56.283 8.77889 0.03997 2 
85.948 -56.283 8.76940 0.13295 2 
88.513 -56.283 8.74870 0.14216 2 
91.079 -56.283 8.72799 0.15137 2 
93.644 -56.283 8.73257 0.11499 2 
96.210 -56.283 8.78544 0.31640 2 
98.776 -56.283 8.68849 0.30939 2 
101.341 -56.283 8.55043 0.14333 2 
103.907 -56.283 0.00000 -0.00000 0 
106.472 -56.283 0.00000 -0.00000 0 
109.038 -56.283 0.00000 -0.00000 0 
111.603 -56.283 0.00000 -0.00000 0 
114.169 -56.283 0.00000 -0.00000 0 
116.735 -56.283 0.00000 -0.00000 0 
119.300 -56.283 0.00000 -0.00000 0 
