TITLE = "B00070"
VARIABLES = "X [mm]", "Y [mm]", "Vx [m/s]", "Vy [m/s]", "Flag"
ZONE T="Frame 1", I=51, J=39, F=POINT
-8.980 41.210 7.35036 0.17883 2 
-6.414 41.210 7.22215 0.40325 2 
-3.848 41.210 7.22186 0.45025 2 
-1.283 41.210 7.26164 0.62223 2 
1.283 41.210 7.68501 0.23680 2 
3.848 41.210 0.00000 -0.00000 0 
6.414 41.210 0.00000 -0.00000 0 
8.980 41.210 0.00000 -0.00000 0 
11.545 41.210 0.00000 -0.00000 0 
14.111 41.210 0.00000 -0.00000 0 
16.676 41.210 0.00000 -0.00000 0 
19.242 41.210 3.90311 0.36233 2 
21.808 41.210 7.80622 0.72465 2 
24.373 41.210 7.21242 0.73795 2 
26.939 41.210 7.46268 0.75733 2 
29.504 41.210 7.48395 0.87113 2 
32.070 41.210 7.47187 0.84089 2 
34.636 41.210 7.55971 0.85985 2 
37.201 41.210 7.78651 0.79592 2 
39.767 41.210 7.62572 0.86306 2 
42.332 41.210 7.84858 0.84854 2 
44.898 41.210 7.72387 0.62029 2 
47.464 41.210 7.98460 0.75861 2 
50.029 41.210 7.77466 0.85588 2 
52.595 41.210 7.93386 0.56039 2 
55.160 41.210 8.11039 0.75357 2 
57.726 41.210 8.08608 0.81279 2 
60.292 41.210 7.95009 0.81925 2 
62.857 41.210 8.41753 0.85879 2 
65.423 41.210 8.31407 0.87002 2 
67.988 41.210 8.27422 0.57580 2 
70.554 41.210 8.52705 0.50742 2 
73.120 41.210 8.46053 0.77982 2 
75.685 41.210 8.33509 0.44648 2 
78.251 41.210 8.41523 0.86840 2 
80.816 41.210 0.00000 0.00000 0 
83.382 41.210 8.57015 0.30994 2 
85.948 41.210 8.73470 0.20213 2 
88.513 41.210 8.43711 0.33250 2 
91.079 41.210 8.41507 0.29239 2 
93.644 41.210 8.54341 0.16696 2 
96.210 41.210 8.57935 0.11281 2 
98.776 41.210 8.55395 -0.09515 2 
101.341 41.210 8.44555 -0.04188 2 
103.907 41.210 8.38992 -0.13145 2 
106.472 41.210 8.50047 -0.00537 2 
109.038 41.210 8.25156 -0.05608 2 
111.603 41.210 8.28969 -0.26361 2 
114.169 41.210 8.30462 -0.18994 2 
116.735 41.210 0.00000 -0.00000 0 
119.300 41.210 0.00000 -0.00000 0 
-8.980 38.644 7.29859 0.34411 2 
-6.414 38.644 7.10049 0.32469 2 
-3.848 38.644 7.12466 0.44073 2 
-1.283 38.644 7.12895 0.44895 2 
1.283 38.644 7.30062 0.61726 2 
3.848 38.644 0.00000 -0.00000 0 
6.414 38.644 0.00000 -0.00000 0 
8.980 38.644 0.00000 -0.00000 0 
11.545 38.644 0.00000 -0.00000 0 
14.111 38.644 0.00000 -0.00000 0 
16.676 38.644 0.00000 -0.00000 0 
19.242 38.644 3.88995 0.34732 2 
21.808 38.644 7.77990 0.69464 2 
24.373 38.644 7.36920 0.71996 2 
26.939 38.644 7.41445 0.83585 2 
29.504 38.644 7.25750 0.75398 2 
32.070 38.644 7.34660 0.78246 2 
34.636 38.644 7.50006 0.82576 2 
37.201 38.644 7.68041 0.82951 2 
39.767 38.644 7.54072 0.76507 2 
42.332 38.644 7.79602 0.95271 2 
44.898 38.644 7.79371 0.85936 2 
47.464 38.644 7.88090 0.83469 2 
50.029 38.644 7.72103 0.92316 2 
52.595 38.644 7.92128 0.82379 2 
55.160 38.644 8.04215 0.95112 2 
57.726 38.644 8.10641 0.72838 2 
60.292 38.644 8.08500 0.91108 2 
62.857 38.644 8.18029 0.75881 2 
65.423 38.644 8.18920 0.91225 2 
67.988 38.644 8.25890 0.73501 2 
70.554 38.644 8.24343 0.67398 2 
73.120 38.644 8.70551 0.71450 2 
75.685 38.644 8.37632 0.65525 2 
78.251 38.644 8.35888 0.65358 2 
80.816 38.644 0.00000 0.00000 0 
83.382 38.644 8.49163 0.50021 2 
85.948 38.644 8.58548 0.52284 2 
88.513 38.644 8.59763 0.16743 2 
91.079 38.644 8.87532 0.49715 2 
93.644 38.644 8.45545 -0.08285 2 
96.210 38.644 8.52684 0.32946 2 
98.776 38.644 8.66183 -0.17425 2 
101.341 38.644 8.58548 -0.23354 2 
103.907 38.644 8.46181 -0.08064 2 
106.472 38.644 8.50031 -0.27867 2 
109.038 38.644 8.36658 -0.21957 2 
111.603 38.644 8.50393 -0.03280 2 
114.169 38.644 8.15229 -0.38164 2 
116.735 38.644 8.43241 -0.21598 2 
119.300 38.644 0.00000 -0.00000 0 
-8.980 36.079 7.10353 0.26556 2 
-6.414 36.079 7.35045 0.34515 2 
-3.848 36.079 7.12652 0.42937 2 
-1.283 36.079 7.19526 0.45419 2 
1.283 36.079 7.49406 0.36353 2 
3.848 36.079 0.00000 -0.00000 0 
6.414 36.079 0.00000 -0.00000 0 
8.980 36.079 0.00000 -0.00000 0 
11.545 36.079 0.00000 -0.00000 0 
14.111 36.079 0.00000 -0.00000 0 
16.676 36.079 0.00000 -0.00000 0 
19.242 36.079 3.91026 0.47772 2 
21.808 36.079 7.82053 0.95544 2 
24.373 36.079 7.24478 0.91310 2 
26.939 36.079 7.39389 0.95459 2 
29.504 36.079 7.41463 0.74704 2 
32.070 36.079 7.54020 0.94979 2 
34.636 36.079 7.51125 1.00748 2 
37.201 36.079 7.50788 0.70862 2 
39.767 36.079 7.66499 0.90030 2 
42.332 36.079 7.73648 1.00855 2 
44.898 36.079 7.68878 0.77559 2 
47.464 36.079 7.82123 0.69021 2 
50.029 36.079 7.93425 0.99712 2 
52.595 36.079 7.95804 0.97461 2 
55.160 36.079 8.12191 0.79451 2 
57.726 36.079 7.93696 0.80609 2 
60.292 36.079 8.20273 0.82898 2 
62.857 36.079 8.48872 0.92651 2 
65.423 36.079 8.06601 0.77576 2 
67.988 36.079 8.66662 0.87205 2 
70.554 36.079 8.38123 0.80575 2 
73.120 36.079 8.54682 0.81193 2 
75.685 36.079 8.43212 0.58158 2 
78.251 36.079 8.51173 0.75846 2 
80.816 36.079 0.00000 0.00000 0 
83.382 36.079 8.45964 0.61818 2 
85.948 36.079 8.65228 0.35740 2 
88.513 36.079 8.94745 0.29197 2 
91.079 36.079 8.73494 0.24536 2 
93.644 36.079 8.67204 -0.09893 2 
96.210 36.079 8.90100 -0.04304 2 
98.776 36.079 8.69617 -0.12080 2 
101.341 36.079 8.62422 -0.11482 2 
103.907 36.079 8.45992 -0.30247 2 
106.472 36.079 8.39624 -0.26615 2 
109.038 36.079 8.25714 -0.22751 2 
111.603 36.079 8.22683 -0.61401 2 
114.169 36.079 8.26336 -0.39539 2 
116.735 36.079 8.15094 -0.47736 2 
119.300 36.079 0.00000 -0.00000 0 
-8.980 33.513 6.92799 0.34520 2 
-6.414 33.513 7.24281 0.30815 2 
-3.848 33.513 7.12542 0.28966 2 
-1.283 33.513 7.04906 0.45005 2 
1.283 33.513 7.45995 0.41908 2 
3.848 33.513 0.00000 -0.00000 0 
6.414 33.513 0.00000 -0.00000 0 
8.980 33.513 0.00000 -0.00000 0 
11.545 33.513 0.00000 -0.00000 0 
14.111 33.513 0.00000 -0.00000 0 
16.676 33.513 0.00000 -0.00000 0 
19.242 33.513 3.84901 0.48191 2 
21.808 33.513 7.69802 0.96383 2 
24.373 33.513 7.19432 0.91921 2 
26.939 33.513 7.28602 0.82355 2 
29.504 33.513 7.21752 1.09516 2 
32.070 33.513 7.57914 0.80817 2 
34.636 33.513 7.36994 1.04520 2 
37.201 33.513 7.47108 0.94503 2 
39.767 33.513 7.72332 1.02347 2 
42.332 33.513 7.70173 1.01681 2 
44.898 33.513 7.83684 0.95674 2 
47.464 33.513 7.94348 0.97426 2 
50.029 33.513 7.78742 1.22771 2 
52.595 33.513 7.97485 0.88515 2 
55.160 33.513 8.19058 1.10172 2 
57.726 33.513 8.16719 0.92712 2 
60.292 33.513 8.22812 0.99939 2 
62.857 33.513 8.44088 0.80472 2 
65.423 33.513 8.25643 0.92663 2 
67.988 33.513 8.24935 0.81451 2 
70.554 33.513 8.45646 0.94968 2 
73.120 33.513 8.48174 0.68610 2 
75.685 33.513 8.59682 0.69795 2 
78.251 33.513 8.64887 0.50414 2 
80.816 33.513 0.00000 0.00000 0 
83.382 33.513 8.72212 0.46997 2 
85.948 33.513 8.75050 0.49792 2 
88.513 33.513 8.90245 0.41719 2 
91.079 33.513 8.78202 0.37069 2 
93.644 33.513 8.70421 0.09876 2 
96.210 33.513 8.67651 0.12564 2 
98.776 33.513 8.79312 -0.28238 2 
101.341 33.513 8.89736 -0.37586 2 
103.907 33.513 8.64464 -0.35558 2 
106.472 33.513 8.46556 -0.40993 2 
109.038 33.513 8.50810 -0.49622 2 
111.603 33.513 8.52848 -0.37990 2 
114.169 33.513 8.11756 -0.40951 2 
116.735 33.513 8.32156 -0.47915 2 
119.300 33.513 0.00000 -0.00000 0 
-8.980 30.948 7.11215 0.36256 2 
-6.414 30.948 7.08680 0.35100 2 
-3.848 30.948 7.01463 0.29426 2 
-1.283 30.948 7.11159 0.42440 2 
1.283 30.948 7.42585 0.47464 2 
3.848 30.948 0.00000 -0.00000 0 
6.414 30.948 0.00000 -0.00000 0 
8.980 30.948 0.00000 -0.00000 0 
11.545 30.948 0.00000 -0.00000 0 
14.111 30.948 0.00000 -0.00000 0 
16.676 30.948 0.00000 -0.00000 0 
19.242 30.948 3.78347 0.42084 2 
21.808 30.948 7.56695 0.84169 2 
24.373 30.948 7.33532 0.87040 2 
26.939 30.948 7.23468 1.04986 2 
29.504 30.948 7.34205 0.95698 2 
32.070 30.948 7.53947 0.96272 2 
34.636 30.948 7.58315 0.94574 2 
37.201 30.948 7.45843 1.03632 2 
39.767 30.948 7.56019 0.97820 2 
42.332 30.948 7.59393 0.96481 2 
44.898 30.948 7.91677 0.90195 2 
47.464 30.948 7.85140 1.09534 2 
50.029 30.948 7.94912 0.83750 2 
52.595 30.948 7.99420 1.01747 2 
55.160 30.948 7.94578 0.75080 2 
57.726 30.948 8.13726 0.90697 2 
60.292 30.948 8.00318 0.92356 2 
62.857 30.948 8.17260 1.12571 2 
65.423 30.948 8.44753 0.89043 2 
67.988 30.948 8.43811 0.78317 2 
70.554 30.948 8.38709 0.85772 2 
73.120 30.948 8.63995 0.96271 2 
75.685 30.948 8.73330 0.66488 2 
78.251 30.948 8.69436 0.84948 2 
80.816 30.948 0.00000 0.00000 0 
83.382 30.948 9.00413 0.50418 2 
85.948 30.948 9.08748 0.38426 2 
88.513 30.948 8.79252 0.48928 2 
91.079 30.948 9.00864 0.24939 2 
93.644 30.948 8.80101 -0.16231 2 
96.210 30.948 8.92049 -0.05452 2 
98.776 30.948 8.85647 -0.25094 2 
101.341 30.948 8.65712 -0.51007 2 
103.907 30.948 8.69545 -0.42321 2 
106.472 30.948 8.69220 -0.53192 2 
109.038 30.948 8.27329 -0.60443 2 
111.603 30.948 8.17147 -0.58514 2 
114.169 30.948 8.02942 -0.43106 2 
116.735 30.948 8.46849 -0.26789 2 
119.300 30.948 0.00000 -0.00000 0 
-8.980 28.382 7.06447 0.16634 2 
-6.414 28.382 7.02020 0.24263 2 
-3.848 28.382 7.05913 0.38241 2 
-1.283 28.382 6.89334 0.35779 2 
1.283 28.382 7.19899 0.56683 2 
3.848 28.382 7.15475 0.11302 2 
6.414 28.382 0.00000 -0.00000 0 
8.980 28.382 0.00000 -0.00000 0 
11.545 28.382 0.00000 -0.00000 0 
14.111 28.382 0.00000 -0.00000 0 
16.676 28.382 2.69661 0.31933 2 
19.242 28.382 5.16746 0.64353 2 
21.808 28.382 7.41256 0.97260 2 
24.373 28.382 7.22447 1.03904 2 
26.939 28.382 7.40926 0.96163 2 
29.504 28.382 7.36425 0.94397 2 
32.070 28.382 7.35069 1.03169 2 
34.636 28.382 7.37567 0.84692 2 
37.201 28.382 7.63572 1.08579 2 
39.767 28.382 7.41566 1.20730 2 
42.332 28.382 7.72710 1.16754 2 
44.898 28.382 7.83140 1.29010 2 
47.464 28.382 7.59453 1.16672 2 
50.029 28.382 8.08140 0.79118 2 
52.595 28.382 7.96893 1.14805 2 
55.160 28.382 7.96773 1.29565 2 
57.726 28.382 8.27320 1.08138 2 
60.292 28.382 8.41910 1.10316 2 
62.857 28.382 8.16658 0.96067 2 
65.423 28.382 8.27185 1.07936 2 
67.988 28.382 8.45016 0.97401 2 
70.554 28.382 8.54248 1.05463 2 
73.120 28.382 8.61942 0.66243 2 
75.685 28.382 8.68901 0.89783 2 
78.251 28.382 8.66132 0.78616 2 
80.816 28.382 8.84477 0.56843 2 
83.382 28.382 8.96997 0.62383 2 
85.948 28.382 9.02062 0.57670 2 
88.513 28.382 8.99386 0.32965 2 
91.079 28.382 8.97666 0.20113 2 
93.644 28.382 8.91697 0.24580 2 
96.210 28.382 9.19815 0.11719 2 
98.776 28.382 8.90099 -0.25546 2 
101.341 28.382 8.82831 -0.36856 2 
103.907 28.382 8.67782 -0.60421 2 
106.472 28.382 8.56478 -0.72942 2 
109.038 28.382 8.27616 -0.60958 2 
111.603 28.382 8.15321 -0.59880 2 
114.169 28.382 8.07622 -0.35104 2 
116.735 28.382 8.18968 -0.24630 2 
119.300 28.382 0.00000 -0.00000 0 
-8.980 25.816 7.01815 0.16422 2 
-6.414 25.816 7.08479 0.34117 2 
-3.848 25.816 7.00119 0.44603 2 
-1.283 25.816 7.07697 0.23125 2 
1.283 25.816 6.87279 0.42569 2 
3.848 25.816 7.12612 0.20143 2 
6.414 25.816 0.00000 -0.00000 0 
8.980 25.816 0.00000 -0.00000 0 
11.545 25.816 0.00000 -0.00000 0 
14.111 25.816 0.00000 -0.00000 0 
16.676 25.816 4.04491 0.47899 2 
19.242 25.816 8.08982 0.95799 2 
21.808 25.816 6.97040 0.90058 2 
24.373 25.816 7.21116 1.06206 2 
26.939 25.816 7.16106 1.05046 2 
29.504 25.816 7.32728 1.13933 2 
32.070 25.816 7.39322 1.08011 2 
34.636 25.816 7.18656 1.22951 2 
37.201 25.816 7.67909 1.22391 2 
39.767 25.816 7.43196 1.25204 2 
42.332 25.816 7.76844 1.24275 2 
44.898 25.816 7.64688 1.00380 2 
47.464 25.816 7.94366 1.08256 2 
50.029 25.816 7.81472 1.12129 2 
52.595 25.816 8.06219 1.12518 2 
55.160 25.816 8.08914 0.98838 2 
57.726 25.816 8.18877 1.01518 2 
60.292 25.816 8.40815 1.04616 2 
62.857 25.816 8.27174 1.03494 2 
65.423 25.816 8.77550 0.82662 2 
67.988 25.816 8.51562 1.10925 2 
70.554 25.816 8.73194 1.20242 2 
73.120 25.816 8.66865 1.01263 2 
75.685 25.816 8.78972 0.87776 2 
78.251 25.816 8.82508 0.77940 2 
80.816 25.816 8.76877 0.51275 2 
83.382 25.816 0.00000 0.00000 0 
85.948 25.816 9.05333 0.70856 2 
88.513 25.816 9.07413 0.67948 2 
91.079 25.816 9.08076 0.28060 2 
93.644 25.816 9.16786 0.01058 2 
96.210 25.816 9.18196 -0.36960 2 
98.776 25.816 9.26481 -0.32582 2 
101.341 25.816 8.91502 -0.55975 2 
103.907 25.816 8.83500 -0.77097 2 
106.472 25.816 8.61089 -0.98437 2 
109.038 25.816 8.37792 -0.83425 2 
111.603 25.816 7.96673 -0.84653 2 
114.169 25.816 7.57898 -0.49980 2 
116.735 25.816 8.30383 -0.24448 2 
119.300 25.816 0.00000 -0.00000 0 
-8.980 23.251 6.91487 0.19233 2 
-6.414 23.251 6.97325 0.21545 2 
-3.848 23.251 6.94022 0.20740 2 
-1.283 23.251 6.75022 0.45867 2 
1.283 23.251 6.85554 0.57277 2 
3.848 23.251 7.09749 0.28985 2 
6.414 23.251 0.00000 -0.00000 0 
8.980 23.251 0.00000 -0.00000 0 
11.545 23.251 0.00000 -0.00000 0 
14.111 23.251 0.00000 -0.00000 0 
16.676 23.251 3.87654 0.53186 2 
19.242 23.251 7.75309 1.06373 2 
21.808 23.251 6.90679 1.00978 2 
24.373 23.251 7.24067 1.21020 2 
26.939 23.251 7.27354 1.02553 2 
29.504 23.251 7.21759 1.09809 2 
32.070 23.251 7.44257 1.24198 2 
34.636 23.251 7.42989 1.25490 2 
37.201 23.251 7.45610 1.34750 2 
39.767 23.251 7.44826 1.29677 2 
42.332 23.251 7.76966 1.13166 2 
44.898 23.251 7.91498 1.29576 2 
47.464 23.251 7.76064 1.33190 2 
50.029 23.251 8.05739 1.26675 2 
52.595 23.251 7.84914 1.35823 2 
55.160 23.251 8.06342 1.32136 2 
57.726 23.251 8.16269 1.29885 2 
60.292 23.251 8.20506 0.89869 2 
62.857 23.251 8.38941 1.26384 2 
65.423 23.251 8.48022 1.05279 2 
67.988 23.251 8.58225 0.82935 2 
70.554 23.251 8.40741 1.11367 2 
73.120 23.251 8.70167 0.75172 2 
75.685 23.251 8.64732 1.25294 2 
78.251 23.251 8.93563 1.06230 2 
80.816 23.251 9.16986 0.74692 2 
83.382 23.251 0.00000 0.00000 0 
85.948 23.251 9.38897 0.80622 2 
88.513 23.251 9.49551 0.68566 2 
91.079 23.251 9.60205 0.56511 2 
93.644 23.251 9.41572 0.04539 2 
96.210 23.251 9.47629 0.01319 2 
98.776 23.251 9.60154 -0.41474 2 
101.341 23.251 9.41856 -0.84025 2 
103.907 23.251 9.13975 -1.20973 2 
106.472 23.251 8.51757 -1.30316 2 
109.038 23.251 7.94264 -1.22336 2 
111.603 23.251 7.75212 -0.87921 2 
114.169 23.251 7.18818 -0.64211 2 
116.735 23.251 8.20441 -0.35617 2 
119.300 23.251 0.00000 -0.00000 0 
-8.980 20.685 6.82744 0.05993 2 
-6.414 20.685 6.98433 0.18778 2 
-3.848 20.685 6.87168 0.26421 2 
-1.283 20.685 6.84422 0.29867 2 
1.283 20.685 6.81474 0.40654 2 
3.848 20.685 7.33013 0.24530 2 
6.414 20.685 0.00000 -0.00000 0 
8.980 20.685 0.00000 -0.00000 0 
11.545 20.685 0.00000 -0.00000 0 
14.111 20.685 0.00000 -0.00000 0 
16.676 20.685 -0.77270 0.75350 2 
19.242 20.685 7.66006 0.87242 2 
21.808 20.685 6.90946 1.01160 2 
24.373 20.685 7.12605 1.33504 2 
26.939 20.685 7.11311 1.15879 2 
29.504 20.685 7.24902 1.28985 2 
32.070 20.685 7.34551 1.29128 2 
34.636 20.685 7.15321 1.15745 2 
37.201 20.685 7.60257 1.35832 2 
39.767 20.685 7.47582 1.37011 2 
42.332 20.685 7.61192 1.20872 2 
44.898 20.685 7.65883 1.28539 2 
47.464 20.685 7.93704 1.26561 2 
50.029 20.685 7.83971 1.21733 2 
52.595 20.685 7.98662 1.36459 2 
55.160 20.685 8.20066 1.12258 2 
57.726 20.685 8.06493 1.33630 2 
60.292 20.685 8.10069 1.41579 2 
62.857 20.685 8.63581 1.04329 2 
65.423 20.685 8.79659 1.27925 2 
67.988 20.685 4.29113 0.41468 2 
70.554 20.685 8.83637 1.17842 2 
73.120 20.685 9.11077 1.12489 2 
75.685 20.685 9.15607 1.15071 2 
78.251 20.685 4.46782 0.53115 2 
80.816 20.685 8.79833 1.22309 2 
83.382 20.685 0.00000 0.00000 0 
85.948 20.685 0.00000 0.00000 0 
88.513 20.685 0.00000 0.00000 0 
91.079 20.685 9.04785 0.12382 2 
93.644 20.685 9.85761 0.13852 2 
96.210 20.685 10.11584 0.17154 2 
98.776 20.685 10.19507 -0.42516 2 
101.341 20.685 10.06089 -0.96641 2 
103.907 20.685 9.86945 -1.95049 2 
106.472 20.685 8.47323 -2.07369 2 
109.038 20.685 7.79992 -2.03471 2 
111.603 20.685 7.31582 -1.15121 2 
114.169 20.685 7.04775 -0.92793 2 
116.735 20.685 7.21929 0.39860 2 
119.300 20.685 0.00000 -0.00000 0 
-8.980 18.120 6.93350 0.13749 2 
-6.414 18.120 6.83334 0.22981 2 
-3.848 18.120 6.79009 0.26055 2 
-1.283 18.120 6.84513 0.23401 2 
1.283 18.120 6.64098 0.45782 2 
3.848 18.120 7.02887 0.59310 2 
6.414 18.120 0.00000 -0.00000 0 
8.980 18.120 0.00000 -0.00000 0 
11.545 18.120 0.00000 -0.00000 0 
14.111 18.120 0.00000 -0.00000 0 
16.676 18.120 3.78847 0.61033 2 
19.242 18.120 7.57694 1.22066 2 
21.808 18.120 6.87793 1.35535 2 
24.373 18.120 7.08874 1.22806 2 
26.939 18.120 7.19450 1.36185 2 
29.504 18.120 7.39526 1.34373 2 
32.070 18.120 7.35767 1.47939 2 
34.636 18.120 7.43343 1.22560 2 
37.201 18.120 7.63034 1.37528 2 
39.767 18.120 7.55756 1.47052 2 
42.332 18.120 7.71834 1.41550 2 
44.898 18.120 7.75714 1.61708 2 
47.464 18.120 7.92584 1.48137 2 
50.029 18.120 7.91605 1.28132 2 
52.595 18.120 7.92047 1.32226 2 
55.160 18.120 4.10033 0.56129 2 
57.726 18.120 8.57517 1.32630 2 
60.292 18.120 8.45479 1.09750 2 
62.857 18.120 8.84502 1.40662 2 
65.423 18.120 4.39829 0.63962 2 
67.988 18.120 0.00000 -0.00000 0 
70.554 18.120 0.00000 -0.00000 0 
73.120 18.120 0.00000 -0.00000 0 
75.685 18.120 0.00000 -0.00000 0 
78.251 18.120 0.00000 -0.00000 0 
80.816 18.120 0.00000 -0.00000 0 
83.382 18.120 0.00000 -0.00000 0 
85.948 18.120 -0.14585 0.53157 2 
88.513 18.120 4.72242 0.86791 2 
91.079 18.120 9.59069 1.20424 2 
93.644 18.120 7.35741 0.29885 2 
96.210 18.120 8.76676 0.96651 2 
98.776 18.120 6.64133 0.15189 2 
101.341 18.120 11.50775 -1.22224 2 
103.907 18.120 9.98869 -2.35451 2 
106.472 18.120 8.46963 -3.48678 2 
109.038 18.120 7.34913 -2.43414 2 
111.603 18.120 6.84220 -2.12513 2 
114.169 18.120 6.13993 -1.23132 2 
116.735 18.120 5.89823 -0.69385 2 
119.300 18.120 0.00000 -0.00000 0 
-8.980 15.554 6.86167 -0.19274 2 
-6.414 15.554 6.81312 0.09937 2 
-3.848 15.554 6.68435 0.09341 2 
-1.283 15.554 6.54025 0.33775 2 
1.283 15.554 6.63057 0.18952 2 
3.848 15.554 6.54886 0.48366 2 
6.414 15.554 0.00000 -0.00000 0 
8.980 15.554 0.00000 -0.00000 0 
11.545 15.554 0.00000 -0.00000 0 
14.111 15.554 0.00000 -0.00000 0 
16.676 15.554 3.54117 0.71051 2 
19.242 15.554 7.08235 1.42102 2 
21.808 15.554 6.86711 1.20232 2 
24.373 15.554 6.93181 1.40268 2 
26.939 15.554 7.01141 1.28353 2 
29.504 15.554 7.11650 1.55435 2 
32.070 15.554 7.25881 1.59920 2 
34.636 15.554 7.39596 1.67861 2 
37.201 15.554 7.29081 1.75663 2 
39.767 15.554 7.57430 1.30865 2 
42.332 15.554 3.85917 0.70775 2 
44.898 15.554 7.91861 1.41009 2 
47.464 15.554 8.10467 1.48787 2 
50.029 15.554 8.14047 1.79550 2 
52.595 15.554 3.96024 0.66113 2 
55.160 15.554 0.00000 -0.00000 0 
57.726 15.554 0.00000 -0.00000 0 
60.292 15.554 0.00000 -0.00000 0 
62.857 15.554 0.00000 -0.00000 0 
65.423 15.554 0.00000 -0.00000 0 
67.988 15.554 0.00000 -0.00000 0 
70.554 15.554 0.00000 -0.00000 0 
73.120 15.554 0.00000 -0.00000 0 
75.685 15.554 0.00000 -0.00000 0 
78.251 15.554 0.00000 -0.00000 0 
80.816 15.554 0.03806 -0.46160 2 
83.382 15.554 1.27160 0.51521 2 
85.948 15.554 -0.12805 0.13047 2 
88.513 15.554 -1.06734 0.50106 2 
91.079 15.554 -0.01261 0.56923 2 
93.644 15.554 4.85721 0.45918 2 
96.210 15.554 0.67261 1.60140 2 
98.776 15.554 3.08759 0.72893 2 
101.341 15.554 3.95757 0.16847 2 
103.907 15.554 5.47020 -2.38655 2 
106.472 15.554 6.98282 -4.94157 2 
109.038 15.554 5.87498 -3.72498 2 
111.603 15.554 6.29017 -3.77401 2 
114.169 15.554 5.32759 -2.48903 2 
116.735 15.554 7.58722 -2.51797 2 
119.300 15.554 0.00000 -0.00000 0 
-8.980 12.988 6.84988 -0.02117 2 
-6.414 12.988 6.60947 -0.03828 2 
-3.848 12.988 6.72350 0.00894 2 
-1.283 12.988 6.51259 0.09759 2 
1.283 12.988 6.34114 0.23685 2 
3.848 12.988 6.47519 0.44933 2 
6.414 12.988 0.00000 -0.00000 0 
8.980 12.988 0.00000 -0.00000 0 
11.545 12.988 0.00000 -0.00000 0 
14.111 12.988 0.00000 -0.00000 0 
16.676 12.988 3.64786 0.65613 2 
19.242 12.988 7.29571 1.31227 2 
21.808 12.988 6.76590 1.64430 2 
24.373 12.988 6.90146 1.41606 2 
26.939 12.988 6.84867 1.55381 2 
29.504 12.988 7.33469 1.76939 2 
32.070 12.988 7.68192 1.75384 2 
34.636 12.988 7.88562 1.64496 2 
37.201 12.988 7.84461 1.59320 2 
39.767 12.988 3.78715 0.65433 2 
42.332 12.988 0.00000 -0.00000 0 
44.898 12.988 0.00000 -0.00000 0 
47.464 12.988 0.00000 -0.00000 0 
50.029 12.988 0.00000 -0.00000 0 
52.595 12.988 0.00000 -0.00000 0 
55.160 12.988 0.00000 -0.00000 0 
57.726 12.988 0.00000 -0.00000 0 
60.292 12.988 0.00000 -0.00000 0 
62.857 12.988 0.00000 -0.00000 0 
65.423 12.988 0.00000 -0.00000 0 
67.988 12.988 0.00000 -0.00000 0 
70.554 12.988 0.00000 -0.00000 0 
73.120 12.988 0.00000 -0.00000 0 
75.685 12.988 -1.17169 -0.32521 2 
78.251 12.988 -2.00471 -0.56225 2 
80.816 12.988 -2.29298 -0.79047 2 
83.382 12.988 -2.15613 -0.07330 2 
85.948 12.988 -1.16629 1.18078 2 
88.513 12.988 -1.64834 0.39095 2 
91.079 12.988 -1.15464 0.67447 2 
93.644 12.988 -1.27069 1.09959 2 
96.210 12.988 -0.42676 1.62417 2 
98.776 12.988 -2.08195 2.33643 2 
101.341 12.988 -1.31468 1.54142 2 
103.907 12.988 2.32819 -2.24121 2 
106.472 12.988 2.83862 -4.68787 2 
109.038 12.988 3.39990 -4.63042 2 
111.603 12.988 4.29384 -4.24241 2 
114.169 12.988 3.71663 -2.45847 2 
116.735 12.988 3.52324 -2.41686 2 
119.300 12.988 0.31866 1.63144 2 
-8.980 10.423 6.61961 -0.23240 2 
-6.414 10.423 6.64892 -0.03884 2 
-3.848 10.423 6.50714 0.05108 2 
-1.283 10.423 6.49549 0.17299 2 
1.283 10.423 6.27678 0.13525 2 
3.848 10.423 6.28057 0.31607 2 
6.414 10.423 3.14029 0.15803 2 
8.980 10.423 0.00000 -0.00000 0 
11.545 10.423 0.00000 -0.00000 0 
14.111 10.423 0.00000 -0.00000 0 
16.676 10.423 2.43190 0.43742 2 
19.242 10.423 4.86381 0.87485 2 
21.808 10.423 6.95128 1.41950 2 
24.373 10.423 7.10689 2.17913 2 
26.939 10.423 7.21007 1.94203 2 
29.504 10.423 3.66735 0.88470 2 
32.070 10.423 0.00000 -0.00000 0 
34.636 10.423 0.00000 -0.00000 0 
37.201 10.423 0.00000 -0.00000 0 
39.767 10.423 0.00000 -0.00000 0 
42.332 10.423 0.00000 -0.00000 0 
44.898 10.423 0.00000 -0.00000 0 
47.464 10.423 0.00000 -0.00000 0 
50.029 10.423 0.00000 -0.00000 0 
52.595 10.423 0.00000 -0.00000 0 
55.160 10.423 0.00000 -0.00000 0 
57.726 10.423 0.00000 -0.00000 0 
60.292 10.423 0.00000 -0.00000 0 
62.857 10.423 0.00000 -0.00000 0 
65.423 10.423 0.00000 -0.00000 0 
67.988 10.423 -0.05328 0.02777 2 
70.554 10.423 -1.74173 -0.50122 2 
73.120 10.423 -2.50929 -1.19971 2 
75.685 10.423 -2.34338 -0.65042 2 
78.251 10.423 -2.44906 -0.82968 2 
80.816 10.423 -2.96400 -0.37360 2 
83.382 10.423 -2.71646 1.19834 2 
85.948 10.423 -2.46881 0.67465 2 
88.513 10.423 -2.63216 0.26755 2 
91.079 10.423 -2.19828 1.18624 2 
93.644 10.423 -2.21957 1.07164 2 
96.210 10.423 -1.52613 1.64693 2 
98.776 10.423 -1.86574 1.75114 2 
101.341 10.423 -3.19894 2.49600 2 
103.907 10.423 -2.25226 -0.96909 2 
106.472 10.423 -1.30558 -4.43417 2 
109.038 10.423 0.92481 -5.53587 2 
111.603 10.423 2.29752 -4.71081 2 
114.169 10.423 -0.39745 -1.83138 2 
116.735 10.423 -0.54073 -2.31576 2 
119.300 10.423 0.04147 1.77124 2 
-8.980 7.857 6.75895 -0.35522 2 
-6.414 7.857 6.52522 -0.28881 2 
-3.848 7.857 6.44183 -0.27169 2 
-1.283 7.857 6.24590 -0.18368 2 
1.283 7.857 6.03236 0.05878 2 
3.848 7.857 6.28053 0.14416 2 
6.414 7.857 3.14026 0.07208 2 
8.980 7.857 0.00000 -0.00000 0 
11.545 7.857 0.00000 -0.00000 0 
14.111 7.857 0.00000 -0.00000 2 
16.676 7.857 1.62127 0.29162 2 
19.242 7.857 2.43190 0.43742 2 
21.808 7.857 0.00000 -0.00000 0 
24.373 7.857 0.00000 -0.00000 0 
26.939 7.857 0.00000 -0.00000 0 
29.504 7.857 0.00000 -0.00000 0 
32.070 7.857 0.00000 -0.00000 0 
34.636 7.857 0.00000 -0.00000 0 
37.201 7.857 0.00000 -0.00000 0 
39.767 7.857 0.00000 -0.00000 0 
42.332 7.857 0.00000 -0.00000 0 
44.898 7.857 0.00000 -0.00000 0 
47.464 7.857 0.00000 -0.00000 0 
50.029 7.857 0.00000 -0.00000 0 
52.595 7.857 0.00000 -0.00000 0 
55.160 7.857 0.00000 -0.00000 0 
57.726 7.857 0.00000 -0.00000 0 
60.292 7.857 -0.50442 -0.24818 2 
62.857 7.857 -0.55506 0.13035 2 
65.423 7.857 -1.31257 -0.44739 2 
67.988 7.857 -1.88067 -0.92618 2 
70.554 7.857 -2.55693 -1.06678 2 
73.120 7.857 -1.96751 -0.29350 2 
75.685 7.857 -2.35130 -1.26626 2 
78.251 7.857 -2.34239 -1.10536 2 
80.816 7.857 -2.93024 0.12161 2 
83.382 7.857 -2.47341 1.06571 2 
85.948 7.857 -2.82451 0.73122 2 
88.513 7.857 -2.32265 0.26962 2 
91.079 7.857 -3.35986 0.53250 2 
93.644 7.857 -3.16846 1.04369 2 
96.210 7.857 -3.03604 1.08787 2 
98.776 7.857 -2.14001 -0.19746 2 
101.341 7.857 -2.64970 -0.40628 2 
103.907 7.857 -3.15938 -0.61509 2 
106.472 7.857 -2.31131 -2.20834 2 
109.038 7.857 -2.47082 -0.76704 2 
111.603 7.857 -2.22502 -1.41459 2 
114.169 7.857 -0.62986 0.02739 2 
116.735 7.857 0.80052 0.27599 2 
119.300 7.857 -0.23571 1.91104 2 
-8.980 5.292 6.61095 -0.41544 2 
-6.414 5.292 6.73552 -0.45807 2 
-3.848 5.292 6.32512 -0.34411 2 
-1.283 5.292 6.26172 -0.36075 2 
1.283 5.292 5.83197 -0.16929 2 
3.848 5.292 6.62778 0.04442 2 
6.414 5.292 1.57013 0.03604 2 
8.980 5.292 0.00000 -0.00000 0 
11.545 5.292 0.00000 -0.00000 0 
14.111 5.292 0.00000 -0.00000 0 
16.676 5.292 0.00000 -0.00000 0 
19.242 5.292 0.00000 -0.00000 0 
21.808 5.292 0.00000 -0.00000 0 
24.373 5.292 0.00000 -0.00000 0 
26.939 5.292 0.00000 -0.00000 0 
29.504 5.292 0.00000 -0.00000 0 
32.070 5.292 0.00000 -0.00000 0 
34.636 5.292 0.00000 -0.00000 0 
37.201 5.292 0.00000 -0.00000 0 
39.767 5.292 0.00000 -0.00000 0 
42.332 5.292 0.00000 -0.00000 0 
44.898 5.292 0.00000 -0.00000 0 
47.464 5.292 0.00000 -0.00000 0 
50.029 5.292 0.00000 -0.00000 0 
52.595 5.292 -0.17766 -0.18348 2 
55.160 5.292 -1.24379 -0.35698 2 
57.726 5.292 -1.30416 -0.38407 2 
60.292 5.292 -1.00885 -0.49636 2 
62.857 5.292 -2.42264 -1.15102 2 
65.423 5.292 -2.23429 -1.00518 2 
67.988 5.292 -2.41458 -1.07005 2 
70.554 5.292 -2.34904 -0.93851 2 
73.120 5.292 -2.71530 -0.40337 2 
75.685 5.292 -2.43855 -1.07552 2 
78.251 5.292 -2.23572 -1.38103 2 
80.816 5.292 -2.27507 -0.39727 2 
83.382 5.292 -2.23036 0.93309 2 
85.948 5.292 -3.18022 0.78779 2 
88.513 5.292 -3.41876 -0.24593 2 
91.079 5.292 -4.07160 -0.11491 2 
93.644 5.292 -4.44675 0.38835 2 
96.210 5.292 -4.72350 0.18190 2 
98.776 5.292 -4.29719 0.67542 2 
101.341 5.292 -4.18184 0.20716 2 
103.907 5.292 -4.06650 -0.26109 2 
106.472 5.292 -3.31705 0.01749 2 
109.038 5.292 -2.63801 -1.08600 2 
111.603 5.292 -2.51577 0.47661 2 
114.169 5.292 -1.71688 0.50159 2 
116.735 5.292 -1.01815 -1.01266 2 
119.300 5.292 -0.23408 1.31875 2 
-8.980 2.726 6.66402 -0.65049 2 
-6.414 2.726 6.66750 -0.50383 2 
-3.848 2.726 6.30778 -0.62488 2 
-1.283 2.726 6.22180 -0.42303 2 
1.283 2.726 6.03257 -0.50914 2 
3.848 2.726 5.42996 -0.20335 2 
6.414 2.726 0.00000 -0.00000 0 
8.980 2.726 0.00000 -0.00000 0 
11.545 2.726 0.00000 -0.00000 0 
14.111 2.726 0.00000 -0.00000 0 
16.676 2.726 0.00000 -0.00000 0 
19.242 2.726 0.00000 -0.00000 0 
21.808 2.726 0.00000 -0.00000 0 
24.373 2.726 0.00000 -0.00000 0 
26.939 2.726 0.00000 -0.00000 0 
29.504 2.726 0.00000 -0.00000 0 
32.070 2.726 0.00000 -0.00000 0 
34.636 2.726 0.00000 -0.00000 0 
37.201 2.726 0.00000 -0.00000 0 
39.767 2.726 0.00000 -0.00000 0 
42.332 2.726 0.00000 -0.00000 0 
44.898 2.726 0.00000 -0.00000 0 
47.464 2.726 -0.45187 -0.14485 2 
50.029 2.726 -0.97389 -0.16808 2 
52.595 2.726 -0.35532 -0.36696 2 
55.160 2.726 -1.33097 -0.58967 2 
57.726 2.726 -2.72069 -1.17739 2 
60.292 2.726 -1.35275 -1.14534 2 
62.857 2.726 -2.67691 -0.61213 2 
65.423 2.726 -2.66628 -0.67550 2 
67.988 2.726 -2.45380 -0.49973 2 
70.554 2.726 -2.16864 -0.82516 2 
73.120 2.726 -1.89243 -0.62280 2 
75.685 2.726 -2.52579 -0.88477 2 
78.251 2.726 -2.55469 -0.18418 2 
80.816 2.726 -2.58359 0.51642 2 
83.382 2.726 -2.25905 0.31322 2 
85.948 2.726 -3.09119 0.59231 2 
88.513 2.726 -3.87277 0.38717 2 
91.079 2.726 -2.96946 -0.63331 2 
93.644 2.726 -3.59778 -0.39407 2 
96.210 2.726 -4.42029 -0.53185 2 
98.776 2.726 -3.67026 -0.09217 2 
101.341 2.726 -3.00897 0.01170 2 
103.907 2.726 -2.34768 0.11557 2 
106.472 2.726 -3.04576 -0.45154 2 
109.038 2.726 -2.80520 -1.40496 2 
111.603 2.726 -3.65100 -0.54878 2 
114.169 2.726 -1.89415 0.11082 2 
116.735 2.726 -1.69945 -0.41277 2 
119.300 2.726 -0.23246 0.72646 2 
-8.980 0.160 6.79108 -0.62077 2 
-6.414 0.160 6.39949 -0.68770 2 
-3.848 0.160 6.22016 -0.78391 2 
-1.283 0.160 6.12606 -0.73598 2 
1.283 0.160 6.88934 -0.66539 2 
3.848 0.160 0.00000 -0.00000 0 
6.414 0.160 0.00000 -0.00000 0 
8.980 0.160 0.00000 -0.00000 0 
11.545 0.160 0.00000 -0.00000 0 
14.111 0.160 0.00000 -0.00000 0 
16.676 0.160 0.00000 -0.00000 0 
19.242 0.160 0.00000 -0.00000 0 
21.808 0.160 0.00000 -0.00000 0 
24.373 0.160 0.00000 -0.00000 0 
26.939 0.160 0.00000 -0.00000 0 
29.504 0.160 0.00000 -0.00000 0 
32.070 0.160 0.00000 -0.00000 0 
34.636 0.160 0.00000 -0.00000 0 
37.201 0.160 0.00000 -0.00000 0 
39.767 0.160 -0.82529 -0.23640 2 
42.332 0.160 -0.79374 -0.26069 2 
44.898 0.160 -0.54878 -0.28227 2 
47.464 0.160 -0.90375 -0.28971 2 
50.029 0.160 -1.79438 -1.04687 2 
52.595 0.160 -1.74937 -1.41728 2 
55.160 0.160 -2.22039 -1.14605 2 
57.726 0.160 -2.26832 -1.47455 2 
60.292 0.160 -1.69665 -1.79432 2 
62.857 0.160 -1.59206 -0.91359 2 
65.423 0.160 -1.59494 -0.71166 2 
67.988 0.160 -2.27575 -0.37854 2 
70.554 0.160 -2.39409 -0.74732 2 
73.120 0.160 -2.04581 -0.22370 2 
75.685 0.160 -2.64428 -0.71046 2 
78.251 0.160 -1.97454 -0.40930 2 
80.816 0.160 -1.30480 -0.10814 2 
83.382 0.160 -2.28773 -0.30664 2 
85.948 0.160 -3.00215 0.39684 2 
88.513 0.160 -2.51765 0.08712 2 
91.079 0.160 -2.52110 -0.30794 2 
93.644 0.160 -2.74882 -1.17649 2 
96.210 0.160 -3.81933 -0.73299 2 
98.776 0.160 -4.05228 -1.38007 2 
101.341 0.160 -2.01285 -0.09296 2 
103.907 0.160 -2.04629 -0.33421 2 
106.472 0.160 -2.77446 -0.92057 2 
109.038 0.160 -2.47585 -1.35384 2 
111.603 0.160 -2.79812 -0.15087 2 
114.169 0.160 -2.07143 -0.27996 2 
116.735 0.160 -1.15113 -0.07289 2 
119.300 0.160 -0.23083 0.13417 2 
-8.980 -2.405 6.60367 -0.65590 2 
-6.414 -2.405 6.69297 -0.75798 2 
-3.848 -2.405 6.38825 -0.81810 2 
-1.283 -2.405 6.35087 -1.00564 2 
1.283 -2.405 0.00000 -0.00000 0 
3.848 -2.405 0.00000 -0.00000 0 
6.414 -2.405 0.00000 -0.00000 0 
8.980 -2.405 0.00000 -0.00000 0 
11.545 -2.405 0.00000 -0.00000 0 
14.111 -2.405 0.00000 -0.00000 0 
16.676 -2.405 0.00000 -0.00000 0 
19.242 -2.405 0.00000 -0.00000 0 
21.808 -2.405 0.00000 -0.00000 0 
24.373 -2.405 0.00000 -0.00000 0 
26.939 -2.405 0.00000 -0.00000 0 
29.504 -2.405 0.00000 -0.00000 0 
32.070 -2.405 -0.30754 -0.04204 2 
34.636 -2.405 -0.61509 -0.08408 2 
37.201 -2.405 -0.88965 -0.33917 2 
39.767 -2.405 -1.65057 -0.47281 2 
42.332 -2.405 -2.06430 -0.59791 2 
44.898 -2.405 -1.53649 -0.35210 2 
47.464 -2.405 -2.04246 -0.41190 2 
50.029 -2.405 -1.74946 -1.46655 2 
52.595 -2.405 -1.98386 -1.73358 2 
55.160 -2.405 -2.17164 -2.04565 2 
57.726 -2.405 -1.81596 -1.77171 2 
60.292 -2.405 -1.56627 -1.65432 2 
62.857 -2.405 -0.56559 -1.20529 2 
65.423 -2.405 -0.52359 -0.74782 2 
67.988 -2.405 -1.98254 -1.08244 2 
70.554 -2.405 -2.61954 -0.66948 2 
73.120 -2.405 -2.19918 0.17540 2 
75.685 -2.405 -1.33168 -0.76659 2 
78.251 -2.405 0.62528 -0.11038 2 
80.816 -2.405 -0.15871 -0.06640 2 
83.382 -2.405 -0.70129 -0.41596 2 
85.948 -2.405 -1.03832 0.19290 2 
88.513 -2.405 -1.16252 -0.21294 2 
91.079 -2.405 -1.80756 -0.20961 2 
93.644 -2.405 -1.61914 -0.47870 2 
96.210 -2.405 0.05373 0.16535 2 
98.776 -2.405 0.31714 -0.84042 2 
101.341 -2.405 -1.01672 -0.19762 2 
103.907 -2.405 -0.87066 -0.61321 2 
106.472 -2.405 -0.72459 -1.02880 2 
109.038 -2.405 -1.95593 -0.36478 2 
111.603 -2.405 -0.12256 0.58353 2 
114.169 -2.405 -0.93801 1.06834 2 
116.735 -2.405 -0.21364 1.06232 2 
119.300 -2.405 0.27015 2.08918 2 
-8.980 -4.971 6.77547 -0.90046 2 
-6.414 -4.971 6.73475 -0.81960 2 
-3.848 -4.971 6.68444 -1.02615 2 
-1.283 -4.971 6.33693 -1.18058 2 
1.283 -4.971 0.00000 -0.00000 0 
3.848 -4.971 0.00000 -0.00000 0 
6.414 -4.971 0.00000 -0.00000 0 
8.980 -4.971 0.00000 -0.00000 0 
11.545 -4.971 0.00000 -0.00000 0 
14.111 -4.971 0.00000 -0.00000 0 
16.676 -4.971 0.00000 -0.00000 0 
19.242 -4.971 0.00000 -0.00000 0 
21.808 -4.971 0.00000 -0.00000 0 
24.373 -4.971 0.89089 -0.09330 2 
26.939 -4.971 -0.79288 -0.17252 2 
29.504 -4.971 -0.14985 -0.43717 2 
32.070 -4.971 -1.16598 -0.26420 2 
34.636 -4.971 -1.84363 -0.39892 2 
37.201 -4.971 -1.03268 -0.31078 2 
39.767 -4.971 -1.08880 -0.31095 2 
42.332 -4.971 -1.67207 -0.75771 2 
44.898 -4.971 -2.52421 -0.42192 2 
47.464 -4.971 -1.94732 -0.03094 2 
50.029 -4.971 -1.98169 -1.44818 2 
52.595 -4.971 -1.63653 -1.89728 2 
55.160 -4.971 -2.09213 -1.11468 2 
57.726 -4.971 -1.55836 -1.60132 2 
60.292 -4.971 -0.99436 -0.96699 2 
62.857 -4.971 -0.98997 -0.52259 2 
65.423 -4.971 -1.04205 -1.14667 2 
67.988 -4.971 -1.04910 -1.49253 2 
70.554 -4.971 -0.25416 -0.87461 2 
73.120 -4.971 1.65795 -0.05810 2 
75.685 -4.971 2.28046 1.02003 2 
78.251 -4.971 0.96602 0.04975 2 
80.816 -4.971 1.48758 0.97371 2 
83.382 -4.971 1.29776 0.42878 2 
85.948 -4.971 -0.34201 0.17855 2 
88.513 -4.971 0.92921 0.26424 2 
91.079 -4.971 0.06225 -0.70483 2 
93.644 -4.971 1.72456 -0.77999 2 
96.210 -4.971 2.41687 0.66195 2 
98.776 -4.971 1.95985 0.20206 2 
101.341 -4.971 1.04376 -1.29050 2 
103.907 -4.971 2.19843 -1.01267 2 
106.472 -4.971 1.70970 -0.06621 2 
109.038 -4.971 2.15002 -0.69575 2 
111.603 -4.971 4.28592 2.32457 2 
114.169 -4.971 2.89959 1.20378 2 
116.735 -4.971 3.79110 2.25267 2 
119.300 -4.971 0.52452 2.89968 2 
-8.980 -7.536 7.09571 -0.94696 2 
-6.414 -7.536 6.85421 -0.91465 2 
-3.848 -7.536 6.59532 -1.09661 2 
-1.283 -7.536 6.70812 -1.37456 2 
1.283 -7.536 6.56615 -1.75487 2 
3.848 -7.536 0.00000 -0.00000 0 
6.414 -7.536 6.17813 -2.87432 2 
8.980 -7.536 3.83449 -1.67441 2 
11.545 -7.536 4.16163 -1.74603 2 
14.111 -7.536 -0.34917 -0.65858 2 
16.676 -7.536 0.13905 0.22105 2 
19.242 -7.536 4.85971 -1.39696 2 
21.808 -7.536 4.61470 -0.63305 2 
24.373 -7.536 1.78179 -0.18661 2 
26.939 -7.536 -1.58575 -0.34505 2 
29.504 -7.536 -0.29969 -0.87434 2 
32.070 -7.536 -1.65431 -0.39367 2 
34.636 -7.536 -1.25704 -0.13654 2 
37.201 -7.536 -1.17571 -0.28239 2 
39.767 -7.536 -0.52703 -0.14909 2 
42.332 -7.536 -1.27983 -0.91752 2 
44.898 -7.536 -0.18346 -0.32129 2 
47.464 -7.536 0.06681 0.30900 2 
50.029 -7.536 -0.69690 -0.24779 2 
52.595 -7.536 0.01745 -1.41473 2 
55.160 -7.536 -0.24231 0.28293 2 
57.726 -7.536 -0.64573 -0.13926 2 
60.292 -7.536 -0.74100 -0.32726 2 
62.857 -7.536 -1.37410 -1.17743 2 
65.423 -7.536 -0.33832 -1.15008 2 
67.988 -7.536 0.00460 -1.46404 2 
70.554 -7.536 2.75006 0.17350 2 
73.120 -7.536 1.64745 0.73357 2 
75.685 -7.536 2.64645 0.23589 2 
78.251 -7.536 1.30675 0.20987 2 
80.816 -7.536 1.67139 1.12614 2 
83.382 -7.536 0.89976 -0.19949 2 
85.948 -7.536 1.25985 0.31275 2 
88.513 -7.536 1.79961 0.97346 2 
91.079 -7.536 2.37512 0.95969 2 
93.644 -7.536 5.59240 1.67399 2 
96.210 -7.536 5.48143 2.07270 2 
98.776 -7.536 6.64384 2.37134 2 
101.341 -7.536 5.29699 1.49433 2 
103.907 -7.536 4.37487 -0.86610 2 
106.472 -7.536 5.09555 0.47437 2 
109.038 -7.536 5.98707 0.97863 2 
111.603 -7.536 6.44325 1.21000 2 
114.169 -7.536 5.99635 2.21740 2 
116.735 -7.536 6.13658 1.00524 2 
119.300 -7.536 0.00000 -0.00000 0 
-8.980 -10.102 7.02739 -0.86912 2 
-6.414 -10.102 7.03776 -1.02502 2 
-3.848 -10.102 6.93801 -1.24603 2 
-1.283 -10.102 6.88026 -1.52502 2 
1.283 -10.102 6.78402 -1.93016 2 
3.848 -10.102 7.14129 -2.32640 2 
6.414 -10.102 7.10675 -2.79414 2 
8.980 -10.102 7.66898 -3.34883 2 
11.545 -10.102 8.32325 -3.49207 2 
14.111 -10.102 9.14802 -3.26116 2 
16.676 -10.102 9.60597 -2.72184 2 
19.242 -10.102 9.71941 -2.79393 2 
21.808 -10.102 9.22941 -1.26610 2 
24.373 -10.102 6.93112 -0.21477 2 
26.939 -10.102 -0.03461 -1.11894 2 
29.504 -10.102 0.68237 -1.50016 2 
32.070 -10.102 0.78702 -0.70291 2 
34.636 -10.102 0.36461 -0.46718 2 
37.201 -10.102 1.66813 -1.32604 2 
39.767 -10.102 2.19145 -0.91516 2 
42.332 -10.102 1.47789 -0.79562 2 
44.898 -10.102 2.15730 -0.22066 2 
47.464 -10.102 0.65314 -0.20378 2 
50.029 -10.102 1.80319 0.52665 2 
52.595 -10.102 1.33344 0.07832 2 
55.160 -10.102 1.92179 -0.56771 2 
57.726 -10.102 2.55330 -0.05399 2 
60.292 -10.102 0.52689 -0.51559 2 
62.857 -10.102 0.84999 -1.14073 2 
65.423 -10.102 1.00913 -0.19149 2 
67.988 -10.102 0.88889 -1.08576 2 
70.554 -10.102 1.52100 -0.58690 2 
73.120 -10.102 1.60259 -0.93701 2 
75.685 -10.102 2.28720 0.32471 2 
78.251 -10.102 4.79518 1.00343 2 
80.816 -10.102 2.66632 0.70388 2 
83.382 -10.102 3.11149 0.52762 2 
85.948 -10.102 3.50413 0.44786 2 
88.513 -10.102 5.76320 1.28409 2 
91.079 -10.102 6.11964 1.21912 2 
93.644 -10.102 5.63258 0.73593 2 
96.210 -10.102 7.05486 1.23435 2 
98.776 -10.102 7.08070 1.65268 2 
101.341 -10.102 6.78710 1.52537 2 
103.907 -10.102 6.57140 0.64189 2 
106.472 -10.102 7.94836 1.01837 2 
109.038 -10.102 6.78392 0.96326 2 
111.603 -10.102 7.30316 1.08438 2 
114.169 -10.102 6.91342 1.87571 2 
116.735 -10.102 7.15173 0.97082 2 
119.300 -10.102 0.00000 -0.00000 0 
-8.980 -12.668 6.94968 -1.02168 2 
-6.414 -12.668 7.10742 -1.13090 2 
-3.848 -12.668 7.03533 -1.36075 2 
-1.283 -12.668 7.08553 -1.41037 2 
1.283 -12.668 7.06115 -1.88660 2 
3.848 -12.668 7.19069 -2.10718 2 
6.414 -12.668 7.12541 -2.49108 2 
8.980 -12.668 7.41417 -2.49680 2 
11.545 -12.668 8.03335 -2.92932 2 
14.111 -12.668 8.69318 -2.65450 2 
16.676 -12.668 8.88602 -2.73439 2 
19.242 -12.668 9.27715 -2.34031 2 
21.808 -12.668 9.71407 -2.21190 2 
24.373 -12.668 8.10466 -1.04805 2 
26.939 -12.668 9.88398 -1.16326 2 
29.504 -12.668 9.36711 -1.46913 2 
32.070 -12.668 4.96818 -1.17970 2 
34.636 -12.668 4.98666 -0.87036 2 
37.201 -12.668 5.86811 -1.10832 2 
39.767 -12.668 4.90994 -1.68123 2 
42.332 -12.668 4.23561 -0.67373 2 
44.898 -12.668 3.56129 0.33377 2 
47.464 -12.668 4.90656 -0.19263 2 
50.029 -12.668 5.56189 -0.13279 2 
52.595 -12.668 5.88663 0.42557 2 
55.160 -12.668 3.75182 -0.83354 2 
57.726 -12.668 5.14615 -0.03713 2 
60.292 -12.668 5.92763 -0.82784 2 
62.857 -12.668 4.40198 0.45899 2 
65.423 -12.668 4.48971 0.97966 2 
67.988 -12.668 4.09387 -0.47492 2 
70.554 -12.668 4.77008 0.03172 2 
73.120 -12.668 4.85301 -0.66711 2 
75.685 -12.668 5.68468 1.38567 2 
78.251 -12.668 6.55127 1.26322 2 
80.816 -12.668 7.41787 1.14077 2 
83.382 -12.668 5.32322 1.25472 2 
85.948 -12.668 5.21402 0.75419 2 
88.513 -12.668 6.78657 1.13905 2 
91.079 -12.668 7.13912 1.14277 2 
93.644 -12.668 7.07186 0.90303 2 
96.210 -12.668 8.00358 1.06213 2 
98.776 -12.668 8.46916 0.72453 2 
101.341 -12.668 7.92840 0.79351 2 
103.907 -12.668 7.38764 0.86248 2 
106.472 -12.668 7.13320 1.08482 2 
109.038 -12.668 7.58077 0.94789 2 
111.603 -12.668 8.16307 0.95875 2 
114.169 -12.668 7.83048 1.53403 2 
116.735 -12.668 8.16689 0.93640 2 
119.300 -12.668 0.00000 -0.00000 0 
-8.980 -15.233 7.27621 -1.07174 2 
-6.414 -15.233 7.12825 -1.12750 2 
-3.848 -15.233 7.13005 -1.39408 2 
-1.283 -15.233 7.17369 -1.48916 2 
1.283 -15.233 7.36230 -1.82758 2 
3.848 -15.233 7.32880 -1.99008 2 
6.414 -15.233 7.53112 -2.25233 2 
8.980 -15.233 7.82615 -2.33871 2 
11.545 -15.233 8.16339 -2.50707 2 
14.111 -15.233 8.57590 -2.36849 2 
16.676 -15.233 8.78788 -2.30656 2 
19.242 -15.233 8.98784 -2.13076 2 
21.808 -15.233 9.13649 -2.10719 2 
24.373 -15.233 9.27820 -1.88132 2 
26.939 -15.233 9.31778 -1.58451 2 
29.504 -15.233 9.63975 -1.82040 2 
32.070 -15.233 9.14933 -1.65649 2 
34.636 -15.233 9.60872 -1.27354 2 
37.201 -15.233 10.06810 -0.89060 2 
39.767 -15.233 9.24422 -1.50570 2 
42.332 -15.233 9.51072 -0.72130 2 
44.898 -15.233 9.77723 0.06310 2 
47.464 -15.233 9.15998 -0.18147 2 
50.029 -15.233 9.32058 -0.79223 2 
52.595 -15.233 9.45506 0.16950 2 
55.160 -15.233 8.02149 0.03679 2 
57.726 -15.233 7.73899 -0.02027 2 
60.292 -15.233 8.17260 -0.47624 2 
62.857 -15.233 5.32070 -0.09452 2 
65.423 -15.233 6.57855 -0.37851 2 
67.988 -15.233 7.29885 0.13591 2 
70.554 -15.233 8.01916 0.65033 2 
73.120 -15.233 7.37321 -0.18143 2 
75.685 -15.233 6.85905 0.93661 2 
78.251 -15.233 7.87081 0.99873 2 
80.816 -15.233 8.52460 1.21057 2 
83.382 -15.233 6.80675 0.80264 2 
85.948 -15.233 6.92390 1.06052 2 
88.513 -15.233 7.04106 1.31841 2 
91.079 -15.233 7.77610 1.19427 2 
93.644 -15.233 8.51114 1.07013 2 
96.210 -15.233 8.89291 1.33782 2 
98.776 -15.233 8.86045 0.81457 2 
101.341 -15.233 8.74881 0.96751 2 
103.907 -15.233 8.63718 1.12045 2 
106.472 -15.233 8.86799 0.75619 2 
109.038 -15.233 8.99222 1.09427 2 
111.603 -15.233 9.13560 1.30710 2 
114.169 -15.233 9.10141 1.26981 2 
116.735 -15.233 9.33438 0.83536 2 
119.300 -15.233 0.00000 -0.00000 0 
-8.980 -17.799 7.31071 -1.02527 2 
-6.414 -17.799 7.37656 -0.94617 2 
-3.848 -17.799 7.33521 -1.34182 2 
-1.283 -17.799 7.37808 -1.41603 2 
1.283 -17.799 7.37999 -1.57694 2 
3.848 -17.799 7.51271 -1.82189 2 
6.414 -17.799 7.82377 -1.95214 2 
8.980 -17.799 7.91232 -2.19282 2 
11.545 -17.799 8.30904 -2.13807 2 
14.111 -17.799 8.55151 -2.12536 2 
16.676 -17.799 8.70661 -2.08588 2 
19.242 -17.799 8.81379 -2.08656 2 
21.808 -17.799 9.02189 -1.81699 2 
24.373 -17.799 9.09163 -1.95782 2 
26.939 -17.799 9.33130 -1.49343 2 
29.504 -17.799 9.31479 -1.62603 2 
32.070 -17.799 9.58008 -1.44915 2 
34.636 -17.799 9.79346 -1.12063 2 
37.201 -17.799 10.04843 -1.02926 2 
39.767 -17.799 10.09176 -0.84094 2 
42.332 -17.799 9.90055 -0.50066 2 
44.898 -17.799 9.56222 -0.23380 2 
47.464 -17.799 9.31480 -0.56086 2 
50.029 -17.799 9.32878 -0.46119 2 
52.595 -17.799 9.84137 -0.56071 2 
55.160 -17.799 9.31305 -1.03486 2 
57.726 -17.799 9.86802 -0.39827 2 
60.292 -17.799 10.41757 -0.12465 2 
62.857 -17.799 10.17399 -0.26518 2 
65.423 -17.799 10.27938 0.29619 2 
67.988 -17.799 9.72921 0.45371 2 
70.554 -17.799 9.17904 0.61123 2 
73.120 -17.799 9.89341 0.30425 2 
75.685 -17.799 9.82783 0.32909 2 
78.251 -17.799 9.33551 0.91880 2 
80.816 -17.799 9.63132 1.28037 2 
83.382 -17.799 9.08164 0.77278 2 
85.948 -17.799 8.54122 0.96671 2 
88.513 -17.799 8.47635 1.17355 2 
91.079 -17.799 8.54428 1.07106 2 
93.644 -17.799 8.61220 0.96857 2 
96.210 -17.799 9.00361 0.91477 2 
98.776 -17.799 8.78732 0.84954 2 
101.341 -17.799 9.06035 0.85516 2 
103.907 -17.799 9.33338 0.86078 2 
106.472 -17.799 8.90935 0.83697 2 
109.038 -17.799 9.13092 1.05781 2 
111.603 -17.799 8.96083 1.17779 2 
114.169 -17.799 9.39948 1.05814 2 
116.735 -17.799 9.22967 0.76645 2 
119.300 -17.799 0.00000 -0.00000 0 
-8.980 -20.364 7.31735 -1.07038 2 
-6.414 -20.364 7.27226 -1.09211 2 
-3.848 -20.364 7.43376 -1.34016 2 
-1.283 -20.364 7.35977 -1.40375 2 
1.283 -20.364 7.59456 -1.56944 2 
3.848 -20.364 7.81292 -1.65689 2 
6.414 -20.364 7.81763 -1.76837 2 
8.980 -20.364 8.05990 -1.88423 2 
11.545 -20.364 8.23883 -1.92770 2 
14.111 -20.364 8.58621 -1.94648 2 
16.676 -20.364 8.68916 -1.92161 2 
19.242 -20.364 8.87246 -1.83166 2 
21.808 -20.364 9.08948 -1.73449 2 
24.373 -20.364 8.98776 -1.55759 2 
26.939 -20.364 9.15247 -1.42667 2 
29.504 -20.364 9.37573 -1.30363 2 
32.070 -20.364 9.46731 -1.38982 2 
34.636 -20.364 9.54682 -1.18139 2 
37.201 -20.364 9.73550 -0.96668 2 
39.767 -20.364 9.78947 -0.77797 2 
42.332 -20.364 9.63942 -0.76912 2 
44.898 -20.364 9.34722 -0.53070 2 
47.464 -20.364 9.45906 -0.46255 2 
50.029 -20.364 9.40318 -0.59906 2 
52.595 -20.364 9.55637 -0.60261 2 
55.160 -20.364 9.66500 -0.48408 2 
57.726 -20.364 9.83216 -0.53403 2 
60.292 -20.364 9.96553 -0.26730 2 
62.857 -20.364 9.94767 -0.02456 2 
65.423 -20.364 10.15820 -0.00962 2 
67.988 -20.364 9.86891 0.45322 2 
70.554 -20.364 9.55254 0.45878 2 
73.120 -20.364 9.39124 0.47157 2 
75.685 -20.364 9.49086 0.59829 2 
78.251 -20.364 9.78814 0.57580 2 
80.816 -20.364 9.63697 0.88204 2 
83.382 -20.364 9.61136 0.90023 2 
85.948 -20.364 9.50098 0.80893 2 
88.513 -20.364 9.16894 0.89771 2 
91.079 -20.364 8.83690 0.98649 2 
93.644 -20.364 8.91801 1.05632 2 
96.210 -20.364 8.79526 0.77480 2 
98.776 -20.364 8.96940 0.82249 2 
101.341 -20.364 9.07983 0.74496 2 
103.907 -20.364 9.19147 0.84587 2 
106.472 -20.364 8.95072 0.91775 2 
109.038 -20.364 9.15582 0.82610 2 
111.603 -20.364 9.01821 0.86420 2 
114.169 -20.364 9.06815 1.07617 2 
116.735 -20.364 9.12496 0.69753 2 
119.300 -20.364 0.00000 -0.00000 0 
-8.980 -22.930 7.44180 -0.97979 2 
-6.414 -22.930 7.38237 -1.11165 2 
-3.848 -22.930 7.54326 -1.07988 2 
-1.283 -22.930 7.52032 -1.31869 2 
1.283 -22.930 7.64551 -1.43410 2 
3.848 -22.930 7.83370 -1.51483 2 
6.414 -22.930 7.93594 -1.57231 2 
8.980 -22.930 8.08957 -1.63750 2 
11.545 -22.930 8.37813 -1.75049 2 
14.111 -22.930 8.44908 -1.80608 2 
16.676 -22.930 8.54971 -1.81537 2 
19.242 -22.930 8.62135 -1.57314 2 
21.808 -22.930 8.88518 -1.48236 2 
24.373 -22.930 8.96802 -1.57575 2 
26.939 -22.930 8.97318 -1.27733 2 
29.504 -22.930 9.21485 -1.36601 2 
32.070 -22.930 9.29105 -1.14057 2 
34.636 -22.930 9.46906 -0.98896 2 
37.201 -22.930 9.48304 -0.93039 2 
39.767 -22.930 9.46582 -0.79111 2 
42.332 -22.930 9.43285 -0.79868 2 
44.898 -22.930 9.48733 -0.66363 2 
47.464 -22.930 9.31066 -0.52703 2 
50.029 -22.930 9.50779 -0.70373 2 
52.595 -22.930 9.47801 -0.61493 2 
55.160 -22.930 9.59638 -0.52172 2 
57.726 -22.930 9.79386 -0.51415 2 
60.292 -22.930 9.62732 -0.26887 2 
62.857 -22.930 9.83078 -0.29293 2 
65.423 -22.930 9.87224 0.11376 2 
67.988 -22.930 9.59148 0.27825 2 
70.554 -22.930 9.75204 0.35219 2 
73.120 -22.930 9.61327 0.29036 2 
75.685 -22.930 9.45434 0.65817 2 
78.251 -22.930 9.65958 0.44285 2 
80.816 -22.930 9.44338 0.71026 2 
83.382 -22.930 9.40413 0.84378 2 
85.948 -22.930 9.35406 0.94390 2 
88.513 -22.930 9.07180 0.91107 2 
91.079 -22.930 9.04355 0.82254 2 
93.644 -22.930 8.95654 0.73222 2 
96.210 -22.930 8.88263 0.88402 2 
98.776 -22.930 9.02208 0.76842 2 
101.341 -22.930 8.93500 0.73658 2 
103.907 -22.930 9.17381 0.87485 2 
106.472 -22.930 9.00719 0.89394 2 
109.038 -22.930 9.09884 0.88134 2 
111.603 -22.930 9.13798 0.87224 2 
114.169 -22.930 8.97477 0.80579 2 
116.735 -22.930 9.21018 0.89357 2 
119.300 -22.930 0.00000 -0.00000 0 
-8.980 -25.496 7.37275 -0.98719 2 
-6.414 -25.496 7.64350 -1.13120 2 
-3.848 -25.496 7.63150 -1.09787 2 
-1.283 -25.496 7.67900 -1.30744 2 
1.283 -25.496 7.81845 -1.24979 2 
3.848 -25.496 7.93080 -1.56088 2 
6.414 -25.496 8.06822 -1.50971 2 
8.980 -25.496 8.11258 -1.63044 2 
11.545 -25.496 8.35624 -1.59442 2 
14.111 -25.496 8.39047 -1.49749 2 
16.676 -25.496 8.58077 -1.67735 2 
19.242 -25.496 8.81174 -1.46679 2 
21.808 -25.496 8.87955 -1.48460 2 
24.373 -25.496 8.97851 -1.35740 2 
26.939 -25.496 8.96426 -1.29749 2 
29.504 -25.496 9.02322 -1.18396 2 
32.070 -25.496 9.21893 -0.96954 2 
34.636 -25.496 9.35222 -1.11906 2 
37.201 -25.496 9.27180 -0.92408 2 
39.767 -25.496 9.34789 -0.84440 2 
42.332 -25.496 9.53721 -0.59486 2 
44.898 -25.496 9.42074 -0.70240 2 
47.464 -25.496 9.57956 -0.65180 2 
50.029 -25.496 9.20152 -0.53030 2 
52.595 -25.496 9.56204 -0.38348 2 
55.160 -25.496 9.70169 -0.39534 2 
57.726 -25.496 9.52450 -0.39005 2 
60.292 -25.496 9.51273 -0.19385 2 
62.857 -25.496 9.53306 -0.05849 2 
65.423 -25.496 9.53729 0.09467 2 
67.988 -25.496 9.54207 0.17749 2 
70.554 -25.496 9.53007 0.16305 2 
73.120 -25.496 9.38196 0.49102 2 
75.685 -25.496 9.30642 0.39251 2 
78.251 -25.496 9.32266 0.35360 2 
80.816 -25.496 9.32493 0.78541 2 
83.382 -25.496 9.43196 0.73288 2 
85.948 -25.496 9.05936 0.55947 2 
88.513 -25.496 9.04837 0.79120 2 
91.079 -25.496 8.92241 0.73484 2 
93.644 -25.496 9.21546 0.74179 2 
96.210 -25.496 9.00944 0.68528 2 
98.776 -25.496 8.96767 0.79335 2 
101.341 -25.496 9.05379 0.67691 2 
103.907 -25.496 9.11643 0.60903 2 
106.472 -25.496 9.01338 0.71651 2 
109.038 -25.496 9.04810 0.90976 2 
111.603 -25.496 8.84673 0.78964 2 
114.169 -25.496 8.90290 0.80929 2 
116.735 -25.496 9.29539 1.08960 2 
119.300 -25.496 0.00000 -0.00000 0 
-8.980 -28.061 7.60933 -0.93342 2 
-6.414 -28.061 7.57392 -0.98538 2 
-3.848 -28.061 7.54013 -1.04467 2 
-1.283 -28.061 7.87531 -1.08898 2 
1.283 -28.061 7.67100 -1.21824 2 
3.848 -28.061 7.94885 -1.11188 2 
6.414 -28.061 8.13264 -1.42148 2 
8.980 -28.061 8.07144 -1.37426 2 
11.545 -28.061 8.29365 -1.60741 2 
14.111 -28.061 8.49985 -1.34191 2 
16.676 -28.061 8.64603 -1.45374 2 
19.242 -28.061 8.80045 -1.36815 2 
21.808 -28.061 8.71513 -1.34017 2 
24.373 -28.061 8.85774 -1.30995 2 
26.939 -28.061 8.83368 -1.16992 2 
29.504 -28.061 9.03518 -1.08019 2 
32.070 -28.061 9.05551 -1.03078 2 
34.636 -28.061 9.12504 -0.81093 2 
37.201 -28.061 9.18871 -0.88283 2 
39.767 -28.061 9.11074 -0.68067 2 
42.332 -28.061 9.35394 -0.85130 2 
44.898 -28.061 9.42928 -0.60708 2 
47.464 -28.061 9.20535 -0.57108 2 
50.029 -28.061 9.26866 -0.39973 2 
52.595 -28.061 9.37911 -0.51745 2 
55.160 -28.061 9.54617 -0.37414 2 
57.726 -28.061 9.53170 -0.22830 2 
60.292 -28.061 9.42184 -0.00853 2 
62.857 -28.061 9.50955 -0.23697 2 
65.423 -28.061 9.50416 0.09949 2 
67.988 -28.061 9.46726 0.09052 2 
70.554 -28.061 9.44488 0.15819 2 
73.120 -28.061 9.40821 0.24771 2 
75.685 -28.061 9.34100 0.34370 2 
78.251 -28.061 9.33838 0.34860 2 
80.816 -28.061 9.27322 0.39790 2 
83.382 -28.061 9.14983 0.46252 2 
85.948 -28.061 9.03716 0.65508 2 
88.513 -28.061 9.12343 0.67283 2 
91.079 -28.061 9.07565 0.71892 2 
93.644 -28.061 9.05574 0.59167 2 
96.210 -28.061 9.10863 0.68075 2 
98.776 -28.061 9.00015 0.64656 2 
101.341 -28.061 9.07966 0.68821 2 
103.907 -28.061 8.88450 0.85504 2 
106.472 -28.061 8.99937 0.95221 2 
109.038 -28.061 8.85544 0.82021 2 
111.603 -28.061 8.83750 0.97339 2 
114.169 -28.061 8.79990 1.06397 2 
116.735 -28.061 9.09541 0.99484 2 
119.300 -28.061 0.00000 -0.00000 0 
-8.980 -30.627 7.75790 -0.93839 2 
-6.414 -30.627 7.52756 -0.93381 2 
-3.848 -30.627 7.78776 -0.97215 2 
-1.283 -30.627 7.89811 -1.08983 2 
1.283 -30.627 7.88337 -1.11951 2 
3.848 -30.627 7.97646 -1.20223 2 
6.414 -30.627 8.08569 -1.08111 2 
8.980 -30.627 8.24420 -1.25442 2 
11.545 -30.627 8.32616 -1.19585 2 
14.111 -30.627 8.46360 -1.25112 2 
16.676 -30.627 8.50254 -1.18479 2 
19.242 -30.627 8.59164 -1.24095 2 
21.808 -30.627 8.82717 -1.10288 2 
24.373 -30.627 8.79602 -1.12163 2 
26.939 -30.627 8.85509 -1.13915 2 
29.504 -30.627 8.93117 -0.92366 2 
32.070 -30.627 8.99619 -1.07910 2 
34.636 -30.627 9.04031 -0.84277 2 
37.201 -30.627 9.04572 -0.73493 2 
39.767 -30.627 9.17758 -0.73772 2 
42.332 -30.627 9.25504 -0.69804 2 
44.898 -30.627 9.24334 -0.61937 2 
47.464 -30.627 9.36721 -0.70746 2 
50.029 -30.627 9.21607 -0.58139 2 
52.595 -30.627 9.29131 -0.49845 2 
55.160 -30.627 9.35436 -0.37146 2 
57.726 -30.627 9.34979 -0.34993 2 
60.292 -30.627 9.31730 -0.26125 2 
62.857 -30.627 9.36380 -0.20504 2 
65.423 -30.627 9.23646 0.10510 2 
67.988 -30.627 9.28351 -0.04491 2 
70.554 -30.627 9.16160 0.25032 2 
73.120 -30.627 9.38558 0.23770 2 
75.685 -30.627 9.41857 0.30066 2 
78.251 -30.627 9.25462 0.54896 2 
80.816 -30.627 9.15603 0.57254 2 
83.382 -30.627 9.26660 0.44761 2 
85.948 -30.627 8.99120 0.58885 2 
88.513 -30.627 9.04894 0.70792 2 
91.079 -30.627 8.88704 0.61769 2 
93.644 -30.627 8.98463 0.59303 2 
96.210 -30.627 8.81614 0.76079 2 
98.776 -30.627 8.87755 0.70551 2 
101.341 -30.627 8.94598 0.69857 2 
103.907 -30.627 8.97305 0.80655 2 
106.472 -30.627 8.81815 0.72370 2 
109.038 -30.627 8.84690 0.75003 2 
111.603 -30.627 8.86420 0.86562 2 
114.169 -30.627 8.66692 0.83160 2 
116.735 -30.627 8.89542 0.90008 2 
119.300 -30.627 0.00000 -0.00000 0 
-8.980 -33.192 7.66757 -0.92158 2 
-6.414 -33.192 7.74403 -0.93563 2 
-3.848 -33.192 7.80722 -0.93286 2 
-1.283 -33.192 7.78657 -0.87539 2 
1.283 -33.192 7.97110 -1.08419 2 
3.848 -33.192 7.94679 -1.10054 2 
6.414 -33.192 8.20326 -1.11643 2 
8.980 -33.192 8.31238 -1.07504 2 
11.545 -33.192 8.34771 -1.10622 2 
14.111 -33.192 8.31690 -1.12764 2 
16.676 -33.192 8.53399 -1.26212 2 
19.242 -33.192 8.68177 -1.10870 2 
21.808 -33.192 8.51934 -1.11769 2 
24.373 -33.192 8.89218 -1.08909 2 
26.939 -33.192 8.77006 -1.06995 2 
29.504 -33.192 8.85311 -0.84196 2 
32.070 -33.192 9.01186 -0.81010 2 
34.636 -33.192 8.93990 -0.87510 2 
37.201 -33.192 9.03447 -0.84763 2 
39.767 -33.192 9.23917 -0.75174 2 
42.332 -33.192 8.93399 -0.62323 2 
44.898 -33.192 9.21291 -0.58681 2 
47.464 -33.192 9.04753 -0.60514 2 
50.029 -33.192 9.25176 -0.35512 2 
52.595 -33.192 9.11893 -0.48007 2 
55.160 -33.192 9.26791 -0.59256 2 
57.726 -33.192 9.15449 -0.29268 2 
60.292 -33.192 9.19403 0.01524 2 
62.857 -33.192 9.34098 -0.10112 2 
65.423 -33.192 9.20276 0.10054 2 
67.988 -33.192 9.21970 -0.03748 2 
70.554 -33.192 9.28273 0.07230 2 
73.120 -33.192 9.23120 0.22355 2 
75.685 -33.192 9.19059 0.48095 2 
78.251 -33.192 9.18415 0.33754 2 
80.816 -33.192 9.16859 0.40361 2 
83.382 -33.192 8.99934 0.56157 2 
85.948 -33.192 9.11868 0.56093 2 
88.513 -33.192 8.96123 0.51288 2 
91.079 -33.192 8.99461 0.60336 2 
93.644 -33.192 9.05410 0.54934 2 
96.210 -33.192 8.93531 0.58443 2 
98.776 -33.192 8.87272 0.80601 2 
101.341 -33.192 8.85684 0.63773 2 
103.907 -33.192 8.83252 0.63084 2 
106.472 -33.192 8.72459 0.89120 2 
109.038 -33.192 8.91266 0.74998 2 
111.603 -33.192 8.78598 0.81781 2 
114.169 -33.192 8.79095 0.90675 2 
116.735 -33.192 8.69543 0.80532 2 
119.300 -33.192 0.00000 -0.00000 0 
-8.980 -35.758 7.98048 -0.82234 2 
-6.414 -35.758 7.79717 -0.86401 2 
-3.848 -35.758 7.81993 -0.95346 2 
-1.283 -35.758 7.88177 -1.07143 2 
1.283 -35.758 8.04862 -1.03806 2 
3.848 -35.758 8.13394 -0.92985 2 
6.414 -35.758 8.11530 -1.06473 2 
8.980 -35.758 8.25142 -1.03615 2 
11.545 -35.758 8.22485 -0.98923 2 
14.111 -35.758 8.60043 -0.93907 2 
16.676 -35.758 8.45562 -1.06908 2 
19.242 -35.758 8.60602 -0.92427 2 
21.808 -35.758 8.70752 -1.10598 2 
24.373 -35.758 8.73904 -0.83622 2 
26.939 -35.758 8.79153 -0.91662 2 
29.504 -35.758 8.98989 -0.85232 2 
32.070 -35.758 8.86460 -0.93121 2 
34.636 -35.758 9.00541 -0.76368 2 
37.201 -35.758 9.01507 -0.79587 2 
39.767 -35.758 9.04483 -0.80340 2 
42.332 -35.758 8.93814 -0.73885 2 
44.898 -35.758 9.05197 -0.59787 2 
47.464 -35.758 9.18513 -0.45123 2 
50.029 -35.758 9.03520 -0.51224 2 
52.595 -35.758 9.01439 -0.48257 2 
55.160 -35.758 9.28178 -0.01029 2 
57.726 -35.758 9.20865 -0.44056 2 
60.292 -35.758 9.05477 -0.20023 2 
62.857 -35.758 9.11822 -0.22935 2 
65.423 -35.758 9.16278 -0.02073 2 
67.988 -35.758 9.20459 0.00772 2 
70.554 -35.758 9.11089 0.11366 2 
73.120 -35.758 9.06514 0.20882 2 
75.685 -35.758 9.09171 0.40348 2 
78.251 -35.758 9.14263 0.35388 2 
80.816 -35.758 9.08153 0.38165 2 
83.382 -35.758 9.04500 0.33571 2 
85.948 -35.758 8.94303 0.38793 2 
88.513 -35.758 9.01775 0.50787 2 
91.079 -35.758 8.94749 0.56982 2 
93.644 -35.758 8.94678 0.43150 2 
96.210 -35.758 8.74279 0.66739 2 
98.776 -35.758 8.93081 0.59426 2 
101.341 -35.758 8.86885 0.78708 2 
103.907 -35.758 8.92966 0.81427 2 
106.472 -35.758 8.85554 0.52204 2 
109.038 -35.758 8.87420 0.74564 2 
111.603 -35.758 8.83738 0.92656 2 
114.169 -35.758 8.64953 0.65481 2 
116.735 -35.758 9.04993 0.98557 2 
119.300 -35.758 0.00000 -0.00000 0 
-8.980 -38.324 7.74508 -0.82016 2 
-6.414 -38.324 7.92880 -0.89047 2 
-3.848 -38.324 7.97759 -0.92916 2 
-1.283 -38.324 7.91687 -0.88212 2 
1.283 -38.324 8.02662 -0.92548 2 
3.848 -38.324 8.29029 -0.90631 2 
6.414 -38.324 8.16872 -0.92645 2 
8.980 -38.324 8.13685 -0.98621 2 
11.545 -38.324 8.37227 -1.16330 2 
14.111 -38.324 8.27322 -1.05625 2 
16.676 -38.324 8.50310 -0.82750 2 
19.242 -38.324 8.56466 -0.98423 2 
21.808 -38.324 8.64929 -0.93969 2 
24.373 -38.324 8.68723 -0.92307 2 
26.939 -38.324 8.75159 -0.99354 2 
29.504 -38.324 8.90557 -0.79409 2 
32.070 -38.324 8.89724 -0.76737 2 
34.636 -38.324 8.90442 -0.84976 2 
37.201 -38.324 8.90565 -0.75344 2 
39.767 -38.324 9.00396 -0.58602 2 
42.332 -38.324 9.04794 -0.64518 2 
44.898 -38.324 8.98888 -0.46744 2 
47.464 -38.324 9.12185 -0.61906 2 
50.029 -38.324 8.89873 -0.31607 2 
52.595 -38.324 9.03815 -0.36899 2 
55.160 -38.324 9.02024 -0.47557 2 
57.726 -38.324 9.15941 -0.30271 2 
60.292 -38.324 9.12790 -0.15682 2 
62.857 -38.324 9.14138 -0.11400 2 
65.423 -38.324 8.96602 0.05110 2 
67.988 -38.324 9.05802 0.06596 2 
70.554 -38.324 9.07822 0.10170 2 
73.120 -38.324 9.18422 0.16586 2 
75.685 -38.324 9.00288 0.20768 2 
78.251 -38.324 8.96980 0.28134 2 
80.816 -38.324 9.03262 0.54685 2 
83.382 -38.324 9.03900 0.31467 2 
85.948 -38.324 8.82346 0.38822 2 
88.513 -38.324 9.02662 0.49553 2 
91.079 -38.324 8.95339 0.60852 2 
93.644 -38.324 8.79462 0.63708 2 
96.210 -38.324 9.04009 0.54327 2 
98.776 -38.324 8.90356 0.53355 2 
101.341 -38.324 8.76756 0.63925 2 
103.907 -38.324 8.87825 0.53044 2 
106.472 -38.324 8.76896 0.77407 2 
109.038 -38.324 8.79275 0.70326 2 
111.603 -38.324 8.65828 0.76557 2 
114.169 -38.324 8.60040 0.79366 2 
116.735 -38.324 9.07673 0.92851 2 
119.300 -38.324 0.00000 -0.00000 0 
-8.980 -40.889 7.91253 -0.74395 2 
-6.414 -40.889 7.77532 -0.78277 2 
-3.848 -40.889 7.86945 -0.82300 2 
-1.283 -40.889 8.01396 -0.91715 2 
1.283 -40.889 7.89833 -0.85374 2 
3.848 -40.889 8.21693 -0.88364 2 
6.414 -40.889 8.35908 -0.86830 2 
8.980 -40.889 8.30364 -1.02398 2 
11.545 -40.889 8.42829 -0.76601 2 
14.111 -40.889 8.51794 -0.83803 2 
16.676 -40.889 8.44924 -0.99372 2 
19.242 -40.889 8.65636 -0.97562 2 
21.808 -40.889 8.65438 -0.86818 2 
24.373 -40.889 8.68885 -0.82777 2 
26.939 -40.889 8.83379 -0.81661 2 
29.504 -40.889 8.76373 -0.86459 2 
32.070 -40.889 8.86323 -0.90136 2 
34.636 -40.889 8.88694 -0.64592 2 
37.201 -40.889 8.86242 -0.66606 2 
39.767 -40.889 8.88967 -0.67463 2 
42.332 -40.889 9.00817 -0.49283 2 
44.898 -40.889 9.01106 -0.60305 2 
47.464 -40.889 8.95584 -0.46621 2 
50.029 -40.889 9.14907 -0.52306 2 
52.595 -40.889 9.04553 -0.48924 2 
55.160 -40.889 9.07570 -0.15345 2 
57.726 -40.889 9.02178 -0.28100 2 
60.292 -40.889 9.08241 -0.17021 2 
62.857 -40.889 8.97748 -0.15496 2 
65.423 -40.889 9.03768 -0.04562 2 
67.988 -40.889 9.14396 -0.10117 2 
70.554 -40.889 8.98924 0.09531 2 
73.120 -40.889 8.94116 0.10263 2 
75.685 -40.889 9.10942 0.18267 2 
78.251 -40.889 8.89653 0.26053 2 
80.816 -40.889 8.91073 0.33280 2 
83.382 -40.889 8.88523 0.32244 2 
85.948 -40.889 9.03386 0.45141 2 
88.513 -40.889 8.95263 0.43638 2 
91.079 -40.889 8.87190 0.33574 2 
93.644 -40.889 8.76905 0.30266 2 
96.210 -40.889 8.88523 0.44839 2 
98.776 -40.889 8.74249 0.62082 2 
101.341 -40.889 8.92188 0.59429 2 
103.907 -40.889 8.73370 0.60834 2 
106.472 -40.889 8.73869 0.68336 2 
109.038 -40.889 8.59044 0.71334 2 
111.603 -40.889 8.60117 0.69071 2 
114.169 -40.889 8.68533 0.77576 2 
116.735 -40.889 8.99347 0.84271 2 
119.300 -40.889 0.00000 -0.00000 0 
-8.980 -43.455 7.80878 -0.83244 2 
-6.414 -43.455 7.95376 -0.88844 2 
-3.848 -43.455 7.94808 -0.75020 2 
-1.283 -43.455 8.01042 -0.80932 2 
1.283 -43.455 8.15080 -0.80411 2 
3.848 -43.455 8.01780 -0.97134 2 
6.414 -43.455 8.22426 -0.93318 2 
8.980 -43.455 8.25410 -0.95029 2 
11.545 -43.455 8.37370 -1.03942 2 
14.111 -43.455 8.40093 -0.78158 2 
16.676 -43.455 8.36129 -0.90847 2 
19.242 -43.455 8.53616 -0.82556 2 
21.808 -43.455 8.61013 -0.82573 2 
24.373 -43.455 8.68332 -0.76371 2 
26.939 -43.455 8.69623 -0.77839 2 
29.504 -43.455 8.65519 -0.73731 2 
32.070 -43.455 8.79709 -0.77439 2 
34.636 -43.455 8.87439 -0.59769 2 
37.201 -43.455 8.77768 -0.75588 2 
39.767 -43.455 9.05000 -0.59057 2 
42.332 -43.455 8.78169 -0.72768 2 
44.898 -43.455 8.86289 -0.39950 2 
47.464 -43.455 8.91177 -0.39535 2 
50.029 -43.455 8.86096 -0.30874 2 
52.595 -43.455 9.14679 -0.31986 2 
55.160 -43.455 8.88246 -0.37447 2 
57.726 -43.455 9.13027 -0.18023 2 
60.292 -43.455 8.95459 -0.24823 2 
62.857 -43.455 9.03613 -0.10465 2 
65.423 -43.455 8.98423 -0.02938 2 
67.988 -43.455 9.02771 0.02248 2 
70.554 -43.455 9.03181 0.08361 2 
73.120 -43.455 8.91235 0.15289 2 
75.685 -43.455 8.99954 0.24421 2 
78.251 -43.455 8.87739 0.25318 2 
80.816 -43.455 8.95988 0.44585 2 
83.382 -43.455 9.07383 0.40264 2 
85.948 -43.455 8.95034 0.31397 2 
88.513 -43.455 8.75106 0.39401 2 
91.079 -43.455 8.93128 0.47824 2 
93.644 -43.455 8.73748 0.48424 2 
96.210 -43.455 8.87776 0.62500 2 
98.776 -43.455 8.84153 0.44329 2 
101.341 -43.455 8.67267 0.63431 2 
103.907 -43.455 8.73378 0.55628 2 
106.472 -43.455 8.79143 0.64408 2 
109.038 -43.455 8.76554 0.73753 2 
111.603 -43.455 8.68256 0.65739 2 
114.169 -43.455 8.44467 0.87374 2 
116.735 -43.455 8.91021 0.75692 2 
119.300 -43.455 0.00000 -0.00000 0 
-8.980 -46.020 7.73433 -0.66272 2 
-6.414 -46.020 7.94997 -0.85678 2 
-3.848 -46.020 8.00153 -0.77517 2 
-1.283 -46.020 8.11190 -0.86435 2 
1.283 -46.020 8.07129 -0.77591 2 
3.848 -46.020 8.26902 -0.72922 2 
6.414 -46.020 8.15630 -0.84472 2 
8.980 -46.020 8.30845 -0.78265 2 
11.545 -46.020 8.24762 -0.73398 2 
14.111 -46.020 8.35303 -0.87779 2 
16.676 -46.020 8.43414 -0.73113 2 
19.242 -46.020 8.59736 -0.80459 2 
21.808 -46.020 8.68262 -0.90084 2 
24.373 -46.020 8.58187 -0.79872 2 
26.939 -46.020 8.66147 -0.84848 2 
29.504 -46.020 8.76843 -0.83653 2 
32.070 -46.020 8.61199 -0.65235 2 
34.636 -46.020 8.76418 -0.68398 2 
37.201 -46.020 8.74276 -0.73090 2 
39.767 -46.020 8.91366 -0.51677 2 
42.332 -46.020 8.82389 -0.61870 2 
44.898 -46.020 8.94101 -0.40569 2 
47.464 -46.020 8.88422 -0.54281 2 
50.029 -46.020 9.08200 -0.43516 2 
52.595 -46.020 8.82238 -0.41700 2 
55.160 -46.020 8.77175 -0.20367 2 
57.726 -46.020 8.93128 -0.27132 2 
60.292 -46.020 9.06668 -0.21083 2 
62.857 -46.020 8.81678 -0.05131 2 
65.423 -46.020 8.96540 -0.01471 2 
67.988 -46.020 9.00255 0.00581 2 
70.554 -46.020 8.95008 0.00752 2 
73.120 -46.020 8.85601 0.05468 2 
75.685 -46.020 9.00155 0.27065 2 
78.251 -46.020 8.98205 0.30442 2 
80.816 -46.020 8.83020 0.12794 2 
83.382 -46.020 8.77180 0.34121 2 
85.948 -46.020 8.95471 0.33382 2 
88.513 -46.020 8.78099 0.29442 2 
91.079 -46.020 8.81280 0.39747 2 
93.644 -46.020 8.86987 0.46980 2 
96.210 -46.020 8.77124 0.34001 2 
98.776 -46.020 8.89812 0.57835 2 
101.341 -46.020 8.68574 0.62546 2 
103.907 -46.020 8.79996 0.55698 2 
106.472 -46.020 8.71418 0.64492 2 
109.038 -46.020 8.68497 0.50955 2 
111.603 -46.020 8.70542 0.52242 2 
114.169 -46.020 8.51340 0.68505 2 
116.735 -46.020 8.61212 0.71665 2 
119.300 -46.020 0.00000 -0.00000 0 
-8.980 -48.586 7.96363 -0.75094 2 
-6.414 -48.586 8.03346 -0.65495 2 
-3.848 -48.586 7.98101 -0.80943 2 
-1.283 -48.586 8.07395 -0.66663 2 
1.283 -48.586 8.19451 -0.87001 2 
3.848 -48.586 8.19093 -0.73047 2 
6.414 -48.586 8.33382 -0.74300 2 
8.980 -48.586 8.21822 -0.83645 2 
11.545 -48.586 8.39385 -0.82935 2 
14.111 -48.586 8.41235 -0.91392 2 
16.676 -48.586 8.39695 -0.80641 2 
19.242 -48.586 8.47868 -0.79412 2 
21.808 -48.586 8.58276 -0.70979 2 
24.373 -48.586 8.66514 -0.85295 2 
26.939 -48.586 8.64469 -0.73821 2 
29.504 -48.586 8.82078 -0.77743 2 
32.070 -48.586 8.66962 -0.56613 2 
34.636 -48.586 8.76358 -0.59534 2 
37.201 -48.586 8.67122 -0.58616 2 
39.767 -48.586 8.88802 -0.57062 2 
42.332 -48.586 8.77059 -0.46296 2 
44.898 -48.586 8.78633 -0.38753 2 
47.464 -48.586 8.99522 -0.45776 2 
50.029 -48.586 8.77589 -0.24567 2 
52.595 -48.586 8.89178 -0.33620 2 
55.160 -48.586 8.94742 -0.39535 2 
57.726 -48.586 8.93297 -0.07426 2 
60.292 -48.586 8.87360 -0.14727 2 
62.857 -48.586 8.90073 0.04739 2 
65.423 -48.586 8.95528 -0.20012 2 
67.988 -48.586 8.84973 0.13910 2 
70.554 -48.586 8.88091 0.14588 2 
73.120 -48.586 8.85593 0.04171 2 
75.685 -48.586 8.90792 0.16656 2 
78.251 -48.586 8.85881 0.17756 2 
80.816 -48.586 8.83949 0.33875 2 
83.382 -48.586 8.99552 0.43855 2 
85.948 -48.586 8.79513 0.16607 2 
88.513 -48.586 8.73951 0.35051 2 
91.079 -48.586 8.74690 0.43704 2 
93.644 -48.586 8.82396 0.31684 2 
96.210 -48.586 8.68334 0.37560 2 
98.776 -48.586 8.84962 0.54540 2 
101.341 -48.586 8.72773 0.59992 2 
103.907 -48.586 8.80053 0.51757 2 
106.472 -48.586 8.75201 0.59042 2 
109.038 -48.586 8.66183 0.74544 2 
111.603 -48.586 8.53363 0.58159 2 
114.169 -48.586 8.50012 0.72095 2 
116.735 -48.586 8.90805 0.56556 2 
119.300 -48.586 0.00000 -0.00000 0 
-8.980 -51.152 8.12282 -0.59890 2 
-6.414 -51.152 8.09449 -0.80855 2 
-3.848 -51.152 8.01348 -0.67079 2 
-1.283 -51.152 8.05308 -0.76769 2 
1.283 -51.152 8.11579 -0.67693 2 
3.848 -51.152 8.28424 -0.73318 2 
6.414 -51.152 8.13459 -0.70677 2 
8.980 -51.152 8.24935 -0.74429 2 
11.545 -51.152 8.27827 -0.77768 2 
14.111 -51.152 8.45544 -0.59994 2 
16.676 -51.152 8.39927 -0.81198 2 
19.242 -51.152 8.58451 -0.81255 2 
21.808 -51.152 8.42329 -0.76766 2 
24.373 -51.152 8.51105 -0.59565 2 
26.939 -51.152 8.66449 -0.69387 2 
29.504 -51.152 8.66326 -0.78574 2 
32.070 -51.152 8.59897 -0.73575 2 
34.636 -51.152 8.68995 -0.60799 2 
37.201 -51.152 8.73830 -0.69219 2 
39.767 -51.152 8.88641 -0.50521 2 
42.332 -51.152 8.67268 -0.57181 2 
44.898 -51.152 8.87497 -0.57046 2 
47.464 -51.152 8.64909 -0.36423 2 
50.029 -51.152 8.89010 -0.39820 2 
52.595 -51.152 8.81099 -0.30158 2 
55.160 -51.152 8.87718 -0.20223 2 
57.726 -51.152 8.86956 -0.19664 2 
60.292 -51.152 8.86783 -0.18885 2 
62.857 -51.152 8.95156 -0.18162 2 
65.423 -51.152 8.77080 -0.03233 2 
67.988 -51.152 8.98837 -0.05126 2 
70.554 -51.152 8.88433 0.01428 2 
73.120 -51.152 8.85586 0.02875 2 
75.685 -51.152 8.81386 0.04435 2 
78.251 -51.152 8.87018 0.08014 2 
80.816 -51.152 8.79378 0.20122 2 
83.382 -51.152 8.79050 0.15654 2 
85.948 -51.152 8.82192 0.37258 2 
88.513 -51.152 8.79713 0.32109 2 
91.079 -51.152 8.84124 0.41310 2 
93.644 -51.152 8.78045 0.32120 2 
96.210 -51.152 8.78959 0.41696 2 
98.776 -51.152 8.75060 0.30199 2 
101.341 -51.152 8.76973 0.57438 2 
103.907 -51.152 8.60792 0.53810 2 
106.472 -51.152 8.68103 0.59757 2 
109.038 -51.152 8.60285 0.43534 2 
111.603 -51.152 8.54521 0.70917 2 
114.169 -51.152 8.70913 0.49754 2 
116.735 -51.152 9.10065 0.83613 2 
119.300 -51.152 0.00000 -0.00000 0 
-8.980 -53.717 8.11374 -0.86611 2 
-6.414 -53.717 8.32929 -0.80111 2 
-3.848 -53.717 8.17436 -0.68620 2 
-1.283 -53.717 8.20379 -0.85901 2 
1.283 -53.717 8.34691 -0.59235 2 
3.848 -53.717 8.21793 -0.81169 2 
6.414 -53.717 8.32481 -0.78464 2 
8.980 -53.717 8.48697 -0.74032 2 
11.545 -53.717 8.69181 -0.79400 2 
14.111 -53.717 8.44875 -0.89613 2 
16.676 -53.717 8.46811 -0.84158 2 
19.242 -53.717 8.48747 -0.78702 2 
21.808 -53.717 8.79302 -0.76627 2 
24.373 -53.717 8.81543 -0.75280 2 
26.939 -53.717 8.78789 -0.72142 2 
29.504 -53.717 8.50335 -0.71096 2 
32.070 -53.717 8.93891 -0.66584 2 
34.636 -53.717 9.02565 -0.34451 2 
37.201 -53.717 8.96039 -0.61316 2 
39.767 -53.717 8.95279 -0.66056 2 
42.332 -53.717 8.88886 -0.41559 2 
44.898 -53.717 8.91560 -0.52160 2 
47.464 -53.717 8.91706 -0.48328 2 
50.029 -53.717 8.74242 -0.60647 2 
52.595 -53.717 8.95467 -0.15626 2 
55.160 -53.717 8.84537 -0.30673 2 
57.726 -53.717 8.74846 -0.18192 2 
60.292 -53.717 8.78582 -0.17410 2 
62.857 -53.717 8.80959 -0.08095 2 
65.423 -53.717 8.82066 -0.13902 2 
67.988 -53.717 8.85238 0.06129 2 
70.554 -53.717 8.79196 0.08231 2 
73.120 -53.717 8.85705 0.03288 2 
75.685 -53.717 8.84639 0.18673 2 
78.251 -53.717 8.79317 0.14091 2 
80.816 -53.717 8.89998 0.35421 2 
83.382 -53.717 8.88154 0.30370 2 
85.948 -53.717 8.88872 0.44771 2 
88.513 -53.717 8.89184 0.46774 2 
91.079 -53.717 8.89497 0.48777 2 
93.644 -53.717 8.94533 0.37420 2 
96.210 -53.717 8.70685 0.26365 2 
98.776 -53.717 8.83936 0.46347 2 
101.341 -53.717 8.95881 0.46589 2 
103.907 -53.717 8.83349 0.57030 2 
106.472 -53.717 8.74095 0.60685 2 
109.038 -53.717 8.64842 0.64341 2 
111.603 -53.717 8.57089 0.56804 2 
114.169 -53.717 8.58689 0.36498 2 
116.735 -53.717 8.79066 0.43275 2 
119.300 -53.717 0.00000 -0.00000 0 
-8.980 -56.283 0.00000 -0.00000 0 
-6.414 -56.283 0.00000 -0.00000 0 
-3.848 -56.283 0.00000 -0.00000 0 
-1.283 -56.283 0.00000 -0.00000 0 
1.283 -56.283 0.00000 -0.00000 0 
3.848 -56.283 0.00000 -0.00000 0 
6.414 -56.283 0.00000 -0.00000 0 
8.980 -56.283 0.00000 -0.00000 0 
11.545 -56.283 0.00000 -0.00000 0 
14.111 -56.283 0.00000 -0.00000 0 
16.676 -56.283 0.00000 -0.00000 0 
19.242 -56.283 0.00000 -0.00000 0 
21.808 -56.283 0.00000 -0.00000 0 
24.373 -56.283 0.00000 -0.00000 0 
26.939 -56.283 0.00000 -0.00000 0 
29.504 -56.283 0.00000 -0.00000 0 
32.070 -56.283 0.00000 -0.00000 0 
34.636 -56.283 0.00000 -0.00000 0 
37.201 -56.283 0.00000 -0.00000 0 
39.767 -56.283 0.00000 -0.00000 0 
42.332 -56.283 0.00000 -0.00000 0 
44.898 -56.283 0.00000 -0.00000 0 
47.464 -56.283 8.61001 -0.27003 2 
50.029 -56.283 8.74614 -0.32823 2 
52.595 -56.283 8.83704 -0.20772 2 
55.160 -56.283 8.76248 -0.18626 2 
57.726 -56.283 8.65973 -0.24363 2 
60.292 -56.283 8.92835 -0.20770 2 
62.857 -56.283 8.70817 -0.12200 2 
65.423 -56.283 8.82592 0.03686 2 
67.988 -56.283 8.74834 -0.09777 2 
70.554 -56.283 8.89313 -0.07679 2 
73.120 -56.283 8.85563 -0.08482 2 
75.685 -56.283 8.82632 0.15826 2 
78.251 -56.283 8.83831 0.15815 2 
80.816 -56.283 8.73171 0.17106 2 
83.382 -56.283 8.71378 0.16094 2 
85.948 -56.283 8.69585 0.15082 2 
88.513 -56.283 8.67791 0.14070 2 
91.079 -56.283 8.65998 0.13058 2 
93.644 -56.283 8.64205 0.12046 2 
96.210 -56.283 8.62412 0.11034 2 
98.776 -56.283 8.60619 0.10022 2 
101.341 -56.283 8.58825 0.09010 2 
103.907 -56.283 8.57032 0.07998 2 
106.472 -56.283 8.55239 0.06986 2 
109.038 -56.283 8.53446 0.05973 2 
111.603 -56.283 8.51653 0.04961 2 
114.169 -56.283 8.49859 0.03949 2 
116.735 -56.283 8.48066 0.02937 1 
119.300 -56.283 0.00000 -0.00000 0 
