TITLE = "B00089"
VARIABLES = "X [mm]", "Y [mm]", "Vx [m/s]", "Vy [m/s]", "Flag"
ZONE T="Frame 1", I=51, J=39, F=POINT
-8.980 41.210 7.18647 0.24048 2 
-6.414 41.210 7.27022 0.25312 2 
-3.848 41.210 7.11009 0.41004 2 
-1.283 41.210 7.05404 0.47832 2 
1.283 41.210 7.52005 0.31785 2 
3.848 41.210 0.00000 -0.00000 0 
6.414 41.210 0.00000 -0.00000 0 
8.980 41.210 0.00000 -0.00000 0 
11.545 41.210 0.00000 -0.00000 0 
14.111 41.210 0.00000 -0.00000 0 
16.676 41.210 0.00000 -0.00000 0 
19.242 41.210 4.01429 0.40176 2 
21.808 41.210 8.02858 0.80351 2 
24.373 41.210 7.33140 0.82893 2 
26.939 41.210 7.24816 0.70533 2 
29.504 41.210 7.46608 0.73127 2 
32.070 41.210 7.50252 0.90911 2 
34.636 41.210 7.53955 1.00660 2 
37.201 41.210 7.56082 0.65880 2 
39.767 41.210 7.73592 1.02625 2 
42.332 41.210 7.59017 0.71275 2 
44.898 41.210 7.95069 0.72881 2 
47.464 41.210 7.94971 0.83147 2 
50.029 41.210 7.75006 0.68899 2 
52.595 41.210 7.96869 0.73517 2 
55.160 41.210 8.14873 0.72874 2 
57.726 41.210 8.26945 0.66003 2 
60.292 41.210 8.39018 0.59131 2 
62.857 41.210 8.27882 0.78585 2 
65.423 41.210 8.25871 0.76973 2 
67.988 41.210 8.40677 0.65487 2 
70.554 41.210 8.36035 0.68696 2 
73.120 41.210 8.30504 0.87384 2 
75.685 41.210 8.35308 0.68353 2 
78.251 41.210 8.74645 0.62983 2 
80.816 41.210 0.00000 0.00000 0 
83.382 41.210 8.51548 0.41436 2 
85.948 41.210 8.51595 0.37684 2 
88.513 41.210 8.64844 0.43860 2 
91.079 41.210 8.58417 0.25299 2 
93.644 41.210 8.62560 0.09655 2 
96.210 41.210 8.63035 0.03563 2 
98.776 41.210 8.44958 0.14201 2 
101.341 41.210 8.55624 0.05956 2 
103.907 41.210 8.49225 0.07343 2 
106.472 41.210 8.45835 0.06110 2 
109.038 41.210 8.58083 -0.27633 2 
111.603 41.210 8.41802 -0.26382 2 
114.169 41.210 8.46204 -0.07795 2 
116.735 41.210 8.63709 -0.29757 2 
119.300 41.210 0.00000 -0.00000 0 
-8.980 38.644 7.30417 0.30344 2 
-6.414 38.644 7.06445 0.43377 2 
-3.848 38.644 7.31462 0.50186 2 
-1.283 38.644 7.22900 0.39606 2 
1.283 38.644 7.40763 0.46660 2 
3.848 38.644 0.00000 -0.00000 0 
6.414 38.644 0.00000 -0.00000 0 
8.980 38.644 0.00000 -0.00000 0 
11.545 38.644 0.00000 -0.00000 0 
14.111 38.644 0.00000 -0.00000 0 
16.676 38.644 0.00000 -0.00000 0 
19.242 38.644 3.96194 0.32947 2 
21.808 38.644 7.92388 0.65894 2 
24.373 38.644 7.28424 0.81977 2 
26.939 38.644 7.48774 0.94960 2 
29.504 38.644 7.43279 0.80598 2 
32.070 38.644 7.54516 0.77534 2 
34.636 38.644 7.57929 0.85527 2 
37.201 38.644 7.49927 0.84223 2 
39.767 38.644 7.58285 0.85360 2 
42.332 38.644 7.80712 0.88238 2 
44.898 38.644 7.62199 0.91329 2 
47.464 38.644 7.83354 1.03805 2 
50.029 38.644 8.03099 0.80697 2 
52.595 38.644 7.91810 0.87113 2 
55.160 38.644 7.94935 0.66578 2 
57.726 38.644 7.94065 0.61255 2 
60.292 38.644 8.07906 0.77933 2 
62.857 38.644 8.16433 0.92216 2 
65.423 38.644 8.36715 0.85197 2 
67.988 38.644 8.24520 0.68661 2 
70.554 38.644 8.41706 0.89357 2 
73.120 38.644 8.53519 0.61665 2 
75.685 38.644 8.38283 0.71510 2 
78.251 38.644 8.56027 0.60625 2 
80.816 38.644 0.00000 0.00000 0 
83.382 38.644 8.64228 0.33070 2 
85.948 38.644 8.65990 0.21845 2 
88.513 38.644 8.65205 0.25090 2 
91.079 38.644 8.55884 0.36751 2 
93.644 38.644 8.73145 0.33385 2 
96.210 38.644 8.53778 0.07898 2 
98.776 38.644 8.79715 0.10474 2 
101.341 38.644 8.47399 -0.04008 2 
103.907 38.644 8.55166 -0.07876 2 
106.472 38.644 8.66483 -0.13139 2 
109.038 38.644 8.72213 -0.20178 2 
111.603 38.644 8.45498 0.03160 2 
114.169 38.644 8.43257 -0.32744 2 
116.735 38.644 8.86911 -0.02774 2 
119.300 38.644 0.00000 -0.00000 0 
-8.980 36.079 7.29952 0.28567 2 
-6.414 36.079 7.16221 0.29847 2 
-3.848 36.079 7.20017 0.37723 2 
-1.283 36.079 7.00637 0.40278 2 
1.283 36.079 7.60363 0.40049 2 
3.848 36.079 0.00000 -0.00000 0 
6.414 36.079 0.00000 -0.00000 0 
8.980 36.079 0.00000 -0.00000 0 
11.545 36.079 0.00000 -0.00000 0 
14.111 36.079 0.00000 -0.00000 0 
16.676 36.079 0.00000 -0.00000 0 
19.242 36.079 4.00152 0.45717 2 
21.808 36.079 8.00304 0.91433 2 
24.373 36.079 7.21162 0.76525 2 
26.939 36.079 7.45937 0.91478 2 
29.504 36.079 7.33418 0.79057 2 
32.070 36.079 7.51077 0.96001 2 
34.636 36.079 7.63566 0.74697 2 
37.201 36.079 7.73574 0.88287 2 
39.767 36.079 7.74093 0.93838 2 
42.332 36.079 7.87782 0.88758 2 
44.898 36.079 7.77046 0.88651 2 
47.464 36.079 7.87781 0.99673 2 
50.029 36.079 7.95534 0.85111 2 
52.595 36.079 7.91395 0.96850 2 
55.160 36.079 8.05592 1.08826 2 
57.726 36.079 8.15650 0.99185 2 
60.292 36.079 8.11330 0.71914 2 
62.857 36.079 8.35326 0.78992 2 
65.423 36.079 8.34986 0.80099 2 
67.988 36.079 8.47198 0.70708 2 
70.554 36.079 8.34049 0.99453 2 
73.120 36.079 8.63993 0.75780 2 
75.685 36.079 8.28364 0.66872 2 
78.251 36.079 8.79355 0.66253 2 
80.816 36.079 0.00000 0.00000 0 
83.382 36.079 8.67381 0.45540 2 
85.948 36.079 8.68771 0.40285 2 
88.513 36.079 8.59011 0.42595 2 
91.079 36.079 8.75430 0.30197 2 
93.644 36.079 8.60819 0.04907 2 
96.210 36.079 8.74623 0.15175 2 
98.776 36.079 8.70619 0.10450 2 
101.341 36.079 8.78549 0.19356 2 
103.907 36.079 8.53218 0.00805 2 
106.472 36.079 8.71000 0.02631 2 
109.038 36.079 8.46323 -0.23285 2 
111.603 36.079 8.40214 -0.28795 2 
114.169 36.079 8.69439 -0.21230 2 
116.735 36.079 8.68326 -0.32622 2 
119.300 36.079 0.00000 -0.00000 0 
-8.980 33.513 7.09592 0.19264 2 
-6.414 33.513 7.11201 0.36735 2 
-3.848 33.513 7.18143 0.25207 2 
-1.283 33.513 7.03937 0.40234 2 
1.283 33.513 7.45322 0.41510 2 
3.848 33.513 0.00000 -0.00000 0 
6.414 33.513 0.00000 -0.00000 0 
8.980 33.513 0.00000 -0.00000 0 
11.545 33.513 0.00000 -0.00000 0 
14.111 33.513 0.00000 -0.00000 0 
16.676 33.513 0.00000 -0.00000 0 
19.242 33.513 1.23212 0.12830 2 
21.808 33.513 7.77378 0.99555 2 
24.373 33.513 7.22568 0.75949 2 
26.939 33.513 7.24796 0.90941 2 
29.504 33.513 7.55696 0.94913 2 
32.070 33.513 7.46740 0.89437 2 
34.636 33.513 7.34365 1.00940 2 
37.201 33.513 7.46909 0.83270 2 
39.767 33.513 7.53432 0.90065 2 
42.332 33.513 7.57916 0.97080 2 
44.898 33.513 7.84446 0.94565 2 
47.464 33.513 7.86119 0.89715 2 
50.029 33.513 7.70381 0.98981 2 
52.595 33.513 8.08118 1.09131 2 
55.160 33.513 8.00906 0.95772 2 
57.726 33.513 8.15368 0.89820 2 
60.292 33.513 8.15458 0.83701 2 
62.857 33.513 8.27040 0.99835 2 
65.423 33.513 8.42730 0.97221 2 
67.988 33.513 8.46268 0.87659 2 
70.554 33.513 8.48070 0.83824 2 
73.120 33.513 8.46437 0.79396 2 
75.685 33.513 8.66521 0.66347 2 
78.251 33.513 8.55433 0.69039 2 
80.816 33.513 0.00000 0.00000 0 
83.382 33.513 8.67631 0.57905 2 
85.948 33.513 8.71560 0.54904 2 
88.513 33.513 8.80440 0.34560 2 
91.079 33.513 8.68129 0.37291 2 
93.644 33.513 8.73507 0.14069 2 
96.210 33.513 8.81686 -0.08844 2 
98.776 33.513 8.81282 0.30734 2 
101.341 33.513 8.63863 0.02850 2 
103.907 33.513 8.78402 -0.17687 2 
106.472 33.513 8.63532 -0.01017 2 
109.038 33.513 8.60815 -0.38788 2 
111.603 33.513 8.57571 -0.33763 2 
114.169 33.513 8.52634 -0.47235 2 
116.735 33.513 8.89111 -0.14183 2 
119.300 33.513 0.00000 -0.00000 0 
-8.980 30.948 7.16981 0.19756 2 
-6.414 30.948 7.10041 0.30896 2 
-3.848 30.948 7.14415 0.29955 2 
-1.283 30.948 7.08290 0.45620 2 
1.283 30.948 7.30281 0.42972 2 
3.848 30.948 0.00000 -0.00000 0 
6.414 30.948 0.00000 -0.00000 0 
8.980 30.948 0.00000 -0.00000 0 
11.545 30.948 0.00000 -0.00000 0 
14.111 30.948 0.00000 -0.00000 0 
16.676 30.948 0.00000 -0.00000 0 
19.242 30.948 3.95210 0.41524 2 
21.808 30.948 7.90420 0.83047 2 
24.373 30.948 7.18362 0.95679 2 
26.939 30.948 7.35429 0.95092 2 
29.504 30.948 7.12522 1.00981 2 
32.070 30.948 7.50956 1.05729 2 
34.636 30.948 7.56405 1.06337 2 
37.201 30.948 7.56975 0.92254 2 
39.767 30.948 7.77676 1.05033 2 
42.332 30.948 7.75326 1.10680 2 
44.898 30.948 7.84306 1.05795 2 
47.464 30.948 7.68378 0.96879 2 
50.029 30.948 8.03427 0.89410 2 
52.595 30.948 8.06330 1.01693 2 
55.160 30.948 8.21482 1.00262 2 
57.726 30.948 8.02076 1.01235 2 
60.292 30.948 8.12552 1.01554 2 
62.857 30.948 8.47801 1.12133 2 
65.423 30.948 8.58620 0.76049 2 
67.988 30.948 8.41196 0.82208 2 
70.554 30.948 8.53750 1.05937 2 
73.120 30.948 8.57121 0.81224 2 
75.685 30.948 8.57060 0.79272 2 
78.251 30.948 8.74455 0.75327 2 
80.816 30.948 0.00000 0.00000 0 
83.382 30.948 8.87087 0.67286 2 
85.948 30.948 9.01215 0.60819 2 
88.513 30.948 8.81896 0.37715 2 
91.079 30.948 8.79777 0.32091 2 
93.644 30.948 8.95413 0.23613 2 
96.210 30.948 8.99893 -0.01953 2 
98.776 30.948 8.65118 -0.22674 2 
101.341 30.948 8.84653 -0.12334 2 
103.907 30.948 8.90394 -0.02155 2 
106.472 30.948 8.69807 -0.19858 2 
109.038 30.948 8.68792 -0.44605 2 
111.603 30.948 8.78407 -0.41187 2 
114.169 30.948 8.41584 -0.28516 2 
116.735 30.948 8.83849 -0.35494 2 
119.300 30.948 0.00000 -0.00000 0 
-8.980 28.382 7.23811 0.14353 2 
-6.414 28.382 7.06615 0.38908 2 
-3.848 28.382 6.93605 0.30968 2 
-1.283 28.382 6.96205 0.34890 2 
1.283 28.382 7.21308 0.46181 2 
3.848 28.382 5.72905 0.48021 2 
6.414 28.382 0.00000 -0.00000 0 
8.980 28.382 0.00000 -0.00000 0 
11.545 28.382 0.00000 -0.00000 0 
14.111 28.382 0.00000 -0.00000 0 
16.676 28.382 1.47398 0.17035 2 
19.242 28.382 4.50897 0.62058 2 
21.808 28.382 7.58747 1.12556 2 
24.373 28.382 7.22240 0.93237 2 
26.939 28.382 7.36746 1.06306 2 
29.504 28.382 7.37801 0.94993 2 
32.070 28.382 7.43156 1.08487 2 
34.636 28.382 7.37467 0.99611 2 
37.201 28.382 7.49792 1.24953 2 
39.767 28.382 7.54183 1.17665 2 
42.332 28.382 7.80280 1.00950 2 
44.898 28.382 7.85746 1.01054 2 
47.464 28.382 7.89598 1.04069 2 
50.029 28.382 7.83389 1.30801 2 
52.595 28.382 7.99887 0.86222 2 
55.160 28.382 8.17158 1.01346 2 
57.726 28.382 8.44143 0.92297 2 
60.292 28.382 8.26448 1.07621 2 
62.857 28.382 8.44411 0.94024 2 
65.423 28.382 8.38595 0.86937 2 
67.988 28.382 8.48540 1.25181 2 
70.554 28.382 8.56054 0.72902 2 
73.120 28.382 8.76532 1.10497 2 
75.685 28.382 8.67518 0.57240 2 
78.251 28.382 8.67390 0.78939 2 
80.816 28.382 8.37218 0.62813 2 
83.382 28.382 8.48426 0.55920 2 
85.948 28.382 8.59634 0.49028 2 
88.513 28.382 8.80977 0.41649 2 
91.079 28.382 8.89670 0.23584 2 
93.644 28.382 8.67044 0.34343 2 
96.210 28.382 8.85843 0.23424 2 
98.776 28.382 8.89780 -0.10170 2 
101.341 28.382 8.86817 -0.27471 2 
103.907 28.382 8.72097 -0.31834 2 
106.472 28.382 8.81639 -0.27991 2 
109.038 28.382 8.83126 -0.36815 2 
111.603 28.382 8.58122 -0.51727 2 
114.169 28.382 8.48645 -0.37217 2 
116.735 28.382 8.78586 -0.56805 2 
119.300 28.382 0.00000 -0.00000 0 
-8.980 25.816 7.02501 0.15262 2 
-6.414 25.816 7.05628 0.31417 2 
-3.848 25.816 6.94922 0.41832 2 
-1.283 25.816 6.90734 0.50817 2 
1.283 25.816 7.05567 0.53300 2 
3.848 25.816 7.22277 0.64880 2 
6.414 25.816 0.00000 -0.00000 0 
8.980 25.816 0.00000 -0.00000 0 
11.545 25.816 0.00000 -0.00000 0 
14.111 25.816 0.00000 -0.00000 0 
16.676 25.816 2.94797 0.34071 2 
19.242 25.816 5.93945 0.73617 2 
21.808 25.816 7.05282 0.90310 2 
24.373 25.816 7.05573 0.97489 2 
26.939 25.816 7.25739 1.14348 2 
29.504 25.816 7.28943 1.09640 2 
32.070 25.816 7.38759 1.11603 2 
34.636 25.816 7.33390 1.00305 2 
37.201 25.816 7.50282 1.21004 2 
39.767 25.816 7.55589 0.98625 2 
42.332 25.816 7.67011 1.29617 2 
44.898 25.816 7.51094 1.23310 2 
47.464 25.816 7.73857 1.25022 2 
50.029 25.816 7.99168 1.22461 2 
52.595 25.816 8.01721 1.22871 2 
55.160 25.816 8.12835 1.02430 2 
57.726 25.816 8.22814 1.26768 2 
60.292 25.816 8.13796 1.06072 2 
62.857 25.816 8.54143 1.11857 2 
65.423 25.816 8.28332 1.03392 2 
67.988 25.816 8.63693 1.00670 2 
70.554 25.816 8.75908 0.90515 2 
73.120 25.816 8.63867 0.89042 2 
75.685 25.816 8.75294 0.87598 2 
78.251 25.816 8.74654 0.89727 2 
80.816 25.816 9.10000 0.80154 2 
83.382 25.816 0.00000 0.00000 0 
85.948 25.816 9.12085 0.62998 2 
88.513 25.816 9.07997 0.26857 2 
91.079 25.816 8.95984 0.11736 2 
93.644 25.816 8.99722 0.22241 2 
96.210 25.816 8.94497 0.05520 2 
98.776 25.816 8.87875 -0.31081 2 
101.341 25.816 8.88608 -0.22878 2 
103.907 25.816 8.95662 -0.21939 2 
106.472 25.816 8.98537 -0.48936 2 
109.038 25.816 8.75391 -0.26180 2 
111.603 25.816 8.76871 -0.51948 2 
114.169 25.816 8.40405 -0.70299 2 
116.735 25.816 8.69699 -0.68689 2 
119.300 25.816 0.00000 -0.00000 0 
-8.980 23.251 7.02320 0.04605 2 
-6.414 23.251 6.97711 0.15222 2 
-3.848 23.251 6.85691 0.18555 2 
-1.283 23.251 6.80018 0.57474 2 
1.283 23.251 6.87558 0.47824 2 
3.848 23.251 7.40219 0.26102 2 
6.414 23.251 0.00000 -0.00000 0 
8.980 23.251 0.00000 -0.00000 0 
11.545 23.251 0.00000 -0.00000 0 
14.111 23.251 0.00000 -0.00000 0 
16.676 23.251 3.68496 0.42588 2 
19.242 23.251 7.36992 0.85177 2 
21.808 23.251 7.08681 1.05277 2 
24.373 23.251 7.25462 1.16908 2 
26.939 23.251 7.21274 1.04668 2 
29.504 23.251 7.34444 1.15308 2 
32.070 23.251 7.28615 1.34436 2 
34.636 23.251 7.58269 1.19970 2 
37.201 23.251 7.67686 1.23073 2 
39.767 23.251 7.73391 1.10955 2 
42.332 23.251 7.73110 1.16001 2 
44.898 23.251 7.66922 1.34220 2 
47.464 23.251 8.12905 1.27073 2 
50.029 23.251 7.82460 1.14436 2 
52.595 23.251 8.16256 1.28220 2 
55.160 23.251 8.08690 1.07825 2 
57.726 23.251 8.43474 1.04913 2 
60.292 23.251 8.40651 0.89812 2 
62.857 23.251 8.31520 1.16625 2 
65.423 23.251 8.50181 1.13084 2 
67.988 23.251 8.53838 1.05029 2 
70.554 23.251 8.56793 1.28407 2 
73.120 23.251 8.65570 1.07838 2 
75.685 23.251 8.80395 0.83977 2 
78.251 23.251 9.05933 1.19787 2 
80.816 23.251 8.98832 0.93602 2 
83.382 23.251 0.00000 0.00000 0 
85.948 23.251 6.82293 0.51842 2 
88.513 23.251 9.56794 0.56908 2 
91.079 23.251 9.09095 0.30066 2 
93.644 23.251 9.22562 0.34105 2 
96.210 23.251 9.19006 -0.04468 2 
98.776 23.251 9.14702 -0.08786 2 
101.341 23.251 8.88469 -0.25973 2 
103.907 23.251 8.83441 -0.41781 2 
106.472 23.251 8.67438 -0.39097 2 
109.038 23.251 8.94013 -0.59891 2 
111.603 23.251 8.72832 -0.67769 2 
114.169 23.251 8.52301 -0.68405 2 
116.735 23.251 8.69589 -0.60249 2 
119.300 23.251 0.00000 -0.00000 0 
-8.980 20.685 6.88828 0.12925 2 
-6.414 20.685 6.97973 0.18511 2 
-3.848 20.685 6.92200 0.31886 2 
-1.283 20.685 6.72546 0.32607 2 
1.283 20.685 6.79724 0.45645 2 
3.848 20.685 7.09124 0.58645 2 
6.414 20.685 0.00000 -0.00000 0 
8.980 20.685 0.00000 -0.00000 0 
11.545 20.685 0.00000 -0.00000 0 
14.111 20.685 0.00000 -0.00000 0 
16.676 20.685 -1.12923 0.44644 2 
19.242 20.685 7.57468 1.05319 2 
21.808 20.685 6.99027 1.01199 2 
24.373 20.685 6.99019 1.19639 2 
26.939 20.685 7.37785 1.08207 2 
29.504 20.685 7.13483 1.22140 2 
32.070 20.685 7.37800 1.24014 2 
34.636 20.685 7.40507 1.45484 2 
37.201 20.685 7.51008 1.32810 2 
39.767 20.685 7.63404 1.45211 2 
42.332 20.685 7.66241 1.30934 2 
44.898 20.685 7.77314 1.26927 2 
47.464 20.685 7.92103 1.20517 2 
50.029 20.685 7.91967 1.22141 2 
52.595 20.685 8.08550 1.26551 2 
55.160 20.685 8.12266 1.43765 2 
57.726 20.685 8.24310 1.32946 2 
60.292 20.685 7.94438 1.19928 2 
62.857 20.685 8.71494 1.34525 2 
65.423 20.685 8.65836 1.11678 2 
67.988 20.685 4.26919 0.52514 2 
70.554 20.685 9.19419 0.92190 2 
73.120 20.685 8.70153 1.22626 2 
75.685 20.685 9.33113 1.41593 2 
78.251 20.685 8.75314 0.92260 2 
80.816 20.685 8.87665 1.07050 2 
83.382 20.685 0.00000 -0.00000 0 
85.948 20.685 0.00000 0.00000 0 
88.513 20.685 0.00000 0.00000 0 
91.079 20.685 9.34458 0.33499 2 
93.644 20.685 9.19715 0.01208 2 
96.210 20.685 9.37575 -0.02871 2 
98.776 20.685 9.55532 -0.30991 2 
101.341 20.685 9.17781 -0.16394 2 
103.907 20.685 9.31411 -0.41076 2 
106.472 20.685 9.10814 -0.52753 2 
109.038 20.685 9.00031 -0.03184 2 
111.603 20.685 8.77789 -0.76905 2 
114.169 20.685 8.55547 -1.50625 2 
116.735 20.685 8.42599 -1.17863 2 
119.300 20.685 0.00000 -0.00000 0 
-8.980 18.120 6.95156 0.15610 2 
-6.414 18.120 6.82343 0.09569 2 
-3.848 18.120 6.80981 0.10893 2 
-1.283 18.120 6.90546 0.29238 2 
1.283 18.120 6.66637 0.26336 2 
3.848 18.120 6.86959 0.52491 2 
6.414 18.120 0.00000 -0.00000 0 
8.980 18.120 0.00000 -0.00000 0 
11.545 18.120 0.00000 -0.00000 0 
14.111 18.120 0.00000 -0.00000 0 
16.676 18.120 3.70724 0.70519 2 
19.242 18.120 7.41448 1.41039 2 
21.808 18.120 6.85126 1.08044 2 
24.373 18.120 6.94785 1.34348 2 
26.939 18.120 7.09096 1.20213 2 
29.504 18.120 7.16598 1.54486 2 
32.070 18.120 7.34619 1.33457 2 
34.636 18.120 7.35934 1.30473 2 
37.201 18.120 7.57789 1.55047 2 
39.767 18.120 7.51131 1.38989 2 
42.332 18.120 7.66567 1.54865 2 
44.898 18.120 7.68543 1.32066 2 
47.464 18.120 7.78369 1.20482 2 
50.029 18.120 8.16674 1.56862 2 
52.595 18.120 7.98620 1.45771 2 
55.160 18.120 8.27647 1.26532 2 
57.726 18.120 8.74018 1.43453 2 
60.292 18.120 8.62034 1.49049 2 
62.857 18.120 8.81948 1.12566 2 
65.423 18.120 4.32918 0.55839 2 
67.988 18.120 0.00000 -0.00000 0 
70.554 18.120 0.00000 -0.00000 0 
73.120 18.120 0.00000 -0.00000 0 
75.685 18.120 0.00000 -0.00000 0 
78.251 18.120 0.00000 -0.00000 0 
80.816 18.120 0.00000 -0.00000 0 
83.382 18.120 0.00000 -0.00000 0 
85.948 18.120 -0.89725 0.02625 2 
88.513 18.120 0.59843 0.27263 2 
91.079 18.120 5.44502 0.54344 2 
93.644 18.120 10.29161 0.81425 2 
96.210 18.120 9.56145 -0.01273 2 
98.776 18.120 5.76226 -0.39147 2 
101.341 18.120 9.14855 -0.48787 2 
103.907 18.120 6.26394 -0.24919 2 
106.472 18.120 6.28476 0.14814 2 
109.038 18.120 8.49978 -0.32407 2 
111.603 18.120 8.07824 -0.55696 2 
114.169 18.120 7.65670 -0.78984 2 
116.735 18.120 8.37169 -1.69627 2 
119.300 18.120 0.00000 -0.00000 0 
-8.980 15.554 6.78299 -0.03340 2 
-6.414 15.554 6.86034 0.12042 2 
-3.848 15.554 6.73532 0.21057 2 
-1.283 15.554 6.64300 0.30014 2 
1.283 15.554 6.50564 0.42725 2 
3.848 15.554 6.78178 0.54809 2 
6.414 15.554 0.00000 -0.00000 0 
8.980 15.554 0.00000 -0.00000 0 
11.545 15.554 0.00000 -0.00000 0 
14.111 15.554 0.00000 -0.00000 0 
16.676 15.554 3.44444 0.59992 2 
19.242 15.554 6.88887 1.19985 2 
21.808 15.554 6.96485 1.24962 2 
24.373 15.554 7.05229 1.34411 2 
26.939 15.554 6.98592 1.43116 2 
29.504 15.554 7.26102 1.26338 2 
32.070 15.554 7.24221 1.55566 2 
34.636 15.554 7.46044 1.40941 2 
37.201 15.554 7.48369 1.48800 2 
39.767 15.554 7.81478 1.60095 2 
42.332 15.554 7.93630 1.56109 2 
44.898 15.554 8.00314 1.37999 2 
47.464 15.554 8.15768 1.63331 2 
50.029 15.554 8.03529 1.48341 2 
52.595 15.554 9.25233 1.46612 2 
55.160 15.554 0.00000 -0.00000 0 
57.726 15.554 0.00000 -0.00000 0 
60.292 15.554 0.00000 -0.00000 0 
62.857 15.554 0.00000 -0.00000 0 
65.423 15.554 0.00000 -0.00000 0 
67.988 15.554 0.00000 -0.00000 0 
70.554 15.554 0.00000 -0.00000 0 
73.120 15.554 0.00000 -0.00000 0 
75.685 15.554 0.00000 -0.00000 0 
78.251 15.554 0.00000 -0.00000 0 
80.816 15.554 -0.33127 0.13569 2 
83.382 15.554 -0.72182 0.12244 2 
85.948 15.554 -0.18353 0.22943 2 
88.513 15.554 -1.07033 0.69496 2 
91.079 15.554 -0.32470 0.64279 2 
93.644 15.554 0.42094 0.59061 2 
96.210 15.554 0.47449 1.47937 2 
98.776 15.554 1.96920 -0.47302 2 
101.341 15.554 3.73847 -1.01998 2 
103.907 15.554 3.21378 -0.08761 2 
106.472 15.554 3.46138 0.82380 2 
109.038 15.554 4.06189 0.38777 2 
111.603 15.554 2.90119 0.58017 2 
114.169 15.554 3.41861 -0.89040 2 
116.735 15.554 3.93603 -2.36097 2 
119.300 15.554 0.00000 -0.00000 0 
-8.980 12.988 7.02801 -0.14950 2 
-6.414 12.988 6.73282 -0.03399 2 
-3.848 12.988 6.48569 0.04288 2 
-1.283 12.988 6.72082 0.29917 2 
1.283 12.988 6.43386 0.29839 2 
3.848 12.988 6.53321 0.36730 2 
6.414 12.988 0.00000 -0.00000 0 
8.980 12.988 0.00000 -0.00000 0 
11.545 12.988 0.00000 -0.00000 0 
14.111 12.988 0.00000 -0.00000 0 
16.676 12.988 3.49457 0.72638 2 
19.242 12.988 6.98915 1.45276 2 
21.808 12.988 6.58464 1.36599 2 
24.373 12.988 7.07914 1.62795 2 
26.939 12.988 7.01182 1.61491 2 
29.504 12.988 7.48306 1.63564 2 
32.070 12.988 7.59484 1.68645 2 
34.636 12.988 7.43284 1.75813 2 
37.201 12.988 8.24941 1.83418 2 
39.767 12.988 7.91976 1.80260 2 
42.332 12.988 0.00000 -0.00000 0 
44.898 12.988 0.00000 -0.00000 0 
47.464 12.988 0.00000 -0.00000 0 
50.029 12.988 0.00000 -0.00000 0 
52.595 12.988 0.00000 -0.00000 0 
55.160 12.988 0.00000 -0.00000 0 
57.726 12.988 0.00000 -0.00000 0 
60.292 12.988 0.00000 -0.00000 0 
62.857 12.988 0.00000 -0.00000 0 
65.423 12.988 0.00000 -0.00000 0 
67.988 12.988 0.00000 -0.00000 0 
70.554 12.988 0.00000 -0.00000 0 
73.120 12.988 0.00000 -0.00000 0 
75.685 12.988 -0.23775 -0.12962 2 
78.251 12.988 -0.47550 -0.25923 2 
80.816 12.988 -0.66255 0.27139 2 
83.382 12.988 -0.86791 0.51097 2 
85.948 12.988 -0.85876 0.59827 2 
88.513 12.988 -0.62860 0.58013 2 
91.079 12.988 -0.12723 0.77385 2 
93.644 12.988 0.01054 0.63778 2 
96.210 12.988 0.08792 1.31783 2 
98.776 12.988 0.79358 0.35383 2 
101.341 12.988 -0.62973 0.52840 2 
103.907 12.988 -0.52742 -0.69363 2 
106.472 12.988 1.13102 -0.51282 2 
109.038 12.988 -0.37600 1.09961 2 
111.603 12.988 0.13644 -0.74283 2 
114.169 12.988 1.23509 -0.75729 2 
116.735 12.988 2.47565 -0.83047 2 
119.300 12.988 0.35267 -2.92601 2 
-8.980 10.423 6.54719 -0.06042 2 
-6.414 10.423 6.58703 -0.19782 2 
-3.848 10.423 6.65651 -0.02917 2 
-1.283 10.423 6.44284 -0.03894 2 
1.283 10.423 6.34204 -0.00733 2 
3.848 10.423 6.47131 0.28023 2 
6.414 10.423 3.23566 0.14012 2 
8.980 10.423 0.00000 -0.00000 0 
11.545 10.423 0.00000 -0.00000 0 
14.111 10.423 0.00000 -0.00000 0 
16.676 10.423 2.32972 0.48425 2 
19.242 10.423 4.65943 0.96851 2 
21.808 10.423 7.08077 1.92400 2 
24.373 10.423 7.00535 1.72329 2 
26.939 10.423 7.76640 1.87627 2 
29.504 10.423 6.36793 1.52129 2 
32.070 10.423 0.00000 -0.00000 0 
34.636 10.423 0.00000 -0.00000 0 
37.201 10.423 0.00000 -0.00000 0 
39.767 10.423 0.00000 -0.00000 0 
42.332 10.423 0.00000 -0.00000 0 
44.898 10.423 0.00000 -0.00000 0 
47.464 10.423 0.00000 -0.00000 0 
50.029 10.423 0.00000 -0.00000 0 
52.595 10.423 0.00000 -0.00000 0 
55.160 10.423 0.00000 -0.00000 0 
57.726 10.423 0.00000 -0.00000 0 
60.292 10.423 0.00000 -0.00000 0 
62.857 10.423 0.00000 -0.00000 0 
65.423 10.423 0.00000 -0.00000 0 
67.988 10.423 -0.30984 -0.23313 2 
70.554 10.423 -0.09476 -0.15065 2 
73.120 10.423 -0.45553 -0.24383 2 
75.685 10.423 -0.37094 -0.19069 2 
78.251 10.423 -0.41333 -0.07599 2 
80.816 10.423 -0.06499 0.52733 2 
83.382 10.423 -0.48486 0.91920 2 
85.948 10.423 -0.78757 0.45295 2 
88.513 10.423 -0.59344 0.71904 2 
91.079 10.423 0.07427 1.13070 2 
93.644 10.423 0.08078 0.20564 2 
96.210 10.423 -0.29864 1.15629 2 
98.776 10.423 -0.38204 1.18067 2 
101.341 10.423 -0.80189 1.18413 2 
103.907 10.423 -1.13934 0.80552 2 
106.472 10.423 -0.07462 0.52497 2 
109.038 10.423 -0.04731 0.08358 2 
111.603 10.423 -1.21306 0.49244 2 
114.169 10.423 0.34439 0.87882 2 
116.735 10.423 1.01528 0.70003 2 
119.300 10.423 0.36867 1.54976 2 
-8.980 7.857 6.80479 -0.23624 2 
-6.414 7.857 6.58476 -0.20203 2 
-3.848 7.857 6.45839 -0.20436 2 
-1.283 7.857 6.39732 -0.16732 2 
1.283 7.857 5.87575 -0.15882 2 
3.848 7.857 6.00671 0.39446 2 
6.414 7.857 3.00335 0.19723 2 
8.980 7.857 0.00000 -0.00000 0 
11.545 7.857 0.00000 -0.00000 0 
14.111 7.857 0.00000 -0.00000 2 
16.676 7.857 1.55314 0.32284 2 
19.242 7.857 2.32972 0.48425 2 
21.808 7.857 0.00000 -0.00000 0 
24.373 7.857 0.00000 -0.00000 0 
26.939 7.857 0.00000 -0.00000 0 
29.504 7.857 0.00000 -0.00000 0 
32.070 7.857 0.00000 -0.00000 0 
34.636 7.857 0.00000 -0.00000 0 
37.201 7.857 0.00000 -0.00000 0 
39.767 7.857 0.00000 -0.00000 0 
42.332 7.857 0.00000 -0.00000 0 
44.898 7.857 0.00000 -0.00000 0 
47.464 7.857 0.00000 -0.00000 0 
50.029 7.857 0.00000 -0.00000 0 
52.595 7.857 0.00000 -0.00000 0 
55.160 7.857 0.00000 -0.00000 0 
57.726 7.857 0.00000 -0.00000 0 
60.292 7.857 -0.46998 -0.25400 2 
62.857 7.857 -0.34411 -0.38685 2 
65.423 7.857 -0.48086 -0.31079 2 
67.988 7.857 -0.61968 -0.46626 2 
70.554 7.857 -1.12262 -0.47926 2 
73.120 7.857 -0.91106 -0.48767 2 
75.685 7.857 -0.69949 -0.49608 2 
78.251 7.857 -0.21958 -0.04163 2 
80.816 7.857 0.39313 0.17644 2 
83.382 7.857 0.15629 0.69133 2 
85.948 7.857 0.26747 -0.00368 2 
88.513 7.857 -0.06952 0.46461 2 
91.079 7.857 0.02641 1.00356 2 
93.644 7.857 -0.12457 0.43283 2 
96.210 7.857 0.19470 0.31780 2 
98.776 7.857 -0.45467 0.35260 2 
101.341 7.857 -0.55066 0.30729 2 
103.907 7.857 -1.77697 0.60993 2 
106.472 7.857 -1.24085 0.89394 2 
109.038 7.857 -1.88763 0.75693 2 
111.603 7.857 -0.54751 1.17630 2 
114.169 7.857 0.41681 0.32386 2 
116.735 7.857 0.88505 1.09157 2 
119.300 7.857 0.43937 1.96838 2 
-8.980 5.292 6.60823 -0.36993 2 
-6.414 5.292 6.60119 -0.42158 2 
-3.848 5.292 6.30153 -0.35883 2 
-1.283 5.292 6.11833 -0.16598 2 
1.283 5.292 5.90109 -0.28355 2 
3.848 5.292 6.14330 0.10246 2 
6.414 5.292 3.07165 0.05123 2 
8.980 5.292 0.00000 -0.00000 0 
11.545 5.292 0.00000 -0.00000 0 
14.111 5.292 0.00000 -0.00000 0 
16.676 5.292 0.00000 -0.00000 0 
19.242 5.292 0.00000 -0.00000 0 
21.808 5.292 0.00000 -0.00000 0 
24.373 5.292 0.00000 -0.00000 0 
26.939 5.292 0.00000 -0.00000 0 
29.504 5.292 0.00000 -0.00000 0 
32.070 5.292 0.00000 -0.00000 0 
34.636 5.292 0.00000 -0.00000 0 
37.201 5.292 0.00000 -0.00000 0 
39.767 5.292 0.00000 -0.00000 0 
42.332 5.292 0.00000 -0.00000 0 
44.898 5.292 0.00000 -0.00000 0 
47.464 5.292 0.00000 -0.00000 0 
50.029 5.292 0.00000 -0.00000 0 
52.595 5.292 -0.39136 -0.24177 2 
55.160 5.292 -0.56391 -0.15140 2 
57.726 5.292 -0.48457 -0.19439 2 
60.292 5.292 -0.93996 -0.50801 2 
62.857 5.292 -1.68253 -0.57750 2 
65.423 5.292 -0.96172 -0.62157 2 
67.988 5.292 -0.82889 -0.96137 2 
70.554 5.292 -0.62665 -0.34597 2 
73.120 5.292 -0.65603 -0.47873 2 
75.685 5.292 -0.68541 -0.61150 2 
78.251 5.292 0.10572 -0.15614 2 
80.816 5.292 0.85124 -0.17445 2 
83.382 5.292 0.79744 0.46346 2 
85.948 5.292 -0.56730 0.30907 2 
88.513 5.292 -0.29260 0.25226 2 
91.079 5.292 -0.02145 0.87642 2 
93.644 5.292 -0.09691 0.12394 2 
96.210 5.292 -0.54812 0.47022 2 
98.776 5.292 -1.33424 0.00121 2 
101.341 5.292 -1.69858 0.58022 2 
103.907 5.292 -2.05283 0.92156 2 
106.472 5.292 -2.40708 1.26291 2 
109.038 5.292 -1.59389 0.77278 2 
111.603 5.292 -0.28468 1.70940 2 
114.169 5.292 0.05011 1.96755 2 
116.735 5.292 0.75482 1.48311 2 
119.300 5.292 0.51008 2.38700 2 
-8.980 2.726 6.79062 -0.42274 2 
-6.414 2.726 6.35572 -0.55663 2 
-3.848 2.726 6.50836 -0.66193 2 
-1.283 2.726 6.06624 -0.63321 2 
1.283 2.726 6.15619 -0.48627 2 
3.848 2.726 6.28678 -0.25139 2 
6.414 2.726 0.00000 -0.00000 0 
8.980 2.726 0.00000 -0.00000 0 
11.545 2.726 0.00000 -0.00000 0 
14.111 2.726 0.00000 -0.00000 0 
16.676 2.726 0.00000 -0.00000 0 
19.242 2.726 0.00000 -0.00000 0 
21.808 2.726 0.00000 -0.00000 0 
24.373 2.726 0.00000 -0.00000 0 
26.939 2.726 0.00000 -0.00000 0 
29.504 2.726 0.00000 -0.00000 0 
32.070 2.726 0.00000 -0.00000 0 
34.636 2.726 0.00000 -0.00000 0 
37.201 2.726 0.00000 -0.00000 0 
39.767 2.726 0.00000 -0.00000 0 
42.332 2.726 0.00000 -0.00000 0 
44.898 2.726 0.00000 -0.00000 0 
47.464 2.726 -0.61019 -0.45367 2 
50.029 2.726 -0.63875 -0.20076 2 
52.595 2.726 -0.78272 -0.48354 2 
55.160 2.726 -1.12782 -0.30281 2 
57.726 2.726 -1.37089 -0.78516 2 
60.292 2.726 -1.46473 -0.71108 2 
62.857 2.726 -1.26657 -1.11805 2 
65.423 2.726 -1.04590 -0.85527 2 
67.988 2.726 -0.75203 -0.76659 2 
70.554 2.726 -0.15368 -0.21395 2 
73.120 2.726 -0.08548 0.23368 2 
75.685 2.726 0.28288 -0.15460 2 
78.251 2.726 0.90175 -0.04210 2 
80.816 2.726 0.66764 -0.27410 2 
83.382 2.726 0.76990 0.35821 2 
85.948 2.726 -0.27384 -0.11809 2 
88.513 2.726 -0.51567 0.03991 2 
91.079 2.726 -0.24974 0.34432 2 
93.644 2.726 -0.06925 -0.18495 2 
96.210 2.726 -0.11840 0.38663 2 
98.776 2.726 -1.40862 0.42664 2 
101.341 2.726 -2.85048 0.70730 2 
103.907 2.726 -2.53901 0.66999 2 
106.472 2.726 -2.22755 0.63268 2 
109.038 2.726 -1.46548 1.08362 2 
111.603 2.726 -0.02185 2.24249 2 
114.169 2.726 -0.31659 3.61124 2 
116.735 2.726 0.11536 2.28664 2 
119.300 2.726 0.58078 2.80562 2 
-8.980 0.160 6.87498 -0.75724 2 
-6.414 0.160 6.62293 -0.57443 2 
-3.848 0.160 6.42407 -0.69445 2 
-1.283 0.160 6.24230 -0.87996 2 
1.283 0.160 5.25505 -0.90462 2 
3.848 0.160 0.00000 -0.00000 0 
6.414 0.160 0.00000 -0.00000 0 
8.980 0.160 0.00000 -0.00000 0 
11.545 0.160 0.00000 -0.00000 0 
14.111 0.160 0.00000 -0.00000 0 
16.676 0.160 0.00000 -0.00000 0 
19.242 0.160 0.00000 -0.00000 0 
21.808 0.160 0.00000 -0.00000 0 
24.373 0.160 0.00000 -0.00000 0 
26.939 0.160 0.00000 -0.00000 0 
29.504 0.160 0.00000 -0.00000 0 
32.070 0.160 0.00000 -0.00000 0 
34.636 0.160 0.00000 -0.00000 0 
37.201 0.160 0.00000 -0.00000 0 
39.767 0.160 -0.29003 -0.11378 2 
42.332 0.160 -0.58005 -0.22755 2 
44.898 0.160 -0.71689 -0.18255 2 
47.464 0.160 -1.94440 -0.66726 2 
50.029 0.160 -2.11456 -0.82257 2 
52.595 0.160 -1.86623 -0.73811 2 
55.160 0.160 -1.56522 -0.78638 2 
57.726 0.160 -1.47964 -0.73800 2 
60.292 0.160 -1.25663 -0.73288 2 
62.857 0.160 -1.14559 -0.99750 2 
65.423 0.160 -0.88564 -0.82474 2 
67.988 0.160 -0.74521 -0.17791 2 
70.554 0.160 0.01499 -0.41034 2 
73.120 0.160 -0.30456 -0.13085 2 
75.685 0.160 -0.30153 0.34212 2 
78.251 0.160 0.56615 -0.18624 2 
80.816 0.160 0.82632 -0.40332 2 
83.382 0.160 0.36922 0.07073 2 
85.948 0.160 0.60704 -0.18462 2 
88.513 0.160 0.44124 -0.31870 2 
91.079 0.160 0.52612 -0.18183 2 
93.644 0.160 0.61100 -0.04495 2 
96.210 0.160 0.31132 0.30304 2 
98.776 0.160 -0.46044 -0.47673 2 
101.341 0.160 -0.97737 0.24216 2 
103.907 0.160 -1.49429 0.96106 2 
106.472 0.160 -2.01105 1.33585 2 
109.038 0.160 -1.33706 1.39446 2 
111.603 0.160 0.57018 2.80821 2 
114.169 0.160 0.33764 2.82873 2 
116.735 0.160 0.19375 2.38795 2 
119.300 0.160 0.29237 3.19622 2 
-8.980 -2.405 6.85617 -0.76380 2 
-6.414 -2.405 6.62164 -0.81177 2 
-3.848 -2.405 6.56432 -0.81153 2 
-1.283 -2.405 6.21813 -1.01923 2 
1.283 -2.405 0.00000 -0.00000 0 
3.848 -2.405 0.00000 -0.00000 0 
6.414 -2.405 0.00000 -0.00000 0 
8.980 -2.405 0.00000 -0.00000 0 
11.545 -2.405 0.00000 -0.00000 0 
14.111 -2.405 0.00000 -0.00000 0 
16.676 -2.405 0.00000 -0.00000 0 
19.242 -2.405 0.00000 -0.00000 0 
21.808 -2.405 0.00000 -0.00000 0 
24.373 -2.405 0.00000 -0.00000 0 
26.939 -2.405 0.00000 -0.00000 0 
29.504 -2.405 0.00000 -0.00000 0 
32.070 -2.405 -0.30496 -0.01145 2 
34.636 -2.405 -0.45744 -0.01718 2 
37.201 -2.405 -0.62441 -0.21544 2 
39.767 -2.405 -0.76212 -0.47998 2 
42.332 -2.405 -0.89299 -0.53925 2 
44.898 -2.405 -1.01703 -0.39327 2 
47.464 -2.405 -2.29991 -0.66985 2 
50.029 -2.405 -2.02989 -0.58733 2 
52.595 -2.405 -1.68824 -0.89067 2 
55.160 -2.405 -1.78188 -0.76184 2 
57.726 -2.405 -1.41457 -0.96898 2 
60.292 -2.405 -1.04854 -0.75469 2 
62.857 -2.405 -1.02461 -0.87694 2 
65.423 -2.405 -0.72537 -0.79420 2 
67.988 -2.405 -0.92775 -1.02200 2 
70.554 -2.405 -0.46932 -0.85203 2 
73.120 -2.405 -0.40963 0.14737 2 
75.685 -2.405 0.41799 0.69284 2 
78.251 -2.405 0.82370 0.33548 2 
80.816 -2.405 1.09732 -0.09640 2 
83.382 -2.405 1.34053 -0.10306 2 
85.948 -2.405 1.58373 -0.10972 2 
88.513 -2.405 0.65471 -0.26477 2 
91.079 -2.405 0.93568 0.22904 2 
93.644 -2.405 1.03318 0.07513 2 
96.210 -2.405 -0.06822 0.21017 2 
98.776 -2.405 0.01905 -0.59945 2 
101.341 -2.405 -0.08986 -0.59436 2 
103.907 -2.405 -0.19876 -0.58927 2 
106.472 -2.405 0.57446 1.54168 2 
109.038 -2.405 1.50097 0.74348 2 
111.603 -2.405 -0.25726 2.73589 2 
114.169 -2.405 0.99188 2.04622 2 
116.735 -2.405 0.82814 2.28680 2 
119.300 -2.405 0.00000 -0.00000 0 
-8.980 -4.971 6.80120 -0.83979 2 
-6.414 -4.971 6.78334 -0.87495 2 
-3.848 -4.971 6.67984 -1.11815 2 
-1.283 -4.971 6.33433 -1.08636 2 
1.283 -4.971 0.00000 -0.00000 0 
3.848 -4.971 0.00000 -0.00000 0 
6.414 -4.971 0.00000 -0.00000 0 
8.980 -4.971 0.00000 -0.00000 0 
11.545 -4.971 0.00000 -0.00000 0 
14.111 -4.971 0.00000 -0.00000 0 
16.676 -4.971 0.00000 -0.00000 0 
19.242 -4.971 0.00000 -0.00000 0 
21.808 -4.971 0.00000 -0.00000 0 
24.373 -4.971 -0.10240 0.06162 2 
26.939 -4.971 -0.11956 -0.12212 2 
29.504 -4.971 -0.15509 -0.39399 2 
32.070 -4.971 -0.53499 -0.21417 2 
34.636 -4.971 -0.91488 -0.03436 2 
37.201 -4.971 -0.96912 0.08107 2 
39.767 -4.971 -1.08190 -0.99694 2 
42.332 -4.971 -1.19954 -0.80046 2 
44.898 -4.971 -1.31717 -0.60398 2 
47.464 -4.971 -1.38729 -0.49388 2 
50.029 -4.971 -1.94523 -0.35208 2 
52.595 -4.971 -1.81606 -0.47825 2 
55.160 -4.971 -1.02143 -1.00153 2 
57.726 -4.971 -1.27968 -0.82500 2 
60.292 -4.971 -0.87972 -0.71166 2 
62.857 -4.971 -0.80521 -0.85149 2 
65.423 -4.971 -0.54147 -1.28454 2 
67.988 -4.971 -0.30774 -1.64496 2 
70.554 -4.971 -1.05709 -1.13693 2 
73.120 -4.971 -0.63769 -0.18221 2 
75.685 -4.971 0.38310 0.70453 2 
78.251 -4.971 1.72608 0.63918 2 
80.816 -4.971 1.36833 0.21052 2 
83.382 -4.971 1.49449 0.04126 2 
85.948 -4.971 1.62066 -0.12799 2 
88.513 -4.971 0.86818 -0.21084 2 
91.079 -4.971 1.09332 -0.03010 2 
93.644 -4.971 0.93883 -0.06844 2 
96.210 -4.971 0.55662 0.31601 2 
98.776 -4.971 0.53295 -0.01875 2 
101.341 -4.971 2.24762 -0.66567 2 
103.907 -4.971 1.40687 -0.51966 2 
106.472 -4.971 1.67243 3.18542 2 
109.038 -4.971 2.76225 1.91798 2 
111.603 -4.971 1.55751 2.71768 2 
114.169 -4.971 3.43620 1.59319 2 
116.735 -4.971 1.60559 2.73510 2 
119.300 -4.971 0.00000 -0.00000 0 
-8.980 -7.536 6.99926 -0.76083 2 
-6.414 -7.536 6.88197 -1.00279 2 
-3.848 -7.536 6.66548 -1.05424 2 
-1.283 -7.536 6.67603 -1.34294 2 
1.283 -7.536 6.42036 -1.52505 2 
3.848 -7.536 0.00000 -0.00000 0 
6.414 -7.536 5.70648 -2.66337 2 
8.980 -7.536 6.44190 -3.96131 2 
11.545 -7.536 2.86212 -2.26347 2 
14.111 -7.536 -0.71766 -0.56563 2 
16.676 -7.536 -0.51754 -0.02512 2 
19.242 -7.536 -0.47498 -0.16936 2 
21.808 -7.536 -0.42035 -0.04424 2 
24.373 -7.536 -0.93254 -0.46638 2 
26.939 -7.536 2.11312 -0.58927 2 
29.504 -7.536 -0.31018 -0.78798 2 
32.070 -7.536 -1.41230 0.13567 2 
34.636 -7.536 -0.82284 0.22174 2 
37.201 -7.536 -1.24067 -0.45186 2 
39.767 -7.536 -1.65850 -1.12545 2 
42.332 -7.536 -1.20585 -0.89116 2 
44.898 -7.536 -0.43476 -0.68115 2 
47.464 -7.536 -0.47466 -0.31791 2 
50.029 -7.536 -0.60158 0.32991 2 
52.595 -7.536 0.37740 0.22604 2 
55.160 -7.536 -0.94100 -0.91949 2 
57.726 -7.536 -1.18123 -0.99580 2 
60.292 -7.536 -1.16574 -0.69482 2 
62.857 -7.536 -0.35062 -0.28346 2 
65.423 -7.536 0.03253 -1.46446 2 
67.988 -7.536 1.24856 -1.52845 2 
70.554 -7.536 2.53652 -0.86090 2 
73.120 -7.536 1.69511 0.35497 2 
75.685 -7.536 2.20365 0.85702 2 
78.251 -7.536 2.62847 0.94288 2 
80.816 -7.536 1.87086 0.02083 2 
83.382 -7.536 0.97175 0.13242 2 
85.948 -7.536 0.07265 0.24402 2 
88.513 -7.536 2.27411 -0.75993 2 
91.079 -7.536 0.98677 -0.04735 2 
93.644 -7.536 1.24557 -0.19474 2 
96.210 -7.536 1.95850 0.99351 2 
98.776 -7.536 2.05513 0.78101 2 
101.341 -7.536 1.34725 -0.50241 2 
103.907 -7.536 2.70188 0.80596 2 
106.472 -7.536 1.35893 2.77787 2 
109.038 -7.536 2.31330 2.37470 2 
111.603 -7.536 3.37229 2.69947 2 
114.169 -7.536 4.27589 2.48029 2 
116.735 -7.536 2.38303 3.18340 2 
119.300 -7.536 0.00000 -0.00000 0 
-8.980 -10.102 6.96648 -0.95187 2 
-6.414 -10.102 7.11846 -0.98674 2 
-3.848 -10.102 6.88917 -1.23569 2 
-1.283 -10.102 6.81492 -1.40193 2 
1.283 -10.102 6.74116 -1.84807 2 
3.848 -10.102 6.99385 -2.37361 2 
6.414 -10.102 7.14177 -2.67867 2 
8.980 -10.102 6.99445 -3.33490 2 
11.545 -10.102 5.57040 -2.52967 2 
14.111 -10.102 9.02280 -3.00011 2 
16.676 -10.102 9.20107 -2.75611 2 
19.242 -10.102 4.46667 -1.15530 2 
21.808 -10.102 7.48607 -0.21692 2 
24.373 -10.102 5.45510 -0.81854 2 
26.939 -10.102 4.34580 -1.05642 2 
29.504 -10.102 0.98737 -0.87348 2 
32.070 -10.102 3.74436 -1.22748 2 
34.636 -10.102 2.85251 -0.72224 2 
37.201 -10.102 2.03492 -1.01126 2 
39.767 -10.102 1.21734 -1.30027 2 
42.332 -10.102 0.19939 -1.32270 2 
44.898 -10.102 0.38687 -1.25537 2 
47.464 -10.102 1.80742 -0.64999 2 
50.029 -10.102 0.94803 0.26083 2 
52.595 -10.102 1.79462 0.08115 2 
55.160 -10.102 2.64121 -0.09854 2 
57.726 -10.102 3.47382 0.15330 2 
60.292 -10.102 3.71792 0.25787 2 
62.857 -10.102 3.96201 0.36245 2 
65.423 -10.102 2.68959 -0.72522 2 
67.988 -10.102 2.80485 -1.41194 2 
70.554 -10.102 3.87163 -0.82327 2 
73.120 -10.102 3.73056 -0.60159 2 
75.685 -10.102 5.47335 0.00840 2 
78.251 -10.102 4.03549 0.76023 2 
80.816 -10.102 3.13093 -0.03301 2 
83.382 -10.102 3.16913 -0.40375 2 
85.948 -10.102 3.80152 -0.58730 2 
88.513 -10.102 3.68004 -1.30902 2 
91.079 -10.102 3.96952 1.25719 2 
93.644 -10.102 4.83479 0.99949 2 
96.210 -10.102 4.08976 0.73594 2 
98.776 -10.102 4.23769 0.56983 2 
101.341 -10.102 3.66025 -0.90657 2 
103.907 -10.102 4.58460 1.97856 2 
106.472 -10.102 2.36194 0.41196 2 
109.038 -10.102 2.38393 1.65739 2 
111.603 -10.102 3.86365 1.33007 2 
114.169 -10.102 2.88480 1.26761 2 
116.735 -10.102 3.16048 3.63170 2 
119.300 -10.102 0.00000 -0.00000 0 
-8.980 -12.668 7.05849 -1.05836 2 
-6.414 -12.668 7.08953 -1.11449 2 
-3.848 -12.668 7.14245 -1.30471 2 
-1.283 -12.668 7.10741 -1.38601 2 
1.283 -12.668 7.06638 -1.89237 2 
3.848 -12.668 7.25414 -2.12596 2 
6.414 -12.668 7.16398 -2.39218 2 
8.980 -12.668 7.54700 -2.70850 2 
11.545 -12.668 8.27869 -2.79588 2 
14.111 -12.668 8.73747 -2.73440 2 
16.676 -12.668 8.96062 -2.55944 2 
19.242 -12.668 9.40833 -2.14124 2 
21.808 -12.668 9.45873 -2.54109 2 
24.373 -12.668 10.32397 -1.35018 2 
26.939 -12.668 10.13633 -1.22432 2 
29.504 -12.668 9.87881 -0.95510 2 
32.070 -12.668 9.62128 -0.68588 2 
34.636 -12.668 9.39013 -0.97495 2 
37.201 -12.668 6.74634 -0.69233 2 
39.767 -12.668 5.05280 -1.09266 2 
42.332 -12.668 5.39977 -1.06471 2 
44.898 -12.668 2.99160 -0.66609 2 
47.464 -12.668 4.35335 -0.39965 2 
50.029 -12.668 4.04835 -0.34772 2 
52.595 -12.668 5.97095 0.56874 2 
55.160 -12.668 6.25495 0.59684 2 
57.726 -12.668 5.32777 1.17171 2 
60.292 -12.668 5.44822 1.00994 2 
62.857 -12.668 6.15005 0.87772 2 
65.423 -12.668 5.34789 0.49358 2 
67.988 -12.668 7.31749 0.74200 2 
70.554 -12.668 7.17141 0.13004 2 
73.120 -12.668 5.66974 -0.53801 2 
75.685 -12.668 4.49496 0.29309 2 
78.251 -12.668 5.18494 0.56598 2 
80.816 -12.668 4.24407 0.04198 2 
83.382 -12.668 5.22502 0.09373 2 
85.948 -12.668 4.80221 0.58345 2 
88.513 -12.668 5.72130 0.40849 2 
91.079 -12.668 4.67597 0.80216 2 
93.644 -12.668 3.20164 1.16731 2 
96.210 -12.668 4.98029 2.14193 2 
98.776 -12.668 5.07187 2.11917 2 
101.341 -12.668 5.53540 0.22080 2 
103.907 -12.668 7.03361 0.25868 2 
106.472 -12.668 7.29281 2.59166 2 
109.038 -12.668 5.81736 2.57704 2 
111.603 -12.668 4.55163 1.84009 2 
114.169 -12.668 3.28589 1.10315 2 
116.735 -12.668 3.42612 2.86611 2 
119.300 -12.668 0.00000 -0.00000 0 
-8.980 -15.233 7.25444 -0.99492 2 
-6.414 -15.233 7.28069 -1.27929 2 
-3.848 -15.233 7.24405 -1.35385 2 
-1.283 -15.233 7.21205 -1.46359 2 
1.283 -15.233 7.27935 -1.67806 2 
3.848 -15.233 7.39207 -1.97433 2 
6.414 -15.233 7.41777 -2.22286 2 
8.980 -15.233 7.91586 -2.31174 2 
11.545 -15.233 8.24717 -2.47980 2 
14.111 -15.233 8.57801 -2.39616 2 
16.676 -15.233 8.78897 -2.31676 2 
19.242 -15.233 9.01759 -2.28615 2 
21.808 -15.233 9.23966 -2.08787 2 
24.373 -15.233 9.38871 -1.87977 2 
26.939 -15.233 9.62090 -1.68713 2 
29.504 -15.233 9.71826 -1.44332 2 
32.070 -15.233 9.81561 -1.19951 2 
34.636 -15.233 9.99891 -0.90596 2 
37.201 -15.233 9.44358 -0.89550 2 
39.767 -15.233 8.88826 -0.88504 2 
42.332 -15.233 8.24333 -1.44165 2 
44.898 -15.233 6.36532 -1.44788 2 
47.464 -15.233 6.89929 -0.14930 2 
50.029 -15.233 7.14866 -0.95628 2 
52.595 -15.233 7.76177 -0.71142 2 
55.160 -15.233 8.37488 -0.46656 2 
57.726 -15.233 6.89053 -0.68526 2 
60.292 -15.233 7.61431 0.35387 2 
62.857 -15.233 8.33809 1.39300 2 
65.423 -15.233 9.46659 0.46415 2 
67.988 -15.233 8.53089 -0.70565 2 
70.554 -15.233 8.63152 -0.09067 2 
73.120 -15.233 7.11306 -0.23994 2 
75.685 -15.233 6.28213 0.35496 2 
78.251 -15.233 8.05731 0.79331 2 
80.816 -15.233 6.81354 0.18669 2 
83.382 -15.233 7.08182 -0.08224 2 
85.948 -15.233 5.52564 0.95588 2 
88.513 -15.233 5.85585 0.71300 2 
91.079 -15.233 6.51420 1.67055 2 
93.644 -15.233 6.42071 1.48740 2 
96.210 -15.233 6.95480 2.78647 2 
98.776 -15.233 7.22585 2.52922 2 
101.341 -15.233 7.53871 2.08203 2 
103.907 -15.233 7.79670 0.99617 2 
106.472 -15.233 7.40709 2.05435 2 
109.038 -15.233 6.39386 1.48186 2 
111.603 -15.233 5.30303 1.47012 2 
114.169 -15.233 5.52825 1.95677 2 
116.735 -15.233 9.12424 2.43759 2 
119.300 -15.233 0.00000 -0.00000 0 
-8.980 -17.799 7.39857 -1.03753 2 
-6.414 -17.799 7.28076 -1.14756 2 
-3.848 -17.799 7.35999 -1.28842 2 
-1.283 -17.799 7.30681 -1.47976 2 
1.283 -17.799 7.42604 -1.40487 2 
3.848 -17.799 7.59077 -1.80250 2 
6.414 -17.799 7.79927 -1.97422 2 
8.980 -17.799 7.89247 -2.17944 2 
11.545 -17.799 8.30485 -2.14809 2 
14.111 -17.799 8.51003 -2.22506 2 
16.676 -17.799 8.72985 -2.02699 2 
19.242 -17.799 9.00183 -2.09161 2 
21.808 -17.799 9.08558 -1.89463 2 
24.373 -17.799 9.18769 -1.69257 2 
26.939 -17.799 9.44548 -1.49166 2 
29.504 -17.799 9.50314 -1.36578 2 
32.070 -17.799 9.68412 -1.17811 2 
34.636 -17.799 9.43210 -0.91724 2 
37.201 -17.799 9.40777 -0.75654 2 
39.767 -17.799 9.12744 -0.95894 2 
42.332 -17.799 9.57314 -1.21930 2 
44.898 -17.799 9.91807 -1.04831 2 
47.464 -17.799 9.40443 -0.87778 2 
50.029 -17.799 9.85492 -0.44629 2 
52.595 -17.799 9.73191 -0.76742 2 
55.160 -17.799 9.60891 -1.08854 2 
57.726 -17.799 8.24427 -0.67114 2 
60.292 -17.799 8.80700 0.02938 2 
62.857 -17.799 9.67088 0.73512 2 
65.423 -17.799 9.50523 0.20105 2 
67.988 -17.799 9.86671 -0.22124 2 
70.554 -17.799 10.09163 -0.31137 2 
73.120 -17.799 8.55638 0.05813 2 
75.685 -17.799 8.06929 0.41683 2 
78.251 -17.799 9.66164 0.59095 2 
80.816 -17.799 8.90741 0.06495 2 
83.382 -17.799 8.93862 -0.25821 2 
85.948 -17.799 7.24383 -0.10732 2 
88.513 -17.799 8.24237 0.95862 2 
91.079 -17.799 8.31245 2.19562 2 
93.644 -17.799 9.63979 1.80748 2 
96.210 -17.799 8.81748 2.46031 2 
98.776 -17.799 8.64257 2.21095 2 
101.341 -17.799 8.30649 1.74407 2 
103.907 -17.799 8.30454 1.25779 2 
106.472 -17.799 8.36563 1.37044 2 
109.038 -17.799 7.82602 0.60560 2 
111.603 -17.799 6.22935 1.82535 2 
114.169 -17.799 7.77062 2.81039 2 
116.735 -17.799 8.30669 2.17316 2 
119.300 -17.799 0.00000 -0.00000 0 
-8.980 -20.364 7.56090 -0.98340 2 
-6.414 -20.364 7.29167 -1.21786 2 
-3.848 -20.364 7.48637 -1.11854 2 
-1.283 -20.364 7.58223 -1.22756 2 
1.283 -20.364 7.49656 -1.52295 2 
3.848 -20.364 7.77555 -1.80451 2 
6.414 -20.364 7.82813 -1.69094 2 
8.980 -20.364 8.24436 -1.89720 2 
11.545 -20.364 8.25431 -1.92825 2 
14.111 -20.364 8.62585 -1.73007 2 
16.676 -20.364 8.71859 -2.00071 2 
19.242 -20.364 8.72878 -1.83377 2 
21.808 -20.364 9.00578 -1.78584 2 
24.373 -20.364 9.04896 -1.63852 2 
26.939 -20.364 9.15293 -1.52657 2 
29.504 -20.364 9.25043 -1.26953 2 
32.070 -20.364 9.21997 -1.11433 2 
34.636 -20.364 9.46274 -1.08398 2 
37.201 -20.364 9.32203 -1.09899 2 
39.767 -20.364 9.36177 -0.83310 2 
42.332 -20.364 9.30647 -1.11541 2 
44.898 -20.364 9.45003 -0.87343 2 
47.464 -20.364 9.50656 -0.98224 2 
50.029 -20.364 9.64463 -0.61301 2 
52.595 -20.364 9.65826 -0.43306 2 
55.160 -20.364 9.88126 -0.65811 2 
57.726 -20.364 9.59801 -0.65701 2 
60.292 -20.364 9.85958 0.03828 2 
62.857 -20.364 9.66194 -0.10880 2 
65.423 -20.364 9.70664 -0.06060 2 
67.988 -20.364 9.97878 -0.01815 2 
70.554 -20.364 9.95555 0.06820 2 
73.120 -20.364 9.99969 0.35620 2 
75.685 -20.364 9.85645 0.47870 2 
78.251 -20.364 9.84155 0.37696 2 
80.816 -20.364 9.97449 0.18927 2 
83.382 -20.364 10.47915 0.40614 2 
85.948 -20.364 10.38642 0.75817 2 
88.513 -20.364 10.62889 1.20424 2 
91.079 -20.364 10.87136 1.65031 2 
93.644 -20.364 9.66035 1.92588 2 
96.210 -20.364 9.09985 2.01837 2 
98.776 -20.364 8.87483 1.76207 2 
101.341 -20.364 8.63832 1.65320 2 
103.907 -20.364 8.58443 1.29464 2 
106.472 -20.364 8.36069 1.34971 2 
109.038 -20.364 7.92495 1.07242 2 
111.603 -20.364 7.78415 1.54744 2 
114.169 -20.364 8.48438 2.27747 2 
116.735 -20.364 9.14060 1.62797 2 
119.300 -20.364 0.00000 -0.00000 0 
-8.980 -22.930 7.52943 -1.01367 2 
-6.414 -22.930 7.57805 -1.17351 2 
-3.848 -22.930 7.37398 -1.11636 2 
-1.283 -22.930 7.61909 -1.23398 2 
1.283 -22.930 7.60918 -1.47432 2 
3.848 -22.930 7.88638 -1.52795 2 
6.414 -22.930 7.88896 -1.65881 2 
8.980 -22.930 8.13746 -1.67566 2 
11.545 -22.930 8.38528 -1.69866 2 
14.111 -22.930 8.56633 -1.79534 2 
16.676 -22.930 8.54865 -1.77272 2 
19.242 -22.930 8.82332 -1.54072 2 
21.808 -22.930 8.86959 -1.62968 2 
24.373 -22.930 8.95992 -1.42085 2 
26.939 -22.930 9.03265 -1.42608 2 
29.504 -22.930 9.16602 -1.26201 2 
32.070 -22.930 9.21435 -1.10683 2 
34.636 -22.930 9.17122 -1.04816 2 
37.201 -22.930 9.32218 -0.92348 2 
39.767 -22.930 9.13884 -1.00745 2 
42.332 -22.930 9.38989 -0.90695 2 
44.898 -22.930 9.38243 -0.88937 2 
47.464 -22.930 9.41983 -0.76398 2 
50.029 -22.930 9.43435 -0.77973 2 
52.595 -22.930 9.60551 -0.69121 2 
55.160 -22.930 9.65127 -0.46099 2 
57.726 -22.930 9.72312 -0.30144 2 
60.292 -22.930 9.59843 -0.53128 2 
62.857 -22.930 9.37779 0.02357 2 
65.423 -22.930 9.81355 -0.32822 2 
67.988 -22.930 9.65335 0.16144 2 
70.554 -22.930 9.66810 -0.11035 2 
73.120 -22.930 9.93804 0.18758 2 
75.685 -22.930 9.65045 0.10110 2 
78.251 -22.930 9.80581 0.18739 2 
80.816 -22.930 9.87126 0.42306 2 
83.382 -22.930 9.85869 0.39518 2 
85.948 -22.930 10.22188 0.65820 2 
88.513 -22.930 10.16051 1.08789 2 
91.079 -22.930 10.09915 1.51758 2 
93.644 -22.930 9.55319 1.63980 2 
96.210 -22.930 9.17187 1.47769 2 
98.776 -22.930 9.07034 1.69805 2 
101.341 -22.930 8.63692 1.13566 2 
103.907 -22.930 8.81529 1.30674 2 
106.472 -22.930 8.52426 1.20712 2 
109.038 -22.930 8.51662 0.80002 2 
111.603 -22.930 8.85738 1.27228 2 
114.169 -22.930 9.19815 1.74455 2 
116.735 -22.930 9.14321 1.26156 2 
119.300 -22.930 0.00000 -0.00000 0 
-8.980 -25.496 7.60705 -1.01963 2 
-6.414 -25.496 7.46249 -0.97548 2 
-3.848 -25.496 7.70112 -1.07138 2 
-1.283 -25.496 7.58704 -1.25425 2 
1.283 -25.496 7.85514 -1.11877 2 
3.848 -25.496 7.78235 -1.29538 2 
6.414 -25.496 7.98741 -1.48859 2 
8.980 -25.496 8.28258 -1.61306 2 
11.545 -25.496 8.29115 -1.54519 2 
14.111 -25.496 8.60400 -1.54682 2 
16.676 -25.496 8.67776 -1.45027 2 
19.242 -25.496 8.75321 -1.51056 2 
21.808 -25.496 8.84960 -1.48014 2 
24.373 -25.496 9.01334 -1.37919 2 
26.939 -25.496 8.90912 -0.99179 2 
29.504 -25.496 9.02449 -1.12159 2 
32.070 -25.496 9.07064 -1.03493 2 
34.636 -25.496 9.16772 -0.96783 2 
37.201 -25.496 9.15207 -0.95270 2 
39.767 -25.496 9.27676 -0.97448 2 
42.332 -25.496 9.26920 -0.82380 2 
44.898 -25.496 9.36121 -0.75399 2 
47.464 -25.496 9.36903 -0.60627 2 
50.029 -25.496 9.39984 -0.80372 2 
52.595 -25.496 9.46796 -0.60113 2 
55.160 -25.496 9.53857 -0.62530 2 
57.726 -25.496 9.30493 -0.36612 2 
60.292 -25.496 9.47630 -0.37037 2 
62.857 -25.496 9.44316 -0.37509 2 
65.423 -25.496 9.52016 -0.23803 2 
67.988 -25.496 9.52787 -0.33826 2 
70.554 -25.496 9.70080 0.07636 2 
73.120 -25.496 9.72199 -0.06572 2 
75.685 -25.496 9.53273 0.26958 2 
78.251 -25.496 9.62470 0.24455 2 
80.816 -25.496 9.57130 0.24914 2 
83.382 -25.496 9.88797 0.56121 2 
85.948 -25.496 9.90872 0.57890 2 
88.513 -25.496 10.04626 0.68710 2 
91.079 -25.496 9.75009 1.16048 2 
93.644 -25.496 9.44721 1.36211 2 
96.210 -25.496 9.14801 1.44658 2 
98.776 -25.496 8.94290 1.36206 2 
101.341 -25.496 8.85305 1.28996 2 
103.907 -25.496 8.61603 1.19782 2 
106.472 -25.496 8.53471 1.04188 2 
109.038 -25.496 8.72255 1.26250 2 
111.603 -25.496 8.59820 1.06117 2 
114.169 -25.496 8.51695 1.45952 2 
116.735 -25.496 8.48624 1.26449 2 
119.300 -25.496 0.00000 -0.00000 0 
-8.980 -28.061 7.70434 -0.93039 2 
-6.414 -28.061 7.64294 -0.90852 2 
-3.848 -28.061 7.74259 -1.06664 2 
-1.283 -28.061 7.98719 -1.06161 2 
1.283 -28.061 7.78111 -1.29633 2 
3.848 -28.061 8.08556 -1.24397 2 
6.414 -28.061 8.06917 -1.31306 2 
8.980 -28.061 8.25534 -1.39741 2 
11.545 -28.061 8.48448 -1.36927 2 
14.111 -28.061 8.47345 -1.52543 2 
16.676 -28.061 8.64439 -1.39461 2 
19.242 -28.061 8.61442 -1.26771 2 
21.808 -28.061 8.81818 -1.26752 2 
24.373 -28.061 8.92767 -1.12345 2 
26.939 -28.061 9.00273 -1.21495 2 
29.504 -28.061 9.01283 -1.09088 2 
32.070 -28.061 9.15792 -1.00801 2 
34.636 -28.061 9.10533 -0.94912 2 
37.201 -28.061 9.22207 -0.90353 2 
39.767 -28.061 9.09037 -0.81436 2 
42.332 -28.061 9.30065 -0.75426 2 
44.898 -28.061 9.27685 -0.66738 2 
47.464 -28.061 9.19025 -0.68953 2 
50.029 -28.061 9.36417 -0.54916 2 
52.595 -28.061 9.37739 -0.60480 2 
55.160 -28.061 9.30967 -0.50572 2 
57.726 -28.061 9.41382 -0.51894 2 
60.292 -28.061 9.47312 -0.29081 2 
62.857 -28.061 9.36366 -0.32291 2 
65.423 -28.061 9.56029 -0.21585 2 
67.988 -28.061 9.45486 -0.24509 2 
70.554 -28.061 9.52486 -0.12833 2 
73.120 -28.061 9.61434 0.15000 2 
75.685 -28.061 9.70800 0.10704 2 
78.251 -28.061 9.77718 0.22582 2 
80.816 -28.061 9.65785 0.44051 2 
83.382 -28.061 9.63145 0.39323 2 
85.948 -28.061 9.54947 0.63736 2 
88.513 -28.061 9.76162 0.67820 2 
91.079 -28.061 9.37778 0.96917 2 
93.644 -28.061 9.25382 1.06139 2 
96.210 -28.061 8.97850 1.08044 2 
98.776 -28.061 9.10356 1.10260 2 
101.341 -28.061 8.96882 1.10575 2 
103.907 -28.061 8.64271 1.19968 2 
106.472 -28.061 8.71614 0.98483 2 
109.038 -28.061 8.69942 1.04623 2 
111.603 -28.061 8.70065 1.02446 2 
114.169 -28.061 8.61203 1.10190 2 
116.735 -28.061 8.59178 1.30553 2 
119.300 -28.061 0.00000 -0.00000 0 
-8.980 -30.627 7.58303 -0.98694 2 
-6.414 -30.627 7.60760 -1.04366 2 
-3.848 -30.627 7.85763 -1.00454 2 
-1.283 -30.627 7.93684 -1.05220 2 
1.283 -30.627 7.96244 -1.13399 2 
3.848 -30.627 8.05116 -0.97422 2 
6.414 -30.627 8.14773 -1.22547 2 
8.980 -30.627 8.25580 -1.25730 2 
11.545 -30.627 8.31836 -1.21096 2 
14.111 -30.627 8.48086 -1.15200 2 
16.676 -30.627 8.74257 -1.25044 2 
19.242 -30.627 8.58095 -1.19727 2 
21.808 -30.627 8.77476 -1.16009 2 
24.373 -30.627 8.83581 -1.11422 2 
26.939 -30.627 8.83814 -1.01741 2 
29.504 -30.627 8.94579 -1.00019 2 
32.070 -30.627 8.96994 -0.91299 2 
34.636 -30.627 9.13996 -0.90756 2 
37.201 -30.627 9.14126 -0.83229 2 
39.767 -30.627 9.00684 -0.91775 2 
42.332 -30.627 9.23449 -0.64561 2 
44.898 -30.627 9.03550 -0.81488 2 
47.464 -30.627 9.25855 -0.63094 2 
50.029 -30.627 9.28036 -0.65034 2 
52.595 -30.627 9.13902 -0.54828 2 
55.160 -30.627 9.18406 -0.48894 2 
57.726 -30.627 9.38052 -0.36429 2 
60.292 -30.627 9.43573 -0.35557 2 
62.857 -30.627 9.32719 -0.23010 2 
65.423 -30.627 9.43179 -0.18893 2 
67.988 -30.627 9.45528 -0.04512 2 
70.554 -30.627 9.57222 -0.09303 2 
73.120 -30.627 9.33931 0.16622 2 
75.685 -30.627 9.53066 0.25307 2 
78.251 -30.627 9.47305 0.19860 2 
80.816 -30.627 9.37803 0.24602 2 
83.382 -30.627 9.51365 0.46074 2 
85.948 -30.627 9.38837 0.53399 2 
88.513 -30.627 9.44158 0.84982 2 
91.079 -30.627 9.31187 0.79658 2 
93.644 -30.627 9.10961 1.03694 2 
96.210 -30.627 8.98288 0.94728 2 
98.776 -30.627 8.81821 1.15324 2 
101.341 -30.627 8.79224 1.11177 2 
103.907 -30.627 8.75143 0.91473 2 
106.472 -30.627 8.65105 1.18344 2 
109.038 -30.627 8.61472 1.00391 2 
111.603 -30.627 8.62588 1.25723 2 
114.169 -30.627 8.42909 1.03445 2 
116.735 -30.627 8.54824 1.12190 2 
119.300 -30.627 0.00000 -0.00000 0 
-8.980 -33.192 7.69964 -0.89872 2 
-6.414 -33.192 7.84755 -0.84336 2 
-3.848 -33.192 7.82895 -0.95184 2 
-1.283 -33.192 7.87570 -0.97750 2 
1.283 -33.192 7.98011 -1.07769 2 
3.848 -33.192 8.16992 -1.02086 2 
6.414 -33.192 8.06081 -1.17250 2 
8.980 -33.192 8.21970 -1.10663 2 
11.545 -33.192 8.49356 -1.09405 2 
14.111 -33.192 8.40429 -1.19277 2 
16.676 -33.192 8.58862 -1.15635 2 
19.242 -33.192 8.73075 -1.19963 2 
21.808 -33.192 8.73846 -1.18686 2 
24.373 -33.192 8.72639 -0.90843 2 
26.939 -33.192 8.87120 -1.04262 2 
29.504 -33.192 8.89168 -1.00691 2 
32.070 -33.192 8.91686 -0.84547 2 
34.636 -33.192 8.91836 -0.90823 2 
37.201 -33.192 8.96447 -0.84824 2 
39.767 -33.192 9.09415 -0.78260 2 
42.332 -33.192 9.13649 -0.74130 2 
44.898 -33.192 9.10860 -0.68515 2 
47.464 -33.192 9.12296 -0.65555 2 
50.029 -33.192 9.27581 -0.61781 2 
52.595 -33.192 9.06849 -0.53065 2 
55.160 -33.192 9.42486 -0.53188 2 
57.726 -33.192 9.17313 -0.37201 2 
60.292 -33.192 9.32215 -0.42921 2 
62.857 -33.192 9.39453 -0.32288 2 
65.423 -33.192 9.26785 -0.26254 2 
67.988 -33.192 9.40562 -0.08019 2 
70.554 -33.192 9.35965 -0.00376 2 
73.120 -33.192 9.40231 -0.03858 2 
75.685 -33.192 9.34546 0.14965 2 
78.251 -33.192 9.29003 0.35352 2 
80.816 -33.192 9.45444 0.38725 2 
83.382 -33.192 9.17548 0.43318 2 
85.948 -33.192 9.24213 0.73996 2 
88.513 -33.192 9.25148 0.34718 2 
91.079 -33.192 9.12719 0.72350 2 
93.644 -33.192 9.19153 0.81377 2 
96.210 -33.192 8.96925 0.84434 2 
98.776 -33.192 8.99218 0.89613 2 
101.341 -33.192 8.77372 0.79328 2 
103.907 -33.192 8.87403 1.04848 2 
106.472 -33.192 8.60986 0.85044 2 
109.038 -33.192 8.55467 1.01421 2 
111.603 -33.192 8.52087 0.89401 2 
114.169 -33.192 8.35343 0.96464 2 
116.735 -33.192 8.40274 0.95677 2 
119.300 -33.192 0.00000 -0.00000 0 
-8.980 -35.758 7.99167 -0.81422 2 
-6.414 -35.758 7.86685 -0.87366 2 
-3.848 -35.758 8.00238 -0.82873 2 
-1.283 -35.758 7.82185 -0.99005 2 
1.283 -35.758 8.04042 -1.04375 2 
3.848 -35.758 8.07734 -1.06515 2 
6.414 -35.758 8.15006 -1.08145 2 
8.980 -35.758 8.26461 -0.99711 2 
11.545 -35.758 8.49781 -1.12973 2 
14.111 -35.758 8.50250 -1.18249 2 
16.676 -35.758 8.48739 -1.03603 2 
19.242 -35.758 8.53927 -1.13271 2 
21.808 -35.758 8.71716 -0.99890 2 
24.373 -35.758 8.72361 -0.94889 2 
26.939 -35.758 8.78732 -1.10370 2 
29.504 -35.758 8.83846 -0.76939 2 
32.070 -35.758 8.79659 -0.86973 2 
34.636 -35.758 9.00233 -0.83761 2 
37.201 -35.758 8.95207 -0.79518 2 
39.767 -35.758 8.93008 -0.82038 2 
42.332 -35.758 9.03791 -0.69486 2 
44.898 -35.758 9.17303 -0.66990 2 
47.464 -35.758 9.10243 -0.69537 2 
50.029 -35.758 9.15080 -0.50080 2 
52.595 -35.758 9.17960 -0.45214 2 
55.160 -35.758 8.96672 -0.38970 2 
57.726 -35.758 9.24029 -0.37487 2 
60.292 -35.758 9.20609 -0.41729 2 
62.857 -35.758 9.25252 -0.22651 2 
65.423 -35.758 9.26221 -0.19243 2 
67.988 -35.758 9.17128 -0.07316 2 
70.554 -35.758 9.27599 0.00430 2 
73.120 -35.758 9.36806 0.01945 2 
75.685 -35.758 9.29282 0.07642 2 
78.251 -35.758 9.26621 0.38409 2 
80.816 -35.758 9.22778 0.21382 2 
83.382 -35.758 9.28896 0.61242 2 
85.948 -35.758 9.19642 0.32158 2 
88.513 -35.758 9.14950 0.68657 2 
91.079 -35.758 9.28860 0.77006 2 
93.644 -35.758 8.99432 0.49282 2 
96.210 -35.758 8.96389 0.91012 2 
98.776 -35.758 8.88437 0.81689 2 
101.341 -35.758 8.76978 0.95655 2 
103.907 -35.758 8.80285 0.82975 2 
106.472 -35.758 8.66304 0.84735 2 
109.038 -35.758 8.62270 0.99574 2 
111.603 -35.758 8.54314 0.89188 2 
114.169 -35.758 8.30750 1.02714 2 
116.735 -35.758 8.55919 0.82561 2 
119.300 -35.758 0.00000 -0.00000 0 
-8.980 -38.324 7.88326 -0.86253 2 
-6.414 -38.324 7.86173 -0.94704 2 
-3.848 -38.324 7.87321 -0.91533 2 
-1.283 -38.324 8.05068 -0.97349 2 
1.283 -38.324 7.95060 -0.88464 2 
3.848 -38.324 8.23151 -1.00266 2 
6.414 -38.324 8.10145 -0.84874 2 
8.980 -38.324 8.24858 -1.11024 2 
11.545 -38.324 8.34238 -1.02636 2 
14.111 -38.324 8.34426 -1.09884 2 
16.676 -38.324 8.49370 -0.91247 2 
19.242 -38.324 8.61522 -0.94067 2 
21.808 -38.324 8.75515 -0.93450 2 
24.373 -38.324 8.65048 -0.86929 2 
26.939 -38.324 8.82930 -0.93227 2 
29.504 -38.324 8.82147 -0.72558 2 
32.070 -38.324 8.87809 -0.78152 2 
34.636 -38.324 8.83755 -0.73004 2 
37.201 -38.324 8.95645 -0.82166 2 
39.767 -38.324 8.86798 -0.72091 2 
42.332 -38.324 8.95271 -0.51915 2 
44.898 -38.324 9.07660 -0.69312 2 
47.464 -38.324 8.99974 -0.53729 2 
50.029 -38.324 8.97954 -0.33994 2 
52.595 -38.324 9.19992 -0.47672 2 
55.160 -38.324 9.18299 -0.52709 2 
57.726 -38.324 9.13023 -0.34312 2 
60.292 -38.324 8.99657 -0.37293 2 
62.857 -38.324 9.30848 -0.24810 2 
65.423 -38.324 9.07116 -0.18179 2 
67.988 -38.324 9.06796 -0.01902 2 
70.554 -38.324 9.20059 -0.06664 2 
73.120 -38.324 9.21898 0.28325 2 
75.685 -38.324 9.20454 0.15618 2 
78.251 -38.324 9.19348 0.33597 2 
80.816 -38.324 9.28129 0.29821 2 
83.382 -38.324 9.01874 0.37156 2 
85.948 -38.324 9.16421 0.42656 2 
88.513 -38.324 9.16348 0.65492 2 
91.079 -38.324 9.06167 0.63930 2 
93.644 -38.324 8.90002 0.81076 2 
96.210 -38.324 8.94096 0.64777 2 
98.776 -38.324 8.88056 0.71924 2 
101.341 -38.324 8.86121 0.81241 2 
103.907 -38.324 8.77488 0.89254 2 
106.472 -38.324 8.70776 0.87706 2 
109.038 -38.324 8.48547 0.88385 2 
111.603 -38.324 8.46187 0.85287 2 
114.169 -38.324 8.48027 0.78837 2 
116.735 -38.324 8.71565 0.69445 2 
119.300 -38.324 0.00000 -0.00000 0 
-8.980 -40.889 7.71675 -0.78153 2 
-6.414 -40.889 8.02208 -0.76092 2 
-3.848 -40.889 7.93921 -0.88127 2 
-1.283 -40.889 7.98902 -0.83182 2 
1.283 -40.889 8.16531 -0.91194 2 
3.848 -40.889 8.07755 -0.92414 2 
6.414 -40.889 8.28740 -0.99792 2 
8.980 -40.889 8.32735 -0.94537 2 
11.545 -40.889 8.47662 -0.80376 2 
14.111 -40.889 8.39440 -0.99692 2 
16.676 -40.889 8.57438 -0.79280 2 
19.242 -40.889 8.59072 -1.01372 2 
21.808 -40.889 8.69704 -0.83063 2 
24.373 -40.889 8.67836 -0.87343 2 
26.939 -40.889 8.69141 -0.79349 2 
29.504 -40.889 8.78400 -0.86734 2 
32.070 -40.889 8.80776 -0.82115 2 
34.636 -40.889 8.86353 -0.65204 2 
37.201 -40.889 8.86765 -0.75996 2 
39.767 -40.889 8.99702 -0.65833 2 
42.332 -40.889 9.00808 -0.62455 2 
44.898 -40.889 8.99214 -0.56299 2 
47.464 -40.889 8.95179 -0.60704 2 
50.029 -40.889 8.95058 -0.58142 2 
52.595 -40.889 9.05509 -0.41233 2 
55.160 -40.889 9.07723 -0.31141 2 
57.726 -40.889 9.18363 -0.35855 2 
60.292 -40.889 9.13465 -0.12604 2 
62.857 -40.889 9.04028 -0.17455 2 
65.423 -40.889 9.16293 -0.07260 2 
67.988 -40.889 9.26631 -0.12912 2 
70.554 -40.889 9.21564 0.09817 2 
73.120 -40.889 9.03847 0.03430 2 
75.685 -40.889 9.08268 0.14020 2 
78.251 -40.889 9.25491 0.24065 2 
80.816 -40.889 9.03642 0.29784 2 
83.382 -40.889 9.12129 0.44843 2 
85.948 -40.889 9.02383 0.51452 2 
88.513 -40.889 9.05439 0.50542 2 
91.079 -40.889 8.96406 0.67454 2 
93.644 -40.889 9.13491 0.68726 2 
96.210 -40.889 8.84289 0.70484 2 
98.776 -40.889 8.82414 0.78928 2 
101.341 -40.889 8.76108 0.84277 2 
103.907 -40.889 8.64591 0.74165 2 
106.472 -40.889 8.58849 0.74498 2 
109.038 -40.889 8.50125 0.87331 2 
111.603 -40.889 8.56044 0.79954 2 
114.169 -40.889 8.50817 0.86436 2 
116.735 -40.889 8.41569 0.83911 2 
119.300 -40.889 0.00000 -0.00000 0 
-8.980 -43.455 8.02760 -0.81733 2 
-6.414 -43.455 8.04473 -0.76423 2 
-3.848 -43.455 8.04046 -0.77659 2 
-1.283 -43.455 8.08659 -0.83637 2 
1.283 -43.455 8.13996 -0.82019 2 
3.848 -43.455 8.28873 -0.93645 2 
6.414 -43.455 8.21943 -0.76740 2 
8.980 -43.455 8.30474 -0.87141 2 
11.545 -43.455 8.41665 -1.00499 2 
14.111 -43.455 8.39215 -0.92034 2 
16.676 -43.455 8.43435 -0.88162 2 
19.242 -43.455 8.38899 -0.77326 2 
21.808 -43.455 8.62072 -0.83417 2 
24.373 -43.455 8.63752 -0.81295 2 
26.939 -43.455 8.67440 -0.78375 2 
29.504 -43.455 8.77009 -0.74431 2 
32.070 -43.455 8.69720 -0.71138 2 
34.636 -43.455 8.86790 -0.59404 2 
37.201 -43.455 8.86856 -0.70820 2 
39.767 -43.455 8.87966 -0.60434 2 
42.332 -43.455 9.07199 -0.61835 2 
44.898 -43.455 8.87284 -0.61189 2 
47.464 -43.455 8.88518 -0.58370 2 
50.029 -43.455 8.95815 -0.38975 2 
52.595 -43.455 9.04817 -0.47479 2 
55.160 -43.455 8.92811 -0.38827 2 
57.726 -43.455 9.08895 -0.43225 2 
60.292 -43.455 8.88113 -0.47358 2 
62.857 -43.455 9.12758 -0.15533 2 
65.423 -43.455 9.05340 -0.22256 2 
67.988 -43.455 9.09024 -0.00961 2 
70.554 -43.455 8.97686 0.06366 2 
73.120 -43.455 9.03858 0.13703 2 
75.685 -43.455 9.04496 0.18920 2 
78.251 -43.455 8.90742 0.27479 2 
80.816 -43.455 9.14035 0.27052 2 
83.382 -43.455 8.99641 0.32593 2 
85.948 -43.455 9.13990 0.45190 2 
88.513 -43.455 8.84516 0.41749 2 
91.079 -43.455 8.84200 0.47093 2 
93.644 -43.455 8.86656 0.48114 2 
96.210 -43.455 8.86436 0.59185 2 
98.776 -43.455 8.78957 0.73681 2 
101.341 -43.455 8.77764 0.73991 2 
103.907 -43.455 8.53155 0.52986 2 
106.472 -43.455 8.69474 0.81718 2 
109.038 -43.455 8.66764 0.67078 2 
111.603 -43.455 8.42719 0.85284 2 
114.169 -43.455 8.30537 0.80582 2 
116.735 -43.455 8.42545 0.86782 2 
119.300 -43.455 0.00000 -0.00000 0 
-8.980 -46.020 7.93484 -0.68411 2 
-6.414 -46.020 7.94635 -0.73510 2 
-3.848 -46.020 8.02669 -0.80009 2 
-1.283 -46.020 7.96181 -0.84038 2 
1.283 -46.020 8.17878 -0.79253 2 
3.848 -46.020 8.10904 -0.86220 2 
6.414 -46.020 8.23426 -0.80789 2 
8.980 -46.020 8.31615 -0.77709 2 
11.545 -46.020 8.33234 -0.82516 2 
14.111 -46.020 8.41161 -0.79289 2 
16.676 -46.020 8.50487 -0.80619 2 
19.242 -46.020 8.59632 -0.88768 2 
21.808 -46.020 8.59189 -0.82816 2 
24.373 -46.020 8.61885 -0.69098 2 
26.939 -46.020 8.72284 -0.65258 2 
29.504 -46.020 8.63887 -0.74813 2 
32.070 -46.020 8.85645 -0.65515 2 
34.636 -46.020 8.76680 -0.66942 2 
37.201 -46.020 8.79363 -0.77172 2 
39.767 -46.020 8.86827 -0.60925 2 
42.332 -46.020 8.77404 -0.63827 2 
44.898 -46.020 8.75522 -0.55696 2 
47.464 -46.020 8.94809 -0.51309 2 
50.029 -46.020 8.94632 -0.37148 2 
52.595 -46.020 8.83568 -0.42822 2 
55.160 -46.020 9.07237 -0.43242 2 
57.726 -46.020 8.84086 -0.24871 2 
60.292 -46.020 9.02374 -0.29511 2 
62.857 -46.020 8.99080 -0.20787 2 
65.423 -46.020 8.98340 -0.16752 2 
67.988 -46.020 8.96753 -0.03823 2 
70.554 -46.020 9.08041 0.01971 2 
73.120 -46.020 8.98682 0.03828 2 
75.685 -46.020 9.14225 0.27321 2 
78.251 -46.020 8.99648 0.19560 2 
80.816 -46.020 8.93767 0.35050 2 
83.382 -46.020 9.04323 0.32176 2 
85.948 -46.020 8.96566 0.40565 2 
88.513 -46.020 9.00337 0.42496 2 
91.079 -46.020 8.85280 0.60471 2 
93.644 -46.020 8.84762 0.65767 2 
96.210 -46.020 8.79693 0.70416 2 
98.776 -46.020 8.80462 0.59815 2 
101.341 -46.020 8.62955 0.65717 2 
103.907 -46.020 8.75974 0.71707 2 
106.472 -46.020 8.65048 0.75179 2 
109.038 -46.020 8.53211 0.62593 2 
111.603 -46.020 8.49451 0.79654 2 
114.169 -46.020 8.45056 0.65579 2 
116.735 -46.020 8.43520 0.89654 2 
119.300 -46.020 0.00000 -0.00000 0 
-8.980 -48.586 8.07707 -0.73219 2 
-6.414 -48.586 7.96959 -0.78282 2 
-3.848 -48.586 7.89914 -0.71055 2 
-1.283 -48.586 7.96640 -0.64133 2 
1.283 -48.586 8.26074 -0.73490 2 
3.848 -48.586 8.12806 -0.81608 2 
6.414 -48.586 8.28024 -0.68626 2 
8.980 -48.586 8.32184 -0.90039 2 
11.545 -48.586 8.28957 -0.79541 2 
14.111 -48.586 8.45648 -0.74861 2 
16.676 -48.586 8.45680 -0.85218 2 
19.242 -48.586 8.58098 -0.62528 2 
21.808 -48.586 8.53351 -0.84497 2 
24.373 -48.586 8.54879 -0.70183 2 
26.939 -48.586 8.64053 -0.63578 2 
29.504 -48.586 8.72704 -0.68923 2 
32.070 -48.586 8.62546 -0.66838 2 
34.636 -48.586 8.79400 -0.67698 2 
37.201 -48.586 8.74272 -0.56806 2 
39.767 -48.586 8.67862 -0.54752 2 
42.332 -48.586 8.92481 -0.57578 2 
44.898 -48.586 8.76144 -0.60042 2 
47.464 -48.586 8.85014 -0.60497 2 
50.029 -48.586 8.94077 -0.33239 2 
52.595 -48.586 8.86706 -0.33477 2 
55.160 -48.586 8.96835 -0.45082 2 
57.726 -48.586 8.84825 -0.20114 2 
60.292 -48.586 9.13123 -0.24052 2 
62.857 -48.586 8.93436 -0.02342 2 
65.423 -48.586 8.94222 -0.11371 2 
67.988 -48.586 8.96478 -0.00378 2 
70.554 -48.586 9.02860 0.02492 2 
73.120 -48.586 8.97974 0.15882 2 
75.685 -48.586 8.81884 0.09814 2 
78.251 -48.586 8.98664 0.13707 2 
80.816 -48.586 8.95262 0.32844 2 
83.382 -48.586 8.90178 0.32249 2 
85.948 -48.586 8.90514 0.32353 2 
88.513 -48.586 8.87383 0.48383 2 
91.079 -48.586 8.79851 0.48086 2 
93.644 -48.586 8.77382 0.65734 2 
96.210 -48.586 8.58108 0.51136 2 
98.776 -48.586 8.74259 0.51347 2 
101.341 -48.586 8.84545 0.55492 2 
103.907 -48.586 8.56072 0.60281 2 
106.472 -48.586 8.51834 0.67004 2 
109.038 -48.586 8.43120 0.66178 2 
111.603 -48.586 8.48595 0.64562 2 
114.169 -48.586 8.45457 0.70159 2 
116.735 -48.586 8.44495 0.92525 2 
119.300 -48.586 0.00000 -0.00000 0 
-8.980 -51.152 7.87321 -0.65062 2 
-6.414 -51.152 8.17398 -0.64118 2 
-3.848 -51.152 7.97051 -0.78867 2 
-1.283 -51.152 8.09599 -0.70300 2 
1.283 -51.152 8.02808 -0.74145 2 
3.848 -51.152 8.23240 -0.68008 2 
6.414 -51.152 8.21276 -0.81601 2 
8.980 -51.152 8.40319 -0.73237 2 
11.545 -51.152 8.36350 -0.72854 2 
14.111 -51.152 8.27203 -0.81501 2 
16.676 -51.152 8.48879 -0.81021 2 
19.242 -51.152 8.47798 -0.82609 2 
21.808 -51.152 8.44548 -0.61858 2 
24.373 -51.152 8.70541 -0.74058 2 
26.939 -51.152 8.48134 -0.69610 2 
29.504 -51.152 8.72412 -0.67540 2 
32.070 -51.152 8.70783 -0.67269 2 
34.636 -51.152 8.66929 -0.57502 2 
37.201 -51.152 8.82979 -0.49293 2 
39.767 -51.152 8.86379 -0.61605 2 
42.332 -51.152 8.81897 -0.46794 2 
44.898 -51.152 8.73164 -0.61106 2 
47.464 -51.152 8.81573 -0.41531 2 
50.029 -51.152 8.89591 -0.42747 2 
52.595 -51.152 8.90618 -0.30090 2 
55.160 -51.152 8.79696 -0.26641 2 
57.726 -51.152 8.89554 -0.31866 2 
60.292 -51.152 8.73289 -0.31103 2 
62.857 -51.152 8.96341 -0.18775 2 
65.423 -51.152 8.81134 -0.11391 2 
67.988 -51.152 8.91638 -0.09789 2 
70.554 -51.152 8.98191 0.15325 2 
73.120 -51.152 8.96063 -0.02296 2 
75.685 -51.152 8.92612 0.17106 2 
78.251 -51.152 8.87431 0.15938 2 
80.816 -51.152 8.86275 0.29516 2 
83.382 -51.152 8.84607 0.24678 2 
85.948 -51.152 8.89846 0.50565 2 
88.513 -51.152 8.77954 0.40427 2 
91.079 -51.152 8.85254 0.28628 2 
93.644 -51.152 8.56498 0.62769 2 
96.210 -51.152 8.65576 0.59511 2 
98.776 -51.152 8.65307 0.65038 2 
101.341 -51.152 8.67962 0.65367 2 
103.907 -51.152 8.70517 0.54141 2 
106.472 -51.152 8.55193 0.49259 2 
109.038 -51.152 8.49264 0.72750 2 
111.603 -51.152 8.45378 0.63752 2 
114.169 -51.152 8.44764 0.65222 2 
116.735 -51.152 8.55404 0.62873 2 
119.300 -51.152 0.00000 -0.00000 0 
-8.980 -53.717 8.14410 -0.78276 2 
-6.414 -53.717 7.86161 -0.74849 2 
-3.848 -53.717 8.16032 -0.72383 2 
-1.283 -53.717 8.25992 -0.79020 2 
1.283 -53.717 8.20875 -0.83161 2 
3.848 -53.717 8.19273 -0.78734 2 
6.414 -53.717 8.22013 -0.83626 2 
8.980 -53.717 8.22576 -0.85580 2 
11.545 -53.717 8.43727 -0.84057 2 
14.111 -53.717 8.43883 -0.75855 2 
16.676 -53.717 8.38536 -0.67421 2 
19.242 -53.717 8.44499 -0.73775 2 
21.808 -53.717 8.56351 -0.87069 2 
24.373 -53.717 8.51659 -0.69332 2 
26.939 -53.717 8.65329 -0.72249 2 
29.504 -53.717 8.73144 -0.71042 2 
32.070 -53.717 8.70964 -0.66693 2 
34.636 -53.717 8.73501 -0.74510 2 
37.201 -53.717 8.59545 -0.76037 2 
39.767 -53.717 8.69723 -0.53856 2 
42.332 -53.717 8.76066 -0.58217 2 
44.898 -53.717 8.77189 -0.51038 2 
47.464 -53.717 8.74808 -0.46161 2 
50.029 -53.717 8.80618 -0.31824 2 
52.595 -53.717 8.92768 -0.45657 2 
55.160 -53.717 8.80653 -0.32800 2 
57.726 -53.717 8.83870 -0.21623 2 
60.292 -53.717 8.77526 -0.11890 2 
62.857 -53.717 8.88943 -0.13122 2 
65.423 -53.717 8.89612 -0.00400 2 
67.988 -53.717 8.93672 -0.13277 2 
70.554 -53.717 8.88806 0.23069 2 
73.120 -53.717 8.93750 -0.00048 2 
75.685 -53.717 8.78578 0.13459 2 
78.251 -53.717 8.79667 0.16820 2 
80.816 -53.717 9.03199 0.24243 2 
83.382 -53.717 8.69869 0.21585 2 
85.948 -53.717 8.85996 0.32367 2 
88.513 -53.717 8.97398 0.41315 2 
91.079 -53.717 9.05032 0.57055 2 
93.644 -53.717 9.04336 0.36598 2 
96.210 -53.717 9.09631 0.46768 2 
98.776 -53.717 9.18010 0.56203 2 
101.341 -53.717 8.87682 0.63083 2 
103.907 -53.717 9.05249 0.56223 2 
106.472 -53.717 8.61395 0.59580 2 
109.038 -53.717 8.61452 0.63106 2 
111.603 -53.717 8.61509 0.66632 2 
114.169 -53.717 8.70660 0.58236 2 
116.735 -53.717 8.44991 0.75963 2 
119.300 -53.717 0.00000 -0.00000 0 
-8.980 -56.283 0.00000 -0.00000 0 
-6.414 -56.283 0.00000 -0.00000 0 
-3.848 -56.283 0.00000 -0.00000 0 
-1.283 -56.283 0.00000 -0.00000 0 
1.283 -56.283 0.00000 -0.00000 0 
3.848 -56.283 0.00000 -0.00000 0 
6.414 -56.283 0.00000 -0.00000 0 
8.980 -56.283 0.00000 -0.00000 0 
11.545 -56.283 0.00000 -0.00000 0 
14.111 -56.283 0.00000 -0.00000 0 
16.676 -56.283 0.00000 -0.00000 0 
19.242 -56.283 0.00000 -0.00000 0 
21.808 -56.283 0.00000 -0.00000 0 
24.373 -56.283 0.00000 -0.00000 0 
26.939 -56.283 0.00000 -0.00000 0 
29.504 -56.283 0.00000 -0.00000 0 
32.070 -56.283 0.00000 -0.00000 0 
34.636 -56.283 0.00000 -0.00000 0 
37.201 -56.283 0.00000 -0.00000 0 
39.767 -56.283 0.00000 -0.00000 0 
42.332 -56.283 0.00000 -0.00000 0 
44.898 -56.283 0.00000 -0.00000 0 
47.464 -56.283 0.00000 -0.00000 0 
50.029 -56.283 8.63438 -0.23495 2 
52.595 -56.283 8.79632 -0.16533 2 
55.160 -56.283 8.83019 -0.25819 2 
57.726 -56.283 8.85770 -0.07126 2 
60.292 -56.283 8.88243 -0.23199 2 
62.857 -56.283 8.76063 -0.20035 2 
65.423 -56.283 8.75568 -0.10078 2 
67.988 -56.283 8.81292 -0.04910 2 
70.554 -56.283 8.80420 0.05294 2 
73.120 -56.283 8.84986 0.09007 2 
75.685 -56.283 8.81264 0.09457 2 
78.251 -56.283 8.95040 0.12944 2 
80.816 -56.283 8.72819 0.11762 2 
83.382 -56.283 8.92515 0.11965 2 
85.948 -56.283 8.73506 0.26199 2 
88.513 -56.283 8.64985 0.19043 2 
91.079 -56.283 8.56463 0.11887 2 
93.644 -56.283 8.47942 0.04731 1 
96.210 -56.283 0.00000 -0.00000 0 
98.776 -56.283 0.00000 -0.00000 0 
101.341 -56.283 0.00000 -0.00000 0 
103.907 -56.283 0.00000 -0.00000 0 
106.472 -56.283 0.00000 -0.00000 0 
109.038 -56.283 0.00000 -0.00000 0 
111.603 -56.283 0.00000 -0.00000 0 
114.169 -56.283 0.00000 -0.00000 0 
116.735 -56.283 0.00000 -0.00000 0 
119.300 -56.283 0.00000 -0.00000 0 
