TITLE = "B00037"
VARIABLES = "X [mm]", "Y [mm]", "Vx [m/s]", "Vy [m/s]", "Flag"
ZONE T="Frame 1", I=51, J=39, F=POINT
-8.980 41.210 7.33072 0.41572 2 
-6.414 41.210 7.12917 0.26417 2 
-3.848 41.210 7.29045 0.57251 2 
-1.283 41.210 7.12308 0.37478 2 
1.283 41.210 7.55830 0.61165 2 
3.848 41.210 0.00000 -0.00000 0 
6.414 41.210 0.00000 -0.00000 0 
8.980 41.210 0.00000 -0.00000 0 
11.545 41.210 0.00000 -0.00000 0 
14.111 41.210 0.00000 -0.00000 0 
16.676 41.210 0.00000 -0.00000 0 
19.242 41.210 3.84806 0.31914 2 
21.808 41.210 7.69612 0.63828 2 
24.373 41.210 7.49961 0.77216 2 
26.939 41.210 7.56726 0.73347 2 
29.504 41.210 7.63492 0.69478 2 
32.070 41.210 7.56783 0.86877 2 
34.636 41.210 7.59732 0.79883 2 
37.201 41.210 7.62682 0.72889 2 
39.767 41.210 7.72015 0.92290 2 
42.332 41.210 7.80714 0.84962 2 
44.898 41.210 7.97762 0.87376 2 
47.464 41.210 7.90963 0.84473 2 
50.029 41.210 7.90174 0.61290 2 
52.595 41.210 7.96238 0.80257 2 
55.160 41.210 8.13546 0.91120 2 
57.726 41.210 8.08276 0.93684 2 
60.292 41.210 8.10906 0.72791 2 
62.857 41.210 8.23679 0.69166 2 
65.423 41.210 8.36452 0.65541 2 
67.988 41.210 8.32098 0.64995 2 
70.554 41.210 8.33729 0.72814 2 
73.120 41.210 8.28370 0.59676 2 
75.685 41.210 8.71505 0.50567 2 
78.251 41.210 8.54636 0.56172 2 
80.816 41.210 0.00000 0.00000 0 
83.382 41.210 8.59157 0.40571 2 
85.948 41.210 8.61025 0.24636 2 
88.513 41.210 8.69006 0.38101 2 
91.079 41.210 8.69219 0.34144 2 
93.644 41.210 8.57904 0.30929 2 
96.210 41.210 8.72383 0.23004 2 
98.776 41.210 8.68278 0.01277 2 
101.341 41.210 8.65397 -0.01077 2 
103.907 41.210 8.61127 0.12590 2 
106.472 41.210 8.71803 0.02047 2 
109.038 41.210 8.63407 -0.28930 2 
111.603 41.210 8.56967 -0.23175 2 
114.169 41.210 8.64080 -0.16360 2 
116.735 41.210 8.81315 -0.28192 2 
119.300 41.210 0.00000 -0.00000 0 
-8.980 38.644 7.22730 0.32025 2 
-6.414 38.644 7.27947 0.41570 2 
-3.848 38.644 7.29905 0.40737 2 
-1.283 38.644 7.05468 0.44040 2 
1.283 38.644 7.35840 0.68155 2 
3.848 38.644 0.00000 -0.00000 0 
6.414 38.644 0.00000 -0.00000 0 
8.980 38.644 0.00000 -0.00000 0 
11.545 38.644 0.00000 -0.00000 0 
14.111 38.644 0.00000 -0.00000 0 
16.676 38.644 0.00000 -0.00000 0 
19.242 38.644 3.83730 0.39922 2 
21.808 38.644 7.67461 0.79844 2 
24.373 38.644 7.28299 0.72509 2 
26.939 38.644 7.38168 0.89472 2 
29.504 38.644 7.45322 0.87389 2 
32.070 38.644 7.52106 0.95734 2 
34.636 38.644 7.64336 0.74603 2 
37.201 38.644 7.55753 0.85379 2 
39.767 38.644 7.69919 0.88519 2 
42.332 38.644 7.69635 0.82381 2 
44.898 38.644 7.77385 0.98478 2 
47.464 38.644 7.98071 0.86266 2 
50.029 38.644 7.73824 0.92812 2 
52.595 38.644 8.17978 0.85232 2 
55.160 38.644 7.94695 0.78325 2 
57.726 38.644 8.34923 0.99598 2 
60.292 38.644 8.30077 1.00631 2 
62.857 38.644 8.35572 0.80059 2 
65.423 38.644 8.32675 0.69282 2 
67.988 38.644 8.37627 0.55014 2 
70.554 38.644 8.36165 0.67354 2 
73.120 38.644 8.53874 0.67423 2 
75.685 38.644 8.41352 0.88091 2 
78.251 38.644 8.50907 0.65976 2 
80.816 38.644 0.00000 0.00000 0 
83.382 38.644 8.60454 0.44383 2 
85.948 38.644 8.67830 0.47840 2 
88.513 38.644 8.52626 0.50420 2 
91.079 38.644 8.63734 0.47077 2 
93.644 38.644 8.73007 0.20216 2 
96.210 38.644 8.74061 0.21910 2 
98.776 38.644 8.93189 0.16271 2 
101.341 38.644 8.56537 0.05252 2 
103.907 38.644 8.91615 0.00964 2 
106.472 38.644 8.70837 -0.20099 2 
109.038 38.644 8.84290 -0.17267 2 
111.603 38.644 8.59252 -0.26826 2 
114.169 38.644 8.67285 -0.56974 2 
116.735 38.644 8.84414 -0.60954 2 
119.300 38.644 0.00000 -0.00000 0 
-8.980 36.079 6.98263 0.37788 2 
-6.414 36.079 7.18880 0.31653 2 
-3.848 36.079 7.21903 0.41838 2 
-1.283 36.079 7.08447 0.47663 2 
1.283 36.079 7.82443 0.61157 2 
3.848 36.079 0.00000 -0.00000 0 
6.414 36.079 0.00000 -0.00000 0 
8.980 36.079 0.00000 -0.00000 0 
11.545 36.079 0.00000 -0.00000 0 
14.111 36.079 0.00000 -0.00000 0 
16.676 36.079 0.00000 -0.00000 0 
19.242 36.079 3.84136 0.44105 2 
21.808 36.079 7.68272 0.88211 2 
24.373 36.079 7.26148 0.84727 2 
26.939 36.079 7.41290 0.87227 2 
29.504 36.079 7.46687 0.89560 2 
32.070 36.079 7.42475 0.88553 2 
34.636 36.079 7.62976 0.96340 2 
37.201 36.079 7.44159 0.82925 2 
39.767 36.079 7.67736 0.87172 2 
42.332 36.079 7.72871 1.01142 2 
44.898 36.079 7.83048 0.82346 2 
47.464 36.079 7.79937 0.99097 2 
50.029 36.079 7.98373 1.10191 2 
52.595 36.079 8.20547 0.89095 2 
55.160 36.079 8.15736 0.79612 2 
57.726 36.079 8.02623 0.99333 2 
60.292 36.079 8.10842 0.70650 2 
62.857 36.079 8.17524 0.73310 2 
65.423 36.079 8.45045 1.00782 2 
67.988 36.079 8.30384 0.84586 2 
70.554 36.079 8.29177 0.93191 2 
73.120 36.079 8.47125 0.87339 2 
75.685 36.079 8.57315 0.58544 2 
78.251 36.079 8.74191 0.68289 2 
80.816 36.079 0.00000 0.00000 0 
83.382 36.079 8.65332 0.62292 2 
85.948 36.079 8.76726 0.64514 2 
88.513 36.079 8.61436 0.43939 2 
91.079 36.079 8.68576 0.43036 2 
93.644 36.079 8.72722 0.56699 2 
96.210 36.079 8.73415 0.40362 2 
98.776 36.079 8.87609 0.25452 2 
101.341 36.079 8.84911 0.22781 2 
103.907 36.079 8.79715 0.05690 2 
106.472 36.079 8.82831 -0.23828 2 
109.038 36.079 8.69582 -0.24993 2 
111.603 36.079 8.83926 -0.25471 2 
114.169 36.079 8.77552 -0.48688 2 
116.735 36.079 9.03339 -0.90706 2 
119.300 36.079 0.00000 -0.00000 0 
-8.980 33.513 7.12997 0.48450 2 
-6.414 33.513 7.21006 0.23900 2 
-3.848 33.513 7.10446 0.51637 2 
-1.283 33.513 7.10482 0.47551 2 
1.283 33.513 7.62332 0.51552 2 
3.848 33.513 0.00000 -0.00000 0 
6.414 33.513 0.00000 -0.00000 0 
8.980 33.513 0.00000 -0.00000 0 
11.545 33.513 0.00000 -0.00000 0 
14.111 33.513 0.00000 -0.00000 0 
16.676 33.513 0.00000 -0.00000 0 
19.242 33.513 3.92806 0.46475 2 
21.808 33.513 7.85613 0.92950 2 
24.373 33.513 7.20615 0.95200 2 
26.939 33.513 7.43729 0.84102 2 
29.504 33.513 7.38145 0.95555 2 
32.070 33.513 7.47841 0.99735 2 
34.636 33.513 7.47725 1.12156 2 
37.201 33.513 7.57618 0.89558 2 
39.767 33.513 7.71092 1.04426 2 
42.332 33.513 7.88623 0.89289 2 
44.898 33.513 7.75542 1.00195 2 
47.464 33.513 8.00534 1.04060 2 
50.029 33.513 7.78563 1.02374 2 
52.595 33.513 7.77879 0.88212 2 
55.160 33.513 8.03748 0.99142 2 
57.726 33.513 8.42807 1.00262 2 
60.292 33.513 8.28175 1.10903 2 
62.857 33.513 8.49952 1.00033 2 
65.423 33.513 8.18637 1.02284 2 
67.988 33.513 8.64593 0.79098 2 
70.554 33.513 8.66617 0.60165 2 
73.120 33.513 8.43150 0.83641 2 
75.685 33.513 8.51312 0.75255 2 
78.251 33.513 8.66258 0.89927 2 
80.816 33.513 0.00000 0.00000 0 
83.382 33.513 8.72420 0.71076 2 
85.948 33.513 8.81599 0.70464 2 
88.513 33.513 8.81100 0.54306 2 
91.079 33.513 8.92642 0.45242 2 
93.644 33.513 8.82084 0.44517 2 
96.210 33.513 8.72615 0.44528 2 
98.776 33.513 8.92779 0.36181 2 
101.341 33.513 8.88144 0.12969 2 
103.907 33.513 8.91842 -0.13884 2 
106.472 33.513 8.97447 -0.02349 2 
109.038 33.513 8.93958 -0.30216 2 
111.603 33.513 8.89385 -0.48159 2 
114.169 33.513 8.89718 -0.55719 2 
116.735 33.513 9.28601 -0.73933 2 
119.300 33.513 0.00000 -0.00000 0 
-8.980 30.948 7.10550 0.27642 2 
-6.414 30.948 7.13971 0.38610 2 
-3.848 30.948 7.10374 0.44079 2 
-1.283 30.948 6.98058 0.35404 2 
1.283 30.948 7.36188 0.50066 2 
3.848 30.948 0.00000 -0.00000 0 
6.414 30.948 0.00000 -0.00000 0 
8.980 30.948 0.00000 -0.00000 0 
11.545 30.948 0.00000 -0.00000 0 
14.111 30.948 0.00000 -0.00000 0 
16.676 30.948 0.00000 -0.00000 0 
19.242 30.948 3.84296 0.45799 2 
21.808 30.948 7.68592 0.91599 2 
24.373 30.948 7.25185 1.02577 2 
26.939 30.948 7.28540 0.97160 2 
29.504 30.948 7.43126 1.12490 2 
32.070 30.948 7.29580 0.96759 2 
34.636 30.948 7.68255 0.98330 2 
37.201 30.948 7.69338 0.96371 2 
39.767 30.948 7.51900 1.13039 2 
42.332 30.948 7.69771 1.20478 2 
44.898 30.948 7.92565 0.98361 2 
47.464 30.948 7.95872 1.10767 2 
50.029 30.948 7.91889 1.04039 2 
52.595 30.948 8.24036 1.08794 2 
55.160 30.948 7.96390 0.96414 2 
57.726 30.948 8.09896 1.08425 2 
60.292 30.948 8.51695 1.15393 2 
62.857 30.948 8.13539 0.99486 2 
65.423 30.948 8.49969 1.01716 2 
67.988 30.948 8.33843 0.88725 2 
70.554 30.948 8.35985 0.87999 2 
73.120 30.948 8.48139 1.12681 2 
75.685 30.948 8.63085 0.88519 2 
78.251 30.948 8.59726 0.89732 2 
80.816 30.948 0.00000 0.00000 0 
83.382 30.948 8.81630 0.69942 2 
85.948 30.948 8.86354 0.63949 2 
88.513 30.948 8.92383 0.64221 2 
91.079 30.948 8.72721 0.69409 2 
93.644 30.948 8.78197 0.39163 2 
96.210 30.948 8.98015 0.30646 2 
98.776 30.948 8.93813 0.30267 2 
101.341 30.948 9.00896 0.21857 2 
103.907 30.948 9.13533 0.09385 2 
106.472 30.948 9.07879 -0.20179 2 
109.038 30.948 9.06548 -0.19994 2 
111.603 30.948 9.08050 -0.59363 2 
114.169 30.948 9.08062 -0.57324 2 
116.735 30.948 9.06569 -0.67293 2 
119.300 30.948 0.00000 -0.00000 0 
-8.980 28.382 7.01534 0.23764 2 
-6.414 28.382 7.06821 0.33600 2 
-3.848 28.382 6.90116 0.37318 2 
-1.283 28.382 7.08010 0.52550 2 
1.283 28.382 7.18871 0.47112 2 
3.848 28.382 3.72787 0.26618 2 
6.414 28.382 0.00000 -0.00000 0 
8.980 28.382 0.00000 -0.00000 0 
11.545 28.382 0.00000 -0.00000 0 
14.111 28.382 0.00000 -0.00000 0 
16.676 28.382 4.49704 0.63021 2 
19.242 28.382 5.86018 0.64774 2 
21.808 28.382 7.08266 0.88489 2 
24.373 28.382 7.15838 0.87822 2 
26.939 28.382 7.33683 1.07873 2 
29.504 28.382 7.44571 1.03436 2 
32.070 28.382 7.33651 1.17359 2 
34.636 28.382 7.55876 1.14844 2 
37.201 28.382 7.54129 1.03717 2 
39.767 28.382 7.57635 1.03222 2 
42.332 28.382 7.77476 1.17314 2 
44.898 28.382 7.76775 1.24197 2 
47.464 28.382 7.72823 1.14715 2 
50.029 28.382 7.84396 1.03246 2 
52.595 28.382 8.07440 1.12897 2 
55.160 28.382 8.14522 1.17646 2 
57.726 28.382 8.43942 0.99984 2 
60.292 28.382 8.06351 1.03646 2 
62.857 28.382 8.39517 1.03566 2 
65.423 28.382 8.45819 1.02735 2 
67.988 28.382 8.62198 0.90312 2 
70.554 28.382 8.58422 1.02018 2 
73.120 28.382 8.76309 0.84749 2 
75.685 28.382 8.74857 1.01784 2 
78.251 28.382 8.58522 0.81865 2 
80.816 28.382 9.04014 0.80840 2 
83.382 28.382 8.94667 0.79149 2 
85.948 28.382 8.85321 0.77458 2 
88.513 28.382 8.85951 0.83327 2 
91.079 28.382 8.80147 0.34336 2 
93.644 28.382 9.09412 0.76834 2 
96.210 28.382 8.81226 0.51898 2 
98.776 28.382 9.10344 0.33781 2 
101.341 28.382 9.09855 0.45353 2 
103.907 28.382 9.07820 0.27798 2 
106.472 28.382 9.20363 -0.00770 2 
109.038 28.382 9.27177 -0.32939 2 
111.603 28.382 9.35042 -0.50420 2 
114.169 28.382 9.05485 -0.71926 2 
116.735 28.382 9.11280 -0.99777 2 
119.300 28.382 0.00000 -0.00000 0 
-8.980 25.816 6.94665 0.16786 2 
-6.414 25.816 7.12265 0.29163 2 
-3.848 25.816 7.05607 0.37280 2 
-1.283 25.816 6.87293 0.49676 2 
1.283 25.816 7.04520 0.56311 2 
3.848 25.816 7.45574 0.53236 2 
6.414 25.816 0.00000 -0.00000 0 
8.980 25.816 0.00000 -0.00000 0 
11.545 25.816 0.00000 -0.00000 0 
14.111 25.816 0.00000 -0.00000 0 
16.676 25.816 3.93870 0.41874 2 
19.242 25.816 7.87740 0.83748 2 
21.808 25.816 7.10344 0.97383 2 
24.373 25.816 7.34575 1.17817 2 
26.939 25.816 7.19297 1.01870 2 
29.504 25.816 7.43536 1.17977 2 
32.070 25.816 7.26284 1.20100 2 
34.636 25.816 7.70273 0.98619 2 
37.201 25.816 7.54194 1.14585 2 
39.767 25.816 7.73322 0.98854 2 
42.332 25.816 7.68161 1.13373 2 
44.898 25.816 7.72522 1.09009 2 
47.464 25.816 7.97259 1.25912 2 
50.029 25.816 7.99745 1.43985 2 
52.595 25.816 8.01603 1.10466 2 
55.160 25.816 8.24811 1.21866 2 
57.726 25.816 8.10676 1.05975 2 
60.292 25.816 8.28032 1.35359 2 
62.857 25.816 8.50281 0.87517 2 
65.423 25.816 8.40669 0.94979 2 
67.988 25.816 8.38406 1.14949 2 
70.554 25.816 8.58611 1.19701 2 
73.120 25.816 8.63847 1.15332 2 
75.685 25.816 8.74976 0.79705 2 
78.251 25.816 8.94236 0.93173 2 
80.816 25.816 8.83218 1.11122 2 
83.382 25.816 0.00000 0.00000 0 
85.948 25.816 8.92146 0.77964 2 
88.513 25.816 9.00656 0.42901 2 
91.079 25.816 9.13734 0.68205 2 
93.644 25.816 8.81534 0.53215 2 
96.210 25.816 8.97419 0.51720 2 
98.776 25.816 8.92061 0.50964 2 
101.341 25.816 9.18455 0.67472 2 
103.907 25.816 9.45771 0.53484 2 
106.472 25.816 9.64932 0.17458 2 
109.038 25.816 9.69600 -0.35240 2 
111.603 25.816 9.43894 -0.66478 2 
114.169 25.816 9.52139 -0.80813 2 
116.735 25.816 9.52197 -1.18361 2 
119.300 25.816 0.00000 -0.00000 0 
-8.980 23.251 6.98898 0.20257 2 
-6.414 23.251 6.97282 0.31705 2 
-3.848 23.251 6.97586 0.25122 2 
-1.283 23.251 6.87071 0.52968 2 
1.283 23.251 6.94953 0.40557 2 
3.848 23.251 7.57630 0.64856 2 
6.414 23.251 0.00000 -0.00000 0 
8.980 23.251 0.00000 -0.00000 0 
11.545 23.251 0.00000 -0.00000 0 
14.111 23.251 0.00000 -0.00000 0 
16.676 23.251 3.72633 0.52058 2 
19.242 23.251 7.45265 1.04116 2 
21.808 23.251 6.98966 1.05718 2 
24.373 23.251 7.09761 0.89095 2 
26.939 23.251 7.42973 1.16909 2 
29.504 23.251 7.30277 1.25110 2 
32.070 23.251 7.49629 1.28898 2 
34.636 23.251 7.35683 1.34622 2 
37.201 23.251 7.47130 1.33921 2 
39.767 23.251 7.64245 1.45529 2 
42.332 23.251 7.67736 1.37227 2 
44.898 23.251 7.87574 1.34316 2 
47.464 23.251 7.93588 1.10451 2 
50.029 23.251 7.90032 1.21324 2 
52.595 23.251 7.93991 1.33762 2 
55.160 23.251 8.00428 1.23126 2 
57.726 23.251 8.39642 1.12093 2 
60.292 23.251 8.24829 1.17397 2 
62.857 23.251 8.44123 1.13892 2 
65.423 23.251 8.46734 1.36355 2 
67.988 23.251 8.55442 1.14339 2 
70.554 23.251 8.64151 0.92322 2 
73.120 23.251 8.60090 0.82028 2 
75.685 23.251 8.89072 1.14476 2 
78.251 23.251 8.72882 0.94000 2 
80.816 23.251 9.06516 1.07204 2 
83.382 23.251 0.00000 0.00000 0 
85.948 23.251 9.25251 0.78550 2 
88.513 23.251 9.13411 0.74398 2 
91.079 23.251 9.01571 0.70247 2 
93.644 23.251 9.24880 0.46550 2 
96.210 23.251 8.83640 0.70136 2 
98.776 23.251 8.77883 0.71797 2 
101.341 23.251 9.14966 1.14057 2 
103.907 23.251 10.26773 0.94192 2 
106.472 23.251 10.19708 0.23548 2 
109.038 23.251 10.23699 -0.25596 2 
111.603 23.251 9.89486 -0.77509 2 
114.169 23.251 9.54760 -0.93172 2 
116.735 23.251 9.74259 -1.28370 2 
119.300 23.251 0.00000 -0.00000 0 
-8.980 20.685 6.80244 0.22902 2 
-6.414 20.685 6.98516 0.23929 2 
-3.848 20.685 6.94741 0.13183 2 
-1.283 20.685 6.80547 0.38819 2 
1.283 20.685 6.85874 0.47560 2 
3.848 20.685 6.92860 0.65684 2 
6.414 20.685 0.00000 -0.00000 0 
8.980 20.685 0.00000 -0.00000 0 
11.545 20.685 0.00000 -0.00000 0 
14.111 20.685 0.00000 -0.00000 0 
16.676 20.685 3.75539 0.51900 2 
19.242 20.685 7.51079 1.03801 2 
21.808 20.685 7.13106 1.07923 2 
24.373 20.685 7.12169 1.10969 2 
26.939 20.685 7.14637 1.26360 2 
29.504 20.685 7.33451 1.39645 2 
32.070 20.685 7.44778 1.36581 2 
34.636 20.685 7.54356 1.35082 2 
37.201 20.685 7.43567 1.23368 2 
39.767 20.685 7.34233 1.31517 2 
42.332 20.685 7.69664 1.42904 2 
44.898 20.685 7.83309 1.51221 2 
47.464 20.685 7.91166 1.47119 2 
50.029 20.685 7.89335 1.41676 2 
52.595 20.685 8.35475 1.24576 2 
55.160 20.685 8.07346 1.33439 2 
57.726 20.685 8.26222 1.20090 2 
60.292 20.685 8.27601 1.35475 2 
62.857 20.685 8.41481 1.12344 2 
65.423 20.685 7.78212 1.07492 2 
67.988 20.685 9.14470 1.19864 2 
70.554 20.685 9.18969 1.17358 2 
73.120 20.685 9.19536 1.34244 2 
75.685 20.685 9.33218 1.43140 2 
78.251 20.685 8.21612 1.12356 2 
80.816 20.685 9.65882 0.78084 2 
83.382 20.685 0.00000 0.00000 0 
85.948 20.685 0.00000 0.00000 0 
88.513 20.685 0.00000 0.00000 0 
91.079 20.685 6.73049 0.54793 2 
93.644 20.685 9.12884 0.41129 2 
96.210 20.685 8.64188 0.26328 2 
98.776 20.685 8.28615 1.14355 2 
101.341 20.685 8.59370 1.45488 2 
103.907 20.685 8.90125 1.76622 2 
106.472 20.685 10.34503 0.41217 2 
109.038 20.685 10.63370 -1.08771 2 
111.603 20.685 10.13474 -1.31942 2 
114.169 20.685 11.10556 -1.11083 2 
116.735 20.685 11.14929 -1.54995 2 
119.300 20.685 0.00000 -0.00000 0 
-8.980 18.120 6.84810 -0.01554 2 
-6.414 18.120 6.91447 0.22667 2 
-3.848 18.120 6.85018 0.29069 2 
-1.283 18.120 6.75871 0.28968 2 
1.283 18.120 6.53875 0.30347 2 
3.848 18.120 7.08015 0.85164 2 
6.414 18.120 0.00000 -0.00000 0 
8.980 18.120 0.00000 -0.00000 0 
11.545 18.120 0.00000 -0.00000 0 
14.111 18.120 0.00000 -0.00000 0 
16.676 18.120 3.69642 0.57797 2 
19.242 18.120 7.44741 1.10290 2 
21.808 18.120 6.89656 1.21067 2 
24.373 18.120 7.11465 1.28186 2 
26.939 18.120 7.10202 1.24864 2 
29.504 18.120 7.11574 1.30089 2 
32.070 18.120 7.28350 1.61466 2 
34.636 18.120 7.44302 1.42714 2 
37.201 18.120 7.45082 1.41077 2 
39.767 18.120 7.79581 1.40387 2 
42.332 18.120 7.68241 1.43389 2 
44.898 18.120 7.74051 1.44094 2 
47.464 18.120 7.70309 1.36350 2 
50.029 18.120 7.96052 1.18403 2 
52.595 18.120 7.94432 1.24280 2 
55.160 18.120 8.56289 1.13444 2 
57.726 18.120 8.64069 1.50342 2 
60.292 18.120 8.54675 1.18864 2 
62.857 18.120 9.30141 1.62756 2 
65.423 18.120 7.09689 0.78630 2 
67.988 18.120 0.00000 -0.00000 0 
70.554 18.120 0.00000 -0.00000 0 
73.120 18.120 0.00000 -0.00000 0 
75.685 18.120 0.00000 -0.00000 0 
78.251 18.120 0.00000 -0.00000 0 
80.816 18.120 0.00000 -0.00000 0 
83.382 18.120 0.00000 -0.00000 0 
85.948 18.120 0.75900 0.15884 2 
88.513 18.120 2.04691 0.53002 2 
91.079 18.120 5.81258 0.54493 2 
93.644 18.120 9.57825 0.55983 2 
96.210 18.120 7.82327 0.39463 2 
98.776 18.120 6.06829 0.22942 2 
101.341 18.120 5.30800 0.69514 2 
103.907 18.120 4.54771 1.16086 2 
106.472 18.120 4.35318 1.83035 2 
109.038 18.120 6.18677 1.65849 2 
111.603 18.120 8.02036 1.48662 2 
114.169 18.120 8.55695 -0.14822 2 
116.735 18.120 6.85857 -0.50252 2 
119.300 18.120 0.00000 -0.00000 0 
-8.980 15.554 6.78959 0.00656 2 
-6.414 15.554 6.71503 0.24726 2 
-3.848 15.554 6.63366 0.15851 2 
-1.283 15.554 6.71412 0.32213 2 
1.283 15.554 6.59356 0.42720 2 
3.848 15.554 6.48069 0.58559 2 
6.414 15.554 0.00000 -0.00000 0 
8.980 15.554 0.00000 -0.00000 0 
11.545 15.554 0.00000 -0.00000 0 
14.111 15.554 0.00000 -0.00000 0 
16.676 15.554 3.63745 0.63695 2 
19.242 15.554 7.27490 1.27389 2 
21.808 15.554 6.85556 1.28050 2 
24.373 15.554 7.10350 1.55114 2 
26.939 15.554 7.18790 1.55701 2 
29.504 15.554 7.36401 1.49334 2 
32.070 15.554 7.26514 1.47443 2 
34.636 15.554 7.35777 1.54080 2 
37.201 15.554 7.48193 1.55003 2 
39.767 15.554 7.51107 1.63650 2 
42.332 15.554 3.84121 0.71694 2 
44.898 15.554 8.03545 1.44861 2 
47.464 15.554 8.07327 1.71396 2 
50.029 15.554 8.18471 1.75271 2 
52.595 15.554 8.43738 1.45474 2 
55.160 15.554 0.00000 -0.00000 0 
57.726 15.554 0.00000 -0.00000 0 
60.292 15.554 0.00000 -0.00000 0 
62.857 15.554 0.00000 -0.00000 0 
65.423 15.554 0.00000 -0.00000 0 
67.988 15.554 0.00000 -0.00000 0 
70.554 15.554 0.00000 -0.00000 0 
73.120 15.554 0.00000 -0.00000 0 
75.685 15.554 0.00000 -0.00000 0 
78.251 15.554 0.00000 -0.00000 0 
80.816 15.554 -1.19007 0.18375 2 
83.382 15.554 1.67776 0.59812 2 
85.948 15.554 -0.00489 0.50250 2 
88.513 15.554 -0.36872 0.90666 2 
91.079 15.554 -1.96932 1.21337 2 
93.644 15.554 3.29418 0.87825 2 
96.210 15.554 2.12107 0.60602 2 
98.776 15.554 0.64911 0.29032 2 
101.341 15.554 1.71812 2.41616 2 
103.907 15.554 -0.10559 2.39708 2 
106.472 15.554 -0.52672 1.67561 2 
109.038 15.554 0.89469 2.86350 2 
111.603 15.554 2.31609 4.05138 2 
114.169 15.554 1.85486 2.62972 2 
116.735 15.554 2.56785 0.54492 2 
119.300 15.554 -0.82690 0.21378 2 
-8.980 12.988 6.73108 0.02866 2 
-6.414 12.988 6.67498 0.10945 2 
-3.848 12.988 6.53784 0.11426 2 
-1.283 12.988 6.52589 0.10526 2 
1.283 12.988 6.55422 0.31671 2 
3.848 12.988 6.57069 0.53696 2 
6.414 12.988 0.00000 -0.00000 0 
8.980 12.988 0.00000 -0.00000 0 
11.545 12.988 0.00000 -0.00000 0 
14.111 12.988 0.00000 -0.00000 0 
16.676 12.988 3.61380 0.76504 2 
19.242 12.988 7.22759 1.53008 2 
21.808 12.988 6.83895 1.46333 2 
24.373 12.988 6.98404 1.68915 2 
26.939 12.988 7.05836 1.72819 2 
29.504 12.988 7.37400 1.73262 2 
32.070 12.988 7.62780 1.69029 2 
34.636 12.988 7.31520 1.66036 2 
37.201 12.988 7.81960 1.64395 2 
39.767 12.988 3.75553 0.81825 2 
42.332 12.988 0.00000 -0.00000 0 
44.898 12.988 0.00000 -0.00000 0 
47.464 12.988 0.00000 -0.00000 0 
50.029 12.988 0.00000 -0.00000 0 
52.595 12.988 0.00000 -0.00000 0 
55.160 12.988 0.00000 -0.00000 0 
57.726 12.988 0.00000 -0.00000 0 
60.292 12.988 0.00000 -0.00000 0 
62.857 12.988 0.00000 -0.00000 0 
65.423 12.988 0.00000 -0.00000 0 
67.988 12.988 0.00000 -0.00000 0 
70.554 12.988 0.00000 -0.00000 0 
73.120 12.988 0.00000 -0.00000 0 
75.685 12.988 -1.07820 -0.30095 2 
78.251 12.988 -1.31357 -0.36427 2 
80.816 12.988 -1.88086 -0.68801 2 
83.382 12.988 -2.09078 -0.18942 2 
85.948 12.988 -1.78199 -0.33564 2 
88.513 12.988 -1.29094 0.25069 2 
91.079 12.988 -3.68086 0.64089 2 
93.644 12.988 -2.98988 1.19667 2 
96.210 12.988 -3.86413 0.96790 2 
98.776 12.988 -1.24075 0.89849 2 
101.341 12.988 -0.42431 0.38080 2 
103.907 12.988 -1.83377 2.95216 2 
106.472 12.988 -1.93935 3.71143 2 
109.038 12.988 -0.67908 2.95222 2 
111.603 12.988 -0.08777 4.28161 2 
114.169 12.988 0.28392 5.71010 2 
116.735 12.988 2.84932 0.60841 2 
119.300 12.988 -0.62729 0.56010 2 
-8.980 10.423 6.71661 -0.20558 2 
-6.414 10.423 6.74718 -0.16659 2 
-3.848 10.423 6.50663 -0.01125 2 
-1.283 10.423 6.46189 0.11869 2 
1.283 10.423 6.39452 0.15170 2 
3.848 10.423 6.35729 0.41076 2 
6.414 10.423 1.53597 0.07114 2 
8.980 10.423 0.00000 -0.00000 0 
11.545 10.423 0.00000 -0.00000 0 
14.111 10.423 0.00000 -0.00000 0 
16.676 10.423 2.40920 0.51003 2 
19.242 10.423 4.81840 1.02006 2 
21.808 10.423 7.30491 1.85906 2 
24.373 10.423 7.16986 2.02803 2 
26.939 10.423 7.17912 2.13134 2 
29.504 10.423 8.00803 1.98264 2 
32.070 10.423 0.00000 -0.00000 0 
34.636 10.423 0.00000 -0.00000 0 
37.201 10.423 0.00000 -0.00000 0 
39.767 10.423 0.00000 -0.00000 0 
42.332 10.423 0.00000 -0.00000 0 
44.898 10.423 0.00000 -0.00000 0 
47.464 10.423 0.00000 -0.00000 0 
50.029 10.423 0.00000 -0.00000 0 
52.595 10.423 0.00000 -0.00000 0 
55.160 10.423 0.00000 -0.00000 0 
57.726 10.423 0.00000 -0.00000 0 
60.292 10.423 0.00000 -0.00000 0 
62.857 10.423 0.00000 -0.00000 0 
65.423 10.423 0.00000 -0.00000 0 
67.988 10.423 -1.06620 -0.27985 2 
70.554 10.423 -1.70884 -0.83380 2 
73.120 10.423 -1.26619 -0.57468 2 
75.685 10.423 -2.42821 -1.06785 2 
78.251 10.423 -2.62714 -0.72854 2 
80.816 10.423 -2.02496 -0.36222 2 
83.382 10.423 -2.35237 -0.07177 2 
85.948 10.423 -1.76496 -0.00488 2 
88.513 10.423 -2.21316 -0.40528 2 
91.079 10.423 -3.58585 1.05561 2 
93.644 10.423 -2.85210 0.94696 2 
96.210 10.423 -3.65612 1.22087 2 
98.776 10.423 -3.13061 1.50667 2 
101.341 10.423 -2.71669 1.67814 2 
103.907 10.423 -2.33778 2.21166 2 
106.472 10.423 -3.28887 3.41049 2 
109.038 10.423 -2.56546 3.62011 2 
111.603 10.423 -1.62956 3.95865 2 
114.169 10.423 -1.94695 2.50512 2 
116.735 10.423 -2.26434 1.05160 2 
119.300 10.423 -0.42767 0.90642 2 
-8.980 7.857 6.58093 -0.18586 2 
-6.414 7.857 6.63435 -0.27520 2 
-3.848 7.857 6.46025 -0.11633 2 
-1.283 7.857 6.30798 -0.09549 2 
1.283 7.857 6.19273 0.19300 2 
3.848 7.857 6.14390 0.28456 2 
6.414 7.857 3.07195 0.14228 2 
8.980 7.857 0.00000 -0.00000 0 
11.545 7.857 0.00000 -0.00000 0 
14.111 7.857 0.00000 -0.00000 2 
16.676 7.857 1.60613 0.34002 2 
19.242 7.857 2.40920 0.51003 2 
21.808 7.857 0.00000 -0.00000 0 
24.373 7.857 0.00000 -0.00000 0 
26.939 7.857 0.00000 -0.00000 0 
29.504 7.857 0.00000 -0.00000 0 
32.070 7.857 0.00000 -0.00000 0 
34.636 7.857 0.00000 -0.00000 0 
37.201 7.857 0.00000 -0.00000 0 
39.767 7.857 0.00000 -0.00000 0 
42.332 7.857 0.00000 -0.00000 0 
44.898 7.857 0.00000 -0.00000 0 
47.464 7.857 0.00000 -0.00000 0 
50.029 7.857 0.00000 -0.00000 0 
52.595 7.857 0.00000 -0.00000 0 
55.160 7.857 0.00000 -0.00000 0 
57.726 7.857 0.00000 -0.00000 0 
60.292 7.857 -0.47100 -0.21272 2 
62.857 7.857 -1.76026 -0.48078 2 
65.423 7.857 -1.90834 -0.64294 2 
67.988 7.857 -2.17345 -1.04682 2 
70.554 7.857 -1.77328 -0.91369 2 
73.120 7.857 -2.53238 -1.14936 2 
75.685 7.857 -2.11531 -0.77258 2 
78.251 7.857 -2.16301 -0.30295 2 
80.816 7.857 -2.16905 -0.03643 2 
83.382 7.857 -1.20887 -0.26648 2 
85.948 7.857 -1.74792 0.32588 2 
88.513 7.857 -2.26824 -0.03450 2 
91.079 7.857 -2.65845 1.28750 2 
93.644 7.857 -3.23773 1.39204 2 
96.210 7.857 -3.44810 1.47385 2 
98.776 7.857 -2.82161 1.27556 2 
101.341 7.857 -2.91052 0.97501 2 
103.907 7.857 -3.40308 1.62708 2 
106.472 7.857 -3.40842 2.10763 2 
109.038 7.857 -2.77285 2.61326 2 
111.603 7.857 -3.17135 3.63569 2 
114.169 7.857 -3.01674 2.33443 2 
116.735 7.857 -2.86212 1.03316 2 
119.300 7.857 -0.22805 1.25274 2 
-8.980 5.292 6.78286 -0.37286 2 
-6.414 5.292 6.47782 -0.35300 2 
-3.848 5.292 6.37118 -0.27604 2 
-1.283 5.292 6.15834 -0.32496 2 
1.283 5.292 5.84073 -0.13439 2 
3.848 5.292 6.67241 -0.04168 2 
6.414 5.292 3.33620 -0.02084 2 
8.980 5.292 0.00000 -0.00000 0 
11.545 5.292 0.00000 -0.00000 0 
14.111 5.292 0.00000 -0.00000 0 
16.676 5.292 0.00000 -0.00000 0 
19.242 5.292 0.00000 -0.00000 0 
21.808 5.292 0.00000 -0.00000 0 
24.373 5.292 0.00000 -0.00000 0 
26.939 5.292 0.00000 -0.00000 0 
29.504 5.292 0.00000 -0.00000 0 
32.070 5.292 0.00000 -0.00000 0 
34.636 5.292 0.00000 -0.00000 0 
37.201 5.292 0.00000 -0.00000 0 
39.767 5.292 0.00000 -0.00000 0 
42.332 5.292 0.00000 -0.00000 0 
44.898 5.292 0.00000 -0.00000 0 
47.464 5.292 0.00000 -0.00000 0 
50.029 5.292 0.00000 -0.00000 0 
52.595 5.292 -0.67010 -0.30139 2 
55.160 5.292 -1.16755 -0.11342 2 
57.726 5.292 -0.53598 -0.34201 2 
60.292 5.292 -0.94200 -0.42544 2 
62.857 5.292 -2.20161 -0.93634 2 
65.423 5.292 -1.77010 -0.95820 2 
67.988 5.292 -1.86207 -1.02580 2 
70.554 5.292 -1.83773 -0.99359 2 
73.120 5.292 -2.00360 -1.39345 2 
75.685 5.292 -1.80241 -0.47730 2 
78.251 5.292 -1.69888 0.12263 2 
80.816 5.292 -1.86735 0.05211 2 
83.382 5.292 -1.68995 0.32060 2 
85.948 5.292 -2.27227 -0.13420 2 
88.513 5.292 -2.32332 0.33628 2 
91.079 5.292 -3.40546 0.75084 2 
93.644 5.292 -2.72416 1.15994 2 
96.210 5.292 -3.81281 1.18203 2 
98.776 5.292 -2.63425 1.33387 2 
101.341 5.292 -2.94781 0.78996 2 
103.907 5.292 -3.46049 0.75735 2 
106.472 5.292 -3.22965 2.00425 2 
109.038 5.292 -2.67729 1.79343 2 
111.603 5.292 -2.82465 1.93768 2 
114.169 5.292 -3.68517 1.53697 2 
116.735 5.292 -3.45990 1.01473 2 
119.300 5.292 -0.28214 0.90120 2 
-8.980 2.726 6.68849 -0.45230 2 
-6.414 2.726 6.47573 -0.62604 2 
-3.848 2.726 6.38004 -0.37125 2 
-1.283 2.726 6.07849 -0.36400 2 
1.283 2.726 6.24164 -0.20851 2 
3.848 2.726 5.62174 -0.29637 2 
6.414 2.726 0.00000 -0.00000 0 
8.980 2.726 0.00000 -0.00000 0 
11.545 2.726 0.00000 -0.00000 0 
14.111 2.726 0.00000 -0.00000 0 
16.676 2.726 0.00000 -0.00000 0 
19.242 2.726 0.00000 -0.00000 0 
21.808 2.726 0.00000 -0.00000 0 
24.373 2.726 0.00000 -0.00000 0 
26.939 2.726 0.00000 -0.00000 0 
29.504 2.726 0.00000 -0.00000 0 
32.070 2.726 0.00000 -0.00000 0 
34.636 2.726 0.00000 -0.00000 0 
37.201 2.726 0.00000 -0.00000 0 
39.767 2.726 0.00000 -0.00000 0 
42.332 2.726 0.00000 -0.00000 0 
44.898 2.726 0.00000 -0.00000 0 
47.464 2.726 -0.69010 -0.29449 2 
50.029 2.726 -0.58119 -0.37315 2 
52.595 2.726 -1.34020 -0.60277 2 
55.160 2.726 -2.33510 -0.22684 2 
57.726 2.726 -1.35300 -0.43746 2 
60.292 2.726 -2.05564 -1.00685 2 
62.857 2.726 -1.72015 -0.89115 2 
65.423 2.726 -1.63186 -1.27345 2 
67.988 2.726 -1.76307 -0.84609 2 
70.554 2.726 -1.46648 -1.21436 2 
73.120 2.726 -1.81454 -1.64022 2 
75.685 2.726 -2.00503 -0.01221 2 
78.251 2.726 -1.82068 -0.43060 2 
80.816 2.726 -1.56566 0.14065 2 
83.382 2.726 -1.97070 -0.27388 2 
85.948 2.726 -1.80549 0.07407 2 
88.513 2.726 -1.45745 0.51087 2 
91.079 2.726 -1.25173 1.54203 2 
93.644 2.726 -1.57799 1.15286 2 
96.210 2.726 -3.51282 0.75348 2 
98.776 2.726 -2.29893 0.95268 2 
101.341 2.726 -2.60793 1.88431 2 
103.907 2.726 -3.06957 -0.26720 2 
106.472 2.726 -2.43971 0.16923 2 
109.038 2.726 -1.99470 -0.24305 2 
111.603 2.726 -2.77968 1.14024 2 
114.169 2.726 -1.52290 1.40728 2 
116.735 2.726 -2.07692 2.20363 2 
119.300 2.726 -0.33623 0.54966 2 
-8.980 0.160 6.82503 -0.69122 2 
-6.414 0.160 6.54528 -0.67189 2 
-3.848 0.160 6.41478 -0.71045 2 
-1.283 0.160 6.24287 -0.62448 2 
1.283 0.160 6.27132 -0.73495 2 
3.848 0.160 0.00000 -0.00000 0 
6.414 0.160 0.00000 -0.00000 0 
8.980 0.160 0.00000 -0.00000 0 
11.545 0.160 0.00000 -0.00000 0 
14.111 0.160 0.00000 -0.00000 0 
16.676 0.160 0.00000 -0.00000 0 
19.242 0.160 0.00000 -0.00000 0 
21.808 0.160 0.00000 -0.00000 0 
24.373 0.160 0.00000 -0.00000 0 
26.939 0.160 0.00000 -0.00000 0 
29.504 0.160 0.00000 -0.00000 0 
32.070 0.160 0.00000 -0.00000 0 
34.636 0.160 0.00000 -0.00000 0 
37.201 0.160 0.00000 -0.00000 0 
39.767 0.160 -0.66525 -0.13533 2 
42.332 0.160 -0.40487 -0.23047 2 
44.898 0.160 -0.76774 -0.35899 2 
47.464 0.160 -1.38021 -0.58899 2 
50.029 0.160 -1.78349 -0.61456 2 
52.595 0.160 -1.90988 -0.63541 2 
55.160 0.160 -2.72999 -0.55930 2 
57.726 0.160 -2.17002 -0.53292 2 
60.292 0.160 -1.74747 -0.35332 2 
62.857 0.160 -2.18158 -0.74220 2 
65.423 0.160 -1.92272 -1.34012 2 
67.988 0.160 -1.58584 -1.22696 2 
70.554 0.160 -1.54649 -1.21709 2 
73.120 0.160 -1.24369 -1.52353 2 
75.685 0.160 -2.02431 -0.38548 2 
78.251 0.160 -2.20313 -0.43857 2 
80.816 0.160 -2.30401 0.59514 2 
83.382 0.160 -2.08416 0.41012 2 
85.948 0.160 -2.17999 0.22042 2 
88.513 0.160 -2.08973 0.73413 2 
91.079 0.160 -1.22114 1.77543 2 
93.644 0.160 -0.43182 1.14577 2 
96.210 0.160 -1.67814 1.00411 2 
98.776 0.160 -1.16808 0.48494 2 
101.341 0.160 -1.31060 1.64453 2 
103.907 0.160 -2.21449 -0.67110 2 
106.472 0.160 -2.90450 -0.53633 2 
109.038 0.160 -3.47715 -0.12259 2 
111.603 0.160 -2.73470 0.34280 2 
114.169 0.160 -2.90895 1.00375 2 
116.735 0.160 -3.06860 0.58740 2 
119.300 0.160 -0.39032 0.19812 2 
-8.980 -2.405 6.63999 -0.71228 2 
-6.414 -2.405 6.54157 -0.71410 2 
-3.848 -2.405 6.59956 -0.83459 2 
-1.283 -2.405 6.23287 -0.97811 2 
1.283 -2.405 0.00000 -0.00000 0 
3.848 -2.405 0.00000 -0.00000 0 
6.414 -2.405 0.00000 -0.00000 0 
8.980 -2.405 0.00000 -0.00000 0 
11.545 -2.405 0.00000 -0.00000 0 
14.111 -2.405 0.00000 -0.00000 0 
16.676 -2.405 0.00000 -0.00000 0 
19.242 -2.405 0.00000 -0.00000 0 
21.808 -2.405 0.00000 -0.00000 0 
24.373 -2.405 0.00000 -0.00000 0 
26.939 -2.405 0.00000 -0.00000 0 
29.504 -2.405 0.00000 -0.00000 0 
32.070 -2.405 -0.38642 -0.08797 2 
34.636 -2.405 -0.57963 -0.13196 2 
37.201 -2.405 -0.72157 -0.19477 2 
39.767 -2.405 -1.33049 -0.27066 2 
42.332 -2.405 -1.22360 -0.46922 2 
44.898 -2.405 -1.11670 -0.66779 2 
47.464 -2.405 -1.89593 -0.46365 2 
50.029 -2.405 -2.21513 -0.15613 2 
52.595 -2.405 -2.47956 -0.66804 2 
55.160 -2.405 -1.54877 -0.12065 2 
57.726 -2.405 -1.94306 -0.11744 2 
60.292 -2.405 -1.73473 -0.36874 2 
62.857 -2.405 -1.86869 -0.95838 2 
65.423 -2.405 -1.77474 -0.46494 2 
67.988 -2.405 -1.93930 -1.05163 2 
70.554 -2.405 -1.62650 -1.21982 2 
73.120 -2.405 -1.35598 -1.24238 2 
75.685 -2.405 -1.78956 -1.45444 2 
78.251 -2.405 -1.00813 -0.72142 2 
80.816 -2.405 -1.22570 0.82494 2 
83.382 -2.405 -1.94805 0.16470 2 
85.948 -2.405 -1.77132 0.03621 2 
88.513 -2.405 0.37295 1.35493 2 
91.079 -2.405 -0.04075 2.69826 2 
93.644 -2.405 0.56157 1.17022 2 
96.210 -2.405 0.15655 1.25475 2 
98.776 -2.405 -1.14728 1.16694 2 
101.341 -2.405 -1.71291 0.47100 2 
103.907 -2.405 -2.17450 -2.07683 2 
106.472 -2.405 -2.47372 -1.66355 2 
109.038 -2.405 -2.80390 -0.71740 2 
111.603 -2.405 -3.85878 -0.14186 2 
114.169 -2.405 -3.67037 -0.82486 2 
116.735 -2.405 -3.87891 -0.82531 2 
119.300 -2.405 -0.44441 -0.15342 2 
-8.980 -4.971 6.89426 -0.74635 2 
-6.414 -4.971 6.66429 -0.79860 2 
-3.848 -4.971 6.52193 -0.86345 2 
-1.283 -4.971 6.49128 -1.09897 2 
1.283 -4.971 0.00000 -0.00000 0 
3.848 -4.971 0.00000 -0.00000 0 
6.414 -4.971 0.00000 -0.00000 0 
8.980 -4.971 0.00000 -0.00000 0 
11.545 -4.971 0.00000 -0.00000 0 
14.111 -4.971 0.00000 -0.00000 0 
16.676 -4.971 0.00000 -0.00000 0 
19.242 -4.971 0.00000 -0.00000 0 
21.808 -4.971 0.00000 -0.00000 0 
24.373 -4.971 -0.10288 0.02052 2 
26.939 -4.971 -0.17800 -0.04167 2 
29.504 -4.971 -0.03864 -0.10670 2 
32.070 -4.971 -0.36573 -0.18079 2 
34.636 -4.971 -1.15926 -0.26392 2 
37.201 -4.971 -1.44314 -0.38954 2 
39.767 -4.971 -0.96671 -0.30914 2 
42.332 -4.971 0.01340 -0.35192 2 
44.898 -4.971 0.33208 -0.39188 2 
47.464 -4.971 -3.14666 0.12372 2 
50.029 -4.971 -2.64677 0.30230 2 
52.595 -4.971 -1.02295 -0.04174 2 
55.160 -4.971 -1.85603 -0.04734 2 
57.726 -4.971 -2.31665 -0.75529 2 
60.292 -4.971 -1.63735 -0.78646 2 
62.857 -4.971 -1.15605 -0.84229 2 
65.423 -4.971 -0.79646 -0.97432 2 
67.988 -4.971 -1.12224 -1.40913 2 
70.554 -4.971 -1.16554 -0.46727 2 
73.120 -4.971 -0.53999 -0.53525 2 
75.685 -4.971 0.94100 0.07541 2 
78.251 -4.971 2.42199 0.68607 2 
80.816 -4.971 1.57568 0.53938 2 
83.382 -4.971 0.94346 0.58232 2 
85.948 -4.971 3.44630 1.26856 2 
88.513 -4.971 2.83564 1.97573 2 
91.079 -4.971 1.79321 2.22303 2 
93.644 -4.971 1.55495 1.19466 2 
96.210 -4.971 -1.18403 1.74580 2 
98.776 -4.971 -1.12648 1.84895 2 
101.341 -4.971 -2.11522 -0.70253 2 
103.907 -4.971 -2.35618 -1.37074 2 
106.472 -4.971 -1.54888 -1.59539 2 
109.038 -4.971 -2.13066 -1.31221 2 
111.603 -4.971 -3.70424 -0.90396 2 
114.169 -4.971 -2.50409 -0.60534 2 
116.735 -4.971 -2.76717 -0.47135 2 
119.300 -4.971 -0.58306 -0.73758 2 
-8.980 -7.536 6.87149 -0.89981 2 
-6.414 -7.536 6.83347 -1.03453 2 
-3.848 -7.536 6.66423 -1.07250 2 
-1.283 -7.536 6.43893 -1.36526 2 
1.283 -7.536 6.28953 -1.44738 2 
3.848 -7.536 0.00000 -0.00000 0 
6.414 -7.536 5.35935 -2.36091 2 
8.980 -7.536 6.24709 -4.08595 2 
11.545 -7.536 7.12621 -3.94411 2 
14.111 -7.536 1.02482 -0.71324 2 
16.676 -7.536 4.63977 -1.42905 2 
19.242 -7.536 4.91326 -1.05743 2 
21.808 -7.536 -1.04448 -0.26729 2 
24.373 -7.536 -0.19894 -0.24489 2 
26.939 -7.536 0.37671 0.02991 2 
29.504 -7.536 0.21939 -0.12427 2 
32.070 -7.536 0.06207 -0.27844 2 
34.636 -7.536 0.10279 -0.18875 2 
37.201 -7.536 1.37399 -0.04991 2 
39.767 -7.536 1.41405 -0.18999 2 
42.332 -7.536 2.12361 -0.07882 2 
44.898 -7.536 1.78087 -0.11596 2 
47.464 -7.536 0.76900 0.41562 2 
50.029 -7.536 0.99673 0.32642 2 
52.595 -7.536 1.22445 0.23721 2 
55.160 -7.536 -1.57133 -0.05139 2 
57.726 -7.536 -2.08551 -0.20716 2 
60.292 -7.536 -1.39653 -0.53422 2 
62.857 -7.536 -0.70754 -0.86128 2 
65.423 -7.536 0.01795 -1.14724 2 
67.988 -7.536 -0.00743 -1.54957 2 
70.554 -7.536 1.80800 -0.75891 2 
73.120 -7.536 1.41286 -0.72456 2 
75.685 -7.536 2.12083 -0.23547 2 
78.251 -7.536 2.82880 0.25361 2 
80.816 -7.536 2.65448 0.73626 2 
83.382 -7.536 3.83496 0.99994 2 
85.948 -7.536 2.68055 2.30669 2 
88.513 -7.536 4.73886 2.01532 2 
91.079 -7.536 3.62717 1.74779 2 
93.644 -7.536 0.43888 2.44295 2 
96.210 -7.536 -2.52460 2.23685 2 
98.776 -7.536 -0.01124 2.21041 2 
101.341 -7.536 -2.15944 0.73259 2 
103.907 -7.536 -1.41688 -0.16174 2 
106.472 -7.536 -1.26502 -1.97692 2 
109.038 -7.536 -1.18542 -1.48067 2 
111.603 -7.536 -1.53244 -0.08116 2 
114.169 -7.536 -1.33781 -0.38583 2 
116.735 -7.536 -1.65544 -0.11739 2 
119.300 -7.536 -0.10703 -0.90787 2 
-8.980 -10.102 7.04978 -0.87687 2 
-6.414 -10.102 6.84413 -0.91356 2 
-3.848 -10.102 6.92332 -1.15885 2 
-1.283 -10.102 6.87092 -1.42065 2 
1.283 -10.102 6.79717 -1.72334 2 
3.848 -10.102 6.86096 -2.20605 2 
6.414 -10.102 7.09363 -2.67388 2 
8.980 -10.102 7.40639 -3.20777 2 
11.545 -10.102 8.20599 -3.36863 2 
14.111 -10.102 8.98130 -3.29321 2 
16.676 -10.102 9.27955 -2.85811 2 
19.242 -10.102 9.82652 -2.11485 2 
21.808 -10.102 4.21549 -1.37126 2 
24.373 -10.102 3.06101 -0.42006 2 
26.939 -10.102 4.79776 -0.24939 2 
29.504 -10.102 -0.47700 -0.09130 2 
32.070 -10.102 -0.33362 -0.23466 2 
34.636 -10.102 -0.19025 -0.37803 2 
37.201 -10.102 1.34301 -0.41528 2 
39.767 -10.102 3.79481 -0.07084 2 
42.332 -10.102 4.74566 0.13948 2 
44.898 -10.102 4.71517 0.42350 2 
47.464 -10.102 4.68467 0.70752 2 
50.029 -10.102 5.43423 0.69449 2 
52.595 -10.102 6.18379 0.68145 2 
55.160 -10.102 6.16380 1.10177 2 
57.726 -10.102 4.52046 0.86037 2 
60.292 -10.102 2.92299 0.65098 2 
62.857 -10.102 1.32552 0.44158 2 
65.423 -10.102 0.39077 -0.56848 2 
67.988 -10.102 1.36989 -0.97728 2 
70.554 -10.102 2.37043 -1.11321 2 
73.120 -10.102 3.36570 -0.91386 2 
75.685 -10.102 2.40919 -0.66726 2 
78.251 -10.102 1.49227 -1.41566 2 
80.816 -10.102 2.40005 -0.56065 2 
83.382 -10.102 3.87933 1.42924 2 
85.948 -10.102 5.17362 2.72319 2 
88.513 -10.102 4.13002 2.71757 2 
91.079 -10.102 4.82752 1.75249 2 
93.644 -10.102 4.24042 2.17796 2 
96.210 -10.102 0.23968 2.20351 2 
98.776 -10.102 1.10401 2.57188 2 
101.341 -10.102 1.81889 0.29188 2 
103.907 -10.102 0.93719 0.82997 2 
106.472 -10.102 -0.21126 -0.90021 2 
109.038 -10.102 1.09390 -0.35121 2 
111.603 -10.102 0.81042 -0.16899 2 
114.169 -10.102 0.52693 0.01323 2 
116.735 -10.102 0.24218 -0.05289 2 
119.300 -10.102 -0.02324 -0.97800 2 
-8.980 -12.668 7.02109 -1.13213 2 
-6.414 -12.668 7.04412 -1.07424 2 
-3.848 -12.668 6.94737 -1.39382 2 
-1.283 -12.668 7.08742 -1.32624 2 
1.283 -12.668 6.99585 -1.73467 2 
3.848 -12.668 7.08145 -1.99689 2 
6.414 -12.668 7.13310 -2.28457 2 
8.980 -12.668 7.60609 -2.46093 2 
11.545 -12.668 8.07213 -2.80251 2 
14.111 -12.668 8.57661 -2.62858 2 
16.676 -12.668 8.80272 -2.44542 2 
19.242 -12.668 8.94713 -2.29481 2 
21.808 -12.668 9.47547 -2.47523 2 
24.373 -12.668 9.70372 -1.50915 2 
26.939 -12.668 9.49433 -1.26805 2 
29.504 -12.668 4.57205 -0.86461 2 
32.070 -12.668 4.64551 -0.89773 2 
34.636 -12.668 8.73005 -0.23534 2 
37.201 -12.668 5.52116 -0.58302 2 
39.767 -12.668 6.39019 -0.42574 2 
42.332 -12.668 7.18870 -0.60754 2 
44.898 -12.668 8.18544 0.00920 2 
47.464 -12.668 6.50510 0.46851 2 
50.029 -12.668 6.70292 0.86521 2 
52.595 -12.668 6.90074 1.26190 2 
55.160 -12.668 7.25551 0.66720 2 
57.726 -12.668 7.73145 -0.42231 2 
60.292 -12.668 7.37207 0.59881 2 
62.857 -12.668 4.88408 -0.59784 2 
65.423 -12.668 3.28134 0.24698 2 
67.988 -12.668 3.54226 -0.26501 2 
70.554 -12.668 2.54667 -0.71398 2 
73.120 -12.668 2.41532 -1.40659 2 
75.685 -12.668 3.95443 -0.95311 2 
78.251 -12.668 3.44700 -1.10552 2 
80.816 -12.668 3.34905 -0.66195 2 
83.382 -12.668 4.69242 2.67130 2 
85.948 -12.668 4.95900 1.17765 2 
88.513 -12.668 6.92306 2.58288 2 
91.079 -12.668 6.68441 2.56309 2 
93.644 -12.668 8.04197 1.91297 2 
96.210 -12.668 8.64982 1.24514 2 
98.776 -12.668 5.63038 1.83630 2 
101.341 -12.668 2.66423 0.40535 2 
103.907 -12.668 2.76535 -1.14279 2 
106.472 -12.668 3.30594 -0.62227 2 
109.038 -12.668 3.60579 -0.38198 2 
111.603 -12.668 2.87572 -0.42788 2 
114.169 -12.668 2.14565 -0.47378 2 
116.735 -12.668 2.82653 -0.32624 2 
119.300 -12.668 0.28115 0.39194 2 
-8.980 -15.233 7.27350 -0.91439 2 
-6.414 -15.233 7.18858 -1.02293 2 
-3.848 -15.233 7.12376 -1.15700 2 
-1.283 -15.233 7.25044 -1.42024 2 
1.283 -15.233 7.17605 -1.65616 2 
3.848 -15.233 7.33845 -1.89097 2 
6.414 -15.233 7.38252 -2.09181 2 
8.980 -15.233 7.79130 -2.34247 2 
11.545 -15.233 8.00185 -2.37833 2 
14.111 -15.233 8.44626 -2.39705 2 
16.676 -15.233 8.75319 -2.13872 2 
19.242 -15.233 8.85112 -2.29859 2 
21.808 -15.233 8.99402 -2.13281 2 
24.373 -15.233 9.23609 -1.71083 2 
26.939 -15.233 9.21735 -1.79976 2 
29.504 -15.233 9.62110 -1.63793 2 
32.070 -15.233 9.62465 -1.56080 2 
34.636 -15.233 9.63364 -0.69139 2 
37.201 -15.233 9.69932 -0.75075 2 
39.767 -15.233 8.98557 -0.78064 2 
42.332 -15.233 8.94260 -0.79012 2 
44.898 -15.233 8.44465 -1.73792 2 
47.464 -15.233 8.72453 -1.65214 2 
50.029 -15.233 7.47449 -0.56649 2 
52.595 -15.233 8.23091 0.85754 2 
55.160 -15.233 8.34721 0.23264 2 
57.726 -15.233 9.30560 0.24274 2 
60.292 -15.233 8.96943 0.73458 2 
62.857 -15.233 9.16201 0.34634 2 
65.423 -15.233 6.12723 0.00209 2 
67.988 -15.233 6.73961 -1.22310 2 
70.554 -15.233 5.09232 -0.93244 2 
73.120 -15.233 4.26599 -0.87223 2 
75.685 -15.233 5.49967 -1.23896 2 
78.251 -15.233 5.12190 -0.71052 2 
80.816 -15.233 4.74412 -0.18207 2 
83.382 -15.233 5.06699 1.08293 2 
85.948 -15.233 6.71517 0.10941 2 
88.513 -15.233 5.53457 2.46796 2 
91.079 -15.233 6.51077 2.14460 2 
93.644 -15.233 8.26139 2.35487 2 
96.210 -15.233 8.59514 2.15831 2 
98.776 -15.233 7.25891 1.61583 2 
101.341 -15.233 5.89089 1.15644 2 
103.907 -15.233 5.93587 0.71385 2 
106.472 -15.233 6.82313 -0.34433 2 
109.038 -15.233 5.81420 -0.51073 2 
111.603 -15.233 7.35934 0.24626 2 
114.169 -15.233 6.04231 -0.21141 2 
116.735 -15.233 5.22243 -0.19156 2 
119.300 -15.233 0.00000 -0.00000 0 
-8.980 -17.799 7.16526 -0.93814 2 
-6.414 -17.799 7.24701 -1.11691 2 
-3.848 -17.799 7.27360 -1.19467 2 
-1.283 -17.799 7.30479 -1.22229 2 
1.283 -17.799 7.42083 -1.60809 2 
3.848 -17.799 7.48166 -1.74801 2 
6.414 -17.799 7.50696 -1.81048 2 
8.980 -17.799 7.71708 -2.09379 2 
11.545 -17.799 8.14853 -2.03471 2 
14.111 -17.799 8.30101 -2.04831 2 
16.676 -17.799 8.69499 -2.10468 2 
19.242 -17.799 8.71863 -2.02720 2 
21.808 -17.799 8.86881 -1.75282 2 
24.373 -17.799 9.01839 -1.81020 2 
26.939 -17.799 9.17780 -1.74011 2 
29.504 -17.799 9.22021 -1.31632 2 
32.070 -17.799 9.35897 -1.22376 2 
34.636 -17.799 9.55654 -0.89605 2 
37.201 -17.799 9.16110 -0.95224 2 
39.767 -17.799 9.20746 -1.08464 2 
42.332 -17.799 9.31669 -1.37105 2 
44.898 -17.799 8.99706 -1.46328 2 
47.464 -17.799 9.28657 -1.30283 2 
50.029 -17.799 9.37839 -0.55931 2 
52.595 -17.799 8.95373 0.38594 2 
55.160 -17.799 9.42130 0.02901 2 
57.726 -17.799 9.76581 -0.34457 2 
60.292 -17.799 9.75787 0.30118 2 
62.857 -17.799 9.49683 -0.30755 2 
65.423 -17.799 9.52480 0.45759 2 
67.988 -17.799 9.22643 0.14310 2 
70.554 -17.799 9.24861 -0.76634 2 
73.120 -17.799 9.02946 -0.38758 2 
75.685 -17.799 9.17968 -0.75914 2 
78.251 -17.799 8.42819 -0.83413 2 
80.816 -17.799 8.63267 -0.48658 2 
83.382 -17.799 7.90224 -0.03881 2 
85.948 -17.799 8.06087 0.53576 2 
88.513 -17.799 8.52028 1.57649 2 
91.079 -17.799 8.59989 1.73626 2 
93.644 -17.799 8.31868 1.38315 2 
96.210 -17.799 8.78634 1.60230 2 
98.776 -17.799 8.88744 1.39536 2 
101.341 -17.799 8.42440 1.30387 2 
103.907 -17.799 7.77482 0.89589 2 
106.472 -17.799 7.64259 0.15901 2 
109.038 -17.799 8.02260 -0.63949 2 
111.603 -17.799 8.68374 -0.54167 2 
114.169 -17.799 9.61502 -0.04864 2 
116.735 -17.799 7.61833 -0.05689 2 
119.300 -17.799 0.00000 -0.00000 0 
-8.980 -20.364 7.19473 -0.94234 2 
-6.414 -20.364 7.24901 -1.04172 2 
-3.848 -20.364 7.40336 -1.21588 2 
-1.283 -20.364 7.28187 -1.21976 2 
1.283 -20.364 7.58830 -1.46742 2 
3.848 -20.364 7.62670 -1.53086 2 
6.414 -20.364 7.76061 -1.69387 2 
8.980 -20.364 8.05623 -1.85429 2 
11.545 -20.364 8.23181 -1.87452 2 
14.111 -20.364 8.42286 -1.95950 2 
16.676 -20.364 8.49832 -1.89620 2 
19.242 -20.364 8.82477 -1.85536 2 
21.808 -20.364 8.86799 -1.71176 2 
24.373 -20.364 8.92130 -1.66753 2 
26.939 -20.364 9.03505 -1.44665 2 
29.504 -20.364 9.19849 -1.35309 2 
32.070 -20.364 9.15017 -1.13180 2 
34.636 -20.364 9.21526 -1.19282 2 
37.201 -20.364 9.18872 -1.12251 2 
39.767 -20.364 9.13354 -1.02835 2 
42.332 -20.364 9.36815 -1.11679 2 
44.898 -20.364 9.54947 -1.18864 2 
47.464 -20.364 9.44346 -1.10840 2 
50.029 -20.364 9.84956 -0.47896 2 
52.595 -20.364 9.67655 -0.08567 2 
55.160 -20.364 9.52810 -0.27071 2 
57.726 -20.364 9.67723 -0.28684 2 
60.292 -20.364 9.54625 -0.09621 2 
62.857 -20.364 9.63908 -0.23531 2 
65.423 -20.364 9.71737 0.11542 2 
67.988 -20.364 9.33580 0.11083 2 
70.554 -20.364 9.31638 -0.12184 2 
73.120 -20.364 9.21076 -0.17346 2 
75.685 -20.364 9.38881 -0.41912 2 
78.251 -20.364 9.79907 -0.38371 2 
80.816 -20.364 10.08571 0.10926 2 
83.382 -20.364 9.89587 0.29122 2 
85.948 -20.364 9.96478 0.54562 2 
88.513 -20.364 8.99283 1.20190 2 
91.079 -20.364 9.29914 1.22518 2 
93.644 -20.364 9.08692 1.28299 2 
96.210 -20.364 8.94506 1.23583 2 
98.776 -20.364 8.68006 0.86134 2 
101.341 -20.364 8.43011 0.98438 2 
103.907 -20.364 8.17633 0.68906 2 
106.472 -20.364 8.11958 0.32288 2 
109.038 -20.364 8.28036 -0.10916 2 
111.603 -20.364 8.70935 -0.47190 2 
114.169 -20.364 9.10019 -0.38372 2 
116.735 -20.364 10.01422 0.07779 2 
119.300 -20.364 0.00000 -0.00000 0 
-8.980 -22.930 7.52428 -0.88273 2 
-6.414 -22.930 7.51874 -0.99458 2 
-3.848 -22.930 7.57966 -1.16234 2 
-1.283 -22.930 7.57110 -1.19741 2 
1.283 -22.930 7.73776 -1.31165 2 
3.848 -22.930 7.83854 -1.51839 2 
6.414 -22.930 7.76145 -1.57556 2 
8.980 -22.930 7.92209 -1.54882 2 
11.545 -22.930 8.10261 -1.71136 2 
14.111 -22.930 8.31998 -1.65568 2 
16.676 -22.930 8.53056 -1.49623 2 
19.242 -22.930 8.81235 -1.67349 2 
21.808 -22.930 8.75255 -1.61386 2 
24.373 -22.930 8.80090 -1.57267 2 
26.939 -22.930 8.95676 -1.28046 2 
29.504 -22.930 8.99841 -1.34731 2 
32.070 -22.930 9.04703 -1.12572 2 
34.636 -22.930 9.19706 -1.09511 2 
37.201 -22.930 9.06381 -1.12174 2 
39.767 -22.930 9.34794 -0.93504 2 
42.332 -22.930 9.49853 -0.95760 2 
44.898 -22.930 9.43989 -0.89954 2 
47.464 -22.930 9.60034 -0.91396 2 
50.029 -22.930 9.63538 -0.71489 2 
52.595 -22.930 9.53599 -0.35473 2 
55.160 -22.930 9.44979 -0.35320 2 
57.726 -22.930 9.58703 -0.37120 2 
60.292 -22.930 9.38437 -0.14516 2 
62.857 -22.930 9.55552 0.08417 2 
65.423 -22.930 9.45502 -0.19699 2 
67.988 -22.930 9.48699 0.17061 2 
70.554 -22.930 9.32946 0.02360 2 
73.120 -22.930 9.29850 -0.19116 2 
75.685 -22.930 9.50905 -0.09924 2 
78.251 -22.930 9.60815 -0.18866 2 
80.816 -22.930 9.68638 0.19548 2 
83.382 -22.930 9.76784 0.36519 2 
85.948 -22.930 9.62672 0.47877 2 
88.513 -22.930 9.46538 0.82732 2 
91.079 -22.930 9.51174 0.85352 2 
93.644 -22.930 9.10425 0.93010 2 
96.210 -22.930 8.86594 0.84539 2 
98.776 -22.930 8.84471 0.82028 2 
101.341 -22.930 8.58473 0.76128 2 
103.907 -22.930 8.38158 0.65744 2 
106.472 -22.930 8.50938 0.44483 2 
109.038 -22.930 8.66111 -0.04728 2 
111.603 -22.930 8.79323 0.01137 2 
114.169 -22.930 8.94022 -0.14813 2 
116.735 -22.930 9.34970 0.12630 2 
119.300 -22.930 0.00000 -0.00000 0 
-8.980 -25.496 7.42301 -0.90192 2 
-6.414 -25.496 7.40362 -1.14878 2 
-3.848 -25.496 7.59791 -1.11104 2 
-1.283 -25.496 7.63511 -1.17278 2 
1.283 -25.496 7.70391 -1.28733 2 
3.848 -25.496 7.82349 -1.29680 2 
6.414 -25.496 7.82927 -1.40411 2 
8.980 -25.496 8.12521 -1.41755 2 
11.545 -25.496 8.18477 -1.57516 2 
14.111 -25.496 8.38016 -1.59242 2 
16.676 -25.496 8.50321 -1.54106 2 
19.242 -25.496 8.51405 -1.35507 2 
21.808 -25.496 8.79872 -1.42610 2 
24.373 -25.496 8.86691 -1.30335 2 
26.939 -25.496 8.79114 -1.18822 2 
29.504 -25.496 9.06545 -1.13632 2 
32.070 -25.496 8.88166 -1.30823 2 
34.636 -25.496 9.07406 -1.00854 2 
37.201 -25.496 9.22062 -1.01402 2 
39.767 -25.496 8.99754 -0.96084 2 
42.332 -25.496 9.21775 -0.92655 2 
44.898 -25.496 9.42688 -0.81073 2 
47.464 -25.496 9.40605 -0.77013 2 
50.029 -25.496 9.52746 -0.49661 2 
52.595 -25.496 9.43106 -0.56612 2 
55.160 -25.496 9.59571 -0.60748 2 
57.726 -25.496 9.27809 -0.22698 2 
60.292 -25.496 9.71748 -0.33635 2 
62.857 -25.496 9.45149 -0.27842 2 
65.423 -25.496 9.48560 0.03817 2 
67.988 -25.496 9.29247 -0.08662 2 
70.554 -25.496 9.30174 0.07585 2 
73.120 -25.496 9.29046 -0.06663 2 
75.685 -25.496 9.40822 0.09146 2 
78.251 -25.496 9.33897 0.07919 2 
80.816 -25.496 9.51443 0.10202 2 
83.382 -25.496 9.63982 0.43916 2 
85.948 -25.496 9.28865 0.41193 2 
88.513 -25.496 9.43614 0.74683 2 
91.079 -25.496 9.18787 0.69103 2 
93.644 -25.496 9.25624 0.70842 2 
96.210 -25.496 8.95574 0.71513 2 
98.776 -25.496 8.73597 0.74101 2 
101.341 -25.496 8.72644 0.54497 2 
103.907 -25.496 8.51633 0.58562 2 
106.472 -25.496 8.65615 0.46099 2 
109.038 -25.496 8.55002 0.25702 2 
111.603 -25.496 8.81275 0.10730 2 
114.169 -25.496 8.78412 0.21187 2 
116.735 -25.496 9.18147 0.39414 2 
119.300 -25.496 0.00000 -0.00000 0 
-8.980 -28.061 7.60554 -1.01371 2 
-6.414 -28.061 7.56803 -0.94456 2 
-3.848 -28.061 7.63844 -0.90457 2 
-1.283 -28.061 7.74194 -1.02544 2 
1.283 -28.061 7.71218 -1.13012 2 
3.848 -28.061 7.80615 -1.13268 2 
6.414 -28.061 7.82320 -1.32577 2 
8.980 -28.061 8.14388 -1.30947 2 
11.545 -28.061 8.19205 -1.31207 2 
14.111 -28.061 8.17005 -1.48659 2 
16.676 -28.061 8.51000 -1.37625 2 
19.242 -28.061 8.60548 -1.29869 2 
21.808 -28.061 8.71677 -1.31637 2 
24.373 -28.061 8.77612 -1.13508 2 
26.939 -28.061 8.87459 -1.27104 2 
29.504 -28.061 8.92347 -1.07415 2 
32.070 -28.061 8.93679 -1.15435 2 
34.636 -28.061 8.91220 -0.97104 2 
37.201 -28.061 9.06979 -0.88309 2 
39.767 -28.061 9.15203 -0.86144 2 
42.332 -28.061 9.15135 -0.74812 2 
44.898 -28.061 9.26463 -0.85100 2 
47.464 -28.061 9.25300 -0.65064 2 
50.029 -28.061 9.45470 -0.70625 2 
52.595 -28.061 9.39944 -0.53575 2 
55.160 -28.061 9.42012 -0.52564 2 
57.726 -28.061 9.38652 -0.29297 2 
60.292 -28.061 9.17982 -0.21959 2 
62.857 -28.061 9.30258 -0.03869 2 
65.423 -28.061 9.44381 -0.03730 2 
67.988 -28.061 9.39546 -0.08262 2 
70.554 -28.061 9.18606 -0.10259 2 
73.120 -28.061 9.28561 0.09076 2 
75.685 -28.061 9.37782 -0.00552 2 
78.251 -28.061 9.32378 0.20305 2 
80.816 -28.061 9.29673 0.36630 2 
83.382 -28.061 9.47672 0.23011 2 
85.948 -28.061 9.47917 0.44442 2 
88.513 -28.061 9.26328 0.60459 2 
91.079 -28.061 9.28933 0.79836 2 
93.644 -28.061 9.12070 0.68206 2 
96.210 -28.061 9.01111 0.59803 2 
98.776 -28.061 8.81676 0.67336 2 
101.341 -28.061 8.81391 0.55883 2 
103.907 -28.061 8.76298 0.64440 2 
106.472 -28.061 8.72647 0.44742 2 
109.038 -28.061 8.80194 0.44129 2 
111.603 -28.061 8.68745 0.21265 2 
114.169 -28.061 8.76162 0.26599 2 
116.735 -28.061 9.22543 0.26071 2 
119.300 -28.061 0.00000 -0.00000 0 
-8.980 -30.627 7.58448 -0.73458 2 
-6.414 -30.627 7.63740 -0.97793 2 
-3.848 -30.627 7.72774 -1.02073 2 
-1.283 -30.627 7.81161 -1.08965 2 
1.283 -30.627 7.96998 -0.97752 2 
3.848 -30.627 7.99077 -1.16284 2 
6.414 -30.627 8.07741 -1.17274 2 
8.980 -30.627 8.15586 -1.24944 2 
11.545 -30.627 8.19897 -1.30820 2 
14.111 -30.627 8.56577 -1.17812 2 
16.676 -30.627 8.48077 -1.18955 2 
19.242 -30.627 8.57511 -1.36464 2 
21.808 -30.627 8.63168 -1.14142 2 
24.373 -30.627 8.68200 -1.13889 2 
26.939 -30.627 8.79544 -1.03527 2 
29.504 -30.627 8.78252 -0.88133 2 
32.070 -30.627 8.92730 -1.10014 2 
34.636 -30.627 8.91870 -0.98772 2 
37.201 -30.627 8.98308 -0.88002 2 
39.767 -30.627 9.06837 -0.88625 2 
42.332 -30.627 9.09265 -0.75043 2 
44.898 -30.627 9.14290 -0.71812 2 
47.464 -30.627 9.28009 -0.37209 2 
50.029 -30.627 9.16319 -0.61509 2 
52.595 -30.627 9.33652 -0.58430 2 
55.160 -30.627 8.99974 -0.60817 2 
57.726 -30.627 9.29491 -0.45759 2 
60.292 -30.627 9.18796 -0.30643 2 
62.857 -30.627 9.32036 -0.26094 2 
65.423 -30.627 9.34252 -0.22257 2 
67.988 -30.627 9.18113 -0.10222 2 
70.554 -30.627 9.50075 0.09014 2 
73.120 -30.627 9.31988 0.05219 2 
75.685 -30.627 9.24778 0.29126 2 
78.251 -30.627 9.32187 0.27626 2 
80.816 -30.627 9.16924 0.05321 2 
83.382 -30.627 9.24682 0.55428 2 
85.948 -30.627 9.33053 0.27611 2 
88.513 -30.627 9.07961 0.57321 2 
91.079 -30.627 9.05128 0.42510 2 
93.644 -30.627 9.10092 0.55204 2 
96.210 -30.627 8.96641 0.67039 2 
98.776 -30.627 8.97405 0.64936 2 
101.341 -30.627 8.77751 0.63726 2 
103.907 -30.627 8.83903 0.38774 2 
106.472 -30.627 8.84292 0.52641 2 
109.038 -30.627 8.75887 0.39728 2 
111.603 -30.627 8.83658 0.25404 2 
114.169 -30.627 8.72067 0.50210 2 
116.735 -30.627 9.15958 0.28835 2 
119.300 -30.627 0.00000 -0.00000 0 
-8.980 -33.192 7.68970 -0.93309 2 
-6.414 -33.192 7.75701 -0.85378 2 
-3.848 -33.192 7.86406 -0.92313 2 
-1.283 -33.192 7.91129 -1.06128 2 
1.283 -33.192 7.77363 -1.08510 2 
3.848 -33.192 8.03313 -1.08704 2 
6.414 -33.192 8.20262 -1.09461 2 
8.980 -33.192 7.99160 -1.11896 2 
11.545 -33.192 8.23925 -1.05373 2 
14.111 -33.192 8.33082 -1.18651 2 
16.676 -33.192 8.48124 -1.23982 2 
19.242 -33.192 8.50765 -1.07356 2 
21.808 -33.192 8.58080 -1.16197 2 
24.373 -33.192 8.76899 -0.98955 2 
26.939 -33.192 8.58220 -0.95716 2 
29.504 -33.192 8.93231 -0.92142 2 
32.070 -33.192 8.73117 -1.00069 2 
34.636 -33.192 8.96789 -0.85792 2 
37.201 -33.192 9.03060 -0.81230 2 
39.767 -33.192 8.94143 -0.76795 2 
42.332 -33.192 8.93283 -0.81260 2 
44.898 -33.192 9.06364 -0.58962 2 
47.464 -33.192 9.13781 -0.77172 2 
50.029 -33.192 9.16480 -0.48925 2 
52.595 -33.192 9.05850 -0.62274 2 
55.160 -33.192 9.24886 -0.43928 2 
57.726 -33.192 9.12295 -0.45839 2 
60.292 -33.192 9.15883 -0.32132 2 
62.857 -33.192 9.10250 -0.16196 2 
65.423 -33.192 9.21836 -0.23691 2 
67.988 -33.192 9.23357 -0.08840 2 
70.554 -33.192 9.23854 -0.01927 2 
73.120 -33.192 9.26983 0.02094 2 
75.685 -33.192 9.32115 0.16551 2 
78.251 -33.192 9.22441 0.22819 2 
80.816 -33.192 9.27681 0.23336 2 
83.382 -33.192 9.12327 0.37565 2 
85.948 -33.192 9.28110 0.43533 2 
88.513 -33.192 9.04673 0.45945 2 
91.079 -33.192 9.11114 0.58807 2 
93.644 -33.192 9.05353 0.66872 2 
96.210 -33.192 9.04601 0.49131 2 
98.776 -33.192 8.87927 0.46873 2 
101.341 -33.192 8.95308 0.38988 2 
103.907 -33.192 8.93463 0.66510 2 
106.472 -33.192 8.77211 0.64191 2 
109.038 -33.192 8.86930 0.46257 2 
111.603 -33.192 8.72322 0.53214 2 
114.169 -33.192 8.87303 0.34104 2 
116.735 -33.192 9.09372 0.31599 2 
119.300 -33.192 0.00000 -0.00000 0 
-8.980 -35.758 7.55095 -0.87670 2 
-6.414 -35.758 7.85447 -0.81892 2 
-3.848 -35.758 7.74761 -1.02575 2 
-1.283 -35.758 7.95815 -0.86970 2 
1.283 -35.758 7.74575 -1.07370 2 
3.848 -35.758 8.09006 -1.01910 2 
6.414 -35.758 8.16852 -0.97161 2 
8.980 -35.758 8.17859 -1.04372 2 
11.545 -35.758 8.42551 -1.11546 2 
14.111 -35.758 8.25563 -1.04142 2 
16.676 -35.758 8.49292 -1.09206 2 
19.242 -35.758 8.56140 -1.11845 2 
21.808 -35.758 8.62167 -0.93226 2 
24.373 -35.758 8.82002 -1.05362 2 
26.939 -35.758 8.79440 -0.91053 2 
29.504 -35.758 8.75472 -0.93605 2 
32.070 -35.758 8.83429 -0.87726 2 
34.636 -35.758 8.83241 -0.89126 2 
37.201 -35.758 8.89844 -0.85095 2 
39.767 -35.758 9.06500 -0.91282 2 
42.332 -35.758 8.98444 -0.70998 2 
44.898 -35.758 8.98097 -0.63775 2 
47.464 -35.758 9.07421 -0.50067 2 
50.029 -35.758 8.98941 -0.55696 2 
52.595 -35.758 9.00516 -0.42539 2 
55.160 -35.758 9.18832 -0.50621 2 
57.726 -35.758 9.13043 -0.25796 2 
60.292 -35.758 9.28288 -0.33562 2 
62.857 -35.758 8.99168 -0.24033 2 
65.423 -35.758 9.22908 -0.20236 2 
67.988 -35.758 9.08269 -0.13771 2 
70.554 -35.758 9.35869 -0.05373 2 
73.120 -35.758 9.25447 0.01354 2 
75.685 -35.758 9.23082 -0.06835 2 
78.251 -35.758 9.17900 0.24378 2 
80.816 -35.758 9.17986 0.16230 2 
83.382 -35.758 9.17040 0.27226 2 
85.948 -35.758 9.25903 0.42035 2 
88.513 -35.758 9.12224 0.41618 2 
91.079 -35.758 9.00016 0.49434 2 
93.644 -35.758 8.88731 0.57461 2 
96.210 -35.758 9.02364 0.36808 2 
98.776 -35.758 8.90392 0.54243 2 
101.341 -35.758 8.80497 0.58867 2 
103.907 -35.758 8.74831 0.44949 2 
106.472 -35.758 8.74011 0.60273 2 
109.038 -35.758 8.86594 0.49667 2 
111.603 -35.758 8.80530 0.60476 2 
114.169 -35.758 8.74890 0.44689 2 
116.735 -35.758 9.02786 0.34362 2 
119.300 -35.758 0.00000 -0.00000 0 
-8.980 -38.324 7.80094 -0.87387 2 
-6.414 -38.324 7.75258 -0.85379 2 
-3.848 -38.324 7.94655 -0.74734 2 
-1.283 -38.324 8.01409 -0.82949 2 
1.283 -38.324 8.10135 -0.84264 2 
3.848 -38.324 7.94993 -0.88558 2 
6.414 -38.324 8.15106 -1.03240 2 
8.980 -38.324 8.17341 -0.87730 2 
11.545 -38.324 8.22030 -0.98303 2 
14.111 -38.324 8.41280 -0.91498 2 
16.676 -38.324 8.44861 -0.96720 2 
19.242 -38.324 8.55139 -1.01226 2 
21.808 -38.324 8.35741 -0.87677 2 
24.373 -38.324 8.56553 -0.97411 2 
26.939 -38.324 8.69112 -0.76555 2 
29.504 -38.324 8.73372 -0.84442 2 
32.070 -38.324 8.78535 -0.81926 2 
34.636 -38.324 8.87075 -0.74950 2 
37.201 -38.324 8.82897 -0.81540 2 
39.767 -38.324 8.94114 -0.76043 2 
42.332 -38.324 8.97727 -0.68269 2 
44.898 -38.324 8.80985 -0.78823 2 
47.464 -38.324 8.99981 -0.61369 2 
50.029 -38.324 9.12156 -0.56698 2 
52.595 -38.324 9.05685 -0.52511 2 
55.160 -38.324 9.17604 -0.47959 2 
57.726 -38.324 9.02413 -0.48603 2 
60.292 -38.324 9.17402 -0.29717 2 
62.857 -38.324 9.10551 -0.33354 2 
65.423 -38.324 9.07488 -0.18059 2 
67.988 -38.324 9.13963 -0.30388 2 
70.554 -38.324 9.06273 -0.25471 2 
73.120 -38.324 9.23912 0.00614 2 
75.685 -38.324 9.18755 -0.00747 2 
78.251 -38.324 8.98314 0.11257 2 
80.816 -38.324 9.08906 0.30400 2 
83.382 -38.324 9.12649 0.28480 2 
85.948 -38.324 8.92935 0.32856 2 
88.513 -38.324 8.89279 0.33878 2 
91.079 -38.324 8.96542 0.42487 2 
93.644 -38.324 8.95630 0.35347 2 
96.210 -38.324 8.79826 0.39243 2 
98.776 -38.324 8.90572 0.53956 2 
101.341 -38.324 8.88353 0.42493 2 
103.907 -38.324 8.95702 0.56261 2 
106.472 -38.324 8.82188 0.57233 2 
109.038 -38.324 8.81916 0.45657 2 
111.603 -38.324 8.72904 0.50536 2 
114.169 -38.324 8.88156 0.51432 2 
116.735 -38.324 8.96201 0.37126 2 
119.300 -38.324 0.00000 -0.00000 0 
-8.980 -40.889 7.86589 -0.70725 2 
-6.414 -40.889 7.81231 -0.76775 2 
-3.848 -40.889 7.93024 -0.81890 2 
-1.283 -40.889 7.84990 -0.93272 2 
1.283 -40.889 7.90166 -0.81105 2 
3.848 -40.889 8.03199 -0.95036 2 
6.414 -40.889 8.22267 -0.85945 2 
8.980 -40.889 8.25725 -0.95320 2 
11.545 -40.889 8.23809 -0.92819 2 
14.111 -40.889 8.40005 -0.86209 2 
16.676 -40.889 8.52461 -0.89695 2 
19.242 -40.889 8.43519 -0.91113 2 
21.808 -40.889 8.73743 -0.93805 2 
24.373 -40.889 8.55488 -0.94619 2 
26.939 -40.889 8.71577 -0.83209 2 
29.504 -40.889 8.73871 -0.82512 2 
32.070 -40.889 8.68926 -0.87026 2 
34.636 -40.889 8.75059 -0.69873 2 
37.201 -40.889 8.79081 -0.68929 2 
39.767 -40.889 8.88854 -0.76461 2 
42.332 -40.889 8.83278 -0.63574 2 
44.898 -40.889 8.89632 -0.65463 2 
47.464 -40.889 8.98066 -0.50875 2 
50.029 -40.889 8.84931 -0.53180 2 
52.595 -40.889 8.93946 -0.44411 2 
55.160 -40.889 8.91294 -0.40821 2 
57.726 -40.889 9.09378 -0.13772 2 
60.292 -40.889 9.03143 -0.33055 2 
62.857 -40.889 8.92317 -0.22024 2 
65.423 -40.889 9.17387 -0.20741 2 
67.988 -40.889 9.12048 -0.06981 2 
70.554 -40.889 9.09045 0.06584 2 
73.120 -40.889 9.11052 -0.05274 2 
75.685 -40.889 9.16738 0.03570 2 
78.251 -40.889 9.17282 0.14368 2 
80.816 -40.889 9.03540 0.12202 2 
83.382 -40.889 8.92289 0.16655 2 
85.948 -40.889 9.06921 0.27053 2 
88.513 -40.889 9.08149 0.13936 2 
91.079 -40.889 9.02940 0.44444 2 
93.644 -40.889 8.79758 0.34482 2 
96.210 -40.889 9.01326 0.43509 2 
98.776 -40.889 8.79420 0.48691 2 
101.341 -40.889 8.75944 0.57392 2 
103.907 -40.889 8.88585 0.33343 2 
106.472 -40.889 8.66477 0.51921 2 
109.038 -40.889 8.87640 0.53109 2 
111.603 -40.889 8.60697 0.61353 2 
114.169 -40.889 8.74714 0.58015 2 
116.735 -40.889 8.89615 0.39890 2 
119.300 -40.889 0.00000 -0.00000 0 
-8.980 -43.455 7.69094 -0.78837 2 
-6.414 -43.455 7.87689 -0.77288 2 
-3.848 -43.455 7.90049 -0.85543 2 
-1.283 -43.455 7.95134 -0.80346 2 
1.283 -43.455 8.10314 -0.71865 2 
3.848 -43.455 8.03930 -0.82394 2 
6.414 -43.455 8.23957 -0.79886 2 
8.980 -43.455 8.24136 -0.88558 2 
11.545 -43.455 8.22858 -0.86819 2 
14.111 -43.455 8.34520 -0.81354 2 
16.676 -43.455 8.40361 -0.79185 2 
19.242 -43.455 8.50279 -0.83497 2 
21.808 -43.455 8.62871 -0.93764 2 
24.373 -43.455 8.60419 -0.77243 2 
26.939 -43.455 8.68188 -0.74292 2 
29.504 -43.455 8.69393 -0.84885 2 
32.070 -43.455 8.69663 -0.67185 2 
34.636 -43.455 8.75241 -0.68906 2 
37.201 -43.455 8.79412 -0.77519 2 
39.767 -43.455 8.88223 -0.53797 2 
42.332 -43.455 8.78439 -0.68857 2 
44.898 -43.455 8.96802 -0.58044 2 
47.464 -43.455 8.95833 -0.57767 2 
50.029 -43.455 8.94984 -0.54793 2 
52.595 -43.455 8.97722 -0.59094 2 
55.160 -43.455 8.98989 -0.31105 2 
57.726 -43.455 8.92504 -0.36463 2 
60.292 -43.455 8.95214 -0.23090 2 
62.857 -43.455 9.02855 -0.26709 2 
65.423 -43.455 8.97026 -0.15319 2 
67.988 -43.455 9.04860 -0.09902 2 
70.554 -43.455 8.99452 -0.05772 2 
73.120 -43.455 9.04741 -0.02440 2 
75.685 -43.455 9.01769 -0.01206 2 
78.251 -43.455 8.93257 0.14120 2 
80.816 -43.455 8.97150 0.00068 2 
83.382 -43.455 9.03869 0.23256 2 
85.948 -43.455 9.06402 0.26310 2 
88.513 -43.455 8.95374 0.25470 2 
91.079 -43.455 8.97264 0.34421 2 
93.644 -43.455 8.86806 0.56210 2 
96.210 -43.455 8.84688 0.48698 2 
98.776 -43.455 8.86391 0.38282 2 
101.341 -43.455 8.91429 0.49981 2 
103.907 -43.455 8.71528 0.51107 2 
106.472 -43.455 8.77512 0.55549 2 
109.038 -43.455 8.66088 0.56458 2 
111.603 -43.455 8.85226 0.49345 2 
114.169 -43.455 8.65821 0.40246 2 
116.735 -43.455 9.09162 0.70835 2 
119.300 -43.455 0.00000 -0.00000 0 
-8.980 -46.020 7.85527 -0.79947 2 
-6.414 -46.020 7.71516 -0.69543 2 
-3.848 -46.020 8.03217 -0.77616 2 
-1.283 -46.020 7.98556 -0.81288 2 
1.283 -46.020 8.22822 -0.82084 2 
3.848 -46.020 8.06778 -0.85480 2 
6.414 -46.020 8.12072 -0.83324 2 
8.980 -46.020 8.15878 -0.82956 2 
11.545 -46.020 8.33158 -0.89479 2 
14.111 -46.020 8.23381 -0.78171 2 
16.676 -46.020 8.54220 -0.89391 2 
19.242 -46.020 8.41995 -0.87089 2 
21.808 -46.020 8.48335 -0.70426 2 
24.373 -46.020 8.55603 -0.71582 2 
26.939 -46.020 8.67825 -0.76423 2 
29.504 -46.020 8.52049 -0.80320 2 
32.070 -46.020 8.83675 -0.67631 2 
34.636 -46.020 8.74284 -0.80438 2 
37.201 -46.020 8.72202 -0.67333 2 
39.767 -46.020 8.88336 -0.64725 2 
42.332 -46.020 8.91329 -0.47337 2 
44.898 -46.020 8.93829 -0.51212 2 
47.464 -46.020 8.81647 -0.50926 2 
50.029 -46.020 8.71461 -0.55059 2 
52.595 -46.020 8.93337 -0.47902 2 
55.160 -46.020 8.91064 -0.44569 2 
57.726 -46.020 9.02853 -0.27544 2 
60.292 -46.020 8.95417 -0.35108 2 
62.857 -46.020 8.83238 -0.24006 2 
65.423 -46.020 9.02614 -0.17233 2 
67.988 -46.020 8.97671 -0.12822 2 
70.554 -46.020 9.04198 -0.13989 2 
73.120 -46.020 8.87651 -0.02120 2 
75.685 -46.020 8.95483 0.12805 2 
78.251 -46.020 8.92952 0.12113 2 
80.816 -46.020 8.94239 0.13781 2 
83.382 -46.020 8.93189 0.30074 2 
85.948 -46.020 8.86923 0.30071 2 
88.513 -46.020 8.92935 0.37029 2 
91.079 -46.020 8.82378 0.26166 2 
93.644 -46.020 8.86780 0.34477 2 
96.210 -46.020 8.96071 0.44816 2 
98.776 -46.020 8.83182 0.55535 2 
101.341 -46.020 8.81336 0.43182 2 
103.907 -46.020 8.79518 0.46528 2 
106.472 -46.020 8.91868 0.38393 2 
109.038 -46.020 8.65424 0.56003 2 
111.603 -46.020 8.76767 0.51707 2 
114.169 -46.020 8.66426 0.62489 2 
116.735 -46.020 8.97675 0.62759 2 
119.300 -46.020 0.00000 -0.00000 0 
-8.980 -48.586 7.81120 -0.74965 2 
-6.414 -48.586 7.99197 -0.76013 2 
-3.848 -48.586 7.92511 -0.67584 2 
-1.283 -48.586 8.17755 -0.76302 2 
1.283 -48.586 8.02650 -0.86659 2 
3.848 -48.586 8.18638 -0.73031 2 
6.414 -48.586 8.10307 -0.75205 2 
8.980 -48.586 8.18250 -0.76665 2 
11.545 -48.586 8.18417 -0.71419 2 
14.111 -48.586 8.41522 -0.78979 2 
16.676 -48.586 8.42952 -0.75052 2 
19.242 -48.586 8.38105 -0.88736 2 
21.808 -48.586 8.54353 -0.84156 2 
24.373 -48.586 8.54514 -0.82163 2 
26.939 -48.586 8.65095 -0.78942 2 
29.504 -48.586 8.72762 -0.82412 2 
32.070 -48.586 8.64232 -0.64531 2 
34.636 -48.586 8.81028 -0.62159 2 
37.201 -48.586 8.66622 -0.64943 2 
39.767 -48.586 8.89133 -0.60262 2 
42.332 -48.586 8.64647 -0.58620 2 
44.898 -48.586 8.72965 -0.51535 2 
47.464 -48.586 8.89838 -0.58394 2 
50.029 -48.586 8.90630 -0.42990 2 
52.595 -48.586 8.69814 -0.46031 2 
55.160 -48.586 8.92924 -0.40925 2 
57.726 -48.586 8.85895 -0.38275 2 
60.292 -48.586 8.84948 -0.43769 2 
62.857 -48.586 9.04837 -0.27716 2 
65.423 -48.586 8.90154 -0.17985 2 
67.988 -48.586 8.91202 -0.08905 2 
70.554 -48.586 8.97710 0.01957 2 
73.120 -48.586 8.85738 -0.11751 2 
75.685 -48.586 8.97632 0.02186 2 
78.251 -48.586 8.99898 0.18457 2 
80.816 -48.586 8.95463 0.09183 2 
83.382 -48.586 8.83060 0.22964 2 
85.948 -48.586 9.06095 0.29084 2 
88.513 -48.586 8.75267 0.21321 2 
91.079 -48.586 8.92803 0.19635 2 
93.644 -48.586 8.97168 0.46913 2 
96.210 -48.586 8.76490 0.26254 2 
98.776 -48.586 8.81558 0.38025 2 
101.341 -48.586 8.85836 0.41741 2 
103.907 -48.586 8.78295 0.36625 2 
106.472 -48.586 8.74217 0.47747 2 
109.038 -48.586 8.54080 0.53824 2 
111.603 -48.586 8.70175 0.49648 2 
114.169 -48.586 8.63442 0.61340 2 
116.735 -48.586 8.94302 0.58368 2 
119.300 -48.586 0.00000 -0.00000 0 
-8.980 -51.152 7.81368 -0.66801 2 
-6.414 -51.152 8.07096 -0.60580 2 
-3.848 -51.152 8.05479 -0.70953 2 
-1.283 -51.152 7.97293 -0.64903 2 
1.283 -51.152 8.07947 -0.71514 2 
3.848 -51.152 8.16641 -0.76328 2 
6.414 -51.152 8.18719 -0.83776 2 
8.980 -51.152 8.23741 -0.71515 2 
11.545 -51.152 8.33957 -0.79232 2 
14.111 -51.152 8.34464 -0.81591 2 
16.676 -51.152 8.38299 -0.82427 2 
19.242 -51.152 8.50323 -0.69367 2 
21.808 -51.152 8.52154 -0.76445 2 
24.373 -51.152 8.42230 -0.68872 2 
26.939 -51.152 8.66621 -0.67870 2 
29.504 -51.152 8.49271 -0.73241 2 
32.070 -51.152 8.55401 -0.76325 2 
34.636 -51.152 8.65927 -0.58769 2 
37.201 -51.152 8.60178 -0.79575 2 
39.767 -51.152 8.74865 -0.68432 2 
42.332 -51.152 8.64091 -0.52973 2 
44.898 -51.152 8.97134 -0.54151 2 
47.464 -51.152 8.69680 -0.46196 2 
50.029 -51.152 9.00779 -0.63710 2 
52.595 -51.152 8.83730 -0.30012 2 
55.160 -51.152 8.86949 -0.36429 2 
57.726 -51.152 8.74247 -0.27854 2 
60.292 -51.152 8.89136 -0.27152 2 
62.857 -51.152 8.81826 -0.24388 2 
65.423 -51.152 8.79093 -0.10228 2 
67.988 -51.152 8.89910 -0.18796 2 
70.554 -51.152 8.93371 -0.32021 2 
73.120 -51.152 9.02531 0.10971 2 
75.685 -51.152 8.89320 0.00775 2 
78.251 -51.152 8.81314 0.01262 2 
80.816 -51.152 8.94925 0.06312 2 
83.382 -51.152 8.92248 0.13386 2 
85.948 -51.152 8.76076 0.23644 2 
88.513 -51.152 8.93460 0.14204 2 
91.079 -51.152 8.88801 0.27583 2 
93.644 -51.152 8.72444 0.27630 2 
96.210 -51.152 8.65762 0.49742 2 
98.776 -51.152 8.83445 0.31267 2 
101.341 -51.152 8.75466 0.49468 2 
103.907 -51.152 8.79455 0.46827 2 
106.472 -51.152 8.75754 0.47133 2 
109.038 -51.152 8.78203 0.41130 2 
111.603 -51.152 8.58346 0.48084 2 
114.169 -51.152 8.66492 0.49531 2 
116.735 -51.152 8.82658 0.66768 2 
119.300 -51.152 0.00000 -0.00000 0 
-8.980 -53.717 0.00000 -0.00000 0 
-6.414 -53.717 8.17345 -0.78409 2 
-3.848 -53.717 8.04927 -0.65709 2 
-1.283 -53.717 8.12507 -0.68988 2 
1.283 -53.717 8.02414 -0.74610 2 
3.848 -53.717 8.11892 -0.80536 2 
6.414 -53.717 8.23935 -0.64268 2 
8.980 -53.717 8.31074 -0.87684 2 
11.545 -53.717 8.15934 -0.86279 2 
14.111 -53.717 8.45275 -0.69840 2 
16.676 -53.717 8.37860 -0.71907 2 
19.242 -53.717 8.42296 -0.87765 2 
21.808 -53.717 8.44352 -0.86846 2 
24.373 -53.717 8.47020 -0.74316 2 
26.939 -53.717 8.52530 -0.76266 2 
29.504 -53.717 8.60442 -0.76277 2 
32.070 -53.717 8.64499 -0.62107 2 
34.636 -53.717 8.68675 -0.80801 2 
37.201 -53.717 8.66502 -0.56507 2 
39.767 -53.717 8.60970 -0.70899 2 
42.332 -53.717 8.70323 -0.54326 2 
44.898 -53.717 8.73600 -0.62899 2 
47.464 -53.717 8.69604 -0.53571 2 
50.029 -53.717 8.76904 -0.41098 2 
52.595 -53.717 8.77678 -0.49715 2 
55.160 -53.717 8.83656 -0.62107 2 
57.726 -53.717 8.83686 -0.34453 2 
60.292 -53.717 8.71822 -0.26077 2 
62.857 -53.717 8.82972 -0.21030 2 
65.423 -53.717 8.86499 -0.29160 2 
67.988 -53.717 8.81165 -0.10116 2 
70.554 -53.717 8.84301 -0.01389 2 
73.120 -53.717 8.83970 -0.06160 2 
75.685 -53.717 8.84425 -0.03939 2 
78.251 -53.717 8.89233 0.01126 2 
80.816 -53.717 8.81544 0.21199 2 
83.382 -53.717 8.92815 0.05450 2 
85.948 -53.717 8.79955 0.29508 2 
88.513 -53.717 8.81405 0.15042 2 
91.079 -53.717 8.77405 0.28706 2 
93.644 -53.717 8.91540 0.31331 2 
96.210 -53.717 8.79003 0.46446 2 
98.776 -53.717 8.75574 0.34825 2 
101.341 -53.717 8.71151 0.38648 2 
103.907 -53.717 8.75921 0.46993 2 
106.472 -53.717 8.67116 0.50243 2 
109.038 -53.717 8.68049 0.46190 2 
111.603 -53.717 8.65341 0.53739 2 
114.169 -53.717 8.77584 0.50075 2 
116.735 -53.717 0.00000 -0.00000 0 
119.300 -53.717 0.00000 -0.00000 0 
-8.980 -56.283 0.00000 -0.00000 0 
-6.414 -56.283 0.00000 -0.00000 0 
-3.848 -56.283 7.91049 -0.65158 2 
-1.283 -56.283 7.94688 -0.45995 2 
1.283 -56.283 7.98324 -0.55995 2 
3.848 -56.283 8.07650 -0.49855 2 
6.414 -56.283 8.17561 -0.43125 2 
8.980 -56.283 8.16349 -0.41184 2 
11.545 -56.283 8.31820 -0.49799 2 
14.111 -56.283 8.25523 -0.37845 2 
16.676 -56.283 8.34206 -0.37096 2 
19.242 -56.283 8.42888 -0.36346 2 
21.808 -56.283 8.47694 -0.37722 2 
24.373 -56.283 8.52499 -0.39097 2 
26.939 -56.283 8.57304 -0.40473 2 
29.504 -56.283 8.62110 -0.41849 2 
32.070 -56.283 8.66915 -0.43224 2 
34.636 -56.283 8.62362 -0.38350 2 
37.201 -56.283 8.57808 -0.33477 2 
39.767 -56.283 8.69189 -0.25373 2 
42.332 -56.283 8.71735 -0.18980 2 
44.898 -56.283 8.72684 -0.19338 2 
47.464 -56.283 8.73633 -0.19696 2 
50.029 -56.283 8.74582 -0.20054 2 
52.595 -56.283 8.76827 -0.01886 2 
55.160 -56.283 8.89706 -0.01798 2 
57.726 -56.283 8.89414 -0.02826 2 
60.292 -56.283 8.86140 -0.16233 2 
62.857 -56.283 8.90563 -0.19058 2 
65.423 -56.283 8.79415 -0.11745 2 
67.988 -56.283 8.86669 -0.11830 2 
70.554 -56.283 8.78322 0.09887 2 
73.120 -56.283 8.97484 -0.11380 2 
75.685 -56.283 8.76374 -0.03424 2 
78.251 -56.283 8.84866 0.00552 2 
80.816 -56.283 8.88689 -0.02142 2 
83.382 -56.283 8.87479 0.04188 2 
85.948 -56.283 8.86269 0.10518 2 
88.513 -56.283 8.74696 -0.01266 2 
91.079 -56.283 8.80837 0.02663 2 
93.644 -56.283 8.73306 0.05182 2 
96.210 -56.283 8.84365 0.01708 2 
98.776 -56.283 8.78353 0.02415 2 
101.341 -56.283 8.78770 0.06304 2 
103.907 -56.283 8.79187 0.10194 2 
106.472 -56.283 8.76100 0.09521 2 
109.038 -56.283 8.73013 0.08847 2 
111.603 -56.283 8.69927 0.08174 2 
114.169 -56.283 8.66840 0.07501 2 
116.735 -56.283 0.00000 -0.00000 0 
119.300 -56.283 0.00000 -0.00000 0 
