TITLE = "B00045"
VARIABLES = "X [mm]", "Y [mm]", "Vx [m/s]", "Vy [m/s]", "Flag"
ZONE T="Frame 1", I=51, J=39, F=POINT
-8.980 41.210 7.17931 0.31925 2 
-6.414 41.210 7.19619 0.37225 2 
-3.848 41.210 7.21308 0.42524 2 
-1.283 41.210 7.27739 0.40599 2 
1.283 41.210 7.72964 0.31634 2 
3.848 41.210 0.00000 -0.00000 0 
6.414 41.210 0.00000 -0.00000 0 
8.980 41.210 0.00000 -0.00000 0 
11.545 41.210 0.00000 -0.00000 0 
14.111 41.210 0.00000 -0.00000 0 
16.676 41.210 0.00000 -0.00000 0 
19.242 41.210 4.03990 0.39465 2 
21.808 41.210 8.07980 0.78930 2 
24.373 41.210 7.33774 0.66131 2 
26.939 41.210 7.39790 0.71967 2 
29.504 41.210 7.50815 0.85181 2 
32.070 41.210 7.56828 0.79672 2 
34.636 41.210 7.54116 0.95212 2 
37.201 41.210 7.67686 0.75329 2 
39.767 41.210 7.54425 1.09737 2 
42.332 41.210 7.69569 0.93698 2 
44.898 41.210 7.80146 0.83806 2 
47.464 41.210 7.90724 0.73913 2 
50.029 41.210 7.88491 0.86019 2 
52.595 41.210 7.94408 0.63423 2 
55.160 41.210 7.96999 0.84096 2 
57.726 41.210 8.02783 0.75025 2 
60.292 41.210 8.12561 0.77709 2 
62.857 41.210 8.02622 0.90714 2 
65.423 41.210 8.47499 0.57743 2 
67.988 41.210 8.30784 0.41029 2 
70.554 41.210 8.36323 0.57587 2 
73.120 41.210 8.50184 0.55577 2 
75.685 41.210 8.34265 0.62245 2 
78.251 41.210 8.44484 0.55518 2 
80.816 41.210 0.00000 0.00000 0 
83.382 41.210 8.41877 0.55502 2 
85.948 41.210 8.52266 0.64500 2 
88.513 41.210 8.57740 0.38138 2 
91.079 41.210 8.44883 0.37087 2 
93.644 41.210 8.52974 0.09422 2 
96.210 41.210 8.59040 0.15829 2 
98.776 41.210 8.69966 0.24510 2 
101.341 41.210 8.38684 0.06698 2 
103.907 41.210 8.66016 -0.28230 2 
106.472 41.210 8.49293 -0.09210 2 
109.038 41.210 8.47972 -0.11556 2 
111.603 41.210 8.57889 -0.06175 2 
114.169 41.210 8.49188 -0.15520 2 
116.735 41.210 8.96536 -0.06331 2 
119.300 41.210 0.00000 -0.00000 0 
-8.980 38.644 7.07232 0.42222 2 
-6.414 38.644 7.12842 0.30280 2 
-3.848 38.644 7.16411 0.40705 2 
-1.283 38.644 7.08032 0.41418 2 
1.283 38.644 7.48062 0.50392 2 
3.848 38.644 0.00000 -0.00000 0 
6.414 38.644 0.00000 -0.00000 0 
8.980 38.644 0.00000 -0.00000 0 
11.545 38.644 0.00000 -0.00000 0 
14.111 38.644 0.00000 -0.00000 0 
16.676 38.644 0.00000 -0.00000 0 
19.242 38.644 3.92183 0.43668 2 
21.808 38.644 7.84366 0.87336 2 
24.373 38.644 7.24274 0.80951 2 
26.939 38.644 7.31480 0.85827 2 
29.504 38.644 7.32363 0.89818 2 
32.070 38.644 7.55948 0.80247 2 
34.636 38.644 7.47437 0.78719 2 
37.201 38.644 7.57226 0.82895 2 
39.767 38.644 7.61772 0.87317 2 
42.332 38.644 7.74595 0.92363 2 
44.898 38.644 7.73188 0.97563 2 
47.464 38.644 7.86321 1.05571 2 
50.029 38.644 7.80430 0.66821 2 
52.595 38.644 7.86821 1.00001 2 
55.160 38.644 7.97733 0.87877 2 
57.726 38.644 7.97090 1.01434 2 
60.292 38.644 8.19419 0.66868 2 
62.857 38.644 8.09447 0.57356 2 
65.423 38.644 8.36997 0.73207 2 
67.988 38.644 8.37588 0.69966 2 
70.554 38.644 8.20945 0.83313 2 
73.120 38.644 8.36883 0.48645 2 
75.685 38.644 8.43524 0.79059 2 
78.251 38.644 8.46140 0.41205 2 
80.816 38.644 0.00000 0.00000 0 
83.382 38.644 8.54670 0.45964 2 
85.948 38.644 8.64156 0.44710 2 
88.513 38.644 8.58854 0.28060 2 
91.079 38.644 8.59639 0.58799 2 
93.644 38.644 8.52932 0.32048 2 
96.210 38.644 8.53495 0.24216 2 
98.776 38.644 8.53886 0.01411 2 
101.341 38.644 8.50453 0.05899 2 
103.907 38.644 8.47946 0.17922 2 
106.472 38.644 8.73752 -0.04181 2 
109.038 38.644 8.50592 -0.11647 2 
111.603 38.644 8.56048 -0.49903 2 
114.169 38.644 8.56755 -0.21830 2 
116.735 38.644 8.92641 -0.31789 2 
119.300 38.644 0.00000 -0.00000 0 
-8.980 36.079 7.08610 0.25665 2 
-6.414 36.079 7.10486 0.41973 2 
-3.848 36.079 7.17742 0.25290 2 
-1.283 36.079 7.09003 0.32777 2 
1.283 36.079 7.55271 0.37718 2 
3.848 36.079 0.00000 -0.00000 0 
6.414 36.079 0.00000 -0.00000 0 
8.980 36.079 0.00000 -0.00000 0 
11.545 36.079 0.00000 -0.00000 0 
14.111 36.079 0.00000 -0.00000 0 
16.676 36.079 0.00000 -0.00000 0 
19.242 36.079 3.95558 0.44437 2 
21.808 36.079 7.91115 0.88874 2 
24.373 36.079 7.25544 0.79374 2 
26.939 36.079 7.29319 0.90182 2 
29.504 36.079 7.60269 0.83825 2 
32.070 36.079 7.50115 1.01070 2 
34.636 36.079 7.60065 0.96779 2 
37.201 36.079 7.60265 1.06575 2 
39.767 36.079 7.60757 0.92834 2 
42.332 36.079 7.83644 0.94293 2 
44.898 36.079 7.68090 0.86570 2 
47.464 36.079 7.81124 0.87875 2 
50.029 36.079 7.91385 0.82499 2 
52.595 36.079 7.76158 0.83732 2 
55.160 36.079 7.98418 0.90252 2 
57.726 36.079 8.19435 1.04870 2 
60.292 36.079 8.16448 0.85448 2 
62.857 36.079 8.36598 0.97418 2 
65.423 36.079 8.46540 0.76373 2 
67.988 36.079 8.39203 1.02474 2 
70.554 36.079 8.39772 0.76281 2 
73.120 36.079 8.60431 0.62854 2 
75.685 36.079 8.36425 0.74447 2 
78.251 36.079 8.50824 0.73381 2 
80.816 36.079 0.00000 0.00000 0 
83.382 36.079 8.43531 0.55416 2 
85.948 36.079 8.46041 0.49039 2 
88.513 36.079 8.67636 0.30868 2 
91.079 36.079 8.65275 0.41090 2 
93.644 36.079 8.58548 0.30005 2 
96.210 36.079 8.69779 0.14001 2 
98.776 36.079 8.67780 0.18374 2 
101.341 36.079 8.70498 0.06560 2 
103.907 36.079 8.78657 -0.14860 2 
106.472 36.079 8.65134 -0.18035 2 
109.038 36.079 8.65729 -0.14213 2 
111.603 36.079 8.62945 0.01935 2 
114.169 36.079 8.69824 -0.24171 2 
116.735 36.079 8.82876 -0.20615 2 
119.300 36.079 0.00000 -0.00000 0 
-8.980 33.513 7.20085 0.27571 2 
-6.414 33.513 7.09773 0.24644 2 
-3.848 33.513 7.06254 0.48221 2 
-1.283 33.513 7.24129 0.39645 2 
1.283 33.513 7.52388 0.58452 2 
3.848 33.513 0.00000 -0.00000 0 
6.414 33.513 0.00000 -0.00000 0 
8.980 33.513 0.00000 -0.00000 0 
11.545 33.513 0.00000 -0.00000 0 
14.111 33.513 0.00000 -0.00000 0 
16.676 33.513 0.00000 -0.00000 0 
19.242 33.513 3.85289 0.42091 2 
21.808 33.513 7.70579 0.84183 2 
24.373 33.513 7.20032 0.91581 2 
26.939 33.513 7.23746 0.92224 2 
29.504 33.513 7.26467 0.85532 2 
32.070 33.513 7.42064 0.90726 2 
34.636 33.513 7.35236 0.95402 2 
37.201 33.513 7.46868 0.98984 2 
39.767 33.513 7.55094 0.92473 2 
42.332 33.513 7.63359 0.98261 2 
44.898 33.513 7.82083 1.03072 2 
47.464 33.513 7.89457 1.07357 2 
50.029 33.513 7.91433 0.91582 2 
52.595 33.513 7.92870 0.84917 2 
55.160 33.513 7.99103 0.92627 2 
57.726 33.513 8.20600 0.92947 2 
60.292 33.513 8.23374 0.88552 2 
62.857 33.513 8.42248 0.91987 2 
65.423 33.513 8.21045 0.86076 2 
67.988 33.513 8.32760 0.96834 2 
70.554 33.513 8.39333 0.79300 2 
73.120 33.513 8.68796 0.76195 2 
75.685 33.513 8.47460 0.65924 2 
78.251 33.513 8.51421 0.74747 2 
80.816 33.513 0.00000 0.00000 0 
83.382 33.513 8.59946 0.57918 2 
85.948 33.513 8.65303 0.49595 2 
88.513 33.513 8.74301 0.44460 2 
91.079 33.513 8.70733 0.27497 2 
93.644 33.513 8.69449 0.17962 2 
96.210 33.513 8.59452 0.19705 2 
98.776 33.513 8.72445 0.02848 2 
101.341 33.513 8.84583 0.09068 2 
103.907 33.513 8.64981 -0.03341 2 
106.472 33.513 8.65749 0.01009 2 
109.038 33.513 8.80807 -0.26294 2 
111.603 33.513 8.52114 -0.27258 2 
114.169 33.513 8.78766 -0.30728 2 
116.735 33.513 8.95090 -0.37756 2 
119.300 33.513 0.00000 -0.00000 0 
-8.980 30.948 7.10127 0.24938 2 
-6.414 30.948 7.13326 0.27021 2 
-3.848 30.948 7.04846 0.42611 2 
-1.283 30.948 6.94944 0.40760 2 
1.283 30.948 7.51203 0.41760 2 
3.848 30.948 0.00000 -0.00000 0 
6.414 30.948 0.00000 -0.00000 0 
8.980 30.948 0.00000 -0.00000 0 
11.545 30.948 0.00000 -0.00000 0 
14.111 30.948 0.00000 -0.00000 0 
16.676 30.948 0.00000 -0.00000 0 
19.242 30.948 5.12614 0.52386 2 
21.808 30.948 7.58563 0.88663 2 
24.373 30.948 7.10754 0.85052 2 
26.939 30.948 7.39588 0.93613 2 
29.504 30.948 7.32645 0.98615 2 
32.070 30.948 7.42478 1.01858 2 
34.636 30.948 7.63294 0.97387 2 
37.201 30.948 7.50411 1.00233 2 
39.767 30.948 7.73729 1.15909 2 
42.332 30.948 7.61974 1.05898 2 
44.898 30.948 7.88695 0.86547 2 
47.464 30.948 7.80489 0.89875 2 
50.029 30.948 8.03891 1.06765 2 
52.595 30.948 8.08277 0.92665 2 
55.160 30.948 7.99834 1.06206 2 
57.726 30.948 8.16058 0.95378 2 
60.292 30.948 8.01473 0.93693 2 
62.857 30.948 8.14187 1.06835 2 
65.423 30.948 8.35169 0.84045 2 
67.988 30.948 8.21066 0.76227 2 
70.554 30.948 8.36738 0.97164 2 
73.120 30.948 8.40114 0.72218 2 
75.685 30.948 8.55423 0.87448 2 
78.251 30.948 8.67421 0.65477 2 
80.816 30.948 0.00000 0.00000 0 
83.382 30.948 8.68472 0.60557 2 
85.948 30.948 8.74046 0.52506 2 
88.513 30.948 8.58821 0.50673 2 
91.079 30.948 8.76056 0.40779 2 
93.644 30.948 8.73595 0.30008 2 
96.210 30.948 8.78659 0.14010 2 
98.776 30.948 8.78010 0.16400 2 
101.341 30.948 8.79798 -0.03327 2 
103.907 30.948 8.66525 -0.13460 2 
106.472 30.948 8.70286 -0.14624 2 
109.038 30.948 8.82320 -0.15325 2 
111.603 30.948 8.62332 -0.22682 2 
114.169 30.948 8.63403 -0.23880 2 
116.735 30.948 9.08537 -0.44940 2 
119.300 30.948 0.00000 -0.00000 0 
-8.980 28.382 6.80052 0.28007 2 
-6.414 28.382 7.11448 0.33263 2 
-3.848 28.382 7.03194 0.26517 2 
-1.283 28.382 6.91777 0.33496 2 
1.283 28.382 7.05788 0.53716 2 
3.848 28.382 7.30547 0.31604 2 
6.414 28.382 0.00000 -0.00000 0 
8.980 28.382 0.00000 -0.00000 0 
11.545 28.382 0.00000 -0.00000 0 
14.111 28.382 0.00000 -0.00000 0 
16.676 28.382 3.83632 0.36487 2 
19.242 28.382 7.67263 0.72974 2 
21.808 28.382 7.46548 0.93142 2 
24.373 28.382 7.16583 0.76604 2 
26.939 28.382 7.30180 0.90749 2 
29.504 28.382 7.36518 1.08629 2 
32.070 28.382 7.26854 0.88606 2 
34.636 28.382 7.44208 1.06709 2 
37.201 28.382 7.32964 1.14365 2 
39.767 28.382 7.67117 1.02057 2 
42.332 28.382 7.63113 1.19379 2 
44.898 28.382 7.84780 1.21552 2 
47.464 28.382 7.77619 0.99831 2 
50.029 28.382 7.81470 1.10936 2 
52.595 28.382 8.10609 1.25553 2 
55.160 28.382 8.04160 1.08621 2 
57.726 28.382 8.31282 1.04726 2 
60.292 28.382 8.13121 1.13945 2 
62.857 28.382 8.04483 0.95202 2 
65.423 28.382 8.31706 0.98339 2 
67.988 28.382 8.50017 0.98033 2 
70.554 28.382 8.34143 1.15029 2 
73.120 28.382 8.69448 0.90055 2 
75.685 28.382 8.34727 0.68102 2 
78.251 28.382 8.83124 0.76869 2 
80.816 28.382 8.71218 0.70922 2 
83.382 28.382 8.76708 0.67415 2 
85.948 28.382 8.82197 0.63909 2 
88.513 28.382 8.76543 0.43746 2 
91.079 28.382 8.90797 0.45913 2 
93.644 28.382 8.76731 0.28144 2 
96.210 28.382 8.81547 0.20138 2 
98.776 28.382 8.85956 0.26648 2 
101.341 28.382 8.83779 -0.00850 2 
103.907 28.382 8.69467 -0.00662 2 
106.472 28.382 8.79226 -0.04266 2 
109.038 28.382 8.86033 -0.27994 2 
111.603 28.382 8.80292 -0.16738 2 
114.169 28.382 8.65607 -0.45105 2 
116.735 28.382 9.07898 -0.43152 2 
119.300 28.382 0.00000 -0.00000 0 
-8.980 25.816 7.05940 0.03662 2 
-6.414 25.816 6.94247 0.28008 2 
-3.848 25.816 6.95824 0.36521 2 
-1.283 25.816 6.96617 0.37540 2 
1.283 25.816 6.89536 0.38964 2 
3.848 25.816 7.58750 0.76118 2 
6.414 25.816 0.00000 -0.00000 0 
8.980 25.816 0.00000 -0.00000 0 
11.545 25.816 0.00000 -0.00000 0 
14.111 25.816 0.00000 -0.00000 0 
16.676 25.816 3.76558 0.48323 2 
19.242 25.816 7.53115 0.96647 2 
21.808 25.816 7.24245 0.94308 2 
24.373 25.816 7.14346 0.98017 2 
26.939 25.816 7.20474 1.07736 2 
29.504 25.816 7.31643 0.98240 2 
32.070 25.816 7.42128 1.25752 2 
34.636 25.816 7.43095 1.20768 2 
37.201 25.816 7.59346 1.12762 2 
39.767 25.816 7.68905 1.08804 2 
42.332 25.816 7.73243 1.12704 2 
44.898 25.816 7.74406 1.22823 2 
47.464 25.816 7.71353 1.00227 2 
50.029 25.816 7.85092 1.11968 2 
52.595 25.816 7.94442 1.15429 2 
55.160 25.816 7.91678 1.13339 2 
57.726 25.816 8.17199 1.12549 2 
60.292 25.816 8.29391 1.19535 2 
62.857 25.816 8.52995 0.93025 2 
65.423 25.816 8.22162 1.09236 2 
67.988 25.816 8.41804 1.02185 2 
70.554 25.816 8.77419 0.93449 2 
73.120 25.816 8.57991 0.91079 2 
75.685 25.816 8.93159 0.71493 2 
78.251 25.816 8.61192 0.77366 2 
80.816 25.816 8.74722 0.92740 2 
83.382 25.816 0.00000 0.00000 0 
85.948 25.816 8.84281 0.55144 2 
88.513 25.816 9.00050 0.50510 2 
91.079 25.816 8.90197 0.35043 2 
93.644 25.816 9.00665 0.14405 2 
96.210 25.816 8.94336 0.19854 2 
98.776 25.816 8.76704 0.20752 2 
101.341 25.816 8.83166 0.24468 2 
103.907 25.816 8.69754 -0.15253 2 
106.472 25.816 8.98840 -0.05911 2 
109.038 25.816 9.00315 -0.17293 2 
111.603 25.816 8.82711 -0.45305 2 
114.169 25.816 8.79891 -0.30372 2 
116.735 25.816 9.07258 -0.41364 2 
119.300 25.816 0.00000 -0.00000 0 
-8.980 23.251 6.83788 0.21427 2 
-6.414 23.251 6.90437 0.12245 2 
-3.848 23.251 7.02296 0.27616 2 
-1.283 23.251 6.88795 0.39909 2 
1.283 23.251 6.81860 0.37989 2 
3.848 23.251 7.18091 0.59215 2 
6.414 23.251 0.00000 -0.00000 0 
8.980 23.251 0.00000 -0.00000 0 
11.545 23.251 0.00000 -0.00000 0 
14.111 23.251 0.00000 -0.00000 0 
16.676 23.251 3.83184 0.48537 2 
19.242 23.251 7.66367 0.97074 2 
21.808 23.251 6.92113 1.15895 2 
24.373 23.251 7.21831 0.90895 2 
26.939 23.251 7.15788 1.22578 2 
29.504 23.251 7.33125 1.23824 2 
32.070 23.251 7.29117 0.98947 2 
34.636 23.251 7.40464 1.26303 2 
37.201 23.251 7.37880 1.27702 2 
39.767 23.251 7.48476 1.26971 2 
42.332 23.251 7.52586 1.30608 2 
44.898 23.251 7.71146 1.32485 2 
47.464 23.251 7.82672 1.22469 2 
50.029 23.251 7.84755 1.15024 2 
52.595 23.251 7.78653 1.10384 2 
55.160 23.251 8.17368 1.07853 2 
57.726 23.251 8.22557 1.20051 2 
60.292 23.251 8.18904 1.18962 2 
62.857 23.251 8.39134 1.22228 2 
65.423 23.251 8.51864 1.04942 2 
67.988 23.251 7.95774 1.09771 2 
70.554 23.251 8.50080 1.05935 2 
73.120 23.251 8.41925 0.91958 2 
75.685 23.251 8.74624 1.09826 2 
78.251 23.251 9.02520 0.71886 2 
80.816 23.251 9.00586 0.86207 2 
83.382 23.251 0.00000 0.00000 0 
85.948 23.251 6.49616 0.42178 2 
88.513 23.251 9.25642 0.52644 2 
91.079 23.251 8.95692 0.35114 2 
93.644 23.251 8.91629 0.13003 2 
96.210 23.251 8.90399 0.05441 2 
98.776 23.251 8.80053 0.13468 2 
101.341 23.251 8.71298 0.17223 2 
103.907 23.251 9.06579 0.23054 2 
106.472 23.251 9.26641 0.17440 2 
109.038 23.251 9.21063 -0.20898 2 
111.603 23.251 8.96830 -0.56739 2 
114.169 23.251 8.76434 -0.70669 2 
116.735 23.251 8.67922 -0.25183 2 
119.300 23.251 0.00000 -0.00000 0 
-8.980 20.685 6.88837 -0.02615 2 
-6.414 20.685 6.93419 0.29943 2 
-3.848 20.685 6.71951 0.16660 2 
-1.283 20.685 6.87819 0.37251 2 
1.283 20.685 6.60000 0.28807 2 
3.848 20.685 7.16609 0.54972 2 
6.414 20.685 0.00000 -0.00000 0 
8.980 20.685 0.00000 -0.00000 0 
11.545 20.685 0.00000 -0.00000 0 
14.111 20.685 0.00000 -0.00000 0 
16.676 20.685 3.68981 0.59882 2 
19.242 20.685 7.37961 1.19763 2 
21.808 20.685 6.85635 0.96873 2 
24.373 20.685 6.97967 1.36693 2 
26.939 20.685 7.15114 1.08252 2 
29.504 20.685 7.32951 1.35341 2 
32.070 20.685 7.27386 1.33030 2 
34.636 20.685 7.30503 1.34879 2 
37.201 20.685 7.67472 1.30956 2 
39.767 20.685 7.47121 1.28787 2 
42.332 20.685 7.53266 1.47563 2 
44.898 20.685 7.83098 1.16252 2 
47.464 20.685 7.82888 1.32222 2 
50.029 20.685 7.81809 1.51245 2 
52.595 20.685 8.05823 1.27921 2 
55.160 20.685 7.84732 1.41912 2 
57.726 20.685 8.15159 1.23478 2 
60.292 20.685 8.33666 1.36514 2 
62.857 20.685 8.46192 0.95630 2 
65.423 20.685 6.56705 0.85203 2 
67.988 20.685 7.49743 1.17358 2 
70.554 20.685 8.98272 1.39491 2 
73.120 20.685 8.98451 1.17986 2 
75.685 20.685 9.27879 1.19873 2 
78.251 20.685 7.85738 0.86695 2 
80.816 20.685 10.08559 0.55137 2 
83.382 20.685 0.00000 0.00000 0 
85.948 20.685 0.00000 0.00000 0 
88.513 20.685 0.00000 0.00000 0 
91.079 20.685 9.53553 0.54934 2 
93.644 20.685 9.42712 0.52147 2 
96.210 20.685 8.27181 0.11924 2 
98.776 20.685 8.33967 -0.17855 2 
101.341 20.685 8.67120 0.50184 2 
103.907 20.685 8.99921 0.83142 2 
106.472 20.685 9.30713 0.04751 2 
109.038 20.685 9.61505 -0.73639 2 
111.603 20.685 9.34578 -0.89846 2 
114.169 20.685 8.54300 -0.80069 2 
116.735 20.685 8.96742 -0.58198 2 
119.300 20.685 0.00000 -0.00000 0 
-8.980 18.120 6.72718 -0.02176 2 
-6.414 18.120 6.93404 0.04340 2 
-3.848 18.120 6.76551 0.12464 2 
-1.283 18.120 6.73171 0.11411 2 
1.283 18.120 6.82437 0.35872 2 
3.848 18.120 7.02947 0.50079 2 
6.414 18.120 0.00000 -0.00000 0 
8.980 18.120 0.00000 -0.00000 0 
11.545 18.120 0.00000 -0.00000 0 
14.111 18.120 0.00000 -0.00000 0 
16.676 18.120 3.64920 0.64146 2 
19.242 18.120 7.29841 1.28291 2 
21.808 18.120 6.96980 1.12359 2 
24.373 18.120 7.10556 1.17026 2 
26.939 18.120 7.16658 1.39631 2 
29.504 18.120 7.12543 1.26881 2 
32.070 18.120 7.19429 1.51715 2 
34.636 18.120 7.27769 1.49780 2 
37.201 18.120 7.55523 1.43272 2 
39.767 18.120 7.52655 1.53830 2 
42.332 18.120 7.63967 1.33444 2 
44.898 18.120 7.73986 1.47589 2 
47.464 18.120 7.84293 1.59344 2 
50.029 18.120 7.81278 1.46405 2 
52.595 18.120 8.06872 1.49140 2 
55.160 18.120 8.06302 1.36108 2 
57.726 18.120 8.65194 1.29649 2 
60.292 18.120 8.26417 1.33707 2 
62.857 18.120 8.75330 1.34612 2 
65.423 18.120 4.61547 0.65464 2 
67.988 18.120 0.00000 -0.00000 0 
70.554 18.120 0.00000 -0.00000 0 
73.120 18.120 0.00000 -0.00000 0 
75.685 18.120 0.00000 -0.00000 0 
78.251 18.120 0.00000 -0.00000 0 
80.816 18.120 0.00000 -0.00000 0 
83.382 18.120 0.00000 -0.00000 0 
85.948 18.120 -1.13380 -0.14502 2 
88.513 18.120 1.02654 0.11298 2 
91.079 18.120 3.18688 0.37098 2 
93.644 18.120 5.88217 0.53365 2 
96.210 18.120 7.63962 0.18407 2 
98.776 18.120 5.87130 0.11361 2 
101.341 18.120 7.00665 0.34087 2 
103.907 18.120 5.71622 1.56622 2 
106.472 18.120 7.10888 0.31096 2 
109.038 18.120 9.34223 -1.43473 2 
111.603 18.120 8.45369 -1.60989 2 
114.169 18.120 8.66555 -1.45289 2 
116.735 18.120 7.88057 -0.64027 2 
119.300 18.120 0.00000 -0.00000 0 
-8.980 15.554 6.79161 0.12324 2 
-6.414 15.554 6.60087 -0.08209 2 
-3.848 15.554 6.68387 0.07386 2 
-1.283 15.554 6.66380 0.17742 2 
1.283 15.554 6.48452 0.31666 2 
3.848 15.554 6.22119 0.26012 2 
6.414 15.554 0.00000 -0.00000 0 
8.980 15.554 0.00000 -0.00000 0 
11.545 15.554 0.00000 -0.00000 0 
14.111 15.554 0.00000 -0.00000 0 
16.676 15.554 3.44718 0.61038 2 
19.242 15.554 6.89435 1.22075 2 
21.808 15.554 6.76367 1.32050 2 
24.373 15.554 6.93333 1.41220 2 
26.939 15.554 7.08267 1.45925 2 
29.504 15.554 7.11382 1.51970 2 
32.070 15.554 7.24345 1.46407 2 
34.636 15.554 7.39520 1.44738 2 
37.201 15.554 7.27718 1.70450 2 
39.767 15.554 7.68661 1.39361 2 
42.332 15.554 8.14719 1.62310 2 
44.898 15.554 8.03100 1.29459 2 
47.464 15.554 8.00756 1.49488 2 
50.029 15.554 8.16809 1.52212 2 
52.595 15.554 8.53864 1.39389 2 
55.160 15.554 0.00000 -0.00000 0 
57.726 15.554 0.00000 -0.00000 0 
60.292 15.554 0.00000 -0.00000 0 
62.857 15.554 0.00000 -0.00000 0 
65.423 15.554 0.00000 -0.00000 0 
67.988 15.554 0.00000 -0.00000 0 
70.554 15.554 0.00000 -0.00000 0 
73.120 15.554 0.00000 -0.00000 0 
75.685 15.554 0.00000 -0.00000 0 
78.251 15.554 0.00000 -0.00000 0 
80.816 15.554 -1.70764 -0.16697 2 
83.382 15.554 1.14524 -0.67288 2 
85.948 15.554 -1.37589 0.64992 2 
88.513 15.554 -2.26883 0.42128 2 
91.079 15.554 -3.16177 0.19263 2 
93.644 15.554 2.33721 0.54583 2 
96.210 15.554 2.73926 0.20335 2 
98.776 15.554 3.40293 0.40577 2 
101.341 15.554 3.77754 -0.08283 2 
103.907 15.554 2.43323 2.30102 2 
106.472 15.554 2.98518 1.53620 2 
109.038 15.554 6.17915 -1.27722 2 
111.603 15.554 6.10872 -0.87159 2 
114.169 15.554 5.56329 -0.87379 2 
116.735 15.554 6.60872 -0.13328 2 
119.300 15.554 0.00000 -0.00000 0 
-8.980 12.988 6.85820 -0.15175 2 
-6.414 12.988 6.68836 -0.04255 2 
-3.848 12.988 6.57409 0.01089 2 
-1.283 12.988 6.37585 0.12562 2 
1.283 12.988 6.39901 0.39735 2 
3.848 12.988 6.35783 0.26499 2 
6.414 12.988 0.00000 -0.00000 0 
8.980 12.988 0.00000 -0.00000 0 
11.545 12.988 0.00000 -0.00000 0 
14.111 12.988 0.00000 -0.00000 0 
16.676 12.988 3.54391 0.72160 2 
19.242 12.988 7.08783 1.44319 2 
21.808 12.988 6.67904 1.35771 2 
24.373 12.988 6.91424 1.57728 2 
26.939 12.988 6.88299 1.62003 2 
29.504 12.988 7.20720 1.64479 2 
32.070 12.988 7.85441 1.56571 2 
34.636 12.988 7.45428 2.03354 2 
37.201 12.988 7.88424 1.98719 2 
39.767 12.988 3.84330 0.69680 2 
42.332 12.988 0.00000 -0.00000 0 
44.898 12.988 0.00000 -0.00000 0 
47.464 12.988 0.00000 -0.00000 0 
50.029 12.988 0.00000 -0.00000 0 
52.595 12.988 0.00000 -0.00000 0 
55.160 12.988 0.00000 -0.00000 0 
57.726 12.988 0.00000 -0.00000 0 
60.292 12.988 0.00000 -0.00000 0 
62.857 12.988 0.00000 -0.00000 0 
65.423 12.988 0.00000 -0.00000 0 
67.988 12.988 0.00000 -0.00000 0 
70.554 12.988 0.00000 -0.00000 0 
73.120 12.988 0.00000 -0.00000 0 
75.685 12.988 0.15029 0.08253 2 
78.251 12.988 -0.65066 -0.10669 2 
80.816 12.988 -3.41528 -0.33394 2 
83.382 12.988 -1.99100 -1.08545 2 
85.948 12.988 -2.39966 0.29691 2 
88.513 12.988 -2.38290 1.21162 2 
91.079 12.988 -3.03179 0.78351 2 
93.644 12.988 -3.43664 0.15594 2 
96.210 12.988 -2.16110 0.22263 2 
98.776 12.988 -0.36232 1.37913 2 
101.341 12.988 1.74415 2.27617 2 
103.907 12.988 2.36336 2.87219 2 
106.472 12.988 4.63643 -0.16786 2 
109.038 12.988 4.32291 -2.13964 2 
111.603 12.988 3.76375 -0.13328 2 
114.169 12.988 3.23823 1.08351 2 
116.735 12.988 6.33743 2.19326 2 
119.300 12.988 0.00000 -0.00000 0 
-8.980 10.423 6.76029 -0.19759 2 
-6.414 10.423 6.64950 -0.03956 2 
-3.848 10.423 6.42287 -0.09379 2 
-1.283 10.423 6.46669 -0.06486 2 
1.283 10.423 6.18979 0.05642 2 
3.848 10.423 6.49447 0.26987 2 
6.414 10.423 3.24724 0.13493 2 
8.980 10.423 0.00000 -0.00000 0 
11.545 10.423 0.00000 -0.00000 0 
14.111 10.423 0.00000 -0.00000 0 
16.676 10.423 2.36261 0.48106 2 
19.242 10.423 4.72522 0.96213 2 
21.808 10.423 6.98212 1.61318 2 
24.373 10.423 7.18501 1.74775 2 
26.939 10.423 7.01143 1.93724 2 
29.504 10.423 3.60360 0.82240 2 
32.070 10.423 0.00000 -0.00000 0 
34.636 10.423 0.00000 -0.00000 0 
37.201 10.423 0.00000 -0.00000 0 
39.767 10.423 0.00000 -0.00000 0 
42.332 10.423 0.00000 -0.00000 0 
44.898 10.423 0.00000 -0.00000 0 
47.464 10.423 0.00000 -0.00000 0 
50.029 10.423 0.00000 -0.00000 0 
52.595 10.423 0.00000 -0.00000 0 
55.160 10.423 0.00000 -0.00000 0 
57.726 10.423 0.00000 -0.00000 0 
60.292 10.423 0.00000 -0.00000 0 
62.857 10.423 0.00000 -0.00000 0 
65.423 10.423 0.00000 -0.00000 0 
67.988 10.423 -0.82531 -0.36471 2 
70.554 10.423 -3.25009 -1.11253 2 
73.120 10.423 -2.29349 -0.80286 2 
75.685 10.423 -2.27761 -1.59310 2 
78.251 10.423 -3.87166 -0.73392 2 
80.816 10.423 -3.65488 -1.38116 2 
83.382 10.423 -3.53915 -0.71864 2 
85.948 10.423 -3.42342 -0.05611 2 
88.513 10.423 -2.49696 2.00196 2 
91.079 10.423 -3.13156 1.80940 2 
93.644 10.423 -3.76615 1.61683 2 
96.210 10.423 -2.19787 0.72995 2 
98.776 10.423 -0.16858 2.27418 2 
101.341 10.423 -0.28924 4.63518 2 
103.907 10.423 0.91093 4.03352 2 
106.472 10.423 0.32865 -0.76681 2 
109.038 10.423 3.14656 -1.31461 2 
111.603 10.423 0.88817 1.95682 2 
114.169 10.423 1.35310 -0.30138 2 
116.735 10.423 1.41854 0.61133 2 
119.300 10.423 0.79795 2.94928 2 
-8.980 7.857 6.66562 -0.20285 2 
-6.414 7.857 6.46702 -0.35178 2 
-3.848 7.857 6.41234 -0.19267 2 
-1.283 7.857 6.22305 0.02727 2 
1.283 7.857 6.06061 -0.00879 2 
3.848 7.857 6.14745 0.17832 2 
6.414 7.857 3.07373 0.08916 2 
8.980 7.857 0.00000 -0.00000 0 
11.545 7.857 0.00000 -0.00000 0 
14.111 7.857 0.00000 -0.00000 2 
16.676 7.857 1.57507 0.32071 2 
19.242 7.857 2.36261 0.48106 2 
21.808 7.857 0.00000 -0.00000 0 
24.373 7.857 0.00000 -0.00000 0 
26.939 7.857 0.00000 -0.00000 0 
29.504 7.857 0.00000 -0.00000 0 
32.070 7.857 0.00000 -0.00000 0 
34.636 7.857 0.00000 -0.00000 0 
37.201 7.857 0.00000 -0.00000 0 
39.767 7.857 0.00000 -0.00000 0 
42.332 7.857 0.00000 -0.00000 0 
44.898 7.857 0.00000 -0.00000 0 
47.464 7.857 0.00000 -0.00000 0 
50.029 7.857 0.00000 -0.00000 0 
52.595 7.857 0.00000 -0.00000 0 
55.160 7.857 0.00000 -0.00000 0 
57.726 7.857 0.00000 -0.00000 0 
60.292 7.857 -0.22762 -0.11619 2 
62.857 7.857 -0.79123 -0.34805 2 
65.423 7.857 -1.71295 -0.76220 2 
67.988 7.857 -1.65061 -0.72941 2 
70.554 7.857 -2.98919 -1.29530 2 
73.120 7.857 -2.44611 -1.50249 2 
75.685 7.857 -2.56362 -1.46612 2 
78.251 7.857 -3.33227 -0.31462 2 
80.816 7.857 -3.75783 -1.40062 2 
83.382 7.857 -2.33331 0.96830 2 
85.948 7.857 -1.62597 0.60495 2 
88.513 7.857 -1.56658 1.34739 2 
91.079 7.857 -1.27483 1.84861 2 
93.644 7.857 -1.95523 1.10908 2 
96.210 7.857 -2.23465 1.23727 2 
98.776 7.857 0.02517 3.16924 2 
101.341 7.857 -0.05051 4.56009 2 
103.907 7.857 0.80379 3.81746 2 
106.472 7.857 0.98277 -0.10282 2 
109.038 7.857 1.97021 -0.48957 2 
111.603 7.857 1.67468 1.79649 2 
114.169 7.857 2.45862 -0.18240 2 
116.735 7.857 0.41064 1.81729 2 
119.300 7.857 -0.21788 3.94251 2 
-8.980 5.292 6.78489 -0.45527 2 
-6.414 5.292 6.45783 -0.50624 2 
-3.848 5.292 6.32637 -0.46526 2 
-1.283 5.292 6.12056 -0.33639 2 
1.283 5.292 6.06422 -0.23645 2 
3.848 5.292 6.54090 0.12107 2 
6.414 5.292 1.53686 0.04458 2 
8.980 5.292 0.00000 -0.00000 0 
11.545 5.292 0.00000 -0.00000 0 
14.111 5.292 0.00000 -0.00000 0 
16.676 5.292 0.00000 -0.00000 0 
19.242 5.292 0.00000 -0.00000 0 
21.808 5.292 0.00000 -0.00000 0 
24.373 5.292 0.00000 -0.00000 0 
26.939 5.292 0.00000 -0.00000 0 
29.504 5.292 0.00000 -0.00000 0 
32.070 5.292 0.00000 -0.00000 0 
34.636 5.292 0.00000 -0.00000 0 
37.201 5.292 0.00000 -0.00000 0 
39.767 5.292 0.00000 -0.00000 0 
42.332 5.292 0.00000 -0.00000 0 
44.898 5.292 0.00000 -0.00000 0 
47.464 5.292 0.00000 -0.00000 0 
50.029 5.292 0.00000 -0.00000 0 
52.595 5.292 -0.03278 0.10006 2 
55.160 5.292 -0.06555 0.20012 2 
57.726 5.292 0.13272 0.18619 2 
60.292 5.292 -0.45523 -0.23238 2 
62.857 5.292 -1.58247 -0.69611 2 
65.423 5.292 -2.51776 -1.97870 2 
67.988 5.292 -2.32883 -1.26816 2 
70.554 5.292 -2.72830 -1.47807 2 
73.120 5.292 -2.59873 -2.20211 2 
75.685 5.292 -2.84962 -1.33915 2 
78.251 5.292 -2.79287 0.10469 2 
80.816 5.292 -2.73613 1.54852 2 
83.382 5.292 -1.21374 0.61926 2 
85.948 5.292 0.17148 1.26602 2 
88.513 5.292 -0.66533 1.33640 2 
91.079 5.292 0.44199 1.70666 2 
93.644 5.292 0.68878 1.19447 2 
96.210 5.292 1.84404 2.44043 2 
98.776 5.292 0.09856 2.84563 2 
101.341 5.292 1.61156 3.27618 2 
103.907 5.292 0.69665 3.60139 2 
106.472 5.292 0.38776 1.96057 2 
109.038 5.292 1.43508 3.64011 2 
111.603 5.292 2.46118 1.63616 2 
114.169 5.292 1.00359 1.06181 2 
116.735 5.292 -0.59726 3.02324 2 
119.300 5.292 -0.40728 2.90621 2 
-8.980 2.726 6.52397 -0.62016 2 
-6.414 2.726 6.52610 -0.49918 2 
-3.848 2.726 6.21104 -0.62419 2 
-1.283 2.726 6.08314 -0.56095 2 
1.283 2.726 6.00399 -0.65296 2 
3.848 2.726 3.27045 0.06053 2 
6.414 2.726 0.00000 -0.00000 0 
8.980 2.726 0.00000 -0.00000 0 
11.545 2.726 0.00000 -0.00000 0 
14.111 2.726 0.00000 -0.00000 0 
16.676 2.726 0.00000 -0.00000 0 
19.242 2.726 0.00000 -0.00000 0 
21.808 2.726 0.00000 -0.00000 0 
24.373 2.726 0.00000 -0.00000 0 
26.939 2.726 0.00000 -0.00000 0 
29.504 2.726 0.00000 -0.00000 0 
32.070 2.726 0.00000 -0.00000 0 
34.636 2.726 0.00000 -0.00000 0 
37.201 2.726 0.00000 -0.00000 0 
39.767 2.726 0.00000 -0.00000 0 
42.332 2.726 0.00000 -0.00000 0 
44.898 2.726 0.00000 -0.00000 0 
47.464 2.726 -0.31798 0.01043 2 
50.029 2.726 -0.07100 -0.11416 2 
52.595 2.726 0.16176 0.02197 2 
55.160 2.726 0.39451 0.15810 2 
57.726 2.726 -1.29788 -0.93640 2 
60.292 2.726 -1.10804 -1.68997 2 
62.857 2.726 -2.06154 -1.60604 2 
65.423 2.726 -2.27720 -1.60746 2 
67.988 2.726 -3.00705 -1.80691 2 
70.554 2.726 -2.88197 -1.58389 2 
73.120 2.726 -2.04332 -1.84206 2 
75.685 2.726 -2.06789 -0.88474 2 
78.251 2.726 -2.20331 -0.69145 2 
80.816 2.726 -2.50888 1.21941 2 
83.382 2.726 -0.09417 0.27022 2 
85.948 2.726 -0.22536 1.59561 2 
88.513 2.726 -0.16643 1.96979 2 
91.079 2.726 0.87555 2.06821 2 
93.644 2.726 0.33735 1.52152 2 
96.210 2.726 1.42363 1.75330 2 
98.776 2.726 0.17196 2.52203 2 
101.341 2.726 0.25325 4.25718 2 
103.907 2.726 0.49544 4.26680 2 
106.472 2.726 -0.20725 4.02395 2 
109.038 2.726 0.24436 2.49696 2 
111.603 2.726 1.09732 1.68903 2 
114.169 2.726 -0.45143 2.30602 2 
116.735 2.726 -0.91150 2.94158 2 
119.300 2.726 -0.82197 3.47719 2 
-8.980 0.160 6.64024 -0.78192 2 
-6.414 0.160 6.68670 -0.57143 2 
-3.848 0.160 6.29755 -0.82638 2 
-1.283 0.160 6.19011 -0.89106 2 
1.283 0.160 6.79617 -0.96240 2 
3.848 0.160 0.00000 -0.00000 0 
6.414 0.160 0.00000 -0.00000 0 
8.980 0.160 0.00000 -0.00000 0 
11.545 0.160 0.00000 -0.00000 0 
14.111 0.160 0.00000 -0.00000 0 
16.676 0.160 0.00000 -0.00000 0 
19.242 0.160 0.00000 -0.00000 0 
21.808 0.160 0.00000 -0.00000 0 
24.373 0.160 0.00000 -0.00000 0 
26.939 0.160 0.00000 -0.00000 0 
29.504 0.160 0.00000 -0.00000 0 
32.070 0.160 0.00000 -0.00000 0 
34.636 0.160 0.00000 -0.00000 0 
37.201 0.160 0.00000 -0.00000 0 
39.767 0.160 -0.22513 -0.11983 2 
42.332 0.160 -0.24047 -0.26745 2 
44.898 0.160 -0.62699 -0.21880 2 
47.464 0.160 -0.63596 0.02085 2 
50.029 0.160 -0.44550 -0.22434 2 
52.595 0.160 -1.53330 -0.19675 2 
55.160 0.160 -1.17763 -1.37000 2 
57.726 0.160 -1.36877 -1.66542 2 
60.292 0.160 -1.59290 -1.64333 2 
62.857 0.160 -1.42275 -1.86475 2 
65.423 0.160 -1.31119 -1.79144 2 
67.988 0.160 -2.08363 -1.94408 2 
70.554 0.160 -2.85607 -2.09672 2 
73.120 0.160 -1.48791 -1.48201 2 
75.685 0.160 -1.12272 -1.08855 2 
78.251 0.160 -0.67390 -0.48304 2 
80.816 0.160 -1.09749 0.11283 2 
83.382 0.160 0.25364 0.12945 2 
85.948 0.160 0.61157 0.97547 2 
88.513 0.160 -0.25191 1.90597 2 
91.079 0.160 -0.87887 1.65616 2 
93.644 0.160 -0.92799 2.24732 2 
96.210 0.160 0.35180 1.62582 2 
98.776 0.160 1.14885 3.39133 2 
101.341 0.160 1.39452 3.79193 2 
103.907 0.160 1.01819 4.21620 2 
106.472 0.160 1.73563 3.48916 2 
109.038 0.160 0.58264 2.25063 2 
111.603 0.160 -0.26653 1.74191 2 
114.169 0.160 -1.11290 2.52046 2 
116.735 0.160 -1.22574 2.85992 2 
119.300 0.160 -0.37645 2.44893 2 
-8.980 -2.405 6.91900 -0.84989 2 
-6.414 -2.405 6.53890 -0.81938 2 
-3.848 -2.405 6.43452 -0.94098 2 
-1.283 -2.405 6.41179 -0.80167 2 
1.283 -2.405 0.00000 -0.00000 0 
3.848 -2.405 0.00000 -0.00000 0 
6.414 -2.405 0.00000 -0.00000 0 
8.980 -2.405 0.00000 -0.00000 0 
11.545 -2.405 0.00000 -0.00000 0 
14.111 -2.405 0.00000 -0.00000 0 
16.676 -2.405 0.00000 -0.00000 0 
19.242 -2.405 0.00000 -0.00000 0 
21.808 -2.405 0.00000 -0.00000 0 
24.373 -2.405 0.00000 -0.00000 0 
26.939 -2.405 0.00000 -0.00000 0 
29.504 -2.405 0.00000 -0.00000 0 
32.070 -2.405 -0.17757 -0.11367 2 
34.636 -2.405 -0.35514 -0.22733 2 
37.201 -2.405 -0.24734 -0.17982 2 
39.767 -2.405 -1.02083 -0.23952 2 
42.332 -2.405 -1.06293 -0.33692 2 
44.898 -2.405 -1.38952 -0.43757 2 
47.464 -2.405 -0.95476 -0.60160 2 
50.029 -2.405 -0.89344 -1.03997 2 
52.595 -2.405 -1.13863 -0.94867 2 
55.160 -2.405 -1.53582 -0.79471 2 
57.726 -2.405 -2.08153 -1.85079 2 
60.292 -2.405 -1.28933 -2.08903 2 
62.857 -2.405 -1.75817 -1.86074 2 
65.423 -2.405 -1.96083 -2.29181 2 
67.988 -2.405 -0.98825 -1.46184 2 
70.554 -2.405 -0.01568 -0.63187 2 
73.120 -2.405 -1.27549 -1.26097 2 
75.685 -2.405 -0.79764 -0.78952 2 
78.251 -2.405 -0.54018 -0.54527 2 
80.816 -2.405 -0.62180 -0.14587 2 
83.382 -2.405 0.60146 -0.01133 2 
85.948 -2.405 1.44851 0.35534 2 
88.513 -2.405 -0.33647 0.80651 2 
91.079 -2.405 0.43200 1.59771 2 
93.644 -2.405 0.37667 1.83254 2 
96.210 -2.405 0.25647 1.83077 2 
98.776 -2.405 2.12141 3.14936 2 
101.341 -2.405 2.08843 2.29395 2 
103.907 -2.405 1.82659 2.47246 2 
106.472 -2.405 1.71219 3.56373 2 
109.038 -2.405 -0.68369 2.29276 2 
111.603 -2.405 -1.22903 2.51383 2 
114.169 -2.405 -1.77438 2.73491 2 
116.735 -2.405 -0.85266 2.07779 2 
119.300 -2.405 0.06906 1.42067 2 
-8.980 -4.971 6.80140 -0.85592 2 
-6.414 -4.971 6.71078 -0.87187 2 
-3.848 -4.971 6.59509 -0.96595 2 
-1.283 -4.971 6.58655 -1.37555 2 
1.283 -4.971 0.00000 -0.00000 0 
3.848 -4.971 0.00000 -0.00000 0 
6.414 -4.971 0.00000 -0.00000 0 
8.980 -4.971 0.00000 -0.00000 0 
11.545 -4.971 0.00000 -0.00000 0 
14.111 -4.971 0.00000 -0.00000 0 
16.676 -4.971 0.00000 -0.00000 0 
19.242 -4.971 0.00000 -0.00000 0 
21.808 -4.971 0.00000 -0.00000 0 
24.373 -4.971 -0.39039 0.04826 2 
26.939 -4.971 -0.40106 -0.14347 2 
29.504 -4.971 -0.41173 -0.33520 2 
32.070 -4.971 -0.96817 -0.14106 2 
34.636 -4.971 -1.03785 -0.33287 2 
37.201 -4.971 -0.49469 -0.35963 2 
39.767 -4.971 -0.94276 -0.10077 2 
42.332 -4.971 -1.39084 0.15809 2 
44.898 -4.971 -1.18703 -0.46222 2 
47.464 -4.971 -0.96855 -0.56265 2 
50.029 -4.971 -1.33730 -0.94146 2 
52.595 -4.971 -0.66366 -0.82747 2 
55.160 -4.971 -0.85970 -1.09920 2 
57.726 -4.971 -1.63556 -2.28218 2 
60.292 -4.971 -0.98575 -2.53473 2 
62.857 -4.971 -0.13522 -2.62219 2 
65.423 -4.971 -0.55999 -1.37667 2 
67.988 -4.971 0.68201 -0.81841 2 
70.554 -4.971 0.43948 0.30879 2 
73.120 -4.971 -0.05867 -0.85074 2 
75.685 -4.971 -0.29134 -0.87469 2 
78.251 -4.971 0.16630 0.26164 2 
80.816 -4.971 -0.14612 -0.40458 2 
83.382 -4.971 2.36602 0.34819 2 
85.948 -4.971 0.37753 0.98160 2 
88.513 -4.971 1.82780 1.18666 2 
91.079 -4.971 1.82321 2.64678 2 
93.644 -4.971 2.32740 1.24889 2 
96.210 -4.971 3.46436 2.53968 2 
98.776 -4.971 2.80492 2.76759 2 
101.341 -4.971 2.00173 1.89427 2 
103.907 -4.971 2.35757 2.14341 2 
106.472 -4.971 3.42570 2.76802 2 
109.038 -4.971 2.05254 2.84368 2 
111.603 -4.971 1.05228 3.13701 2 
114.169 -4.971 0.86680 2.42969 2 
116.735 -4.971 -0.23701 1.73648 2 
119.300 -4.971 -0.14776 1.05318 2 
-8.980 -7.536 6.90761 -0.76518 2 
-6.414 -7.536 6.92264 -1.06303 2 
-3.848 -7.536 6.64007 -1.18367 2 
-1.283 -7.536 6.65132 -1.36741 2 
1.283 -7.536 6.81659 -1.47798 2 
3.848 -7.536 0.00000 -0.00000 0 
6.414 -7.536 3.50386 -1.38837 2 
8.980 -7.536 3.81979 -1.71347 2 
11.545 -7.536 2.69569 -0.95988 2 
14.111 -7.536 2.85059 -0.94168 2 
16.676 -7.536 -1.49480 0.63998 2 
19.242 -7.536 -1.32924 -0.30822 2 
21.808 -7.536 -1.38339 -0.45206 2 
24.373 -7.536 -0.41177 -0.74838 2 
26.939 -7.536 -0.61761 -0.70939 2 
29.504 -7.536 -0.82345 -0.67040 2 
32.070 -7.536 -2.13765 0.13936 2 
34.636 -7.536 -1.72056 -0.43840 2 
37.201 -7.536 -0.01066 -0.57715 2 
39.767 -7.536 0.10284 -0.08788 2 
42.332 -7.536 0.21635 0.40140 2 
44.898 -7.536 -0.42314 -0.95968 2 
47.464 -7.536 -1.63568 -0.20687 2 
50.029 -7.536 -0.41170 0.17011 2 
52.595 -7.536 -0.35605 -1.00170 2 
55.160 -7.536 -0.47869 -0.09945 2 
57.726 -7.536 0.07383 -1.94476 2 
60.292 -7.536 0.49316 -1.65511 2 
62.857 -7.536 0.51960 -2.19544 2 
65.423 -7.536 1.23853 -2.51585 2 
67.988 -7.536 2.35228 -0.17497 2 
70.554 -7.536 1.56897 -0.00809 2 
73.120 -7.536 0.64334 -0.83703 2 
75.685 -7.536 2.39354 0.81442 2 
78.251 -7.536 2.15479 0.10846 2 
80.816 -7.536 2.35673 0.38570 2 
83.382 -7.536 4.13057 0.70771 2 
85.948 -7.536 1.27007 1.35912 2 
88.513 -7.536 2.03863 2.03823 2 
91.079 -7.536 3.26328 2.59530 2 
93.644 -7.536 2.82210 2.32825 2 
96.210 -7.536 1.22752 1.89816 2 
98.776 -7.536 3.53659 2.25110 2 
101.341 -7.536 3.37338 2.54509 2 
103.907 -7.536 3.56868 2.82469 2 
106.472 -7.536 5.27959 3.46771 2 
109.038 -7.536 4.78877 3.39460 2 
111.603 -7.536 4.61180 2.81768 2 
114.169 -7.536 2.70228 1.93571 2 
116.735 -7.536 0.79275 1.05374 2 
119.300 -7.536 -0.36458 0.68569 2 
-8.980 -10.102 7.17072 -1.04451 2 
-6.414 -10.102 6.94679 -1.11626 2 
-3.848 -10.102 6.91010 -1.13217 2 
-1.283 -10.102 6.91564 -1.49121 2 
1.283 -10.102 6.74636 -1.97195 2 
3.848 -10.102 6.81632 -2.34088 2 
6.414 -10.102 7.00772 -2.77674 2 
8.980 -10.102 7.63957 -3.42694 2 
11.545 -10.102 5.39138 -1.91975 2 
14.111 -10.102 5.70118 -1.88336 2 
16.676 -10.102 9.30996 -2.87584 2 
19.242 -10.102 9.79521 -2.86456 2 
21.808 -10.102 8.49668 -2.87108 2 
24.373 -10.102 0.66558 0.42182 2 
26.939 -10.102 3.38499 -1.61161 2 
29.504 -10.102 1.97139 0.23241 2 
32.070 -10.102 3.52080 -0.27366 2 
34.636 -10.102 2.12311 -0.34720 2 
37.201 -10.102 3.30791 -0.60489 2 
39.767 -10.102 3.17401 -0.05640 2 
42.332 -10.102 3.28751 0.43288 2 
44.898 -10.102 1.34848 -0.47964 2 
47.464 -10.102 1.84199 -0.66925 2 
50.029 -10.102 0.72255 0.08847 2 
52.595 -10.102 0.84737 -1.05024 2 
55.160 -10.102 1.49050 0.07569 2 
57.726 -10.102 -0.02575 -0.85689 2 
60.292 -10.102 1.00924 -1.38471 2 
62.857 -10.102 1.66571 -1.86685 2 
65.423 -10.102 2.46059 -0.93515 2 
67.988 -10.102 3.72655 -0.53329 2 
70.554 -10.102 2.69846 -0.32497 2 
73.120 -10.102 2.98110 -0.36355 2 
75.685 -10.102 3.45738 0.17436 2 
78.251 -10.102 4.13203 0.58469 2 
80.816 -10.102 4.85958 1.17597 2 
83.382 -10.102 4.09527 2.62935 2 
85.948 -10.102 3.21343 2.37106 2 
88.513 -10.102 4.35596 2.16560 2 
91.079 -10.102 3.83318 2.25391 2 
93.644 -10.102 3.68848 2.16404 2 
96.210 -10.102 2.81884 1.90407 2 
98.776 -10.102 4.26826 1.73460 2 
101.341 -10.102 4.97459 3.36281 2 
103.907 -10.102 6.04628 3.84041 2 
106.472 -10.102 5.75390 3.40772 2 
109.038 -10.102 5.34270 2.41603 2 
111.603 -10.102 4.83548 2.02047 2 
114.169 -10.102 3.15297 2.89819 2 
116.735 -10.102 2.29634 1.85198 2 
119.300 -10.102 -0.25051 0.91186 2 
-8.980 -12.668 7.06820 -0.98146 2 
-6.414 -12.668 7.10719 -1.18446 2 
-3.848 -12.668 7.05502 -1.42906 2 
-1.283 -12.668 7.11271 -1.42904 2 
1.283 -12.668 7.11026 -1.87507 2 
3.848 -12.668 7.20809 -2.11041 2 
6.414 -12.668 7.36664 -2.42583 2 
8.980 -12.668 7.62127 -2.67856 2 
11.545 -12.668 8.08706 -2.87963 2 
14.111 -12.668 8.55177 -2.82503 2 
16.676 -12.668 9.01686 -2.70043 2 
19.242 -12.668 9.48822 -2.44786 2 
21.808 -12.668 9.51046 -1.88636 2 
24.373 -12.668 8.73057 -1.91714 2 
26.939 -12.668 8.42452 -2.28333 2 
29.504 -12.668 5.86802 -0.28697 2 
32.070 -12.668 9.17925 -0.68668 2 
34.636 -12.668 5.96679 -0.25600 2 
37.201 -12.668 6.62647 -0.63262 2 
39.767 -12.668 6.40237 -0.17978 2 
42.332 -12.668 4.76123 -0.08969 2 
44.898 -12.668 3.12010 0.00040 2 
47.464 -12.668 5.31965 -1.13162 2 
50.029 -12.668 3.46021 -0.51695 2 
52.595 -12.668 2.67164 0.06837 2 
55.160 -12.668 4.70479 -0.52957 2 
57.726 -12.668 2.81461 -0.04977 2 
60.292 -12.668 4.23170 -0.48418 2 
62.857 -12.668 3.39180 -0.83875 2 
65.423 -12.668 3.38971 -1.31097 2 
67.988 -12.668 1.65790 -1.36683 2 
70.554 -12.668 1.57573 -0.02085 2 
73.120 -12.668 1.95981 -1.03722 2 
75.685 -12.668 4.14600 -0.18608 2 
78.251 -12.668 5.77901 1.42889 2 
80.816 -12.668 6.41039 0.42005 2 
83.382 -12.668 6.84066 1.34804 2 
85.948 -12.668 6.06909 2.17722 2 
88.513 -12.668 6.67329 2.29296 2 
91.079 -12.668 6.00068 1.33396 2 
93.644 -12.668 5.20542 1.62196 2 
96.210 -12.668 4.41016 1.90997 2 
98.776 -12.668 6.49725 3.47931 2 
101.341 -12.668 7.39386 3.73023 2 
103.907 -12.668 7.29235 3.59569 2 
106.472 -12.668 6.49271 2.83118 2 
109.038 -12.668 6.14399 2.26829 2 
111.603 -12.668 5.64823 1.83115 2 
114.169 -12.668 6.07955 0.91396 2 
116.735 -12.668 1.78722 2.05469 2 
119.300 -12.668 -0.13643 1.13803 2 
-8.980 -15.233 7.01236 -1.08787 2 
-6.414 -15.233 7.21499 -1.07104 2 
-3.848 -15.233 7.27337 -1.35528 2 
-1.283 -15.233 7.28275 -1.53970 2 
1.283 -15.233 7.31233 -1.80795 2 
3.848 -15.233 7.40093 -2.06130 2 
6.414 -15.233 7.49613 -2.20965 2 
8.980 -15.233 7.97130 -2.37697 2 
11.545 -15.233 8.25479 -2.49382 2 
14.111 -15.233 8.66732 -2.33357 2 
16.676 -15.233 8.83003 -2.33292 2 
19.242 -15.233 9.10867 -2.04453 2 
21.808 -15.233 9.21900 -2.07990 2 
24.373 -15.233 9.25154 -2.22586 2 
26.939 -15.233 9.62282 -2.04364 2 
29.504 -15.233 9.76465 -0.80635 2 
32.070 -15.233 9.73434 -0.91161 2 
34.636 -15.233 10.08141 -0.90827 2 
37.201 -15.233 9.94504 -0.66036 2 
39.767 -15.233 9.63074 -0.30315 2 
42.332 -15.233 9.30114 -0.47663 2 
44.898 -15.233 8.97153 -0.65012 2 
47.464 -15.233 7.73935 -1.15051 2 
50.029 -15.233 6.19786 -1.12238 2 
52.595 -15.233 4.75464 -0.71203 2 
55.160 -15.233 3.31141 -0.30167 2 
57.726 -15.233 4.82655 -1.29138 2 
60.292 -15.233 3.20697 -0.56912 2 
62.857 -15.233 4.83347 -1.60246 2 
65.423 -15.233 3.74054 -0.20744 2 
67.988 -15.233 4.31785 -1.40673 2 
70.554 -15.233 4.33541 0.13561 2 
73.120 -15.233 5.57308 -1.12171 2 
75.685 -15.233 4.83462 -0.54653 2 
78.251 -15.233 8.44916 0.97185 2 
80.816 -15.233 7.90596 0.88446 2 
83.382 -15.233 9.15899 0.87757 2 
85.948 -15.233 8.65241 1.74254 2 
88.513 -15.233 8.68164 2.60498 2 
91.079 -15.233 8.49425 1.92538 2 
93.644 -15.233 7.03394 1.57909 2 
96.210 -15.233 7.11814 1.89245 2 
98.776 -15.233 7.80039 2.98447 2 
101.341 -15.233 8.50056 3.44015 2 
103.907 -15.233 7.61107 3.09810 2 
106.472 -15.233 7.05702 2.66469 2 
109.038 -15.233 6.43745 2.10546 2 
111.603 -15.233 6.17306 1.64640 2 
114.169 -15.233 6.06170 1.15224 2 
116.735 -15.233 5.85340 1.38763 2 
119.300 -15.233 -0.02236 1.36420 2 
-8.980 -17.799 7.51583 -1.05009 2 
-6.414 -17.799 7.29083 -1.16900 2 
-3.848 -17.799 7.27340 -1.19654 2 
-1.283 -17.799 7.41263 -1.42139 2 
1.283 -17.799 7.49050 -1.60080 2 
3.848 -17.799 7.48975 -1.89343 2 
6.414 -17.799 7.67495 -2.08268 2 
8.980 -17.799 7.90119 -2.29027 2 
11.545 -17.799 8.31203 -2.11432 2 
14.111 -17.799 8.62689 -2.28105 2 
16.676 -17.799 8.69879 -2.19803 2 
19.242 -17.799 9.00705 -2.07698 2 
21.808 -17.799 9.00912 -1.92691 2 
24.373 -17.799 9.11031 -1.87854 2 
26.939 -17.799 9.70469 -1.65315 2 
29.504 -17.799 9.64001 -1.32905 2 
32.070 -17.799 9.49782 -1.08990 2 
34.636 -17.799 9.55046 -0.89519 2 
37.201 -17.799 9.60460 -0.96979 2 
39.767 -17.799 9.44254 -0.51308 2 
42.332 -17.799 9.26806 -0.62971 2 
44.898 -17.799 9.08525 -0.78535 2 
47.464 -17.799 8.79179 -0.88261 2 
50.029 -17.799 7.65604 -1.17427 2 
52.595 -17.799 7.52145 -0.76215 2 
55.160 -17.799 6.70304 -0.52039 2 
57.726 -17.799 7.83517 -1.14003 2 
60.292 -17.799 6.32703 -0.52297 2 
62.857 -17.799 7.94776 -0.83320 2 
65.423 -17.799 6.25921 -0.37675 2 
67.988 -17.799 6.97780 -1.44664 2 
70.554 -17.799 7.55172 -0.05023 2 
73.120 -17.799 9.04283 1.04091 2 
75.685 -17.799 9.26554 0.74925 2 
78.251 -17.799 11.11932 0.51481 2 
80.816 -17.799 10.86745 1.55251 2 
83.382 -17.799 10.68948 1.39117 2 
85.948 -17.799 10.59192 1.68118 2 
88.513 -17.799 9.34855 2.35379 2 
91.079 -17.799 9.18127 2.34051 2 
93.644 -17.799 9.42820 1.72709 2 
96.210 -17.799 9.82612 1.87493 2 
98.776 -17.799 9.10353 2.48963 2 
101.341 -17.799 8.51931 2.84724 2 
103.907 -17.799 7.82697 2.33854 2 
106.472 -17.799 7.55450 2.24995 2 
109.038 -17.799 7.14676 1.88854 2 
111.603 -17.799 6.67257 1.38105 2 
114.169 -17.799 6.32279 0.82631 2 
116.735 -17.799 6.58347 0.58463 2 
119.300 -17.799 0.00000 -0.00000 0 
-8.980 -20.364 7.50428 -1.07134 2 
-6.414 -20.364 7.31289 -1.13889 2 
-3.848 -20.364 7.54601 -1.26671 2 
-1.283 -20.364 7.46774 -1.42518 2 
1.283 -20.364 7.50257 -1.47080 2 
3.848 -20.364 7.82243 -1.67492 2 
6.414 -20.364 7.85743 -1.75259 2 
8.980 -20.364 8.10843 -1.95950 2 
11.545 -20.364 8.38043 -1.96383 2 
14.111 -20.364 8.64833 -1.93397 2 
16.676 -20.364 8.75376 -1.82485 2 
19.242 -20.364 8.88536 -1.77059 2 
21.808 -20.364 8.92394 -1.67807 2 
24.373 -20.364 9.16793 -1.61046 2 
26.939 -20.364 9.09763 -1.50174 2 
29.504 -20.364 9.36557 -1.26874 2 
32.070 -20.364 9.40534 -1.05800 2 
34.636 -20.364 9.37125 -1.07057 2 
37.201 -20.364 9.47757 -0.77385 2 
39.767 -20.364 9.33499 -0.79583 2 
42.332 -20.364 9.11564 -0.75039 2 
44.898 -20.364 9.17667 -0.84554 2 
47.464 -20.364 9.09822 -1.05296 2 
50.029 -20.364 8.59207 -1.03960 2 
52.595 -20.364 8.63487 -0.86162 2 
55.160 -20.364 10.09466 -0.73911 2 
57.726 -20.364 8.80805 -0.87959 2 
60.292 -20.364 9.44709 -0.47683 2 
62.857 -20.364 9.17510 -0.84116 2 
65.423 -20.364 8.00099 -0.54322 2 
67.988 -20.364 10.34775 -0.99199 2 
70.554 -20.364 10.76802 -0.23607 2 
73.120 -20.364 10.18908 0.04051 2 
75.685 -20.364 10.55552 0.39166 2 
78.251 -20.364 10.91999 0.41250 2 
80.816 -20.364 10.77302 1.01751 2 
83.382 -20.364 10.38433 1.82400 2 
85.948 -20.364 10.38371 1.79489 2 
88.513 -20.364 10.01546 2.10261 2 
91.079 -20.364 9.51831 1.97860 2 
93.644 -20.364 9.43574 1.90180 2 
96.210 -20.364 8.94835 2.03824 2 
98.776 -20.364 8.92305 2.35742 2 
101.341 -20.364 8.43959 2.25358 2 
103.907 -20.364 8.18384 2.04114 2 
106.472 -20.364 7.66290 1.91011 2 
109.038 -20.364 7.44365 1.78182 2 
111.603 -20.364 7.11804 1.28295 2 
114.169 -20.364 7.02689 0.92443 2 
116.735 -20.364 7.28661 0.29683 2 
119.300 -20.364 0.00000 -0.00000 0 
-8.980 -22.930 7.49128 -0.91919 2 
-6.414 -22.930 7.54492 -1.03532 2 
-3.848 -22.930 7.37536 -1.30215 2 
-1.283 -22.930 7.78526 -1.19057 2 
1.283 -22.930 7.65687 -1.45877 2 
3.848 -22.930 7.74166 -1.46845 2 
6.414 -22.930 7.96910 -1.60507 2 
8.980 -22.930 8.17826 -1.74646 2 
11.545 -22.930 8.38284 -1.68468 2 
14.111 -22.930 8.45575 -1.81566 2 
16.676 -22.930 8.66070 -1.77880 2 
19.242 -22.930 8.76769 -1.67832 2 
21.808 -22.930 8.84885 -1.62243 2 
24.373 -22.930 8.91311 -1.46963 2 
26.939 -22.930 9.23553 -1.24687 2 
29.504 -22.930 9.22409 -1.16292 2 
32.070 -22.930 9.29537 -1.07548 2 
34.636 -22.930 9.26003 -1.01810 2 
37.201 -22.930 9.34463 -0.74310 2 
39.767 -22.930 9.27177 -0.94716 2 
42.332 -22.930 9.29175 -0.94498 2 
44.898 -22.930 9.21332 -0.85495 2 
47.464 -22.930 9.19519 -0.78432 2 
50.029 -22.930 9.52810 -0.90494 2 
52.595 -22.930 9.74829 -0.96108 2 
55.160 -22.930 9.68618 -0.53819 2 
57.726 -22.930 9.78093 -0.61916 2 
60.292 -22.930 9.41011 -0.58358 2 
62.857 -22.930 9.77049 -0.49703 2 
65.423 -22.930 9.74277 -0.70970 2 
67.988 -22.930 10.04184 -0.53649 2 
70.554 -22.930 10.01137 -0.52709 2 
73.120 -22.930 10.30309 -0.49983 2 
75.685 -22.930 10.35575 0.08412 2 
78.251 -22.930 10.66159 0.34671 2 
80.816 -22.930 10.60276 0.95027 2 
83.382 -22.930 10.42009 1.03775 2 
85.948 -22.930 10.09224 1.55118 2 
88.513 -22.930 9.76076 1.56210 2 
91.079 -22.930 9.58523 1.70080 2 
93.644 -22.930 9.13232 1.71199 2 
96.210 -22.930 9.07489 1.90793 2 
98.776 -22.930 8.85709 1.95518 2 
101.341 -22.930 8.58299 1.88155 2 
103.907 -22.930 8.21201 1.78659 2 
106.472 -22.930 7.84197 1.74085 2 
109.038 -22.930 7.62993 1.27104 2 
111.603 -22.930 7.51192 1.05896 2 
114.169 -22.930 7.28381 0.78386 2 
116.735 -22.930 7.68693 0.60536 2 
119.300 -22.930 0.00000 -0.00000 0 
-8.980 -25.496 7.50742 -0.99701 2 
-6.414 -25.496 7.53876 -1.23062 2 
-3.848 -25.496 7.72887 -1.18495 2 
-1.283 -25.496 7.59009 -1.21831 2 
1.283 -25.496 7.74078 -1.34208 2 
3.848 -25.496 7.82473 -1.44834 2 
6.414 -25.496 8.10637 -1.51941 2 
8.980 -25.496 8.08708 -1.45264 2 
11.545 -25.496 8.31192 -1.55318 2 
14.111 -25.496 8.56872 -1.59833 2 
16.676 -25.496 8.66446 -1.46117 2 
19.242 -25.496 8.74903 -1.50861 2 
21.808 -25.496 8.76938 -1.45338 2 
24.373 -25.496 9.03382 -1.38549 2 
26.939 -25.496 8.95405 -1.19129 2 
29.504 -25.496 9.17155 -0.92016 2 
32.070 -25.496 9.09779 -1.11595 2 
34.636 -25.496 9.19813 -0.78290 2 
37.201 -25.496 9.27069 -1.03027 2 
39.767 -25.496 9.25608 -0.78913 2 
42.332 -25.496 9.18665 -0.97549 2 
44.898 -25.496 9.20151 -0.62243 2 
47.464 -25.496 9.28873 -0.86755 2 
50.029 -25.496 9.40904 -0.75686 2 
52.595 -25.496 9.32201 -0.85307 2 
55.160 -25.496 9.42750 -0.72508 2 
57.726 -25.496 9.41352 -0.63453 2 
60.292 -25.496 9.58853 -0.53629 2 
62.857 -25.496 9.55764 -0.66312 2 
65.423 -25.496 9.85652 -0.42285 2 
67.988 -25.496 9.88248 -0.33830 2 
70.554 -25.496 10.01312 -0.26317 2 
73.120 -25.496 10.10742 -0.12784 2 
75.685 -25.496 10.19640 0.14148 2 
78.251 -25.496 10.23981 0.48284 2 
80.816 -25.496 10.22785 0.67150 2 
83.382 -25.496 10.20882 1.02702 2 
85.948 -25.496 9.76985 1.06666 2 
88.513 -25.496 9.66196 1.47303 2 
91.079 -25.496 9.25158 1.63230 2 
93.644 -25.496 9.21173 1.42397 2 
96.210 -25.496 9.08803 1.62714 2 
98.776 -25.496 8.77438 1.55953 2 
101.341 -25.496 8.56821 1.60952 2 
103.907 -25.496 8.30307 1.50085 2 
106.472 -25.496 8.19447 1.39833 2 
109.038 -25.496 7.90513 1.20080 2 
111.603 -25.496 7.71467 1.01611 2 
114.169 -25.496 7.73544 0.63983 2 
116.735 -25.496 7.84118 0.60395 2 
119.300 -25.496 0.00000 -0.00000 0 
-8.980 -28.061 7.74381 -1.04139 2 
-6.414 -28.061 7.70484 -0.80810 2 
-3.848 -28.061 7.62442 -1.13637 2 
-1.283 -28.061 7.84434 -1.12992 2 
1.283 -28.061 7.67627 -1.17452 2 
3.848 -28.061 8.07832 -1.30104 2 
6.414 -28.061 8.04964 -1.33819 2 
8.980 -28.061 8.28974 -1.43237 2 
11.545 -28.061 8.32689 -1.48962 2 
14.111 -28.061 8.52415 -1.31862 2 
16.676 -28.061 8.71089 -1.40258 2 
19.242 -28.061 8.61053 -1.34642 2 
21.808 -28.061 8.90514 -1.34360 2 
24.373 -28.061 8.91151 -1.21883 2 
26.939 -28.061 8.97798 -1.04667 2 
29.504 -28.061 8.88403 -1.28362 2 
32.070 -28.061 9.01695 -0.87904 2 
34.636 -28.061 9.02252 -0.97928 2 
37.201 -28.061 9.08424 -0.84161 2 
39.767 -28.061 9.09033 -0.75377 2 
42.332 -28.061 9.17209 -0.81503 2 
44.898 -28.061 9.24282 -0.78307 2 
47.464 -28.061 9.25781 -0.71997 2 
50.029 -28.061 9.33421 -0.58712 2 
52.595 -28.061 9.32674 -0.71434 2 
55.160 -28.061 9.44386 -0.58070 2 
57.726 -28.061 9.41834 -0.53540 2 
60.292 -28.061 9.50635 -0.50119 2 
62.857 -28.061 9.47080 -0.39009 2 
65.423 -28.061 9.81046 -0.55878 2 
67.988 -28.061 9.49539 -0.27940 2 
70.554 -28.061 9.82622 -0.14734 2 
73.120 -28.061 9.96612 0.13009 2 
75.685 -28.061 9.96551 0.18324 2 
78.251 -28.061 9.94882 0.42291 2 
80.816 -28.061 9.96797 0.79595 2 
83.382 -28.061 9.71525 0.61280 2 
85.948 -28.061 9.85222 0.98818 2 
88.513 -28.061 9.43395 1.15747 2 
91.079 -28.061 9.32643 1.22939 2 
93.644 -28.061 9.13201 1.18116 2 
96.210 -28.061 9.01466 1.52176 2 
98.776 -28.061 8.82088 1.47419 2 
101.341 -28.061 8.70300 1.31721 2 
103.907 -28.061 8.40080 1.35246 2 
106.472 -28.061 8.31679 1.24197 2 
109.038 -28.061 8.15626 1.11282 2 
111.603 -28.061 7.95124 1.06228 2 
114.169 -28.061 7.64692 0.74652 2 
116.735 -28.061 8.35119 0.57521 2 
119.300 -28.061 0.00000 -0.00000 0 
-8.980 -30.627 7.66029 -0.84679 2 
-6.414 -30.627 7.54540 -1.01205 2 
-3.848 -30.627 7.70485 -0.98245 2 
-1.283 -30.627 7.97118 -1.05610 2 
1.283 -30.627 7.87724 -1.13067 2 
3.848 -30.627 8.01709 -1.16720 2 
6.414 -30.627 8.08354 -1.34314 2 
8.980 -30.627 8.23649 -1.15456 2 
11.545 -30.627 8.40224 -1.31674 2 
14.111 -30.627 8.55243 -1.25338 2 
16.676 -30.627 8.62549 -1.15886 2 
19.242 -30.627 8.67444 -1.22034 2 
21.808 -30.627 8.73070 -1.04400 2 
24.373 -30.627 8.88332 -1.21642 2 
26.939 -30.627 8.88264 -1.05188 2 
29.504 -30.627 8.95441 -1.03078 2 
32.070 -30.627 8.99515 -0.93868 2 
34.636 -30.627 9.05345 -0.89745 2 
37.201 -30.627 9.07750 -0.81644 2 
39.767 -30.627 9.23332 -0.69986 2 
42.332 -30.627 9.04634 -0.79675 2 
44.898 -30.627 9.22845 -0.70756 2 
47.464 -30.627 9.27490 -0.81438 2 
50.029 -30.627 9.21255 -0.73693 2 
52.595 -30.627 9.20828 -0.64596 2 
55.160 -30.627 9.26860 -0.62665 2 
57.726 -30.627 9.24102 -0.63473 2 
60.292 -30.627 9.38510 -0.50101 2 
62.857 -30.627 9.43605 -0.43384 2 
65.423 -30.627 9.45792 -0.16179 2 
67.988 -30.627 9.44403 -0.31667 2 
70.554 -30.627 9.80461 0.03591 2 
73.120 -30.627 9.67198 0.02057 2 
75.685 -30.627 9.89625 0.40724 2 
78.251 -30.627 9.70131 0.42805 2 
80.816 -30.627 9.78687 0.56439 2 
83.382 -30.627 9.71344 0.90720 2 
85.948 -30.627 9.19202 0.81184 2 
88.513 -30.627 9.39702 0.91840 2 
91.079 -30.627 9.13312 1.06875 2 
93.644 -30.627 8.88541 1.08611 2 
96.210 -30.627 8.98935 1.05383 2 
98.776 -30.627 8.70052 1.22226 2 
101.341 -30.627 8.69495 1.08511 2 
103.907 -30.627 8.51859 1.12277 2 
106.472 -30.627 8.41273 1.06857 2 
109.038 -30.627 8.17835 0.87093 2 
111.603 -30.627 8.20768 0.90359 2 
114.169 -30.627 8.02610 0.76480 2 
116.735 -30.627 8.29842 0.66764 2 
119.300 -30.627 0.00000 -0.00000 0 
-8.980 -33.192 7.87967 -0.83094 2 
-6.414 -33.192 7.84369 -0.88723 2 
-3.848 -33.192 7.95536 -1.01649 2 
-1.283 -33.192 7.84940 -1.04591 2 
1.283 -33.192 7.94721 -0.94235 2 
3.848 -33.192 8.05181 -1.05070 2 
6.414 -33.192 8.04525 -1.04511 2 
8.980 -33.192 8.40842 -1.28858 2 
11.545 -33.192 8.41529 -1.15344 2 
14.111 -33.192 8.42292 -1.15119 2 
16.676 -33.192 8.53996 -1.15171 2 
19.242 -33.192 8.52501 -1.02294 2 
21.808 -33.192 8.64010 -1.21780 2 
24.373 -33.192 8.91016 -1.08084 2 
26.939 -33.192 8.87890 -1.02367 2 
29.504 -33.192 8.75852 -1.15269 2 
32.070 -33.192 8.84709 -0.89710 2 
34.636 -33.192 8.96136 -0.92611 2 
37.201 -33.192 8.92202 -0.85350 2 
39.767 -33.192 8.95559 -0.75219 2 
42.332 -33.192 9.06297 -0.73444 2 
44.898 -33.192 9.23079 -0.72309 2 
47.464 -33.192 9.01854 -0.63090 2 
50.029 -33.192 9.17727 -0.63401 2 
52.595 -33.192 9.06918 -0.55326 2 
55.160 -33.192 9.40303 -0.38489 2 
57.726 -33.192 9.24518 -0.41948 2 
60.292 -33.192 9.38528 -0.43104 2 
62.857 -33.192 9.37285 -0.31991 2 
65.423 -33.192 9.39402 -0.17354 2 
67.988 -33.192 9.46450 -0.25620 2 
70.554 -33.192 9.45665 -0.04133 2 
73.120 -33.192 9.55434 0.04749 2 
75.685 -33.192 9.57691 0.23000 2 
78.251 -33.192 9.59322 0.39973 2 
80.816 -33.192 9.58000 0.51968 2 
83.382 -33.192 9.25368 0.70266 2 
85.948 -33.192 9.49951 0.78702 2 
88.513 -33.192 9.12202 0.89085 2 
91.079 -33.192 9.08033 1.02544 2 
93.644 -33.192 9.09125 1.07910 2 
96.210 -33.192 8.90302 0.92477 2 
98.776 -33.192 8.91270 1.14165 2 
101.341 -33.192 8.66030 0.95290 2 
103.907 -33.192 8.54195 0.89843 2 
106.472 -33.192 8.58070 1.02838 2 
109.038 -33.192 8.36025 0.91140 2 
111.603 -33.192 8.23368 0.92743 2 
114.169 -33.192 8.23191 0.80190 2 
116.735 -33.192 8.33610 0.53118 2 
119.300 -33.192 0.00000 -0.00000 0 
-8.980 -35.758 7.74075 -0.90614 2 
-6.414 -35.758 7.75630 -0.87533 2 
-3.848 -35.758 7.91646 -0.85791 2 
-1.283 -35.758 7.95573 -0.98876 2 
1.283 -35.758 8.09665 -1.00426 2 
3.848 -35.758 8.15483 -1.02211 2 
6.414 -35.758 8.27136 -1.08967 2 
8.980 -35.758 8.23899 -1.09532 2 
11.545 -35.758 8.18497 -1.10988 2 
14.111 -35.758 8.61520 -0.95044 2 
16.676 -35.758 8.52842 -1.14096 2 
19.242 -35.758 8.62590 -1.07347 2 
21.808 -35.758 8.75770 -1.00179 2 
24.373 -35.758 8.56739 -0.90186 2 
26.939 -35.758 8.93685 -0.97228 2 
29.504 -35.758 8.88260 -0.74420 2 
32.070 -35.758 8.88203 -0.81419 2 
34.636 -35.758 8.89284 -0.85933 2 
37.201 -35.758 8.99639 -0.86921 2 
39.767 -35.758 9.01097 -0.56346 2 
42.332 -35.758 9.00574 -0.92974 2 
44.898 -35.758 9.12411 -0.57812 2 
47.464 -35.758 9.13111 -0.73561 2 
50.029 -35.758 9.08103 -0.59574 2 
52.595 -35.758 9.25904 -0.63707 2 
55.160 -35.758 9.23229 -0.58196 2 
57.726 -35.758 9.11228 -0.62984 2 
60.292 -35.758 9.27786 -0.22446 2 
62.857 -35.758 9.26743 -0.22803 2 
65.423 -35.758 9.47975 -0.19955 2 
67.988 -35.758 9.43090 -0.14549 2 
70.554 -35.758 9.33876 0.07856 2 
73.120 -35.758 9.35326 0.09278 2 
75.685 -35.758 9.44840 0.26703 2 
78.251 -35.758 9.46972 0.36367 2 
80.816 -35.758 9.46295 0.46086 2 
83.382 -35.758 9.25481 0.58372 2 
85.948 -35.758 9.21512 0.73727 2 
88.513 -35.758 9.03115 0.86264 2 
91.079 -35.758 9.12048 0.88401 2 
93.644 -35.758 8.91168 0.80463 2 
96.210 -35.758 8.90062 0.92278 2 
98.776 -35.758 8.77362 0.90014 2 
101.341 -35.758 8.68656 0.92698 2 
103.907 -35.758 8.59423 0.87070 2 
106.472 -35.758 8.42850 0.95106 2 
109.038 -35.758 8.22309 0.80740 2 
111.603 -35.758 8.37044 0.81935 2 
114.169 -35.758 8.05833 0.84085 2 
116.735 -35.758 8.26478 0.68051 2 
119.300 -35.758 0.00000 -0.00000 0 
-8.980 -38.324 7.91577 -0.86363 2 
-6.414 -38.324 7.88831 -0.96983 2 
-3.848 -38.324 7.82342 -0.83004 2 
-1.283 -38.324 7.91784 -0.83447 2 
1.283 -38.324 8.04366 -1.00988 2 
3.848 -38.324 8.13588 -0.82311 2 
6.414 -38.324 8.15582 -0.93609 2 
8.980 -38.324 8.32302 -0.91080 2 
11.545 -38.324 8.35974 -1.06132 2 
14.111 -38.324 8.54281 -1.03818 2 
16.676 -38.324 8.48972 -1.06530 2 
19.242 -38.324 8.57429 -1.02963 2 
21.808 -38.324 8.67787 -0.88478 2 
24.373 -38.324 8.75738 -0.99647 2 
26.939 -38.324 8.76797 -0.92756 2 
29.504 -38.324 8.84367 -0.89896 2 
32.070 -38.324 8.94996 -0.75317 2 
34.636 -38.324 8.85875 -0.68638 2 
37.201 -38.324 8.96214 -0.73792 2 
39.767 -38.324 8.86850 -0.77104 2 
42.332 -38.324 9.04522 -0.55583 2 
44.898 -38.324 9.00652 -0.71941 2 
47.464 -38.324 9.10183 -0.53701 2 
50.029 -38.324 9.04721 -0.49139 2 
52.595 -38.324 9.13339 -0.66872 2 
55.160 -38.324 9.18282 -0.35863 2 
57.726 -38.324 9.43835 -0.33671 2 
60.292 -38.324 9.19293 -0.41689 2 
62.857 -38.324 9.42670 -0.30797 2 
65.423 -38.324 9.21546 -0.06096 2 
67.988 -38.324 9.20165 -0.07904 2 
70.554 -38.324 9.37049 -0.02460 2 
73.120 -38.324 9.28277 0.07361 2 
75.685 -38.324 9.29664 0.31886 2 
78.251 -38.324 9.20166 0.40337 2 
80.816 -38.324 9.24464 0.47379 2 
83.382 -38.324 9.34380 0.62189 2 
85.948 -38.324 8.99562 0.63081 2 
88.513 -38.324 9.10689 0.74967 2 
91.079 -38.324 9.01527 0.75793 2 
93.644 -38.324 8.97449 0.78559 2 
96.210 -38.324 8.77145 0.83558 2 
98.776 -38.324 8.87064 0.82746 2 
101.341 -38.324 8.65613 0.69498 2 
103.907 -38.324 8.66321 0.94703 2 
106.472 -38.324 8.43508 0.79325 2 
109.038 -38.324 8.67734 0.83553 2 
111.603 -38.324 8.39045 0.93439 2 
114.169 -38.324 8.30997 0.64307 2 
116.735 -38.324 8.47452 0.69716 2 
119.300 -38.324 0.00000 -0.00000 0 
-8.980 -40.889 7.90395 -0.83213 2 
-6.414 -40.889 7.96716 -0.89251 2 
-3.848 -40.889 7.92816 -0.90723 2 
-1.283 -40.889 7.99072 -0.84164 2 
1.283 -40.889 8.00646 -0.89786 2 
3.848 -40.889 8.20443 -0.89571 2 
6.414 -40.889 8.27767 -1.04929 2 
8.980 -40.889 8.19367 -0.98374 2 
11.545 -40.889 8.45545 -0.99335 2 
14.111 -40.889 8.39896 -0.83371 2 
16.676 -40.889 8.56973 -0.93421 2 
19.242 -40.889 8.60209 -0.82040 2 
21.808 -40.889 8.71614 -1.00999 2 
24.373 -40.889 8.69536 -0.74351 2 
26.939 -40.889 8.70136 -0.98535 2 
29.504 -40.889 8.80897 -0.76890 2 
32.070 -40.889 8.72748 -0.94911 2 
34.636 -40.889 8.84350 -0.65577 2 
37.201 -40.889 8.84216 -0.73988 2 
39.767 -40.889 9.03733 -0.70164 2 
42.332 -40.889 8.84849 -0.67910 2 
44.898 -40.889 9.02480 -0.46851 2 
47.464 -40.889 9.00665 -0.61383 2 
50.029 -40.889 9.05562 -0.41102 2 
52.595 -40.889 9.07876 -0.50178 2 
55.160 -40.889 9.08907 -0.46273 2 
57.726 -40.889 9.15993 -0.34934 2 
60.292 -40.889 9.00961 -0.30026 2 
62.857 -40.889 9.01492 -0.22108 2 
65.423 -40.889 9.17237 -0.18586 2 
67.988 -40.889 9.24326 -0.13055 2 
70.554 -40.889 9.13432 0.12539 2 
73.120 -40.889 9.18552 0.05465 2 
75.685 -40.889 9.30359 0.18175 2 
78.251 -40.889 9.21732 0.18819 2 
80.816 -40.889 9.22962 0.51511 2 
83.382 -40.889 9.04710 0.41593 2 
85.948 -40.889 8.94932 0.59352 2 
88.513 -40.889 9.01474 0.61730 2 
91.079 -40.889 8.86587 0.78122 2 
93.644 -40.889 8.85689 0.77559 2 
96.210 -40.889 8.94784 0.76998 2 
98.776 -40.889 8.68637 0.88353 2 
101.341 -40.889 8.73370 0.73734 2 
103.907 -40.889 8.56375 0.84181 2 
106.472 -40.889 8.59865 0.78301 2 
109.038 -40.889 8.48652 0.78358 2 
111.603 -40.889 8.34956 0.72028 2 
114.169 -40.889 8.41415 0.76268 2 
116.735 -40.889 8.68427 0.71381 2 
119.300 -40.889 0.00000 -0.00000 0 
-8.980 -43.455 7.97363 -0.81065 2 
-6.414 -43.455 7.90783 -0.80321 2 
-3.848 -43.455 7.97146 -0.76303 2 
-1.283 -43.455 8.04975 -0.83770 2 
1.283 -43.455 8.15462 -0.90263 2 
3.848 -43.455 8.12568 -0.82768 2 
6.414 -43.455 8.23720 -0.85042 2 
8.980 -43.455 8.39833 -0.96321 2 
11.545 -43.455 8.36961 -0.91051 2 
14.111 -43.455 8.57882 -0.88494 2 
16.676 -43.455 8.39279 -0.90665 2 
19.242 -43.455 8.56532 -0.79405 2 
21.808 -43.455 8.63879 -0.83816 2 
24.373 -43.455 8.73145 -0.92799 2 
26.939 -43.455 8.82889 -0.65091 2 
29.504 -43.455 8.76464 -0.82716 2 
32.070 -43.455 8.89990 -0.73186 2 
34.636 -43.455 8.88622 -0.66191 2 
37.201 -43.455 8.81088 -0.85069 2 
39.767 -43.455 8.90042 -0.61597 2 
42.332 -43.455 8.90669 -0.59494 2 
44.898 -43.455 8.99342 -0.61144 2 
47.464 -43.455 8.82789 -0.57541 2 
50.029 -43.455 8.99875 -0.31024 2 
52.595 -43.455 9.10929 -0.48443 2 
55.160 -43.455 9.09096 -0.40655 2 
57.726 -43.455 8.95258 -0.34801 2 
60.292 -43.455 9.18132 -0.34947 2 
62.857 -43.455 9.18682 -0.19561 2 
65.423 -43.455 9.17929 -0.06884 2 
67.988 -43.455 9.02931 -0.04321 2 
70.554 -43.455 9.11649 -0.00065 2 
73.120 -43.455 9.14521 0.29187 2 
75.685 -43.455 9.12024 0.17288 2 
78.251 -43.455 9.01446 0.45364 2 
80.816 -43.455 9.17232 0.42556 2 
83.382 -43.455 9.12150 0.42834 2 
85.948 -43.455 9.13295 0.56489 2 
88.513 -43.455 8.75726 0.60438 2 
91.079 -43.455 8.91620 0.70245 2 
93.644 -43.455 8.84029 0.70409 2 
96.210 -43.455 8.67045 0.78606 2 
98.776 -43.455 8.80202 0.62582 2 
101.341 -43.455 8.55703 0.74253 2 
103.907 -43.455 8.76269 0.59837 2 
106.472 -43.455 8.56958 0.81571 2 
109.038 -43.455 8.51634 0.71834 2 
111.603 -43.455 8.33187 0.66270 2 
114.169 -43.455 8.41208 0.72942 2 
116.735 -43.455 8.66795 0.71102 2 
119.300 -43.455 0.00000 -0.00000 0 
-8.980 -46.020 7.94973 -0.65901 2 
-6.414 -46.020 7.95419 -0.78799 2 
-3.848 -46.020 8.08017 -0.96328 2 
-1.283 -46.020 8.00118 -0.79646 2 
1.283 -46.020 8.08794 -0.80794 2 
3.848 -46.020 8.16121 -0.84306 2 
6.414 -46.020 8.34527 -0.85038 2 
8.980 -46.020 8.26993 -0.90249 2 
11.545 -46.020 8.35113 -0.81090 2 
14.111 -46.020 8.43695 -0.87671 2 
16.676 -46.020 8.55739 -0.72522 2 
19.242 -46.020 8.50059 -0.89108 2 
21.808 -46.020 8.51485 -0.68829 2 
24.373 -46.020 8.59816 -0.77560 2 
26.939 -46.020 8.77141 -0.76039 2 
29.504 -46.020 8.62876 -0.73909 2 
32.070 -46.020 8.84155 -0.77317 2 
34.636 -46.020 8.76081 -0.72544 2 
37.201 -46.020 8.67720 -0.69372 2 
39.767 -46.020 8.90827 -0.58999 2 
42.332 -46.020 8.81464 -0.60076 2 
44.898 -46.020 9.00990 -0.47712 2 
47.464 -46.020 9.00157 -0.49401 2 
50.029 -46.020 8.90051 -0.54148 2 
52.595 -46.020 9.01358 -0.52901 2 
55.160 -46.020 9.07740 -0.25907 2 
57.726 -46.020 9.07983 -0.30381 2 
60.292 -46.020 9.04775 -0.16684 2 
62.857 -46.020 8.76476 -0.28586 2 
65.423 -46.020 9.09281 -0.14143 2 
67.988 -46.020 8.95249 0.22264 2 
70.554 -46.020 9.17319 0.12428 2 
73.120 -46.020 8.89720 0.22705 2 
75.685 -46.020 9.03486 0.19170 2 
78.251 -46.020 9.05615 0.13551 2 
80.816 -46.020 8.92741 0.43132 2 
83.382 -46.020 8.94047 0.53281 2 
85.948 -46.020 8.87246 0.54929 2 
88.513 -46.020 8.90526 0.53646 2 
91.079 -46.020 8.91234 0.52379 2 
93.644 -46.020 8.69484 0.65243 2 
96.210 -46.020 8.84910 0.70853 2 
98.776 -46.020 8.63175 0.62789 2 
101.341 -46.020 8.69579 0.75163 2 
103.907 -46.020 8.57628 0.77904 2 
106.472 -46.020 8.61420 0.64461 2 
109.038 -46.020 8.55796 0.73013 2 
111.603 -46.020 8.59033 0.72755 2 
114.169 -46.020 8.30620 0.60048 2 
116.735 -46.020 8.56376 0.70256 2 
119.300 -46.020 0.00000 -0.00000 0 
-8.980 -48.586 7.94903 -0.83544 2 
-6.414 -48.586 7.97396 -0.76685 2 
-3.848 -48.586 8.01769 -0.79618 2 
-1.283 -48.586 8.00210 -0.84180 2 
1.283 -48.586 8.16658 -0.78175 2 
3.848 -48.586 8.30109 -0.88118 2 
6.414 -48.586 8.18014 -0.68085 2 
8.980 -48.586 8.21240 -0.85092 2 
11.545 -48.586 8.42205 -0.71484 2 
14.111 -48.586 8.41050 -0.87738 2 
16.676 -48.586 8.56381 -0.81844 2 
19.242 -48.586 8.60706 -0.76117 2 
21.808 -48.586 8.73926 -0.80257 2 
24.373 -48.586 8.60583 -0.63801 2 
26.939 -48.586 8.63462 -0.71887 2 
29.504 -48.586 8.69853 -0.66848 2 
32.070 -48.586 8.72343 -0.82224 2 
34.636 -48.586 8.73863 -0.61186 2 
37.201 -48.586 8.87039 -0.70683 2 
39.767 -48.586 8.84902 -0.57173 2 
42.332 -48.586 8.86277 -0.53395 2 
44.898 -48.586 8.90221 -0.65011 2 
47.464 -48.586 8.85982 -0.39830 2 
50.029 -48.586 8.95622 -0.32368 2 
52.595 -48.586 8.89033 -0.36215 2 
55.160 -48.586 8.98639 -0.45733 2 
57.726 -48.586 8.96176 -0.20075 2 
60.292 -48.586 8.94063 -0.16680 2 
62.857 -48.586 9.06721 -0.20248 2 
65.423 -48.586 9.02564 -0.05823 2 
67.988 -48.586 8.89755 0.06392 2 
70.554 -48.586 8.97559 -0.08145 2 
73.120 -48.586 9.00357 0.28897 2 
75.685 -48.586 9.03287 0.20549 2 
78.251 -48.586 8.89902 0.32422 2 
80.816 -48.586 8.91755 0.37516 2 
83.382 -48.586 8.93992 0.50242 2 
85.948 -48.586 8.89148 0.52335 2 
88.513 -48.586 8.81855 0.56752 2 
91.079 -48.586 8.81222 0.47525 2 
93.644 -48.586 8.71284 0.64571 2 
96.210 -48.586 8.73850 0.59228 2 
98.776 -48.586 8.65147 0.59590 2 
101.341 -48.586 8.62763 0.71418 2 
103.907 -48.586 8.56628 0.58018 2 
106.472 -48.586 8.58249 0.61078 2 
109.038 -48.586 8.43681 0.77850 2 
111.603 -48.586 8.51181 0.54153 2 
114.169 -48.586 8.48019 0.65453 2 
116.735 -48.586 8.63479 0.60462 2 
119.300 -48.586 0.00000 -0.00000 0 
-8.980 -51.152 8.12282 -0.63673 2 
-6.414 -51.152 8.05752 -0.73903 2 
-3.848 -51.152 8.14138 -0.71024 2 
-1.283 -51.152 8.10000 -0.74167 2 
1.283 -51.152 8.04711 -0.74450 2 
3.848 -51.152 8.19173 -0.73712 2 
6.414 -51.152 8.27535 -0.83128 2 
8.980 -51.152 8.44565 -0.69274 2 
11.545 -51.152 8.27558 -0.87463 2 
14.111 -51.152 8.41920 -0.71757 2 
16.676 -51.152 8.41551 -0.73161 2 
19.242 -51.152 8.54274 -0.71606 2 
21.808 -51.152 8.45028 -0.67092 2 
24.373 -51.152 8.64148 -0.64870 2 
26.939 -51.152 8.57387 -0.63122 2 
29.504 -51.152 8.80254 -0.78557 2 
32.070 -51.152 8.59052 -0.61711 2 
34.636 -51.152 8.73055 -0.69290 2 
37.201 -51.152 8.70948 -0.57643 2 
39.767 -51.152 8.79866 -0.52059 2 
42.332 -51.152 8.65618 -0.45171 2 
44.898 -51.152 8.79186 -0.59778 2 
47.464 -51.152 8.82553 -0.45521 2 
50.029 -51.152 8.84962 -0.42362 2 
52.595 -51.152 8.96314 -0.46842 2 
55.160 -51.152 8.91705 -0.21256 2 
57.726 -51.152 8.87566 -0.35532 2 
60.292 -51.152 8.93589 -0.24994 2 
62.857 -51.152 9.00147 -0.12228 2 
65.423 -51.152 8.88736 0.09596 2 
67.988 -51.152 9.01728 -0.07661 2 
70.554 -51.152 8.85300 0.11677 2 
73.120 -51.152 8.91291 0.00431 2 
75.685 -51.152 9.05406 0.23463 2 
78.251 -51.152 8.87612 0.32777 2 
80.816 -51.152 9.04008 0.23801 2 
83.382 -51.152 8.81786 0.36916 2 
85.948 -51.152 9.00778 0.37964 2 
88.513 -51.152 8.78153 0.56403 2 
91.079 -51.152 8.76808 0.52514 2 
93.644 -51.152 8.72776 0.49368 2 
96.210 -51.152 8.83313 0.57168 2 
98.776 -51.152 8.68670 0.63863 2 
101.341 -51.152 8.70868 0.51289 2 
103.907 -51.152 8.63186 0.60317 2 
106.472 -51.152 8.58054 0.47520 2 
109.038 -51.152 8.59308 0.53589 2 
111.603 -51.152 8.41983 0.72360 2 
114.169 -51.152 8.39754 0.55520 2 
116.735 -51.152 8.76001 0.68529 2 
119.300 -51.152 0.00000 -0.00000 0 
-8.980 -53.717 8.10658 -0.80165 2 
-6.414 -53.717 7.99034 -0.74954 2 
-3.848 -53.717 8.12729 -0.66795 2 
-1.283 -53.717 8.18321 -0.77128 2 
1.283 -53.717 8.17629 -0.74343 2 
3.848 -53.717 8.12227 -0.71776 2 
6.414 -53.717 8.41772 -0.77842 2 
8.980 -53.717 8.29065 -0.82533 2 
11.545 -53.717 8.21881 -0.73837 2 
14.111 -53.717 8.47000 -0.73474 2 
16.676 -53.717 8.43738 -0.82915 2 
19.242 -53.717 8.56185 -0.89923 2 
21.808 -53.717 8.59155 -0.82419 2 
24.373 -53.717 8.49824 -0.85969 2 
26.939 -53.717 8.62231 -0.71615 2 
29.504 -53.717 8.72470 -0.68344 2 
32.070 -53.717 8.67522 -0.70367 2 
34.636 -53.717 8.75521 -0.56648 2 
37.201 -53.717 8.74017 -0.67492 2 
39.767 -53.717 8.74029 -0.69031 2 
42.332 -53.717 8.79306 -0.51324 2 
44.898 -53.717 8.83606 -0.53533 2 
47.464 -53.717 8.85490 -0.42886 2 
50.029 -53.717 8.75957 -0.41129 2 
52.595 -53.717 8.79563 -0.40761 2 
55.160 -53.717 8.95053 -0.18610 2 
57.726 -53.717 8.91735 -0.33188 2 
60.292 -53.717 8.86353 -0.06856 2 
62.857 -53.717 8.82163 -0.12105 2 
65.423 -53.717 8.82150 -0.13988 2 
67.988 -53.717 8.96739 -0.01732 2 
70.554 -53.717 8.86080 0.07476 2 
73.120 -53.717 8.99547 0.08178 2 
75.685 -53.717 8.82341 0.31376 2 
78.251 -53.717 8.89890 0.24990 2 
80.816 -53.717 8.81538 0.30134 2 
83.382 -53.717 8.83417 0.32186 2 
85.948 -53.717 8.91558 0.52078 2 
88.513 -53.717 8.78634 0.42354 2 
91.079 -53.717 8.79202 0.54648 2 
93.644 -53.717 8.77456 0.61187 2 
96.210 -53.717 8.72292 0.49869 2 
98.776 -53.717 8.59811 0.56395 2 
101.341 -53.717 8.61065 0.59727 2 
103.907 -53.717 8.56379 0.65354 2 
106.472 -53.717 8.55935 0.61904 2 
109.038 -53.717 8.46727 0.71284 2 
111.603 -53.717 8.50043 0.55225 2 
114.169 -53.717 8.75603 0.64482 2 
116.735 -53.717 0.00000 -0.00000 0 
119.300 -53.717 0.00000 -0.00000 0 
-8.980 -56.283 0.00000 -0.00000 0 
-6.414 -56.283 8.18727 -0.50514 2 
-3.848 -56.283 8.13413 -0.68915 2 
-1.283 -56.283 8.09872 -0.55144 2 
1.283 -56.283 8.18655 -0.66215 2 
3.848 -56.283 8.25415 -0.59886 2 
6.414 -56.283 8.32175 -0.53556 2 
8.980 -56.283 8.36196 -0.48094 2 
11.545 -56.283 8.40218 -0.42633 2 
14.111 -56.283 8.43485 -0.41114 2 
16.676 -56.283 8.46751 -0.39596 2 
19.242 -56.283 8.59315 -0.43649 2 
21.808 -56.283 8.43225 -0.42404 2 
24.373 -56.283 8.60159 -0.28503 2 
26.939 -56.283 8.52560 -0.35759 2 
29.504 -56.283 8.59276 -0.34215 2 
32.070 -56.283 8.65993 -0.32671 2 
34.636 -56.283 8.72709 -0.31127 2 
37.201 -56.283 8.79426 -0.29583 2 
39.767 -56.283 8.79183 -0.23642 2 
42.332 -56.283 8.78941 -0.17701 2 
44.898 -56.283 8.78699 -0.11760 2 
47.464 -56.283 8.78456 -0.05819 2 
50.029 -56.283 8.78214 0.00122 2 
52.595 -56.283 8.79667 -0.01809 2 
55.160 -56.283 8.72423 0.05213 2 
57.726 -56.283 8.97218 -0.05234 2 
60.292 -56.283 8.81570 -0.05648 2 
62.857 -56.283 8.97671 -0.21397 2 
65.423 -56.283 8.73381 -0.07607 2 
67.988 -56.283 8.93909 -0.05251 2 
70.554 -56.283 8.92933 0.03444 2 
73.120 -56.283 8.73131 0.04648 2 
75.685 -56.283 8.86798 0.10894 2 
78.251 -56.283 8.80201 0.00344 2 
80.816 -56.283 8.85425 0.02437 2 
83.382 -56.283 8.87329 0.12181 2 
85.948 -56.283 8.80488 0.06845 2 
88.513 -56.283 8.77436 0.11689 2 
91.079 -56.283 8.74384 0.16534 2 
93.644 -56.283 8.71332 0.21378 2 
96.210 -56.283 8.68280 0.26223 2 
98.776 -56.283 8.66235 0.25661 2 
101.341 -56.283 8.64190 0.25099 2 
103.907 -56.283 8.62145 0.24537 2 
106.472 -56.283 8.60100 0.23975 2 
109.038 -56.283 8.58055 0.23413 2 
111.603 -56.283 8.54431 0.23640 2 
114.169 -56.283 8.70725 0.23698 2 
116.735 -56.283 0.00000 -0.00000 0 
119.300 -56.283 0.00000 -0.00000 0 
