TITLE = "B00068"
VARIABLES = "X [mm]", "Y [mm]", "Vx [m/s]", "Vy [m/s]", "Flag"
ZONE T="Frame 1", I=51, J=39, F=POINT
-8.980 41.210 7.19963 0.28253 2 
-6.414 41.210 7.25803 0.36693 2 
-3.848 41.210 7.18083 0.46155 2 
-1.283 41.210 7.20334 0.34884 2 
1.283 41.210 7.57423 0.15105 2 
3.848 41.210 0.00000 -0.00000 0 
6.414 41.210 0.00000 -0.00000 0 
8.980 41.210 0.00000 -0.00000 0 
11.545 41.210 0.00000 -0.00000 0 
14.111 41.210 0.00000 -0.00000 0 
16.676 41.210 0.00000 -0.00000 0 
19.242 41.210 4.03924 0.36685 2 
21.808 41.210 8.07848 0.73370 2 
24.373 41.210 7.46169 0.63384 2 
26.939 41.210 7.53004 0.69560 2 
29.504 41.210 7.69094 0.73801 2 
32.070 41.210 7.56618 0.62175 2 
34.636 41.210 7.51433 0.83031 2 
37.201 41.210 7.51171 0.62950 2 
39.767 41.210 7.63874 0.78111 2 
42.332 41.210 7.76577 0.93271 2 
44.898 41.210 7.87221 0.77720 2 
47.464 41.210 7.79878 0.77042 2 
50.029 41.210 8.04085 0.62662 2 
52.595 41.210 8.09071 0.84906 2 
55.160 41.210 7.92850 0.69842 2 
57.726 41.210 8.26205 0.68846 2 
60.292 41.210 8.02630 0.66785 2 
62.857 41.210 8.12071 0.76078 2 
65.423 41.210 8.28899 0.82000 2 
67.988 41.210 8.32547 0.62806 2 
70.554 41.210 8.36415 0.62694 2 
73.120 41.210 8.25087 0.60989 2 
75.685 41.210 8.60184 0.46412 2 
78.251 41.210 8.44197 0.53379 2 
80.816 41.210 0.00000 0.00000 0 
83.382 41.210 8.49298 0.40663 2 
85.948 41.210 8.49903 0.37522 2 
88.513 41.210 8.50762 0.20285 2 
91.079 41.210 8.54317 0.14218 2 
93.644 41.210 8.46301 0.08084 2 
96.210 41.210 8.37890 0.20869 2 
98.776 41.210 8.57419 -0.04960 2 
101.341 41.210 8.50824 -0.17684 2 
103.907 41.210 8.49619 0.15847 2 
106.472 41.210 8.45259 -0.01522 2 
109.038 41.210 8.53179 -0.05062 2 
111.603 41.210 8.38849 -0.16452 2 
114.169 41.210 0.00000 -0.00000 0 
116.735 41.210 0.00000 -0.00000 0 
119.300 41.210 0.00000 -0.00000 0 
-8.980 38.644 7.24813 0.30559 2 
-6.414 38.644 7.23985 0.27291 2 
-3.848 38.644 7.30780 0.29511 2 
-1.283 38.644 7.15647 0.49837 2 
1.283 38.644 7.49091 0.49454 2 
3.848 38.644 0.00000 -0.00000 0 
6.414 38.644 0.00000 -0.00000 0 
8.980 38.644 0.00000 -0.00000 0 
11.545 38.644 0.00000 -0.00000 0 
14.111 38.644 0.00000 -0.00000 0 
16.676 38.644 0.00000 -0.00000 0 
19.242 38.644 -0.17459 -0.31803 2 
21.808 38.644 7.73995 0.80241 2 
24.373 38.644 7.22024 0.87888 2 
26.939 38.644 7.23786 0.69128 2 
29.504 38.644 7.29282 0.88077 2 
32.070 38.644 7.53905 0.83750 2 
34.636 38.644 7.46853 0.84266 2 
37.201 38.644 7.66259 0.86271 2 
39.767 38.644 7.54331 0.87217 2 
42.332 38.644 7.78723 0.92658 2 
44.898 38.644 7.71268 0.95712 2 
47.464 38.644 7.91545 0.83473 2 
50.029 38.644 7.90597 1.03233 2 
52.595 38.644 8.11454 0.92597 2 
55.160 38.644 8.10116 0.83459 2 
57.726 38.644 7.92968 0.89381 2 
60.292 38.644 8.34832 0.95536 2 
62.857 38.644 8.11671 0.79228 2 
65.423 38.644 8.35408 0.63757 2 
67.988 38.644 8.20840 0.52668 2 
70.554 38.644 8.31247 0.63847 2 
73.120 38.644 8.43000 0.66030 2 
75.685 38.644 8.56602 0.80552 2 
78.251 38.644 8.47536 0.52882 2 
80.816 38.644 0.00000 0.00000 0 
83.382 38.644 8.55076 0.41521 2 
85.948 38.644 8.61383 0.40849 2 
88.513 38.644 8.61594 0.39489 2 
91.079 38.644 8.78444 0.26360 2 
93.644 38.644 8.49960 0.24590 2 
96.210 38.644 8.49832 -0.02295 2 
98.776 38.644 8.59589 -0.02410 2 
101.341 38.644 8.56798 0.00811 2 
103.907 38.644 8.60301 -0.15862 2 
106.472 38.644 8.45153 -0.10467 2 
109.038 38.644 8.21653 -0.20104 2 
111.603 38.644 8.42772 -0.22573 2 
114.169 38.644 8.39525 -0.46731 2 
116.735 38.644 8.53052 -0.09663 2 
119.300 38.644 0.00000 -0.00000 0 
-8.980 36.079 7.22949 0.15548 2 
-6.414 36.079 7.22906 0.29441 2 
-3.848 36.079 7.10278 0.40455 2 
-1.283 36.079 7.17301 0.34370 2 
1.283 36.079 7.22478 0.51376 2 
3.848 36.079 0.00000 -0.00000 0 
6.414 36.079 0.00000 -0.00000 0 
8.980 36.079 0.00000 -0.00000 0 
11.545 36.079 0.00000 -0.00000 0 
14.111 36.079 0.00000 -0.00000 0 
16.676 36.079 0.00000 -0.00000 0 
19.242 36.079 3.89639 0.40073 2 
21.808 36.079 7.79277 0.80146 2 
24.373 36.079 7.33089 0.90130 2 
26.939 36.079 7.44559 0.82435 2 
29.504 36.079 7.48562 0.90339 2 
32.070 36.079 7.29808 0.75723 2 
34.636 36.079 7.47322 0.94392 2 
37.201 36.079 7.47424 0.86351 2 
39.767 36.079 7.79650 0.88955 2 
42.332 36.079 7.66539 0.97880 2 
44.898 36.079 7.96766 0.84945 2 
47.464 36.079 7.87282 0.97932 2 
50.029 36.079 7.81848 0.89919 2 
52.595 36.079 8.04993 0.87198 2 
55.160 36.079 7.98033 0.92751 2 
57.726 36.079 8.15343 0.79084 2 
60.292 36.079 8.05609 0.86064 2 
62.857 36.079 8.18944 0.87974 2 
65.423 36.079 8.48803 0.83877 2 
67.988 36.079 8.28500 0.94315 2 
70.554 36.079 8.53056 0.80049 2 
73.120 36.079 8.40503 0.78686 2 
75.685 36.079 8.38715 0.37272 2 
78.251 36.079 8.64158 0.72191 2 
80.816 36.079 0.00000 0.00000 0 
83.382 36.079 8.51227 0.34462 2 
85.948 36.079 8.53611 0.28343 2 
88.513 36.079 8.64268 0.38902 2 
91.079 36.079 8.77356 -0.00375 2 
93.644 36.079 8.76638 0.24211 2 
96.210 36.079 8.54397 -0.05069 2 
98.776 36.079 8.55805 0.17658 2 
101.341 36.079 8.52276 -0.21420 2 
103.907 36.079 8.60512 -0.12368 2 
106.472 36.079 8.42550 -0.22556 2 
109.038 36.079 8.66783 -0.19521 2 
111.603 36.079 8.47991 -0.30525 2 
114.169 36.079 8.33301 -0.50832 2 
116.735 36.079 8.56852 -0.21633 2 
119.300 36.079 0.00000 -0.00000 0 
-8.980 33.513 7.04685 0.26285 2 
-6.414 33.513 7.12461 0.30773 2 
-3.848 33.513 7.05316 0.43209 2 
-1.283 33.513 7.08736 0.42954 2 
1.283 33.513 7.19280 0.39714 2 
3.848 33.513 0.00000 -0.00000 0 
6.414 33.513 0.00000 -0.00000 0 
8.980 33.513 0.00000 -0.00000 0 
11.545 33.513 0.00000 -0.00000 0 
14.111 33.513 0.00000 -0.00000 0 
16.676 33.513 0.00000 -0.00000 0 
19.242 33.513 3.95180 0.38364 2 
21.808 33.513 7.90360 0.76729 2 
24.373 33.513 7.15741 0.84854 2 
26.939 33.513 7.41205 1.01238 2 
29.504 33.513 7.33300 0.93576 2 
32.070 33.513 7.41336 0.90536 2 
34.636 33.513 7.55669 0.92368 2 
37.201 33.513 7.58456 1.02075 2 
39.767 33.513 7.75668 1.07444 2 
42.332 33.513 7.64217 0.87071 2 
44.898 33.513 7.73367 0.96980 2 
47.464 33.513 7.89577 0.88343 2 
50.029 33.513 7.78956 0.81093 2 
52.595 33.513 8.05323 1.04039 2 
55.160 33.513 7.97339 0.89549 2 
57.726 33.513 8.20140 0.96763 2 
60.292 33.513 8.22694 0.91365 2 
62.857 33.513 8.35036 0.95734 2 
65.423 33.513 8.40672 0.97181 2 
67.988 33.513 8.46057 0.76334 2 
70.554 33.513 8.43380 0.86664 2 
73.120 33.513 8.56827 0.70917 2 
75.685 33.513 8.47220 0.76032 2 
78.251 33.513 8.70081 0.61078 2 
80.816 33.513 0.00000 0.00000 0 
83.382 33.513 8.79409 0.50200 2 
85.948 33.513 8.95218 0.44606 2 
88.513 33.513 8.91628 0.43070 2 
91.079 33.513 8.61221 0.20164 2 
93.644 33.513 8.67401 -0.00337 2 
96.210 33.513 8.83998 0.16933 2 
98.776 33.513 8.57851 -0.02417 2 
101.341 33.513 8.61217 -0.08209 2 
103.907 33.513 8.62000 -0.26279 2 
106.472 33.513 8.51428 -0.36646 2 
109.038 33.513 8.61706 -0.39581 2 
111.603 33.513 8.59069 -0.29857 2 
114.169 33.513 8.37641 -0.46063 2 
116.735 33.513 8.60652 -0.33602 2 
119.300 33.513 0.00000 -0.00000 0 
-8.980 30.948 6.98699 0.34205 2 
-6.414 30.948 7.10277 0.34228 2 
-3.848 30.948 7.18113 0.30816 2 
-1.283 30.948 7.07617 0.39483 2 
1.283 30.948 7.16083 0.28052 2 
3.848 30.948 0.00000 -0.00000 0 
6.414 30.948 0.00000 -0.00000 0 
8.980 30.948 0.00000 -0.00000 0 
11.545 30.948 0.00000 -0.00000 0 
14.111 30.948 0.00000 -0.00000 0 
16.676 30.948 0.00000 -0.00000 0 
19.242 30.948 3.82711 0.55247 2 
21.808 30.948 7.65422 1.10494 2 
24.373 30.948 7.23236 0.84321 2 
26.939 30.948 7.27986 0.90801 2 
29.504 30.948 7.55008 0.93378 2 
32.070 30.948 7.38902 1.01060 2 
34.636 30.948 7.48704 1.21952 2 
37.201 30.948 7.48901 0.99849 2 
39.767 30.948 7.69315 1.11469 2 
42.332 30.948 7.70741 1.15809 2 
44.898 30.948 7.88629 0.96757 2 
47.464 30.948 7.88010 1.06440 2 
50.029 30.948 7.95816 1.11716 2 
52.595 30.948 7.90154 0.98215 2 
55.160 30.948 8.06398 1.06950 2 
57.726 30.948 8.15437 1.05943 2 
60.292 30.948 8.29682 1.02605 2 
62.857 30.948 8.25928 1.00725 2 
65.423 30.948 8.47518 0.97704 2 
67.988 30.948 8.51986 0.84716 2 
70.554 30.948 8.49342 1.06169 2 
73.120 30.948 8.76163 0.78896 2 
75.685 30.948 8.64570 0.83680 2 
78.251 30.948 8.97804 0.62573 2 
80.816 30.948 0.00000 0.00000 0 
83.382 30.948 8.77491 0.48246 2 
85.948 30.948 8.77615 0.41659 2 
88.513 30.948 8.82224 0.41905 2 
91.079 30.948 8.76431 0.21846 2 
93.644 30.948 8.88166 0.19454 2 
96.210 30.948 8.80510 -0.28421 2 
98.776 30.948 8.65742 -0.15011 2 
101.341 30.948 8.79014 -0.30461 2 
103.907 30.948 8.70922 -0.33269 2 
106.472 30.948 8.64434 -0.38394 2 
109.038 30.948 8.54223 -0.43647 2 
111.603 30.948 8.33920 -0.50411 2 
114.169 30.948 8.47679 -0.57634 2 
116.735 30.948 8.64453 -0.45571 2 
119.300 30.948 0.00000 -0.00000 0 
-8.980 28.382 7.10044 0.29584 2 
-6.414 28.382 7.12299 0.33266 2 
-3.848 28.382 7.05182 0.30116 2 
-1.283 28.382 6.90358 0.39053 2 
1.283 28.382 7.20066 0.38042 2 
3.848 28.382 3.59169 0.24762 2 
6.414 28.382 0.00000 -0.00000 0 
8.980 28.382 0.00000 -0.00000 0 
11.545 28.382 0.00000 -0.00000 0 
14.111 28.382 0.00000 -0.00000 0 
16.676 28.382 4.12375 0.57664 2 
19.242 28.382 5.99879 0.73618 2 
21.808 28.382 7.24099 0.85987 2 
24.373 28.382 7.16209 0.75255 2 
26.939 28.382 7.28263 1.08101 2 
29.504 28.382 7.28412 1.00768 2 
32.070 28.382 7.45965 1.12216 2 
34.636 28.382 7.56003 0.87844 2 
37.201 28.382 7.50593 1.19097 2 
39.767 28.382 7.70775 1.01369 2 
42.332 28.382 7.66167 1.16027 2 
44.898 28.382 7.82715 1.23667 2 
47.464 28.382 7.71523 1.10986 2 
50.029 28.382 7.79734 1.04539 2 
52.595 28.382 7.99592 0.98037 2 
55.160 28.382 8.03326 1.04211 2 
57.726 28.382 8.19977 1.06612 2 
60.292 28.382 8.20897 0.95368 2 
62.857 28.382 8.59104 1.13645 2 
65.423 28.382 8.15373 1.08277 2 
67.988 28.382 8.43863 0.95546 2 
70.554 28.382 8.59788 0.90794 2 
73.120 28.382 8.64500 0.92884 2 
75.685 28.382 8.77764 0.72039 2 
78.251 28.382 8.58312 0.73426 2 
80.816 28.382 8.85145 0.82845 2 
83.382 28.382 8.82505 0.72611 2 
85.948 28.382 8.79864 0.62377 2 
88.513 28.382 8.85443 0.37111 2 
91.079 28.382 8.80945 0.12174 2 
93.644 28.382 8.88721 0.22520 2 
96.210 28.382 8.85236 -0.06573 2 
98.776 28.382 8.82409 -0.16721 2 
101.341 28.382 8.95115 -0.31178 2 
103.907 28.382 8.79329 -0.28373 2 
106.472 28.382 8.58221 -0.34147 2 
109.038 28.382 8.49792 -0.50285 2 
111.603 28.382 8.36879 -0.62410 2 
114.169 28.382 8.39833 -0.51939 2 
116.735 28.382 8.68253 -0.57541 2 
119.300 28.382 0.00000 -0.00000 0 
-8.980 25.816 7.19711 0.09766 2 
-6.414 25.816 6.96064 0.18471 2 
-3.848 25.816 7.04043 0.25974 2 
-1.283 25.816 6.91540 0.43446 2 
1.283 25.816 7.24049 0.48032 2 
3.848 25.816 7.18337 0.49525 2 
6.414 25.816 0.00000 -0.00000 0 
8.980 25.816 0.00000 -0.00000 0 
11.545 25.816 0.00000 -0.00000 0 
14.111 25.816 0.00000 -0.00000 0 
16.676 25.816 4.08523 0.45994 2 
19.242 25.816 8.17047 0.91989 2 
21.808 25.816 7.00329 0.95331 2 
24.373 25.816 7.40270 0.88806 2 
26.939 25.816 7.30543 1.04249 2 
29.504 25.816 7.26527 1.06454 2 
32.070 25.816 7.54702 1.12199 2 
34.636 25.816 7.28926 1.11726 2 
37.201 25.816 7.50986 1.15414 2 
39.767 25.816 7.81529 0.99572 2 
42.332 25.816 7.78367 1.05990 2 
44.898 25.816 7.61803 1.21810 2 
47.464 25.816 7.76521 1.11017 2 
50.029 25.816 8.08247 1.05434 2 
52.595 25.816 7.94104 1.13987 2 
55.160 25.816 8.02681 1.26434 2 
57.726 25.816 8.14399 1.01356 2 
60.292 25.816 8.31116 1.13110 2 
62.857 25.816 8.43542 0.97596 2 
65.423 25.816 8.53970 1.18534 2 
67.988 25.816 8.43537 1.02677 2 
70.554 25.816 8.52396 1.07446 2 
73.120 25.816 8.65500 0.92665 2 
75.685 25.816 8.63625 0.72244 2 
78.251 25.816 8.97504 0.97768 2 
80.816 25.816 8.86926 0.73559 2 
83.382 25.816 0.00000 0.00000 0 
85.948 25.816 9.11537 0.63629 2 
88.513 25.816 8.85782 0.41266 2 
91.079 25.816 9.01064 0.09234 2 
93.644 25.816 9.10795 0.21272 2 
96.210 25.816 9.10933 -0.11757 2 
98.776 25.816 8.79590 -0.37409 2 
101.341 25.816 8.89218 -0.39810 2 
103.907 25.816 8.97039 -0.43418 2 
106.472 25.816 8.66781 -0.67539 2 
109.038 25.816 8.70469 -0.63941 2 
111.603 25.816 8.46664 -0.62220 2 
114.169 25.816 8.45702 -0.77911 2 
116.735 25.816 8.20323 -0.66578 2 
119.300 25.816 0.00000 -0.00000 0 
-8.980 23.251 6.82876 0.25762 2 
-6.414 23.251 7.04116 0.17900 2 
-3.848 23.251 6.96144 0.30655 2 
-1.283 23.251 6.98190 0.42263 2 
1.283 23.251 6.94510 0.48220 2 
3.848 23.251 7.54982 0.50154 2 
6.414 23.251 0.00000 -0.00000 0 
8.980 23.251 0.00000 -0.00000 0 
11.545 23.251 0.00000 -0.00000 0 
14.111 23.251 0.00000 -0.00000 0 
16.676 23.251 3.85399 0.51204 2 
19.242 23.251 7.70799 1.02409 2 
21.808 23.251 7.01448 0.90226 2 
24.373 23.251 7.18808 0.97697 2 
26.939 23.251 7.18053 1.17773 2 
29.504 23.251 7.29729 1.12297 2 
32.070 23.251 7.36736 1.29543 2 
34.636 23.251 7.52825 1.20253 2 
37.201 23.251 7.44846 1.22480 2 
39.767 23.251 7.66167 1.27818 2 
42.332 23.251 7.77058 1.26758 2 
44.898 23.251 7.67383 1.08839 2 
47.464 23.251 7.96425 1.44586 2 
50.029 23.251 7.78145 1.29466 2 
52.595 23.251 8.17528 1.22681 2 
55.160 23.251 7.86981 1.30198 2 
57.726 23.251 8.17789 1.16844 2 
60.292 23.251 8.12033 1.07234 2 
62.857 23.251 8.40326 1.09566 2 
65.423 23.251 8.24143 1.19656 2 
67.988 23.251 8.84702 1.10767 2 
70.554 23.251 9.34014 1.04042 2 
73.120 23.251 8.88559 1.03243 2 
75.685 23.251 8.73543 1.00293 2 
78.251 23.251 8.63729 0.90209 2 
80.816 23.251 9.47803 0.79401 2 
83.382 23.251 0.00000 0.00000 0 
85.948 23.251 9.89188 0.61267 2 
88.513 23.251 9.40885 0.52403 2 
91.079 23.251 9.55947 0.37354 2 
93.644 23.251 9.30930 0.18668 2 
96.210 23.251 9.11077 -0.15502 2 
98.776 23.251 9.30607 -0.38588 2 
101.341 23.251 9.04233 -0.44174 2 
103.907 23.251 8.88009 -0.77264 2 
106.472 23.251 9.01257 -0.78518 2 
109.038 23.251 8.77813 -0.89832 2 
111.603 23.251 8.35039 -0.96639 2 
114.169 23.251 8.16431 -0.78767 2 
116.735 23.251 8.50212 -0.92013 2 
119.300 23.251 0.00000 -0.00000 0 
-8.980 20.685 7.14520 0.05846 2 
-6.414 20.685 6.85713 0.24918 2 
-3.848 20.685 7.02288 0.18828 2 
-1.283 20.685 6.80615 0.28649 2 
1.283 20.685 6.76988 0.38788 2 
3.848 20.685 7.30487 0.58809 2 
6.414 20.685 0.00000 -0.00000 0 
8.980 20.685 0.00000 -0.00000 0 
11.545 20.685 0.00000 -0.00000 0 
14.111 20.685 0.00000 -0.00000 0 
16.676 20.685 3.65342 0.53945 2 
19.242 20.685 7.30685 1.07890 2 
21.808 20.685 6.96171 1.07388 2 
24.373 20.685 7.07282 1.30914 2 
26.939 20.685 7.17864 1.32569 2 
29.504 20.685 7.26484 1.12027 2 
32.070 20.685 7.46770 1.45488 2 
34.636 20.685 7.32504 1.24940 2 
37.201 20.685 7.53022 1.35018 2 
39.767 20.685 7.67551 1.53244 2 
42.332 20.685 7.57681 1.33198 2 
44.898 20.685 7.69953 1.44049 2 
47.464 20.685 7.79728 1.27146 2 
50.029 20.685 7.90500 1.34013 2 
52.595 20.685 8.16530 1.20871 2 
55.160 20.685 8.15866 1.28063 2 
57.726 20.685 8.13394 1.34409 2 
60.292 20.685 8.48881 1.22808 2 
62.857 20.685 8.59812 1.24544 2 
65.423 20.685 8.93751 1.38053 2 
67.988 20.685 9.37625 1.12275 2 
70.554 20.685 7.89149 1.38461 2 
73.120 20.685 9.07508 1.15530 2 
75.685 20.685 9.90693 1.06651 2 
78.251 20.685 8.09676 0.71583 2 
80.816 20.685 10.14214 1.25168 2 
83.382 20.685 0.00000 0.00000 0 
85.948 20.685 0.00000 0.00000 0 
88.513 20.685 0.00000 0.00000 0 
91.079 20.685 9.44214 0.57560 2 
93.644 20.685 9.44063 -0.06522 2 
96.210 20.685 9.26419 -0.01471 2 
98.776 20.685 9.39307 -0.24580 2 
101.341 20.685 9.16306 -0.63097 2 
103.907 20.685 9.17468 -0.42789 2 
106.472 20.685 9.08677 -0.56047 2 
109.038 20.685 8.50806 -1.38575 2 
111.603 20.685 8.61083 -1.20560 2 
114.169 20.685 8.21838 -1.32263 2 
116.735 20.685 7.98488 -1.14417 2 
119.300 20.685 0.00000 -0.00000 0 
-8.980 18.120 6.92945 0.10754 2 
-6.414 18.120 6.88468 0.08785 2 
-3.848 18.120 6.71333 0.21964 2 
-1.283 18.120 6.78680 0.37930 2 
1.283 18.120 6.65074 0.38310 2 
3.848 18.120 7.05992 0.67463 2 
6.414 18.120 0.00000 -0.00000 0 
8.980 18.120 0.00000 -0.00000 0 
11.545 18.120 0.00000 -0.00000 0 
14.111 18.120 0.00000 -0.00000 0 
16.676 18.120 -0.87283 0.25512 2 
19.242 18.120 6.95340 1.00582 2 
21.808 18.120 7.04723 1.19481 2 
24.373 18.120 7.12692 1.36389 2 
26.939 18.120 7.05072 1.34104 2 
29.504 18.120 7.23580 1.31251 2 
32.070 18.120 7.27487 1.45825 2 
34.636 18.120 7.45236 1.50775 2 
37.201 18.120 7.40739 1.44075 2 
39.767 18.120 7.64199 1.49699 2 
42.332 18.120 7.77065 1.47441 2 
44.898 18.120 7.70213 1.45363 2 
47.464 18.120 7.85153 1.41728 2 
50.029 18.120 7.83770 1.36348 2 
52.595 18.120 8.38133 1.43471 2 
55.160 18.120 8.43427 1.51807 2 
57.726 18.120 8.53556 1.12108 2 
60.292 18.120 8.81480 1.49453 2 
62.857 18.120 9.18488 1.65285 2 
65.423 18.120 9.40863 1.39787 2 
67.988 18.120 0.00000 -0.00000 0 
70.554 18.120 0.00000 -0.00000 0 
73.120 18.120 0.00000 -0.00000 0 
75.685 18.120 0.00000 -0.00000 0 
78.251 18.120 0.00000 -0.00000 0 
80.816 18.120 0.00000 -0.00000 0 
83.382 18.120 0.00000 -0.00000 0 
85.948 18.120 -0.29937 -0.06057 2 
88.513 18.120 4.21476 0.09240 2 
91.079 18.120 8.72889 0.24537 2 
93.644 18.120 9.98912 -0.20574 2 
96.210 18.120 4.84133 -0.51138 2 
98.776 18.120 8.59805 -0.48427 2 
101.341 18.120 8.92113 -1.08211 2 
103.907 18.120 8.85855 -0.84803 2 
106.472 18.120 9.67869 -0.87158 2 
109.038 18.120 9.21259 -1.87780 2 
111.603 18.120 9.05951 -1.59349 2 
114.169 18.120 7.77280 -2.18955 2 
116.735 18.120 8.24560 -1.38750 2 
119.300 18.120 0.00000 -0.00000 0 
-8.980 15.554 6.90123 -0.07342 2 
-6.414 15.554 6.83783 0.10497 2 
-3.848 15.554 6.69172 0.12206 2 
-1.283 15.554 6.67575 0.22151 2 
1.283 15.554 6.43174 0.40185 2 
3.848 15.554 6.78675 0.53014 2 
6.414 15.554 0.00000 -0.00000 0 
8.980 15.554 0.00000 -0.00000 0 
11.545 15.554 0.00000 -0.00000 0 
14.111 15.554 0.00000 -0.00000 0 
16.676 15.554 3.64796 0.60416 2 
19.242 15.554 7.29591 1.20833 2 
21.808 15.554 6.78709 1.26363 2 
24.373 15.554 6.94949 1.39217 2 
26.939 15.554 7.11824 1.33198 2 
29.504 15.554 7.23549 1.67209 2 
32.070 15.554 7.32314 1.52297 2 
34.636 15.554 7.33954 1.70202 2 
37.201 15.554 7.56622 1.55945 2 
39.767 15.554 7.58613 1.56221 2 
42.332 15.554 8.09146 1.30579 2 
44.898 15.554 7.92574 1.54758 2 
47.464 15.554 8.04161 1.44595 2 
50.029 15.554 8.26789 1.70605 2 
52.595 15.554 8.22922 1.49974 2 
55.160 15.554 0.00000 -0.00000 0 
57.726 15.554 0.00000 -0.00000 0 
60.292 15.554 0.00000 -0.00000 0 
62.857 15.554 0.00000 -0.00000 0 
65.423 15.554 0.00000 -0.00000 0 
67.988 15.554 0.00000 -0.00000 0 
70.554 15.554 0.00000 -0.00000 0 
73.120 15.554 0.00000 -0.00000 0 
75.685 15.554 0.00000 -0.00000 0 
78.251 15.554 0.00000 -0.00000 0 
80.816 15.554 -1.32977 -0.40057 2 
83.382 15.554 0.61783 0.58806 2 
85.948 15.554 -1.25556 0.56561 2 
88.513 15.554 0.41380 0.42434 2 
91.079 15.554 3.43124 0.62289 2 
93.644 15.554 1.29351 -0.78436 2 
96.210 15.554 0.41846 -1.00805 2 
98.776 15.554 3.93650 -0.39254 2 
101.341 15.554 2.83355 -1.24373 2 
103.907 15.554 4.09802 -1.21316 2 
106.472 15.554 4.90903 -1.45145 2 
109.038 15.554 5.72004 -1.68974 2 
111.603 15.554 3.02561 -1.77169 2 
114.169 15.554 5.69812 -2.02529 2 
116.735 15.554 5.57674 -0.43891 2 
119.300 15.554 0.00000 -0.00000 0 
-8.980 12.988 6.78622 -0.02336 2 
-6.414 12.988 6.67449 0.10519 2 
-3.848 12.988 6.63246 0.10480 2 
-1.283 12.988 6.58236 0.13989 2 
1.283 12.988 6.49931 0.20251 2 
3.848 12.988 6.51359 0.38566 2 
6.414 12.988 0.00000 -0.00000 0 
8.980 12.988 0.00000 -0.00000 0 
11.545 12.988 0.00000 -0.00000 0 
14.111 12.988 0.00000 -0.00000 0 
16.676 12.988 3.45058 0.67627 2 
19.242 12.988 6.90115 1.35253 2 
21.808 12.988 6.98895 1.55869 2 
24.373 12.988 7.02036 1.38273 2 
26.939 12.988 6.95259 1.59463 2 
29.504 12.988 7.06970 1.76286 2 
32.070 12.988 7.73915 1.81412 2 
34.636 12.988 7.97428 1.79709 2 
37.201 12.988 7.54822 1.60448 2 
39.767 12.988 8.44441 1.61837 2 
42.332 12.988 0.00000 -0.00000 0 
44.898 12.988 0.00000 -0.00000 0 
47.464 12.988 0.00000 -0.00000 0 
50.029 12.988 0.00000 -0.00000 0 
52.595 12.988 0.00000 -0.00000 0 
55.160 12.988 0.00000 -0.00000 0 
57.726 12.988 0.00000 -0.00000 0 
60.292 12.988 0.00000 -0.00000 0 
62.857 12.988 0.00000 -0.00000 0 
65.423 12.988 0.00000 -0.00000 0 
67.988 12.988 0.00000 -0.00000 0 
70.554 12.988 0.00000 -0.00000 0 
73.120 12.988 0.00000 -0.00000 0 
75.685 12.988 -0.52007 -0.26082 2 
78.251 12.988 -1.04014 -0.52164 2 
80.816 12.988 -1.74080 -0.62438 2 
83.382 12.988 -2.44147 -0.72713 2 
85.948 12.988 -2.98511 0.80883 2 
88.513 12.988 -2.07425 0.43254 2 
91.079 12.988 -1.86641 1.00041 2 
93.644 12.988 -1.78599 -0.97930 2 
96.210 12.988 -0.02605 -1.38409 2 
98.776 12.988 -0.72506 -0.30081 2 
101.341 12.988 0.55714 -0.31056 2 
103.907 12.988 0.32825 -0.53418 2 
106.472 12.988 0.66721 -0.89608 2 
109.038 12.988 1.00617 -1.25799 2 
111.603 12.988 1.71746 -2.27428 2 
114.169 12.988 3.62345 -1.86103 2 
116.735 12.988 2.90788 0.50969 2 
119.300 12.988 0.00000 -0.00000 0 
-8.980 10.423 6.66703 -0.08638 2 
-6.414 10.423 6.68767 -0.08843 2 
-3.848 10.423 6.64190 -0.15063 2 
-1.283 10.423 6.34545 0.00261 2 
1.283 10.423 6.22776 0.10955 2 
3.848 10.423 6.42355 0.32403 2 
6.414 10.423 2.11117 0.08746 2 
8.980 10.423 0.00000 -0.00000 0 
11.545 10.423 0.00000 -0.00000 0 
14.111 10.423 0.00000 -0.00000 0 
16.676 10.423 2.30038 0.45084 2 
19.242 10.423 4.60077 0.90169 2 
21.808 10.423 6.19631 1.79619 2 
24.373 10.423 7.46585 1.95022 2 
26.939 10.423 7.37258 1.97119 2 
29.504 10.423 3.53485 0.88143 2 
32.070 10.423 0.00000 -0.00000 0 
34.636 10.423 0.00000 -0.00000 0 
37.201 10.423 0.00000 -0.00000 0 
39.767 10.423 0.00000 -0.00000 0 
42.332 10.423 0.00000 -0.00000 0 
44.898 10.423 0.00000 -0.00000 0 
47.464 10.423 0.00000 -0.00000 0 
50.029 10.423 0.00000 -0.00000 0 
52.595 10.423 0.00000 -0.00000 0 
55.160 10.423 0.00000 -0.00000 0 
57.726 10.423 0.00000 -0.00000 0 
60.292 10.423 0.00000 -0.00000 0 
62.857 10.423 0.00000 -0.00000 0 
65.423 10.423 0.00000 -0.00000 0 
67.988 10.423 -1.12013 -0.23646 2 
70.554 10.423 -0.98564 -0.09711 2 
73.120 10.423 -1.27905 -0.46451 2 
75.685 10.423 -1.67966 -0.75389 2 
78.251 10.423 -2.08028 -1.04328 2 
80.816 10.423 -1.95888 -0.70255 2 
83.382 10.423 -1.83749 -0.36183 2 
85.948 10.423 -1.72041 0.57067 2 
88.513 10.423 -2.77054 0.43655 2 
91.079 10.423 -3.02628 0.70716 2 
93.644 10.423 -3.13797 0.21598 2 
96.210 10.423 -2.54474 -0.21331 2 
98.776 10.423 -2.43820 0.48687 2 
101.341 10.423 -2.17399 0.66504 2 
103.907 10.423 -2.57813 1.21416 2 
106.472 10.423 -2.85870 0.90703 2 
109.038 10.423 -3.75871 -1.08699 2 
111.603 10.423 -2.21312 -1.92267 2 
114.169 10.423 -1.51457 0.83380 2 
116.735 10.423 0.23903 1.45829 2 
119.300 10.423 0.00000 -0.00000 0 
-8.980 7.857 6.68439 -0.16582 2 
-6.414 7.857 6.66270 -0.23371 2 
-3.848 7.857 6.40777 -0.16217 2 
-1.283 7.857 6.37269 -0.23956 2 
1.283 7.857 5.98446 -0.01451 2 
3.848 7.857 6.33351 0.26239 2 
6.414 7.857 2.53330 0.07812 2 
8.980 7.857 0.00000 -0.00000 0 
11.545 7.857 0.00000 -0.00000 0 
14.111 7.857 0.00000 -0.00000 2 
16.676 7.857 1.53359 0.30056 2 
19.242 7.857 2.30038 0.45084 2 
21.808 7.857 0.00000 -0.00000 0 
24.373 7.857 0.00000 -0.00000 0 
26.939 7.857 0.00000 -0.00000 0 
29.504 7.857 0.00000 -0.00000 0 
32.070 7.857 0.00000 -0.00000 0 
34.636 7.857 0.00000 -0.00000 0 
37.201 7.857 0.00000 -0.00000 0 
39.767 7.857 0.00000 -0.00000 0 
42.332 7.857 0.00000 -0.00000 0 
44.898 7.857 0.00000 -0.00000 0 
47.464 7.857 0.00000 -0.00000 0 
50.029 7.857 0.00000 -0.00000 0 
52.595 7.857 0.00000 -0.00000 0 
55.160 7.857 0.00000 -0.00000 0 
57.726 7.857 0.00000 -0.00000 0 
60.292 7.857 -0.57973 -0.35383 2 
62.857 7.857 -1.03438 -0.44902 2 
65.423 7.857 -0.50875 -0.37007 2 
67.988 7.857 -2.24025 -0.47291 2 
70.554 7.857 -1.33671 -0.51237 2 
73.120 7.857 -1.49312 -0.23235 2 
75.685 7.857 -1.55692 -0.19242 2 
78.251 7.857 -1.52809 -0.39258 2 
80.816 7.857 -1.12350 -0.56962 2 
83.382 7.857 -1.14322 -0.29930 2 
85.948 7.857 -1.40129 -0.69002 2 
88.513 7.857 -3.60517 -0.38382 2 
91.079 7.857 -3.58695 -0.70157 2 
93.644 7.857 -3.00594 -0.09375 2 
96.210 7.857 -2.67579 -0.55701 2 
98.776 7.857 -2.66069 0.35244 2 
101.341 7.857 -2.32305 0.58786 2 
103.907 7.857 -2.87743 0.50734 2 
106.472 7.857 -3.54782 0.41497 2 
109.038 7.857 -4.21821 0.32261 2 
111.603 7.857 -3.73932 -0.11849 2 
114.169 7.857 -2.70241 1.06968 2 
116.735 7.857 -1.57492 1.55026 2 
119.300 7.857 -0.40291 -0.00982 2 
-8.980 5.292 6.91830 -0.37942 2 
-6.414 5.292 6.35851 -0.46262 2 
-3.848 5.292 6.44479 -0.30570 2 
-1.283 5.292 6.14330 -0.31986 2 
1.283 5.292 5.93744 -0.28705 2 
3.848 5.292 5.91085 0.13756 2 
6.414 5.292 2.95542 0.06878 2 
8.980 5.292 0.00000 -0.00000 0 
11.545 5.292 0.00000 -0.00000 0 
14.111 5.292 0.00000 -0.00000 0 
16.676 5.292 0.00000 -0.00000 0 
19.242 5.292 0.00000 -0.00000 0 
21.808 5.292 0.00000 -0.00000 0 
24.373 5.292 0.00000 -0.00000 0 
26.939 5.292 0.00000 -0.00000 0 
29.504 5.292 0.00000 -0.00000 0 
32.070 5.292 0.00000 -0.00000 0 
34.636 5.292 0.00000 -0.00000 0 
37.201 5.292 0.00000 -0.00000 0 
39.767 5.292 0.00000 -0.00000 0 
42.332 5.292 0.00000 -0.00000 0 
44.898 5.292 0.00000 -0.00000 0 
47.464 5.292 0.00000 -0.00000 0 
50.029 5.292 0.00000 -0.00000 0 
52.595 5.292 -0.36462 -0.09076 2 
55.160 5.292 -0.94429 -0.27146 2 
57.726 5.292 -0.04532 -0.04410 2 
60.292 5.292 -1.15947 -0.70766 2 
62.857 5.292 -2.31567 -0.48447 2 
65.423 5.292 -1.39771 -0.78131 2 
67.988 5.292 -1.95581 -0.97873 2 
70.554 5.292 -1.68779 -0.92763 2 
73.120 5.292 -1.77570 -0.32390 2 
75.685 5.292 -1.86361 0.27982 2 
78.251 5.292 -1.59158 0.90265 2 
80.816 5.292 -1.41328 -0.24568 2 
83.382 5.292 -1.45442 -0.09445 2 
85.948 5.292 -2.54395 -0.56870 2 
88.513 5.292 -3.64881 -0.39531 2 
91.079 5.292 -3.50383 -0.73531 2 
93.644 5.292 -2.87390 -0.40348 2 
96.210 5.292 -2.80684 -0.90072 2 
98.776 5.292 -2.95973 -0.66825 2 
101.341 5.292 -2.47211 0.51068 2 
103.907 5.292 -3.08769 -0.33582 2 
106.472 5.292 -2.93056 -0.03367 2 
109.038 5.292 -2.77344 0.26848 2 
111.603 5.292 -3.38914 1.28571 2 
114.169 5.292 -1.88136 1.23233 2 
116.735 5.292 -1.52700 0.85085 2 
119.300 5.292 -0.20674 1.60822 2 
-8.980 2.726 6.77763 -0.50889 2 
-6.414 2.726 6.56668 -0.67679 2 
-3.848 2.726 6.34421 -0.54608 2 
-1.283 2.726 6.17515 -0.54476 2 
1.283 2.726 5.88341 -0.53807 2 
3.848 2.726 6.39040 -0.17172 2 
6.414 2.726 0.00000 -0.00000 0 
8.980 2.726 0.00000 -0.00000 0 
11.545 2.726 0.00000 -0.00000 0 
14.111 2.726 0.00000 -0.00000 0 
16.676 2.726 0.00000 -0.00000 0 
19.242 2.726 0.00000 -0.00000 0 
21.808 2.726 0.00000 -0.00000 0 
24.373 2.726 0.00000 -0.00000 0 
26.939 2.726 0.00000 -0.00000 0 
29.504 2.726 0.00000 -0.00000 0 
32.070 2.726 0.00000 -0.00000 0 
34.636 2.726 0.00000 -0.00000 0 
37.201 2.726 0.00000 -0.00000 0 
39.767 2.726 0.00000 -0.00000 0 
42.332 2.726 0.00000 -0.00000 0 
44.898 2.726 0.00000 -0.00000 0 
47.464 2.726 -0.70091 -0.02172 2 
50.029 2.726 -0.30105 0.13607 2 
52.595 2.726 -0.72925 -0.18153 2 
55.160 2.726 -1.88859 -0.54292 2 
57.726 2.726 -1.86939 -0.67536 2 
60.292 2.726 -1.56296 -1.09089 2 
62.857 2.726 -1.23462 -0.19924 2 
65.423 2.726 -1.20901 -0.86927 2 
67.988 2.726 -1.22302 -1.13360 2 
70.554 2.726 -0.88149 -1.47604 2 
73.120 2.726 -2.15869 -1.28274 2 
75.685 2.726 -1.34517 0.56181 2 
78.251 2.726 -1.05578 0.83279 2 
80.816 2.726 -1.45401 0.07633 2 
83.382 2.726 -1.72061 -0.21207 2 
85.948 2.726 -2.27463 -0.40529 2 
88.513 2.726 -3.69244 -0.40679 2 
91.079 2.726 -3.42071 -0.76905 2 
93.644 2.726 -2.92516 -0.55054 2 
96.210 2.726 -2.80476 -1.16379 2 
98.776 2.726 -3.00792 -0.65680 2 
101.341 2.726 -2.48464 -0.75754 2 
103.907 2.726 -3.04257 -0.70429 2 
106.472 2.726 -1.91496 -0.66856 2 
109.038 2.726 -0.78736 -0.63284 2 
111.603 2.726 0.16511 1.58109 2 
114.169 2.726 0.58594 2.94974 2 
116.735 2.726 0.27075 2.88768 2 
119.300 2.726 -0.04445 2.82562 2 
-8.980 0.160 6.70886 -0.59499 2 
-6.414 0.160 6.68355 -0.81282 2 
-3.848 0.160 6.24144 -0.72691 2 
-1.283 0.160 6.08621 -0.66828 2 
1.283 0.160 6.38517 -0.73914 2 
3.848 0.160 0.00000 -0.00000 0 
6.414 0.160 0.00000 -0.00000 0 
8.980 0.160 0.00000 -0.00000 0 
11.545 0.160 0.00000 -0.00000 0 
14.111 0.160 0.00000 -0.00000 0 
16.676 0.160 0.00000 -0.00000 0 
19.242 0.160 0.00000 -0.00000 0 
21.808 0.160 0.00000 -0.00000 0 
24.373 0.160 0.00000 -0.00000 0 
26.939 0.160 0.00000 -0.00000 0 
29.504 0.160 0.00000 -0.00000 0 
32.070 0.160 0.00000 -0.00000 0 
34.636 0.160 0.00000 -0.00000 0 
37.201 0.160 0.00000 -0.00000 0 
39.767 0.160 -0.60741 -0.19257 2 
42.332 0.160 -0.06193 0.15606 2 
44.898 0.160 0.09518 -0.30274 2 
47.464 0.160 -1.40183 -0.04343 2 
50.029 0.160 -1.02101 -0.11817 2 
52.595 0.160 -1.04469 -0.31433 2 
55.160 0.160 -1.51961 -0.20549 2 
57.726 0.160 -1.50070 -0.86512 2 
60.292 0.160 -1.12204 -1.01161 2 
62.857 0.160 -1.83159 -0.90210 2 
65.423 0.160 -1.41299 -1.18510 2 
67.988 0.160 -0.46908 -1.21328 2 
70.554 0.160 -1.01780 -0.72625 2 
73.120 0.160 -0.20344 -0.22148 2 
75.685 0.160 -0.25883 0.30920 2 
78.251 0.160 -0.51998 0.76293 2 
80.816 0.160 -0.16136 0.47768 2 
83.382 0.160 -0.64150 0.49330 2 
85.948 0.160 -2.00532 -0.24188 2 
88.513 0.160 -1.81784 -0.40404 2 
91.079 0.160 -2.57818 -0.07838 2 
93.644 0.160 -3.12006 -0.01638 2 
96.210 0.160 -2.66979 -0.05389 2 
98.776 0.160 -3.05611 -0.64535 2 
101.341 0.160 -3.79846 -0.17520 2 
103.907 0.160 -1.62269 0.68902 2 
106.472 0.160 -2.01789 -0.36899 2 
109.038 0.160 1.83326 0.92975 2 
111.603 0.160 2.49724 2.18004 2 
114.169 0.160 2.32177 2.40102 2 
116.735 0.160 2.03856 2.34748 2 
119.300 0.160 -0.03683 2.32005 2 
-8.980 -2.405 6.83223 -0.69141 2 
-6.414 -2.405 6.66100 -0.85988 2 
-3.848 -2.405 6.55424 -0.81781 2 
-1.283 -2.405 6.07154 -0.90523 2 
1.283 -2.405 0.00000 -0.00000 0 
3.848 -2.405 0.00000 -0.00000 0 
6.414 -2.405 0.00000 -0.00000 0 
8.980 -2.405 0.00000 -0.00000 0 
11.545 -2.405 0.00000 -0.00000 0 
14.111 -2.405 0.00000 -0.00000 0 
16.676 -2.405 0.00000 -0.00000 0 
19.242 -2.405 0.00000 -0.00000 0 
21.808 -2.405 0.00000 -0.00000 0 
24.373 -2.405 0.00000 -0.00000 0 
26.939 -2.405 0.00000 -0.00000 0 
29.504 -2.405 0.00000 -0.00000 0 
32.070 -2.405 -0.72094 -0.27848 2 
34.636 -2.405 -1.51216 -0.27011 2 
37.201 -2.405 -0.61176 -0.39905 2 
39.767 -2.405 -1.21482 -0.38514 2 
42.332 -2.405 -1.04875 0.13369 2 
44.898 -2.405 -1.80168 -0.47267 2 
47.464 -2.405 -1.71896 -0.47941 2 
50.029 -2.405 -1.53955 -0.46328 2 
52.595 -2.405 -1.36014 -0.44714 2 
55.160 -2.405 -0.88826 -0.12368 2 
57.726 -2.405 -1.50758 -0.40466 2 
60.292 -2.405 -0.93365 -0.96900 2 
62.857 -2.405 -1.28841 -1.14069 2 
65.423 -2.405 -1.05248 -1.40595 2 
67.988 -2.405 -0.73037 -1.04974 2 
70.554 -2.405 -0.36883 0.42557 2 
73.120 -2.405 -0.31575 -0.32251 2 
75.685 -2.405 0.32375 -0.19804 2 
78.251 -2.405 -0.05552 0.02377 2 
80.816 -2.405 0.33878 0.41105 2 
83.382 -2.405 -0.28354 0.07069 2 
85.948 -2.405 -0.96003 -0.61877 2 
88.513 -2.405 -1.27707 -0.24195 2 
91.079 -2.405 -1.65910 -0.09729 2 
93.644 -2.405 -0.69695 0.03847 2 
96.210 -2.405 -1.24780 -0.13495 2 
98.776 -2.405 -1.44088 -1.21031 2 
101.341 -2.405 0.81128 -0.22307 2 
103.907 -2.405 0.36521 0.88902 2 
106.472 -2.405 2.19226 1.50761 2 
109.038 -2.405 2.14627 0.01618 2 
111.603 -2.405 1.53743 1.23424 2 
114.169 -2.405 2.27076 0.09227 2 
116.735 -2.405 3.83836 1.81580 2 
119.300 -2.405 -0.02921 1.81448 2 
-8.980 -4.971 6.78671 -0.83810 2 
-6.414 -4.971 6.61308 -0.91921 2 
-3.848 -4.971 6.46654 -1.00945 2 
-1.283 -4.971 6.44702 -1.13281 2 
1.283 -4.971 0.00000 -0.00000 0 
3.848 -4.971 0.00000 -0.00000 0 
6.414 -4.971 0.00000 -0.00000 0 
8.980 -4.971 0.00000 -0.00000 0 
11.545 -4.971 0.00000 -0.00000 0 
14.111 -4.971 0.00000 -0.00000 0 
16.676 -4.971 0.00000 -0.00000 0 
19.242 -4.971 0.00000 -0.00000 0 
21.808 -4.971 0.00000 -0.00000 0 
24.373 -4.971 -0.84375 -0.04945 2 
26.939 -4.971 -0.93656 -0.18863 2 
29.504 -4.971 -1.24386 -0.42925 2 
32.070 -4.971 -1.44188 -0.55695 2 
34.636 -4.971 -1.63989 -0.68466 2 
37.201 -4.971 -1.15878 -0.09950 2 
39.767 -4.971 -1.91372 -0.26806 2 
42.332 -4.971 -2.03556 0.11132 2 
44.898 -4.971 -1.46547 -0.19097 2 
47.464 -4.971 -1.26263 -0.48839 2 
50.029 -4.971 -1.20652 -0.51734 2 
52.595 -4.971 -0.33840 -0.55856 2 
55.160 -4.971 -0.72064 -0.40038 2 
57.726 -4.971 -0.41836 -0.66006 2 
60.292 -4.971 -0.81432 0.00175 2 
62.857 -4.971 -0.71238 -0.53677 2 
65.423 -4.971 -0.69196 -1.62681 2 
67.988 -4.971 -0.05788 -0.19077 2 
70.554 -4.971 0.65183 0.39451 2 
73.120 -4.971 -0.42807 -0.42353 2 
75.685 -4.971 -0.27280 0.13663 2 
78.251 -4.971 0.52755 -0.63568 2 
80.816 -4.971 0.48207 -0.83843 2 
83.382 -4.971 -0.13062 -0.42156 2 
85.948 -4.971 0.03587 -0.58885 2 
88.513 -4.971 -0.67943 -0.97406 2 
91.079 -4.971 -1.30556 0.34203 2 
93.644 -4.971 -0.36145 0.75348 2 
96.210 -4.971 0.17420 -0.21602 2 
98.776 -4.971 0.12192 -0.16994 2 
101.341 -4.971 1.97690 0.84792 2 
103.907 -4.971 2.35311 1.08901 2 
106.472 -4.971 2.20688 1.07039 2 
109.038 -4.971 2.99432 0.49961 2 
111.603 -4.971 2.66773 0.43518 2 
114.169 -4.971 2.35250 0.48198 2 
116.735 -4.971 2.21394 0.90930 2 
119.300 -4.971 -0.02159 1.30891 2 
-8.980 -7.536 6.86369 -0.94321 2 
-6.414 -7.536 6.94013 -0.86697 2 
-3.848 -7.536 6.76981 -1.18643 2 
-1.283 -7.536 6.63782 -1.27697 2 
1.283 -7.536 6.30883 -1.66848 2 
3.848 -7.536 0.00000 -0.00000 0 
6.414 -7.536 6.68986 -1.35519 2 
8.980 -7.536 6.34433 -3.69434 2 
11.545 -7.536 4.03903 -1.72897 2 
14.111 -7.536 4.29543 -1.60099 2 
16.676 -7.536 -0.57395 -0.00460 2 
19.242 -7.536 -0.64282 -0.46685 2 
21.808 -7.536 -1.44525 -0.40638 2 
24.373 -7.536 -1.68750 -0.09891 2 
26.939 -7.536 -1.39796 0.29027 2 
29.504 -7.536 -1.77616 -0.68227 2 
32.070 -7.536 -1.24778 -0.75585 2 
34.636 -7.536 0.77607 -0.23932 2 
37.201 -7.536 -1.70580 0.20005 2 
39.767 -7.536 -1.52947 -0.08101 2 
42.332 -7.536 -1.01558 -0.01260 2 
44.898 -7.536 -0.70896 0.07889 2 
47.464 -7.536 -0.65353 -0.21178 2 
50.029 -7.536 -0.74552 -0.49570 2 
52.595 -7.536 -0.89560 -0.48367 2 
55.160 -7.536 -0.24453 -1.04224 2 
57.726 -7.536 -0.22759 -1.10012 2 
60.292 -7.536 -0.45622 -1.59036 2 
62.857 -7.536 -0.15915 -0.61386 2 
65.423 -7.536 0.19710 -0.05816 2 
67.988 -7.536 0.13001 -0.43444 2 
70.554 -7.536 0.22008 -0.85255 2 
73.120 -7.536 0.18090 -1.25882 2 
75.685 -7.536 2.30884 0.98740 2 
78.251 -7.536 0.11872 -0.91315 2 
80.816 -7.536 1.16021 -1.14930 2 
83.382 -7.536 0.23498 -0.59143 2 
85.948 -7.536 0.13873 -0.57027 2 
88.513 -7.536 0.57041 -1.01626 2 
91.079 -7.536 1.31380 0.50304 2 
93.644 -7.536 0.81286 1.36010 2 
96.210 -7.536 1.04871 0.14725 2 
98.776 -7.536 1.82391 1.42874 2 
101.341 -7.536 1.17659 0.82586 2 
103.907 -7.536 2.24781 -0.07509 2 
106.472 -7.536 2.73173 0.69774 2 
109.038 -7.536 3.32268 0.45246 2 
111.603 -7.536 3.51015 0.59376 2 
114.169 -7.536 2.91087 0.78559 2 
116.735 -7.536 4.05056 0.68911 2 
119.300 -7.536 -0.01397 0.80334 2 
-8.980 -10.102 6.91836 -0.90699 2 
-6.414 -10.102 7.07925 -1.02428 2 
-3.848 -10.102 6.88670 -1.12169 2 
-1.283 -10.102 6.85225 -1.39201 2 
1.283 -10.102 6.87212 -1.87468 2 
3.848 -10.102 6.80682 -2.35580 2 
6.414 -10.102 6.90675 -3.03234 2 
8.980 -10.102 7.77182 -3.37458 2 
11.545 -10.102 8.07806 -3.45794 2 
14.111 -10.102 8.59086 -3.20198 2 
16.676 -10.102 9.59983 -3.11746 2 
19.242 -10.102 9.82049 -2.33975 2 
21.808 -10.102 5.99877 -0.81868 2 
24.373 -10.102 4.06979 -0.87450 2 
26.939 -10.102 2.27477 -0.75893 2 
29.504 -10.102 4.15529 -0.72240 2 
32.070 -10.102 0.78222 -1.02181 2 
34.636 -10.102 1.24957 -1.33661 2 
37.201 -10.102 1.14057 -0.48029 2 
39.767 -10.102 1.03157 0.37603 2 
42.332 -10.102 0.00440 -0.13652 2 
44.898 -10.102 0.04754 0.34876 2 
47.464 -10.102 0.41219 -0.06422 2 
50.029 -10.102 0.77684 -0.47720 2 
52.595 -10.102 0.89288 -0.57182 2 
55.160 -10.102 0.32927 -1.45978 2 
57.726 -10.102 0.74335 -1.95906 2 
60.292 -10.102 0.32685 -1.92924 2 
62.857 -10.102 2.19904 -0.92998 2 
65.423 -10.102 4.38231 -0.41165 2 
67.988 -10.102 3.49209 0.49441 2 
70.554 -10.102 2.62324 -0.03952 2 
73.120 -10.102 6.23797 1.74191 2 
75.685 -10.102 4.89048 1.83817 2 
78.251 -10.102 3.54298 1.93444 2 
80.816 -10.102 3.29445 -1.78510 2 
83.382 -10.102 3.11570 -0.17607 2 
85.948 -10.102 4.11514 -0.48734 2 
88.513 -10.102 4.18889 0.21841 2 
91.079 -10.102 3.93316 0.66404 2 
93.644 -10.102 1.98717 1.96672 2 
96.210 -10.102 3.22997 0.36771 2 
98.776 -10.102 3.24049 1.18985 2 
101.341 -10.102 2.83511 1.22842 2 
103.907 -10.102 4.45216 1.47793 2 
106.472 -10.102 4.91542 1.73902 2 
109.038 -10.102 3.88934 0.10128 2 
111.603 -10.102 2.48621 0.55089 2 
114.169 -10.102 4.64426 0.77155 2 
116.735 -10.102 4.05146 0.60486 2 
119.300 -10.102 -0.00635 0.29776 1 
-8.980 -12.668 6.96969 -0.90838 2 
-6.414 -12.668 7.29541 -1.16190 2 
-3.848 -12.668 7.04637 -1.43852 2 
-1.283 -12.668 7.10041 -1.62446 2 
1.283 -12.668 7.04725 -1.78662 2 
3.848 -12.668 7.14822 -2.19350 2 
6.414 -12.668 7.23321 -2.33258 2 
8.980 -12.668 7.62275 -2.63250 2 
11.545 -12.668 8.37455 -2.82689 2 
14.111 -12.668 9.12443 -2.79234 2 
16.676 -12.668 9.02559 -2.47282 2 
19.242 -12.668 9.18215 -2.29517 2 
21.808 -12.668 9.75829 -2.51343 2 
24.373 -12.668 9.82707 -1.65009 2 
26.939 -12.668 9.94434 -2.03666 2 
29.504 -12.668 6.84438 -1.07982 2 
32.070 -12.668 8.89662 -1.09801 2 
34.636 -12.668 5.43971 -1.52044 2 
37.201 -12.668 6.97658 -0.58488 2 
39.767 -12.668 5.43271 0.07260 2 
42.332 -12.668 5.34357 0.11880 2 
44.898 -12.668 2.38702 0.21548 2 
47.464 -12.668 5.23002 -0.43926 2 
50.029 -12.668 3.56719 -0.38698 2 
52.595 -12.668 2.68135 -0.65998 2 
55.160 -12.668 1.78839 -1.23938 2 
57.726 -12.668 1.63246 -1.96589 2 
60.292 -12.668 2.04889 -1.91468 2 
62.857 -12.668 3.65602 -0.93289 2 
65.423 -12.668 4.33019 -0.39991 2 
67.988 -12.668 3.55532 -0.30523 2 
70.554 -12.668 5.02640 0.77350 2 
73.120 -12.668 2.44703 1.47046 2 
75.685 -12.668 4.12122 1.92786 2 
78.251 -12.668 5.79541 2.38526 2 
80.816 -12.668 5.54612 0.13953 2 
83.382 -12.668 7.88277 1.96047 2 
85.948 -12.668 5.88821 0.92117 2 
88.513 -12.668 6.65109 1.23160 2 
91.079 -12.668 6.02912 1.13013 2 
93.644 -12.668 7.42002 2.47063 2 
96.210 -12.668 4.89310 2.05469 2 
98.776 -12.668 6.23688 1.40421 2 
101.341 -12.668 7.15925 2.17389 2 
103.907 -12.668 6.33529 1.63203 2 
106.472 -12.668 6.98226 1.80985 2 
109.038 -12.668 6.71756 0.38940 2 
111.603 -12.668 5.11207 0.70858 2 
114.169 -12.668 6.37766 0.75751 2 
116.735 -12.668 4.05235 0.52062 2 
119.300 -12.668 0.00000 -0.00000 0 
-8.980 -15.233 7.54020 -0.94508 2 
-6.414 -15.233 7.10928 -1.11363 2 
-3.848 -15.233 7.21682 -1.37856 2 
-1.283 -15.233 7.21588 -1.56552 2 
1.283 -15.233 7.44204 -1.70520 2 
3.848 -15.233 7.37771 -2.07893 2 
6.414 -15.233 7.37493 -2.12721 2 
8.980 -15.233 7.85308 -2.46160 2 
11.545 -15.233 8.16380 -2.28601 2 
14.111 -15.233 8.69246 -2.35351 2 
16.676 -15.233 8.79230 -2.42005 2 
19.242 -15.233 9.14049 -2.28369 2 
21.808 -15.233 9.18892 -2.09971 2 
24.373 -15.233 9.40111 -1.72003 2 
26.939 -15.233 9.49031 -1.73706 2 
29.504 -15.233 9.53347 -1.43724 2 
32.070 -15.233 9.61989 -1.46014 2 
34.636 -15.233 9.62984 -1.70427 2 
37.201 -15.233 9.37569 -0.68078 2 
39.767 -15.233 9.83386 -0.23083 2 
42.332 -15.233 9.65773 -0.65955 2 
44.898 -15.233 9.68319 -0.40132 2 
47.464 -15.233 8.02036 -0.34905 2 
50.029 -15.233 6.35753 -0.29677 2 
52.595 -15.233 9.26240 -0.15857 2 
55.160 -15.233 5.49759 -1.11167 2 
57.726 -15.233 4.87583 -1.48474 2 
60.292 -15.233 5.78979 -1.09596 2 
62.857 -15.233 5.11300 -0.93581 2 
65.423 -15.233 4.27807 -0.38817 2 
67.988 -15.233 6.82434 -0.59973 2 
70.554 -15.233 6.65416 0.43102 2 
73.120 -15.233 8.68016 0.86882 2 
75.685 -15.233 8.19612 0.96207 2 
78.251 -15.233 8.88730 1.46084 2 
80.816 -15.233 8.47943 1.34471 2 
83.382 -15.233 9.03526 0.79333 2 
85.948 -15.233 8.37113 1.98962 2 
88.513 -15.233 8.64149 1.97536 2 
91.079 -15.233 8.12508 1.59623 2 
93.644 -15.233 10.29986 2.30552 2 
96.210 -15.233 8.61090 2.32301 2 
98.776 -15.233 9.23327 1.61856 2 
101.341 -15.233 8.63718 1.53346 2 
103.907 -15.233 8.21841 1.78613 2 
106.472 -15.233 8.24491 1.77088 2 
109.038 -15.233 7.71877 0.85811 2 
111.603 -15.233 7.73793 0.86627 2 
114.169 -15.233 8.11105 0.74347 2 
116.735 -15.233 5.67364 0.90952 2 
119.300 -15.233 0.00000 -0.00000 0 
-8.980 -17.799 7.23254 -1.11439 2 
-6.414 -17.799 7.22813 -1.02208 2 
-3.848 -17.799 7.27622 -1.35361 2 
-1.283 -17.799 7.40791 -1.41252 2 
1.283 -17.799 7.40440 -1.62352 2 
3.848 -17.799 7.41814 -1.72124 2 
6.414 -17.799 7.64328 -2.07410 2 
8.980 -17.799 7.95575 -2.12324 2 
11.545 -17.799 8.36505 -2.17680 2 
14.111 -17.799 8.48021 -2.18544 2 
16.676 -17.799 8.77417 -2.22469 2 
19.242 -17.799 8.96743 -1.91685 2 
21.808 -17.799 9.09968 -1.90660 2 
24.373 -17.799 9.29478 -1.76615 2 
26.939 -17.799 9.23466 -1.51106 2 
29.504 -17.799 9.44506 -1.40792 2 
32.070 -17.799 9.63465 -1.41992 2 
34.636 -17.799 9.63993 -1.40566 2 
37.201 -17.799 9.96378 -1.01416 2 
39.767 -17.799 9.94552 -0.80705 2 
42.332 -17.799 9.64287 -0.72453 2 
44.898 -17.799 9.63960 -0.51166 2 
47.464 -17.799 9.56154 -0.49857 2 
50.029 -17.799 9.14788 -0.20656 2 
52.595 -17.799 9.04094 -0.70675 2 
55.160 -17.799 9.20679 -0.98397 2 
57.726 -17.799 9.65659 -1.19709 2 
60.292 -17.799 8.72342 -0.93472 2 
62.857 -17.799 7.79026 -0.67236 2 
65.423 -17.799 10.14910 -0.13616 2 
67.988 -17.799 8.18244 -0.17026 2 
70.554 -17.799 7.96277 0.41193 2 
73.120 -17.799 8.43793 0.53628 2 
75.685 -17.799 9.26611 1.35912 2 
78.251 -17.799 9.49490 1.03706 2 
80.816 -17.799 9.49476 0.95897 2 
83.382 -17.799 9.48481 0.64772 2 
85.948 -17.799 10.37186 1.44264 2 
88.513 -17.799 10.22030 1.72144 2 
91.079 -17.799 10.27582 1.73321 2 
93.644 -17.799 9.84300 1.98440 2 
96.210 -17.799 9.57483 2.09933 2 
98.776 -17.799 8.95145 1.94860 2 
101.341 -17.799 8.82130 1.83444 2 
103.907 -17.799 8.77477 1.51006 2 
106.472 -17.799 8.63869 1.50077 2 
109.038 -17.799 8.46119 1.21718 2 
111.603 -17.799 8.87136 1.01183 2 
114.169 -17.799 9.06631 1.44654 2 
116.735 -17.799 7.29493 1.29843 2 
119.300 -17.799 0.00000 -0.00000 0 
-8.980 -20.364 7.32423 -1.02708 2 
-6.414 -20.364 7.50395 -1.13334 2 
-3.848 -20.364 7.52561 -1.39482 2 
-1.283 -20.364 7.51621 -1.31711 2 
1.283 -20.364 7.51220 -1.47870 2 
3.848 -20.364 7.80214 -1.73490 2 
6.414 -20.364 8.01452 -1.69904 2 
8.980 -20.364 8.00914 -1.86974 2 
11.545 -20.364 8.27316 -1.85905 2 
14.111 -20.364 8.53691 -1.87941 2 
16.676 -20.364 8.78706 -1.81560 2 
19.242 -20.364 8.80687 -1.86575 2 
21.808 -20.364 9.05100 -1.88392 2 
24.373 -20.364 9.07876 -1.61307 2 
26.939 -20.364 9.22825 -1.50093 2 
29.504 -20.364 9.27789 -1.36780 2 
32.070 -20.364 9.37011 -1.32647 2 
34.636 -20.364 9.65003 -1.10705 2 
37.201 -20.364 9.58136 -1.05335 2 
39.767 -20.364 9.44337 -0.86279 2 
42.332 -20.364 9.59203 -0.75871 2 
44.898 -20.364 9.59601 -0.62200 2 
47.464 -20.364 9.38345 -0.38945 2 
50.029 -20.364 9.30442 -0.76734 2 
52.595 -20.364 9.07556 -0.68771 2 
55.160 -20.364 9.21020 -0.90063 2 
57.726 -20.364 9.78369 -1.06290 2 
60.292 -20.364 9.95168 -0.64180 2 
62.857 -20.364 10.06866 -0.15445 2 
65.423 -20.364 10.08081 0.10679 2 
67.988 -20.364 10.54314 -0.06935 2 
70.554 -20.364 10.24708 0.20584 2 
73.120 -20.364 10.60835 0.39923 2 
75.685 -20.364 10.12160 1.11967 2 
78.251 -20.364 9.89388 1.08009 2 
80.816 -20.364 9.81222 0.76218 2 
83.382 -20.364 10.01082 0.52733 2 
85.948 -20.364 10.01318 1.12731 2 
88.513 -20.364 10.09311 1.21262 2 
91.079 -20.364 9.86606 1.47603 2 
93.644 -20.364 9.74476 1.56736 2 
96.210 -20.364 9.12901 1.62890 2 
98.776 -20.364 9.07566 1.78277 2 
101.341 -20.364 8.85873 1.49318 2 
103.907 -20.364 8.73607 1.49495 2 
106.472 -20.364 8.76158 1.38386 2 
109.038 -20.364 8.60438 1.37530 2 
111.603 -20.364 8.66973 1.16519 2 
114.169 -20.364 8.69765 1.50596 2 
116.735 -20.364 8.91621 1.68733 2 
119.300 -20.364 0.00000 -0.00000 0 
-8.980 -22.930 7.46901 -1.07328 2 
-6.414 -22.930 7.46157 -1.04702 2 
-3.848 -22.930 7.45881 -1.16839 2 
-1.283 -22.930 7.57342 -1.31283 2 
1.283 -22.930 7.71312 -1.39878 2 
3.848 -22.930 7.86057 -1.53969 2 
6.414 -22.930 7.96972 -1.55778 2 
8.980 -22.930 8.16769 -1.67315 2 
11.545 -22.930 8.38250 -1.65378 2 
14.111 -22.930 8.62227 -1.64886 2 
16.676 -22.930 8.67802 -1.71013 2 
19.242 -22.930 8.84086 -1.65459 2 
21.808 -22.930 8.85352 -1.48882 2 
24.373 -22.930 8.99761 -1.52721 2 
26.939 -22.930 9.19406 -1.53295 2 
29.504 -22.930 9.30695 -1.17397 2 
32.070 -22.930 9.24158 -1.10061 2 
34.636 -22.930 9.40914 -1.02983 2 
37.201 -22.930 9.44925 -0.92258 2 
39.767 -22.930 9.58450 -0.71827 2 
42.332 -22.930 9.57727 -0.79708 2 
44.898 -22.930 9.51358 -0.73915 2 
47.464 -22.930 9.55391 -0.76451 2 
50.029 -22.930 9.53634 -0.57214 2 
52.595 -22.930 9.21257 -0.70056 2 
55.160 -22.930 9.64330 -0.82260 2 
57.726 -22.930 9.91079 -0.92871 2 
60.292 -22.930 10.12978 -0.57387 2 
62.857 -22.930 10.04381 -0.18083 2 
65.423 -22.930 10.06892 -0.14660 2 
67.988 -22.930 10.23015 0.02283 2 
70.554 -22.930 10.32219 0.20841 2 
73.120 -22.930 10.04964 0.59168 2 
75.685 -22.930 10.00404 0.72269 2 
78.251 -22.930 9.87648 0.75374 2 
80.816 -22.930 9.80936 0.77099 2 
83.382 -22.930 9.74783 0.74338 2 
85.948 -22.930 9.85005 0.85473 2 
88.513 -22.930 9.78701 1.04630 2 
91.079 -22.930 9.74728 1.08439 2 
93.644 -22.930 9.43316 1.34230 2 
96.210 -22.930 9.18076 1.33278 2 
98.776 -22.930 9.11586 1.45019 2 
101.341 -22.930 8.86579 1.38183 2 
103.907 -22.930 8.85795 1.46446 2 
106.472 -22.930 8.79153 1.28996 2 
109.038 -22.930 8.77906 1.33994 2 
111.603 -22.930 8.80144 1.36962 2 
114.169 -22.930 8.54815 1.35865 2 
116.735 -22.930 8.77661 1.51678 2 
119.300 -22.930 0.00000 -0.00000 0 
-8.980 -25.496 7.38892 -0.88265 2 
-6.414 -25.496 7.55608 -1.01946 2 
-3.848 -25.496 7.53605 -1.05205 2 
-1.283 -25.496 7.66532 -1.20940 2 
1.283 -25.496 7.85112 -1.39257 2 
3.848 -25.496 7.95835 -1.40532 2 
6.414 -25.496 8.09441 -1.50418 2 
8.980 -25.496 8.16824 -1.60698 2 
11.545 -25.496 8.30928 -1.57802 2 
14.111 -25.496 8.67368 -1.49107 2 
16.676 -25.496 8.50246 -1.52475 2 
19.242 -25.496 8.75699 -1.46308 2 
21.808 -25.496 8.81825 -1.44139 2 
24.373 -25.496 8.92997 -1.30633 2 
26.939 -25.496 9.01348 -1.29831 2 
29.504 -25.496 9.16380 -1.11907 2 
32.070 -25.496 9.26825 -1.19449 2 
34.636 -25.496 9.19025 -1.10320 2 
37.201 -25.496 9.30654 -0.89678 2 
39.767 -25.496 9.25021 -0.90965 2 
42.332 -25.496 9.47375 -0.88341 2 
44.898 -25.496 9.42208 -0.66262 2 
47.464 -25.496 9.35575 -0.67640 2 
50.029 -25.496 9.40428 -0.80673 2 
52.595 -25.496 9.57098 -0.51491 2 
55.160 -25.496 9.52556 -0.65318 2 
57.726 -25.496 9.51412 -0.59055 2 
60.292 -25.496 9.70104 -0.50473 2 
62.857 -25.496 9.94742 -0.32739 2 
65.423 -25.496 9.88227 -0.03034 2 
67.988 -25.496 9.99453 -0.06317 2 
70.554 -25.496 10.12596 0.15459 2 
73.120 -25.496 10.08314 0.35997 2 
75.685 -25.496 9.84344 0.46577 2 
78.251 -25.496 9.83412 0.54330 2 
80.816 -25.496 9.52390 0.71292 2 
83.382 -25.496 9.68739 0.84517 2 
85.948 -25.496 9.56302 0.85633 2 
88.513 -25.496 9.62094 0.96346 2 
91.079 -25.496 9.46998 1.15095 2 
93.644 -25.496 9.50051 1.21336 2 
96.210 -25.496 9.24528 1.26040 2 
98.776 -25.496 9.03131 1.47946 2 
101.341 -25.496 8.87871 1.33693 2 
103.907 -25.496 8.87141 1.19879 2 
106.472 -25.496 8.64470 1.31384 2 
109.038 -25.496 8.60342 1.33546 2 
111.603 -25.496 8.68085 1.30659 2 
114.169 -25.496 8.54866 1.33560 2 
116.735 -25.496 8.70863 1.37417 2 
119.300 -25.496 0.00000 -0.00000 0 
-8.980 -28.061 7.56285 -0.95326 2 
-6.414 -28.061 7.62787 -1.11086 2 
-3.848 -28.061 7.81415 -0.99062 2 
-1.283 -28.061 7.74268 -1.13786 2 
1.283 -28.061 8.00982 -1.17307 2 
3.848 -28.061 7.87014 -1.34625 2 
6.414 -28.061 8.12601 -1.25108 2 
8.980 -28.061 8.42208 -1.35330 2 
11.545 -28.061 8.26507 -1.41643 2 
14.111 -28.061 8.47977 -1.26124 2 
16.676 -28.061 8.73964 -1.39026 2 
19.242 -28.061 8.68132 -1.36368 2 
21.808 -28.061 8.83562 -1.28714 2 
24.373 -28.061 8.86967 -1.25981 2 
26.939 -28.061 9.01933 -1.01942 2 
29.504 -28.061 9.11226 -1.26011 2 
32.070 -28.061 8.91138 -1.07491 2 
34.636 -28.061 9.21416 -0.98114 2 
37.201 -28.061 9.19716 -0.92576 2 
39.767 -28.061 9.20830 -0.81053 2 
42.332 -28.061 9.29935 -0.74802 2 
44.898 -28.061 9.27748 -0.63781 2 
47.464 -28.061 9.34180 -0.69768 2 
50.029 -28.061 9.25922 -0.56152 2 
52.595 -28.061 9.51972 -0.54739 2 
55.160 -28.061 9.42237 -0.76688 2 
57.726 -28.061 9.53839 -0.49776 2 
60.292 -28.061 9.72471 -0.50596 2 
62.857 -28.061 9.51785 -0.28724 2 
65.423 -28.061 9.87431 -0.17315 2 
67.988 -28.061 9.62195 0.07821 2 
70.554 -28.061 9.90753 0.14522 2 
73.120 -28.061 9.93303 0.27980 2 
75.685 -28.061 9.69104 0.48332 2 
78.251 -28.061 9.52201 0.68885 2 
80.816 -28.061 9.60322 0.57674 2 
83.382 -28.061 9.67201 0.57428 2 
85.948 -28.061 9.56719 0.78389 2 
88.513 -28.061 9.40722 0.80729 2 
91.079 -28.061 9.32452 0.93886 2 
93.644 -28.061 9.21244 1.14939 2 
96.210 -28.061 9.07069 1.12383 2 
98.776 -28.061 9.18705 0.99702 2 
101.341 -28.061 8.85628 1.08133 2 
103.907 -28.061 8.81591 1.17018 2 
106.472 -28.061 8.80679 1.08892 2 
109.038 -28.061 8.79241 1.22452 2 
111.603 -28.061 8.53254 1.09133 2 
114.169 -28.061 8.50120 1.14626 2 
116.735 -28.061 8.64064 1.23156 2 
119.300 -28.061 0.00000 -0.00000 0 
-8.980 -30.627 7.65883 -0.95837 2 
-6.414 -30.627 7.75557 -0.88133 2 
-3.848 -30.627 7.70556 -1.04051 2 
-1.283 -30.627 7.96003 -1.12646 2 
1.283 -30.627 7.98568 -1.12251 2 
3.848 -30.627 8.16977 -1.19614 2 
6.414 -30.627 8.09591 -1.23116 2 
8.980 -30.627 8.22675 -1.18775 2 
11.545 -30.627 8.43130 -1.23133 2 
14.111 -30.627 8.41653 -1.36327 2 
16.676 -30.627 8.54250 -1.31530 2 
19.242 -30.627 8.55668 -1.20593 2 
21.808 -30.627 8.71688 -1.20203 2 
24.373 -30.627 8.87588 -1.37956 2 
26.939 -30.627 9.03489 -0.98090 2 
29.504 -30.627 8.91450 -1.08364 2 
32.070 -30.627 9.15677 -0.93838 2 
34.636 -30.627 9.10789 -0.85994 2 
37.201 -30.627 9.23223 -0.80472 2 
39.767 -30.627 9.23389 -0.86776 2 
42.332 -30.627 9.28819 -0.72357 2 
44.898 -30.627 9.24184 -0.63794 2 
47.464 -30.627 9.23585 -0.61112 2 
50.029 -30.627 9.47502 -0.63428 2 
52.595 -30.627 9.36665 -0.63717 2 
55.160 -30.627 9.35941 -0.41871 2 
57.726 -30.627 9.61977 -0.40783 2 
60.292 -30.627 9.37586 -0.28993 2 
62.857 -30.627 9.65058 -0.30190 2 
65.423 -30.627 9.61627 -0.16550 2 
67.988 -30.627 9.76659 -0.16810 2 
70.554 -30.627 9.67803 0.17895 2 
73.120 -30.627 9.58449 0.43714 2 
75.685 -30.627 9.92944 0.43397 2 
78.251 -30.627 9.60533 0.46994 2 
80.816 -30.627 9.52043 0.53291 2 
83.382 -30.627 9.39333 0.77099 2 
85.948 -30.627 9.35777 0.67386 2 
88.513 -30.627 9.44706 0.82959 2 
91.079 -30.627 9.16606 0.97132 2 
93.644 -30.627 9.32574 0.86731 2 
96.210 -30.627 8.98423 0.96959 2 
98.776 -30.627 9.10395 1.21007 2 
101.341 -30.627 9.03507 1.06685 2 
103.907 -30.627 8.87461 1.01773 2 
106.472 -30.627 8.68335 1.19989 2 
109.038 -30.627 8.86146 1.09012 2 
111.603 -30.627 8.58687 1.06992 2 
114.169 -30.627 8.41713 1.21288 2 
116.735 -30.627 8.53297 1.12388 2 
119.300 -30.627 0.00000 -0.00000 0 
-8.980 -33.192 7.69894 -0.86332 2 
-6.414 -33.192 7.89449 -0.93679 2 
-3.848 -33.192 7.85448 -0.98056 2 
-1.283 -33.192 7.91110 -0.99230 2 
1.283 -33.192 8.12725 -1.02582 2 
3.848 -33.192 8.16835 -1.19186 2 
6.414 -33.192 8.17060 -1.03308 2 
8.980 -33.192 8.31729 -1.17193 2 
11.545 -33.192 8.44728 -1.10912 2 
14.111 -33.192 8.49948 -1.22319 2 
16.676 -33.192 8.54885 -1.09240 2 
19.242 -33.192 8.58885 -1.16696 2 
21.808 -33.192 8.75052 -1.12197 2 
24.373 -33.192 8.63727 -1.02412 2 
26.939 -33.192 8.78323 -0.96218 2 
29.504 -33.192 9.00501 -1.04717 2 
32.070 -33.192 8.94301 -0.93314 2 
34.636 -33.192 9.05754 -0.99040 2 
37.201 -33.192 9.04434 -0.89883 2 
39.767 -33.192 9.21001 -0.63898 2 
42.332 -33.192 9.13008 -0.71261 2 
44.898 -33.192 9.11383 -0.69726 2 
47.464 -33.192 9.02734 -0.62445 2 
50.029 -33.192 9.22994 -0.55895 2 
52.595 -33.192 9.19270 -0.64082 2 
55.160 -33.192 9.21047 -0.51362 2 
57.726 -33.192 9.38765 -0.19938 2 
60.292 -33.192 9.50247 -0.32837 2 
62.857 -33.192 9.41874 -0.23056 2 
65.423 -33.192 9.49587 -0.06387 2 
67.988 -33.192 9.57280 0.12190 2 
70.554 -33.192 9.56379 0.12394 2 
73.120 -33.192 9.55505 0.14640 2 
75.685 -33.192 9.53452 0.43588 2 
78.251 -33.192 9.38127 0.36005 2 
80.816 -33.192 9.44906 0.56469 2 
83.382 -33.192 9.25419 0.60370 2 
85.948 -33.192 9.33109 0.68740 2 
88.513 -33.192 9.29711 0.77859 2 
91.079 -33.192 9.09567 0.92166 2 
93.644 -33.192 9.10543 0.78444 2 
96.210 -33.192 9.13298 0.96070 2 
98.776 -33.192 8.95081 0.93969 2 
101.341 -33.192 8.89738 0.95154 2 
103.907 -33.192 8.78786 1.15436 2 
106.472 -33.192 8.85689 1.15917 2 
109.038 -33.192 8.66417 0.92513 2 
111.603 -33.192 8.62498 1.06766 2 
114.169 -33.192 8.67687 1.03664 2 
116.735 -33.192 8.42529 1.01620 2 
119.300 -33.192 0.00000 -0.00000 0 
-8.980 -35.758 7.79248 -0.82480 2 
-6.414 -35.758 7.82288 -0.98111 2 
-3.848 -35.758 7.95462 -0.89320 2 
-1.283 -35.758 7.87873 -0.94329 2 
1.283 -35.758 8.02552 -1.08481 2 
3.848 -35.758 8.17075 -0.91149 2 
6.414 -35.758 8.13550 -1.16968 2 
8.980 -35.758 8.32687 -1.04800 2 
11.545 -35.758 8.33075 -1.12401 2 
14.111 -35.758 8.38038 -1.13507 2 
16.676 -35.758 8.49759 -1.17078 2 
19.242 -35.758 8.70197 -0.93019 2 
21.808 -35.758 8.69941 -0.95476 2 
24.373 -35.758 8.83285 -1.01753 2 
26.939 -35.758 8.93449 -1.05001 2 
29.504 -35.758 8.74207 -0.94696 2 
32.070 -35.758 8.96981 -0.75157 2 
34.636 -35.758 8.97497 -0.73133 2 
37.201 -35.758 9.15831 -0.76484 2 
39.767 -35.758 9.02815 -0.79775 2 
42.332 -35.758 9.03682 -0.70805 2 
44.898 -35.758 9.15567 -0.74654 2 
47.464 -35.758 9.44232 -0.61072 2 
50.029 -35.758 9.18670 -0.70526 2 
52.595 -35.758 9.33073 -0.44937 2 
55.160 -35.758 9.41364 -0.46632 2 
57.726 -35.758 9.22040 -0.41904 2 
60.292 -35.758 9.30983 -0.27680 2 
62.857 -35.758 9.36502 -0.19883 2 
65.423 -35.758 9.40774 -0.09936 2 
67.988 -35.758 9.26495 0.06287 2 
70.554 -35.758 9.37324 0.20833 2 
73.120 -35.758 9.45100 0.11606 2 
75.685 -35.758 9.45025 0.25999 2 
78.251 -35.758 9.49937 0.45209 2 
80.816 -35.758 9.28183 0.48401 2 
83.382 -35.758 9.37059 0.50351 2 
85.948 -35.758 9.28337 0.68093 2 
88.513 -35.758 9.11194 0.81966 2 
91.079 -35.758 9.00203 0.68299 2 
93.644 -35.758 8.99952 1.00058 2 
96.210 -35.758 8.99898 0.78361 2 
98.776 -35.758 9.03522 1.00660 2 
101.341 -35.758 8.76342 0.91497 2 
103.907 -35.758 8.73226 0.89792 2 
106.472 -35.758 8.70728 0.93577 2 
109.038 -35.758 8.59006 0.98875 2 
111.603 -35.758 8.67022 1.03112 2 
114.169 -35.758 8.37053 1.18904 2 
116.735 -35.758 8.80036 0.78656 2 
119.300 -35.758 0.00000 -0.00000 0 
-8.980 -38.324 7.77823 -0.93355 2 
-6.414 -38.324 7.90083 -0.87585 2 
-3.848 -38.324 7.89660 -0.98361 2 
-1.283 -38.324 7.97400 -0.85445 2 
1.283 -38.324 7.94007 -0.96843 2 
3.848 -38.324 8.15365 -0.96584 2 
6.414 -38.324 8.25150 -1.04843 2 
8.980 -38.324 8.29912 -0.85387 2 
11.545 -38.324 8.26314 -1.13959 2 
14.111 -38.324 8.54496 -0.96657 2 
16.676 -38.324 8.51417 -0.96931 2 
19.242 -38.324 8.62038 -1.04028 2 
21.808 -38.324 8.62510 -0.92838 2 
24.373 -38.324 8.77701 -0.90634 2 
26.939 -38.324 8.67417 -0.91612 2 
29.504 -38.324 9.00107 -0.91017 2 
32.070 -38.324 8.88844 -0.78114 2 
34.636 -38.324 8.97868 -0.89685 2 
37.201 -38.324 8.87118 -0.71998 2 
39.767 -38.324 8.96128 -0.62459 2 
42.332 -38.324 8.95021 -0.64448 2 
44.898 -38.324 9.09093 -0.43711 2 
47.464 -38.324 9.07010 -0.53368 2 
50.029 -38.324 9.09623 -0.56532 2 
52.595 -38.324 9.17000 -0.50266 2 
55.160 -38.324 9.16066 -0.37212 2 
57.726 -38.324 9.19841 -0.27908 2 
60.292 -38.324 9.31722 -0.25985 2 
62.857 -38.324 9.31612 -0.15305 2 
65.423 -38.324 9.16146 -0.06137 2 
67.988 -38.324 9.40983 0.03535 2 
70.554 -38.324 9.17885 0.22289 2 
73.120 -38.324 9.27074 0.27386 2 
75.685 -38.324 9.23477 0.31463 2 
78.251 -38.324 9.16345 0.29835 2 
80.816 -38.324 9.26137 0.45201 2 
83.382 -38.324 9.08881 0.60137 2 
85.948 -38.324 9.07157 0.64291 2 
88.513 -38.324 9.17347 0.56087 2 
91.079 -38.324 9.07313 0.82822 2 
93.644 -38.324 8.97058 0.65505 2 
96.210 -38.324 8.90322 0.78596 2 
98.776 -38.324 8.94790 0.90488 2 
101.341 -38.324 8.87306 0.81063 2 
103.907 -38.324 8.84226 1.06224 2 
106.472 -38.324 8.63275 1.03926 2 
109.038 -38.324 8.67628 0.75370 2 
111.603 -38.324 8.42413 0.91276 2 
114.169 -38.324 8.51837 0.95600 2 
116.735 -38.324 8.74445 0.91328 2 
119.300 -38.324 0.00000 -0.00000 0 
-8.980 -40.889 8.18732 -0.74559 2 
-6.414 -40.889 7.81386 -0.82429 2 
-3.848 -40.889 7.88666 -0.83501 2 
-1.283 -40.889 8.08773 -0.90632 2 
1.283 -40.889 8.13437 -0.92171 2 
3.848 -40.889 8.12574 -0.88415 2 
6.414 -40.889 8.29859 -0.92484 2 
8.980 -40.889 8.28789 -0.93788 2 
11.545 -40.889 8.46374 -0.90134 2 
14.111 -40.889 8.40076 -0.96147 2 
16.676 -40.889 8.51186 -0.88087 2 
19.242 -40.889 8.72352 -1.00859 2 
21.808 -40.889 8.71276 -0.85678 2 
24.373 -40.889 8.69347 -0.85103 2 
26.939 -40.889 8.80907 -0.88178 2 
29.504 -40.889 8.77256 -0.92930 2 
32.070 -40.889 8.77902 -0.85139 2 
34.636 -40.889 8.96800 -0.72332 2 
37.201 -40.889 9.07090 -0.75013 2 
39.767 -40.889 8.86677 -0.73670 2 
42.332 -40.889 9.04372 -0.69859 2 
44.898 -40.889 9.00292 -0.55960 2 
47.464 -40.889 9.04980 -0.59257 2 
50.029 -40.889 9.12148 -0.48502 2 
52.595 -40.889 9.15791 -0.43674 2 
55.160 -40.889 9.20060 -0.37642 2 
57.726 -40.889 9.22789 -0.16170 2 
60.292 -40.889 9.16206 -0.13149 2 
62.857 -40.889 9.23220 -0.20822 2 
65.423 -40.889 9.23615 0.04646 2 
67.988 -40.889 9.22515 -0.03302 2 
70.554 -40.889 9.21717 0.29982 2 
73.120 -40.889 9.04365 0.23574 2 
75.685 -40.889 9.16856 0.17965 2 
78.251 -40.889 9.21821 0.44272 2 
80.816 -40.889 9.25430 0.51424 2 
83.382 -40.889 9.14739 0.40266 2 
85.948 -40.889 9.09116 0.54442 2 
88.513 -40.889 9.03094 0.75577 2 
91.079 -40.889 9.01088 0.57659 2 
93.644 -40.889 8.87919 0.76084 2 
96.210 -40.889 8.97528 0.79095 2 
98.776 -40.889 8.75831 0.76740 2 
101.341 -40.889 8.82431 0.87039 2 
103.907 -40.889 8.76288 0.69873 2 
106.472 -40.889 8.65750 0.79325 2 
109.038 -40.889 8.70056 0.95489 2 
111.603 -40.889 8.57214 0.89125 2 
114.169 -40.889 8.63884 0.83678 2 
116.735 -40.889 8.68854 1.04000 2 
119.300 -40.889 0.00000 -0.00000 0 
-8.980 -43.455 8.06185 -0.80034 2 
-6.414 -43.455 7.97756 -0.76612 2 
-3.848 -43.455 7.91741 -0.93761 2 
-1.283 -43.455 8.07101 -0.75127 2 
1.283 -43.455 8.21112 -0.87887 2 
3.848 -43.455 8.10867 -0.80543 2 
6.414 -43.455 8.22437 -0.89767 2 
8.980 -43.455 8.29897 -0.85092 2 
11.545 -43.455 8.33552 -0.87625 2 
14.111 -43.455 8.50672 -0.87070 2 
16.676 -43.455 8.41731 -0.89628 2 
19.242 -43.455 8.57195 -0.86341 2 
21.808 -43.455 8.76027 -0.88237 2 
24.373 -43.455 8.63199 -0.85509 2 
26.939 -43.455 8.80682 -0.72215 2 
29.504 -43.455 8.76107 -0.68198 2 
32.070 -43.455 8.84848 -0.79118 2 
34.636 -43.455 8.80642 -0.70935 2 
37.201 -43.455 8.84716 -0.58269 2 
39.767 -43.455 8.87091 -0.49036 2 
42.332 -43.455 8.93383 -0.36140 2 
44.898 -43.455 8.93520 -0.57204 2 
47.464 -43.455 8.98136 -0.39056 2 
50.029 -43.455 9.01452 -0.34086 2 
52.595 -43.455 8.99842 -0.40595 2 
55.160 -43.455 8.96976 -0.26808 2 
57.726 -43.455 9.24382 -0.20937 2 
60.292 -43.455 9.04653 -0.23912 2 
62.857 -43.455 9.01320 -0.19346 2 
65.423 -43.455 9.19603 -0.02230 2 
67.988 -43.455 9.12293 0.03398 2 
70.554 -43.455 9.28868 0.00539 2 
73.120 -43.455 9.11775 0.08916 2 
75.685 -43.455 8.98886 0.25659 2 
78.251 -43.455 9.14441 0.51228 2 
80.816 -43.455 9.06576 0.34741 2 
83.382 -43.455 8.99605 0.57424 2 
85.948 -43.455 9.02878 0.50334 2 
88.513 -43.455 9.09175 0.57007 2 
91.079 -43.455 8.93960 0.70131 2 
93.644 -43.455 8.84418 0.68879 2 
96.210 -43.455 8.88817 0.71302 2 
98.776 -43.455 8.89674 0.72530 2 
101.341 -43.455 8.73763 0.95071 2 
103.907 -43.455 8.74000 0.69783 2 
106.472 -43.455 8.66298 0.75702 2 
109.038 -43.455 8.66437 0.80973 2 
111.603 -43.455 8.51202 0.88583 2 
114.169 -43.455 8.55118 0.83717 2 
116.735 -43.455 8.74306 1.01935 2 
119.300 -43.455 0.00000 -0.00000 0 
-8.980 -46.020 7.80600 -0.73804 2 
-6.414 -46.020 7.98851 -0.81948 2 
-3.848 -46.020 8.20214 -0.79928 2 
-1.283 -46.020 8.06126 -0.84238 2 
1.283 -46.020 8.05559 -0.77590 2 
3.848 -46.020 8.30463 -0.75740 2 
6.414 -46.020 8.23148 -0.82889 2 
8.980 -46.020 8.27649 -0.78911 2 
11.545 -46.020 8.48497 -0.84656 2 
14.111 -46.020 8.39679 -0.79745 2 
16.676 -46.020 8.59663 -0.86662 2 
19.242 -46.020 8.58135 -0.84862 2 
21.808 -46.020 8.64810 -0.77414 2 
24.373 -46.020 8.68244 -0.80739 2 
26.939 -46.020 8.69000 -0.79707 2 
29.504 -46.020 8.81250 -0.67648 2 
32.070 -46.020 8.84611 -0.77078 2 
34.636 -46.020 8.83194 -0.62358 2 
37.201 -46.020 8.77655 -0.66518 2 
39.767 -46.020 8.88543 -0.69691 2 
42.332 -46.020 8.85144 -0.55355 2 
44.898 -46.020 8.86747 -0.58448 2 
47.464 -46.020 8.93247 -0.31405 2 
50.029 -46.020 8.97899 -0.57821 2 
52.595 -46.020 9.04397 -0.32460 2 
55.160 -46.020 8.94409 -0.37122 2 
57.726 -46.020 9.07781 -0.27174 2 
60.292 -46.020 9.07093 -0.24247 2 
62.857 -46.020 9.05020 -0.17438 2 
65.423 -46.020 9.09157 0.00381 2 
67.988 -46.020 9.05848 0.07854 2 
70.554 -46.020 9.13925 0.13705 2 
73.120 -46.020 9.05422 0.18814 2 
75.685 -46.020 9.15609 0.20919 2 
78.251 -46.020 9.08332 0.39912 2 
80.816 -46.020 8.95541 0.33599 2 
83.382 -46.020 8.82725 0.37739 2 
85.948 -46.020 9.02338 0.62160 2 
88.513 -46.020 8.86588 0.52350 2 
91.079 -46.020 8.91977 0.70490 2 
93.644 -46.020 8.78581 0.70511 2 
96.210 -46.020 8.81790 0.68345 2 
98.776 -46.020 8.94542 0.67091 2 
101.341 -46.020 8.63009 0.60921 2 
103.907 -46.020 8.72251 0.78454 2 
106.472 -46.020 8.65424 0.80813 2 
109.038 -46.020 8.52580 0.81739 2 
111.603 -46.020 8.49665 0.76923 2 
114.169 -46.020 8.43872 0.90742 2 
116.735 -46.020 8.79759 0.99869 2 
119.300 -46.020 0.00000 -0.00000 0 
-8.980 -48.586 8.02786 -0.66764 2 
-6.414 -48.586 8.01724 -0.68020 2 
-3.848 -48.586 8.00736 -0.76620 2 
-1.283 -48.586 8.15132 -0.77448 2 
1.283 -48.586 8.08783 -0.82820 2 
3.848 -48.586 8.17359 -0.79820 2 
6.414 -48.586 8.19104 -0.76290 2 
8.980 -48.586 8.34490 -0.85921 2 
11.545 -48.586 8.38281 -0.78253 2 
14.111 -48.586 8.47808 -0.87471 2 
16.676 -48.586 8.55474 -0.81497 2 
19.242 -48.586 8.39732 -0.80269 2 
21.808 -48.586 8.65687 -0.62572 2 
24.373 -48.586 8.65319 -0.77786 2 
26.939 -48.586 8.74766 -0.70232 2 
29.504 -48.586 8.59496 -0.68229 2 
32.070 -48.586 8.70028 -0.61945 2 
34.636 -48.586 8.80453 -0.70820 2 
37.201 -48.586 8.83172 -0.52796 2 
39.767 -48.586 8.76818 -0.58150 2 
42.332 -48.586 8.84412 -0.59774 2 
44.898 -48.586 8.89687 -0.54052 2 
47.464 -48.586 8.95112 -0.55938 2 
50.029 -48.586 8.98832 -0.29787 2 
52.595 -48.586 8.94520 -0.34280 2 
55.160 -48.586 9.10440 -0.20130 2 
57.726 -48.586 8.91763 -0.19675 2 
60.292 -48.586 9.01678 -0.15277 2 
62.857 -48.586 8.94735 0.07212 2 
65.423 -48.586 9.09255 -0.21260 2 
67.988 -48.586 8.97505 0.09845 2 
70.554 -48.586 9.13019 -0.01298 2 
73.120 -48.586 8.95405 0.24885 2 
75.685 -48.586 9.00760 0.28397 2 
78.251 -48.586 8.90507 0.31446 2 
80.816 -48.586 9.08243 0.39053 2 
83.382 -48.586 8.93601 0.50431 2 
85.948 -48.586 8.83351 0.38706 2 
88.513 -48.586 8.89997 0.58294 2 
91.079 -48.586 8.94447 0.60731 2 
93.644 -48.586 8.75987 0.63481 2 
96.210 -48.586 8.85201 0.52363 2 
98.776 -48.586 8.60252 0.67886 2 
101.341 -48.586 8.68405 0.71370 2 
103.907 -48.586 8.73457 0.69124 2 
106.472 -48.586 8.51913 0.65928 2 
109.038 -48.586 8.74007 0.71201 2 
111.603 -48.586 8.50694 0.69216 2 
114.169 -48.586 8.66488 0.78097 2 
116.735 -48.586 9.00515 0.72587 2 
119.300 -48.586 0.00000 -0.00000 0 
-8.980 -51.152 7.96104 -0.69574 2 
-6.414 -51.152 8.04362 -0.78139 2 
-3.848 -51.152 8.00067 -0.74219 2 
-1.283 -51.152 8.09126 -0.73902 2 
1.283 -51.152 8.09550 -0.80492 2 
3.848 -51.152 8.15364 -0.69093 2 
6.414 -51.152 8.36196 -0.84075 2 
8.980 -51.152 8.25154 -0.68300 2 
11.545 -51.152 8.40562 -0.81825 2 
14.111 -51.152 8.46457 -0.73668 2 
16.676 -51.152 8.40695 -0.65658 2 
19.242 -51.152 8.51112 -0.76493 2 
21.808 -51.152 8.55163 -0.71959 2 
24.373 -51.152 8.60628 -0.77948 2 
26.939 -51.152 8.58730 -0.71448 2 
29.504 -51.152 8.68407 -0.64272 2 
32.070 -51.152 8.58807 -0.67713 2 
34.636 -51.152 8.62281 -0.62905 2 
37.201 -51.152 8.76996 -0.51689 2 
39.767 -51.152 8.73487 -0.61526 2 
42.332 -51.152 8.81672 -0.52020 2 
44.898 -51.152 8.95121 -0.50126 2 
47.464 -51.152 8.94718 -0.33144 2 
50.029 -51.152 8.95259 -0.36310 2 
52.595 -51.152 8.88095 -0.30624 2 
55.160 -51.152 8.90956 -0.26618 2 
57.726 -51.152 8.97125 -0.12308 2 
60.292 -51.152 8.96407 -0.16422 2 
62.857 -51.152 9.06656 -0.22512 2 
65.423 -51.152 8.97638 -0.00258 2 
67.988 -51.152 8.94787 0.15659 2 
70.554 -51.152 9.08929 -0.07929 2 
73.120 -51.152 8.95830 0.15560 2 
75.685 -51.152 9.00749 0.25105 2 
78.251 -51.152 9.00956 0.24564 2 
80.816 -51.152 8.92515 0.32335 2 
83.382 -51.152 8.83884 0.42650 2 
85.948 -51.152 9.02436 0.47457 2 
88.513 -51.152 8.73853 0.45736 2 
91.079 -51.152 8.85388 0.36853 2 
93.644 -51.152 8.88157 0.63039 2 
96.210 -51.152 8.77830 0.50355 2 
98.776 -51.152 8.80781 0.58777 2 
101.341 -51.152 8.81357 0.64349 2 
103.907 -51.152 8.67937 0.65818 2 
106.472 -51.152 8.57277 0.60442 2 
109.038 -51.152 8.61957 0.69278 2 
111.603 -51.152 8.47657 0.65258 2 
114.169 -51.152 8.58894 0.73802 2 
116.735 -51.152 0.00000 -0.00000 0 
119.300 -51.152 0.00000 -0.00000 0 
-8.980 -53.717 0.00000 -0.00000 0 
-6.414 -53.717 8.23272 -0.74429 2 
-3.848 -53.717 8.26016 -0.63809 2 
-1.283 -53.717 8.27216 -0.77393 2 
1.283 -53.717 8.09502 -0.65685 2 
3.848 -53.717 8.29503 -0.84991 2 
6.414 -53.717 8.45823 -0.69579 2 
8.980 -53.717 8.55146 -0.66883 2 
11.545 -53.717 8.61981 -0.84124 2 
14.111 -53.717 8.58765 -0.86554 2 
16.676 -53.717 8.69607 -0.86551 2 
19.242 -53.717 8.80184 -0.82722 2 
21.808 -53.717 8.69736 -0.53536 2 
24.373 -53.717 9.00617 -0.59528 2 
26.939 -53.717 8.91805 -0.72885 2 
29.504 -53.717 8.99726 -0.65194 2 
32.070 -53.717 8.98075 -0.75569 2 
34.636 -53.717 9.07699 -0.60885 2 
37.201 -53.717 8.93479 -0.63729 2 
39.767 -53.717 9.21797 -0.43726 2 
42.332 -53.717 8.92205 -0.40470 2 
44.898 -53.717 9.05531 -0.45516 2 
47.464 -53.717 8.85287 -0.67851 2 
50.029 -53.717 8.89686 -0.39227 2 
52.595 -53.717 8.87429 -0.44261 2 
55.160 -53.717 8.89878 -0.28589 2 
57.726 -53.717 8.90997 -0.46548 2 
60.292 -53.717 8.99795 -0.20622 2 
62.857 -53.717 8.93537 -0.08441 2 
65.423 -53.717 8.79040 -0.01503 2 
67.988 -53.717 8.97844 -0.02206 2 
70.554 -53.717 8.87941 0.12768 2 
73.120 -53.717 8.95937 0.16971 2 
75.685 -53.717 9.00795 0.11324 2 
78.251 -53.717 8.93906 0.26030 2 
80.816 -53.717 8.93154 0.41671 2 
83.382 -53.717 8.92448 0.43025 2 
85.948 -53.717 8.93424 0.50016 2 
88.513 -53.717 8.93514 0.51722 2 
91.079 -53.717 8.81880 0.55410 2 
93.644 -53.717 8.85209 0.55489 2 
96.210 -53.717 8.69739 0.68503 2 
98.776 -53.717 8.69798 0.67281 2 
101.341 -53.717 8.65363 0.63019 2 
103.907 -53.717 8.49206 0.75233 2 
106.472 -53.717 8.61753 0.65403 2 
109.038 -53.717 8.50560 0.80756 2 
111.603 -53.717 8.50999 0.70284 2 
114.169 -53.717 8.92670 0.83646 2 
116.735 -53.717 0.00000 -0.00000 0 
119.300 -53.717 0.00000 -0.00000 0 
-8.980 -56.283 0.00000 -0.00000 0 
-6.414 -56.283 0.00000 -0.00000 0 
-3.848 -56.283 0.00000 -0.00000 0 
-1.283 -56.283 0.00000 -0.00000 0 
1.283 -56.283 0.00000 -0.00000 0 
3.848 -56.283 0.00000 -0.00000 0 
6.414 -56.283 0.00000 -0.00000 0 
8.980 -56.283 0.00000 -0.00000 0 
11.545 -56.283 0.00000 -0.00000 0 
14.111 -56.283 0.00000 -0.00000 0 
16.676 -56.283 0.00000 -0.00000 0 
19.242 -56.283 0.00000 -0.00000 0 
21.808 -56.283 0.00000 -0.00000 0 
24.373 -56.283 0.00000 -0.00000 0 
26.939 -56.283 0.00000 -0.00000 0 
29.504 -56.283 0.00000 -0.00000 0 
32.070 -56.283 0.00000 -0.00000 0 
34.636 -56.283 0.00000 -0.00000 0 
37.201 -56.283 0.00000 -0.00000 0 
39.767 -56.283 0.00000 -0.00000 0 
42.332 -56.283 0.00000 -0.00000 0 
44.898 -56.283 0.00000 -0.00000 0 
47.464 -56.283 0.00000 -0.00000 0 
50.029 -56.283 8.83140 -0.23170 2 
52.595 -56.283 8.83026 -0.23553 2 
55.160 -56.283 8.78709 -0.16417 2 
57.726 -56.283 8.85548 -0.15983 2 
60.292 -56.283 8.91959 -0.16107 2 
62.857 -56.283 8.81284 -0.09784 2 
65.423 -56.283 8.95778 -0.13339 2 
67.988 -56.283 9.00347 0.01183 2 
70.554 -56.283 8.90964 0.15729 2 
73.120 -56.283 8.85837 0.15014 2 
75.685 -56.283 8.76525 0.06662 2 
78.251 -56.283 8.93166 0.21030 2 
80.816 -56.283 8.79030 0.15394 2 
83.382 -56.283 8.81465 0.16891 2 
85.948 -56.283 8.80746 0.32880 2 
88.513 -56.283 8.81385 0.33985 2 
91.079 -56.283 0.00000 -0.00000 0 
93.644 -56.283 0.00000 -0.00000 0 
96.210 -56.283 0.00000 -0.00000 0 
98.776 -56.283 0.00000 -0.00000 0 
101.341 -56.283 0.00000 -0.00000 0 
103.907 -56.283 0.00000 -0.00000 0 
106.472 -56.283 0.00000 -0.00000 0 
109.038 -56.283 0.00000 -0.00000 0 
111.603 -56.283 0.00000 -0.00000 0 
114.169 -56.283 0.00000 -0.00000 0 
116.735 -56.283 0.00000 -0.00000 0 
119.300 -56.283 0.00000 -0.00000 0 
