TITLE = "B00036"
VARIABLES = "X [mm]", "Y [mm]", "Vx [m/s]", "Vy [m/s]", "Flag"
ZONE T="Frame 1", I=51, J=39, F=POINT
-8.980 41.210 7.22208 0.47003 2 
-6.414 41.210 7.25647 0.18904 2 
-3.848 41.210 7.24151 0.44447 2 
-1.283 41.210 6.99482 0.37817 2 
1.283 41.210 6.74813 0.31187 2 
3.848 41.210 0.00000 -0.00000 0 
6.414 41.210 0.00000 -0.00000 0 
8.980 41.210 0.00000 -0.00000 0 
11.545 41.210 0.00000 -0.00000 0 
14.111 41.210 0.00000 -0.00000 0 
16.676 41.210 0.00000 -0.00000 0 
19.242 41.210 0.47847 0.46311 2 
21.808 41.210 7.78969 0.78969 2 
24.373 41.210 7.35336 0.64758 2 
26.939 41.210 7.53351 0.75696 2 
29.504 41.210 7.46379 1.00405 2 
32.070 41.210 7.49561 0.75507 2 
34.636 41.210 7.79322 0.75610 2 
37.201 41.210 7.45280 0.77988 2 
39.767 41.210 7.72152 0.85251 2 
42.332 41.210 7.56137 0.77584 2 
44.898 41.210 7.92680 0.74197 2 
47.464 41.210 7.81642 0.88494 2 
50.029 41.210 7.83758 0.87638 2 
52.595 41.210 8.01421 0.90337 2 
55.160 41.210 7.92397 0.82567 2 
57.726 41.210 8.01473 0.62086 2 
60.292 41.210 8.14557 0.85428 2 
62.857 41.210 8.13934 0.67669 2 
65.423 41.210 8.47396 0.62515 2 
67.988 41.210 8.39704 0.69487 2 
70.554 41.210 8.35771 0.72414 2 
73.120 41.210 8.57134 0.49815 2 
75.685 41.210 8.32106 0.56203 2 
78.251 41.210 8.32509 0.51181 2 
80.816 41.210 0.00000 0.00000 0 
83.382 41.210 8.42936 0.39368 2 
85.948 41.210 8.52352 0.36804 2 
88.513 41.210 8.64798 0.16722 2 
91.079 41.210 8.51090 0.15571 2 
93.644 41.210 8.46953 -0.00856 2 
96.210 41.210 8.49503 0.11148 2 
98.776 41.210 8.38552 -0.15320 2 
101.341 41.210 8.35850 -0.10540 2 
103.907 41.210 8.37397 -0.09084 2 
106.472 41.210 8.31649 -0.16964 2 
109.038 41.210 8.28839 -0.16697 2 
111.603 41.210 8.18556 -0.20255 2 
114.169 41.210 8.35820 -0.20583 2 
116.735 41.210 8.18551 -0.19451 2 
119.300 41.210 0.00000 -0.00000 0 
-8.980 38.644 7.17978 0.21163 2 
-6.414 38.644 7.14633 0.43495 2 
-3.848 38.644 7.22041 0.33636 2 
-1.283 38.644 7.26421 0.44007 2 
1.283 38.644 7.08999 0.48556 2 
3.848 38.644 0.00000 -0.00000 0 
6.414 38.644 0.00000 -0.00000 0 
8.980 38.644 0.00000 -0.00000 0 
11.545 38.644 0.00000 -0.00000 0 
14.111 38.644 0.00000 -0.00000 0 
16.676 38.644 0.00000 -0.00000 0 
19.242 38.644 3.80224 0.42940 2 
21.808 38.644 7.60447 0.85879 2 
24.373 38.644 7.31852 0.78903 2 
26.939 38.644 7.35701 0.86921 2 
29.504 38.644 7.39899 0.85285 2 
32.070 38.644 7.60795 0.76929 2 
34.636 38.644 7.68693 0.84411 2 
37.201 38.644 7.60702 0.96256 2 
39.767 38.644 7.66387 0.97115 2 
42.332 38.644 7.78543 1.02229 2 
44.898 38.644 7.78918 0.97125 2 
47.464 38.644 7.88926 0.84277 2 
50.029 38.644 8.01986 0.76003 2 
52.595 38.644 8.17150 0.93516 2 
55.160 38.644 8.30407 0.75724 2 
57.726 38.644 8.12782 0.72645 2 
60.292 38.644 8.21382 0.81351 2 
62.857 38.644 8.16635 0.76812 2 
65.423 38.644 8.52975 0.65421 2 
67.988 38.644 8.24450 0.74007 2 
70.554 38.644 8.51396 0.69794 2 
73.120 38.644 8.47002 0.70192 2 
75.685 38.644 8.63794 0.80334 2 
78.251 38.644 8.48396 0.47708 2 
80.816 38.644 0.00000 0.00000 0 
83.382 38.644 8.64658 0.54024 2 
85.948 38.644 8.79434 0.46159 2 
88.513 38.644 8.54244 0.19032 2 
91.079 38.644 8.73902 0.20937 2 
93.644 38.644 8.51370 0.18668 2 
96.210 38.644 8.65706 -0.06755 2 
98.776 38.644 8.67705 -0.20829 2 
101.341 38.644 8.53999 -0.37828 2 
103.907 38.644 8.44569 -0.30515 2 
106.472 38.644 8.16462 -0.35569 2 
109.038 38.644 8.28338 -0.39722 2 
111.603 38.644 8.22723 -0.41854 2 
114.169 38.644 8.04488 -0.19198 2 
116.735 38.644 8.54457 -0.38152 2 
119.300 38.644 0.00000 -0.00000 0 
-8.980 36.079 7.40404 0.32242 2 
-6.414 36.079 7.23197 0.35818 2 
-3.848 36.079 7.23390 0.47419 2 
-1.283 36.079 7.14340 0.33719 2 
1.283 36.079 7.43184 0.65925 2 
3.848 36.079 0.00000 -0.00000 0 
6.414 36.079 0.00000 -0.00000 0 
8.980 36.079 0.00000 -0.00000 0 
11.545 36.079 0.00000 -0.00000 0 
14.111 36.079 0.00000 -0.00000 0 
16.676 36.079 0.00000 -0.00000 0 
19.242 36.079 3.85795 0.40634 2 
21.808 36.079 7.71591 0.81268 2 
24.373 36.079 7.25289 0.80708 2 
26.939 36.079 7.36088 0.83305 2 
29.504 36.079 7.35682 0.82488 2 
32.070 36.079 7.54155 0.92987 2 
34.636 36.079 7.44395 0.73042 2 
37.201 36.079 7.77558 0.92244 2 
39.767 36.079 7.71663 1.00461 2 
42.332 36.079 7.67370 0.89432 2 
44.898 36.079 7.77657 1.03673 2 
47.464 36.079 7.91772 0.72639 2 
50.029 36.079 7.86069 1.14329 2 
52.595 36.079 7.96499 0.69476 2 
55.160 36.079 8.19758 0.70860 2 
57.726 36.079 8.10375 0.80415 2 
60.292 36.079 8.19287 0.69853 2 
62.857 36.079 8.40623 0.90328 2 
65.423 36.079 8.15653 0.69827 2 
67.988 36.079 8.38711 0.84277 2 
70.554 36.079 8.40557 0.69665 2 
73.120 36.079 8.70116 0.57148 2 
75.685 36.079 8.57986 0.42457 2 
78.251 36.079 8.60922 0.54582 2 
80.816 36.079 0.00000 0.00000 0 
83.382 36.079 8.58427 0.31810 2 
85.948 36.079 8.66457 0.23416 2 
88.513 36.079 8.68066 0.37641 2 
91.079 36.079 8.51943 0.07037 2 
93.644 36.079 8.84281 -0.02661 2 
96.210 36.079 8.47104 -0.40125 2 
98.776 36.079 8.56781 -0.26067 2 
101.341 36.079 8.43052 -0.29348 2 
103.907 36.079 8.39543 -0.41576 2 
106.472 36.079 8.36590 -0.48380 2 
109.038 36.079 8.02100 -0.25350 2 
111.603 36.079 8.04298 -0.42314 2 
114.169 36.079 8.33704 -0.35119 2 
116.735 36.079 7.95994 -0.25763 2 
119.300 36.079 0.00000 -0.00000 0 
-8.980 33.513 7.18452 0.27749 2 
-6.414 33.513 7.19377 0.27737 2 
-3.848 33.513 7.22928 0.28215 2 
-1.283 33.513 7.11287 0.23688 2 
1.283 33.513 7.45791 0.58882 2 
3.848 33.513 0.00000 -0.00000 0 
6.414 33.513 0.00000 -0.00000 0 
8.980 33.513 0.00000 -0.00000 0 
11.545 33.513 0.00000 -0.00000 0 
14.111 33.513 0.00000 -0.00000 0 
16.676 33.513 0.00000 -0.00000 0 
19.242 33.513 3.79138 0.49329 2 
21.808 33.513 7.58276 0.98657 2 
24.373 33.513 7.31339 0.80016 2 
26.939 33.513 7.42221 0.99876 2 
29.504 33.513 7.53431 0.98959 2 
32.070 33.513 7.37309 0.89537 2 
34.636 33.513 7.64823 1.11840 2 
37.201 33.513 7.72136 0.91127 2 
39.767 33.513 7.50327 1.06942 2 
42.332 33.513 7.85446 0.89926 2 
44.898 33.513 7.74830 0.99656 2 
47.464 33.513 7.98609 0.99163 2 
50.029 33.513 7.97100 1.02724 2 
52.595 33.513 8.30999 0.96343 2 
55.160 33.513 8.06090 1.07422 2 
57.726 33.513 8.18636 0.83932 2 
60.292 33.513 8.18254 0.90285 2 
62.857 33.513 8.31208 0.91517 2 
65.423 33.513 8.43669 0.87387 2 
67.988 33.513 8.44372 1.02780 2 
70.554 33.513 8.65711 0.57112 2 
73.120 33.513 8.45400 0.78448 2 
75.685 33.513 8.51650 0.74867 2 
78.251 33.513 8.75502 0.64150 2 
80.816 33.513 0.00000 0.00000 0 
83.382 33.513 8.79387 0.46099 2 
85.948 33.513 8.87282 0.45163 2 
88.513 33.513 8.79358 0.09316 2 
91.079 33.513 8.74925 -0.05014 2 
93.644 33.513 8.78854 0.01174 2 
96.210 33.513 8.66708 -0.32788 2 
98.776 33.513 8.75434 -0.47146 2 
101.341 33.513 8.55691 -0.43792 2 
103.907 33.513 8.52481 -0.70786 2 
106.472 33.513 8.29716 -0.45160 2 
109.038 33.513 8.15565 -0.54507 2 
111.603 33.513 8.01939 -0.47955 2 
114.169 33.513 7.74627 -0.26793 2 
116.735 33.513 7.92257 -0.21210 2 
119.300 33.513 0.00000 -0.00000 0 
-8.980 30.948 7.06623 0.30375 2 
-6.414 30.948 7.05454 0.32952 2 
-3.848 30.948 7.09406 0.37818 2 
-1.283 30.948 7.08269 0.44441 2 
1.283 30.948 7.39087 0.60292 2 
3.848 30.948 0.00000 -0.00000 0 
6.414 30.948 0.00000 -0.00000 0 
8.980 30.948 0.00000 -0.00000 0 
11.545 30.948 0.00000 -0.00000 0 
14.111 30.948 0.00000 -0.00000 0 
16.676 30.948 0.00000 -0.00000 0 
19.242 30.948 3.91990 0.43913 2 
21.808 30.948 7.83980 0.87825 2 
24.373 30.948 7.21213 0.94938 2 
26.939 30.948 7.17534 0.90467 2 
29.504 30.948 7.51899 0.88427 2 
32.070 30.948 7.49557 0.87983 2 
34.636 30.948 7.37078 1.02516 2 
37.201 30.948 7.69805 1.01810 2 
39.767 30.948 7.62272 1.07242 2 
42.332 30.948 7.75045 0.94986 2 
44.898 30.948 7.73565 0.98247 2 
47.464 30.948 7.91168 1.01465 2 
50.029 30.948 7.89104 1.03108 2 
52.595 30.948 8.04555 1.03145 2 
55.160 30.948 7.88498 0.81047 2 
57.726 30.948 8.32070 1.21929 2 
60.292 30.948 8.15098 0.81194 2 
62.857 30.948 8.21253 0.87678 2 
65.423 30.948 8.46101 0.79844 2 
67.988 30.948 8.48781 0.81745 2 
70.554 30.948 8.71526 1.05205 2 
73.120 30.948 8.81985 0.75784 2 
75.685 30.948 8.75987 0.69875 2 
78.251 30.948 8.67079 0.76051 2 
80.816 30.948 0.00000 0.00000 0 
83.382 30.948 8.72472 0.43155 2 
85.948 30.948 8.79799 0.32914 2 
88.513 30.948 8.98899 0.17159 2 
91.079 30.948 8.98324 0.08255 2 
93.644 30.948 8.88778 -0.19712 2 
96.210 30.948 8.81565 -0.36207 2 
98.776 30.948 8.73642 -0.71672 2 
101.341 30.948 8.65563 -0.41264 2 
103.907 30.948 8.44293 -0.64335 2 
106.472 30.948 8.36999 -0.90654 2 
109.038 30.948 8.15186 -0.49168 2 
111.603 30.948 7.82302 -0.58709 2 
114.169 30.948 7.98523 -0.56926 2 
116.735 30.948 8.14719 -0.30529 2 
119.300 30.948 0.00000 -0.00000 0 
-8.980 28.382 7.20043 0.26041 2 
-6.414 28.382 7.07274 0.15262 2 
-3.848 28.382 7.04392 0.28053 2 
-1.283 28.382 7.06002 0.59890 2 
1.283 28.382 7.43498 0.44807 2 
3.848 28.382 6.29668 0.38211 2 
6.414 28.382 0.00000 -0.00000 0 
8.980 28.382 0.00000 -0.00000 0 
11.545 28.382 0.00000 -0.00000 0 
14.111 28.382 0.00000 -0.00000 0 
16.676 28.382 2.93044 0.34329 2 
19.242 28.382 5.49081 0.60595 2 
21.808 28.382 7.68112 0.78801 2 
24.373 28.382 7.25170 0.94005 2 
26.939 28.382 7.26876 0.95101 2 
29.504 28.382 7.35931 1.05766 2 
32.070 28.382 7.46369 1.14489 2 
34.636 28.382 7.59372 1.15748 2 
37.201 28.382 7.42224 0.90257 2 
39.767 28.382 7.69956 1.00724 2 
42.332 28.382 7.59435 1.19234 2 
44.898 28.382 7.73932 0.99637 2 
47.464 28.382 7.95130 1.13512 2 
50.029 28.382 8.01243 1.18574 2 
52.595 28.382 7.89969 1.19666 2 
55.160 28.382 8.15111 1.15536 2 
57.726 28.382 8.45437 1.04822 2 
60.292 28.382 8.35332 1.07008 2 
62.857 28.382 8.37634 0.94334 2 
65.423 28.382 8.61874 1.24771 2 
67.988 28.382 8.40549 0.84161 2 
70.554 28.382 8.75948 0.94031 2 
73.120 28.382 8.54726 0.83056 2 
75.685 28.382 8.69342 0.98044 2 
78.251 28.382 9.00825 0.62788 2 
80.816 28.382 8.76131 0.64104 2 
83.382 28.382 8.88618 0.50717 2 
85.948 28.382 9.01105 0.37330 2 
88.513 28.382 9.03090 0.28166 2 
91.079 28.382 9.00786 -0.06724 2 
93.644 28.382 9.09398 -0.14347 2 
96.210 28.382 9.03996 -0.34635 2 
98.776 28.382 8.92277 -0.49064 2 
101.341 28.382 8.75193 -0.71125 2 
103.907 28.382 8.72892 -0.69579 2 
106.472 28.382 8.15419 -0.67302 2 
109.038 28.382 8.21496 -1.04461 2 
111.603 28.382 7.85482 -0.63538 2 
114.169 28.382 7.48362 -0.60132 2 
116.735 28.382 8.38764 -0.54811 2 
119.300 28.382 0.00000 -0.00000 0 
-8.980 25.816 6.84210 0.29540 2 
-6.414 25.816 7.13353 0.21852 2 
-3.848 25.816 6.82124 0.37776 2 
-1.283 25.816 6.93135 0.42155 2 
1.283 25.816 6.82808 0.48255 2 
3.848 25.816 7.92198 0.57408 2 
6.414 25.816 0.00000 -0.00000 0 
8.980 25.816 0.00000 -0.00000 0 
11.545 25.816 0.00000 -0.00000 0 
14.111 25.816 0.00000 -0.00000 0 
16.676 25.816 4.39566 0.51493 2 
19.242 25.816 8.79132 1.02986 2 
21.808 25.816 7.00468 0.96289 2 
24.373 25.816 7.09960 0.98553 2 
26.939 25.816 7.25449 1.07128 2 
29.504 25.816 7.51937 1.10006 2 
32.070 25.816 7.47095 0.96495 2 
34.636 25.816 7.40197 1.04695 2 
37.201 25.816 7.65879 1.12229 2 
39.767 25.816 7.69489 1.19780 2 
42.332 25.816 7.74103 1.13886 2 
44.898 25.816 7.78789 1.26938 2 
47.464 25.816 7.98318 1.19060 2 
50.029 25.816 7.82423 1.03537 2 
52.595 25.816 8.26282 1.16008 2 
55.160 25.816 8.11799 1.15853 2 
57.726 25.816 8.16604 0.98985 2 
60.292 25.816 8.49232 1.06747 2 
62.857 25.816 8.44390 1.10403 2 
65.423 25.816 8.41973 0.91084 2 
67.988 25.816 8.43265 1.11942 2 
70.554 25.816 8.59393 0.88270 2 
73.120 25.816 8.79534 0.88142 2 
75.685 25.816 8.76933 0.89972 2 
78.251 25.816 8.94585 1.01756 2 
80.816 25.816 8.85035 0.63653 2 
83.382 25.816 0.00000 0.00000 0 
85.948 25.816 8.89795 0.54260 2 
88.513 25.816 9.14714 0.31316 2 
91.079 25.816 9.10586 0.28083 2 
93.644 25.816 9.30250 -0.14942 2 
96.210 25.816 9.17944 -0.62925 2 
98.776 25.816 9.23577 -0.84764 2 
101.341 25.816 8.97096 -1.01895 2 
103.907 25.816 8.47709 -1.17048 2 
106.472 25.816 8.29058 -1.31248 2 
109.038 25.816 7.90893 -1.19154 2 
111.603 25.816 7.63623 -0.88596 2 
114.169 25.816 7.28442 -0.73678 2 
116.735 25.816 8.40259 -0.37080 2 
119.300 25.816 0.00000 -0.00000 0 
-8.980 23.251 6.85917 0.23247 2 
-6.414 23.251 6.93900 0.17625 2 
-3.848 23.251 7.03283 0.23559 2 
-1.283 23.251 6.94775 0.33536 2 
1.283 23.251 6.85055 0.36096 2 
3.848 23.251 7.06967 0.50348 2 
6.414 23.251 0.00000 -0.00000 0 
8.980 23.251 0.00000 -0.00000 0 
11.545 23.251 0.00000 -0.00000 0 
14.111 23.251 0.00000 -0.00000 0 
16.676 23.251 4.04584 0.48515 2 
19.242 23.251 8.09168 0.97030 2 
21.808 23.251 7.07135 0.97459 2 
24.373 23.251 7.08446 1.12976 2 
26.939 23.251 7.27600 1.02317 2 
29.504 23.251 7.22335 1.11454 2 
32.070 23.251 7.26342 1.23210 2 
34.636 23.251 7.55695 1.05361 2 
37.201 23.251 7.34004 1.36412 2 
39.767 23.251 7.86469 1.22647 2 
42.332 23.251 7.66034 1.24281 2 
44.898 23.251 7.83262 1.10145 2 
47.464 23.251 7.83935 1.23519 2 
50.029 23.251 8.14734 1.20659 2 
52.595 23.251 8.17312 1.38742 2 
55.160 23.251 8.29276 1.18843 2 
57.726 23.251 8.24492 1.20035 2 
60.292 23.251 8.19562 1.12783 2 
62.857 23.251 8.54697 1.09800 2 
65.423 23.251 8.24895 1.21127 2 
67.988 23.251 8.75888 1.04823 2 
70.554 23.251 8.75150 0.93356 2 
73.120 23.251 8.72742 1.04624 2 
75.685 23.251 8.82008 0.85452 2 
78.251 23.251 9.23813 0.99740 2 
80.816 23.251 9.43469 0.73732 2 
83.382 23.251 0.00000 0.00000 0 
85.948 23.251 9.68859 0.33053 2 
88.513 23.251 9.82384 0.12823 2 
91.079 23.251 9.50676 0.01732 2 
93.644 23.251 9.70902 -0.09664 2 
96.210 23.251 9.67336 -0.61790 2 
98.776 23.251 9.36586 -0.85624 2 
101.341 23.251 9.13232 -1.46943 2 
103.907 23.251 8.65949 -1.57836 2 
106.472 23.251 8.35799 -1.61475 2 
109.038 23.251 7.41289 -1.28493 2 
111.603 23.251 7.38588 -1.19351 2 
114.169 23.251 7.00606 -0.74555 2 
116.735 23.251 8.00653 -0.63634 2 
119.300 23.251 0.00000 -0.00000 0 
-8.980 20.685 6.87624 0.16954 2 
-6.414 20.685 6.89033 0.26155 2 
-3.848 20.685 6.86451 0.14033 2 
-1.283 20.685 6.78645 0.35150 2 
1.283 20.685 7.06149 0.51839 2 
3.848 20.685 6.99074 0.39318 2 
6.414 20.685 0.00000 -0.00000 0 
8.980 20.685 0.00000 -0.00000 0 
11.545 20.685 0.00000 -0.00000 0 
14.111 20.685 0.00000 -0.00000 0 
16.676 20.685 3.57505 0.63461 2 
19.242 20.685 7.15011 1.26922 2 
21.808 20.685 6.93628 1.05175 2 
24.373 20.685 7.16364 1.22390 2 
26.939 20.685 7.20289 1.24405 2 
29.504 20.685 7.30408 1.32657 2 
32.070 20.685 7.32022 1.17269 2 
34.636 20.685 7.22334 1.45619 2 
37.201 20.685 7.65717 1.26092 2 
39.767 20.685 7.45062 1.38825 2 
42.332 20.685 7.68587 1.36437 2 
44.898 20.685 7.95740 1.21495 2 
47.464 20.685 7.89406 1.41602 2 
50.029 20.685 7.96511 1.30141 2 
52.595 20.685 7.97228 1.21922 2 
55.160 20.685 8.21948 1.30002 2 
57.726 20.685 8.27888 1.24930 2 
60.292 20.685 8.25927 1.31518 2 
62.857 20.685 8.47098 1.30980 2 
65.423 20.685 9.00084 1.29791 2 
67.988 20.685 8.84127 1.21035 2 
70.554 20.685 8.81085 1.03344 2 
73.120 20.685 9.35228 1.26201 2 
75.685 20.685 9.32319 1.27430 2 
78.251 20.685 8.54363 0.73627 2 
80.816 20.685 4.71734 0.36866 2 
83.382 20.685 0.00000 0.00000 0 
85.948 20.685 0.00000 0.00000 0 
88.513 20.685 0.00000 0.00000 0 
91.079 20.685 8.96239 -0.01745 2 
93.644 20.685 9.91314 -0.39252 2 
96.210 20.685 10.16080 -0.73816 2 
98.776 20.685 9.79503 -1.20493 2 
101.341 20.685 9.69350 -2.22405 2 
103.907 20.685 8.93700 -2.43374 2 
106.472 20.685 7.87610 -2.27627 2 
109.038 20.685 7.38378 -1.96224 2 
111.603 20.685 7.17487 -1.66877 2 
114.169 20.685 6.87465 -1.06862 2 
116.735 20.685 7.17875 -0.67411 2 
119.300 20.685 0.00000 -0.00000 0 
-8.980 18.120 6.86241 0.09611 2 
-6.414 18.120 6.81045 0.08049 2 
-3.848 18.120 6.80090 0.25891 2 
-1.283 18.120 6.70797 0.36683 2 
1.283 18.120 6.63208 0.31792 2 
3.848 18.120 6.85702 0.65982 2 
6.414 18.120 0.00000 -0.00000 0 
8.980 18.120 0.00000 -0.00000 0 
11.545 18.120 0.00000 -0.00000 0 
14.111 18.120 0.00000 -0.00000 0 
16.676 18.120 3.55986 0.59811 2 
19.242 18.120 7.39721 0.94442 2 
21.808 18.120 6.91427 1.28298 2 
24.373 18.120 7.19094 1.20554 2 
26.939 18.120 7.18482 1.41900 2 
29.504 18.120 7.28042 1.33983 2 
32.070 18.120 7.45369 1.33794 2 
34.636 18.120 7.41661 1.31594 2 
37.201 18.120 7.32478 1.49167 2 
39.767 18.120 7.85948 1.42439 2 
42.332 18.120 7.68578 1.67717 2 
44.898 18.120 7.80764 1.35298 2 
47.464 18.120 7.88676 1.56924 2 
50.029 18.120 8.14279 1.38052 2 
52.595 18.120 8.35660 1.50006 2 
55.160 18.120 4.10974 0.65001 2 
57.726 18.120 8.59224 1.63028 2 
60.292 18.120 9.24160 1.14514 2 
62.857 18.120 9.58976 1.51066 2 
65.423 18.120 4.50042 0.64895 2 
67.988 18.120 0.00000 -0.00000 0 
70.554 18.120 0.00000 -0.00000 0 
73.120 18.120 0.00000 -0.00000 0 
75.685 18.120 0.00000 -0.00000 0 
78.251 18.120 0.00000 -0.00000 0 
80.816 18.120 0.00000 -0.00000 0 
83.382 18.120 0.00000 -0.00000 0 
85.948 18.120 2.21637 0.48337 2 
88.513 18.120 0.61604 0.37301 2 
91.079 18.120 10.46595 0.10734 2 
93.644 18.120 10.91822 -0.12710 2 
96.210 18.120 10.66746 -0.48984 2 
98.776 18.120 11.25585 -0.69423 2 
101.341 18.120 10.67459 -3.23167 2 
103.907 18.120 8.80049 -3.45017 2 
106.472 18.120 7.85600 -3.15702 2 
109.038 18.120 6.79916 -2.77041 2 
111.603 18.120 6.52054 -2.15590 2 
114.169 18.120 6.19235 -1.72089 2 
116.735 18.120 6.98447 -1.09724 2 
119.300 18.120 0.00000 -0.00000 0 
-8.980 15.554 6.80022 -0.00018 2 
-6.414 15.554 6.83549 0.12246 2 
-3.848 15.554 6.57142 0.10456 2 
-1.283 15.554 6.70524 0.21944 2 
1.283 15.554 6.64745 0.41984 2 
3.848 15.554 6.68943 0.45565 2 
6.414 15.554 0.00000 -0.00000 0 
8.980 15.554 0.00000 -0.00000 0 
11.545 15.554 0.00000 -0.00000 0 
14.111 15.554 0.00000 -0.00000 0 
16.676 15.554 3.54466 0.56162 2 
19.242 15.554 7.08932 1.12323 2 
21.808 15.554 6.68080 1.34077 2 
24.373 15.554 6.95677 1.51393 2 
26.939 15.554 7.06632 1.51764 2 
29.504 15.554 7.12764 1.42418 2 
32.070 15.554 7.26425 1.47825 2 
34.636 15.554 7.28261 1.63514 2 
37.201 15.554 7.63471 1.43321 2 
39.767 15.554 7.72152 1.53946 2 
42.332 15.554 8.05138 1.44999 2 
44.898 15.554 7.98748 1.66810 2 
47.464 15.554 8.00993 1.63556 2 
50.029 15.554 8.24544 1.52958 2 
52.595 15.554 4.17830 0.75003 2 
55.160 15.554 0.00000 -0.00000 0 
57.726 15.554 0.00000 -0.00000 0 
60.292 15.554 0.00000 -0.00000 0 
62.857 15.554 0.00000 -0.00000 0 
65.423 15.554 0.00000 -0.00000 0 
67.988 15.554 0.00000 -0.00000 0 
70.554 15.554 0.00000 -0.00000 0 
73.120 15.554 0.00000 -0.00000 0 
75.685 15.554 0.00000 -0.00000 0 
78.251 15.554 0.00000 -0.00000 0 
80.816 15.554 -0.36524 0.23771 2 
83.382 15.554 0.74882 0.31164 2 
85.948 15.554 -0.14520 0.78031 2 
88.513 15.554 0.48036 0.19224 2 
91.079 15.554 0.07680 0.08137 2 
93.644 15.554 3.95427 -0.33507 2 
96.210 15.554 7.23016 0.62978 2 
98.776 15.554 6.74544 0.33597 2 
101.341 15.554 8.66557 -4.61496 2 
103.907 15.554 10.01101 -4.73747 2 
106.472 15.554 7.33942 -5.30405 2 
109.038 15.554 5.92221 -3.84513 2 
111.603 15.554 5.79829 -2.87491 2 
114.169 15.554 5.78224 -2.08645 2 
116.735 15.554 6.90448 -2.07492 2 
119.300 15.554 0.00000 -0.00000 0 
-8.980 12.988 6.84642 -0.01489 2 
-6.414 12.988 6.58859 -0.05890 2 
-3.848 12.988 6.65970 0.06198 2 
-1.283 12.988 6.59700 0.07988 2 
1.283 12.988 6.36391 0.24904 2 
3.848 12.988 6.56450 0.38623 2 
6.414 12.988 0.00000 -0.00000 0 
8.980 12.988 0.00000 -0.00000 0 
11.545 12.988 0.00000 -0.00000 0 
14.111 12.988 0.00000 -0.00000 0 
16.676 12.988 3.70891 0.71879 2 
19.242 12.988 7.41782 1.43757 2 
21.808 12.988 6.71710 1.43992 2 
24.373 12.988 6.99013 1.46617 2 
26.939 12.988 6.98652 1.75878 2 
29.504 12.988 7.43223 1.70388 2 
32.070 12.988 7.79823 1.64133 2 
34.636 12.988 7.62517 1.74321 2 
37.201 12.988 7.61143 2.02438 2 
39.767 12.988 7.83692 1.65196 2 
42.332 12.988 0.00000 -0.00000 0 
44.898 12.988 0.00000 -0.00000 0 
47.464 12.988 0.00000 -0.00000 0 
50.029 12.988 0.00000 -0.00000 0 
52.595 12.988 0.00000 -0.00000 0 
55.160 12.988 0.00000 -0.00000 0 
57.726 12.988 0.00000 -0.00000 0 
60.292 12.988 0.00000 -0.00000 0 
62.857 12.988 0.00000 -0.00000 0 
65.423 12.988 0.00000 -0.00000 0 
67.988 12.988 0.00000 -0.00000 0 
70.554 12.988 0.00000 -0.00000 0 
73.120 12.988 0.00000 -0.00000 0 
75.685 12.988 -0.59381 -0.20244 2 
78.251 12.988 -0.51284 -0.18098 2 
80.816 12.988 -0.52387 -0.19830 2 
83.382 12.988 0.17623 -0.12025 2 
85.948 12.988 -0.12771 0.15519 2 
88.513 12.988 -0.15174 0.50727 2 
91.079 12.988 -0.58763 1.78109 2 
93.644 12.988 0.73892 2.15472 2 
96.210 12.988 2.06547 2.52835 2 
98.776 12.988 4.32897 -0.11432 2 
101.341 12.988 5.97898 -4.10272 2 
103.907 12.988 5.98345 -5.20640 2 
106.472 12.988 4.82935 -5.88149 2 
109.038 12.988 4.69864 -4.52713 2 
111.603 12.988 5.01344 -3.37608 2 
114.169 12.988 6.50943 -3.27109 2 
116.735 12.988 3.38847 -2.62055 2 
119.300 12.988 0.26750 -1.97001 2 
-8.980 10.423 6.83719 -0.31820 2 
-6.414 10.423 6.57826 0.02519 2 
-3.848 10.423 6.58495 -0.00356 2 
-1.283 10.423 6.37221 0.12246 2 
1.283 10.423 6.20299 0.09659 2 
3.848 10.423 6.43957 0.31680 2 
6.414 10.423 1.57486 0.03790 2 
8.980 10.423 0.00000 -0.00000 0 
11.545 10.423 0.00000 -0.00000 0 
14.111 10.423 0.00000 -0.00000 0 
16.676 10.423 2.47261 0.47919 2 
19.242 10.423 4.94521 0.95838 2 
21.808 10.423 7.03948 1.60134 2 
24.373 10.423 6.92605 1.86906 2 
26.939 10.423 7.46176 1.69976 2 
29.504 10.423 3.71611 0.85194 2 
32.070 10.423 0.00000 -0.00000 0 
34.636 10.423 0.00000 -0.00000 0 
37.201 10.423 0.00000 -0.00000 0 
39.767 10.423 0.00000 -0.00000 0 
42.332 10.423 0.00000 -0.00000 0 
44.898 10.423 0.00000 -0.00000 0 
47.464 10.423 0.00000 -0.00000 0 
50.029 10.423 0.00000 -0.00000 0 
52.595 10.423 0.00000 -0.00000 0 
55.160 10.423 0.00000 -0.00000 0 
57.726 10.423 0.00000 -0.00000 0 
60.292 10.423 0.00000 -0.00000 0 
62.857 10.423 0.00000 -0.00000 0 
65.423 10.423 0.00000 -0.00000 0 
67.988 10.423 -0.78252 -0.40698 2 
70.554 10.423 -0.46835 -0.00543 2 
73.120 10.423 -0.95090 -0.41881 2 
75.685 10.423 -0.94427 -0.44847 2 
78.251 10.423 -0.68747 -0.38928 2 
80.816 10.423 -0.68249 -0.63432 2 
83.382 10.423 -0.39635 -0.55213 2 
85.948 10.423 -0.11022 -0.46994 2 
88.513 10.423 -0.78384 0.82229 2 
91.079 10.423 -0.56144 1.02476 2 
93.644 10.423 -0.65614 1.67091 2 
96.210 10.423 -1.34745 2.53252 2 
98.776 10.423 -2.63536 3.60960 2 
101.341 10.423 0.07051 -3.27687 2 
103.907 10.423 -0.01179 -6.69348 2 
106.472 10.423 2.31928 -6.45893 2 
109.038 10.423 3.80423 -5.30038 2 
111.603 10.423 4.15948 -3.95693 2 
114.169 10.423 2.73714 -2.67291 2 
116.735 10.423 2.23350 -2.12037 2 
119.300 10.423 0.56569 -1.69825 2 
-8.980 7.857 6.68710 -0.22262 2 
-6.414 7.857 6.64118 -0.33010 2 
-3.848 7.857 6.41377 -0.33908 2 
-1.283 7.857 6.35304 -0.26618 2 
1.283 7.857 6.09829 0.13321 2 
3.848 7.857 6.29943 0.15161 2 
6.414 7.857 3.14971 0.07580 2 
8.980 7.857 0.00000 -0.00000 0 
11.545 7.857 0.00000 -0.00000 0 
14.111 7.857 0.00000 -0.00000 2 
16.676 7.857 1.64840 0.31946 2 
19.242 7.857 2.47261 0.47919 2 
21.808 7.857 0.00000 -0.00000 0 
24.373 7.857 0.00000 -0.00000 0 
26.939 7.857 0.00000 -0.00000 0 
29.504 7.857 0.00000 -0.00000 0 
32.070 7.857 0.00000 -0.00000 0 
34.636 7.857 0.00000 -0.00000 0 
37.201 7.857 0.00000 -0.00000 0 
39.767 7.857 0.00000 -0.00000 0 
42.332 7.857 0.00000 -0.00000 0 
44.898 7.857 0.00000 -0.00000 0 
47.464 7.857 0.00000 -0.00000 0 
50.029 7.857 0.00000 -0.00000 0 
52.595 7.857 0.00000 -0.00000 0 
55.160 7.857 0.00000 -0.00000 0 
57.726 7.857 0.00000 -0.00000 0 
60.292 7.857 -0.39579 -0.12843 2 
62.857 7.857 -0.52201 0.19922 2 
65.423 7.857 -0.79110 -0.27492 2 
67.988 7.857 -1.56504 -0.81396 2 
70.554 7.857 -1.23344 -0.67327 2 
73.120 7.857 -1.50929 -0.79449 2 
75.685 7.857 -1.29473 -0.69450 2 
78.251 7.857 -0.86210 -0.59757 2 
80.816 7.857 -0.89070 -0.26455 2 
83.382 7.857 -0.08098 -0.32354 2 
85.948 7.857 -0.41476 -1.37954 2 
88.513 7.857 -0.34813 -0.07913 2 
91.079 7.857 -2.83048 1.67254 2 
93.644 7.857 -3.47245 1.45960 2 
96.210 7.857 -3.05743 2.47924 2 
98.776 7.857 -2.96803 3.00251 2 
101.341 7.857 -1.39912 -0.58964 2 
103.907 7.857 -3.48445 -2.25273 2 
106.472 7.857 0.10900 -5.60774 2 
109.038 7.857 0.22217 -1.09285 2 
111.603 7.857 0.01629 -2.73713 2 
114.169 7.857 -1.03516 -2.07473 2 
116.735 7.857 -0.37464 -1.39177 2 
119.300 7.857 0.39209 -0.03066 2 
-8.980 5.292 6.73872 -0.41052 2 
-6.414 5.292 6.56196 -0.34182 2 
-3.848 5.292 6.39147 -0.39902 2 
-1.283 5.292 6.19517 -0.26940 2 
1.283 5.292 5.94939 -0.22776 2 
3.848 5.292 6.36915 -0.00839 2 
6.414 5.292 1.57486 0.03790 2 
8.980 5.292 0.00000 -0.00000 0 
11.545 5.292 0.00000 -0.00000 0 
14.111 5.292 0.00000 -0.00000 0 
16.676 5.292 0.00000 -0.00000 0 
19.242 5.292 0.00000 -0.00000 0 
21.808 5.292 0.00000 -0.00000 0 
24.373 5.292 0.00000 -0.00000 0 
26.939 5.292 0.00000 -0.00000 0 
29.504 5.292 0.00000 -0.00000 0 
32.070 5.292 0.00000 -0.00000 0 
34.636 5.292 0.00000 -0.00000 0 
37.201 5.292 0.00000 -0.00000 0 
39.767 5.292 0.00000 -0.00000 0 
42.332 5.292 0.00000 -0.00000 0 
44.898 5.292 0.00000 -0.00000 0 
47.464 5.292 0.00000 -0.00000 0 
50.029 5.292 0.00000 -0.00000 0 
52.595 5.292 -0.50130 -0.21925 2 
55.160 5.292 -0.63419 -0.47272 2 
57.726 5.292 -0.53017 -0.04662 2 
60.292 5.292 -0.79157 -0.25686 2 
62.857 5.292 -1.08518 -0.33824 2 
65.423 5.292 -2.04363 -0.58786 2 
67.988 5.292 -2.01136 -1.06012 2 
70.554 5.292 -1.99854 -1.34112 2 
73.120 5.292 -2.06769 -1.17017 2 
75.685 5.292 -1.84051 -0.19275 2 
78.251 5.292 -1.35503 -0.55249 2 
80.816 5.292 -1.78934 -0.42186 2 
83.382 5.292 -1.17579 -0.48532 2 
85.948 5.292 -1.13399 -1.04729 2 
88.513 5.292 -2.88354 -0.22460 2 
91.079 5.292 -2.72980 1.62838 2 
93.644 5.292 -3.39933 2.07800 2 
96.210 5.292 -3.06448 2.36852 2 
98.776 5.292 -3.30070 2.39542 2 
101.341 5.292 -2.86875 2.09760 2 
103.907 5.292 -3.55908 0.72501 2 
106.472 5.292 -3.13880 0.93307 2 
109.038 5.292 -2.38094 -0.28700 2 
111.603 5.292 -1.09284 -2.13372 2 
114.169 5.292 -1.45383 -2.06166 2 
116.735 5.292 -0.21850 1.13867 2 
119.300 5.292 0.21849 1.63694 2 
-8.980 2.726 6.75305 -0.50786 2 
-6.414 2.726 6.53070 -0.53590 2 
-3.848 2.726 6.32426 -0.53076 2 
-1.283 2.726 5.95677 -0.58902 2 
1.283 2.726 6.17548 -0.55525 2 
3.848 2.726 6.24904 -0.11253 2 
6.414 2.726 0.00000 -0.00000 0 
8.980 2.726 0.00000 -0.00000 0 
11.545 2.726 0.00000 -0.00000 0 
14.111 2.726 0.00000 -0.00000 0 
16.676 2.726 0.00000 -0.00000 0 
19.242 2.726 0.00000 -0.00000 0 
21.808 2.726 0.00000 -0.00000 0 
24.373 2.726 0.00000 -0.00000 0 
26.939 2.726 0.00000 -0.00000 0 
29.504 2.726 0.00000 -0.00000 0 
32.070 2.726 0.00000 -0.00000 0 
34.636 2.726 0.00000 -0.00000 0 
37.201 2.726 0.00000 -0.00000 0 
39.767 2.726 0.00000 -0.00000 0 
42.332 2.726 0.00000 -0.00000 0 
44.898 2.726 0.00000 -0.00000 0 
47.464 2.726 -0.73122 -0.26771 2 
50.029 2.726 -0.49149 -0.04614 2 
52.595 2.726 -1.00261 -0.43849 2 
55.160 2.726 -1.26838 -0.94543 2 
57.726 2.726 -1.68657 -0.95139 2 
60.292 2.726 -1.54323 -0.98426 2 
62.857 2.726 -1.64834 -0.87570 2 
65.423 2.726 -1.43406 -0.34080 2 
67.988 2.726 -1.24520 -1.18861 2 
70.554 2.726 -2.07926 -1.26155 2 
73.120 2.726 -1.36190 -0.94166 2 
75.685 2.726 -0.92012 -0.58041 2 
78.251 2.726 -1.84796 -0.50742 2 
80.816 2.726 -2.68799 -0.57916 2 
83.382 2.726 -2.27061 -0.64710 2 
85.948 2.726 -1.85323 -0.71504 2 
88.513 2.726 -1.95618 -0.29310 2 
91.079 2.726 -2.62911 1.58422 2 
93.644 2.726 -2.19643 0.93383 2 
96.210 2.726 -2.86701 0.41345 2 
98.776 2.726 -2.14519 1.45055 2 
101.341 2.726 -2.13063 1.31871 2 
103.907 2.726 -2.05193 0.75829 2 
106.472 2.726 -3.66136 0.02055 2 
109.038 2.726 -2.10644 -0.60324 2 
111.603 2.726 -2.20196 -1.53030 2 
114.169 2.726 -0.91887 -0.25837 2 
116.735 2.726 1.03409 1.23300 2 
119.300 2.726 0.52038 1.05343 2 
-8.980 0.160 6.47702 -0.66357 2 
-6.414 0.160 6.73142 -0.77438 2 
-3.848 0.160 6.35715 -0.60410 2 
-1.283 0.160 6.26487 -0.68804 2 
1.283 0.160 6.85409 -1.04307 2 
3.848 0.160 0.00000 -0.00000 0 
6.414 0.160 0.00000 -0.00000 0 
8.980 0.160 0.00000 -0.00000 0 
11.545 0.160 0.00000 -0.00000 0 
14.111 0.160 0.00000 -0.00000 0 
16.676 0.160 0.00000 -0.00000 0 
19.242 0.160 0.00000 -0.00000 0 
21.808 0.160 0.00000 -0.00000 0 
24.373 0.160 0.00000 -0.00000 0 
26.939 0.160 0.00000 -0.00000 0 
29.504 0.160 0.00000 -0.00000 0 
32.070 0.160 0.00000 -0.00000 0 
34.636 0.160 0.00000 -0.00000 0 
37.201 0.160 0.00000 -0.00000 0 
39.767 0.160 -0.49707 -0.10936 2 
42.332 0.160 -0.53746 0.06336 2 
44.898 0.160 -0.41249 -0.11256 2 
47.464 0.160 -0.62371 -0.46882 2 
50.029 0.160 -1.97486 -0.50737 2 
52.595 0.160 -1.44118 -0.82916 2 
55.160 0.160 -2.04542 -0.93244 2 
57.726 0.160 -2.07313 -0.57732 2 
60.292 0.160 -1.76281 -1.01563 2 
62.857 0.160 -1.67024 -1.19692 2 
65.423 0.160 -0.51695 -0.02752 2 
67.988 0.160 -1.84416 -1.14166 2 
70.554 0.160 -0.86942 -0.99314 2 
73.120 0.160 -0.31675 -1.56302 2 
75.685 0.160 -0.32071 -1.34565 2 
78.251 0.160 0.11038 -1.11072 2 
80.816 0.160 -0.09769 -0.65685 2 
83.382 0.160 -1.49068 0.06083 2 
85.948 0.160 -1.47340 -0.30869 2 
88.513 0.160 -1.45612 -0.67821 2 
91.079 0.160 -0.81847 1.04525 2 
93.644 0.160 -1.34111 0.81833 2 
96.210 0.160 -0.08808 1.36622 2 
98.776 0.160 -0.53158 0.37660 2 
101.341 0.160 -2.32647 0.27363 2 
103.907 0.160 -0.54479 0.79157 2 
106.472 0.160 -2.50640 -0.62104 2 
109.038 0.160 -1.39172 -1.08215 2 
111.603 0.160 -0.27704 -1.54326 2 
114.169 0.160 0.49994 0.58296 2 
116.735 0.160 2.34018 0.80759 2 
119.300 0.160 0.00000 -0.00000 0 
-8.980 -2.405 6.81291 -0.68377 2 
-6.414 -2.405 6.69692 -0.74578 2 
-3.848 -2.405 6.48229 -0.95459 2 
-1.283 -2.405 6.21193 -1.01007 2 
1.283 -2.405 0.00000 -0.00000 0 
3.848 -2.405 0.00000 -0.00000 0 
6.414 -2.405 0.00000 -0.00000 0 
8.980 -2.405 0.00000 -0.00000 0 
11.545 -2.405 0.00000 -0.00000 0 
14.111 -2.405 0.00000 -0.00000 0 
16.676 -2.405 0.00000 -0.00000 0 
19.242 -2.405 0.00000 -0.00000 0 
21.808 -2.405 0.00000 -0.00000 0 
24.373 -2.405 0.00000 -0.00000 0 
26.939 -2.405 0.00000 -0.00000 0 
29.504 -2.405 0.00000 -0.00000 0 
32.070 -2.405 -0.30816 -0.06909 2 
34.636 -2.405 -0.61632 -0.13818 2 
37.201 -2.405 -1.08540 -0.39301 2 
39.767 -2.405 -0.99414 -0.21872 2 
42.332 -2.405 -1.27887 -0.45283 2 
44.898 -2.405 -0.98388 -0.49211 2 
47.464 -2.405 -1.70451 -0.81784 2 
50.029 -2.405 -1.52698 -0.99017 2 
52.595 -2.405 -1.87975 -1.21982 2 
55.160 -2.405 -1.56011 -0.01230 2 
57.726 -2.405 -0.77917 -0.18337 2 
60.292 -2.405 -0.77727 -0.75994 2 
62.857 -2.405 -0.10052 -0.08811 2 
65.423 -2.405 0.40016 0.28577 2 
67.988 -2.405 -0.22712 0.34573 2 
70.554 -2.405 -0.04483 -1.01673 2 
73.120 -2.405 -0.49212 -1.72954 2 
75.685 -2.405 -0.01856 -1.52479 2 
78.251 -2.405 0.81519 -0.73152 2 
80.816 -2.405 1.00502 -1.06870 2 
83.382 -2.405 1.38650 -0.10758 2 
85.948 -2.405 1.09699 -0.38351 2 
88.513 -2.405 1.68638 0.51694 2 
91.079 -2.405 1.76996 0.29497 2 
93.644 -2.405 0.32561 0.38316 2 
96.210 -2.405 0.13020 0.70699 2 
98.776 -2.405 -0.20386 0.82989 2 
101.341 -2.405 0.27695 0.10773 2 
103.907 -2.405 0.86775 0.03875 2 
106.472 -2.405 1.24032 -0.69616 2 
109.038 -2.405 0.46799 -1.08058 2 
111.603 -2.405 2.66714 0.03267 2 
114.169 -2.405 2.97511 0.56505 2 
116.735 -2.405 4.49039 1.53545 2 
119.300 -2.405 0.00000 -0.00000 0 
-8.980 -4.971 6.70211 -0.88677 2 
-6.414 -4.971 6.76156 -0.84934 2 
-3.848 -4.971 6.60181 -0.91575 2 
-1.283 -4.971 6.50512 -1.15998 2 
1.283 -4.971 0.00000 -0.00000 0 
3.848 -4.971 0.00000 -0.00000 0 
6.414 -4.971 0.00000 -0.00000 0 
8.980 -4.971 0.00000 -0.00000 0 
11.545 -4.971 0.00000 -0.00000 0 
14.111 -4.971 0.00000 -0.00000 0 
16.676 -4.971 0.00000 -0.00000 0 
19.242 -4.971 0.00000 -0.00000 0 
21.808 -4.971 0.00000 -0.00000 0 
24.373 -4.971 -0.30290 -0.11765 2 
26.939 -4.971 -0.60581 -0.23531 2 
29.504 -4.971 -0.88497 -0.09946 2 
32.070 -4.971 -1.03466 -0.28367 2 
34.636 -4.971 -1.18434 -0.46788 2 
37.201 -4.971 -1.55159 -0.19639 2 
39.767 -4.971 -0.73969 -0.14944 2 
42.332 -4.971 -1.36547 -0.65103 2 
44.898 -4.971 -0.58018 -0.34078 2 
47.464 -4.971 -1.41325 0.12287 2 
50.029 -4.971 -1.42336 -1.22376 2 
52.595 -4.971 -1.37471 -0.95339 2 
55.160 -4.971 -0.11527 0.32711 2 
57.726 -4.971 0.51478 0.21059 2 
60.292 -4.971 -0.13135 -0.44469 2 
62.857 -4.971 0.50159 0.02406 2 
65.423 -4.971 0.13671 -0.56333 2 
67.988 -4.971 -0.21878 -0.36476 2 
70.554 -4.971 -0.05141 0.30743 2 
73.120 -4.971 1.40155 0.03076 2 
75.685 -4.971 2.76367 1.36250 2 
78.251 -4.971 2.67361 0.21611 2 
80.816 -4.971 2.03340 -0.62565 2 
83.382 -4.971 2.37072 0.60792 2 
85.948 -4.971 3.12979 0.71297 2 
88.513 -4.971 3.43755 0.64185 2 
91.079 -4.971 3.45554 0.71745 2 
93.644 -4.971 3.67768 0.15743 2 
96.210 -4.971 2.40943 0.69483 2 
98.776 -4.971 2.06110 0.69366 2 
101.341 -4.971 4.47343 0.44611 2 
103.907 -4.971 4.11331 1.35094 2 
106.472 -4.971 5.63725 1.85777 2 
109.038 -4.971 5.71869 2.72264 2 
111.603 -4.971 6.76996 2.56678 2 
114.169 -4.971 6.55055 2.58157 2 
116.735 -4.971 6.64059 2.26331 2 
119.300 -4.971 0.00000 -0.00000 0 
-8.980 -7.536 7.14861 -0.94883 2 
-6.414 -7.536 6.86428 -1.00510 2 
-3.848 -7.536 6.84080 -1.31770 2 
-1.283 -7.536 6.64232 -1.27870 2 
1.283 -7.536 6.54454 -1.63177 2 
3.848 -7.536 0.00000 -0.00000 0 
6.414 -7.536 6.10939 -2.97234 2 
8.980 -7.536 3.90592 -1.68976 2 
11.545 -7.536 3.76087 -1.68268 2 
14.111 -7.536 -1.10423 0.22889 2 
16.676 -7.536 -0.37707 0.19287 2 
19.242 -7.536 2.13303 -0.75624 2 
21.808 -7.536 0.39745 -0.37029 2 
24.373 -7.536 0.01019 -0.56933 2 
26.939 -7.536 -0.37708 -0.76837 2 
29.504 -7.536 -1.76994 -0.19891 2 
32.070 -7.536 -1.43801 -0.48202 2 
34.636 -7.536 -1.55407 -0.61632 2 
37.201 -7.536 -0.35839 -0.14414 2 
39.767 -7.536 -0.48524 -0.08016 2 
42.332 -7.536 -0.66247 -0.75197 2 
44.898 -7.536 -0.17649 -0.18945 2 
47.464 -7.536 -0.05802 0.15298 2 
50.029 -7.536 0.87629 -0.62144 2 
52.595 -7.536 1.48226 0.40561 2 
55.160 -7.536 0.96639 0.09817 2 
57.726 -7.536 1.74117 -0.59123 2 
60.292 -7.536 0.34918 -0.42141 2 
62.857 -7.536 0.27278 0.31001 2 
65.423 -7.536 1.85763 -0.41039 2 
67.988 -7.536 2.17704 0.09995 2 
70.554 -7.536 3.84367 0.63250 2 
73.120 -7.536 3.35277 1.38683 2 
75.685 -7.536 2.71129 -0.07306 2 
78.251 -7.536 2.60720 1.13522 2 
80.816 -7.536 3.06179 -0.18259 2 
83.382 -7.536 4.96785 -0.06891 2 
85.948 -7.536 3.95810 0.83370 2 
88.513 -7.536 5.07573 1.03362 2 
91.079 -7.536 5.14111 1.13992 2 
93.644 -7.536 5.15930 0.89047 2 
96.210 -7.536 4.68867 0.68267 2 
98.776 -7.536 4.32605 0.55742 2 
101.341 -7.536 4.99043 0.61213 2 
103.907 -7.536 5.19675 1.20148 2 
106.472 -7.536 5.20348 2.33001 2 
109.038 -7.536 7.24950 2.92496 2 
111.603 -7.536 7.88652 2.43620 2 
114.169 -7.536 6.49546 2.72985 2 
116.735 -7.536 8.07221 3.06416 2 
119.300 -7.536 0.00000 -0.00000 0 
-8.980 -10.102 7.12357 -0.92140 2 
-6.414 -10.102 6.88338 -1.03711 2 
-3.848 -10.102 7.00215 -1.22113 2 
-1.283 -10.102 6.72864 -1.41622 2 
1.283 -10.102 6.82286 -1.76179 2 
3.848 -10.102 6.81298 -2.26534 2 
6.414 -10.102 7.17900 -2.78141 2 
8.980 -10.102 7.81184 -3.37952 2 
11.545 -10.102 7.52173 -3.36537 2 
14.111 -10.102 3.83542 -1.30155 2 
16.676 -10.102 8.85043 -2.65573 2 
19.242 -10.102 4.26606 -1.51247 2 
21.808 -10.102 0.79491 -0.74058 2 
24.373 -10.102 1.37833 0.31738 2 
26.939 -10.102 -0.14835 -1.30144 2 
29.504 -10.102 -0.55384 -0.99614 2 
32.070 -10.102 -0.70364 -0.24159 2 
34.636 -10.102 0.68692 -1.13481 2 
37.201 -10.102 -1.10255 0.07547 2 
39.767 -10.102 0.00462 0.07104 2 
42.332 -10.102 0.04053 -0.85292 2 
44.898 -10.102 1.74711 -0.23897 2 
47.464 -10.102 -0.59260 -1.14910 2 
50.029 -10.102 1.03724 -0.45663 2 
52.595 -10.102 1.87036 -0.24697 2 
55.160 -10.102 2.04806 -0.13078 2 
57.726 -10.102 1.78646 -0.30305 2 
60.292 -10.102 3.77214 0.55590 2 
62.857 -10.102 2.73223 0.23548 2 
65.423 -10.102 1.92691 -0.49794 2 
67.988 -10.102 4.27378 0.36498 2 
70.554 -10.102 5.78639 0.22137 2 
73.120 -10.102 5.62279 1.01274 2 
75.685 -10.102 5.90675 1.44862 2 
78.251 -10.102 4.12693 1.22930 2 
80.816 -10.102 4.41294 1.32585 2 
83.382 -10.102 4.06189 1.60704 2 
85.948 -10.102 4.51574 1.11587 2 
88.513 -10.102 4.71920 1.08568 2 
91.079 -10.102 3.94398 0.55112 2 
93.644 -10.102 3.84901 0.74150 2 
96.210 -10.102 4.87505 0.52059 2 
98.776 -10.102 4.60858 0.45247 2 
101.341 -10.102 6.55768 1.61081 2 
103.907 -10.102 6.90064 1.90577 2 
106.472 -10.102 6.96013 2.16084 2 
109.038 -10.102 8.12971 2.09247 2 
111.603 -10.102 9.00307 2.30563 2 
114.169 -10.102 7.36689 1.88566 2 
116.735 -10.102 9.23112 2.66249 2 
119.300 -10.102 0.00000 -0.00000 0 
-8.980 -12.668 7.06014 -1.04614 2 
-6.414 -12.668 7.12518 -1.12516 2 
-3.848 -12.668 7.11188 -1.32413 2 
-1.283 -12.668 7.19637 -1.61890 2 
1.283 -12.668 6.94212 -1.90061 2 
3.848 -12.668 7.26617 -2.11273 2 
6.414 -12.668 7.21703 -2.25511 2 
8.980 -12.668 7.69845 -2.66187 2 
11.545 -12.668 8.27215 -3.01696 2 
14.111 -12.668 8.77507 -2.83200 2 
16.676 -12.668 9.06417 -2.67687 2 
19.242 -12.668 9.55240 -2.52812 2 
21.808 -12.668 9.36106 -2.20971 2 
24.373 -12.668 9.66647 -1.92762 2 
26.939 -12.668 4.57445 -1.82823 2 
29.504 -12.668 4.26700 -1.45283 2 
32.070 -12.668 4.47519 -0.48918 2 
34.636 -12.668 5.37984 -1.17821 2 
37.201 -12.668 4.43966 -0.26618 2 
39.767 -12.668 3.70994 -0.92774 2 
42.332 -12.668 2.94531 0.16736 2 
44.898 -12.668 3.02308 -0.42418 2 
47.464 -12.668 0.74251 -1.88873 2 
50.029 -12.668 1.96473 -1.60950 2 
52.595 -12.668 3.18694 -1.33027 2 
55.160 -12.668 3.55701 -0.11008 2 
57.726 -12.668 1.83175 -0.01487 2 
60.292 -12.668 5.32022 -0.32549 2 
62.857 -12.668 6.88641 -0.14305 2 
65.423 -12.668 7.60324 0.87678 2 
67.988 -12.668 8.14052 1.44793 2 
70.554 -12.668 8.67780 2.01908 2 
73.120 -12.668 7.89282 0.63864 2 
75.685 -12.668 8.48281 0.87597 2 
78.251 -12.668 7.58343 1.79173 2 
80.816 -12.668 4.82300 1.04486 2 
83.382 -12.668 4.67815 0.38370 2 
85.948 -12.668 4.53331 -0.27746 2 
88.513 -12.668 4.36266 1.13774 2 
91.079 -12.668 5.34608 1.53029 2 
93.644 -12.668 4.15211 0.28660 2 
96.210 -12.668 5.06144 0.35850 2 
98.776 -12.668 4.89110 0.34752 2 
101.341 -12.668 5.01955 1.58371 2 
103.907 -12.668 7.71277 2.22739 2 
106.472 -12.668 8.71678 1.99167 2 
109.038 -12.668 8.71718 2.15029 2 
111.603 -12.668 9.00318 2.40269 2 
114.169 -12.668 8.74492 2.04037 2 
116.735 -12.668 8.95856 2.39493 2 
119.300 -12.668 0.00000 -0.00000 0 
-8.980 -15.233 7.45286 -0.97745 2 
-6.414 -15.233 7.24485 -1.00911 2 
-3.848 -15.233 7.15978 -1.40296 2 
-1.283 -15.233 7.39539 -1.41953 2 
1.283 -15.233 7.28350 -1.87606 2 
3.848 -15.233 7.39435 -1.99645 2 
6.414 -15.233 7.44700 -2.31321 2 
8.980 -15.233 7.91973 -2.28328 2 
11.545 -15.233 8.18239 -2.41243 2 
14.111 -15.233 8.66269 -2.48884 2 
16.676 -15.233 8.77328 -2.39134 2 
19.242 -15.233 9.02416 -2.26501 2 
21.808 -15.233 9.12697 -2.13776 2 
24.373 -15.233 9.43056 -2.14042 2 
26.939 -15.233 7.04755 -1.84595 2 
29.504 -15.233 9.08783 -1.90951 2 
32.070 -15.233 9.65403 -0.73678 2 
34.636 -15.233 10.07276 -1.22161 2 
37.201 -15.233 9.98187 -0.60782 2 
39.767 -15.233 9.43652 -0.51931 2 
42.332 -15.233 6.30784 -0.38280 2 
44.898 -15.233 7.66409 -1.19373 2 
47.464 -15.233 5.88285 -1.53604 2 
50.029 -15.233 4.50593 -1.53214 2 
52.595 -15.233 3.53333 -1.18203 2 
55.160 -15.233 3.46455 -0.68521 2 
57.726 -15.233 5.17667 -0.58710 2 
60.292 -15.233 5.97069 0.39675 2 
62.857 -15.233 7.24799 0.54806 2 
65.423 -15.233 8.19116 0.88548 2 
67.988 -15.233 8.47581 0.95239 2 
70.554 -15.233 8.76047 1.01929 2 
73.120 -15.233 8.89456 0.57883 2 
75.685 -15.233 9.16587 1.47478 2 
78.251 -15.233 9.05121 1.14956 2 
80.816 -15.233 8.25915 0.06394 2 
83.382 -15.233 7.25535 -0.18830 2 
85.948 -15.233 6.79353 -0.27679 2 
88.513 -15.233 5.94243 0.93613 2 
91.079 -15.233 4.93413 0.13906 2 
93.644 -15.233 5.12554 0.79093 2 
96.210 -15.233 7.48707 1.02439 2 
98.776 -15.233 7.00251 0.41358 2 
101.341 -15.233 7.76370 1.48129 2 
103.907 -15.233 8.52490 2.54900 2 
106.472 -15.233 8.66344 2.15064 2 
109.038 -15.233 8.84215 1.98996 2 
111.603 -15.233 8.83839 2.23293 2 
114.169 -15.233 8.61912 1.95168 2 
116.735 -15.233 8.98924 2.35073 2 
119.300 -15.233 0.00000 -0.00000 0 
-8.980 -17.799 7.36709 -1.08852 2 
-6.414 -17.799 7.34723 -1.13754 2 
-3.848 -17.799 7.35625 -1.18600 2 
-1.283 -17.799 7.38138 -1.40150 2 
1.283 -17.799 7.42384 -1.73347 2 
3.848 -17.799 7.46843 -1.71133 2 
6.414 -17.799 7.74790 -2.04005 2 
8.980 -17.799 7.94017 -2.17884 2 
11.545 -17.799 8.36031 -2.22330 2 
14.111 -17.799 8.49925 -2.18372 2 
16.676 -17.799 8.73119 -2.19417 2 
19.242 -17.799 8.99271 -1.97446 2 
21.808 -17.799 9.05442 -1.89128 2 
24.373 -17.799 9.21400 -1.87066 2 
26.939 -17.799 9.52065 -1.86367 2 
29.504 -17.799 9.72094 -1.60201 2 
32.070 -17.799 9.63846 -1.19655 2 
34.636 -17.799 9.59356 -1.18915 2 
37.201 -17.799 9.81795 -0.86108 2 
39.767 -17.799 9.52804 -1.05675 2 
42.332 -17.799 9.67037 -0.93297 2 
44.898 -17.799 9.20480 -1.33107 2 
47.464 -17.799 9.22337 -1.42837 2 
50.029 -17.799 9.24194 -1.52568 2 
52.595 -17.799 8.97650 -1.07959 2 
55.160 -17.799 8.71105 -0.63351 2 
57.726 -17.799 8.66350 -0.72238 2 
60.292 -17.799 7.90431 -0.13409 2 
62.857 -17.799 8.39559 0.62819 2 
65.423 -17.799 8.88687 1.39047 2 
67.988 -17.799 9.19928 1.10169 2 
70.554 -17.799 9.51169 0.81291 2 
73.120 -17.799 9.89630 0.51902 2 
75.685 -17.799 9.37729 1.03058 2 
78.251 -17.799 9.07686 0.83465 2 
80.816 -17.799 9.01117 0.42650 2 
83.382 -17.799 8.97358 -0.35138 2 
85.948 -17.799 9.05375 -0.27611 2 
88.513 -17.799 9.18072 0.00932 2 
91.079 -17.799 9.77927 1.04078 2 
93.644 -17.799 9.62213 0.70118 2 
96.210 -17.799 9.91270 1.69027 2 
98.776 -17.799 10.02469 1.93480 2 
101.341 -17.799 9.47995 2.25005 2 
103.907 -17.799 8.93522 2.56530 2 
106.472 -17.799 8.64833 2.32216 2 
109.038 -17.799 8.95860 1.78763 2 
111.603 -17.799 8.66074 1.93912 2 
114.169 -17.799 8.76898 1.97798 2 
116.735 -17.799 9.01992 2.30653 2 
119.300 -17.799 0.00000 -0.00000 0 
-8.980 -20.364 7.24874 -0.89882 2 
-6.414 -20.364 7.34820 -1.32252 2 
-3.848 -20.364 7.44745 -1.14346 2 
-1.283 -20.364 7.49541 -1.47271 2 
1.283 -20.364 7.56058 -1.53520 2 
3.848 -20.364 7.67631 -1.67578 2 
6.414 -20.364 7.90062 -1.81603 2 
8.980 -20.364 7.97802 -1.90962 2 
11.545 -20.364 8.38402 -1.96478 2 
14.111 -20.364 8.49517 -1.96634 2 
16.676 -20.364 8.78930 -2.04253 2 
19.242 -20.364 8.83187 -1.91707 2 
21.808 -20.364 8.99410 -1.78155 2 
24.373 -20.364 9.00709 -1.61312 2 
26.939 -20.364 9.23494 -1.58787 2 
29.504 -20.364 9.36248 -1.35286 2 
32.070 -20.364 9.50519 -1.34164 2 
34.636 -20.364 9.51837 -1.11101 2 
37.201 -20.364 9.63892 -1.02201 2 
39.767 -20.364 9.44806 -0.76797 2 
42.332 -20.364 9.50278 -1.06433 2 
44.898 -20.364 9.84821 -0.94530 2 
47.464 -20.364 9.94063 -1.16147 2 
50.029 -20.364 9.51775 -1.03880 2 
52.595 -20.364 9.43459 -0.85552 2 
55.160 -20.364 9.51161 -0.60057 2 
57.726 -20.364 9.54658 -0.99133 2 
60.292 -20.364 9.83793 -0.66492 2 
62.857 -20.364 9.91416 0.11797 2 
65.423 -20.364 9.99039 0.90085 2 
67.988 -20.364 9.72134 0.87280 2 
70.554 -20.364 9.81597 0.71341 2 
73.120 -20.364 9.70615 0.70572 2 
75.685 -20.364 9.58870 0.58638 2 
78.251 -20.364 9.52439 0.64344 2 
80.816 -20.364 9.36893 0.44311 2 
83.382 -20.364 9.29434 0.37401 2 
85.948 -20.364 9.79007 0.13807 2 
88.513 -20.364 9.70029 0.42941 2 
91.079 -20.364 9.66960 0.89163 2 
93.644 -20.364 9.73790 0.91587 2 
96.210 -20.364 9.72212 0.91863 2 
98.776 -20.364 9.86979 1.43801 2 
101.341 -20.364 9.73341 1.90921 2 
103.907 -20.364 9.32135 1.97277 2 
106.472 -20.364 8.79129 1.81016 2 
109.038 -20.364 8.92693 1.78439 2 
111.603 -20.364 8.72862 1.91738 2 
114.169 -20.364 8.70963 1.64731 2 
116.735 -20.364 8.98632 2.00229 2 
119.300 -20.364 0.00000 -0.00000 0 
-8.980 -22.930 7.69276 -1.04885 2 
-6.414 -22.930 7.44675 -1.15423 2 
-3.848 -22.930 7.52914 -1.12974 2 
-1.283 -22.930 7.51144 -1.35360 2 
1.283 -22.930 7.67283 -1.44806 2 
3.848 -22.930 7.84075 -1.54285 2 
6.414 -22.930 7.96745 -1.60863 2 
8.980 -22.930 8.17066 -1.70798 2 
11.545 -22.930 8.34706 -1.69386 2 
14.111 -22.930 8.52823 -1.82704 2 
16.676 -22.930 8.64649 -1.67066 2 
19.242 -22.930 8.80803 -1.84182 2 
21.808 -22.930 8.93876 -1.53534 2 
24.373 -22.930 9.05224 -1.62689 2 
26.939 -22.930 9.07815 -1.37849 2 
29.504 -22.930 9.31171 -1.27050 2 
32.070 -22.930 9.38641 -1.17031 2 
34.636 -22.930 9.34699 -0.97296 2 
37.201 -22.930 9.42622 -0.97105 2 
39.767 -22.930 9.45066 -1.00370 2 
42.332 -22.930 9.46757 -0.93118 2 
44.898 -22.930 9.60346 -0.83712 2 
47.464 -22.930 9.61420 -0.80743 2 
50.029 -22.930 9.79355 -0.55192 2 
52.595 -22.930 9.55022 -0.44030 2 
55.160 -22.930 9.70099 -0.49187 2 
57.726 -22.930 9.58593 -0.63591 2 
60.292 -22.930 9.79167 -0.47197 2 
62.857 -22.930 9.93771 -0.09207 2 
65.423 -22.930 9.93583 0.38288 2 
67.988 -22.930 9.83781 0.47692 2 
70.554 -22.930 9.75657 0.54219 2 
73.120 -22.930 9.43538 0.37789 2 
75.685 -22.930 9.36426 0.48945 2 
78.251 -22.930 9.53892 0.64235 2 
80.816 -22.930 9.31361 0.62599 2 
83.382 -22.930 9.65655 0.54727 2 
85.948 -22.930 9.40675 0.60132 2 
88.513 -22.930 9.59514 0.65863 2 
91.079 -22.930 9.58655 0.75808 2 
93.644 -22.930 9.77721 0.78316 2 
96.210 -22.930 9.35245 0.94144 2 
98.776 -22.930 9.50021 1.34810 2 
101.341 -22.930 9.31811 1.33451 2 
103.907 -22.930 8.93313 1.50052 2 
106.472 -22.930 8.97608 1.54153 2 
109.038 -22.930 8.96502 1.65023 2 
111.603 -22.930 8.84113 1.68318 2 
114.169 -22.930 8.57442 1.64879 2 
116.735 -22.930 8.78895 1.63018 2 
119.300 -22.930 0.00000 -0.00000 0 
-8.980 -25.496 7.55428 -0.97259 2 
-6.414 -25.496 7.62073 -1.01758 2 
-3.848 -25.496 7.66540 -1.10454 2 
-1.283 -25.496 7.65009 -1.23316 2 
1.283 -25.496 7.84702 -1.18711 2 
3.848 -25.496 7.74471 -1.43691 2 
6.414 -25.496 8.09468 -1.38561 2 
8.980 -25.496 8.17736 -1.70716 2 
11.545 -25.496 8.32514 -1.57665 2 
14.111 -25.496 8.63729 -1.56431 2 
16.676 -25.496 8.65670 -1.61802 2 
19.242 -25.496 8.68444 -1.60883 2 
21.808 -25.496 8.83096 -1.43549 2 
24.373 -25.496 9.02919 -1.28948 2 
26.939 -25.496 9.02330 -1.35214 2 
29.504 -25.496 9.10189 -1.12040 2 
32.070 -25.496 9.32736 -1.09047 2 
34.636 -25.496 9.31571 -1.00961 2 
37.201 -25.496 9.43382 -0.99743 2 
39.767 -25.496 9.29035 -0.94428 2 
42.332 -25.496 9.41603 -0.82234 2 
44.898 -25.496 9.45784 -0.93113 2 
47.464 -25.496 9.69295 -0.68675 2 
50.029 -25.496 9.70693 -0.50971 2 
52.595 -25.496 9.55279 -0.50118 2 
55.160 -25.496 9.74982 -0.33915 2 
57.726 -25.496 9.69150 -0.34417 2 
60.292 -25.496 9.74541 -0.27902 2 
62.857 -25.496 10.03936 0.00582 2 
65.423 -25.496 9.78223 0.07237 2 
67.988 -25.496 9.72737 0.17693 2 
70.554 -25.496 9.69704 0.58652 2 
73.120 -25.496 9.59049 0.54632 2 
75.685 -25.496 9.61334 0.50209 2 
78.251 -25.496 9.41743 0.54111 2 
80.816 -25.496 9.52773 0.33731 2 
83.382 -25.496 9.31828 0.73865 2 
85.948 -25.496 9.37644 0.68506 2 
88.513 -25.496 9.61458 0.84743 2 
91.079 -25.496 9.37410 0.78782 2 
93.644 -25.496 9.44247 0.95475 2 
96.210 -25.496 9.32257 0.89015 2 
98.776 -25.496 9.34249 1.03069 2 
101.341 -25.496 9.01791 1.20617 2 
103.907 -25.496 9.05799 1.46542 2 
106.472 -25.496 8.83397 1.32858 2 
109.038 -25.496 8.76313 1.43354 2 
111.603 -25.496 8.81938 1.55717 2 
114.169 -25.496 8.61871 1.47017 2 
116.735 -25.496 8.88533 1.24197 2 
119.300 -25.496 0.00000 -0.00000 0 
-8.980 -28.061 7.65156 -0.92869 2 
-6.414 -28.061 7.67837 -0.95110 2 
-3.848 -28.061 7.62736 -1.00645 2 
-1.283 -28.061 7.92573 -1.26241 2 
1.283 -28.061 7.77038 -1.16887 2 
3.848 -28.061 8.08171 -1.37609 2 
6.414 -28.061 8.16986 -1.31358 2 
8.980 -28.061 8.09692 -1.47623 2 
11.545 -28.061 8.27810 -1.30445 2 
14.111 -28.061 8.45746 -1.47753 2 
16.676 -28.061 8.59015 -1.24941 2 
19.242 -28.061 8.82944 -1.23713 2 
21.808 -28.061 8.81775 -1.43959 2 
24.373 -28.061 8.77531 -1.27588 2 
26.939 -28.061 8.99726 -1.16112 2 
29.504 -28.061 9.03572 -1.15524 2 
32.070 -28.061 9.16907 -1.05647 2 
34.636 -28.061 9.28654 -0.86602 2 
37.201 -28.061 9.18062 -0.88652 2 
39.767 -28.061 9.41548 -0.86166 2 
42.332 -28.061 9.46243 -0.82724 2 
44.898 -28.061 9.35548 -0.70111 2 
47.464 -28.061 9.46731 -0.64333 2 
50.029 -28.061 9.56366 -0.62417 2 
52.595 -28.061 9.34416 -0.41104 2 
55.160 -28.061 9.44590 -0.29755 2 
57.726 -28.061 9.69070 -0.33881 2 
60.292 -28.061 9.56611 -0.22455 2 
62.857 -28.061 9.56812 -0.12608 2 
65.423 -28.061 9.60842 0.18797 2 
67.988 -28.061 9.68703 0.25841 2 
70.554 -28.061 9.48849 0.17400 2 
73.120 -28.061 9.56765 0.42466 2 
75.685 -28.061 9.51223 0.38958 2 
78.251 -28.061 9.52740 0.55793 2 
80.816 -28.061 9.38459 0.57763 2 
83.382 -28.061 9.57037 0.59102 2 
85.948 -28.061 9.35828 0.55933 2 
88.513 -28.061 9.61189 0.72143 2 
91.079 -28.061 9.29782 0.60366 2 
93.644 -28.061 9.20752 0.77041 2 
96.210 -28.061 9.12616 0.94314 2 
98.776 -28.061 9.04546 1.06009 2 
101.341 -28.061 9.08227 1.01303 2 
103.907 -28.061 8.84437 1.20566 2 
106.472 -28.061 8.75475 1.26466 2 
109.038 -28.061 8.71434 1.31582 2 
111.603 -28.061 8.62868 1.36076 2 
114.169 -28.061 8.65928 1.33137 2 
116.735 -28.061 8.56980 1.44691 2 
119.300 -28.061 0.00000 -0.00000 0 
-8.980 -30.627 7.66992 -0.99073 2 
-6.414 -30.627 7.69233 -0.96886 2 
-3.848 -30.627 7.82914 -0.95459 2 
-1.283 -30.627 7.73817 -1.12907 2 
1.283 -30.627 8.03038 -1.06848 2 
3.848 -30.627 8.09722 -1.19631 2 
6.414 -30.627 8.32898 -1.21147 2 
8.980 -30.627 8.30363 -1.27580 2 
11.545 -30.627 8.32879 -1.23825 2 
14.111 -30.627 8.48045 -1.36977 2 
16.676 -30.627 8.73944 -1.12433 2 
19.242 -30.627 8.60816 -1.15103 2 
21.808 -30.627 8.89068 -1.13205 2 
24.373 -30.627 8.90634 -1.19380 2 
26.939 -30.627 8.99847 -1.09203 2 
29.504 -30.627 9.00632 -0.99771 2 
32.070 -30.627 9.02253 -0.95203 2 
34.636 -30.627 9.04984 -1.01629 2 
37.201 -30.627 9.14572 -0.88654 2 
39.767 -30.627 9.16181 -0.89482 2 
42.332 -30.627 9.30572 -0.69909 2 
44.898 -30.627 9.25884 -0.77732 2 
47.464 -30.627 9.23535 -0.58335 2 
50.029 -30.627 9.38317 -0.57160 2 
52.595 -30.627 9.52022 -0.44202 2 
55.160 -30.627 9.44597 -0.25969 2 
57.726 -30.627 9.62846 -0.40660 2 
60.292 -30.627 9.42706 -0.25827 2 
62.857 -30.627 9.46278 -0.08407 2 
65.423 -30.627 9.58853 -0.06955 2 
67.988 -30.627 9.48511 0.03313 2 
70.554 -30.627 9.51050 0.22192 2 
73.120 -30.627 9.42731 0.35773 2 
75.685 -30.627 9.56026 0.44991 2 
78.251 -30.627 9.28359 0.40025 2 
80.816 -30.627 9.37984 0.52705 2 
83.382 -30.627 9.22713 0.67189 2 
85.948 -30.627 9.28078 0.53494 2 
88.513 -30.627 9.28620 0.63285 2 
91.079 -30.627 9.14840 0.92893 2 
93.644 -30.627 9.18001 0.73244 2 
96.210 -30.627 9.05789 0.82006 2 
98.776 -30.627 9.08377 0.99804 2 
101.341 -30.627 8.94911 1.00732 2 
103.907 -30.627 8.96542 0.98795 2 
106.472 -30.627 8.81223 1.12704 2 
109.038 -30.627 8.76060 1.08421 2 
111.603 -30.627 8.63846 1.11274 2 
114.169 -30.627 8.61191 1.20393 2 
116.735 -30.627 8.63054 1.35614 2 
119.300 -30.627 0.00000 -0.00000 0 
-8.980 -33.192 7.78134 -0.80110 2 
-6.414 -33.192 7.86401 -0.90802 2 
-3.848 -33.192 7.85185 -0.99681 2 
-1.283 -33.192 8.05787 -1.04312 2 
1.283 -33.192 7.96569 -1.06797 2 
3.848 -33.192 7.99640 -1.13204 2 
6.414 -33.192 8.06061 -1.10515 2 
8.980 -33.192 8.43609 -1.17076 2 
11.545 -33.192 8.33867 -1.19930 2 
14.111 -33.192 8.49231 -1.17659 2 
16.676 -33.192 8.63445 -0.98504 2 
19.242 -33.192 8.71173 -1.41154 2 
21.808 -33.192 8.81203 -0.97984 2 
24.373 -33.192 8.63362 -1.03953 2 
26.939 -33.192 8.80945 -1.01894 2 
29.504 -33.192 8.82283 -0.94719 2 
32.070 -33.192 8.97953 -0.93726 2 
34.636 -33.192 9.16425 -0.86456 2 
37.201 -33.192 9.10381 -0.79366 2 
39.767 -33.192 9.22253 -0.81637 2 
42.332 -33.192 8.99296 -0.71212 2 
44.898 -33.192 9.32084 -0.57651 2 
47.464 -33.192 9.39648 -0.66588 2 
50.029 -33.192 9.24102 -0.44967 2 
52.595 -33.192 9.30944 -0.34208 2 
55.160 -33.192 9.35510 -0.36031 2 
57.726 -33.192 9.29449 -0.25259 2 
60.292 -33.192 9.46983 -0.20751 2 
62.857 -33.192 9.39566 -0.10992 2 
65.423 -33.192 9.48155 0.01637 2 
67.988 -33.192 9.27198 0.22481 2 
70.554 -33.192 9.57085 0.26718 2 
73.120 -33.192 9.26695 0.20760 2 
75.685 -33.192 9.33886 0.31054 2 
78.251 -33.192 9.47674 0.48024 2 
80.816 -33.192 9.28074 0.53135 2 
83.382 -33.192 9.35987 0.43164 2 
85.948 -33.192 9.15318 0.60782 2 
88.513 -33.192 9.00464 0.81024 2 
91.079 -33.192 9.20542 0.67448 2 
93.644 -33.192 9.19477 0.82092 2 
96.210 -33.192 9.00966 0.84156 2 
98.776 -33.192 9.03194 0.88048 2 
101.341 -33.192 8.96482 0.93305 2 
103.907 -33.192 8.76035 0.90510 2 
106.472 -33.192 8.78847 1.01974 2 
109.038 -33.192 8.76501 1.05928 2 
111.603 -33.192 8.44549 1.10706 2 
114.169 -33.192 8.46503 1.26105 2 
116.735 -33.192 8.69153 0.84631 2 
119.300 -33.192 0.00000 -0.00000 0 
-8.980 -35.758 7.84143 -0.95102 2 
-6.414 -35.758 7.86534 -0.84085 2 
-3.848 -35.758 8.00119 -0.79813 2 
-1.283 -35.758 7.90955 -0.99077 2 
1.283 -35.758 8.12274 -1.11347 2 
3.848 -35.758 8.13021 -0.88469 2 
6.414 -35.758 8.15033 -1.16179 2 
8.980 -35.758 8.33520 -1.06339 2 
11.545 -35.758 8.54500 -1.16865 2 
14.111 -35.758 8.26857 -1.06343 2 
16.676 -35.758 8.70588 -1.21313 2 
19.242 -35.758 8.65643 -0.91453 2 
21.808 -35.758 8.71088 -0.95034 2 
24.373 -35.758 8.79746 -1.01431 2 
26.939 -35.758 8.91646 -0.83845 2 
29.504 -35.758 8.98959 -0.87518 2 
32.070 -35.758 8.94637 -0.86320 2 
34.636 -35.758 9.02598 -0.82325 2 
37.201 -35.758 8.98007 -0.76924 2 
39.767 -35.758 8.98440 -0.65457 2 
42.332 -35.758 9.20575 -0.53588 2 
44.898 -35.758 9.19856 -0.58918 2 
47.464 -35.758 9.12254 -0.56343 2 
50.029 -35.758 9.17335 -0.45349 2 
52.595 -35.758 9.26466 -0.59735 2 
55.160 -35.758 9.24820 -0.42302 2 
57.726 -35.758 9.23145 -0.19370 2 
60.292 -35.758 9.24590 -0.35197 2 
62.857 -35.758 9.38441 0.06794 2 
65.423 -35.758 9.48333 0.09670 2 
67.988 -35.758 9.24719 0.02859 2 
70.554 -35.758 9.21612 0.24926 2 
73.120 -35.758 9.40811 0.33635 2 
75.685 -35.758 9.28577 0.36213 2 
78.251 -35.758 9.04055 0.40148 2 
80.816 -35.758 9.30407 0.49345 2 
83.382 -35.758 9.28298 0.37554 2 
85.948 -35.758 9.06864 0.54026 2 
88.513 -35.758 9.07461 0.61217 2 
91.079 -35.758 9.03089 0.73407 2 
93.644 -35.758 9.05008 0.62825 2 
96.210 -35.758 9.02632 0.75670 2 
98.776 -35.758 8.84200 0.86509 2 
101.341 -35.758 8.83969 0.83314 2 
103.907 -35.758 8.81387 0.88011 2 
106.472 -35.758 8.82043 0.88055 2 
109.038 -35.758 8.75175 0.96466 2 
111.603 -35.758 8.60545 0.94133 2 
114.169 -35.758 8.52329 0.85637 2 
116.735 -35.758 8.78346 1.09839 2 
119.300 -35.758 0.00000 -0.00000 0 
-8.980 -38.324 7.86630 -0.88254 2 
-6.414 -38.324 7.93773 -0.94958 2 
-3.848 -38.324 7.93698 -0.89195 2 
-1.283 -38.324 7.94911 -0.95095 2 
1.283 -38.324 8.06887 -0.90936 2 
3.848 -38.324 8.12645 -0.98775 2 
6.414 -38.324 8.21254 -0.94059 2 
8.980 -38.324 8.30962 -1.00763 2 
11.545 -38.324 8.47399 -0.94571 2 
14.111 -38.324 8.54313 -1.10458 2 
16.676 -38.324 8.35551 -0.95260 2 
19.242 -38.324 8.68075 -1.03197 2 
21.808 -38.324 8.69797 -0.98962 2 
24.373 -38.324 8.77330 -0.94967 2 
26.939 -38.324 8.76333 -0.89106 2 
29.504 -38.324 8.86692 -0.80520 2 
32.070 -38.324 8.82538 -0.80593 2 
34.636 -38.324 8.95143 -0.81081 2 
37.201 -38.324 9.09408 -0.78894 2 
39.767 -38.324 8.99397 -0.76432 2 
42.332 -38.324 9.09393 -0.67729 2 
44.898 -38.324 9.09497 -0.53099 2 
47.464 -38.324 9.16326 -0.59963 2 
50.029 -38.324 8.97956 -0.45913 2 
52.595 -38.324 9.24392 -0.23497 2 
55.160 -38.324 9.09162 -0.42259 2 
57.726 -38.324 9.19862 -0.11974 2 
60.292 -38.324 9.23557 -0.10229 2 
62.857 -38.324 9.25892 -0.22009 2 
65.423 -38.324 9.06923 -0.05902 2 
67.988 -38.324 9.34081 -0.00063 2 
70.554 -38.324 9.29649 0.22826 2 
73.120 -38.324 9.19086 0.20184 2 
75.685 -38.324 9.10464 0.34273 2 
78.251 -38.324 9.20450 0.36258 2 
80.816 -38.324 9.07197 0.42044 2 
83.382 -38.324 9.18433 0.59954 2 
85.948 -38.324 9.04274 0.42723 2 
88.513 -38.324 9.05061 0.68457 2 
91.079 -38.324 8.95110 0.70648 2 
93.644 -38.324 8.99489 0.67560 2 
96.210 -38.324 8.89043 0.75548 2 
98.776 -38.324 8.88863 0.94430 2 
101.341 -38.324 8.94477 0.83687 2 
103.907 -38.324 8.73024 0.81929 2 
106.472 -38.324 8.72835 0.88561 2 
109.038 -38.324 8.68673 0.79763 2 
111.603 -38.324 8.50314 0.89098 2 
114.169 -38.324 8.46296 0.98382 2 
116.735 -38.324 8.55469 1.15210 2 
119.300 -38.324 0.00000 -0.00000 0 
-8.980 -40.889 7.84055 -0.79633 2 
-6.414 -40.889 7.90729 -0.80392 2 
-3.848 -40.889 7.99070 -0.76415 2 
-1.283 -40.889 8.16686 -0.92228 2 
1.283 -40.889 8.06058 -0.84612 2 
3.848 -40.889 8.15150 -0.86869 2 
6.414 -40.889 8.27123 -0.91375 2 
8.980 -40.889 8.47010 -0.88391 2 
11.545 -40.889 8.34993 -1.10984 2 
14.111 -40.889 8.48179 -0.95683 2 
16.676 -40.889 8.47461 -0.84766 2 
19.242 -40.889 8.59788 -0.92308 2 
21.808 -40.889 8.61351 -0.83166 2 
24.373 -40.889 8.75736 -0.83652 2 
26.939 -40.889 8.65308 -0.94236 2 
29.504 -40.889 8.85228 -0.79346 2 
32.070 -40.889 8.75356 -0.81584 2 
34.636 -40.889 8.99761 -0.71761 2 
37.201 -40.889 8.86652 -0.67334 2 
39.767 -40.889 9.03100 -0.57016 2 
42.332 -40.889 8.95380 -0.65379 2 
44.898 -40.889 8.93640 -0.56933 2 
47.464 -40.889 9.01365 -0.34809 2 
50.029 -40.889 9.10368 -0.61989 2 
52.595 -40.889 9.09153 -0.24599 2 
55.160 -40.889 9.07929 -0.26268 2 
57.726 -40.889 9.14974 -0.36151 2 
60.292 -40.889 9.28173 -0.22043 2 
62.857 -40.889 9.10753 -0.10781 2 
65.423 -40.889 9.06941 0.09595 2 
67.988 -40.889 9.10013 -0.08154 2 
70.554 -40.889 9.29161 0.25242 2 
73.120 -40.889 9.07444 0.37524 2 
75.685 -40.889 9.19320 0.16775 2 
78.251 -40.889 9.06836 0.31509 2 
80.816 -40.889 9.09133 0.38029 2 
83.382 -40.889 8.96195 0.54432 2 
85.948 -40.889 9.17958 0.50253 2 
88.513 -40.889 8.94484 0.54378 2 
91.079 -40.889 9.01579 0.58375 2 
93.644 -40.889 8.98264 0.62382 2 
96.210 -40.889 8.92080 0.85850 2 
98.776 -40.889 8.92169 0.73153 2 
101.341 -40.889 8.82600 0.88537 2 
103.907 -40.889 8.82899 0.73772 2 
106.472 -40.889 8.59240 0.95962 2 
109.038 -40.889 8.69022 0.80131 2 
111.603 -40.889 8.46266 0.98664 2 
114.169 -40.889 8.53109 0.86756 2 
116.735 -40.889 8.66340 0.93501 2 
119.300 -40.889 0.00000 -0.00000 0 
-8.980 -43.455 8.06564 -0.71731 2 
-6.414 -43.455 8.14966 -0.82502 2 
-3.848 -43.455 8.06787 -0.74489 2 
-1.283 -43.455 7.88399 -0.81044 2 
1.283 -43.455 8.09668 -0.89085 2 
3.848 -43.455 8.09274 -0.88313 2 
6.414 -43.455 8.07076 -0.83614 2 
8.980 -43.455 8.43113 -0.95721 2 
11.545 -43.455 8.44386 -0.79923 2 
14.111 -43.455 8.49113 -0.78961 2 
16.676 -43.455 8.62752 -0.96435 2 
19.242 -43.455 8.63125 -0.86708 2 
21.808 -43.455 8.61034 -0.86268 2 
24.373 -43.455 8.69099 -0.95854 2 
26.939 -43.455 8.82637 -0.71491 2 
29.504 -43.455 8.95335 -0.78979 2 
32.070 -43.455 8.78823 -0.72510 2 
34.636 -43.455 8.80476 -0.62712 2 
37.201 -43.455 8.96736 -0.66889 2 
39.767 -43.455 8.92013 -0.60809 2 
42.332 -43.455 9.00117 -0.60327 2 
44.898 -43.455 8.96017 -0.57823 2 
47.464 -43.455 8.86710 -0.50067 2 
50.029 -43.455 8.89463 -0.21084 2 
52.595 -43.455 9.06629 -0.42215 2 
55.160 -43.455 9.10586 -0.32098 2 
57.726 -43.455 9.16341 -0.07175 2 
60.292 -43.455 8.98086 -0.28580 2 
62.857 -43.455 9.10604 -0.02478 2 
65.423 -43.455 9.08106 -0.05175 2 
67.988 -43.455 9.01938 0.02913 2 
70.554 -43.455 9.09779 0.12725 2 
73.120 -43.455 9.12987 0.13471 2 
75.685 -43.455 9.04579 0.26053 2 
78.251 -43.455 9.09477 0.30557 2 
80.816 -43.455 9.08484 0.39917 2 
83.382 -43.455 9.00151 0.36117 2 
85.948 -43.455 8.99454 0.56201 2 
88.513 -43.455 9.08820 0.60042 2 
91.079 -43.455 8.95386 0.52585 2 
93.644 -43.455 8.83190 0.71801 2 
96.210 -43.455 8.70610 0.64324 2 
98.776 -43.455 8.83278 0.67421 2 
101.341 -43.455 8.69474 0.72624 2 
103.907 -43.455 8.66101 0.80843 2 
106.472 -43.455 8.72243 0.79123 2 
109.038 -43.455 8.54410 0.77596 2 
111.603 -43.455 8.73096 0.87936 2 
114.169 -43.455 8.32157 0.95184 2 
116.735 -43.455 8.77210 0.71793 2 
119.300 -43.455 0.00000 -0.00000 0 
-8.980 -46.020 7.93116 -0.74080 2 
-6.414 -46.020 8.07473 -0.74222 2 
-3.848 -46.020 7.97840 -0.94225 2 
-1.283 -46.020 8.18406 -0.79147 2 
1.283 -46.020 8.23827 -0.75969 2 
3.848 -46.020 8.30538 -0.92872 2 
6.414 -46.020 8.21922 -0.72835 2 
8.980 -46.020 8.39206 -0.83673 2 
11.545 -46.020 8.44179 -0.98630 2 
14.111 -46.020 8.32137 -0.88097 2 
16.676 -46.020 8.50482 -0.75986 2 
19.242 -46.020 8.52056 -0.88545 2 
21.808 -46.020 8.62446 -0.76914 2 
24.373 -46.020 8.72003 -0.73895 2 
26.939 -46.020 8.70883 -0.81558 2 
29.504 -46.020 8.74577 -0.75219 2 
32.070 -46.020 8.85482 -0.70333 2 
34.636 -46.020 8.80298 -0.69120 2 
37.201 -46.020 8.86958 -0.54034 2 
39.767 -46.020 8.77900 -0.54427 2 
42.332 -46.020 8.88590 -0.50208 2 
44.898 -46.020 8.88580 -0.53481 2 
47.464 -46.020 8.94776 -0.42745 2 
50.029 -46.020 9.10509 -0.59110 2 
52.595 -46.020 8.79484 -0.28460 2 
55.160 -46.020 9.07408 -0.41875 2 
57.726 -46.020 8.97538 -0.28312 2 
60.292 -46.020 8.99369 -0.13158 2 
62.857 -46.020 9.09774 -0.11774 2 
65.423 -46.020 9.12281 0.07841 2 
67.988 -46.020 8.94538 0.03983 2 
70.554 -46.020 8.99925 0.08061 2 
73.120 -46.020 8.95192 0.40997 2 
75.685 -46.020 9.08694 0.36424 2 
78.251 -46.020 9.02511 0.46385 2 
80.816 -46.020 8.88356 0.45877 2 
83.382 -46.020 9.09861 0.27091 2 
85.948 -46.020 8.77495 0.61411 2 
88.513 -46.020 8.88631 0.50714 2 
91.079 -46.020 8.98019 0.53057 2 
93.644 -46.020 8.81586 0.66826 2 
96.210 -46.020 8.92736 0.67083 2 
98.776 -46.020 8.78775 0.63834 2 
101.341 -46.020 8.73684 0.73560 2 
103.907 -46.020 8.69542 0.86832 2 
106.472 -46.020 8.78926 0.72057 2 
109.038 -46.020 8.56456 0.72774 2 
111.603 -46.020 8.58363 0.74992 2 
114.169 -46.020 8.40936 0.68671 2 
116.735 -46.020 8.58491 1.07023 2 
119.300 -46.020 0.00000 -0.00000 0 
-8.980 -48.586 8.04293 -0.84256 2 
-6.414 -48.586 8.04204 -0.71412 2 
-3.848 -48.586 8.08547 -0.80013 2 
-1.283 -48.586 8.09293 -0.71768 2 
1.283 -48.586 8.08982 -0.74223 2 
3.848 -48.586 8.22224 -0.79005 2 
6.414 -48.586 8.22259 -0.81630 2 
8.980 -48.586 8.35242 -0.85796 2 
11.545 -48.586 8.30089 -0.75495 2 
14.111 -48.586 8.43193 -0.68140 2 
16.676 -48.586 8.47543 -0.89669 2 
19.242 -48.586 8.76020 -0.76501 2 
21.808 -48.586 8.64991 -0.82123 2 
24.373 -48.586 8.58442 -0.76754 2 
26.939 -48.586 8.69961 -0.69671 2 
29.504 -48.586 8.81161 -0.67410 2 
32.070 -48.586 8.77628 -0.75759 2 
34.636 -48.586 8.87148 -0.67022 2 
37.201 -48.586 8.86226 -0.60661 2 
39.767 -48.586 8.82021 -0.55113 2 
42.332 -48.586 8.96467 -0.59016 2 
44.898 -48.586 8.91485 -0.44689 2 
47.464 -48.586 9.02511 -0.31597 2 
50.029 -48.586 8.95377 -0.33678 2 
52.595 -48.586 8.92994 -0.36944 2 
55.160 -48.586 9.03719 -0.27096 2 
57.726 -48.586 8.73054 -0.17364 2 
60.292 -48.586 8.97990 -0.14717 2 
62.857 -48.586 8.90259 -0.07090 2 
65.423 -48.586 8.90529 0.10474 2 
67.988 -48.586 9.00494 0.10420 2 
70.554 -48.586 9.08789 0.00366 2 
73.120 -48.586 8.93796 0.22073 2 
75.685 -48.586 8.94376 0.28299 2 
78.251 -48.586 8.87108 0.40212 2 
80.816 -48.586 9.12943 0.26118 2 
83.382 -48.586 8.96652 0.41626 2 
85.948 -48.586 9.08073 0.34119 2 
88.513 -48.586 8.90745 0.38779 2 
91.079 -48.586 8.81904 0.60685 2 
93.644 -48.586 8.76678 0.51448 2 
96.210 -48.586 8.84768 0.53213 2 
98.776 -48.586 8.70676 0.76693 2 
101.341 -48.586 8.71817 0.58342 2 
103.907 -48.586 8.59867 0.72135 2 
106.472 -48.586 8.64584 0.67782 2 
109.038 -48.586 8.54754 0.75564 2 
111.603 -48.586 8.46152 0.80303 2 
114.169 -48.586 8.39495 0.69611 2 
116.735 -48.586 8.58186 0.80972 2 
119.300 -48.586 0.00000 -0.00000 0 
-8.980 -51.152 7.89742 -0.69015 2 
-6.414 -51.152 8.02559 -0.62215 2 
-3.848 -51.152 8.01013 -0.71537 2 
-1.283 -51.152 8.13709 -0.68014 2 
1.283 -51.152 8.12220 -0.86821 2 
3.848 -51.152 8.27475 -0.74806 2 
6.414 -51.152 8.32158 -0.81427 2 
8.980 -51.152 8.28075 -0.66243 2 
11.545 -51.152 8.30485 -0.79134 2 
14.111 -51.152 8.39083 -0.56101 2 
16.676 -51.152 8.48764 -0.75244 2 
19.242 -51.152 8.47741 -0.66596 2 
21.808 -51.152 8.55115 -0.66159 2 
24.373 -51.152 8.62675 -0.70240 2 
26.939 -51.152 8.63033 -0.73373 2 
29.504 -51.152 8.83710 -0.63887 2 
32.070 -51.152 8.69883 -0.68371 2 
34.636 -51.152 8.69955 -0.62303 2 
37.201 -51.152 8.82882 -0.62889 2 
39.767 -51.152 8.82312 -0.59227 2 
42.332 -51.152 8.83372 -0.42152 2 
44.898 -51.152 8.74035 -0.52898 2 
47.464 -51.152 8.80123 -0.35092 2 
50.029 -51.152 8.82982 -0.39605 2 
52.595 -51.152 8.78100 -0.08716 2 
55.160 -51.152 8.75386 -0.35466 2 
57.726 -51.152 9.08160 -0.20704 2 
60.292 -51.152 8.95491 -0.21701 2 
62.857 -51.152 8.96436 -0.14905 2 
65.423 -51.152 8.85560 0.01114 2 
67.988 -51.152 8.94238 0.02735 2 
70.554 -51.152 8.90123 0.14422 2 
73.120 -51.152 8.93277 0.09568 2 
75.685 -51.152 8.98779 0.21278 2 
78.251 -51.152 8.95791 0.30496 2 
80.816 -51.152 8.92397 0.32519 2 
83.382 -51.152 8.89552 0.37605 2 
85.948 -51.152 8.79203 0.31797 2 
88.513 -51.152 8.81450 0.39319 2 
91.079 -51.152 8.79535 0.46492 2 
93.644 -51.152 8.83030 0.43709 2 
96.210 -51.152 8.60582 0.57177 2 
98.776 -51.152 8.78465 0.54328 2 
101.341 -51.152 8.78819 0.60199 2 
103.907 -51.152 8.56476 0.71640 2 
106.472 -51.152 8.55837 0.60792 2 
109.038 -51.152 8.62809 0.68693 2 
111.603 -51.152 8.32535 0.77813 2 
114.169 -51.152 8.37032 0.67378 2 
116.735 -51.152 8.32568 0.79367 2 
119.300 -51.152 0.00000 -0.00000 0 
-8.980 -53.717 8.43677 -0.71520 2 
-6.414 -53.717 8.25505 -0.77376 2 
-3.848 -53.717 8.19164 -0.84374 2 
-1.283 -53.717 8.33434 -0.70156 2 
1.283 -53.717 8.22296 -0.69221 2 
3.848 -53.717 8.23525 -0.64309 2 
6.414 -53.717 8.36197 -0.79707 2 
8.980 -53.717 8.40757 -0.93272 2 
11.545 -53.717 8.36267 -0.80278 2 
14.111 -53.717 8.61330 -0.73798 2 
16.676 -53.717 8.39974 -0.85204 2 
19.242 -53.717 8.47297 -0.78124 2 
21.808 -53.717 8.60850 -0.72543 2 
24.373 -53.717 8.64485 -0.61378 2 
26.939 -53.717 8.59172 -0.71070 2 
29.504 -53.717 8.80800 -0.65819 2 
32.070 -53.717 8.76278 -0.58373 2 
34.636 -53.717 8.71355 -0.62959 2 
37.201 -53.717 8.80414 -0.68920 2 
39.767 -53.717 8.86863 -0.54858 2 
42.332 -53.717 8.81450 -0.48802 2 
44.898 -53.717 8.85078 -0.48580 2 
47.464 -53.717 8.88845 -0.43937 2 
50.029 -53.717 8.85150 -0.35964 2 
52.595 -53.717 8.77973 -0.37605 2 
55.160 -53.717 8.91272 -0.26324 2 
57.726 -53.717 8.97968 -0.21014 2 
60.292 -53.717 8.98166 -0.12679 2 
62.857 -53.717 8.85029 -0.00054 2 
65.423 -53.717 8.87428 -0.06521 2 
67.988 -53.717 8.85747 0.06175 2 
70.554 -53.717 8.86266 0.22464 2 
73.120 -53.717 8.92756 0.14035 2 
75.685 -53.717 8.88515 0.33362 2 
78.251 -53.717 8.83780 0.26773 2 
80.816 -53.717 8.79225 0.21584 2 
83.382 -53.717 8.85651 0.32576 2 
85.948 -53.717 8.82404 0.40393 2 
88.513 -53.717 8.82368 0.47809 2 
91.079 -53.717 8.82110 0.53378 2 
93.644 -53.717 8.77484 0.48278 2 
96.210 -53.717 8.79397 0.59230 2 
98.776 -53.717 8.73800 0.56692 2 
101.341 -53.717 8.70761 0.68279 2 
103.907 -53.717 8.56457 0.50879 2 
106.472 -53.717 8.47910 0.65459 2 
109.038 -53.717 8.56707 0.67034 2 
111.603 -53.717 8.81002 0.52400 2 
114.169 -53.717 8.82847 0.90052 2 
116.735 -53.717 0.00000 -0.00000 0 
119.300 -53.717 0.00000 -0.00000 0 
-8.980 -56.283 0.00000 -0.00000 0 
-6.414 -56.283 0.00000 -0.00000 0 
-3.848 -56.283 0.00000 -0.00000 0 
-1.283 -56.283 0.00000 -0.00000 0 
1.283 -56.283 8.14180 -0.54405 2 
3.848 -56.283 8.27119 -0.38957 2 
6.414 -56.283 8.25885 -0.40735 2 
8.980 -56.283 8.22359 -0.42279 2 
11.545 -56.283 8.38216 -0.42145 2 
14.111 -56.283 8.53557 -0.39752 2 
16.676 -56.283 8.39032 -0.41452 2 
19.242 -56.283 8.61593 -0.47432 2 
21.808 -56.283 8.57156 -0.41656 2 
24.373 -56.283 8.59042 -0.40325 2 
26.939 -56.283 8.60929 -0.38993 2 
29.504 -56.283 8.62815 -0.37662 2 
32.070 -56.283 8.64701 -0.36330 2 
34.636 -56.283 8.66587 -0.34999 2 
37.201 -56.283 8.68473 -0.33667 2 
39.767 -56.283 8.72128 -0.26145 2 
42.332 -56.283 8.75782 -0.18623 2 
44.898 -56.283 8.75251 -0.18303 2 
47.464 -56.283 8.74721 -0.17983 2 
50.029 -56.283 8.87438 -0.01953 2 
52.595 -56.283 8.86287 0.00205 2 
55.160 -56.283 8.88870 0.01729 2 
57.726 -56.283 8.84209 -0.09463 2 
60.292 -56.283 8.85770 -0.07432 2 
62.857 -56.283 8.87271 -0.05501 2 
65.423 -56.283 8.91771 -0.01766 2 
67.988 -56.283 8.90457 0.04665 2 
70.554 -56.283 8.77394 0.09885 2 
73.120 -56.283 8.82329 0.13549 2 
75.685 -56.283 8.84744 0.19028 2 
78.251 -56.283 8.87694 0.10714 2 
80.816 -56.283 8.92004 0.10290 2 
83.382 -56.283 8.82789 0.06590 2 
85.948 -56.283 8.74456 0.12602 2 
88.513 -56.283 8.78806 0.11424 2 
91.079 -56.283 8.83157 0.10246 2 
93.644 -56.283 8.81690 0.14408 2 
96.210 -56.283 8.80224 0.18570 2 
98.776 -56.283 8.78757 0.22731 2 
101.341 -56.283 8.73559 0.30497 2 
103.907 -56.283 8.68361 0.38263 2 
106.472 -56.283 8.73691 0.37276 2 
109.038 -56.283 8.79022 0.36289 2 
111.603 -56.283 0.00000 -0.00000 0 
114.169 -56.283 0.00000 -0.00000 0 
116.735 -56.283 0.00000 -0.00000 0 
119.300 -56.283 0.00000 -0.00000 0 
