TITLE = "B00022"
VARIABLES = "X [mm]", "Y [mm]", "Vx [m/s]", "Vy [m/s]", "Flag"
ZONE T="Frame 1", I=51, J=39, F=POINT
-8.980 41.210 7.28919 0.27891 2 
-6.414 41.210 7.24389 0.30754 2 
-3.848 41.210 7.22708 0.40820 2 
-1.283 41.210 6.97310 0.52586 2 
1.283 41.210 6.71912 0.64352 2 
3.848 41.210 0.00000 -0.00000 0 
6.414 41.210 0.00000 -0.00000 0 
8.980 41.210 0.00000 -0.00000 0 
11.545 41.210 0.00000 -0.00000 0 
14.111 41.210 0.00000 -0.00000 0 
16.676 41.210 0.00000 -0.00000 0 
19.242 41.210 -0.53966 0.66834 2 
21.808 41.210 3.42037 0.71472 2 
24.373 41.210 7.38039 0.76111 2 
26.939 41.210 7.39478 0.82818 2 
29.504 41.210 7.43922 0.54565 2 
32.070 41.210 7.46654 0.84424 2 
34.636 41.210 7.44979 0.71714 2 
37.201 41.210 7.55551 0.85571 2 
39.767 41.210 7.57338 0.82711 2 
42.332 41.210 7.58229 0.83363 2 
44.898 41.210 7.89031 0.93628 2 
47.464 41.210 7.70957 0.71706 2 
50.029 41.210 7.62304 0.93237 2 
52.595 41.210 8.08667 0.80427 2 
55.160 41.210 8.22572 0.95974 2 
57.726 41.210 8.20473 0.67082 2 
60.292 41.210 8.04219 0.72636 2 
62.857 41.210 8.28473 0.66080 2 
65.423 41.210 8.35436 0.62621 2 
67.988 41.210 8.32829 0.51269 2 
70.554 41.210 8.17140 0.61625 2 
73.120 41.210 8.31989 0.49090 2 
75.685 41.210 8.49069 0.34401 2 
78.251 41.210 8.50702 0.47097 2 
80.816 41.210 0.00000 0.00000 0 
83.382 41.210 8.52091 0.32363 2 
85.948 41.210 8.54000 0.28819 2 
88.513 41.210 8.74898 0.08790 2 
91.079 41.210 8.38812 0.11928 2 
93.644 41.210 8.62427 0.05593 2 
96.210 41.210 8.48707 -0.00157 2 
98.776 41.210 8.58890 -0.28783 2 
101.341 41.210 8.30248 -0.37155 2 
103.907 41.210 8.48369 -0.38081 2 
106.472 41.210 8.06566 -0.29879 2 
109.038 41.210 8.33347 -0.29165 2 
111.603 41.210 7.94558 -0.33347 2 
114.169 41.210 7.94896 -0.36096 2 
116.735 41.210 8.42615 -0.36222 2 
119.300 41.210 0.00000 -0.00000 0 
-8.980 38.644 7.15766 0.29967 2 
-6.414 38.644 7.14905 0.28444 2 
-3.848 38.644 7.10738 0.36780 2 
-1.283 38.644 7.24453 0.38632 2 
1.283 38.644 7.80430 0.54114 2 
3.848 38.644 0.00000 -0.00000 0 
6.414 38.644 0.00000 -0.00000 0 
8.980 38.644 0.00000 -0.00000 0 
11.545 38.644 0.00000 -0.00000 0 
14.111 38.644 0.00000 -0.00000 0 
16.676 38.644 0.00000 -0.00000 0 
19.242 38.644 3.98143 0.32427 2 
21.808 38.644 7.96286 0.64854 2 
24.373 38.644 7.33704 0.81196 2 
26.939 38.644 7.29892 0.73179 2 
29.504 38.644 7.42978 0.82736 2 
32.070 38.644 7.42272 0.78519 2 
34.636 38.644 7.51955 0.75604 2 
37.201 38.644 7.71680 1.08528 2 
39.767 38.644 7.59098 0.69655 2 
42.332 38.644 7.81376 0.78550 2 
44.898 38.644 7.92294 0.72551 2 
47.464 38.644 7.85218 0.83521 2 
50.029 38.644 8.01046 0.75105 2 
52.595 38.644 8.04372 0.97914 2 
55.160 38.644 7.91568 0.84206 2 
57.726 38.644 7.99494 0.74378 2 
60.292 38.644 8.07257 0.88932 2 
62.857 38.644 8.19818 0.76332 2 
65.423 38.644 8.35215 0.68676 2 
67.988 38.644 8.18729 0.78257 2 
70.554 38.644 8.36639 0.76526 2 
73.120 38.644 8.43556 0.63485 2 
75.685 38.644 8.76042 0.49606 2 
78.251 38.644 8.41202 0.57559 2 
80.816 38.644 0.00000 0.00000 0 
83.382 38.644 8.59137 0.33334 2 
85.948 38.644 8.73843 0.25372 2 
88.513 38.644 8.56145 0.05153 2 
91.079 38.644 8.62096 -0.02316 2 
93.644 38.644 8.68211 -0.10353 2 
96.210 38.644 8.48632 -0.36181 2 
98.776 38.644 8.81192 -0.27527 2 
101.341 38.644 8.38413 -0.38800 2 
103.907 38.644 8.21471 -0.38309 2 
106.472 38.644 8.28649 -0.61903 2 
109.038 38.644 8.04451 -0.55208 2 
111.603 38.644 8.13804 -0.55789 2 
114.169 38.644 7.73099 -0.20598 2 
116.735 38.644 8.47644 -0.42751 2 
119.300 38.644 0.00000 -0.00000 0 
-8.980 36.079 7.22265 0.19012 2 
-6.414 36.079 7.14410 0.26413 2 
-3.848 36.079 7.12792 0.38447 2 
-1.283 36.079 7.03139 0.41514 2 
1.283 36.079 7.54446 0.60753 2 
3.848 36.079 0.00000 -0.00000 0 
6.414 36.079 0.00000 -0.00000 0 
8.980 36.079 0.00000 -0.00000 0 
11.545 36.079 0.00000 -0.00000 0 
14.111 36.079 0.00000 -0.00000 0 
16.676 36.079 0.00000 -0.00000 0 
19.242 36.079 3.90368 0.44739 2 
21.808 36.079 7.80735 0.89478 2 
24.373 36.079 7.11747 0.75302 2 
26.939 36.079 7.35443 0.89253 2 
29.504 36.079 7.38472 0.88506 2 
32.070 36.079 7.53213 0.82503 2 
34.636 36.079 7.52552 0.95169 2 
37.201 36.079 7.50304 0.65066 2 
39.767 36.079 7.52458 0.97936 2 
42.332 36.079 7.98984 0.89836 2 
44.898 36.079 7.90746 0.96364 2 
47.464 36.079 8.01938 0.91327 2 
50.029 36.079 7.71360 0.92372 2 
52.595 36.079 7.87873 0.81086 2 
55.160 36.079 8.10792 0.88063 2 
57.726 36.079 8.21275 1.02545 2 
60.292 36.079 8.37605 0.72341 2 
62.857 36.079 8.17146 1.03581 2 
65.423 36.079 8.43017 0.73189 2 
67.988 36.079 8.54221 0.83841 2 
70.554 36.079 8.36969 0.79995 2 
73.120 36.079 8.54637 0.60180 2 
75.685 36.079 8.46754 0.52846 2 
78.251 36.079 8.66454 0.48555 2 
80.816 36.079 0.00000 0.00000 0 
83.382 36.079 8.60094 0.29563 2 
85.948 36.079 8.63954 0.20491 2 
88.513 36.079 8.86172 0.07111 2 
91.079 36.079 8.52985 0.01338 2 
93.644 36.079 8.72561 -0.25509 2 
96.210 36.079 8.57524 -0.29985 2 
98.776 36.079 8.64586 -0.34880 2 
101.341 36.079 8.46882 -0.42507 2 
103.907 36.079 8.61315 -0.67570 2 
106.472 36.079 8.34321 -0.57972 2 
109.038 36.079 8.11206 -0.60610 2 
111.603 36.079 7.77465 -0.52948 2 
114.169 36.079 8.10910 -0.65369 2 
116.735 36.079 7.82501 -0.60851 2 
119.300 36.079 0.00000 -0.00000 0 
-8.980 33.513 7.11498 0.24930 2 
-6.414 33.513 7.05329 0.23455 2 
-3.848 33.513 7.22556 0.46710 2 
-1.283 33.513 7.04075 0.31038 2 
1.283 33.513 7.71622 0.38371 2 
3.848 33.513 0.00000 -0.00000 0 
6.414 33.513 0.00000 -0.00000 0 
8.980 33.513 0.00000 -0.00000 0 
11.545 33.513 0.00000 -0.00000 0 
14.111 33.513 0.00000 -0.00000 0 
16.676 33.513 0.00000 -0.00000 0 
19.242 33.513 4.03611 0.37376 2 
21.808 33.513 8.07222 0.74751 2 
24.373 33.513 7.18289 0.83380 2 
26.939 33.513 7.43795 0.83867 2 
29.504 33.513 7.29744 0.90346 2 
32.070 33.513 7.30375 0.92620 2 
34.636 33.513 7.48553 0.90717 2 
37.201 33.513 7.68308 1.08345 2 
39.767 33.513 7.55967 0.99443 2 
42.332 33.513 7.55332 1.02389 2 
44.898 33.513 7.60880 0.95997 2 
47.464 33.513 7.84551 0.69889 2 
50.029 33.513 8.02655 0.98809 2 
52.595 33.513 7.93957 0.99908 2 
55.160 33.513 8.20342 0.84654 2 
57.726 33.513 8.15949 0.84363 2 
60.292 33.513 8.32377 0.94806 2 
62.857 33.513 8.25130 0.73811 2 
65.423 33.513 8.29207 0.68916 2 
67.988 33.513 8.47025 0.77514 2 
70.554 33.513 8.63151 0.74664 2 
73.120 33.513 8.51735 0.88502 2 
75.685 33.513 8.48149 0.71737 2 
78.251 33.513 8.61725 0.70795 2 
80.816 33.513 0.00000 0.00000 0 
83.382 33.513 8.57245 0.50693 2 
85.948 33.513 8.68250 0.31095 2 
88.513 33.513 8.89887 0.03613 2 
91.079 33.513 8.84308 -0.06245 2 
93.644 33.513 8.84897 -0.53088 2 
96.210 33.513 8.69105 -0.33070 2 
98.776 33.513 8.76819 -0.65865 2 
101.341 33.513 8.66306 -0.57836 2 
103.907 33.513 8.33885 -0.66933 2 
106.472 33.513 8.31580 -0.75944 2 
109.038 33.513 8.24710 -0.86647 2 
111.603 33.513 7.88676 -0.82189 2 
114.169 33.513 7.73572 -0.79559 2 
116.735 33.513 8.12578 -0.51313 2 
119.300 33.513 0.00000 -0.00000 0 
-8.980 30.948 7.31265 0.14567 2 
-6.414 30.948 7.06787 0.32969 2 
-3.848 30.948 7.12392 0.28746 2 
-1.283 30.948 7.04757 0.22760 2 
1.283 30.948 7.36735 0.54220 2 
3.848 30.948 0.00000 -0.00000 0 
6.414 30.948 0.00000 -0.00000 0 
8.980 30.948 0.00000 -0.00000 0 
11.545 30.948 0.00000 -0.00000 0 
14.111 30.948 0.00000 -0.00000 0 
16.676 30.948 0.00000 -0.00000 0 
19.242 30.948 3.89214 0.41040 2 
21.808 30.948 7.78428 0.82080 2 
24.373 30.948 7.37406 0.90786 2 
26.939 30.948 7.33049 0.82608 2 
29.504 30.948 7.55483 1.00766 2 
32.070 30.948 7.30758 0.84806 2 
34.636 30.948 7.59213 1.05247 2 
37.201 30.948 7.56515 0.88933 2 
39.767 30.948 7.67539 1.18292 2 
42.332 30.948 7.66283 1.09959 2 
44.898 30.948 7.87723 1.16493 2 
47.464 30.948 7.94576 1.16988 2 
50.029 30.948 7.85977 0.94707 2 
52.595 30.948 8.10420 0.90344 2 
55.160 30.948 8.06772 0.95576 2 
57.726 30.948 8.28132 0.86287 2 
60.292 30.948 8.22481 1.05743 2 
62.857 30.948 8.10062 0.99366 2 
65.423 30.948 8.46470 0.89562 2 
67.988 30.948 8.65069 0.98802 2 
70.554 30.948 8.54821 0.85433 2 
73.120 30.948 8.64045 0.98457 2 
75.685 30.948 8.68965 0.66484 2 
78.251 30.948 8.92905 0.63913 2 
80.816 30.948 0.00000 0.00000 0 
83.382 30.948 8.81375 0.48702 2 
85.948 30.948 8.94605 0.35871 2 
88.513 30.948 8.92423 0.13200 2 
91.079 30.948 8.93015 -0.08724 2 
93.644 30.948 8.90881 -0.23812 2 
96.210 30.948 9.02458 -0.47149 2 
98.776 30.948 8.63329 -0.53509 2 
101.341 30.948 8.80383 -0.71456 2 
103.907 30.948 8.60045 -0.94328 2 
106.472 30.948 8.39998 -0.98456 2 
109.038 30.948 8.17411 -1.01739 2 
111.603 30.948 7.83462 -0.95447 2 
114.169 30.948 7.51555 -0.74754 2 
116.735 30.948 8.14941 -0.82610 2 
119.300 30.948 0.00000 -0.00000 0 
-8.980 28.382 6.76207 0.21446 2 
-6.414 28.382 7.13442 0.28272 2 
-3.848 28.382 6.94208 0.29203 2 
-1.283 28.382 7.03299 0.37362 2 
1.283 28.382 7.48341 0.53174 2 
3.848 28.382 3.05237 0.13505 2 
6.414 28.382 0.00000 -0.00000 0 
8.980 28.382 0.00000 -0.00000 0 
11.545 28.382 0.00000 -0.00000 0 
14.111 28.382 0.00000 -0.00000 0 
16.676 28.382 2.18424 0.23910 2 
19.242 28.382 6.31455 0.68340 2 
21.808 28.382 7.59411 0.92289 2 
24.373 28.382 7.11049 0.90641 2 
26.939 28.382 7.33519 0.98220 2 
29.504 28.382 7.28906 0.97977 2 
32.070 28.382 7.61733 1.02454 2 
34.636 28.382 7.34353 1.10065 2 
37.201 28.382 7.64586 1.11373 2 
39.767 28.382 7.60115 0.83455 2 
42.332 28.382 7.72858 1.13552 2 
44.898 28.382 7.76384 0.92868 2 
47.464 28.382 7.77048 0.89647 2 
50.029 28.382 7.85635 0.88381 2 
52.595 28.382 8.15583 0.95860 2 
55.160 28.382 8.25492 1.14837 2 
57.726 28.382 8.24202 1.04537 2 
60.292 28.382 8.43636 0.84632 2 
62.857 28.382 8.20958 0.97204 2 
65.423 28.382 8.32515 1.00837 2 
67.988 28.382 8.30799 1.10878 2 
70.554 28.382 8.52661 0.72380 2 
73.120 28.382 8.79032 0.73665 2 
75.685 28.382 8.67416 0.80977 2 
78.251 28.382 8.91184 0.62563 2 
80.816 28.382 9.06325 0.59654 2 
83.382 28.382 8.88288 0.44049 2 
85.948 28.382 8.87115 0.22248 2 
88.513 28.382 9.04110 0.30862 2 
91.079 28.382 9.16162 -0.11542 2 
93.644 28.382 9.08186 -0.29333 2 
96.210 28.382 9.09027 -0.49276 2 
98.776 28.382 9.11862 -0.70338 2 
101.341 28.382 8.98570 -0.84306 2 
103.907 28.382 8.70509 -1.08749 2 
106.472 28.382 8.44938 -1.33383 2 
109.038 28.382 7.97896 -1.23809 2 
111.603 28.382 7.70052 -1.03930 2 
114.169 28.382 7.47080 -1.06480 2 
116.735 28.382 7.68915 -0.90283 2 
119.300 28.382 0.00000 -0.00000 0 
-8.980 25.816 7.06930 0.15199 2 
-6.414 25.816 6.98754 0.33126 2 
-3.848 25.816 7.01641 0.32469 2 
-1.283 25.816 6.87034 0.41123 2 
1.283 25.816 7.32290 0.35253 2 
3.848 25.816 6.10474 0.27009 2 
6.414 25.816 0.00000 -0.00000 0 
8.980 25.816 0.00000 -0.00000 0 
11.545 25.816 0.00000 -0.00000 0 
14.111 25.816 0.00000 -0.00000 0 
16.676 25.816 4.36848 0.47820 2 
19.242 25.816 8.73696 0.95640 2 
21.808 25.816 6.95509 0.85140 2 
24.373 25.816 7.29129 0.93894 2 
26.939 25.816 7.34404 0.99736 2 
29.504 25.816 7.21460 1.20829 2 
32.070 25.816 7.53559 1.17019 2 
34.636 25.816 7.41748 1.10709 2 
37.201 25.816 7.43860 1.19527 2 
39.767 25.816 7.46433 1.22042 2 
42.332 25.816 7.65270 1.10415 2 
44.898 25.816 7.86728 1.10593 2 
47.464 25.816 7.86035 1.30614 2 
50.029 25.816 7.85837 1.19705 2 
52.595 25.816 8.07140 1.30532 2 
55.160 25.816 8.14872 0.90551 2 
57.726 25.816 8.33994 1.21579 2 
60.292 25.816 8.23300 1.06632 2 
62.857 25.816 8.32017 1.14832 2 
65.423 25.816 8.64454 1.00732 2 
67.988 25.816 8.66001 1.20999 2 
70.554 25.816 8.87329 0.98424 2 
73.120 25.816 8.78354 0.98326 2 
75.685 25.816 8.99626 0.84442 2 
78.251 25.816 8.99119 0.75593 2 
80.816 25.816 9.20111 0.79002 2 
83.382 25.816 0.00000 0.00000 0 
85.948 25.816 9.50815 0.46982 2 
88.513 25.816 9.30993 0.09135 2 
91.079 25.816 9.40830 0.12429 2 
93.644 25.816 9.46190 -0.28033 2 
96.210 25.816 9.52634 -0.59054 2 
98.776 25.816 9.14621 -0.81497 2 
101.341 25.816 8.87482 -1.14541 2 
103.907 25.816 8.75770 -1.13476 2 
106.472 25.816 8.41693 -1.56989 2 
109.038 25.816 8.15570 -1.32061 2 
111.603 25.816 7.86820 -1.20308 2 
114.169 25.816 7.40691 -1.34110 2 
116.735 25.816 7.60319 -0.78549 2 
119.300 25.816 0.00000 -0.00000 0 
-8.980 23.251 6.72510 0.10951 2 
-6.414 23.251 6.97875 0.17691 2 
-3.848 23.251 7.00161 0.17367 2 
-1.283 23.251 6.76324 0.33493 2 
1.283 23.251 6.92057 0.33416 2 
3.848 23.251 7.39837 0.58378 2 
6.414 23.251 0.00000 -0.00000 0 
8.980 23.251 0.00000 -0.00000 0 
11.545 23.251 0.00000 -0.00000 0 
14.111 23.251 0.00000 -0.00000 0 
16.676 23.251 3.76855 0.58229 2 
19.242 23.251 7.53710 1.16457 2 
21.808 23.251 6.97590 0.94703 2 
24.373 23.251 7.01207 1.08934 2 
26.939 23.251 7.25496 1.15697 2 
29.504 23.251 7.28946 1.13519 2 
32.070 23.251 7.26145 1.19321 2 
34.636 23.251 7.56696 1.27447 2 
37.201 23.251 7.45602 1.13174 2 
39.767 23.251 7.53939 1.38186 2 
42.332 23.251 7.70857 1.03085 2 
44.898 23.251 7.80645 1.20217 2 
47.464 23.251 7.82191 1.31533 2 
50.029 23.251 7.69405 1.25294 2 
52.595 23.251 8.01875 1.04776 2 
55.160 23.251 8.08090 1.20869 2 
57.726 23.251 8.34642 1.04922 2 
60.292 23.251 8.31649 1.09162 2 
62.857 23.251 8.52562 1.11105 2 
65.423 23.251 8.29456 1.04101 2 
67.988 23.251 8.54382 1.03886 2 
70.554 23.251 8.62055 0.84234 2 
73.120 23.251 8.60903 1.03245 2 
75.685 23.251 8.86222 0.81223 2 
78.251 23.251 8.92950 0.84632 2 
80.816 23.251 9.33897 0.98350 2 
83.382 23.251 0.00000 0.00000 0 
85.948 23.251 9.54910 0.28168 2 
88.513 23.251 7.11534 0.05043 2 
91.079 23.251 9.34353 -0.37016 2 
93.644 23.251 9.75292 -0.04656 2 
96.210 23.251 9.79807 -0.67602 2 
98.776 23.251 9.75055 -0.88357 2 
101.341 23.251 9.63355 -1.51222 2 
103.907 23.251 8.99994 -1.78278 2 
106.472 23.251 8.64270 -2.14745 2 
109.038 23.251 7.95757 -2.20884 2 
111.603 23.251 7.51119 -1.72205 2 
114.169 23.251 7.18936 -1.39006 2 
116.735 23.251 7.32686 -1.35664 2 
119.300 23.251 0.00000 -0.00000 0 
-8.980 20.685 6.98692 0.11616 2 
-6.414 20.685 6.99965 0.27685 2 
-3.848 20.685 6.87395 0.33841 2 
-1.283 20.685 6.80793 0.26610 2 
1.283 20.685 6.80546 0.49811 2 
3.848 20.685 7.04472 0.49684 2 
6.414 20.685 0.00000 -0.00000 0 
8.980 20.685 0.00000 -0.00000 0 
11.545 20.685 0.00000 -0.00000 0 
14.111 20.685 0.00000 -0.00000 0 
16.676 20.685 3.67901 0.46868 2 
19.242 20.685 7.35801 0.93736 2 
21.808 20.685 6.93990 1.23292 2 
24.373 20.685 7.26074 0.92310 2 
26.939 20.685 7.17340 1.26231 2 
29.504 20.685 7.06724 1.27200 2 
32.070 20.685 7.42885 1.24116 2 
34.636 20.685 7.53236 1.28855 2 
37.201 20.685 7.65540 1.35051 2 
39.767 20.685 7.55461 1.23102 2 
42.332 20.685 7.78415 1.43563 2 
44.898 20.685 7.94614 1.23420 2 
47.464 20.685 7.71286 1.16980 2 
50.029 20.685 8.08152 1.35318 2 
52.595 20.685 7.96546 1.31330 2 
55.160 20.685 8.10691 1.24892 2 
57.726 20.685 8.16107 1.45078 2 
60.292 20.685 8.41805 1.26702 2 
62.857 20.685 8.58065 1.21322 2 
65.423 20.685 8.90112 1.26597 2 
67.988 20.685 8.98752 1.06107 2 
70.554 20.685 9.06387 1.36869 2 
73.120 20.685 9.51291 1.27728 2 
75.685 20.685 9.34339 1.01090 2 
78.251 20.685 8.86780 0.93672 2 
80.816 20.685 8.98495 0.91680 2 
83.382 20.685 0.00000 0.00000 0 
85.948 20.685 0.00000 0.00000 0 
88.513 20.685 0.00000 0.00000 0 
91.079 20.685 10.42768 -0.20571 2 
93.644 20.685 10.36808 -0.45635 2 
96.210 20.685 10.20317 -0.59581 2 
98.776 20.685 10.09693 -1.14706 2 
101.341 20.685 10.28938 -1.75158 2 
103.907 20.685 9.50408 -2.60435 2 
106.472 20.685 8.53074 -2.70072 2 
109.038 20.685 7.89209 -2.44555 2 
111.603 20.685 7.06206 -2.40728 2 
114.169 20.685 6.74381 -1.77129 2 
116.735 20.685 6.90005 -1.41771 2 
119.300 20.685 0.00000 -0.00000 0 
-8.980 18.120 6.81540 0.01082 2 
-6.414 18.120 6.80485 0.10139 2 
-3.848 18.120 6.61669 0.04151 2 
-1.283 18.120 6.76582 0.23278 2 
1.283 18.120 6.73733 0.27691 2 
3.848 18.120 6.78344 0.43151 2 
6.414 18.120 0.00000 -0.00000 0 
8.980 18.120 0.00000 -0.00000 0 
11.545 18.120 0.00000 -0.00000 0 
14.111 18.120 0.00000 -0.00000 0 
16.676 18.120 3.65806 0.51690 2 
19.242 18.120 7.35730 1.00939 2 
21.808 18.120 7.00222 1.17876 2 
24.373 18.120 7.07650 1.27521 2 
26.939 18.120 7.02860 1.36113 2 
29.504 18.120 7.44996 1.61033 2 
32.070 18.120 7.37474 1.37499 2 
34.636 18.120 7.33614 1.46078 2 
37.201 18.120 7.35854 1.51204 2 
39.767 18.120 7.61786 1.37605 2 
42.332 18.120 7.78636 1.38388 2 
44.898 18.120 7.69026 1.41327 2 
47.464 18.120 8.11851 1.36623 2 
50.029 18.120 7.90666 1.48942 2 
52.595 18.120 8.28416 1.43645 2 
55.160 18.120 8.45573 1.23490 2 
57.726 18.120 8.67846 1.37074 2 
60.292 18.120 8.25067 1.23450 2 
62.857 18.120 8.64723 0.88599 2 
65.423 18.120 7.53589 1.29858 2 
67.988 18.120 0.00000 -0.00000 0 
70.554 18.120 0.00000 -0.00000 0 
73.120 18.120 0.00000 -0.00000 0 
75.685 18.120 0.00000 -0.00000 0 
78.251 18.120 0.00000 -0.00000 0 
80.816 18.120 0.00000 -0.00000 0 
83.382 18.120 0.00000 -0.00000 0 
85.948 18.120 0.21896 0.27917 2 
88.513 18.120 1.22696 0.07435 2 
91.079 18.120 4.24025 0.47854 2 
93.644 18.120 5.83809 0.56887 2 
96.210 18.120 11.27896 -1.42637 2 
98.776 18.120 10.73760 -1.28706 2 
101.341 18.120 9.67497 -2.38369 2 
103.907 18.120 9.95824 -3.58187 2 
106.472 18.120 8.57732 -3.91546 2 
109.038 18.120 7.40037 -3.45133 2 
111.603 18.120 6.68317 -2.71155 2 
114.169 18.120 6.18935 -2.25377 2 
116.735 18.120 6.52663 -1.28466 2 
119.300 18.120 0.00000 -0.00000 0 
-8.980 15.554 6.85863 -0.11909 2 
-6.414 15.554 6.67632 0.04286 2 
-3.848 15.554 6.69019 -0.04841 2 
-1.283 15.554 6.64391 0.15427 2 
1.283 15.554 6.57427 0.39997 2 
3.848 15.554 6.52216 0.36617 2 
6.414 15.554 0.00000 -0.00000 0 
8.980 15.554 0.00000 -0.00000 0 
11.545 15.554 0.00000 -0.00000 0 
14.111 15.554 0.00000 -0.00000 0 
16.676 15.554 3.63711 0.56512 2 
19.242 15.554 7.27423 1.13024 2 
21.808 15.554 6.86791 1.32473 2 
24.373 15.554 6.84008 1.42338 2 
26.939 15.554 7.15105 1.48201 2 
29.504 15.554 7.13185 1.63008 2 
32.070 15.554 7.24857 1.46618 2 
34.636 15.554 7.19919 1.50428 2 
37.201 15.554 7.46975 1.52887 2 
39.767 15.554 7.66812 1.63239 2 
42.332 15.554 3.89318 0.69194 2 
44.898 15.554 8.13976 1.36697 2 
47.464 15.554 8.00393 1.46418 2 
50.029 15.554 8.06415 1.57205 2 
52.595 15.554 8.35164 1.47022 2 
55.160 15.554 0.00000 -0.00000 0 
57.726 15.554 0.00000 -0.00000 0 
60.292 15.554 0.00000 -0.00000 0 
62.857 15.554 0.00000 -0.00000 0 
65.423 15.554 0.00000 -0.00000 0 
67.988 15.554 0.00000 -0.00000 0 
70.554 15.554 0.00000 -0.00000 0 
73.120 15.554 0.00000 -0.00000 0 
75.685 15.554 0.00000 -0.00000 0 
78.251 15.554 0.00000 -0.00000 0 
80.816 15.554 -0.03272 0.06668 2 
83.382 15.554 0.86715 -0.90894 2 
85.948 15.554 -0.32076 0.42032 2 
88.513 15.554 -2.46683 0.13919 2 
91.079 15.554 1.22385 0.37979 2 
93.644 15.554 1.30810 1.59409 2 
96.210 15.554 6.66396 0.66385 2 
98.776 15.554 11.34051 -2.79879 2 
101.341 15.554 9.06056 -3.01580 2 
103.907 15.554 10.02980 -5.66850 2 
106.472 15.554 7.88782 -5.13456 2 
109.038 15.554 6.83422 -4.15558 2 
111.603 15.554 5.96921 -3.06122 2 
114.169 15.554 5.42292 -2.50881 2 
116.735 15.554 4.69082 -1.20334 2 
119.300 15.554 0.00000 -0.00000 0 
-8.980 12.988 6.68131 -0.05104 2 
-6.414 12.988 6.64871 -0.08201 2 
-3.848 12.988 6.66155 -0.12406 2 
-1.283 12.988 6.47440 0.16388 2 
1.283 12.988 6.36803 0.21197 2 
3.848 12.988 6.41934 0.38484 2 
6.414 12.988 0.00000 -0.00000 0 
8.980 12.988 0.00000 -0.00000 0 
11.545 12.988 0.00000 -0.00000 0 
14.111 12.988 0.00000 -0.00000 0 
16.676 12.988 3.42153 0.70909 2 
19.242 12.988 6.84307 1.41818 2 
21.808 12.988 7.20341 1.63617 2 
24.373 12.988 6.90605 1.56893 2 
26.939 12.988 7.07212 1.61155 2 
29.504 12.988 7.39125 1.72579 2 
32.070 12.988 7.48063 1.71560 2 
34.636 12.988 7.84641 1.84381 2 
37.201 12.988 7.84811 1.84639 2 
39.767 12.988 3.83406 0.81619 2 
42.332 12.988 0.00000 -0.00000 0 
44.898 12.988 0.00000 -0.00000 0 
47.464 12.988 0.00000 -0.00000 0 
50.029 12.988 0.00000 -0.00000 0 
52.595 12.988 0.00000 -0.00000 0 
55.160 12.988 0.00000 -0.00000 0 
57.726 12.988 0.00000 -0.00000 0 
60.292 12.988 0.00000 -0.00000 0 
62.857 12.988 0.00000 -0.00000 0 
65.423 12.988 0.00000 -0.00000 0 
67.988 12.988 0.00000 -0.00000 0 
70.554 12.988 0.00000 -0.00000 0 
73.120 12.988 0.00000 -0.00000 0 
75.685 12.988 -0.22070 0.04792 2 
78.251 12.988 -0.87597 -0.54086 2 
80.816 12.988 -1.23366 -0.96149 2 
83.382 12.988 -0.86352 -1.12069 2 
85.948 12.988 -0.86048 0.56146 2 
88.513 12.988 0.22841 0.74514 2 
91.079 12.988 -0.01010 0.94004 2 
93.644 12.988 -0.08723 1.64463 2 
96.210 12.988 3.01152 1.16211 2 
98.776 12.988 5.41534 1.56503 2 
101.341 12.988 6.69953 -3.54929 2 
103.907 12.988 7.44901 -5.92406 2 
106.472 12.988 4.35719 -5.56784 2 
109.038 12.988 5.55505 -4.93807 2 
111.603 12.988 4.94969 -3.38736 2 
114.169 12.988 4.58195 -2.40442 2 
116.735 12.988 4.52571 -2.09602 2 
119.300 12.988 0.47551 0.18988 2 
-8.980 10.423 6.80125 -0.37044 2 
-6.414 10.423 6.54110 -0.20859 2 
-3.848 10.423 6.46608 0.03144 2 
-1.283 10.423 6.51789 -0.13149 2 
1.283 10.423 6.23583 0.16991 2 
3.848 10.423 6.50879 0.35294 2 
6.414 10.423 1.64847 0.00540 2 
8.980 10.423 0.00000 -0.00000 0 
11.545 10.423 0.00000 -0.00000 0 
14.111 10.423 0.00000 -0.00000 0 
16.676 10.423 2.28102 0.47273 2 
19.242 10.423 4.56204 0.94546 2 
21.808 10.423 6.55927 1.59816 2 
24.373 10.423 7.32272 1.61267 2 
26.939 10.423 7.10289 2.03237 2 
29.504 10.423 8.22072 1.84696 2 
32.070 10.423 0.00000 -0.00000 0 
34.636 10.423 0.00000 -0.00000 0 
37.201 10.423 0.00000 -0.00000 0 
39.767 10.423 0.00000 -0.00000 0 
42.332 10.423 0.00000 -0.00000 0 
44.898 10.423 0.00000 -0.00000 0 
47.464 10.423 0.00000 -0.00000 0 
50.029 10.423 0.00000 -0.00000 0 
52.595 10.423 0.00000 -0.00000 0 
55.160 10.423 0.00000 -0.00000 0 
57.726 10.423 0.00000 -0.00000 0 
60.292 10.423 0.00000 -0.00000 0 
62.857 10.423 0.00000 -0.00000 0 
65.423 10.423 0.00000 -0.00000 0 
67.988 10.423 -0.90277 -0.21377 2 
70.554 10.423 -1.01369 -0.25281 2 
73.120 10.423 -1.79449 -0.63955 2 
75.685 10.423 -1.13338 -0.66073 2 
78.251 10.423 -1.75193 -1.08172 2 
80.816 10.423 -1.52400 -0.43332 2 
83.382 10.423 -1.05009 -1.10427 2 
85.948 10.423 -0.92822 0.75795 2 
88.513 10.423 0.98113 0.78579 2 
91.079 10.423 -0.25071 1.24049 2 
93.644 10.423 -1.48255 1.69518 2 
96.210 10.423 -0.64093 1.66038 2 
98.776 10.423 6.70726 0.64223 2 
101.341 10.423 -3.95238 1.55209 2 
103.907 10.423 2.97836 -6.77862 2 
106.472 10.423 0.82656 -6.00111 2 
109.038 10.423 3.89947 -4.92783 2 
111.603 10.423 4.05979 -2.68078 2 
114.169 10.423 3.88843 -2.85955 2 
116.735 10.423 2.92766 0.60667 2 
119.300 10.423 0.29671 2.32579 2 
-8.980 7.857 6.84087 -0.35542 2 
-6.414 7.857 6.57504 -0.23219 2 
-3.848 7.857 6.50636 -0.38307 2 
-1.283 7.857 6.40173 -0.23181 2 
1.283 7.857 5.92535 -0.00701 2 
3.848 7.857 6.59390 0.02161 2 
6.414 7.857 3.29695 0.01080 2 
8.980 7.857 0.00000 -0.00000 0 
11.545 7.857 0.00000 -0.00000 0 
14.111 7.857 -0.12770 0.06796 1 
16.676 7.857 1.47812 0.33780 2 
19.242 7.857 2.28102 0.47273 2 
21.808 7.857 0.00000 -0.00000 0 
24.373 7.857 0.00000 -0.00000 0 
26.939 7.857 0.00000 -0.00000 0 
29.504 7.857 0.00000 -0.00000 0 
32.070 7.857 0.00000 -0.00000 0 
34.636 7.857 0.00000 -0.00000 0 
37.201 7.857 0.00000 -0.00000 0 
39.767 7.857 0.00000 -0.00000 0 
42.332 7.857 0.00000 -0.00000 0 
44.898 7.857 0.00000 -0.00000 0 
47.464 7.857 0.00000 -0.00000 0 
50.029 7.857 0.00000 -0.00000 0 
52.595 7.857 0.00000 -0.00000 0 
55.160 7.857 0.00000 -0.00000 0 
57.726 7.857 0.00000 -0.00000 0 
60.292 7.857 -0.10594 -0.14041 2 
62.857 7.857 -0.60188 -0.20262 2 
65.423 7.857 -1.81965 -0.55665 2 
67.988 7.857 -2.22192 -1.02137 2 
70.554 7.857 -2.42104 -0.95657 2 
73.120 7.857 -2.50675 -0.41563 2 
75.685 7.857 -2.04605 -1.36938 2 
78.251 7.857 -1.99457 -1.61329 2 
80.816 7.857 -1.81434 0.09485 2 
83.382 7.857 -2.01157 0.00941 2 
85.948 7.857 -0.99596 0.95444 2 
88.513 7.857 0.29952 0.64438 2 
91.079 7.857 -2.81277 1.13166 2 
93.644 7.857 -3.09085 0.69930 2 
96.210 7.857 -2.05091 2.36459 2 
98.776 7.857 1.98319 2.38352 2 
101.341 7.857 0.11875 -1.32690 2 
103.907 7.857 1.59497 -3.80871 2 
106.472 7.857 0.14875 -3.26902 2 
109.038 7.857 -2.18650 2.42695 2 
111.603 7.857 0.20589 0.49964 2 
114.169 7.857 0.38826 2.57076 2 
116.735 7.857 1.72005 2.84415 2 
119.300 7.857 0.11790 4.46170 2 
-8.980 5.292 6.50435 -0.36983 2 
-6.414 5.292 6.61910 -0.46403 2 
-3.848 5.292 6.35391 -0.54135 2 
-1.283 5.292 6.17955 -0.28059 2 
1.283 5.292 5.86934 -0.25066 2 
3.848 5.292 6.39833 -0.14157 2 
6.414 5.292 1.64847 0.00540 2 
8.980 5.292 0.00000 -0.00000 0 
11.545 5.292 0.00000 -0.00000 0 
14.111 5.292 0.00000 -0.00000 0 
16.676 5.292 0.00000 -0.00000 0 
19.242 5.292 0.00000 -0.00000 0 
21.808 5.292 0.00000 -0.00000 0 
24.373 5.292 0.00000 -0.00000 0 
26.939 5.292 0.00000 -0.00000 0 
29.504 5.292 0.00000 -0.00000 0 
32.070 5.292 0.00000 -0.00000 0 
34.636 5.292 0.00000 -0.00000 0 
37.201 5.292 0.00000 -0.00000 0 
39.767 5.292 0.00000 -0.00000 0 
42.332 5.292 0.00000 -0.00000 0 
44.898 5.292 0.00000 -0.00000 0 
47.464 5.292 0.00000 -0.00000 0 
50.029 5.292 0.00000 -0.00000 0 
52.595 5.292 -0.09745 -0.03389 2 
55.160 5.292 -0.18871 -0.00042 2 
57.726 5.292 -0.20029 -0.14062 2 
60.292 5.292 -0.21187 -0.28082 2 
62.857 5.292 -2.34730 -1.12710 2 
65.423 5.292 -2.41297 -1.75689 2 
67.988 5.292 -1.72753 -1.40209 2 
70.554 5.292 -1.70423 -1.37964 2 
73.120 5.292 -1.53927 -1.11701 2 
75.685 5.292 -1.65746 -1.58576 2 
78.251 5.292 -1.06109 -0.45310 2 
80.816 5.292 -0.88665 1.27355 2 
83.382 5.292 -1.46884 0.22185 2 
85.948 5.292 -1.67758 0.81303 2 
88.513 5.292 -0.38210 0.50296 2 
91.079 5.292 -2.63691 1.14620 2 
93.644 5.292 -1.45231 3.53625 2 
96.210 5.292 -3.46089 3.06880 2 
98.776 5.292 -2.74087 4.12481 2 
101.341 5.292 -1.26464 1.64301 2 
103.907 5.292 0.21158 -0.83880 2 
106.472 5.292 -0.52906 -0.53692 2 
109.038 5.292 -0.64284 5.43277 2 
111.603 5.292 -0.20788 4.55951 2 
114.169 5.292 -0.03036 4.67480 2 
116.735 5.292 0.51244 5.08164 2 
119.300 5.292 0.32557 3.86923 2 
-8.980 2.726 6.85713 -0.66587 2 
-6.414 2.726 6.53230 -0.63675 2 
-3.848 2.726 6.38979 -0.67383 2 
-1.283 2.726 6.03107 -0.55903 2 
1.283 2.726 6.10034 -0.67167 2 
3.848 2.726 3.19917 -0.07078 2 
6.414 2.726 0.00000 -0.00000 0 
8.980 2.726 0.00000 -0.00000 0 
11.545 2.726 0.00000 -0.00000 0 
14.111 2.726 0.00000 -0.00000 0 
16.676 2.726 0.00000 -0.00000 0 
19.242 2.726 0.00000 -0.00000 0 
21.808 2.726 0.00000 -0.00000 0 
24.373 2.726 0.00000 -0.00000 0 
26.939 2.726 0.00000 -0.00000 0 
29.504 2.726 0.00000 -0.00000 0 
32.070 2.726 0.00000 -0.00000 0 
34.636 2.726 0.00000 -0.00000 0 
37.201 2.726 0.00000 -0.00000 0 
39.767 2.726 0.00000 -0.00000 0 
42.332 2.726 0.00000 -0.00000 0 
44.898 2.726 0.00000 -0.00000 0 
47.464 2.726 -0.23582 -0.19939 2 
50.029 2.726 -0.11245 -0.14988 2 
52.595 2.726 0.13429 -0.05087 2 
55.160 2.726 -0.59667 -0.31587 2 
57.726 2.726 -1.38641 -0.76427 2 
60.292 2.726 -2.23494 -1.39609 2 
62.857 2.726 -1.94671 -2.37967 2 
65.423 2.726 -1.83865 -2.18837 2 
67.988 2.726 -1.34959 -1.37478 2 
70.554 2.726 -0.98743 -1.80270 2 
73.120 2.726 -0.86078 -0.76295 2 
75.685 2.726 -0.90304 -0.62912 2 
78.251 2.726 -0.17303 0.55415 2 
80.816 2.726 0.08393 1.21820 2 
83.382 2.726 -0.92611 0.43428 2 
85.948 2.726 -0.99491 0.39791 2 
88.513 2.726 -1.06371 0.36154 2 
91.079 2.726 -1.15224 2.26912 2 
93.644 2.726 0.67033 2.79570 2 
96.210 2.726 -1.67014 3.57660 2 
98.776 2.726 -2.49913 3.34093 2 
101.341 2.726 -2.39506 2.82893 2 
103.907 2.726 -1.17181 2.13110 2 
106.472 2.726 -1.20688 2.19518 2 
109.038 2.726 -0.26835 3.87256 2 
111.603 2.726 0.64421 3.44259 2 
114.169 2.726 0.64188 4.81690 2 
116.735 2.726 0.54178 4.27596 2 
119.300 2.726 0.39830 3.39928 2 
-8.980 0.160 6.75383 -0.65359 2 
-6.414 0.160 6.56966 -0.72338 2 
-3.848 0.160 6.43340 -0.64028 2 
-1.283 0.160 6.22637 -0.83815 2 
1.283 0.160 6.51391 -0.85111 2 
3.848 0.160 0.00000 -0.00000 0 
6.414 0.160 0.00000 -0.00000 0 
8.980 0.160 0.00000 -0.00000 0 
11.545 0.160 0.00000 -0.00000 0 
14.111 0.160 0.00000 -0.00000 0 
16.676 0.160 0.00000 -0.00000 0 
19.242 0.160 0.00000 -0.00000 0 
21.808 0.160 0.00000 -0.00000 0 
24.373 0.160 0.00000 -0.00000 0 
26.939 0.160 0.00000 -0.00000 0 
29.504 0.160 0.00000 -0.00000 0 
32.070 0.160 0.00000 -0.00000 0 
34.636 0.160 0.00000 -0.00000 0 
37.201 0.160 0.00000 -0.00000 0 
39.767 0.160 -0.38364 -0.02016 2 
42.332 0.160 -0.15986 0.14063 2 
44.898 0.160 -0.67717 -0.27000 2 
47.464 0.160 -0.47164 -0.39878 2 
50.029 0.160 -0.69355 -0.43166 2 
52.595 0.160 -0.59062 -0.39903 2 
55.160 0.160 -1.16310 -0.64767 2 
57.726 0.160 -1.73557 -0.89631 2 
60.292 0.160 -1.28609 -2.04927 2 
62.857 0.160 -1.34599 -2.35728 2 
65.423 0.160 -1.26433 -2.61984 2 
67.988 0.160 -0.74254 -1.76093 2 
70.554 0.160 -1.19815 -1.10387 2 
73.120 0.160 -0.82740 -0.31227 2 
75.685 0.160 -0.14863 0.32753 2 
78.251 0.160 1.48039 0.83622 2 
80.816 0.160 1.05451 1.16286 2 
83.382 0.160 1.12083 -0.25454 2 
85.948 0.160 -0.07198 0.07970 2 
88.513 0.160 0.28641 -0.52482 2 
91.079 0.160 -0.19346 1.28673 2 
93.644 0.160 0.67749 3.23117 2 
96.210 0.160 -0.80979 1.48094 2 
98.776 0.160 -2.25739 2.55705 2 
101.341 0.160 -2.09026 2.53956 2 
103.907 0.160 -1.61543 3.21230 2 
106.472 0.160 -0.26973 1.85075 2 
109.038 0.160 0.10615 2.31235 2 
111.603 0.160 -0.07881 1.43768 2 
114.169 0.160 0.53688 2.20010 2 
116.735 0.160 0.50395 2.56472 2 
119.300 0.160 0.47103 2.92934 2 
-8.980 -2.405 6.85362 -0.76308 2 
-6.414 -2.405 6.57512 -0.93438 2 
-3.848 -2.405 6.47173 -0.89823 2 
-1.283 -2.405 6.41669 -1.01903 2 
1.283 -2.405 0.00000 -0.00000 0 
3.848 -2.405 0.00000 -0.00000 0 
6.414 -2.405 0.00000 -0.00000 0 
8.980 -2.405 0.00000 -0.00000 0 
11.545 -2.405 0.00000 -0.00000 0 
14.111 -2.405 0.00000 -0.00000 0 
16.676 -2.405 0.00000 -0.00000 0 
19.242 -2.405 0.00000 -0.00000 0 
21.808 -2.405 0.00000 -0.00000 0 
24.373 -2.405 0.00000 -0.00000 0 
26.939 -2.405 0.00000 -0.00000 0 
29.504 -2.405 0.00000 -0.00000 0 
32.070 -2.405 -0.61379 -0.15642 2 
34.636 -2.405 -0.52609 -0.12611 2 
37.201 -2.405 -0.37547 -0.01222 2 
39.767 -2.405 -0.75058 -0.15401 2 
42.332 -2.405 -0.47777 -0.01040 2 
44.898 -2.405 -1.28724 -0.43377 2 
47.464 -2.405 -0.52256 -0.62399 2 
50.029 -2.405 -0.69157 -0.61344 2 
52.595 -2.405 -0.38191 -0.45662 2 
55.160 -2.405 -0.27038 -0.80714 2 
57.726 -2.405 -0.16309 -0.97290 2 
60.292 -2.405 -1.13345 -1.59596 2 
62.857 -2.405 -1.59107 -2.49368 2 
65.423 -2.405 -0.81833 -2.42371 2 
67.988 -2.405 -0.74744 -1.70344 2 
70.554 -2.405 -0.41235 -0.42795 2 
73.120 -2.405 0.37204 0.82420 2 
75.685 -2.405 1.23310 0.93099 2 
78.251 -2.405 0.56427 1.31454 2 
80.816 -2.405 0.94905 0.29926 2 
83.382 -2.405 0.06537 0.93415 2 
85.948 -2.405 0.85095 -0.23852 2 
88.513 -2.405 1.63653 -1.41119 2 
91.079 -2.405 0.43539 1.19407 2 
93.644 -2.405 -1.14564 2.83100 2 
96.210 -2.405 -0.22711 2.01573 2 
98.776 -2.405 1.15515 1.24405 2 
101.341 -2.405 -1.01274 1.89209 2 
103.907 -2.405 -0.39643 1.16417 2 
106.472 -2.405 1.06688 2.74353 2 
109.038 -2.405 1.65042 1.64819 2 
111.603 -2.405 1.61350 0.92665 2 
114.169 -2.405 1.57658 0.20511 2 
116.735 -2.405 2.37151 2.54749 2 
119.300 -2.405 0.18873 4.23298 2 
-8.980 -4.971 6.86035 -0.72858 2 
-6.414 -4.971 6.80403 -1.04882 2 
-3.848 -4.971 6.50351 -0.97182 2 
-1.283 -4.971 6.44010 -1.29399 2 
1.283 -4.971 0.00000 -0.00000 0 
3.848 -4.971 0.00000 -0.00000 0 
6.414 -4.971 0.00000 -0.00000 0 
8.980 -4.971 0.00000 -0.00000 0 
11.545 -4.971 0.00000 -0.00000 0 
14.111 -4.971 0.00000 -0.00000 0 
16.676 -4.971 0.00000 -0.00000 0 
19.242 -4.971 0.00000 -0.00000 0 
21.808 -4.971 0.00000 -0.00000 0 
24.373 -4.971 -0.26429 0.01626 2 
26.939 -4.971 -0.48253 -0.22700 2 
29.504 -4.971 -0.76166 -0.32402 2 
32.070 -4.971 -1.22758 -0.31285 2 
34.636 -4.971 -1.31311 -0.36097 2 
37.201 -4.971 -0.80049 -0.00079 2 
39.767 -4.971 -1.14857 0.05683 2 
42.332 -4.971 -0.79568 -0.16143 2 
44.898 -4.971 -0.94998 -0.52786 2 
47.464 -4.971 -0.57349 -0.84920 2 
50.029 -4.971 -0.68959 -0.79522 2 
52.595 -4.971 -0.17319 -0.51420 2 
55.160 -4.971 -0.82161 -0.05563 2 
57.726 -4.971 -1.39746 -1.23806 2 
60.292 -4.971 -0.98082 -1.14264 2 
62.857 -4.971 -0.56417 -1.04722 2 
65.423 -4.971 0.68493 -0.66745 2 
67.988 -4.971 0.45489 -1.76831 2 
70.554 -4.971 0.71466 -0.86188 2 
73.120 -4.971 1.74183 1.21255 2 
75.685 -4.971 1.32562 1.08944 2 
78.251 -4.971 0.73797 1.23092 2 
80.816 -4.971 2.20855 1.44169 2 
83.382 -4.971 2.12278 -0.15269 2 
85.948 -4.971 2.25660 0.70831 2 
88.513 -4.971 3.57187 0.73353 2 
91.079 -4.971 3.58181 1.01086 2 
93.644 -4.971 5.57582 2.50581 2 
96.210 -4.971 4.93425 1.91423 2 
98.776 -4.971 2.47681 1.59828 2 
101.341 -4.971 0.21797 1.38932 2 
103.907 -4.971 2.44154 1.72267 2 
106.472 -4.971 1.16363 2.33687 2 
109.038 -4.971 2.37073 0.39039 2 
111.603 -4.971 3.85392 1.01710 2 
114.169 -4.971 4.02415 -0.27241 2 
116.735 -4.971 5.27392 2.82178 2 
119.300 -4.971 0.00000 -0.00000 0 
-8.980 -7.536 7.12972 -1.05828 2 
-6.414 -7.536 6.90835 -1.01551 2 
-3.848 -7.536 6.83296 -1.15951 2 
-1.283 -7.536 6.59425 -1.45219 2 
1.283 -7.536 6.48418 -1.78764 2 
3.848 -7.536 0.00000 -0.00000 0 
6.414 -7.536 4.94818 -1.34870 2 
8.980 -7.536 -0.78057 -0.27279 2 
11.545 -7.536 4.23371 -1.85679 2 
14.111 -7.536 0.07246 -0.02459 2 
16.676 -7.536 -0.28335 -0.09436 2 
19.242 -7.536 0.32284 0.00624 2 
21.808 -7.536 -0.98078 -0.69612 2 
24.373 -7.536 -2.03538 -0.24397 2 
26.939 -7.536 -1.50537 -0.97402 2 
29.504 -7.536 -1.52332 -0.64804 2 
32.070 -7.536 -1.51372 -0.79107 2 
34.636 -7.536 -1.30751 -0.46608 2 
37.201 -7.536 -1.22551 0.01063 2 
39.767 -7.536 -0.72709 0.07707 2 
42.332 -7.536 -0.88970 0.25921 2 
44.898 -7.536 -0.61271 -0.62196 2 
47.464 -7.536 0.02019 -0.25915 2 
50.029 -7.536 0.34155 -0.27259 2 
52.595 -7.536 0.77760 -0.41473 2 
55.160 -7.536 -0.22458 -0.54995 2 
57.726 -7.536 -0.30628 -1.48328 2 
60.292 -7.536 0.13296 -1.14817 2 
62.857 -7.536 0.57219 -0.81306 2 
65.423 -7.536 0.77035 -1.55836 2 
67.988 -7.536 1.22977 -1.85727 2 
70.554 -7.536 3.15998 -0.56273 2 
73.120 -7.536 1.92459 1.34850 2 
75.685 -7.536 1.41813 1.24790 2 
78.251 -7.536 0.91167 1.14729 2 
80.816 -7.536 1.87949 0.84189 2 
83.382 -7.536 3.30228 2.26256 2 
85.948 -7.536 3.73188 1.69964 2 
88.513 -7.536 5.50722 2.87825 2 
91.079 -7.536 6.72823 0.82764 2 
93.644 -7.536 5.87698 1.59546 2 
96.210 -7.536 5.98895 2.01107 2 
98.776 -7.536 5.64930 1.46769 2 
101.341 -7.536 6.66558 2.24789 2 
103.907 -7.536 5.82126 2.82424 2 
106.472 -7.536 7.43365 2.48635 2 
109.038 -7.536 4.85019 1.89214 2 
111.603 -7.536 6.09434 1.10756 2 
114.169 -7.536 7.33848 0.32298 2 
116.735 -7.536 7.23987 2.25728 2 
119.300 -7.536 0.00000 -0.00000 0 
-8.980 -10.102 7.23326 -0.97489 2 
-6.414 -10.102 6.87580 -1.16048 2 
-3.848 -10.102 6.95064 -1.35974 2 
-1.283 -10.102 6.83845 -1.52324 2 
1.283 -10.102 6.90557 -1.78399 2 
3.848 -10.102 7.13558 -2.51367 2 
6.414 -10.102 7.27553 -2.70444 2 
8.980 -10.102 7.55773 -3.58641 2 
11.545 -10.102 8.46742 -3.71357 2 
14.111 -10.102 8.93211 -3.42967 2 
16.676 -10.102 9.82805 -3.36678 2 
19.242 -10.102 5.44963 -1.17151 2 
21.808 -10.102 -2.26382 -0.73771 2 
24.373 -10.102 1.32722 -0.72809 2 
26.939 -10.102 0.01376 -0.98959 2 
29.504 -10.102 -1.29971 -1.25109 2 
32.070 -10.102 -0.08694 -0.76922 2 
34.636 -10.102 1.12582 -0.28735 2 
37.201 -10.102 2.27890 -0.20174 2 
39.767 -10.102 1.51252 0.06565 2 
42.332 -10.102 0.71811 -0.06849 2 
44.898 -10.102 0.53975 0.16771 2 
47.464 -10.102 0.21727 -0.50195 2 
50.029 -10.102 0.90199 -0.44363 2 
52.595 -10.102 1.31754 -0.66437 2 
55.160 -10.102 0.97923 -1.21982 2 
57.726 -10.102 0.61070 -1.87153 2 
60.292 -10.102 0.63990 -1.17255 2 
62.857 -10.102 0.66911 -0.47357 2 
65.423 -10.102 2.04741 -0.91701 2 
67.988 -10.102 1.54591 -0.90421 2 
70.554 -10.102 2.90823 0.35052 2 
73.120 -10.102 4.76932 1.79242 2 
75.685 -10.102 4.57673 1.70503 2 
78.251 -10.102 4.38414 1.61765 2 
80.816 -10.102 4.87864 2.56722 2 
83.382 -10.102 6.30301 1.94471 2 
85.948 -10.102 5.20717 2.69098 2 
88.513 -10.102 5.07007 2.20344 2 
91.079 -10.102 7.12875 2.32616 2 
93.644 -10.102 6.26592 1.43431 2 
96.210 -10.102 6.40957 1.43640 2 
98.776 -10.102 8.82180 1.33710 2 
101.341 -10.102 8.16515 2.01328 2 
103.907 -10.102 6.78302 2.54270 2 
106.472 -10.102 7.61049 2.21680 2 
109.038 -10.102 7.86027 2.70111 2 
111.603 -10.102 7.52872 1.78767 2 
114.169 -10.102 7.19054 0.80107 2 
116.735 -10.102 7.90925 3.57227 2 
119.300 -10.102 0.00000 -0.00000 0 
-8.980 -12.668 7.21066 -1.03617 2 
-6.414 -12.668 6.99775 -1.17967 2 
-3.848 -12.668 7.00046 -1.34204 2 
-1.283 -12.668 7.11854 -1.62916 2 
1.283 -12.668 7.11131 -1.82372 2 
3.848 -12.668 7.16152 -2.14986 2 
6.414 -12.668 7.17110 -2.47773 2 
8.980 -12.668 7.57736 -2.81451 2 
11.545 -12.668 8.32098 -2.87972 2 
14.111 -12.668 8.68451 -2.96037 2 
16.676 -12.668 9.03423 -2.70247 2 
19.242 -12.668 9.56230 -2.60428 2 
21.808 -12.668 9.58367 -2.18944 2 
24.373 -12.668 9.23727 -2.17144 2 
26.939 -12.668 9.43505 -1.78810 2 
29.504 -12.668 9.63282 -1.40476 2 
32.070 -12.668 6.94946 -0.83161 2 
34.636 -12.668 5.55503 -0.96397 2 
37.201 -12.668 5.47817 -0.38252 2 
39.767 -12.668 6.77554 -1.11787 2 
42.332 -12.668 5.05459 -0.12304 2 
44.898 -12.668 4.90348 -0.18131 2 
47.464 -12.668 4.17777 -0.73438 2 
50.029 -12.668 2.60680 -1.19093 2 
52.595 -12.668 1.11299 -0.85139 2 
55.160 -12.668 0.60305 -1.94545 2 
57.726 -12.668 1.41348 -2.06400 2 
60.292 -12.668 3.97519 -1.25910 2 
62.857 -12.668 5.90046 0.61931 2 
65.423 -12.668 3.28212 -0.17463 2 
67.988 -12.668 6.70169 1.25585 2 
70.554 -12.668 5.97890 0.67058 2 
73.120 -12.668 8.83642 1.77776 2 
75.685 -12.668 7.77977 0.74246 2 
78.251 -12.668 9.25839 2.36715 2 
80.816 -12.668 8.29085 1.80763 2 
83.382 -12.668 7.79821 1.75962 2 
85.948 -12.668 7.86800 1.88624 2 
88.513 -12.668 8.12423 2.44898 2 
91.079 -12.668 7.49029 1.20342 2 
93.644 -12.668 6.65487 1.27315 2 
96.210 -12.668 6.83019 0.86172 2 
98.776 -12.668 7.00550 0.45029 2 
101.341 -12.668 7.53457 1.26343 2 
103.907 -12.668 7.74477 2.26116 2 
106.472 -12.668 8.41996 1.93902 2 
109.038 -12.668 8.62563 1.88278 2 
111.603 -12.668 7.67665 2.04697 2 
114.169 -12.668 8.34829 1.37806 2 
116.735 -12.668 9.05371 2.22482 2 
119.300 -12.668 0.00000 -0.00000 0 
-8.980 -15.233 7.32222 -1.00474 2 
-6.414 -15.233 7.27923 -1.29552 2 
-3.848 -15.233 7.24219 -1.30166 2 
-1.283 -15.233 7.19704 -1.66222 2 
1.283 -15.233 7.37766 -1.81222 2 
3.848 -15.233 7.33017 -2.01369 2 
6.414 -15.233 7.56478 -2.31477 2 
8.980 -15.233 7.88382 -2.28321 2 
11.545 -15.233 8.36073 -2.55349 2 
14.111 -15.233 8.51938 -2.52275 2 
16.676 -15.233 8.79091 -2.33589 2 
19.242 -15.233 9.10984 -2.42542 2 
21.808 -15.233 9.09988 -2.18627 2 
24.373 -15.233 9.25082 -2.30022 2 
26.939 -15.233 9.72847 -2.39088 2 
29.504 -15.233 10.27785 -1.61628 2 
32.070 -15.233 10.08974 -0.80271 2 
34.636 -15.233 7.57941 -1.04778 2 
37.201 -15.233 8.67744 -0.56330 2 
39.767 -15.233 8.87076 -0.41009 2 
42.332 -15.233 9.39108 -0.17760 2 
44.898 -15.233 9.26721 -0.53034 2 
47.464 -15.233 7.36760 -1.38346 2 
50.029 -15.233 7.35308 -0.39709 2 
52.595 -15.233 6.13117 -1.88594 2 
55.160 -15.233 4.78640 -1.84790 2 
57.726 -15.233 5.07507 -0.90960 2 
60.292 -15.233 7.31048 -1.34565 2 
62.857 -15.233 8.04632 0.19908 2 
65.423 -15.233 8.02381 1.44624 2 
67.988 -15.233 8.55748 1.66586 2 
70.554 -15.233 9.04958 0.99064 2 
73.120 -15.233 10.03975 0.59028 2 
75.685 -15.233 10.13145 1.28581 2 
78.251 -15.233 10.23260 1.63592 2 
80.816 -15.233 9.42795 1.94957 2 
83.382 -15.233 10.00796 2.00096 2 
85.948 -15.233 8.47980 2.08399 2 
88.513 -15.233 8.60006 2.12436 2 
91.079 -15.233 8.47897 1.44753 2 
93.644 -15.233 8.35878 0.84866 2 
96.210 -15.233 8.08709 0.63294 2 
98.776 -15.233 8.05046 0.52271 2 
101.341 -15.233 8.44770 1.18729 2 
103.907 -15.233 8.49554 0.77993 2 
106.472 -15.233 9.22943 1.66125 2 
109.038 -15.233 8.58889 1.46664 2 
111.603 -15.233 8.41584 2.49945 2 
114.169 -15.233 9.18742 1.98876 2 
116.735 -15.233 9.70576 2.48276 2 
119.300 -15.233 0.00000 -0.00000 0 
-8.980 -17.799 7.41231 -1.13323 2 
-6.414 -17.799 7.25987 -1.21446 2 
-3.848 -17.799 7.37828 -1.26582 2 
-1.283 -17.799 7.43017 -1.50363 2 
1.283 -17.799 7.40420 -1.84932 2 
3.848 -17.799 7.41395 -1.68538 2 
6.414 -17.799 7.85843 -2.13982 2 
8.980 -17.799 8.01235 -2.33137 2 
11.545 -17.799 8.23081 -2.32848 2 
14.111 -17.799 8.65987 -2.39045 2 
16.676 -17.799 8.83239 -2.27095 2 
19.242 -17.799 8.90325 -2.09310 2 
21.808 -17.799 9.02197 -2.04995 2 
24.373 -17.799 9.24997 -2.04940 2 
26.939 -17.799 9.59451 -1.89324 2 
29.504 -17.799 9.88743 -1.48712 2 
32.070 -17.799 9.76204 -1.18356 2 
34.636 -17.799 9.60378 -1.13160 2 
37.201 -17.799 9.86912 -1.02545 2 
39.767 -17.799 9.71581 -1.03005 2 
42.332 -17.799 9.85322 -0.77493 2 
44.898 -17.799 9.44045 -0.69038 2 
47.464 -17.799 9.53561 -0.81113 2 
50.029 -17.799 8.57028 -1.11624 2 
52.595 -17.799 8.20385 -1.36281 2 
55.160 -17.799 8.96975 -1.75034 2 
57.726 -17.799 6.30821 -1.68215 2 
60.292 -17.799 9.14101 0.07644 2 
62.857 -17.799 8.27810 0.29132 2 
65.423 -17.799 8.03252 0.20242 2 
67.988 -17.799 9.46146 1.30808 2 
70.554 -17.799 9.90278 1.07434 2 
73.120 -17.799 10.21543 0.94041 2 
75.685 -17.799 10.42124 1.10488 2 
78.251 -17.799 10.11120 1.05092 2 
80.816 -17.799 9.86587 1.50450 2 
83.382 -17.799 9.72108 1.44863 2 
85.948 -17.799 9.47683 1.89699 2 
88.513 -17.799 9.03818 1.50589 2 
91.079 -17.799 8.73405 1.28593 2 
93.644 -17.799 8.64777 1.01237 2 
96.210 -17.799 8.89697 0.59985 2 
98.776 -17.799 9.09542 0.59513 2 
101.341 -17.799 9.41585 1.05067 2 
103.907 -17.799 9.20132 0.71107 2 
106.472 -17.799 9.48511 1.35756 2 
109.038 -17.799 9.29110 1.33829 2 
111.603 -17.799 9.48825 2.07432 2 
114.169 -17.799 9.00259 1.98433 2 
116.735 -17.799 9.09326 2.61752 2 
119.300 -17.799 0.00000 -0.00000 0 
-8.980 -20.364 7.37057 -1.05032 2 
-6.414 -20.364 7.45884 -1.19008 2 
-3.848 -20.364 7.48218 -1.44180 2 
-1.283 -20.364 7.48071 -1.39733 2 
1.283 -20.364 7.73406 -1.68812 2 
3.848 -20.364 7.74597 -1.74513 2 
6.414 -20.364 7.82053 -1.91703 2 
8.980 -20.364 8.31131 -1.81549 2 
11.545 -20.364 8.36286 -2.04522 2 
14.111 -20.364 8.59938 -1.96005 2 
16.676 -20.364 8.79662 -2.03187 2 
19.242 -20.364 8.86563 -2.01136 2 
21.808 -20.364 9.07609 -1.81823 2 
24.373 -20.364 9.20693 -1.73564 2 
26.939 -20.364 9.25425 -1.71266 2 
29.504 -20.364 9.50765 -1.45276 2 
32.070 -20.364 9.53325 -1.22688 2 
34.636 -20.364 9.69011 -1.11520 2 
37.201 -20.364 9.51607 -1.15838 2 
39.767 -20.364 9.70913 -0.79467 2 
42.332 -20.364 9.70321 -0.80470 2 
44.898 -20.364 9.62596 -0.88119 2 
47.464 -20.364 9.50199 -1.20215 2 
50.029 -20.364 9.72235 -1.10804 2 
52.595 -20.364 10.02014 -1.01259 2 
55.160 -20.364 10.18951 -1.21176 2 
57.726 -20.364 10.83514 -1.29208 2 
60.292 -20.364 10.94638 -0.20353 2 
62.857 -20.364 10.91988 0.09324 2 
65.423 -20.364 9.21173 0.30803 2 
67.988 -20.364 10.36545 0.95030 2 
70.554 -20.364 10.11881 0.71562 2 
73.120 -20.364 10.25389 0.77954 2 
75.685 -20.364 9.93354 0.97829 2 
78.251 -20.364 9.67318 0.92151 2 
80.816 -20.364 9.89226 1.08169 2 
83.382 -20.364 9.66603 1.16660 2 
85.948 -20.364 9.29782 1.17441 2 
88.513 -20.364 9.08911 1.33800 2 
91.079 -20.364 9.02329 1.13715 2 
93.644 -20.364 8.92597 1.04629 2 
96.210 -20.364 8.95746 0.79270 2 
98.776 -20.364 9.17000 0.84641 2 
101.341 -20.364 9.15567 0.99273 2 
103.907 -20.364 9.29434 1.05259 2 
106.472 -20.364 9.28455 1.19930 2 
109.038 -20.364 9.37921 1.38084 2 
111.603 -20.364 9.14196 1.46288 2 
114.169 -20.364 8.85542 1.65944 2 
116.735 -20.364 9.39328 2.12931 2 
119.300 -20.364 0.00000 -0.00000 0 
-8.980 -22.930 7.40870 -0.89618 2 
-6.414 -22.930 7.36430 -1.13258 2 
-3.848 -22.930 7.56860 -1.21951 2 
-1.283 -22.930 7.64028 -1.37629 2 
1.283 -22.930 7.81640 -1.53184 2 
3.848 -22.930 7.95247 -1.69842 2 
6.414 -22.930 8.08745 -1.73231 2 
8.980 -22.930 8.22640 -1.71978 2 
11.545 -22.930 8.37133 -1.84728 2 
14.111 -22.930 8.59393 -1.92505 2 
16.676 -22.930 8.84454 -1.80345 2 
19.242 -22.930 8.89367 -1.76500 2 
21.808 -22.930 8.94557 -1.69451 2 
24.373 -22.930 9.08195 -1.69713 2 
26.939 -22.930 9.12734 -1.47901 2 
29.504 -22.930 9.42757 -1.47089 2 
32.070 -22.930 9.26518 -1.27673 2 
34.636 -22.930 9.47256 -1.15414 2 
37.201 -22.930 9.66777 -1.00730 2 
39.767 -22.930 9.56471 -0.92818 2 
42.332 -22.930 9.52202 -0.87396 2 
44.898 -22.930 9.47590 -0.80721 2 
47.464 -22.930 9.75692 -0.85417 2 
50.029 -22.930 9.70314 -0.86321 2 
52.595 -22.930 9.68439 -0.81498 2 
55.160 -22.930 10.07036 -0.86121 2 
57.726 -22.930 10.30438 -0.73310 2 
60.292 -22.930 10.41702 -0.32090 2 
62.857 -22.930 10.47715 0.03580 2 
65.423 -22.930 10.39093 0.41364 2 
67.988 -22.930 10.17807 0.62881 2 
70.554 -22.930 10.07755 0.69504 2 
73.120 -22.930 9.95712 0.83052 2 
75.685 -22.930 9.91176 0.78161 2 
78.251 -22.930 10.03853 0.98367 2 
80.816 -22.930 9.60176 0.85104 2 
83.382 -22.930 9.65261 1.10023 2 
85.948 -22.930 9.47985 0.97604 2 
88.513 -22.930 9.01902 1.03915 2 
91.079 -22.930 9.10325 1.12583 2 
93.644 -22.930 9.11483 0.93927 2 
96.210 -22.930 9.01932 0.80156 2 
98.776 -22.930 8.98989 0.93439 2 
101.341 -22.930 9.18638 0.95943 2 
103.907 -22.930 9.25050 0.95780 2 
106.472 -22.930 9.22950 1.23792 2 
109.038 -22.930 9.09816 1.36375 2 
111.603 -22.930 9.02333 1.63607 2 
114.169 -22.930 9.01733 1.73514 2 
116.735 -22.930 8.99769 1.94011 2 
119.300 -22.930 0.00000 -0.00000 0 
-8.980 -25.496 7.57778 -1.05114 2 
-6.414 -25.496 7.70381 -1.09980 2 
-3.848 -25.496 7.65673 -1.19331 2 
-1.283 -25.496 7.83793 -1.29100 2 
1.283 -25.496 7.76302 -1.23822 2 
3.848 -25.496 7.91283 -1.51998 2 
6.414 -25.496 8.00518 -1.56424 2 
8.980 -25.496 8.31360 -1.63184 2 
11.545 -25.496 8.53199 -1.59558 2 
14.111 -25.496 8.65710 -1.66624 2 
16.676 -25.496 8.64111 -1.60855 2 
19.242 -25.496 8.76258 -1.63591 2 
21.808 -25.496 8.96635 -1.62066 2 
24.373 -25.496 9.00257 -1.41707 2 
26.939 -25.496 9.19483 -1.42737 2 
29.504 -25.496 9.18728 -1.36487 2 
32.070 -25.496 9.22126 -1.06103 2 
34.636 -25.496 9.36660 -1.08549 2 
37.201 -25.496 9.30693 -1.01088 2 
39.767 -25.496 9.48722 -1.00735 2 
42.332 -25.496 9.56593 -0.91747 2 
44.898 -25.496 9.72352 -0.90692 2 
47.464 -25.496 9.50169 -0.84375 2 
50.029 -25.496 9.58872 -0.67326 2 
52.595 -25.496 10.07541 -0.70568 2 
55.160 -25.496 9.91636 -0.69405 2 
57.726 -25.496 10.05945 -0.45159 2 
60.292 -25.496 10.22240 -0.37263 2 
62.857 -25.496 10.14241 0.04176 2 
65.423 -25.496 10.09354 0.35511 2 
67.988 -25.496 10.03872 0.54547 2 
70.554 -25.496 10.11175 0.62212 2 
73.120 -25.496 9.93933 0.48623 2 
75.685 -25.496 9.91326 0.66856 2 
78.251 -25.496 9.66178 0.83175 2 
80.816 -25.496 9.55138 0.71309 2 
83.382 -25.496 9.36602 0.89758 2 
85.948 -25.496 9.13119 0.96003 2 
88.513 -25.496 9.17520 0.91495 2 
91.079 -25.496 9.11670 0.92165 2 
93.644 -25.496 9.12466 0.94131 2 
96.210 -25.496 9.06607 0.74675 2 
98.776 -25.496 8.84984 0.78839 2 
101.341 -25.496 9.11155 1.00782 2 
103.907 -25.496 8.98708 1.00773 2 
106.472 -25.496 8.97534 1.16261 2 
109.038 -25.496 9.04909 1.11997 2 
111.603 -25.496 8.91168 1.27324 2 
114.169 -25.496 8.74372 1.57862 2 
116.735 -25.496 8.78565 1.35332 2 
119.300 -25.496 0.00000 -0.00000 0 
-8.980 -28.061 7.52688 -1.00023 2 
-6.414 -28.061 7.84838 -0.92781 2 
-3.848 -28.061 7.78924 -1.12350 2 
-1.283 -28.061 7.96233 -1.11126 2 
1.283 -28.061 7.89565 -1.36763 2 
3.848 -28.061 8.09089 -1.28999 2 
6.414 -28.061 8.15350 -1.42095 2 
8.980 -28.061 8.37941 -1.36610 2 
11.545 -28.061 8.37340 -1.48194 2 
14.111 -28.061 8.66230 -1.49564 2 
16.676 -28.061 8.65559 -1.45016 2 
19.242 -28.061 8.80841 -1.34926 2 
21.808 -28.061 8.82404 -1.53313 2 
24.373 -28.061 8.98581 -1.28353 2 
26.939 -28.061 9.03730 -1.11736 2 
29.504 -28.061 9.17263 -1.18881 2 
32.070 -28.061 9.25220 -1.16719 2 
34.636 -28.061 9.25115 -0.95304 2 
37.201 -28.061 9.22206 -0.88153 2 
39.767 -28.061 9.32071 -0.83510 2 
42.332 -28.061 9.47752 -0.78428 2 
44.898 -28.061 9.53614 -0.88062 2 
47.464 -28.061 9.43963 -0.68238 2 
50.029 -28.061 9.66763 -0.71676 2 
52.595 -28.061 9.64326 -0.60103 2 
55.160 -28.061 9.93268 -0.59806 2 
57.726 -28.061 9.93344 -0.44843 2 
60.292 -28.061 9.87552 -0.27091 2 
62.857 -28.061 9.99927 0.04951 2 
65.423 -28.061 9.97919 0.04194 2 
67.988 -28.061 9.88056 0.22528 2 
70.554 -28.061 9.82046 0.45219 2 
73.120 -28.061 9.76571 0.61021 2 
75.685 -28.061 9.57431 0.76983 2 
78.251 -28.061 9.66118 0.49446 2 
80.816 -28.061 9.53317 0.93655 2 
83.382 -28.061 9.29355 0.85526 2 
85.948 -28.061 9.27148 0.92130 2 
88.513 -28.061 9.28396 0.78462 2 
91.079 -28.061 9.23504 1.01086 2 
93.644 -28.061 9.02802 0.86722 2 
96.210 -28.061 9.06903 0.89093 2 
98.776 -28.061 8.88402 0.88427 2 
101.341 -28.061 9.09947 0.89703 2 
103.907 -28.061 9.02832 1.06766 2 
106.472 -28.061 8.89088 1.01486 2 
109.038 -28.061 8.79456 1.26349 2 
111.603 -28.061 8.97530 1.20215 2 
114.169 -28.061 8.53410 1.29475 2 
116.735 -28.061 8.86464 1.45979 2 
119.300 -28.061 0.00000 -0.00000 0 
-8.980 -30.627 7.76539 -0.89365 2 
-6.414 -30.627 7.82507 -1.05191 2 
-3.848 -30.627 7.78629 -1.08042 2 
-1.283 -30.627 7.86852 -1.04877 2 
1.283 -30.627 8.04030 -1.07881 2 
3.848 -30.627 8.03630 -1.23968 2 
6.414 -30.627 8.25946 -1.22574 2 
8.980 -30.627 8.49235 -1.28381 2 
11.545 -30.627 8.36429 -1.40286 2 
14.111 -30.627 8.57992 -1.32575 2 
16.676 -30.627 8.72773 -1.26001 2 
19.242 -30.627 8.68624 -1.24687 2 
21.808 -30.627 8.82713 -1.22622 2 
24.373 -30.627 8.77884 -1.24961 2 
26.939 -30.627 8.86478 -1.07605 2 
29.504 -30.627 9.19450 -1.12009 2 
32.070 -30.627 9.11406 -1.08923 2 
34.636 -30.627 9.12247 -0.96293 2 
37.201 -30.627 9.20271 -0.82956 2 
39.767 -30.627 9.40386 -0.87058 2 
42.332 -30.627 9.30911 -0.72541 2 
44.898 -30.627 9.24906 -0.69097 2 
47.464 -30.627 9.36160 -0.72375 2 
50.029 -30.627 9.57986 -0.69253 2 
52.595 -30.627 9.62261 -0.74200 2 
55.160 -30.627 9.64024 -0.51136 2 
57.726 -30.627 9.87113 -0.44209 2 
60.292 -30.627 9.97055 -0.16002 2 
62.857 -30.627 9.75186 -0.05259 2 
65.423 -30.627 9.62569 0.21118 2 
67.988 -30.627 9.93172 0.29607 2 
70.554 -30.627 9.67577 0.36600 2 
73.120 -30.627 9.58521 0.58404 2 
75.685 -30.627 9.67878 0.47773 2 
78.251 -30.627 9.48087 0.72966 2 
80.816 -30.627 9.39500 0.60849 2 
83.382 -30.627 9.48950 0.75969 2 
85.948 -30.627 9.13713 0.70588 2 
88.513 -30.627 9.21511 0.81166 2 
91.079 -30.627 9.14106 0.88921 2 
93.644 -30.627 9.10405 0.74251 2 
96.210 -30.627 8.97629 0.72409 2 
98.776 -30.627 9.07512 1.07286 2 
101.341 -30.627 9.07886 0.95600 2 
103.907 -30.627 8.82615 0.92692 2 
106.472 -30.627 8.85274 1.10311 2 
109.038 -30.627 8.96241 1.18919 2 
111.603 -30.627 8.76421 1.17312 2 
114.169 -30.627 8.66820 1.09356 2 
116.735 -30.627 8.57034 1.38940 2 
119.300 -30.627 0.00000 -0.00000 0 
-8.980 -33.192 7.79857 -0.95958 2 
-6.414 -33.192 7.86213 -0.93777 2 
-3.848 -33.192 7.91553 -0.87841 2 
-1.283 -33.192 7.95547 -1.10083 2 
1.283 -33.192 8.01081 -1.04224 2 
3.848 -33.192 8.08944 -1.25769 2 
6.414 -33.192 8.30684 -1.28967 2 
8.980 -33.192 8.34573 -1.25479 2 
11.545 -33.192 8.43756 -1.29122 2 
14.111 -33.192 8.35487 -1.23023 2 
16.676 -33.192 8.74226 -1.16478 2 
19.242 -33.192 8.60799 -1.14498 2 
21.808 -33.192 8.76253 -1.20557 2 
24.373 -33.192 8.90050 -0.93628 2 
26.939 -33.192 8.80094 -1.12711 2 
29.504 -33.192 8.91737 -1.09207 2 
32.070 -33.192 9.06445 -0.91499 2 
34.636 -33.192 9.19804 -0.86225 2 
37.201 -33.192 9.02401 -0.85348 2 
39.767 -33.192 9.35586 -0.74749 2 
42.332 -33.192 9.21309 -0.80428 2 
44.898 -33.192 9.25735 -0.67699 2 
47.464 -33.192 9.37658 -0.62429 2 
50.029 -33.192 9.55508 -0.83959 2 
52.595 -33.192 9.52001 -0.53277 2 
55.160 -33.192 9.44486 -0.45562 2 
57.726 -33.192 9.72896 -0.34864 2 
60.292 -33.192 9.57162 -0.20437 2 
62.857 -33.192 9.62456 -0.07972 2 
65.423 -33.192 9.54564 0.05621 2 
67.988 -33.192 9.67272 0.11775 2 
70.554 -33.192 9.45436 0.35061 2 
73.120 -33.192 9.68349 0.41060 2 
75.685 -33.192 9.42046 0.39481 2 
78.251 -33.192 9.36475 0.57322 2 
80.816 -33.192 9.40393 0.60967 2 
83.382 -33.192 9.18596 0.65392 2 
85.948 -33.192 9.18528 0.69443 2 
88.513 -33.192 9.09425 0.67512 2 
91.079 -33.192 9.08351 0.86290 2 
93.644 -33.192 9.12148 0.78267 2 
96.210 -33.192 8.92712 0.84638 2 
98.776 -33.192 8.93325 0.83070 2 
101.341 -33.192 8.86277 0.84790 2 
103.907 -33.192 8.89800 1.09003 2 
106.472 -33.192 8.61139 0.96805 2 
109.038 -33.192 8.72588 1.05501 2 
111.603 -33.192 8.61608 0.98700 2 
114.169 -33.192 8.54828 1.10195 2 
116.735 -33.192 8.71543 1.39962 2 
119.300 -33.192 0.00000 -0.00000 0 
-8.980 -35.758 7.76716 -0.85203 2 
-6.414 -35.758 7.94730 -0.87930 2 
-3.848 -35.758 7.93739 -0.89512 2 
-1.283 -35.758 7.81780 -0.95544 2 
1.283 -35.758 8.11893 -1.08152 2 
3.848 -35.758 8.14797 -0.99273 2 
6.414 -35.758 8.37082 -1.05151 2 
8.980 -35.758 8.27851 -1.16999 2 
11.545 -35.758 8.52170 -1.08903 2 
14.111 -35.758 8.57752 -1.06539 2 
16.676 -35.758 8.67135 -1.22538 2 
19.242 -35.758 8.66628 -1.25130 2 
21.808 -35.758 8.91831 -1.01743 2 
24.373 -35.758 8.81078 -1.04799 2 
26.939 -35.758 8.95733 -0.98418 2 
29.504 -35.758 9.05154 -0.89312 2 
32.070 -35.758 8.95875 -0.93874 2 
34.636 -35.758 9.00328 -0.87734 2 
37.201 -35.758 9.19768 -0.77390 2 
39.767 -35.758 9.04067 -0.85922 2 
42.332 -35.758 9.11956 -0.62328 2 
44.898 -35.758 9.14023 -0.64249 2 
47.464 -35.758 9.43994 -0.59372 2 
50.029 -35.758 9.13370 -0.46927 2 
52.595 -35.758 9.45484 -0.54565 2 
55.160 -35.758 9.48530 -0.34861 2 
57.726 -35.758 9.35317 -0.49265 2 
60.292 -35.758 9.56119 -0.18569 2 
62.857 -35.758 9.47640 -0.03507 2 
65.423 -35.758 9.55043 -0.01622 2 
67.988 -35.758 9.56959 0.31007 2 
70.554 -35.758 9.55231 0.07460 2 
73.120 -35.758 9.23079 0.41963 2 
75.685 -35.758 9.44451 0.55740 2 
78.251 -35.758 9.34408 0.50858 2 
80.816 -35.758 9.15290 0.54272 2 
83.382 -35.758 9.29861 0.63822 2 
85.948 -35.758 9.08497 0.78995 2 
88.513 -35.758 8.99824 0.83132 2 
91.079 -35.758 9.03501 0.69978 2 
93.644 -35.758 9.05815 0.69059 2 
96.210 -35.758 8.92042 0.88095 2 
98.776 -35.758 8.80014 0.72180 2 
101.341 -35.758 8.91310 0.95011 2 
103.907 -35.758 8.89723 0.83916 2 
106.472 -35.758 8.75636 0.96565 2 
109.038 -35.758 8.79539 0.88632 2 
111.603 -35.758 8.54403 1.10967 2 
114.169 -35.758 8.59070 0.96970 2 
116.735 -35.758 8.69006 1.22515 2 
119.300 -35.758 0.00000 -0.00000 0 
-8.980 -38.324 7.93381 -0.86749 2 
-6.414 -38.324 7.85232 -0.92008 2 
-3.848 -38.324 8.03425 -0.87548 2 
-1.283 -38.324 8.00461 -0.99518 2 
1.283 -38.324 8.10040 -1.04136 2 
3.848 -38.324 8.04561 -0.98001 2 
6.414 -38.324 8.26438 -0.97210 2 
8.980 -38.324 8.48268 -1.13256 2 
11.545 -38.324 8.39531 -1.03366 2 
14.111 -38.324 8.57190 -0.99312 2 
16.676 -38.324 8.52471 -0.98335 2 
19.242 -38.324 8.82170 -0.99448 2 
21.808 -38.324 8.67947 -0.97363 2 
24.373 -38.324 8.81836 -0.92949 2 
26.939 -38.324 8.77416 -0.98121 2 
29.504 -38.324 8.87757 -0.88542 2 
32.070 -38.324 8.96935 -0.88712 2 
34.636 -38.324 9.05260 -0.83292 2 
37.201 -38.324 9.09393 -0.76909 2 
39.767 -38.324 9.11330 -0.59904 2 
42.332 -38.324 9.24328 -0.75309 2 
44.898 -38.324 9.14451 -0.64044 2 
47.464 -38.324 9.26332 -0.46879 2 
50.029 -38.324 9.38951 -0.57560 2 
52.595 -38.324 9.09799 -0.43485 2 
55.160 -38.324 9.24012 -0.38324 2 
57.726 -38.324 9.43593 -0.38389 2 
60.292 -38.324 9.22379 -0.24326 2 
62.857 -38.324 9.42196 0.03406 2 
65.423 -38.324 9.23450 0.11348 2 
67.988 -38.324 9.43538 0.01866 2 
70.554 -38.324 9.32365 0.39577 2 
73.120 -38.324 9.47282 0.12966 2 
75.685 -38.324 9.35009 0.36325 2 
78.251 -38.324 9.37216 0.51277 2 
80.816 -38.324 9.18419 0.47021 2 
83.382 -38.324 9.11543 0.59795 2 
85.948 -38.324 9.08135 0.43770 2 
88.513 -38.324 9.12687 0.71039 2 
91.079 -38.324 9.00454 0.68368 2 
93.644 -38.324 9.05877 0.76976 2 
96.210 -38.324 8.79489 0.79104 2 
98.776 -38.324 9.00858 0.83981 2 
101.341 -38.324 8.78119 0.75760 2 
103.907 -38.324 8.75557 0.86615 2 
106.472 -38.324 8.66553 0.84467 2 
109.038 -38.324 8.68568 0.96433 2 
111.603 -38.324 8.55254 1.03728 2 
114.169 -38.324 8.55208 0.91085 2 
116.735 -38.324 8.66468 1.05067 2 
119.300 -38.324 0.00000 -0.00000 0 
-8.980 -40.889 7.94291 -0.87430 2 
-6.414 -40.889 8.02943 -0.91108 2 
-3.848 -40.889 7.98037 -0.91747 2 
-1.283 -40.889 8.20145 -0.85693 2 
1.283 -40.889 8.06660 -0.89476 2 
3.848 -40.889 8.32986 -0.90699 2 
6.414 -40.889 8.33089 -1.07670 2 
8.980 -40.889 8.24948 -0.90964 2 
11.545 -40.889 8.50771 -0.90003 2 
14.111 -40.889 8.49205 -0.95287 2 
16.676 -40.889 8.58854 -1.01369 2 
19.242 -40.889 8.78703 -1.01397 2 
21.808 -40.889 8.68965 -1.04038 2 
24.373 -40.889 8.81129 -0.79852 2 
26.939 -40.889 8.85341 -0.93158 2 
29.504 -40.889 8.85668 -0.80092 2 
32.070 -40.889 9.00760 -0.81488 2 
34.636 -40.889 8.90158 -0.81775 2 
37.201 -40.889 8.99251 -0.63663 2 
39.767 -40.889 9.15723 -0.69646 2 
42.332 -40.889 8.99294 -0.54745 2 
44.898 -40.889 8.98279 -0.67558 2 
47.464 -40.889 9.18182 -0.60478 2 
50.029 -40.889 9.20925 -0.56165 2 
52.595 -40.889 9.33761 -0.45338 2 
55.160 -40.889 9.29933 -0.43374 2 
57.726 -40.889 9.19416 -0.33308 2 
60.292 -40.889 9.32316 -0.24977 2 
62.857 -40.889 9.36058 -0.13630 2 
65.423 -40.889 9.27682 0.08956 2 
67.988 -40.889 9.29245 0.02648 2 
70.554 -40.889 9.28265 0.21676 2 
73.120 -40.889 9.15281 0.06202 2 
75.685 -40.889 9.19363 0.40265 2 
78.251 -40.889 9.29178 0.32422 2 
80.816 -40.889 9.12568 0.69831 2 
83.382 -40.889 9.14666 0.52964 2 
85.948 -40.889 9.11138 0.65043 2 
88.513 -40.889 9.06872 0.53065 2 
91.079 -40.889 8.82722 0.73351 2 
93.644 -40.889 8.96795 0.64904 2 
96.210 -40.889 8.91866 0.73786 2 
98.776 -40.889 8.77483 0.66052 2 
101.341 -40.889 8.71146 0.72046 2 
103.907 -40.889 8.86647 0.98815 2 
106.472 -40.889 8.79201 0.76889 2 
109.038 -40.889 8.67596 0.87265 2 
111.603 -40.889 8.63230 0.89509 2 
114.169 -40.889 8.55689 0.93887 2 
116.735 -40.889 8.63931 0.87620 2 
119.300 -40.889 0.00000 -0.00000 0 
-8.980 -43.455 7.95355 -0.80187 2 
-6.414 -43.455 8.08752 -0.89351 2 
-3.848 -43.455 8.05598 -0.86430 2 
-1.283 -43.455 8.19052 -0.84289 2 
1.283 -43.455 8.08124 -0.87133 2 
3.848 -43.455 8.21185 -0.91100 2 
6.414 -43.455 8.37843 -0.85744 2 
8.980 -43.455 8.39760 -0.93410 2 
11.545 -43.455 8.44116 -0.85675 2 
14.111 -43.455 8.63898 -0.89880 2 
16.676 -43.455 8.50512 -0.89909 2 
19.242 -43.455 8.67110 -0.84132 2 
21.808 -43.455 8.77073 -0.83097 2 
24.373 -43.455 8.77576 -0.92116 2 
26.939 -43.455 8.76269 -0.88629 2 
29.504 -43.455 8.81803 -0.78021 2 
32.070 -43.455 8.85749 -0.91161 2 
34.636 -43.455 8.88259 -0.72433 2 
37.201 -43.455 8.96960 -0.73823 2 
39.767 -43.455 9.00128 -0.64957 2 
42.332 -43.455 9.08711 -0.71295 2 
44.898 -43.455 9.00326 -0.56915 2 
47.464 -43.455 9.19784 -0.52390 2 
50.029 -43.455 9.09062 -0.45298 2 
52.595 -43.455 9.14508 -0.31123 2 
55.160 -43.455 9.14188 -0.27449 2 
57.726 -43.455 9.10508 -0.14458 2 
60.292 -43.455 9.30624 -0.16127 2 
62.857 -43.455 9.08773 -0.16415 2 
65.423 -43.455 9.27563 0.12402 2 
67.988 -43.455 9.12074 -0.12531 2 
70.554 -43.455 9.17999 0.18765 2 
73.120 -43.455 9.24710 0.34034 2 
75.685 -43.455 9.22531 0.29458 2 
78.251 -43.455 9.02448 0.43055 2 
80.816 -43.455 9.02785 0.41886 2 
83.382 -43.455 9.03014 0.48812 2 
85.948 -43.455 8.94182 0.64243 2 
88.513 -43.455 8.94455 0.60552 2 
91.079 -43.455 8.88356 0.57684 2 
93.644 -43.455 9.02107 0.70241 2 
96.210 -43.455 8.90689 0.66799 2 
98.776 -43.455 8.85953 0.64983 2 
101.341 -43.455 8.73009 0.94819 2 
103.907 -43.455 8.67254 0.57736 2 
106.472 -43.455 8.77059 0.82740 2 
109.038 -43.455 8.47527 0.71630 2 
111.603 -43.455 8.59446 0.86346 2 
114.169 -43.455 8.53705 0.86312 2 
116.735 -43.455 8.66302 0.94294 2 
119.300 -43.455 0.00000 -0.00000 0 
-8.980 -46.020 8.08939 -0.76920 2 
-6.414 -46.020 8.06156 -0.75461 2 
-3.848 -46.020 8.26955 -0.79315 2 
-1.283 -46.020 8.03709 -0.88764 2 
1.283 -46.020 8.24777 -0.73864 2 
3.848 -46.020 8.25482 -0.83313 2 
6.414 -46.020 8.25651 -0.83521 2 
8.980 -46.020 8.38862 -0.87541 2 
11.545 -46.020 8.53263 -0.76767 2 
14.111 -46.020 8.55265 -0.90206 2 
16.676 -46.020 8.68569 -0.87226 2 
19.242 -46.020 8.63874 -0.88572 2 
21.808 -46.020 8.61287 -0.87058 2 
24.373 -46.020 8.71264 -0.73077 2 
26.939 -46.020 8.80681 -0.69259 2 
29.504 -46.020 8.89123 -0.78363 2 
32.070 -46.020 8.72771 -0.65575 2 
34.636 -46.020 8.95170 -0.76892 2 
37.201 -46.020 8.91161 -0.73088 2 
39.767 -46.020 8.86959 -0.61258 2 
42.332 -46.020 8.90209 -0.58107 2 
44.898 -46.020 9.09444 -0.54425 2 
47.464 -46.020 9.09860 -0.40475 2 
50.029 -46.020 9.09056 -0.48160 2 
52.595 -46.020 9.10971 -0.36693 2 
55.160 -46.020 9.02346 -0.19523 2 
57.726 -46.020 9.29831 -0.37008 2 
60.292 -46.020 9.16883 -0.19288 2 
62.857 -46.020 9.06254 -0.06526 2 
65.423 -46.020 9.08782 -0.04585 2 
67.988 -46.020 9.08625 0.20379 2 
70.554 -46.020 9.00333 0.15804 2 
73.120 -46.020 9.13142 0.34869 2 
75.685 -46.020 9.03082 0.38073 2 
78.251 -46.020 9.13509 0.39511 2 
80.816 -46.020 8.99501 0.47091 2 
83.382 -46.020 9.06700 0.45402 2 
85.948 -46.020 8.96018 0.50830 2 
88.513 -46.020 8.94855 0.53255 2 
91.079 -46.020 8.98650 0.63151 2 
93.644 -46.020 8.87847 0.53645 2 
96.210 -46.020 8.96368 0.80147 2 
98.776 -46.020 8.74574 0.75989 2 
101.341 -46.020 8.81018 0.64848 2 
103.907 -46.020 8.60842 0.88293 2 
106.472 -46.020 8.63844 0.73926 2 
109.038 -46.020 8.53810 0.72562 2 
111.603 -46.020 8.62431 0.78023 2 
114.169 -46.020 8.50177 0.75342 2 
116.735 -46.020 8.63150 0.88383 2 
119.300 -46.020 0.00000 -0.00000 0 
-8.980 -48.586 8.04343 -0.79878 2 
-6.414 -48.586 8.14159 -0.76793 2 
-3.848 -48.586 8.18331 -0.78632 2 
-1.283 -48.586 8.18540 -0.81371 2 
1.283 -48.586 8.23988 -0.80142 2 
3.848 -48.586 8.27288 -0.84781 2 
6.414 -48.586 8.57129 -0.74786 2 
8.980 -48.586 8.41011 -0.82586 2 
11.545 -48.586 8.37789 -0.98531 2 
14.111 -48.586 8.44746 -0.74269 2 
16.676 -48.586 8.57201 -0.80954 2 
19.242 -48.586 8.61756 -0.84372 2 
21.808 -48.586 8.70092 -0.92344 2 
24.373 -48.586 8.68342 -0.75004 2 
26.939 -48.586 8.66316 -0.88220 2 
29.504 -48.586 8.78472 -0.67990 2 
32.070 -48.586 8.72489 -0.69491 2 
34.636 -48.586 8.85889 -0.69482 2 
37.201 -48.586 8.94367 -0.54424 2 
39.767 -48.586 8.83692 -0.54462 2 
42.332 -48.586 8.88597 -0.62165 2 
44.898 -48.586 8.84648 -0.48669 2 
47.464 -48.586 8.86069 -0.52924 2 
50.029 -48.586 8.99680 -0.37708 2 
52.595 -48.586 8.96248 -0.39797 2 
55.160 -48.586 9.03741 -0.21864 2 
57.726 -48.586 9.02212 -0.19627 2 
60.292 -48.586 8.96311 -0.09206 2 
62.857 -48.586 9.15226 0.02791 2 
65.423 -48.586 9.00748 0.09963 2 
67.988 -48.586 9.10277 0.18730 2 
70.554 -48.586 9.10291 0.05939 2 
73.120 -48.586 9.08609 0.22223 2 
75.685 -48.586 8.85735 0.36167 2 
78.251 -48.586 9.13495 0.42124 2 
80.816 -48.586 8.88374 0.27246 2 
83.382 -48.586 9.05883 0.38377 2 
85.948 -48.586 8.94266 0.61419 2 
88.513 -48.586 8.87147 0.42951 2 
91.079 -48.586 8.86014 0.57760 2 
93.644 -48.586 8.85644 0.53796 2 
96.210 -48.586 8.67643 0.68267 2 
98.776 -48.586 8.79060 0.75590 2 
101.341 -48.586 8.76915 0.65744 2 
103.907 -48.586 8.76380 0.74249 2 
106.472 -48.586 8.61722 0.70306 2 
109.038 -48.586 8.60987 0.69800 2 
111.603 -48.586 8.43150 0.76151 2 
114.169 -48.586 8.35135 0.79616 2 
116.735 -48.586 8.59998 0.82472 2 
119.300 -48.586 0.00000 -0.00000 0 
-8.980 -51.152 7.98197 -0.69927 2 
-6.414 -51.152 8.06335 -0.71839 2 
-3.848 -51.152 8.08725 -0.67434 2 
-1.283 -51.152 8.19896 -0.83179 2 
1.283 -51.152 8.17168 -0.77488 2 
3.848 -51.152 8.26584 -0.70559 2 
6.414 -51.152 8.31816 -0.84717 2 
8.980 -51.152 8.31022 -0.72922 2 
11.545 -51.152 8.41063 -0.72473 2 
14.111 -51.152 8.46283 -0.89516 2 
16.676 -51.152 8.54356 -0.75518 2 
19.242 -51.152 8.54737 -0.75269 2 
21.808 -51.152 8.64018 -0.73143 2 
24.373 -51.152 8.70319 -0.61227 2 
26.939 -51.152 8.70503 -0.74272 2 
29.504 -51.152 8.88107 -0.64970 2 
32.070 -51.152 8.74806 -0.71377 2 
34.636 -51.152 8.66572 -0.66654 2 
37.201 -51.152 8.70087 -0.62242 2 
39.767 -51.152 8.82973 -0.66662 2 
42.332 -51.152 8.95270 -0.43697 2 
44.898 -51.152 8.91480 -0.58961 2 
47.464 -51.152 9.01296 -0.39501 2 
50.029 -51.152 9.02360 -0.45995 2 
52.595 -51.152 9.07627 -0.35428 2 
55.160 -51.152 9.05656 -0.21395 2 
57.726 -51.152 9.06261 -0.31680 2 
60.292 -51.152 9.03639 0.03770 2 
62.857 -51.152 8.97078 -0.12016 2 
65.423 -51.152 9.06028 0.08700 2 
67.988 -51.152 8.97352 0.08565 2 
70.554 -51.152 9.09554 0.10028 2 
73.120 -51.152 8.88619 0.33816 2 
75.685 -51.152 9.00353 0.29223 2 
78.251 -51.152 8.86201 0.27669 2 
80.816 -51.152 8.90543 0.48815 2 
83.382 -51.152 8.98518 0.29465 2 
85.948 -51.152 8.92132 0.49983 2 
88.513 -51.152 8.78395 0.54422 2 
91.079 -51.152 8.81110 0.43100 2 
93.644 -51.152 8.80432 0.62176 2 
96.210 -51.152 8.77101 0.61670 2 
98.776 -51.152 8.78424 0.56420 2 
101.341 -51.152 8.70324 0.67014 2 
103.907 -51.152 8.51034 0.69629 2 
106.472 -51.152 8.53995 0.74399 2 
109.038 -51.152 8.53083 0.66444 2 
111.603 -51.152 8.46977 0.75389 2 
114.169 -51.152 8.50604 0.68442 2 
116.735 -51.152 8.58919 0.94652 2 
119.300 -51.152 0.00000 -0.00000 0 
-8.980 -53.717 8.12243 -0.75687 2 
-6.414 -53.717 8.30237 -0.81515 2 
-3.848 -53.717 8.29856 -0.64604 2 
-1.283 -53.717 8.33116 -0.64643 2 
1.283 -53.717 8.49507 -0.82899 2 
3.848 -53.717 8.41640 -0.69109 2 
6.414 -53.717 8.48785 -0.86711 2 
8.980 -53.717 8.42917 -0.84583 2 
11.545 -53.717 8.48040 -0.74698 2 
14.111 -53.717 8.57047 -0.79682 2 
16.676 -53.717 8.55177 -0.88401 2 
19.242 -53.717 8.54733 -0.66965 2 
21.808 -53.717 8.61624 -0.74556 2 
24.373 -53.717 8.75382 -0.83234 2 
26.939 -53.717 8.69351 -0.72558 2 
29.504 -53.717 8.82110 -0.70926 2 
32.070 -53.717 8.85311 -0.64767 2 
34.636 -53.717 8.81304 -0.74719 2 
37.201 -53.717 8.87595 -0.62264 2 
39.767 -53.717 8.78247 -0.53317 2 
42.332 -53.717 8.93773 -0.62081 2 
44.898 -53.717 8.94233 -0.49842 2 
47.464 -53.717 8.83075 -0.43989 2 
50.029 -53.717 9.04775 -0.42699 2 
52.595 -53.717 8.89565 -0.34500 2 
55.160 -53.717 8.79804 -0.43657 2 
57.726 -53.717 8.96774 -0.21270 2 
60.292 -53.717 8.90570 -0.16426 2 
62.857 -53.717 8.95658 -0.05547 2 
65.423 -53.717 8.91346 -0.02743 2 
67.988 -53.717 8.94978 0.00250 2 
70.554 -53.717 8.96722 0.18034 2 
73.120 -53.717 9.05170 0.15735 2 
75.685 -53.717 8.93102 0.17174 2 
78.251 -53.717 8.92250 0.42704 2 
80.816 -53.717 8.83921 0.34881 2 
83.382 -53.717 9.05198 0.29568 2 
85.948 -53.717 8.85130 0.49365 2 
88.513 -53.717 8.85883 0.53221 2 
91.079 -53.717 8.91494 0.73807 2 
93.644 -53.717 8.87178 0.62560 2 
96.210 -53.717 8.82862 0.51312 2 
98.776 -53.717 9.12798 0.59217 2 
101.341 -53.717 9.03565 0.49508 2 
103.907 -53.717 8.91310 0.85984 2 
106.472 -53.717 8.84259 0.70194 2 
109.038 -53.717 9.02445 0.82722 2 
111.603 -53.717 8.40984 0.62521 2 
114.169 -53.717 0.00000 -0.00000 0 
116.735 -53.717 0.00000 -0.00000 0 
119.300 -53.717 0.00000 -0.00000 0 
-8.980 -56.283 0.00000 -0.00000 0 
-6.414 -56.283 0.00000 -0.00000 0 
-3.848 -56.283 0.00000 -0.00000 0 
-1.283 -56.283 0.00000 -0.00000 0 
1.283 -56.283 0.00000 -0.00000 0 
3.848 -56.283 0.00000 -0.00000 0 
6.414 -56.283 8.41740 -0.40403 2 
8.980 -56.283 8.44471 -0.38882 2 
11.545 -56.283 8.47202 -0.37360 2 
14.111 -56.283 8.49932 -0.35839 2 
16.676 -56.283 8.52663 -0.34318 2 
19.242 -56.283 8.55394 -0.32797 2 
21.808 -56.283 8.58125 -0.31275 2 
24.373 -56.283 8.60855 -0.29754 2 
26.939 -56.283 8.63586 -0.28233 2 
29.504 -56.283 8.66317 -0.26712 2 
32.070 -56.283 8.69048 -0.25190 2 
34.636 -56.283 8.71779 -0.23669 2 
37.201 -56.283 8.74509 -0.22148 2 
39.767 -56.283 8.77240 -0.20627 2 
42.332 -56.283 8.79971 -0.19105 2 
44.898 -56.283 8.82702 -0.17584 2 
47.464 -56.283 8.85432 -0.16063 2 
50.029 -56.283 8.88163 -0.14541 2 
52.595 -56.283 8.90894 -0.13020 2 
55.160 -56.283 8.97612 -0.17017 2 
57.726 -56.283 8.86029 -0.19060 2 
60.292 -56.283 8.91874 -0.10622 2 
62.857 -56.283 8.91815 0.03123 2 
65.423 -56.283 8.92439 -0.08648 2 
67.988 -56.283 8.91476 -0.06177 2 
70.554 -56.283 8.89177 0.06119 2 
73.120 -56.283 9.00181 0.13964 2 
75.685 -56.283 8.85604 0.06749 2 
78.251 -56.283 8.92669 0.18397 2 
80.816 -56.283 8.85680 0.26243 2 
83.382 -56.283 8.66465 0.10165 2 
85.948 -56.283 8.78210 0.02502 2 
88.513 -56.283 0.00000 -0.00000 0 
91.079 -56.283 0.00000 -0.00000 0 
93.644 -56.283 0.00000 -0.00000 0 
96.210 -56.283 0.00000 -0.00000 0 
98.776 -56.283 0.00000 -0.00000 0 
101.341 -56.283 0.00000 -0.00000 0 
103.907 -56.283 0.00000 -0.00000 0 
106.472 -56.283 0.00000 -0.00000 0 
109.038 -56.283 0.00000 -0.00000 0 
111.603 -56.283 0.00000 -0.00000 0 
114.169 -56.283 0.00000 -0.00000 0 
116.735 -56.283 0.00000 -0.00000 0 
119.300 -56.283 0.00000 -0.00000 0 
