TITLE = "B00075"
VARIABLES = "X [mm]", "Y [mm]", "Vx [m/s]", "Vy [m/s]", "Flag"
ZONE T="Frame 1", I=51, J=39, F=POINT
-8.980 41.210 7.18625 0.24336 2 
-6.414 41.210 7.08803 0.40160 2 
-3.848 41.210 7.15761 0.42057 2 
-1.283 41.210 7.16089 0.47686 2 
1.283 41.210 7.50639 0.65573 2 
3.848 41.210 0.00000 -0.00000 0 
6.414 41.210 0.00000 -0.00000 0 
8.980 41.210 0.00000 -0.00000 0 
11.545 41.210 0.00000 -0.00000 0 
14.111 41.210 0.00000 -0.00000 0 
16.676 41.210 0.00000 -0.00000 0 
19.242 41.210 3.80066 0.37275 2 
21.808 41.210 7.60132 0.74550 2 
24.373 41.210 7.33268 0.63584 2 
26.939 41.210 7.49281 0.71557 2 
29.504 41.210 7.37475 0.70121 2 
32.070 41.210 7.59362 0.86857 2 
34.636 41.210 7.57552 0.70837 2 
37.201 41.210 7.60986 0.58419 2 
39.767 41.210 7.56880 0.94440 2 
42.332 41.210 7.79561 0.90539 2 
44.898 41.210 7.80745 0.77002 2 
47.464 41.210 7.81929 0.63466 2 
50.029 41.210 8.02604 0.88769 2 
52.595 41.210 8.00201 0.96849 2 
55.160 41.210 7.97798 1.04928 2 
57.726 41.210 8.06916 0.80573 2 
60.292 41.210 8.09745 0.83615 2 
62.857 41.210 8.10287 0.80231 2 
65.423 41.210 8.26348 0.99157 2 
67.988 41.210 8.40711 0.80903 2 
70.554 41.210 8.34739 0.70013 2 
73.120 41.210 8.28767 0.59123 2 
75.685 41.210 8.31837 0.76681 2 
78.251 41.210 8.64012 0.61612 2 
80.816 41.210 0.00000 0.00000 0 
83.382 41.210 8.55856 0.55243 2 
85.948 41.210 8.62096 0.64314 2 
88.513 41.210 8.50494 0.17699 2 
91.079 41.210 8.60805 0.32961 2 
93.644 41.210 8.67540 0.09761 2 
96.210 41.210 8.54427 0.18375 2 
98.776 41.210 8.81969 0.09732 2 
101.341 41.210 8.68433 -0.19842 2 
103.907 41.210 8.73061 -0.27381 2 
106.472 41.210 8.77689 -0.34920 2 
109.038 41.210 8.60141 -0.30321 2 
111.603 41.210 8.50491 -0.55114 2 
114.169 41.210 8.58048 -0.36027 2 
116.735 41.210 8.87107 -0.73565 2 
119.300 41.210 0.00000 -0.00000 0 
-8.980 38.644 7.25111 0.34126 2 
-6.414 38.644 7.07851 0.35778 2 
-3.848 38.644 7.22445 0.35387 2 
-1.283 38.644 7.20398 0.42752 2 
1.283 38.644 7.43605 0.54724 2 
3.848 38.644 0.00000 -0.00000 0 
6.414 38.644 0.00000 -0.00000 0 
8.980 38.644 0.00000 -0.00000 0 
11.545 38.644 0.00000 -0.00000 0 
14.111 38.644 0.00000 -0.00000 0 
16.676 38.644 0.00000 -0.00000 0 
19.242 38.644 3.99276 0.47477 2 
21.808 38.644 7.98553 0.94954 2 
24.373 38.644 7.15194 0.78107 2 
26.939 38.644 7.38911 0.76028 2 
29.504 38.644 7.55534 0.70638 2 
32.070 38.644 7.35173 0.82506 2 
34.636 38.644 7.65988 0.78151 2 
37.201 38.644 7.42973 0.88087 2 
39.767 38.644 7.75266 0.74826 2 
42.332 38.644 7.60055 0.74950 2 
44.898 38.644 7.88046 1.04547 2 
47.464 38.644 7.79998 0.86706 2 
50.029 38.644 8.05610 0.88920 2 
52.595 38.644 7.96488 0.80613 2 
55.160 38.644 8.03428 0.95491 2 
57.726 38.644 8.29762 0.94599 2 
60.292 38.644 8.03406 0.68184 2 
62.857 38.644 8.34337 0.80737 2 
65.423 38.644 8.24685 0.79702 2 
67.988 38.644 8.32659 0.97825 2 
70.554 38.644 8.57313 0.80794 2 
73.120 38.644 8.29965 0.60161 2 
75.685 38.644 8.77151 0.80190 2 
78.251 38.644 8.38044 0.52748 2 
80.816 38.644 0.00000 0.00000 0 
83.382 38.644 8.55778 0.53589 2 
85.948 38.644 8.67979 0.50945 2 
88.513 38.644 8.68330 0.28597 2 
91.079 38.644 8.65263 0.23598 2 
93.644 38.644 8.78982 0.32737 2 
96.210 38.644 8.63725 0.09220 2 
98.776 38.644 8.76176 0.11768 2 
101.341 38.644 8.60774 0.02827 2 
103.907 38.644 8.74726 -0.24565 2 
106.472 38.644 8.56844 -0.45232 2 
109.038 38.644 8.58581 -0.32698 2 
111.603 38.644 8.71822 -0.48425 2 
114.169 38.644 8.36279 -0.50952 2 
116.735 38.644 8.81062 -0.82848 2 
119.300 38.644 0.00000 -0.00000 0 
-8.980 36.079 7.08407 0.11289 2 
-6.414 36.079 7.17940 0.38457 2 
-3.848 36.079 7.13882 0.51871 2 
-1.283 36.079 6.91967 0.44453 2 
1.283 36.079 7.27221 0.53933 2 
3.848 36.079 0.00000 -0.00000 0 
6.414 36.079 0.00000 -0.00000 0 
8.980 36.079 0.00000 -0.00000 0 
11.545 36.079 0.00000 -0.00000 0 
14.111 36.079 0.00000 -0.00000 0 
16.676 36.079 0.00000 -0.00000 0 
19.242 36.079 3.93114 0.32791 2 
21.808 36.079 7.86229 0.65582 2 
24.373 36.079 7.27629 0.87650 2 
26.939 36.079 7.23941 0.78532 2 
29.504 36.079 7.46032 0.93981 2 
32.070 36.079 7.35245 0.80968 2 
34.636 36.079 7.47534 0.78994 2 
37.201 36.079 7.62683 0.92317 2 
39.767 36.079 7.64694 0.86684 2 
42.332 36.079 7.72080 0.90532 2 
44.898 36.079 7.78691 1.00925 2 
47.464 36.079 7.75925 1.14058 2 
50.029 36.079 7.83799 1.07601 2 
52.595 36.079 8.04926 0.95740 2 
55.160 36.079 8.00117 0.92159 2 
57.726 36.079 8.11606 0.93132 2 
60.292 36.079 8.33047 0.86790 2 
62.857 36.079 8.04017 0.78903 2 
65.423 36.079 8.47163 0.81843 2 
67.988 36.079 8.34006 0.74204 2 
70.554 36.079 8.38266 0.76708 2 
73.120 36.079 8.59181 0.73851 2 
75.685 36.079 8.33774 0.66740 2 
78.251 36.079 8.54284 0.47422 2 
80.816 36.079 0.00000 0.00000 0 
83.382 36.079 8.65405 0.38896 2 
85.948 36.079 8.82470 0.38575 2 
88.513 36.079 8.87909 0.55503 2 
91.079 36.079 8.73124 0.27216 2 
93.644 36.079 8.62797 0.18888 2 
96.210 36.079 8.81363 0.07744 2 
98.776 36.079 9.01147 -0.01983 2 
101.341 36.079 8.80198 -0.06811 2 
103.907 36.079 8.77856 -0.13035 2 
106.472 36.079 8.83637 -0.38010 2 
109.038 36.079 8.71281 -0.39657 2 
111.603 36.079 8.63829 -0.61535 2 
114.169 36.079 8.71353 -0.59969 2 
116.735 36.079 8.49469 -0.82634 2 
119.300 36.079 0.00000 -0.00000 0 
-8.980 33.513 7.34463 0.31703 2 
-6.414 33.513 7.15152 0.29510 2 
-3.848 33.513 7.15774 0.43303 2 
-1.283 33.513 7.14426 0.33344 2 
1.283 33.513 7.67656 0.43071 2 
3.848 33.513 0.00000 -0.00000 0 
6.414 33.513 0.00000 -0.00000 0 
8.980 33.513 0.00000 -0.00000 0 
11.545 33.513 0.00000 -0.00000 0 
14.111 33.513 0.00000 -0.00000 0 
16.676 33.513 0.00000 -0.00000 0 
19.242 33.513 3.83502 0.45581 2 
21.808 33.513 7.67003 0.91163 2 
24.373 33.513 7.31441 0.76323 2 
26.939 33.513 7.31713 0.88238 2 
29.504 33.513 7.42111 0.89219 2 
32.070 33.513 7.30604 1.15245 2 
34.636 33.513 7.58321 0.96842 2 
37.201 33.513 7.75597 0.88116 2 
39.767 33.513 7.66885 0.98144 2 
42.332 33.513 7.63060 0.98836 2 
44.898 33.513 8.02158 0.98315 2 
47.464 33.513 7.86459 0.87784 2 
50.029 33.513 7.74393 0.90983 2 
52.595 33.513 7.87810 0.95879 2 
55.160 33.513 8.03826 1.00266 2 
57.726 33.513 8.33624 1.01088 2 
60.292 33.513 8.21413 0.96423 2 
62.857 33.513 8.28378 0.77232 2 
65.423 33.513 8.29521 0.95710 2 
67.988 33.513 8.42254 0.75679 2 
70.554 33.513 8.48629 0.73956 2 
73.120 33.513 8.46981 0.60471 2 
75.685 33.513 8.71632 0.80287 2 
78.251 33.513 8.58333 0.68382 2 
80.816 33.513 0.00000 0.00000 0 
83.382 33.513 8.70306 0.57674 2 
85.948 33.513 8.80001 0.53348 2 
88.513 33.513 8.67753 0.38928 2 
91.079 33.513 8.69045 0.27385 2 
93.644 33.513 8.88388 0.28111 2 
96.210 33.513 8.65941 0.01350 2 
98.776 33.513 8.77930 0.25154 2 
101.341 33.513 8.79950 -0.02911 2 
103.907 33.513 8.83039 -0.24842 2 
106.472 33.513 8.90604 -0.45777 2 
109.038 33.513 8.96631 -0.51251 2 
111.603 33.513 8.62607 -0.55603 2 
114.169 33.513 8.76921 -0.63091 2 
116.735 33.513 9.10014 -0.85894 2 
119.300 33.513 0.00000 -0.00000 0 
-8.980 30.948 7.09002 0.29392 2 
-6.414 30.948 7.14813 0.24158 2 
-3.848 30.948 7.00991 0.28881 2 
-1.283 30.948 7.03710 0.43548 2 
1.283 30.948 7.48499 0.44014 2 
3.848 30.948 0.00000 -0.00000 0 
6.414 30.948 0.00000 -0.00000 0 
8.980 30.948 0.00000 -0.00000 0 
11.545 30.948 0.00000 -0.00000 0 
14.111 30.948 0.00000 -0.00000 0 
16.676 30.948 0.00000 -0.00000 0 
19.242 30.948 4.97529 0.72797 2 
21.808 30.948 7.51217 0.86944 2 
24.373 30.948 7.26895 0.92930 2 
26.939 30.948 7.15285 0.97565 2 
29.504 30.948 7.43424 1.05681 2 
32.070 30.948 7.44308 0.94502 2 
34.636 30.948 7.54001 0.98003 2 
37.201 30.948 7.64098 0.94661 2 
39.767 30.948 7.50882 1.06890 2 
42.332 30.948 7.78010 0.94233 2 
44.898 30.948 7.72651 1.03475 2 
47.464 30.948 7.80268 0.94343 2 
50.029 30.948 8.03336 0.98195 2 
52.595 30.948 8.05006 0.85651 2 
55.160 30.948 7.86443 0.95628 2 
57.726 30.948 8.11873 1.14422 2 
60.292 30.948 8.33161 1.06141 2 
62.857 30.948 8.32567 0.96495 2 
65.423 30.948 8.52544 0.93594 2 
67.988 30.948 8.56681 0.92808 2 
70.554 30.948 8.48806 1.07200 2 
73.120 30.948 8.51029 0.97050 2 
75.685 30.948 8.73960 0.53391 2 
78.251 30.948 8.63390 0.90268 2 
80.816 30.948 0.00000 0.00000 0 
83.382 30.948 8.77318 0.66572 2 
85.948 30.948 8.88608 0.66609 2 
88.513 30.948 8.71837 0.33494 2 
91.079 30.948 8.90784 0.39899 2 
93.644 30.948 8.89486 0.02802 2 
96.210 30.948 9.00626 0.25830 2 
98.776 30.948 8.78265 0.06827 2 
101.341 30.948 8.97202 -0.06540 2 
103.907 30.948 9.01232 -0.16177 2 
106.472 30.948 8.98607 -0.08144 2 
109.038 30.948 8.84702 -0.43694 2 
111.603 30.948 9.10700 -0.64406 2 
114.169 30.948 8.84563 -0.68925 2 
116.735 30.948 9.17247 -0.94797 2 
119.300 30.948 0.00000 -0.00000 0 
-8.980 28.382 6.96511 0.18763 2 
-6.414 28.382 7.09692 0.39686 2 
-3.848 28.382 7.09734 0.26100 2 
-1.283 28.382 6.97646 0.38802 2 
1.283 28.382 7.29343 0.44958 2 
3.848 28.382 3.64672 0.22479 2 
6.414 28.382 0.00000 -0.00000 0 
8.980 28.382 0.00000 -0.00000 0 
11.545 28.382 0.00000 -0.00000 0 
14.111 28.382 0.00000 -0.00000 0 
16.676 28.382 3.62792 0.63613 2 
19.242 28.382 7.25583 1.27227 2 
21.808 28.382 7.35431 0.82724 2 
24.373 28.382 7.09678 0.85896 2 
26.939 28.382 7.33549 0.91561 2 
29.504 28.382 7.37371 0.90256 2 
32.070 28.382 7.52687 1.05072 2 
34.636 28.382 7.42330 1.07552 2 
37.201 28.382 7.55299 1.01212 2 
39.767 28.382 7.48635 1.16131 2 
42.332 28.382 7.44259 1.09286 2 
44.898 28.382 7.74432 1.18948 2 
47.464 28.382 7.93147 1.05924 2 
50.029 28.382 7.90257 1.32562 2 
52.595 28.382 8.11047 1.02623 2 
55.160 28.382 8.23269 1.00846 2 
57.726 28.382 8.17209 1.14146 2 
60.292 28.382 8.48156 0.94148 2 
62.857 28.382 8.19415 0.91920 2 
65.423 28.382 8.39171 0.93830 2 
67.988 28.382 8.35814 0.87397 2 
70.554 28.382 8.56105 0.88423 2 
73.120 28.382 8.82530 0.79881 2 
75.685 28.382 8.67065 0.90621 2 
78.251 28.382 8.78814 0.62974 2 
80.816 28.382 8.74321 0.70713 2 
83.382 28.382 8.79455 0.60928 2 
85.948 28.382 8.84589 0.51143 2 
88.513 28.382 9.09759 0.59322 2 
91.079 28.382 8.71533 0.42429 2 
93.644 28.382 9.09985 0.32083 2 
96.210 28.382 8.86016 0.20348 2 
98.776 28.382 9.07613 0.01886 2 
101.341 28.382 8.83212 -0.08101 2 
103.907 28.382 9.15651 -0.27156 2 
106.472 28.382 9.10674 -0.32761 2 
109.038 28.382 9.10138 -0.60924 2 
111.603 28.382 8.84059 -0.63880 2 
114.169 28.382 9.09989 -0.87614 2 
116.735 28.382 9.42310 -1.10190 2 
119.300 28.382 0.00000 -0.00000 0 
-8.980 25.816 7.06146 0.23098 2 
-6.414 25.816 7.00344 0.13968 2 
-3.848 25.816 6.96020 0.22988 2 
-1.283 25.816 6.98452 0.42973 2 
1.283 25.816 6.93175 0.39823 2 
3.848 25.816 3.46587 0.19911 2 
6.414 25.816 0.00000 -0.00000 0 
8.980 25.816 0.00000 -0.00000 0 
11.545 25.816 0.00000 -0.00000 0 
14.111 25.816 0.00000 -0.00000 0 
16.676 25.816 4.26866 0.54345 2 
19.242 25.816 7.42877 1.21846 2 
21.808 25.816 7.05956 0.97397 2 
24.373 25.816 7.15543 1.05564 2 
26.939 25.816 7.17701 1.14184 2 
29.504 25.816 7.22043 1.06673 2 
32.070 25.816 7.16582 1.07543 2 
34.636 25.816 7.43498 1.28877 2 
37.201 25.816 7.54424 0.99229 2 
39.767 25.816 7.80301 1.06337 2 
42.332 25.816 7.64353 1.09448 2 
44.898 25.816 7.81171 1.34841 2 
47.464 25.816 7.82061 0.94401 2 
50.029 25.816 7.89313 1.11334 2 
52.595 25.816 7.84722 1.22513 2 
55.160 25.816 7.99615 1.21990 2 
57.726 25.816 8.48901 1.17199 2 
60.292 25.816 8.06155 1.07536 2 
62.857 25.816 8.31708 1.06539 2 
65.423 25.816 8.46409 1.08476 2 
67.988 25.816 8.54186 1.07157 2 
70.554 25.816 8.63255 1.07019 2 
73.120 25.816 8.52064 0.84607 2 
75.685 25.816 8.75429 0.71667 2 
78.251 25.816 8.85568 0.89450 2 
80.816 25.816 8.67754 0.63148 2 
83.382 25.816 0.00000 0.00000 0 
85.948 25.816 9.01160 0.63762 2 
88.513 25.816 8.90184 0.49578 2 
91.079 25.816 8.94589 0.26113 2 
93.644 25.816 9.21432 0.20173 2 
96.210 25.816 9.07010 0.12366 2 
98.776 25.816 8.99742 0.00919 2 
101.341 25.816 9.06590 -0.03547 2 
103.907 25.816 9.26466 -0.08736 2 
106.472 25.816 9.15650 -0.33253 2 
109.038 25.816 9.26262 -0.25969 2 
111.603 25.816 9.53227 -0.59514 2 
114.169 25.816 9.22499 -0.85383 2 
116.735 25.816 9.59312 -0.97013 2 
119.300 25.816 0.00000 -0.00000 0 
-8.980 23.251 6.99270 0.24337 2 
-6.414 23.251 6.91698 0.20829 2 
-3.848 23.251 6.84982 0.27545 2 
-1.283 23.251 6.92200 0.35722 2 
1.283 23.251 6.82281 0.49195 2 
3.848 23.251 7.15847 0.53636 2 
6.414 23.251 0.00000 -0.00000 0 
8.980 23.251 0.00000 -0.00000 0 
11.545 23.251 0.00000 -0.00000 0 
14.111 23.251 0.00000 -0.00000 0 
16.676 23.251 3.80086 0.58233 2 
19.242 23.251 7.60171 1.16465 2 
21.808 23.251 7.00547 0.91514 2 
24.373 23.251 7.07752 1.09225 2 
26.939 23.251 7.05263 1.15737 2 
29.504 23.251 7.39379 1.10410 2 
32.070 23.251 7.43677 1.21596 2 
34.636 23.251 7.26110 1.20157 2 
37.201 23.251 7.62150 1.17155 2 
39.767 23.251 7.54824 1.30080 2 
42.332 23.251 7.62693 1.35999 2 
44.898 23.251 7.76623 1.27138 2 
47.464 23.251 7.92074 1.23524 2 
50.029 23.251 7.93582 1.33353 2 
52.595 23.251 8.18512 1.28908 2 
55.160 23.251 8.04501 1.14540 2 
57.726 23.251 8.14160 1.04417 2 
60.292 23.251 8.49599 1.23753 2 
62.857 23.251 8.44678 1.08299 2 
65.423 23.251 8.29322 1.05208 2 
67.988 23.251 8.02663 1.02916 2 
70.554 23.251 8.85424 0.79916 2 
73.120 23.251 8.74792 1.02575 2 
75.685 23.251 8.80643 0.96205 2 
78.251 23.251 9.05722 0.77428 2 
80.816 23.251 8.83285 0.70665 2 
83.382 23.251 0.00000 0.00000 0 
85.948 23.251 7.51977 0.61914 2 
88.513 23.251 9.59785 0.43389 2 
91.079 23.251 9.58718 0.34586 2 
93.644 23.251 9.02787 0.45534 2 
96.210 23.251 9.19540 0.02094 2 
98.776 23.251 9.13559 0.03081 2 
101.341 23.251 9.13684 0.17750 2 
103.907 23.251 9.35417 0.18102 2 
106.472 23.251 9.35506 0.02268 2 
109.038 23.251 9.46230 -0.37791 2 
111.603 23.251 9.72182 -0.62396 2 
114.169 23.251 9.65796 -0.96962 2 
116.735 23.251 10.04879 -1.26804 2 
119.300 23.251 0.00000 -0.00000 0 
-8.980 20.685 6.98608 0.08518 2 
-6.414 20.685 6.86992 0.16920 2 
-3.848 20.685 6.85025 0.18217 2 
-1.283 20.685 6.89177 0.44330 2 
1.283 20.685 6.65773 0.37626 2 
3.848 20.685 7.24035 0.60112 2 
6.414 20.685 0.00000 -0.00000 0 
8.980 20.685 0.00000 -0.00000 0 
11.545 20.685 0.00000 -0.00000 0 
14.111 20.685 0.00000 -0.00000 0 
16.676 20.685 3.65499 0.40003 2 
19.242 20.685 7.30998 0.80006 2 
21.808 20.685 6.92655 1.05217 2 
24.373 20.685 7.13649 1.13361 2 
26.939 20.685 7.17412 1.15868 2 
29.504 20.685 7.19446 1.35918 2 
32.070 20.685 7.34558 1.32174 2 
34.636 20.685 7.41436 1.19995 2 
37.201 20.685 7.63172 1.28655 2 
39.767 20.685 7.49595 1.24383 2 
42.332 20.685 7.65923 1.18984 2 
44.898 20.685 7.68330 1.29806 2 
47.464 20.685 7.80208 1.41361 2 
50.029 20.685 8.01896 1.14560 2 
52.595 20.685 8.08794 1.35175 2 
55.160 20.685 8.01411 1.41075 2 
57.726 20.685 8.25159 1.22026 2 
60.292 20.685 8.30830 1.30553 2 
62.857 20.685 8.41463 1.18329 2 
65.423 20.685 7.62291 1.09943 2 
67.988 20.685 7.51139 0.98676 2 
70.554 20.685 8.58996 1.25184 2 
73.120 20.685 4.37396 0.51288 2 
75.685 20.685 9.06043 1.10530 2 
78.251 20.685 8.83370 1.11343 2 
80.816 20.685 8.98815 0.78183 2 
83.382 20.685 0.00000 0.00000 0 
85.948 20.685 0.00000 0.00000 0 
88.513 20.685 0.00000 0.00000 0 
91.079 20.685 7.78692 -0.15964 2 
93.644 20.685 9.51626 0.02985 2 
96.210 20.685 9.01206 0.11800 2 
98.776 20.685 9.40486 0.20973 2 
101.341 20.685 9.09086 -0.09297 2 
103.907 20.685 9.21985 0.05080 2 
106.472 20.685 9.55826 0.03443 2 
109.038 20.685 10.01840 0.47440 2 
111.603 20.685 10.24228 -0.59914 2 
114.169 20.685 10.73546 -1.04683 2 
116.735 20.685 10.50447 -1.56595 2 
119.300 20.685 0.00000 -0.00000 0 
-8.980 18.120 6.75724 0.09858 2 
-6.414 18.120 6.81521 0.07803 2 
-3.848 18.120 6.73493 0.17043 2 
-1.283 18.120 6.68664 0.37776 2 
1.283 18.120 6.65537 0.43631 2 
3.848 18.120 6.65817 0.52568 2 
6.414 18.120 0.00000 -0.00000 0 
8.980 18.120 0.00000 -0.00000 0 
11.545 18.120 0.00000 -0.00000 0 
14.111 18.120 0.00000 -0.00000 0 
16.676 18.120 3.68950 0.52063 2 
19.242 18.120 7.37899 1.04127 2 
21.808 18.120 6.99980 1.09810 2 
24.373 18.120 7.12642 1.10801 2 
26.939 18.120 7.25503 1.32896 2 
29.504 18.120 7.20007 1.38732 2 
32.070 18.120 7.42153 1.27101 2 
34.636 18.120 7.27633 1.42831 2 
37.201 18.120 7.46206 1.43018 2 
39.767 18.120 7.55818 1.45179 2 
42.332 18.120 7.64110 1.21454 2 
44.898 18.120 7.75857 1.49007 2 
47.464 18.120 7.97924 1.45088 2 
50.029 18.120 7.81051 1.50886 2 
52.595 18.120 8.05010 1.40134 2 
55.160 18.120 8.32630 1.27913 2 
57.726 18.120 8.54731 1.22468 2 
60.292 18.120 8.51738 1.10239 2 
62.857 18.120 8.45666 1.58812 2 
65.423 18.120 6.95260 1.14679 2 
67.988 18.120 0.00000 -0.00000 0 
70.554 18.120 0.00000 -0.00000 0 
73.120 18.120 0.00000 -0.00000 0 
75.685 18.120 0.00000 -0.00000 0 
78.251 18.120 0.00000 -0.00000 0 
80.816 18.120 0.00000 -0.00000 0 
83.382 18.120 0.00000 -0.00000 0 
85.948 18.120 2.06166 0.54774 2 
88.513 18.120 2.98588 0.30702 2 
91.079 18.120 10.56919 -0.11422 2 
93.644 18.120 10.44986 -0.31447 2 
96.210 18.120 9.37459 -0.05371 2 
98.776 18.120 9.71940 0.23207 2 
101.341 18.120 9.36947 -0.21769 2 
103.907 18.120 8.52656 0.62149 2 
106.472 18.120 8.51822 -1.08578 2 
109.038 18.120 6.96726 1.80655 2 
111.603 18.120 9.14703 -1.63157 2 
114.169 18.120 7.87455 2.47793 2 
116.735 18.120 9.71778 -1.36912 2 
119.300 18.120 0.16444 0.68662 1 
-8.980 15.554 6.90769 0.01769 2 
-6.414 15.554 6.71996 0.07548 2 
-3.848 15.554 6.76212 0.13032 2 
-1.283 15.554 6.54703 0.18671 2 
1.283 15.554 6.60358 0.38518 2 
3.848 15.554 6.56548 0.59075 2 
6.414 15.554 0.00000 -0.00000 0 
8.980 15.554 0.00000 -0.00000 0 
11.545 15.554 0.00000 -0.00000 0 
14.111 15.554 0.00000 -0.00000 0 
16.676 15.554 0.33614 0.91097 2 
19.242 15.554 7.13789 1.17937 2 
21.808 15.554 6.86563 1.20082 2 
24.373 15.554 7.05015 1.39581 2 
26.939 15.554 7.13286 1.40350 2 
29.504 15.554 7.14236 1.57338 2 
32.070 15.554 7.30029 1.56059 2 
34.636 15.554 7.36942 1.45372 2 
37.201 15.554 7.41020 1.59515 2 
39.767 15.554 7.58250 1.47902 2 
42.332 15.554 7.84949 1.67597 2 
44.898 15.554 8.20728 1.47282 2 
47.464 15.554 7.83890 1.40045 2 
50.029 15.554 7.96887 1.49359 2 
52.595 15.554 8.34124 1.48038 2 
55.160 15.554 0.00000 -0.00000 0 
57.726 15.554 0.00000 -0.00000 0 
60.292 15.554 0.00000 -0.00000 0 
62.857 15.554 0.00000 -0.00000 0 
65.423 15.554 0.00000 -0.00000 0 
67.988 15.554 0.00000 -0.00000 0 
70.554 15.554 0.00000 -0.00000 0 
73.120 15.554 0.00000 -0.00000 0 
75.685 15.554 0.00000 -0.00000 0 
78.251 15.554 0.00000 -0.00000 0 
80.816 15.554 -0.41142 0.00570 2 
83.382 15.554 0.20190 0.29101 2 
85.948 15.554 -0.07201 0.05455 2 
88.513 15.554 -0.30838 0.33126 2 
91.079 15.554 -0.56771 -0.44084 2 
93.644 15.554 4.11121 0.56076 2 
96.210 15.554 0.18215 -0.05529 2 
98.776 15.554 1.36180 1.44884 2 
101.341 15.554 4.27102 0.80074 2 
103.907 15.554 3.94755 1.30163 2 
106.472 15.554 5.54207 0.27088 2 
109.038 15.554 2.20337 1.57956 2 
111.603 15.554 2.16309 -0.48537 2 
114.169 15.554 6.07379 3.73817 2 
116.735 15.554 4.69249 1.28581 2 
119.300 15.554 0.08666 0.22813 2 
-8.980 12.988 6.87084 -0.01430 2 
-6.414 12.988 6.65462 -0.04689 2 
-3.848 12.988 6.62401 0.10877 2 
-1.283 12.988 6.51740 0.14785 2 
1.283 12.988 6.36356 0.28002 2 
3.848 12.988 6.51717 0.47368 2 
6.414 12.988 0.00000 -0.00000 0 
8.980 12.988 0.00000 -0.00000 0 
11.545 12.988 0.00000 -0.00000 0 
14.111 12.988 0.00000 -0.00000 0 
16.676 12.988 3.48151 0.69830 2 
19.242 12.988 6.96303 1.39660 2 
21.808 12.988 6.89375 1.46267 2 
24.373 12.988 6.92072 1.53101 2 
26.939 12.988 6.80635 1.58702 2 
29.504 12.988 7.27028 1.73856 2 
32.070 12.988 7.54993 1.68440 2 
34.636 12.988 7.64543 1.62392 2 
37.201 12.988 7.72356 1.76553 2 
39.767 12.988 7.97917 1.69078 2 
42.332 12.988 0.00000 -0.00000 0 
44.898 12.988 0.00000 -0.00000 0 
47.464 12.988 0.00000 -0.00000 0 
50.029 12.988 0.00000 -0.00000 0 
52.595 12.988 0.00000 -0.00000 0 
55.160 12.988 0.00000 -0.00000 0 
57.726 12.988 0.00000 -0.00000 0 
60.292 12.988 0.00000 -0.00000 0 
62.857 12.988 0.00000 -0.00000 0 
65.423 12.988 0.00000 -0.00000 0 
67.988 12.988 0.00000 -0.00000 0 
70.554 12.988 0.00000 -0.00000 0 
73.120 12.988 0.00000 -0.00000 0 
75.685 12.988 -0.90165 -0.14710 2 
78.251 12.988 -1.35248 -0.22065 2 
80.816 12.988 -1.52771 0.15571 2 
83.382 12.988 -1.48312 -0.02135 2 
85.948 12.988 -0.76489 0.20529 2 
88.513 12.988 -0.56871 -0.05816 2 
91.079 12.988 -1.39807 0.68892 2 
93.644 12.988 -2.22743 1.43600 2 
96.210 12.988 -3.01427 1.06464 2 
98.776 12.988 -0.53857 1.45500 2 
101.341 12.988 -0.82744 1.81917 2 
103.907 12.988 -0.63145 1.98177 2 
106.472 12.988 2.56592 1.62753 2 
109.038 12.988 2.21347 1.08036 2 
111.603 12.988 3.35844 4.74816 2 
114.169 12.988 2.82607 3.95606 2 
116.735 12.988 2.29369 3.16395 2 
119.300 12.988 -0.01623 0.94210 2 
-8.980 10.423 6.68740 -0.36062 2 
-6.414 10.423 6.47687 0.00810 2 
-3.848 10.423 6.40689 -0.08422 2 
-1.283 10.423 6.28174 0.13924 2 
1.283 10.423 6.26462 0.10785 2 
3.848 10.423 6.46886 0.35662 2 
6.414 10.423 1.57083 0.06131 2 
8.980 10.423 0.00000 -0.00000 0 
11.545 10.423 0.00000 -0.00000 0 
14.111 10.423 0.00000 -0.00000 0 
16.676 10.423 2.78521 0.55864 2 
19.242 10.423 4.64202 0.93107 2 
21.808 10.423 7.02833 1.59580 2 
24.373 10.423 7.27623 1.77450 2 
26.939 10.423 7.14277 2.15367 2 
29.504 10.423 7.46534 1.54090 2 
32.070 10.423 0.00000 -0.00000 0 
34.636 10.423 0.00000 -0.00000 0 
37.201 10.423 0.00000 -0.00000 0 
39.767 10.423 0.00000 -0.00000 0 
42.332 10.423 0.00000 -0.00000 0 
44.898 10.423 0.00000 -0.00000 0 
47.464 10.423 0.00000 -0.00000 0 
50.029 10.423 0.00000 -0.00000 0 
52.595 10.423 0.00000 -0.00000 0 
55.160 10.423 0.00000 -0.00000 0 
57.726 10.423 0.00000 -0.00000 0 
60.292 10.423 0.00000 -0.00000 0 
62.857 10.423 0.00000 -0.00000 0 
65.423 10.423 0.00000 -0.00000 0 
67.988 10.423 -1.38457 -0.35311 2 
70.554 10.423 -1.29320 -0.49695 2 
73.120 10.423 -1.42280 -0.22147 2 
75.685 10.423 -1.45461 -0.33908 2 
78.251 10.423 -1.59329 -0.21012 2 
80.816 10.423 -1.75276 0.12793 2 
83.382 10.423 -1.48187 -0.02124 2 
85.948 10.423 -1.45778 0.35604 2 
88.513 10.423 -1.65675 0.23441 2 
91.079 10.423 -0.98919 0.29373 2 
93.644 10.423 -0.32162 0.35306 2 
96.210 10.423 -2.14360 0.67291 2 
98.776 10.423 -2.43894 1.46116 2 
101.341 10.423 -1.46480 1.62043 2 
103.907 10.423 -1.53677 2.07383 2 
106.472 10.423 0.24623 1.63373 2 
109.038 10.423 0.38017 2.85185 2 
111.603 10.423 0.86148 5.39722 2 
114.169 10.423 1.16065 4.37709 2 
116.735 10.423 1.75961 3.63902 2 
119.300 10.423 -0.13806 1.90789 2 
-8.980 7.857 6.71596 -0.30949 2 
-6.414 7.857 6.58513 -0.30602 2 
-3.848 7.857 6.33870 -0.21569 2 
-1.283 7.857 6.33077 -0.08468 2 
1.283 7.857 5.97240 -0.09096 2 
3.848 7.857 6.28330 0.24524 2 
6.414 7.857 3.14165 0.12262 2 
8.980 7.857 0.00000 -0.00000 0 
11.545 7.857 0.00000 -0.00000 0 
14.111 7.857 0.00000 -0.00000 2 
16.676 7.857 1.39261 0.27932 2 
19.242 7.857 2.32101 0.46553 2 
21.808 7.857 0.00000 -0.00000 0 
24.373 7.857 0.00000 -0.00000 0 
26.939 7.857 0.00000 -0.00000 0 
29.504 7.857 0.00000 -0.00000 0 
32.070 7.857 0.00000 -0.00000 0 
34.636 7.857 0.00000 -0.00000 0 
37.201 7.857 0.00000 -0.00000 0 
39.767 7.857 0.00000 -0.00000 0 
42.332 7.857 0.00000 -0.00000 0 
44.898 7.857 0.00000 -0.00000 0 
47.464 7.857 0.00000 -0.00000 0 
50.029 7.857 0.00000 -0.00000 0 
52.595 7.857 0.00000 -0.00000 0 
55.160 7.857 0.00000 -0.00000 0 
57.726 7.857 0.00000 -0.00000 0 
60.292 7.857 -0.06089 -0.03996 2 
62.857 7.857 -2.29815 -0.54765 2 
65.423 7.857 -2.19656 -0.73465 2 
67.988 7.857 -2.76915 -0.70622 2 
70.554 7.857 -2.80737 -0.57458 2 
73.120 7.857 -2.84560 -0.44295 2 
75.685 7.857 -1.65886 -0.57596 2 
78.251 7.857 -1.81833 -0.23791 2 
80.816 7.857 -1.97780 0.10014 2 
83.382 7.857 -2.72081 0.19848 2 
85.948 7.857 -1.38178 0.49714 2 
88.513 7.857 -2.46027 0.44035 2 
91.079 7.857 -2.24480 0.67128 2 
93.644 7.857 -2.18968 1.03876 2 
96.210 7.857 -1.27293 0.28119 2 
98.776 7.857 -2.07650 0.80373 2 
101.341 7.857 -2.10216 1.42169 2 
103.907 7.857 -2.12781 2.03964 2 
106.472 7.857 -0.98411 2.53848 2 
109.038 7.857 0.15960 3.03731 2 
111.603 7.857 0.59867 4.10985 2 
114.169 7.857 0.32677 4.57009 2 
116.735 7.857 1.22552 4.11409 2 
119.300 7.857 -0.25989 2.87368 2 
-8.980 5.292 6.67024 -0.33467 2 
-6.414 5.292 6.53466 -0.48236 2 
-3.848 5.292 6.41851 -0.32532 2 
-1.283 5.292 6.12477 -0.33759 2 
1.283 5.292 5.92248 -0.21969 2 
3.848 5.292 6.02069 -0.00486 2 
6.414 5.292 1.57083 0.06131 2 
8.980 5.292 0.00000 -0.00000 0 
11.545 5.292 0.00000 -0.00000 0 
14.111 5.292 0.00000 -0.00000 0 
16.676 5.292 0.00000 -0.00000 0 
19.242 5.292 0.00000 -0.00000 0 
21.808 5.292 0.00000 -0.00000 0 
24.373 5.292 0.00000 -0.00000 0 
26.939 5.292 0.00000 -0.00000 0 
29.504 5.292 0.00000 -0.00000 0 
32.070 5.292 0.00000 -0.00000 0 
34.636 5.292 0.00000 -0.00000 0 
37.201 5.292 0.00000 -0.00000 0 
39.767 5.292 0.00000 -0.00000 0 
42.332 5.292 0.00000 -0.00000 0 
44.898 5.292 0.00000 -0.00000 0 
47.464 5.292 0.00000 -0.00000 0 
50.029 5.292 0.00000 -0.00000 0 
52.595 5.292 0.15893 -0.22447 2 
55.160 5.292 -0.19292 -0.12595 2 
57.726 5.292 -2.44914 -0.72705 2 
60.292 5.292 -2.18733 -1.23251 2 
62.857 5.292 -3.29619 -1.21653 2 
65.423 5.292 -3.11106 -0.77851 2 
67.988 5.292 -2.61088 -1.16698 2 
70.554 5.292 -2.91175 -0.64317 2 
73.120 5.292 -3.21261 -0.11936 2 
75.685 5.292 -2.43870 0.10838 2 
78.251 5.292 -2.32078 0.09037 2 
80.816 5.292 -2.20285 0.07236 2 
83.382 5.292 -1.74291 0.46870 2 
85.948 5.292 -1.30578 0.63824 2 
88.513 5.292 -3.26379 0.64630 2 
91.079 5.292 -2.88796 0.74068 2 
93.644 5.292 -1.90333 0.27795 2 
96.210 5.292 -1.47382 0.04904 2 
98.776 5.292 -1.98821 1.27266 2 
101.341 5.292 -2.08794 1.49388 2 
103.907 5.292 -2.11296 3.25677 2 
106.472 5.292 -0.89318 2.92577 2 
109.038 5.292 0.32661 2.59477 2 
111.603 5.292 0.33586 2.82247 2 
114.169 5.292 0.18423 4.84177 2 
116.735 5.292 -0.07034 3.96288 2 
119.300 5.292 -0.38172 3.83948 2 
-8.980 2.726 6.70122 -0.56943 2 
-6.414 2.726 6.55989 -0.52472 2 
-3.848 2.726 6.31123 -0.59357 2 
-1.283 2.726 6.15351 -0.49222 2 
1.283 2.726 6.09221 -0.47388 2 
3.848 2.726 6.29470 -0.18786 2 
6.414 2.726 0.00000 -0.00000 0 
8.980 2.726 0.00000 -0.00000 0 
11.545 2.726 0.00000 -0.00000 0 
14.111 2.726 0.00000 -0.00000 0 
16.676 2.726 0.00000 -0.00000 0 
19.242 2.726 0.00000 -0.00000 0 
21.808 2.726 0.00000 -0.00000 0 
24.373 2.726 0.00000 -0.00000 0 
26.939 2.726 0.00000 -0.00000 0 
29.504 2.726 0.00000 -0.00000 0 
32.070 2.726 0.00000 -0.00000 0 
34.636 2.726 0.00000 -0.00000 0 
37.201 2.726 0.00000 -0.00000 0 
39.767 2.726 0.00000 -0.00000 0 
42.332 2.726 0.00000 -0.00000 0 
44.898 2.726 0.00000 -0.00000 0 
47.464 2.726 -1.07526 -0.56923 2 
50.029 2.726 -0.69547 -0.24009 2 
52.595 2.726 -1.74326 -0.73084 2 
55.160 2.726 -1.26159 -0.49201 2 
57.726 2.726 -3.15205 -1.21003 2 
60.292 2.726 -2.61959 -1.48081 2 
62.857 2.726 -1.88664 -1.29494 2 
65.423 2.726 -2.21309 -0.86947 2 
67.988 2.726 -1.60482 -0.58863 2 
70.554 2.726 -0.51573 -0.25121 2 
73.120 2.726 0.50181 -0.25616 2 
75.685 2.726 -1.93677 0.11550 2 
78.251 2.726 -2.67112 -0.24705 2 
80.816 2.726 -2.36405 0.78307 2 
83.382 2.726 -1.13580 -0.34489 2 
85.948 2.726 -3.04857 1.09524 2 
88.513 2.726 -4.06732 0.85224 2 
91.079 2.726 -3.53112 0.81008 2 
93.644 2.726 -2.98621 0.94399 2 
96.210 2.726 -1.38303 0.22684 2 
98.776 2.726 -1.89991 1.74159 2 
101.341 2.726 -1.23084 3.59780 2 
103.907 2.726 -1.91492 3.89741 2 
106.472 2.726 -2.60045 2.70705 2 
109.038 2.726 -1.92060 3.42046 2 
111.603 2.726 -1.21284 3.01553 2 
114.169 2.726 -1.30452 4.03063 2 
116.735 2.726 -0.54508 4.20356 2 
119.300 2.726 -0.50355 4.80527 2 
-8.980 0.160 6.53863 -0.57619 2 
-6.414 0.160 6.54179 -0.77785 2 
-3.848 0.160 6.36599 -0.66440 2 
-1.283 0.160 6.47452 -0.80777 2 
1.283 0.160 5.24220 -0.60721 2 
3.848 0.160 0.00000 -0.00000 0 
6.414 0.160 0.00000 -0.00000 0 
8.980 0.160 0.00000 -0.00000 0 
11.545 0.160 0.00000 -0.00000 0 
14.111 0.160 0.00000 -0.00000 0 
16.676 0.160 0.00000 -0.00000 0 
19.242 0.160 0.00000 -0.00000 0 
21.808 0.160 0.00000 -0.00000 0 
24.373 0.160 0.00000 -0.00000 0 
26.939 0.160 0.00000 -0.00000 0 
29.504 0.160 0.00000 -0.00000 0 
32.070 0.160 0.00000 -0.00000 0 
34.636 0.160 0.00000 -0.00000 0 
37.201 0.160 0.00000 -0.00000 0 
39.767 0.160 -0.70828 -0.26753 2 
42.332 0.160 -1.59940 -0.31274 2 
44.898 0.160 -2.72003 -0.80809 2 
47.464 0.160 -2.15051 -1.13845 2 
50.029 0.160 -2.67836 -0.76827 2 
52.595 0.160 -2.33348 -1.12562 2 
55.160 0.160 -2.33026 -0.85806 2 
57.726 0.160 -1.10579 -1.03348 2 
60.292 0.160 -1.68444 -1.39598 2 
62.857 0.160 -0.47709 -1.37336 2 
65.423 0.160 1.10150 -0.27840 2 
67.988 0.160 0.60078 -0.64544 2 
70.554 0.160 0.73176 -0.67642 2 
73.120 0.160 -0.03667 -0.19403 2 
75.685 0.160 -0.62842 -0.44264 2 
78.251 0.160 -0.62059 -0.30939 2 
80.816 0.160 -1.08078 1.17016 2 
83.382 0.160 -0.77019 -0.65069 2 
85.948 0.160 -1.39290 0.02242 2 
88.513 0.160 -2.01561 0.69553 2 
91.079 0.160 -1.33871 0.97575 2 
93.644 0.160 -2.04087 1.25158 2 
96.210 0.160 -1.29223 0.40465 2 
98.776 0.160 -0.83027 1.10333 2 
101.341 0.160 0.10561 2.02369 2 
103.907 0.160 1.23688 3.58997 2 
106.472 0.160 0.20581 2.83919 2 
109.038 0.160 -0.37393 3.46138 2 
111.603 0.160 -1.13042 3.06343 2 
114.169 0.160 -0.75518 3.65395 2 
116.735 0.160 -1.01982 4.44424 2 
119.300 0.160 -0.25909 3.79075 2 
-8.980 -2.405 6.97837 -0.70519 2 
-6.414 -2.405 6.58191 -0.78116 2 
-3.848 -2.405 6.40501 -0.83878 2 
-1.283 -2.405 6.36741 -0.85438 2 
1.283 -2.405 0.00000 -0.00000 0 
3.848 -2.405 0.00000 -0.00000 0 
6.414 -2.405 0.00000 -0.00000 0 
8.980 -2.405 0.00000 -0.00000 0 
11.545 -2.405 0.00000 -0.00000 0 
14.111 -2.405 0.00000 -0.00000 0 
16.676 -2.405 0.00000 -0.00000 0 
19.242 -2.405 0.00000 -0.00000 0 
21.808 -2.405 0.00000 -0.00000 0 
24.373 -2.405 0.00000 -0.00000 0 
26.939 -2.405 0.00000 -0.00000 0 
29.504 -2.405 0.00000 -0.00000 0 
32.070 -2.405 -0.81876 -0.16804 2 
34.636 -2.405 0.42439 0.19478 2 
37.201 -2.405 -1.43066 -0.31185 2 
39.767 -2.405 -1.41655 -0.53507 2 
42.332 -2.405 -2.51302 -1.11174 2 
44.898 -2.405 -2.91835 -1.17850 2 
47.464 -2.405 -3.12670 -1.25276 2 
50.029 -2.405 -2.13201 -0.79448 2 
52.595 -2.405 -1.45504 -0.74630 2 
55.160 -2.405 -0.34156 -0.76388 2 
57.726 -2.405 -0.89126 -0.51073 2 
60.292 -2.405 -0.00951 -0.01072 2 
62.857 -2.405 0.45238 -0.32400 2 
65.423 -2.405 0.18450 0.03804 2 
67.988 -2.405 0.89458 -0.32922 2 
70.554 -2.405 0.61688 -0.37453 2 
73.120 -2.405 0.96144 -0.45493 2 
75.685 -2.405 0.37145 0.65134 2 
78.251 -2.405 1.85834 0.43014 2 
80.816 -2.405 2.51689 0.68686 2 
83.382 -2.405 0.10244 -0.57619 2 
85.948 -2.405 0.37073 0.10245 2 
88.513 -2.405 -0.00400 1.82599 2 
91.079 -2.405 0.67815 1.81276 2 
93.644 -2.405 0.69234 1.14029 2 
96.210 -2.405 -0.01548 0.92392 2 
98.776 -2.405 -0.02745 1.40092 2 
101.341 -2.405 1.85460 4.02281 2 
103.907 -2.405 2.16989 3.46989 2 
106.472 -2.405 3.01208 2.97134 2 
109.038 -2.405 1.17275 3.50230 2 
111.603 -2.405 -0.68292 3.72139 2 
114.169 -2.405 0.26108 2.85270 2 
116.735 -2.405 -0.64344 3.84276 2 
119.300 -2.405 -0.01464 2.77624 2 
-8.980 -4.971 6.88153 -0.89475 2 
-6.414 -4.971 6.85562 -0.89305 2 
-3.848 -4.971 6.37986 -0.99164 2 
-1.283 -4.971 6.35910 -1.16452 2 
1.283 -4.971 0.00000 -0.00000 0 
3.848 -4.971 0.00000 -0.00000 0 
6.414 -4.971 0.00000 -0.00000 0 
8.980 -4.971 0.00000 -0.00000 0 
11.545 -4.971 0.00000 -0.00000 0 
14.111 -4.971 0.00000 -0.00000 0 
16.676 -4.971 0.00000 -0.00000 0 
19.242 -4.971 0.00000 -0.00000 0 
21.808 -4.971 0.00000 -0.00000 0 
24.373 -4.971 -0.62059 -0.08245 2 
26.939 -4.971 -1.26854 -0.30599 2 
29.504 -4.971 -1.38522 -0.38377 2 
32.070 -4.971 -1.63752 -0.33607 2 
34.636 -4.971 -2.61967 -0.41654 2 
37.201 -4.971 -2.17419 -0.60060 2 
39.767 -4.971 -2.23821 -1.24510 2 
42.332 -4.971 -2.28242 -1.26253 2 
44.898 -4.971 -3.11667 -1.54892 2 
47.464 -4.971 -3.28482 -1.71026 2 
50.029 -4.971 -3.16569 -1.28398 2 
52.595 -4.971 -1.38553 -1.23122 2 
55.160 -4.971 -0.89554 -1.02022 2 
57.726 -4.971 -0.67673 0.01202 2 
60.292 -4.971 0.77462 0.80589 2 
62.857 -4.971 0.99219 0.65799 2 
65.423 -4.971 1.27997 0.29978 2 
67.988 -4.971 1.34529 0.50407 2 
70.554 -4.971 1.09051 -0.42905 2 
73.120 -4.971 0.86686 0.20530 2 
75.685 -4.971 2.17773 0.73838 2 
78.251 -4.971 2.31844 0.78993 2 
80.816 -4.971 1.23847 1.36729 2 
83.382 -4.971 0.97507 -0.50169 2 
85.948 -4.971 1.88638 -0.86797 2 
88.513 -4.971 0.97049 1.20607 2 
91.079 -4.971 1.34663 1.41859 2 
93.644 -4.971 3.51533 1.74171 2 
96.210 -4.971 1.96476 1.17918 2 
98.776 -4.971 1.61976 1.42609 2 
101.341 -4.971 2.33062 3.45847 2 
103.907 -4.971 1.97285 3.69808 2 
106.472 -4.971 1.98533 4.31484 2 
109.038 -4.971 0.99323 1.93470 2 
111.603 -4.971 2.21304 2.56838 2 
114.169 -4.971 0.23297 3.64945 2 
116.735 -4.971 0.93914 3.54004 2 
119.300 -4.971 0.13092 2.49936 2 
-8.980 -7.536 6.82642 -0.99604 2 
-6.414 -7.536 6.90092 -1.08821 2 
-3.848 -7.536 6.74656 -1.06650 2 
-1.283 -7.536 6.63553 -1.41665 2 
1.283 -7.536 6.18760 -1.67508 2 
3.848 -7.536 0.00000 -0.00000 0 
6.414 -7.536 5.27786 -2.53902 2 
8.980 -7.536 6.54038 -3.55485 2 
11.545 -7.536 5.96561 -3.27616 2 
14.111 -7.536 4.52689 -1.73240 2 
16.676 -7.536 -0.68211 0.16969 2 
19.242 -7.536 -1.34397 0.20701 2 
21.808 -7.536 -1.19570 -0.48202 2 
24.373 -7.536 -1.52066 -0.52412 2 
26.939 -7.536 -2.49967 -0.66275 2 
29.504 -7.536 -1.33579 -0.64311 2 
32.070 -7.536 -2.37585 -0.39841 2 
34.636 -7.536 -2.05185 0.06514 2 
37.201 -7.536 -1.52566 -0.88419 2 
39.767 -7.536 -2.69472 -1.10074 2 
42.332 -7.536 -2.73755 -1.05972 2 
44.898 -7.536 -2.84220 -1.48266 2 
47.464 -7.536 -1.89510 -1.74785 2 
50.029 -7.536 -2.50531 -1.79512 2 
52.595 -7.536 0.04042 -0.69722 2 
55.160 -7.536 -1.26567 -0.91041 2 
57.726 -7.536 -1.42969 0.00137 2 
60.292 -7.536 0.06996 0.09662 2 
62.857 -7.536 0.73947 0.48995 2 
65.423 -7.536 1.24135 -0.03080 2 
67.988 -7.536 1.67758 0.01174 2 
70.554 -7.536 1.68384 0.19161 2 
73.120 -7.536 1.53700 0.90079 2 
75.685 -7.536 1.47670 1.18026 2 
78.251 -7.536 2.19153 0.83074 2 
80.816 -7.536 2.80087 0.89803 2 
83.382 -7.536 1.59626 0.33870 2 
85.948 -7.536 1.18284 0.12179 2 
88.513 -7.536 2.35604 1.91273 2 
91.079 -7.536 2.18976 2.11385 2 
93.644 -7.536 1.90304 1.76764 2 
96.210 -7.536 3.94499 1.43444 2 
98.776 -7.536 3.60551 0.88377 2 
101.341 -7.536 3.05984 0.53455 2 
103.907 -7.536 1.48453 2.54513 2 
106.472 -7.536 2.23766 2.85756 2 
109.038 -7.536 1.24151 2.41728 2 
111.603 -7.536 2.21426 2.74986 2 
114.169 -7.536 0.42933 2.25802 2 
116.735 -7.536 2.52173 3.23731 2 
119.300 -7.536 0.27647 2.22248 2 
-8.980 -10.102 7.02534 -0.97275 2 
-6.414 -10.102 6.94602 -0.95725 2 
-3.848 -10.102 6.87790 -1.25481 2 
-1.283 -10.102 6.86255 -1.51715 2 
1.283 -10.102 6.84246 -1.81983 2 
3.848 -10.102 6.95742 -2.37182 2 
6.414 -10.102 7.07454 -2.74144 2 
8.980 -10.102 6.99158 -3.15752 2 
11.545 -10.102 8.14562 -3.45510 2 
14.111 -10.102 9.05379 -3.46481 2 
16.676 -10.102 9.21070 -3.23901 2 
19.242 -10.102 4.03162 -1.12339 2 
21.808 -10.102 0.89143 -0.92541 2 
24.373 -10.102 4.15377 -1.30891 2 
26.939 -10.102 -2.77963 -0.49996 2 
29.504 -10.102 -1.28635 -0.90246 2 
32.070 -10.102 0.33840 -0.61328 2 
34.636 -10.102 -0.30186 -0.31139 2 
37.201 -10.102 -0.28485 -1.85324 2 
39.767 -10.102 1.44660 -1.58664 2 
42.332 -10.102 0.12343 -1.08273 2 
44.898 -10.102 -1.19975 -0.57882 2 
47.464 -10.102 -0.50539 -1.78544 2 
50.029 -10.102 -0.03132 -0.61512 2 
52.595 -10.102 1.46636 -0.16321 2 
55.160 -10.102 2.96404 0.28870 2 
57.726 -10.102 0.87122 -0.27589 2 
60.292 -10.102 -0.42388 0.92682 2 
62.857 -10.102 0.51460 0.62241 2 
65.423 -10.102 1.20274 -0.36138 2 
67.988 -10.102 2.00987 -0.48059 2 
70.554 -10.102 1.66013 0.21679 2 
73.120 -10.102 1.26459 0.55132 2 
75.685 -10.102 0.89142 -0.95550 2 
78.251 -10.102 3.98768 -0.22899 2 
80.816 -10.102 3.09705 0.13101 2 
83.382 -10.102 4.32690 -0.07147 2 
85.948 -10.102 6.17334 1.82269 2 
88.513 -10.102 4.69181 2.82990 2 
91.079 -10.102 4.26167 3.09466 2 
93.644 -10.102 4.07377 3.10728 2 
96.210 -10.102 3.02138 2.40383 2 
98.776 -10.102 3.19405 0.01508 2 
101.341 -10.102 3.03605 0.36263 2 
103.907 -10.102 3.39007 0.51566 2 
106.472 -10.102 3.20574 1.99672 2 
109.038 -10.102 2.58074 1.89253 2 
111.603 -10.102 3.53793 3.77726 2 
114.169 -10.102 2.72536 3.37607 2 
116.735 -10.102 2.07386 3.23918 2 
119.300 -10.102 0.17925 2.57284 2 
-8.980 -12.668 7.09836 -1.01318 2 
-6.414 -12.668 7.21138 -1.19474 2 
-3.848 -12.668 6.98350 -1.27159 2 
-1.283 -12.668 7.09998 -1.54202 2 
1.283 -12.668 6.99739 -1.82881 2 
3.848 -12.668 7.15542 -1.99928 2 
6.414 -12.668 7.30457 -2.24329 2 
8.980 -12.668 7.44277 -2.76018 2 
11.545 -12.668 7.93400 -2.83291 2 
14.111 -12.668 8.44259 -2.73115 2 
16.676 -12.668 9.04817 -2.58055 2 
19.242 -12.668 9.40722 -2.45380 2 
21.808 -12.668 9.41219 -2.68520 2 
24.373 -12.668 9.82820 -2.09371 2 
26.939 -12.668 9.22861 -0.80404 2 
29.504 -12.668 7.45384 -1.09928 2 
32.070 -12.668 4.19325 -1.78162 2 
34.636 -12.668 3.74552 -0.98878 2 
37.201 -12.668 1.59715 -1.70221 2 
39.767 -12.668 -0.27129 -0.99097 2 
42.332 -12.668 -0.37945 -1.02093 2 
44.898 -12.668 -0.48761 -1.05089 2 
47.464 -12.668 3.42318 -0.13293 2 
50.029 -12.668 7.33397 0.78502 2 
52.595 -12.668 5.75953 0.54883 2 
55.160 -12.668 5.51366 0.88223 2 
57.726 -12.668 3.85988 0.15619 2 
60.292 -12.668 4.22497 0.90486 2 
62.857 -12.668 3.68177 -0.47236 2 
65.423 -12.668 2.89376 0.36268 2 
67.988 -12.668 3.43633 -1.32820 2 
70.554 -12.668 3.26779 -0.87939 2 
73.120 -12.668 0.74148 -1.52387 2 
75.685 -12.668 2.83760 -1.16479 2 
78.251 -12.668 2.75279 -0.41556 2 
80.816 -12.668 5.87617 1.81728 2 
83.382 -12.668 6.52616 1.56406 2 
85.948 -12.668 4.16024 2.30958 2 
88.513 -12.668 4.30002 2.66223 2 
91.079 -12.668 3.87116 3.32585 2 
93.644 -12.668 4.49380 3.08330 2 
96.210 -12.668 4.20833 1.55674 2 
98.776 -12.668 2.65810 1.29524 2 
101.341 -12.668 3.01226 0.19071 2 
103.907 -12.668 4.92315 0.33154 2 
106.472 -12.668 3.96198 -0.57882 2 
109.038 -12.668 4.84667 0.30721 2 
111.603 -12.668 4.61826 0.76353 2 
114.169 -12.668 3.48583 2.00811 2 
116.735 -12.668 4.70472 2.46457 2 
119.300 -12.668 0.08203 2.92319 1 
-8.980 -15.233 7.29163 -1.03601 2 
-6.414 -15.233 7.11620 -1.12574 2 
-3.848 -15.233 7.20222 -1.42908 2 
-1.283 -15.233 7.20197 -1.45075 2 
1.283 -15.233 7.28289 -1.74131 2 
3.848 -15.233 7.23163 -2.05076 2 
6.414 -15.233 7.48997 -2.21715 2 
8.980 -15.233 7.73937 -2.37119 2 
11.545 -15.233 8.22753 -2.44022 2 
14.111 -15.233 8.57712 -2.49305 2 
16.676 -15.233 8.83046 -2.45847 2 
19.242 -15.233 8.95351 -2.26529 2 
21.808 -15.233 9.07752 -2.35668 2 
24.373 -15.233 9.32446 -2.09248 2 
26.939 -15.233 9.69104 -1.84059 2 
29.504 -15.233 9.83911 -1.52501 2 
32.070 -15.233 7.97071 -1.96781 2 
34.636 -15.233 7.79289 -1.66617 2 
37.201 -15.233 7.45360 -0.79854 2 
39.767 -15.233 9.25338 -0.35431 2 
42.332 -15.233 9.71026 -0.61248 2 
44.898 -15.233 8.30612 -0.34179 2 
47.464 -15.233 8.06455 -0.13700 2 
50.029 -15.233 7.82299 0.06779 2 
52.595 -15.233 6.98060 0.57276 2 
55.160 -15.233 8.06329 1.47577 2 
57.726 -15.233 6.84854 0.58826 2 
60.292 -15.233 8.87383 0.88289 2 
62.857 -15.233 7.89600 0.40207 2 
65.423 -15.233 4.36972 -0.12037 2 
67.988 -15.233 4.86751 -0.82099 2 
70.554 -15.233 4.87546 -1.97557 2 
73.120 -15.233 5.45678 -1.22271 2 
75.685 -15.233 7.60315 -1.79716 2 
78.251 -15.233 6.52667 -0.96474 2 
80.816 -15.233 6.21194 -0.52228 2 
83.382 -15.233 6.81598 1.33689 2 
85.948 -15.233 5.72386 0.49950 2 
88.513 -15.233 5.43308 2.76201 2 
91.079 -15.233 3.84378 2.35373 2 
93.644 -15.233 5.91583 3.23867 2 
96.210 -15.233 6.29256 2.07998 2 
98.776 -15.233 7.12092 0.67957 2 
101.341 -15.233 5.73008 0.93528 2 
103.907 -15.233 4.37156 0.24990 2 
106.472 -15.233 4.63438 0.83812 2 
109.038 -15.233 6.42865 -0.45727 2 
111.603 -15.233 6.30376 -0.77809 2 
114.169 -15.233 4.24629 0.64015 2 
116.735 -15.233 3.51239 2.90989 2 
119.300 -15.233 0.00000 -0.00000 0 
-8.980 -17.799 7.31808 -0.92303 2 
-6.414 -17.799 7.12158 -1.11984 2 
-3.848 -17.799 7.48455 -1.28700 2 
-1.283 -17.799 7.33323 -1.39062 2 
1.283 -17.799 7.42359 -1.64245 2 
3.848 -17.799 7.45991 -2.01874 2 
6.414 -17.799 7.61439 -1.84476 2 
8.980 -17.799 7.91961 -2.24076 2 
11.545 -17.799 8.09564 -2.18455 2 
14.111 -17.799 8.52311 -2.28223 2 
16.676 -17.799 8.69889 -2.20107 2 
19.242 -17.799 8.78166 -2.15820 2 
21.808 -17.799 8.87727 -2.16117 2 
24.373 -17.799 9.31836 -1.79336 2 
26.939 -17.799 9.13462 -1.79926 2 
29.504 -17.799 9.32384 -1.67021 2 
32.070 -17.799 9.48126 -1.79113 2 
34.636 -17.799 9.70079 -1.92406 2 
37.201 -17.799 8.54052 -1.01584 2 
39.767 -17.799 9.56525 -0.67292 2 
42.332 -17.799 10.08084 -0.98508 2 
44.898 -17.799 9.71234 -0.81628 2 
47.464 -17.799 9.97233 -0.97040 2 
50.029 -17.799 9.96090 -0.29627 2 
52.595 -17.799 9.89580 -0.35515 2 
55.160 -17.799 9.65089 0.33326 2 
57.726 -17.799 9.62889 -0.12084 2 
60.292 -17.799 9.28714 0.56925 2 
62.857 -17.799 8.52152 0.51100 2 
65.423 -17.799 6.73041 -0.11386 2 
67.988 -17.799 7.90433 -0.07302 2 
70.554 -17.799 6.45793 -1.80244 2 
73.120 -17.799 5.02310 -1.52611 2 
75.685 -17.799 5.84853 -1.48447 2 
78.251 -17.799 6.89665 -1.23736 2 
80.816 -17.799 8.12116 -1.36639 2 
83.382 -17.799 9.10914 -0.12726 2 
85.948 -17.799 8.46213 0.42610 2 
88.513 -17.799 7.51430 0.77575 2 
91.079 -17.799 5.84209 1.51032 2 
93.644 -17.799 7.01473 2.65620 2 
96.210 -17.799 7.15471 1.53477 2 
98.776 -17.799 7.17079 0.87390 2 
101.341 -17.799 7.41797 0.77988 2 
103.907 -17.799 6.09888 -0.00325 2 
106.472 -17.799 5.03828 -0.33480 2 
109.038 -17.799 3.80435 0.45242 2 
111.603 -17.799 3.26491 -0.49497 2 
114.169 -17.799 6.03636 1.15714 2 
116.735 -17.799 6.93449 2.23490 2 
119.300 -17.799 0.00000 -0.00000 0 
-8.980 -20.364 7.34039 -1.07806 2 
-6.414 -20.364 7.40431 -1.21195 2 
-3.848 -20.364 7.34904 -1.31489 2 
-1.283 -20.364 7.53024 -1.43960 2 
1.283 -20.364 7.53814 -1.53341 2 
3.848 -20.364 7.63048 -1.59816 2 
6.414 -20.364 7.83501 -1.81781 2 
8.980 -20.364 8.03108 -1.94892 2 
11.545 -20.364 8.17649 -2.08381 2 
14.111 -20.364 8.46973 -1.96992 2 
16.676 -20.364 8.59704 -1.95762 2 
19.242 -20.364 8.91192 -1.72537 2 
21.808 -20.364 9.00206 -1.99193 2 
24.373 -20.364 8.93162 -1.70585 2 
26.939 -20.364 9.14117 -1.63026 2 
29.504 -20.364 9.15103 -1.47353 2 
32.070 -20.364 9.20747 -1.65319 2 
34.636 -20.364 9.35891 -1.57491 2 
37.201 -20.364 9.62743 -1.23313 2 
39.767 -20.364 9.87712 -0.99152 2 
42.332 -20.364 9.86281 -0.92290 2 
44.898 -20.364 9.72325 -0.77711 2 
47.464 -20.364 9.68407 -0.72687 2 
50.029 -20.364 9.82894 -0.54619 2 
52.595 -20.364 9.59725 -0.38343 2 
55.160 -20.364 9.81065 -0.61323 2 
57.726 -20.364 9.60452 -0.15990 2 
60.292 -20.364 9.70046 0.25561 2 
62.857 -20.364 8.93926 0.25825 2 
65.423 -20.364 9.09111 -0.10735 2 
67.988 -20.364 8.88352 -0.46347 2 
70.554 -20.364 8.01417 -1.27679 2 
73.120 -20.364 8.55894 -2.02426 2 
75.685 -20.364 7.06266 -1.70719 2 
78.251 -20.364 7.54994 -1.67257 2 
80.816 -20.364 8.17680 -0.46823 2 
83.382 -20.364 8.71035 -0.01017 2 
85.948 -20.364 6.71078 -0.11601 2 
88.513 -20.364 8.20962 0.85450 2 
91.079 -20.364 6.98740 1.36716 2 
93.644 -20.364 7.43597 1.33094 2 
96.210 -20.364 7.88454 1.29471 2 
98.776 -20.364 7.94706 0.76144 2 
101.341 -20.364 8.10178 0.15048 2 
103.907 -20.364 7.82621 -0.25640 2 
106.472 -20.364 7.00660 -0.17174 2 
109.038 -20.364 9.23069 0.51921 2 
111.603 -20.364 10.27367 0.59031 2 
114.169 -20.364 9.33603 1.31929 2 
116.735 -20.364 8.71696 1.38054 2 
119.300 -20.364 0.00000 -0.00000 0 
-8.980 -22.930 7.62349 -0.97677 2 
-6.414 -22.930 7.56241 -1.33680 2 
-3.848 -22.930 7.41294 -1.18613 2 
-1.283 -22.930 7.47829 -1.32886 2 
1.283 -22.930 7.69697 -1.41303 2 
3.848 -22.930 7.72369 -1.53568 2 
6.414 -22.930 7.89828 -1.60525 2 
8.980 -22.930 8.08192 -1.68219 2 
11.545 -22.930 8.25147 -1.84831 2 
14.111 -22.930 8.66570 -1.94395 2 
16.676 -22.930 8.69369 -1.83763 2 
19.242 -22.930 8.70989 -1.76674 2 
21.808 -22.930 8.75269 -1.63590 2 
24.373 -22.930 8.99309 -1.62241 2 
26.939 -22.930 9.04666 -1.64498 2 
29.504 -22.930 9.07753 -1.32884 2 
32.070 -22.930 9.24091 -1.32932 2 
34.636 -22.930 9.41907 -1.20851 2 
37.201 -22.930 9.47073 -1.09082 2 
39.767 -22.930 9.74895 -1.14952 2 
42.332 -22.930 9.62217 -0.83120 2 
44.898 -22.930 9.66349 -0.71750 2 
47.464 -22.930 9.54500 -0.69956 2 
50.029 -22.930 9.55230 -0.67332 2 
52.595 -22.930 9.47869 -0.57038 2 
55.160 -22.930 9.69385 -0.41147 2 
57.726 -22.930 9.58014 -0.19896 2 
60.292 -22.930 9.47586 -0.09792 2 
62.857 -22.930 9.35700 0.00550 2 
65.423 -22.930 9.12582 -0.12011 2 
67.988 -22.930 9.08944 -0.50019 2 
70.554 -22.930 9.07748 -0.36573 2 
73.120 -22.930 9.31391 -0.83318 2 
75.685 -22.930 8.06890 -1.11171 2 
78.251 -22.930 9.47222 -1.48732 2 
80.816 -22.930 9.30508 -0.73909 2 
83.382 -22.930 9.41745 -0.39797 2 
85.948 -22.930 9.87180 0.43730 2 
88.513 -22.930 9.56960 1.24333 2 
91.079 -22.930 8.13272 1.22400 2 
93.644 -22.930 8.35394 1.17152 2 
96.210 -22.930 8.57515 1.11904 2 
98.776 -22.930 8.24493 0.73246 2 
101.341 -22.930 8.48913 0.48537 2 
103.907 -22.930 8.71661 -0.04147 2 
106.472 -22.930 8.97491 -0.00868 2 
109.038 -22.930 9.46321 0.31842 2 
111.603 -22.930 9.73981 0.65485 2 
114.169 -22.930 9.23596 1.26093 2 
116.735 -22.930 9.03491 1.80281 2 
119.300 -22.930 0.00000 -0.00000 0 
-8.980 -25.496 7.50547 -0.79199 2 
-6.414 -25.496 7.54807 -1.10981 2 
-3.848 -25.496 7.57870 -1.23882 2 
-1.283 -25.496 7.63384 -1.26295 2 
1.283 -25.496 7.73954 -1.28199 2 
3.848 -25.496 7.87109 -1.36340 2 
6.414 -25.496 7.90336 -1.48703 2 
8.980 -25.496 8.16892 -1.69546 2 
11.545 -25.496 8.33410 -1.64085 2 
14.111 -25.496 8.52637 -1.53324 2 
16.676 -25.496 8.59487 -1.66305 2 
19.242 -25.496 8.70505 -1.53155 2 
21.808 -25.496 8.88175 -1.39061 2 
24.373 -25.496 8.99123 -1.43043 2 
26.939 -25.496 8.86759 -1.56192 2 
29.504 -25.496 8.95250 -1.35864 2 
32.070 -25.496 9.23584 -1.16713 2 
34.636 -25.496 9.14908 -1.14791 2 
37.201 -25.496 9.39188 -1.04985 2 
39.767 -25.496 9.38198 -0.81578 2 
42.332 -25.496 9.28590 -0.90549 2 
44.898 -25.496 9.68898 -0.72633 2 
47.464 -25.496 9.49747 -0.67546 2 
50.029 -25.496 9.42183 -0.62028 2 
52.595 -25.496 9.46989 -0.47846 2 
55.160 -25.496 9.56150 -0.40455 2 
57.726 -25.496 9.37711 -0.19997 2 
60.292 -25.496 9.38639 -0.24301 2 
62.857 -25.496 9.37293 -0.31375 2 
65.423 -25.496 9.24397 -0.10828 2 
67.988 -25.496 9.16146 -0.49804 2 
70.554 -25.496 9.05352 -0.41051 2 
73.120 -25.496 9.22890 -0.64995 2 
75.685 -25.496 9.57138 -0.62471 2 
78.251 -25.496 9.50971 -0.77707 2 
80.816 -25.496 9.47629 -0.35946 2 
83.382 -25.496 9.55574 -0.05780 2 
85.948 -25.496 9.90444 0.61004 2 
88.513 -25.496 9.91393 1.00475 2 
91.079 -25.496 9.27804 1.08084 2 
93.644 -25.496 9.32863 0.90479 2 
96.210 -25.496 8.74101 0.76077 2 
98.776 -25.496 8.69690 0.76614 2 
101.341 -25.496 8.58319 0.46579 2 
103.907 -25.496 8.65711 0.36152 2 
106.472 -25.496 9.05374 0.19242 2 
109.038 -25.496 9.11413 0.42126 2 
111.603 -25.496 9.20595 0.71939 2 
114.169 -25.496 9.13589 1.20256 2 
116.735 -25.496 9.23046 1.36213 2 
119.300 -25.496 0.00000 -0.00000 0 
-8.980 -28.061 7.47151 -1.08069 2 
-6.414 -28.061 7.68692 -0.77018 2 
-3.848 -28.061 7.64913 -1.14237 2 
-1.283 -28.061 7.74629 -1.07174 2 
1.283 -28.061 7.95764 -1.29391 2 
3.848 -28.061 7.97962 -1.28569 2 
6.414 -28.061 7.91992 -1.36175 2 
8.980 -28.061 8.31452 -1.32593 2 
11.545 -28.061 8.24610 -1.48463 2 
14.111 -28.061 8.35894 -1.44452 2 
16.676 -28.061 8.60634 -1.52393 2 
19.242 -28.061 8.73039 -1.36727 2 
21.808 -28.061 8.65559 -1.47982 2 
24.373 -28.061 8.80871 -1.24568 2 
26.939 -28.061 8.92425 -1.24497 2 
29.504 -28.061 9.03102 -1.16933 2 
32.070 -28.061 9.03006 -1.12890 2 
34.636 -28.061 9.05302 -1.01166 2 
37.201 -28.061 9.39091 -1.13846 2 
39.767 -28.061 9.31273 -0.94521 2 
42.332 -28.061 9.52874 -0.79175 2 
44.898 -28.061 9.33884 -0.72189 2 
47.464 -28.061 9.42076 -0.78853 2 
50.029 -28.061 9.43627 -0.57683 2 
52.595 -28.061 9.41097 -0.48683 2 
55.160 -28.061 9.40170 -0.47945 2 
57.726 -28.061 9.39427 -0.41541 2 
60.292 -28.061 9.30748 -0.27230 2 
62.857 -28.061 9.37084 -0.15206 2 
65.423 -28.061 9.26286 -0.23381 2 
67.988 -28.061 9.21245 -0.31289 2 
70.554 -28.061 9.21263 -0.33943 2 
73.120 -28.061 9.21353 -0.15759 2 
75.685 -28.061 9.14249 -0.42469 2 
78.251 -28.061 9.54721 -0.06681 2 
80.816 -28.061 9.64750 0.02018 2 
83.382 -28.061 9.69402 0.28237 2 
85.948 -28.061 9.67173 0.53808 2 
88.513 -28.061 9.59149 0.71712 2 
91.079 -28.061 9.29571 0.67811 2 
93.644 -28.061 9.00344 0.80541 2 
96.210 -28.061 8.94785 0.72168 2 
98.776 -28.061 8.89823 0.69190 2 
101.341 -28.061 8.82567 0.37404 2 
103.907 -28.061 8.87769 0.54908 2 
106.472 -28.061 8.82992 0.59481 2 
109.038 -28.061 8.93555 0.73949 2 
111.603 -28.061 8.98574 0.64315 2 
114.169 -28.061 9.02762 0.91946 2 
116.735 -28.061 9.10275 1.15046 2 
119.300 -28.061 0.00000 -0.00000 0 
-8.980 -30.627 7.63130 -0.87889 2 
-6.414 -30.627 7.63675 -1.06885 2 
-3.848 -30.627 7.73971 -1.03494 2 
-1.283 -30.627 7.77211 -1.03564 2 
1.283 -30.627 7.80949 -1.22639 2 
3.848 -30.627 8.01897 -1.25824 2 
6.414 -30.627 8.16948 -1.27103 2 
8.980 -30.627 8.18423 -1.35758 2 
11.545 -30.627 8.32016 -1.26847 2 
14.111 -30.627 8.41656 -1.29971 2 
16.676 -30.627 8.57246 -1.42749 2 
19.242 -30.627 8.59391 -1.19867 2 
21.808 -30.627 8.85488 -1.28050 2 
24.373 -30.627 8.82873 -1.24169 2 
26.939 -30.627 8.87012 -1.18960 2 
29.504 -30.627 8.99627 -1.10703 2 
32.070 -30.627 8.83531 -1.08324 2 
34.636 -30.627 8.95298 -0.96365 2 
37.201 -30.627 9.10424 -0.78598 2 
39.767 -30.627 9.11969 -0.74574 2 
42.332 -30.627 9.24907 -0.80817 2 
44.898 -30.627 9.22720 -0.76404 2 
47.464 -30.627 9.29029 -0.60894 2 
50.029 -30.627 9.28936 -0.57991 2 
52.595 -30.627 9.09991 -0.49975 2 
55.160 -30.627 9.45137 -0.36084 2 
57.726 -30.627 9.18112 -0.31488 2 
60.292 -30.627 9.24728 -0.21915 2 
62.857 -30.627 9.15066 -0.26791 2 
65.423 -30.627 9.29969 -0.24234 2 
67.988 -30.627 9.13303 -0.11442 2 
70.554 -30.627 9.26792 -0.25827 2 
73.120 -30.627 9.42052 -0.24436 2 
75.685 -30.627 9.31589 -0.14261 2 
78.251 -30.627 9.37093 -0.07964 2 
80.816 -30.627 9.25482 0.09036 2 
83.382 -30.627 9.60331 0.35827 2 
85.948 -30.627 9.30849 0.33972 2 
88.513 -30.627 9.21301 0.60303 2 
91.079 -30.627 9.20991 0.53982 2 
93.644 -30.627 9.01081 0.76682 2 
96.210 -30.627 9.05769 0.74408 2 
98.776 -30.627 8.91256 0.64122 2 
101.341 -30.627 8.67590 0.58512 2 
103.907 -30.627 8.93514 0.52856 2 
106.472 -30.627 8.85282 0.54726 2 
109.038 -30.627 8.88867 0.58791 2 
111.603 -30.627 8.80274 0.70276 2 
114.169 -30.627 8.82749 0.64615 2 
116.735 -30.627 9.50633 0.83323 2 
119.300 -30.627 0.00000 -0.00000 0 
-8.980 -33.192 7.68281 -0.83051 2 
-6.414 -33.192 7.72743 -0.90364 2 
-3.848 -33.192 7.82530 -1.05961 2 
-1.283 -33.192 7.81647 -0.79508 2 
1.283 -33.192 7.96233 -1.11239 2 
3.848 -33.192 8.02700 -1.15066 2 
6.414 -33.192 8.36783 -1.22155 2 
8.980 -33.192 8.16367 -1.08339 2 
11.545 -33.192 8.44412 -1.22051 2 
14.111 -33.192 8.44113 -1.08714 2 
16.676 -33.192 8.48665 -1.17642 2 
19.242 -33.192 8.65559 -1.23192 2 
21.808 -33.192 8.75291 -1.37521 2 
24.373 -33.192 8.91666 -1.09716 2 
26.939 -33.192 8.85991 -1.17616 2 
29.504 -33.192 8.98149 -0.97054 2 
32.070 -33.192 9.01196 -0.97211 2 
34.636 -33.192 9.03535 -1.05853 2 
37.201 -33.192 9.00090 -0.86752 2 
39.767 -33.192 9.32367 -0.92874 2 
42.332 -33.192 9.11434 -0.66162 2 
44.898 -33.192 9.15328 -0.78788 2 
47.464 -33.192 9.16618 -0.59020 2 
50.029 -33.192 9.17157 -0.49030 2 
52.595 -33.192 9.18060 -0.48741 2 
55.160 -33.192 9.21972 -0.67429 2 
57.726 -33.192 9.04462 -0.38238 2 
60.292 -33.192 9.24404 -0.43987 2 
62.857 -33.192 9.32509 -0.28637 2 
65.423 -33.192 9.14201 -0.14338 2 
67.988 -33.192 9.33883 -0.24751 2 
70.554 -33.192 9.13166 -0.34229 2 
73.120 -33.192 9.24504 -0.25418 2 
75.685 -33.192 9.20715 -0.07380 2 
78.251 -33.192 9.43307 0.05139 2 
80.816 -33.192 9.45893 0.14113 2 
83.382 -33.192 9.31790 0.18881 2 
85.948 -33.192 9.35634 0.34124 2 
88.513 -33.192 9.23339 0.52763 2 
91.079 -33.192 9.05818 0.35592 2 
93.644 -33.192 9.09710 0.71105 2 
96.210 -33.192 8.83221 0.57770 2 
98.776 -33.192 8.92655 0.65371 2 
101.341 -33.192 8.90658 0.62490 2 
103.907 -33.192 8.84649 0.46921 2 
106.472 -33.192 8.70999 0.59440 2 
109.038 -33.192 8.88247 0.65076 2 
111.603 -33.192 8.68064 0.63257 2 
114.169 -33.192 8.84522 0.70427 2 
116.735 -33.192 8.70412 0.73629 2 
119.300 -33.192 0.00000 -0.00000 0 
-8.980 -35.758 7.79640 -0.82929 2 
-6.414 -35.758 7.84874 -0.98776 2 
-3.848 -35.758 7.94873 -0.89974 2 
-1.283 -35.758 8.01484 -0.87743 2 
1.283 -35.758 7.94350 -1.04810 2 
3.848 -35.758 8.30744 -0.99204 2 
6.414 -35.758 7.94641 -1.06081 2 
8.980 -35.758 8.14177 -0.96414 2 
11.545 -35.758 8.51044 -1.17936 2 
14.111 -35.758 8.42122 -1.12177 2 
16.676 -35.758 8.63853 -1.08483 2 
19.242 -35.758 8.55012 -0.98459 2 
21.808 -35.758 8.57296 -1.15616 2 
24.373 -35.758 8.87642 -0.91255 2 
26.939 -35.758 8.74215 -1.08921 2 
29.504 -35.758 8.65760 -0.91087 2 
32.070 -35.758 9.02573 -0.87088 2 
34.636 -35.758 8.94940 -0.88049 2 
37.201 -35.758 8.98158 -0.77872 2 
39.767 -35.758 9.07002 -0.73192 2 
42.332 -35.758 9.04099 -0.80950 2 
44.898 -35.758 9.03590 -0.60023 2 
47.464 -35.758 9.14202 -0.73020 2 
50.029 -35.758 9.10331 -0.52197 2 
52.595 -35.758 9.23329 -0.21995 2 
55.160 -35.758 9.24689 -0.60829 2 
57.726 -35.758 9.20294 -0.41278 2 
60.292 -35.758 9.14141 -0.34435 2 
62.857 -35.758 9.10351 -0.11842 2 
65.423 -35.758 9.13559 -0.13594 2 
67.988 -35.758 9.15593 -0.12767 2 
70.554 -35.758 9.31512 -0.25943 2 
73.120 -35.758 9.11675 -0.18899 2 
75.685 -35.758 9.17785 0.08107 2 
78.251 -35.758 9.29528 -0.14868 2 
80.816 -35.758 9.09085 0.08149 2 
83.382 -35.758 9.23146 0.29259 2 
85.948 -35.758 8.97796 0.44884 2 
88.513 -35.758 9.15353 0.47143 2 
91.079 -35.758 9.01903 0.58386 2 
93.644 -35.758 8.95249 0.57797 2 
96.210 -35.758 8.89309 0.52517 2 
98.776 -35.758 8.88616 0.56718 2 
101.341 -35.758 8.86269 0.61888 2 
103.907 -35.758 8.75301 0.55539 2 
106.472 -35.758 8.85421 0.62127 2 
109.038 -35.758 8.74657 0.63303 2 
111.603 -35.758 8.78603 0.74585 2 
114.169 -35.758 8.71610 0.68632 2 
116.735 -35.758 8.87564 0.71842 2 
119.300 -35.758 0.00000 -0.00000 0 
-8.980 -38.324 7.84345 -0.82936 2 
-6.414 -38.324 7.87000 -0.77170 2 
-3.848 -38.324 8.00543 -0.88402 2 
-1.283 -38.324 7.87007 -0.87628 2 
1.283 -38.324 8.03262 -0.92174 2 
3.848 -38.324 8.28725 -1.00957 2 
6.414 -38.324 8.25013 -0.96089 2 
8.980 -38.324 8.29099 -1.02005 2 
11.545 -38.324 8.32609 -1.07124 2 
14.111 -38.324 8.32322 -1.01496 2 
16.676 -38.324 8.58829 -0.94895 2 
19.242 -38.324 8.71232 -0.99787 2 
21.808 -38.324 8.72498 -1.10043 2 
24.373 -38.324 8.71149 -1.04913 2 
26.939 -38.324 8.73954 -0.93091 2 
29.504 -38.324 8.87950 -1.01242 2 
32.070 -38.324 8.96416 -0.88520 2 
34.636 -38.324 8.82171 -0.72366 2 
37.201 -38.324 9.01026 -0.89922 2 
39.767 -38.324 8.90133 -0.70898 2 
42.332 -38.324 8.99258 -0.63731 2 
44.898 -38.324 9.07381 -0.52765 2 
47.464 -38.324 8.99803 -0.61657 2 
50.029 -38.324 9.09912 -0.57244 2 
52.595 -38.324 9.17535 -0.50146 2 
55.160 -38.324 9.14786 -0.39729 2 
57.726 -38.324 9.05214 -0.45657 2 
60.292 -38.324 9.17560 -0.26829 2 
62.857 -38.324 9.10518 -0.15949 2 
65.423 -38.324 8.98497 -0.40024 2 
67.988 -38.324 9.27703 -0.15377 2 
70.554 -38.324 9.11788 -0.01934 2 
73.120 -38.324 9.13527 0.02263 2 
75.685 -38.324 9.15490 -0.07656 2 
78.251 -38.324 8.98978 0.20188 2 
80.816 -38.324 9.13606 0.15333 2 
83.382 -38.324 9.18988 0.09118 2 
85.948 -38.324 9.09578 0.39098 2 
88.513 -38.324 9.02041 0.27628 2 
91.079 -38.324 9.08503 0.49037 2 
93.644 -38.324 8.89723 0.47034 2 
96.210 -38.324 9.08713 0.39483 2 
98.776 -38.324 8.77293 0.68627 2 
101.341 -38.324 8.92236 0.59221 2 
103.907 -38.324 8.83368 0.70152 2 
106.472 -38.324 8.81958 0.76741 2 
109.038 -38.324 8.74566 0.56687 2 
111.603 -38.324 8.72058 0.63378 2 
114.169 -38.324 8.87477 0.72859 2 
116.735 -38.324 9.04717 0.70056 2 
119.300 -38.324 0.00000 -0.00000 0 
-8.980 -40.889 7.98210 -0.86796 2 
-6.414 -40.889 7.82193 -0.84632 2 
-3.848 -40.889 7.92365 -0.79695 2 
-1.283 -40.889 7.99197 -1.03430 2 
1.283 -40.889 8.23324 -0.98470 2 
3.848 -40.889 8.17849 -0.84620 2 
6.414 -40.889 8.18435 -0.94148 2 
8.980 -40.889 8.28945 -1.09239 2 
11.545 -40.889 8.35036 -0.94039 2 
14.111 -40.889 8.48136 -0.86768 2 
16.676 -40.889 8.45019 -0.93745 2 
19.242 -40.889 8.58547 -0.91333 2 
21.808 -40.889 8.58716 -0.82293 2 
24.373 -40.889 8.69362 -0.90773 2 
26.939 -40.889 8.69840 -0.91381 2 
29.504 -40.889 8.81111 -0.86938 2 
32.070 -40.889 8.77004 -0.77796 2 
34.636 -40.889 8.80571 -0.82262 2 
37.201 -40.889 8.95175 -0.81515 2 
39.767 -40.889 8.88653 -0.67163 2 
42.332 -40.889 9.04143 -0.73134 2 
44.898 -40.889 8.79790 -0.70121 2 
47.464 -40.889 9.06989 -0.51308 2 
50.029 -40.889 8.91909 -0.55186 2 
52.595 -40.889 9.00981 -0.40099 2 
55.160 -40.889 9.08879 -0.60000 2 
57.726 -40.889 8.97576 -0.27486 2 
60.292 -40.889 9.02981 -0.42165 2 
62.857 -40.889 9.10298 -0.21413 2 
65.423 -40.889 8.99205 -0.22748 2 
67.988 -40.889 8.99695 -0.11936 2 
70.554 -40.889 9.07765 -0.15706 2 
73.120 -40.889 9.14528 0.08481 2 
75.685 -40.889 9.04220 0.12105 2 
78.251 -40.889 9.08831 0.19441 2 
80.816 -40.889 9.05524 0.26942 2 
83.382 -40.889 8.99409 0.33081 2 
85.948 -40.889 9.04593 0.41632 2 
88.513 -40.889 9.07440 0.49055 2 
91.079 -40.889 9.07024 0.25497 2 
93.644 -40.889 8.87454 0.49274 2 
96.210 -40.889 8.73833 0.38206 2 
98.776 -40.889 8.86738 0.51453 2 
101.341 -40.889 8.69781 0.59464 2 
103.907 -40.889 8.82340 0.58643 2 
106.472 -40.889 8.80822 0.51263 2 
109.038 -40.889 8.71214 0.60610 2 
111.603 -40.889 8.66759 0.57981 2 
114.169 -40.889 8.79141 0.71002 2 
116.735 -40.889 8.36820 0.66152 2 
119.300 -40.889 0.00000 -0.00000 0 
-8.980 -43.455 7.90252 -0.84901 2 
-6.414 -43.455 7.95600 -0.88358 2 
-3.848 -43.455 7.97725 -0.78581 2 
-1.283 -43.455 7.95580 -0.82626 2 
1.283 -43.455 8.00460 -0.88650 2 
3.848 -43.455 8.02935 -0.91169 2 
6.414 -43.455 8.28363 -0.79787 2 
8.980 -43.455 8.26349 -0.90079 2 
11.545 -43.455 8.39977 -0.91967 2 
14.111 -43.455 8.39071 -0.89496 2 
16.676 -43.455 8.60145 -0.92747 2 
19.242 -43.455 8.43547 -0.98656 2 
21.808 -43.455 8.77695 -0.84623 2 
24.373 -43.455 8.64949 -0.87802 2 
26.939 -43.455 8.81919 -0.90984 2 
29.504 -43.455 8.51058 -0.82563 2 
32.070 -43.455 8.80506 -0.77306 2 
34.636 -43.455 8.87689 -0.81086 2 
37.201 -43.455 8.77062 -0.77369 2 
39.767 -43.455 8.87698 -0.59977 2 
42.332 -43.455 8.94573 -0.64871 2 
44.898 -43.455 8.90387 -0.57755 2 
47.464 -43.455 8.82815 -0.45725 2 
50.029 -43.455 8.93817 -0.35810 2 
52.595 -43.455 9.17739 -0.56970 2 
55.160 -43.455 8.98336 -0.32476 2 
57.726 -43.455 8.99097 -0.36728 2 
60.292 -43.455 9.00888 -0.31044 2 
62.857 -43.455 9.13410 -0.28339 2 
65.423 -43.455 8.88386 -0.29126 2 
67.988 -43.455 9.08989 -0.13010 2 
70.554 -43.455 9.18968 -0.01513 2 
73.120 -43.455 9.02497 -0.15855 2 
75.685 -43.455 8.98563 0.04939 2 
78.251 -43.455 8.86900 0.07974 2 
80.816 -43.455 9.06585 -0.02579 2 
83.382 -43.455 9.00361 0.38155 2 
85.948 -43.455 8.96284 0.20913 2 
88.513 -43.455 8.90621 0.35342 2 
91.079 -43.455 8.85555 0.42318 2 
93.644 -43.455 8.97400 0.43474 2 
96.210 -43.455 8.91508 0.57544 2 
98.776 -43.455 8.81837 0.39686 2 
101.341 -43.455 8.86735 0.55990 2 
103.907 -43.455 8.77851 0.50367 2 
106.472 -43.455 8.70285 0.55722 2 
109.038 -43.455 8.91389 0.49328 2 
111.603 -43.455 8.77255 0.70027 2 
114.169 -43.455 8.54898 0.63224 2 
116.735 -43.455 9.03305 0.65250 2 
119.300 -43.455 0.00000 -0.00000 0 
-8.980 -46.020 7.83353 -0.67066 2 
-6.414 -46.020 7.90491 -0.81910 2 
-3.848 -46.020 8.05415 -0.78347 2 
-1.283 -46.020 8.11793 -0.74184 2 
1.283 -46.020 8.16586 -0.81774 2 
3.848 -46.020 8.12555 -0.82046 2 
6.414 -46.020 8.18978 -0.98010 2 
8.980 -46.020 8.34793 -0.81661 2 
11.545 -46.020 8.32243 -0.91020 2 
14.111 -46.020 8.41860 -0.79869 2 
16.676 -46.020 8.39666 -0.92280 2 
19.242 -46.020 8.47801 -0.78348 2 
21.808 -46.020 8.65788 -0.79085 2 
24.373 -46.020 8.71748 -0.77342 2 
26.939 -46.020 8.66096 -0.83265 2 
29.504 -46.020 8.81498 -0.89195 2 
32.070 -46.020 8.79679 -0.76016 2 
34.636 -46.020 8.74329 -0.73444 2 
37.201 -46.020 8.72856 -0.49936 2 
39.767 -46.020 8.87660 -0.82457 2 
42.332 -46.020 8.85675 -0.59986 2 
44.898 -46.020 8.87282 -0.57694 2 
47.464 -46.020 8.93297 -0.66285 2 
50.029 -46.020 8.88862 -0.45802 2 
52.595 -46.020 9.03777 -0.39021 2 
55.160 -46.020 8.84857 -0.34544 2 
57.726 -46.020 9.08219 -0.45217 2 
60.292 -46.020 9.06059 -0.28927 2 
62.857 -46.020 9.05150 -0.26096 2 
65.423 -46.020 8.86962 -0.15353 2 
67.988 -46.020 8.95999 -0.12168 2 
70.554 -46.020 9.03067 -0.14184 2 
73.120 -46.020 9.01829 -0.11547 2 
75.685 -46.020 9.01038 -0.07659 2 
78.251 -46.020 9.16583 0.01883 2 
80.816 -46.020 8.90739 0.18946 2 
83.382 -46.020 9.03785 0.32266 2 
85.948 -46.020 8.90271 0.22749 2 
88.513 -46.020 8.92352 0.28823 2 
91.079 -46.020 8.85863 0.33940 2 
93.644 -46.020 8.83368 0.40239 2 
96.210 -46.020 8.77088 0.47224 2 
98.776 -46.020 8.79956 0.47885 2 
101.341 -46.020 8.78776 0.49773 2 
103.907 -46.020 8.79831 0.49299 2 
106.472 -46.020 8.75562 0.63177 2 
109.038 -46.020 8.62408 0.50708 2 
111.603 -46.020 8.57453 0.57210 2 
114.169 -46.020 8.67278 0.70605 2 
116.735 -46.020 9.01714 0.69713 2 
119.300 -46.020 0.00000 -0.00000 0 
-8.980 -48.586 8.01144 -0.76604 2 
-6.414 -48.586 8.16303 -0.69523 2 
-3.848 -48.586 7.88523 -0.91797 2 
-1.283 -48.586 8.06362 -0.86790 2 
1.283 -48.586 8.15684 -0.80682 2 
3.848 -48.586 8.28785 -0.83738 2 
6.414 -48.586 8.19714 -0.73089 2 
8.980 -48.586 8.09591 -0.86427 2 
11.545 -48.586 8.33300 -0.70925 2 
14.111 -48.586 8.40389 -0.83792 2 
16.676 -48.586 8.68393 -0.82258 2 
19.242 -48.586 8.60278 -0.85885 2 
21.808 -48.586 8.45807 -0.75032 2 
24.373 -48.586 8.54091 -0.74594 2 
26.939 -48.586 8.70231 -0.71821 2 
29.504 -48.586 8.68978 -0.70175 2 
32.070 -48.586 8.53557 -0.80253 2 
34.636 -48.586 8.88653 -0.66874 2 
37.201 -48.586 8.88671 -0.77475 2 
39.767 -48.586 8.86709 -0.49651 2 
42.332 -48.586 8.92644 -0.60513 2 
44.898 -48.586 8.79632 -0.62670 2 
47.464 -48.586 8.87603 -0.49241 2 
50.029 -48.586 8.96664 -0.48046 2 
52.595 -48.586 8.88170 -0.41555 2 
55.160 -48.586 8.94973 -0.40523 2 
57.726 -48.586 8.98667 -0.40012 2 
60.292 -48.586 8.89847 -0.29276 2 
62.857 -48.586 8.87877 -0.18626 2 
65.423 -48.586 8.91865 -0.24204 2 
67.988 -48.586 8.89594 0.06790 2 
70.554 -48.586 8.91000 -0.09902 2 
73.120 -48.586 8.97007 -0.00891 2 
75.685 -48.586 8.92132 0.12586 2 
78.251 -48.586 8.84261 0.13040 2 
80.816 -48.586 8.92042 0.18106 2 
83.382 -48.586 8.97642 0.14786 2 
85.948 -48.586 8.96518 0.28097 2 
88.513 -48.586 8.77075 0.39262 2 
91.079 -48.586 8.95603 0.26828 2 
93.644 -48.586 8.88094 0.31598 2 
96.210 -48.586 8.79225 0.42545 2 
98.776 -48.586 8.69711 0.59189 2 
101.341 -48.586 8.90284 0.40059 2 
103.907 -48.586 8.74642 0.56288 2 
106.472 -48.586 8.74122 0.39115 2 
109.038 -48.586 8.66984 0.62040 2 
111.603 -48.586 8.71017 0.59935 2 
114.169 -48.586 8.64091 0.67018 2 
116.735 -48.586 8.65199 0.39235 2 
119.300 -48.586 0.00000 -0.00000 0 
-8.980 -51.152 8.04339 -0.67282 2 
-6.414 -51.152 8.00727 -0.70244 2 
-3.848 -51.152 8.22707 -0.65423 2 
-1.283 -51.152 8.11251 -0.57571 2 
1.283 -51.152 8.24090 -0.80445 2 
3.848 -51.152 8.22798 -0.72216 2 
6.414 -51.152 8.19739 -0.89562 2 
8.980 -51.152 8.25817 -0.70169 2 
11.545 -51.152 8.40113 -0.84533 2 
14.111 -51.152 8.44505 -0.78739 2 
16.676 -51.152 8.38265 -0.73176 2 
19.242 -51.152 8.61981 -0.72331 2 
21.808 -51.152 8.57138 -0.80153 2 
24.373 -51.152 8.62661 -0.76162 2 
26.939 -51.152 8.67698 -0.71855 2 
29.504 -51.152 8.63061 -0.60998 2 
32.070 -51.152 8.65113 -0.70682 2 
34.636 -51.152 8.78613 -0.49264 2 
37.201 -51.152 8.71174 -0.65024 2 
39.767 -51.152 8.72913 -0.59770 2 
42.332 -51.152 8.84690 -0.57490 2 
44.898 -51.152 8.85072 -0.44568 2 
47.464 -51.152 8.87850 -0.46858 2 
50.029 -51.152 8.90046 -0.54809 2 
52.595 -51.152 8.79230 -0.25219 2 
55.160 -51.152 8.84281 -0.26982 2 
57.726 -51.152 8.89478 -0.22841 2 
60.292 -51.152 8.86226 -0.31860 2 
62.857 -51.152 8.95213 -0.40440 2 
65.423 -51.152 8.88626 -0.11535 2 
67.988 -51.152 8.98673 -0.24030 2 
70.554 -51.152 8.80574 -0.03165 2 
73.120 -51.152 8.95503 0.04822 2 
75.685 -51.152 8.87832 0.07774 2 
78.251 -51.152 8.95288 0.06344 2 
80.816 -51.152 8.97695 0.04857 2 
83.382 -51.152 8.92058 0.13719 2 
85.948 -51.152 8.77359 0.48577 2 
88.513 -51.152 8.78988 0.34617 2 
91.079 -51.152 8.76128 0.37012 2 
93.644 -51.152 8.82155 0.52897 2 
96.210 -51.152 8.69921 0.44232 2 
98.776 -51.152 8.78975 0.27743 2 
101.341 -51.152 8.69957 0.51000 2 
103.907 -51.152 8.55168 0.56784 2 
106.472 -51.152 8.72081 0.51715 2 
109.038 -51.152 8.68809 0.44441 2 
111.603 -51.152 8.64159 0.68204 2 
114.169 -51.152 8.74552 0.59563 2 
116.735 -51.152 8.86094 0.66913 2 
119.300 -51.152 0.00000 -0.00000 0 
-8.980 -53.717 8.05824 -0.63420 2 
-6.414 -53.717 8.21191 -0.76758 2 
-3.848 -53.717 7.98717 -0.78651 2 
-1.283 -53.717 8.11007 -0.72368 2 
1.283 -53.717 8.20468 -0.86811 2 
3.848 -53.717 8.24701 -0.84905 2 
6.414 -53.717 8.33608 -0.80994 2 
8.980 -53.717 8.34805 -0.90031 2 
11.545 -53.717 8.28192 -0.89193 2 
14.111 -53.717 8.48705 -0.78947 2 
16.676 -53.717 8.55066 -0.78059 2 
19.242 -53.717 8.47112 -0.85998 2 
21.808 -53.717 8.62627 -0.77362 2 
24.373 -53.717 8.59551 -0.78875 2 
26.939 -53.717 8.57316 -0.68449 2 
29.504 -53.717 8.64038 -0.73382 2 
32.070 -53.717 8.67109 -0.60157 2 
34.636 -53.717 8.69059 -0.82548 2 
37.201 -53.717 8.82328 -0.66716 2 
39.767 -53.717 8.71850 -0.71658 2 
42.332 -53.717 8.80840 -0.45802 2 
44.898 -53.717 8.73108 -0.76095 2 
47.464 -53.717 8.83352 -0.44800 2 
50.029 -53.717 8.75401 -0.51784 2 
52.595 -53.717 8.88041 -0.43952 2 
55.160 -53.717 8.85598 -0.31448 2 
57.726 -53.717 8.87257 -0.32144 2 
60.292 -53.717 8.79728 -0.11898 2 
62.857 -53.717 8.79711 -0.28235 2 
65.423 -53.717 8.94449 -0.15858 2 
67.988 -53.717 8.77261 -0.14325 2 
70.554 -53.717 8.87178 -0.06891 2 
73.120 -53.717 8.83769 0.10250 2 
75.685 -53.717 8.83973 0.07478 2 
78.251 -53.717 8.86868 0.04755 2 
80.816 -53.717 8.81598 0.16278 2 
83.382 -53.717 8.91507 0.11091 2 
85.948 -53.717 8.83976 0.37843 2 
88.513 -53.717 8.86777 0.30193 2 
91.079 -53.717 8.86912 0.47050 2 
93.644 -53.717 8.73480 0.35903 2 
96.210 -53.717 8.65920 0.46474 2 
98.776 -53.717 8.74133 0.53423 2 
101.341 -53.717 8.75753 0.29327 2 
103.907 -53.717 8.81778 0.58167 2 
106.472 -53.717 8.81421 0.57679 2 
109.038 -53.717 8.81064 0.57192 2 
111.603 -53.717 8.83835 0.65604 2 
114.169 -53.717 8.40043 0.35450 2 
116.735 -53.717 0.00000 -0.00000 0 
119.300 -53.717 0.00000 -0.00000 0 
-8.980 -56.283 0.00000 -0.00000 0 
-6.414 -56.283 0.00000 -0.00000 0 
-3.848 -56.283 8.10902 -0.40928 2 
-1.283 -56.283 8.15752 -0.37055 2 
1.283 -56.283 8.20602 -0.33181 2 
3.848 -56.283 8.24262 -0.33362 2 
6.414 -56.283 8.27922 -0.33543 2 
8.980 -56.283 8.31581 -0.33723 2 
11.545 -56.283 8.35241 -0.33904 2 
14.111 -56.283 8.38901 -0.34085 2 
16.676 -56.283 8.42560 -0.34265 2 
19.242 -56.283 8.46220 -0.34446 2 
21.808 -56.283 8.49879 -0.34626 2 
24.373 -56.283 8.53539 -0.34807 2 
26.939 -56.283 8.57199 -0.34988 2 
29.504 -56.283 8.60858 -0.35168 2 
32.070 -56.283 8.64180 -0.28075 2 
34.636 -56.283 8.67502 -0.20982 2 
37.201 -56.283 8.70824 -0.13889 2 
39.767 -56.283 8.74146 -0.06796 2 
42.332 -56.283 8.79574 -0.04238 2 
44.898 -56.283 8.80600 -0.03561 2 
47.464 -56.283 8.81626 -0.02885 2 
50.029 -56.283 8.82652 -0.02209 2 
52.595 -56.283 8.83678 -0.01532 2 
55.160 -56.283 8.88920 -0.03573 2 
57.726 -56.283 8.94162 -0.05613 2 
60.292 -56.283 8.78615 -0.16367 2 
62.857 -56.283 8.86691 -0.11494 2 
65.423 -56.283 8.84977 -0.02586 2 
67.988 -56.283 8.88473 -0.01183 2 
70.554 -56.283 8.82617 -0.12291 2 
73.120 -56.283 8.87101 -0.07588 2 
75.685 -56.283 8.87866 -0.09758 2 
78.251 -56.283 8.92118 -0.05502 2 
80.816 -56.283 8.86616 -0.09867 2 
83.382 -56.283 8.78008 -0.03409 2 
85.948 -56.283 8.86910 -0.06523 2 
88.513 -56.283 8.87070 0.08549 2 
91.079 -56.283 8.78563 0.18312 2 
93.644 -56.283 8.66384 0.23585 2 
96.210 -56.283 8.58778 0.22054 2 
98.776 -56.283 8.51172 0.20523 2 
101.341 -56.283 8.43566 0.18992 2 
103.907 -56.283 8.35959 0.17461 2 
106.472 -56.283 8.28353 0.15930 2 
109.038 -56.283 8.20747 0.14399 2 
111.603 -56.283 8.13140 0.12868 2 
114.169 -56.283 8.05534 0.11337 1 
116.735 -56.283 0.00000 -0.00000 0 
119.300 -56.283 0.00000 -0.00000 0 
