TITLE = "B00071"
VARIABLES = "X [mm]", "Y [mm]", "Vx [m/s]", "Vy [m/s]", "Flag"
ZONE T="Frame 1", I=51, J=39, F=POINT
-8.980 41.210 7.21655 0.33893 2 
-6.414 41.210 7.28182 0.30805 2 
-3.848 41.210 7.15899 0.47811 2 
-1.283 41.210 7.32322 0.24904 2 
1.283 41.210 7.66878 0.59071 2 
3.848 41.210 0.00000 -0.00000 0 
6.414 41.210 0.00000 -0.00000 0 
8.980 41.210 0.00000 -0.00000 0 
11.545 41.210 0.00000 -0.00000 0 
14.111 41.210 0.00000 -0.00000 0 
16.676 41.210 0.00000 -0.00000 0 
19.242 41.210 3.92331 0.26466 2 
21.808 41.210 7.84662 0.52931 2 
24.373 41.210 7.27156 0.82500 2 
26.939 41.210 7.55328 0.72012 2 
29.504 41.210 7.54637 0.91223 2 
32.070 41.210 7.54679 0.80868 2 
34.636 41.210 7.80137 0.86836 2 
37.201 41.210 7.59367 0.83156 2 
39.767 41.210 7.75914 0.81894 2 
42.332 41.210 7.90001 0.77208 2 
44.898 41.210 7.82175 0.97274 2 
47.464 41.210 8.01426 0.94449 2 
50.029 41.210 7.98948 0.88715 2 
52.595 41.210 7.96471 0.82980 2 
55.160 41.210 8.27093 0.92576 2 
57.726 41.210 8.28278 0.91938 2 
60.292 41.210 8.29463 0.91299 2 
62.857 41.210 8.33567 0.69414 2 
65.423 41.210 8.49652 0.68690 2 
67.988 41.210 8.21029 0.66305 2 
70.554 41.210 8.27863 0.58926 2 
73.120 41.210 8.34697 0.51548 2 
75.685 41.210 8.52951 0.47954 2 
78.251 41.210 8.47943 0.66959 2 
80.816 41.210 0.00000 0.00000 0 
83.382 41.210 8.71594 0.19377 2 
85.948 41.210 8.67478 0.20948 2 
88.513 41.210 8.63363 0.22519 2 
91.079 41.210 8.55818 0.41730 2 
93.644 41.210 8.76744 0.16244 2 
96.210 41.210 8.68868 0.16041 2 
98.776 41.210 8.68024 0.01602 2 
101.341 41.210 8.56298 -0.00182 2 
103.907 41.210 8.70991 0.05368 2 
106.472 41.210 8.62711 -0.34295 2 
109.038 41.210 8.61609 -0.22004 2 
111.603 41.210 8.57565 -0.33606 2 
114.169 41.210 8.63996 -0.64668 2 
116.735 41.210 8.89244 -0.19341 2 
119.300 41.210 0.00000 -0.00000 0 
-8.980 38.644 7.28001 0.40125 2 
-6.414 38.644 7.28141 0.40432 2 
-3.848 38.644 7.28178 0.38382 2 
-1.283 38.644 7.25903 0.39464 2 
1.283 38.644 7.67145 0.46094 2 
3.848 38.644 0.00000 -0.00000 0 
6.414 38.644 0.00000 -0.00000 0 
8.980 38.644 0.00000 -0.00000 0 
11.545 38.644 0.00000 -0.00000 0 
14.111 38.644 0.00000 -0.00000 0 
16.676 38.644 0.00000 -0.00000 0 
19.242 38.644 4.02897 0.39084 2 
21.808 38.644 8.05793 0.78168 2 
24.373 38.644 7.25894 0.87670 2 
26.939 38.644 7.49628 0.81165 2 
29.504 38.644 7.41842 0.79907 2 
32.070 38.644 7.48698 0.90477 2 
34.636 38.644 7.59025 0.91541 2 
37.201 38.644 7.60304 0.93691 2 
39.767 38.644 7.71596 0.89733 2 
42.332 38.644 7.82041 0.79994 2 
44.898 38.644 7.81236 0.93606 2 
47.464 38.644 7.96026 0.80273 2 
50.029 38.644 7.90941 0.77550 2 
52.595 38.644 7.99372 0.96251 2 
55.160 38.644 8.01479 0.76236 2 
57.726 38.644 8.02992 0.80319 2 
60.292 38.644 8.32501 0.84592 2 
62.857 38.644 8.04225 0.78389 2 
65.423 38.644 8.43098 0.85209 2 
67.988 38.644 8.47864 0.86132 2 
70.554 38.644 8.40235 0.73180 2 
73.120 38.644 8.65492 0.73517 2 
75.685 38.644 8.50829 0.70445 2 
78.251 38.644 8.38213 0.36709 2 
80.816 38.644 0.00000 0.00000 0 
83.382 38.644 8.50337 0.43816 2 
85.948 38.644 8.64626 0.43374 2 
88.513 38.644 8.74643 0.42353 2 
91.079 38.644 8.68237 0.23639 2 
93.644 38.644 8.71953 0.30333 2 
96.210 38.644 8.64891 0.11364 2 
98.776 38.644 8.93498 0.04453 2 
101.341 38.644 8.69066 -0.00192 2 
103.907 38.644 8.87278 -0.13631 2 
106.472 38.644 8.90000 -0.26854 2 
109.038 38.644 8.78666 -0.37148 2 
111.603 38.644 8.76481 -0.49611 2 
114.169 38.644 8.69953 -0.50921 2 
116.735 38.644 8.62940 -0.62194 2 
119.300 38.644 0.00000 -0.00000 0 
-8.980 36.079 7.03208 0.21576 2 
-6.414 36.079 7.22673 0.24713 2 
-3.848 36.079 7.14154 0.32897 2 
-1.283 36.079 7.21739 0.41571 2 
1.283 36.079 7.33584 0.58954 2 
3.848 36.079 0.00000 -0.00000 0 
6.414 36.079 0.00000 -0.00000 0 
8.980 36.079 0.00000 -0.00000 0 
11.545 36.079 0.00000 -0.00000 0 
14.111 36.079 0.00000 -0.00000 0 
16.676 36.079 0.00000 -0.00000 0 
19.242 36.079 -0.89661 0.77937 2 
21.808 36.079 7.42762 0.80887 2 
24.373 36.079 7.44121 0.73700 2 
26.939 36.079 7.40576 0.93107 2 
29.504 36.079 7.40421 0.77986 2 
32.070 36.079 7.35155 0.91523 2 
34.636 36.079 7.73758 0.93118 2 
37.201 36.079 7.56770 1.03302 2 
39.767 36.079 7.86483 0.81213 2 
42.332 36.079 7.67355 1.08910 2 
44.898 36.079 7.93255 0.86324 2 
47.464 36.079 7.91214 0.92476 2 
50.029 36.079 8.02752 0.84798 2 
52.595 36.079 8.19714 0.95619 2 
55.160 36.079 8.03368 0.96111 2 
57.726 36.079 8.13972 0.98273 2 
60.292 36.079 8.26184 1.04478 2 
62.857 36.079 8.29120 1.03500 2 
65.423 36.079 8.33806 0.65825 2 
67.988 36.079 8.49832 0.93870 2 
70.554 36.079 8.23411 0.65012 2 
73.120 36.079 8.46830 0.68050 2 
75.685 36.079 8.61857 0.68918 2 
78.251 36.079 8.75026 0.70821 2 
80.816 36.079 0.00000 0.00000 0 
83.382 36.079 8.70147 0.54891 2 
85.948 36.079 8.80058 0.63023 2 
88.513 36.079 8.84838 0.50044 2 
91.079 36.079 8.80364 0.29201 2 
93.644 36.079 8.94930 0.28484 2 
96.210 36.079 8.68594 0.38729 2 
98.776 36.079 8.99939 0.00258 2 
101.341 36.079 8.80000 -0.11070 2 
103.907 36.079 8.90007 -0.17964 2 
106.472 36.079 8.81244 -0.08066 2 
109.038 36.079 8.76562 -0.13639 2 
111.603 36.079 8.80276 -0.42526 2 
114.169 36.079 8.76907 -0.49182 2 
116.735 36.079 8.91844 -0.68107 2 
119.300 36.079 0.00000 -0.00000 0 
-8.980 33.513 7.18978 0.17740 2 
-6.414 33.513 7.19284 0.43729 2 
-3.848 33.513 7.18354 0.36425 2 
-1.283 33.513 7.12478 0.39478 2 
1.283 33.513 7.63021 0.44816 2 
3.848 33.513 0.00000 -0.00000 0 
6.414 33.513 0.00000 -0.00000 0 
8.980 33.513 0.00000 -0.00000 0 
11.545 33.513 0.00000 -0.00000 0 
14.111 33.513 0.00000 -0.00000 0 
16.676 33.513 0.00000 -0.00000 0 
19.242 33.513 3.86680 0.44113 2 
21.808 33.513 7.73360 0.88227 2 
24.373 33.513 7.22501 0.77498 2 
26.939 33.513 7.39949 0.96468 2 
29.504 33.513 7.43851 0.96101 2 
32.070 33.513 7.63192 0.84236 2 
34.636 33.513 7.37685 1.08479 2 
37.201 33.513 7.63782 0.92382 2 
39.767 33.513 7.60108 0.85260 2 
42.332 33.513 7.63066 1.06697 2 
44.898 33.513 7.85787 0.91814 2 
47.464 33.513 7.79434 1.15974 2 
50.029 33.513 8.07838 1.02567 2 
52.595 33.513 8.30899 0.94729 2 
55.160 33.513 7.91502 0.95218 2 
57.726 33.513 8.27449 0.98438 2 
60.292 33.513 8.38989 0.79635 2 
62.857 33.513 8.29822 0.85979 2 
65.423 33.513 8.42228 1.02927 2 
67.988 33.513 8.60837 0.79831 2 
70.554 33.513 8.62579 0.82717 2 
73.120 33.513 8.57810 0.82814 2 
75.685 33.513 8.60684 0.82769 2 
78.251 33.513 8.61904 0.66031 2 
80.816 33.513 0.00000 0.00000 0 
83.382 33.513 8.78081 0.59196 2 
85.948 33.513 8.84150 0.58517 2 
88.513 33.513 8.91237 0.27555 2 
91.079 33.513 8.83152 0.08847 2 
93.644 33.513 8.64774 0.31781 2 
96.210 33.513 9.00774 0.22822 2 
98.776 33.513 8.76132 0.02929 2 
101.341 33.513 8.92076 -0.04651 2 
103.907 33.513 9.00258 0.05224 2 
106.472 33.513 8.85445 -0.22129 2 
109.038 33.513 9.02034 -0.41130 2 
111.603 33.513 8.95879 -0.46441 2 
114.169 33.513 8.94400 -0.51907 2 
116.735 33.513 8.84561 -0.60071 2 
119.300 33.513 0.00000 -0.00000 0 
-8.980 30.948 7.18649 0.17517 2 
-6.414 30.948 6.99996 0.26884 2 
-3.848 30.948 7.21338 0.39061 2 
-1.283 30.948 6.97096 0.52116 2 
1.283 30.948 7.44348 0.51024 2 
3.848 30.948 0.00000 -0.00000 0 
6.414 30.948 0.00000 -0.00000 0 
8.980 30.948 0.00000 -0.00000 0 
11.545 30.948 0.00000 -0.00000 0 
14.111 30.948 0.00000 -0.00000 0 
16.676 30.948 0.00000 -0.00000 0 
19.242 30.948 3.81791 0.42336 2 
21.808 30.948 7.63583 0.84673 2 
24.373 30.948 7.33885 0.98269 2 
26.939 30.948 7.33992 0.98391 2 
29.504 30.948 7.39437 0.91911 2 
32.070 30.948 7.52711 0.91522 2 
34.636 30.948 7.44933 0.97200 2 
37.201 30.948 7.41168 0.94249 2 
39.767 30.948 7.87071 0.95600 2 
42.332 30.948 7.64056 1.17403 2 
44.898 30.948 7.79598 1.13040 2 
47.464 30.948 7.95716 1.03884 2 
50.029 30.948 7.91297 0.97532 2 
52.595 30.948 8.12998 1.07482 2 
55.160 30.948 8.23799 1.21816 2 
57.726 30.948 8.09550 1.00239 2 
60.292 30.948 8.10224 1.02973 2 
62.857 30.948 8.54261 0.87301 2 
65.423 30.948 8.45648 0.85040 2 
67.988 30.948 8.28042 0.81989 2 
70.554 30.948 8.54534 0.80662 2 
73.120 30.948 8.81915 0.70556 2 
75.685 30.948 8.73328 0.83381 2 
78.251 30.948 8.81075 0.82556 2 
80.816 30.948 0.00000 0.00000 0 
83.382 30.948 8.85043 0.65915 2 
85.948 30.948 8.92878 0.68840 2 
88.513 30.948 8.73909 0.63153 2 
91.079 30.948 8.92906 0.54039 2 
93.644 30.948 8.89488 0.27879 2 
96.210 30.948 8.83975 0.41804 2 
98.776 30.948 8.88328 0.19459 2 
101.341 30.948 8.77594 0.12128 2 
103.907 30.948 8.81992 -0.13497 2 
106.472 30.948 8.97145 -0.20471 2 
109.038 30.948 9.12466 -0.37484 2 
111.603 30.948 8.94443 -0.50375 2 
114.169 30.948 9.07013 -0.88301 2 
116.735 30.948 9.56720 -0.64265 2 
119.300 30.948 0.00000 -0.00000 0 
-8.980 28.382 6.99430 0.35936 2 
-6.414 28.382 7.16935 0.38579 2 
-3.848 28.382 7.06983 0.48480 2 
-1.283 28.382 7.01907 0.27669 2 
1.283 28.382 7.25676 0.57233 2 
3.848 28.382 6.07199 0.44925 2 
6.414 28.382 0.00000 -0.00000 0 
8.980 28.382 0.00000 -0.00000 0 
11.545 28.382 0.00000 -0.00000 0 
14.111 28.382 0.00000 -0.00000 0 
16.676 28.382 3.57637 0.52982 2 
19.242 28.382 7.15275 1.05964 2 
21.808 28.382 7.23450 0.88871 2 
24.373 28.382 7.08783 1.07136 2 
26.939 28.382 7.53699 1.01592 2 
29.504 28.382 7.38663 1.13246 2 
32.070 28.382 7.42230 0.98808 2 
34.636 28.382 7.55231 1.31488 2 
37.201 28.382 7.49922 1.28519 2 
39.767 28.382 7.55709 1.05892 2 
42.332 28.382 7.96242 1.10477 2 
44.898 28.382 7.87172 1.11202 2 
47.464 28.382 7.93125 1.16327 2 
50.029 28.382 7.92827 1.09066 2 
52.595 28.382 7.77077 1.13394 2 
55.160 28.382 8.19393 1.09157 2 
57.726 28.382 8.45065 1.18953 2 
60.292 28.382 8.35680 1.05819 2 
62.857 28.382 8.48344 1.07866 2 
65.423 28.382 8.39221 1.07811 2 
67.988 28.382 8.58787 1.08647 2 
70.554 28.382 8.54703 0.76262 2 
73.120 28.382 8.59304 1.03424 2 
75.685 28.382 8.76309 0.52398 2 
78.251 28.382 8.85693 0.87312 2 
80.816 28.382 8.68779 0.67717 2 
83.382 28.382 8.74981 0.61985 2 
85.948 28.382 8.81182 0.56253 2 
88.513 28.382 8.91508 0.77630 2 
91.079 28.382 8.83590 0.26241 2 
93.644 28.382 9.00112 0.25360 2 
96.210 28.382 9.06288 0.22981 2 
98.776 28.382 8.91959 0.23081 2 
101.341 28.382 9.14519 0.17513 2 
103.907 28.382 9.09321 0.06821 2 
106.472 28.382 9.15114 0.12626 2 
109.038 28.382 9.28840 -0.10921 2 
111.603 28.382 9.13505 -0.59493 2 
114.169 28.382 9.21124 -0.68270 2 
116.735 28.382 9.24246 -1.13962 2 
119.300 28.382 0.00000 -0.00000 0 
-8.980 25.816 6.98464 0.19365 2 
-6.414 25.816 6.98442 0.24422 2 
-3.848 25.816 7.01453 0.20964 2 
-1.283 25.816 6.92439 0.54206 2 
1.283 25.816 6.83701 0.53877 2 
3.848 25.816 7.57975 0.52654 2 
6.414 25.816 0.00000 -0.00000 0 
8.980 25.816 0.00000 -0.00000 0 
11.545 25.816 0.00000 -0.00000 0 
14.111 25.816 0.00000 -0.00000 0 
16.676 25.816 4.06754 0.57152 2 
19.242 25.816 8.13507 1.14304 2 
21.808 25.816 6.99414 0.88840 2 
24.373 25.816 7.19490 1.00108 2 
26.939 25.816 7.06400 1.21867 2 
29.504 25.816 7.46047 1.08286 2 
32.070 25.816 7.39075 1.17723 2 
34.636 25.816 7.43604 0.90454 2 
37.201 25.816 7.68272 1.28937 2 
39.767 25.816 7.67248 1.00109 2 
42.332 25.816 7.54051 1.13933 2 
44.898 25.816 7.78158 1.18661 2 
47.464 25.816 7.91842 1.23903 2 
50.029 25.816 8.22020 1.22443 2 
52.595 25.816 8.15089 1.24146 2 
55.160 25.816 8.01808 1.04959 2 
57.726 25.816 8.25557 0.98140 2 
60.292 25.816 8.46825 1.11864 2 
62.857 25.816 8.51767 1.19641 2 
65.423 25.816 8.63933 1.10463 2 
67.988 25.816 8.41855 0.96263 2 
70.554 25.816 8.79387 1.09163 2 
73.120 25.816 8.85767 1.02502 2 
75.685 25.816 8.82234 1.15980 2 
78.251 25.816 8.71103 0.88793 2 
80.816 25.816 8.97114 0.64744 2 
83.382 25.816 0.00000 0.00000 0 
85.948 25.816 9.16650 0.38876 2 
88.513 25.816 9.13821 0.61459 2 
91.079 25.816 9.14687 0.43615 2 
93.644 25.816 9.20192 0.38083 2 
96.210 25.816 9.01535 0.05984 2 
98.776 25.816 9.00655 0.30505 2 
101.341 25.816 9.02616 0.15906 2 
103.907 25.816 9.03717 0.04107 2 
106.472 25.816 9.39820 0.30886 2 
109.038 25.816 9.55949 -0.16093 2 
111.603 25.816 9.93031 -0.55171 2 
114.169 25.816 9.46774 -0.92677 2 
116.735 25.816 9.51024 -0.92399 2 
119.300 25.816 0.00000 -0.00000 0 
-8.980 23.251 7.07128 0.20641 2 
-6.414 23.251 6.91254 0.26459 2 
-3.848 23.251 6.90614 0.27606 2 
-1.283 23.251 7.04264 0.55616 2 
1.283 23.251 6.99229 0.39901 2 
3.848 23.251 7.05124 0.57057 2 
6.414 23.251 0.00000 -0.00000 0 
8.980 23.251 0.00000 -0.00000 0 
11.545 23.251 0.00000 -0.00000 0 
14.111 23.251 0.00000 -0.00000 0 
16.676 23.251 3.86636 0.59465 2 
19.242 23.251 7.73272 1.18931 2 
21.808 23.251 6.88283 1.05460 2 
24.373 23.251 7.15753 1.27751 2 
26.939 23.251 7.30161 0.98877 2 
29.504 23.251 7.28871 1.16682 2 
32.070 23.251 7.48259 1.12321 2 
34.636 23.251 7.49179 1.37484 2 
37.201 23.251 7.59376 1.29990 2 
39.767 23.251 7.51844 1.19481 2 
42.332 23.251 7.88438 1.35866 2 
44.898 23.251 7.85747 1.33288 2 
47.464 23.251 7.86396 1.23836 2 
50.029 23.251 7.91957 1.38543 2 
52.595 23.251 8.00752 0.95670 2 
55.160 23.251 8.27399 1.38068 2 
57.726 23.251 8.29255 1.26614 2 
60.292 23.251 8.34647 1.16159 2 
62.857 23.251 8.37276 0.97287 2 
65.423 23.251 8.40315 1.15686 2 
67.988 23.251 8.70052 1.03537 2 
70.554 23.251 8.26562 1.12434 2 
73.120 23.251 8.76269 1.03376 2 
75.685 23.251 8.79493 1.04783 2 
78.251 23.251 9.16591 1.03873 2 
80.816 23.251 9.41487 0.83691 2 
83.382 23.251 0.00000 0.00000 0 
85.948 23.251 9.41170 0.72900 2 
88.513 23.251 9.21750 0.65169 2 
91.079 23.251 9.02330 0.57438 2 
93.644 23.251 9.15738 0.49168 2 
96.210 23.251 9.10946 0.20673 2 
98.776 23.251 8.92638 0.26931 2 
101.341 23.251 8.89749 0.48428 2 
103.907 23.251 9.17692 0.46839 2 
106.472 23.251 9.13325 0.74423 2 
109.038 23.251 9.88807 0.28196 2 
111.603 23.251 9.86011 -0.32338 2 
114.169 23.251 10.11592 -1.20878 2 
116.735 23.251 9.79256 -1.84035 2 
119.300 23.251 0.00000 -0.00000 0 
-8.980 20.685 6.94451 0.06178 2 
-6.414 20.685 6.84901 0.15005 2 
-3.848 20.685 6.96725 0.22584 2 
-1.283 20.685 6.79055 0.43687 2 
1.283 20.685 6.75417 0.49912 2 
3.848 20.685 6.92487 0.44727 2 
6.414 20.685 0.00000 -0.00000 0 
8.980 20.685 0.00000 -0.00000 0 
11.545 20.685 0.00000 -0.00000 0 
14.111 20.685 0.00000 -0.00000 0 
16.676 20.685 3.83669 0.58122 2 
19.242 20.685 7.67337 1.16244 2 
21.808 20.685 6.91453 1.14192 2 
24.373 20.685 6.95952 1.14233 2 
26.939 20.685 7.20807 1.23896 2 
29.504 20.685 7.15898 1.39527 2 
32.070 20.685 7.47791 1.40554 2 
34.636 20.685 7.38035 1.53324 2 
37.201 20.685 7.62877 1.39514 2 
39.767 20.685 7.66301 1.20268 2 
42.332 20.685 7.70007 1.26849 2 
44.898 20.685 7.92813 1.41061 2 
47.464 20.685 7.96357 1.14960 2 
50.029 20.685 7.93247 1.58373 2 
52.595 20.685 8.24233 1.32556 2 
55.160 20.685 8.09547 1.42890 2 
57.726 20.685 8.30009 1.37012 2 
60.292 20.685 8.41597 1.26999 2 
62.857 20.685 8.54995 1.34300 2 
65.423 20.685 8.77765 1.25234 2 
67.988 20.685 8.96776 1.11725 2 
70.554 20.685 9.12716 1.22079 2 
73.120 20.685 9.38184 1.07905 2 
75.685 20.685 9.29311 0.73257 2 
78.251 20.685 8.83391 1.09288 2 
80.816 20.685 10.25696 1.10017 2 
83.382 20.685 0.00000 0.00000 0 
85.948 20.685 0.00000 0.00000 0 
88.513 20.685 0.00000 0.00000 0 
91.079 20.685 10.11457 0.48931 2 
93.644 20.685 9.88422 0.43945 2 
96.210 20.685 9.65387 0.38960 2 
98.776 20.685 9.35840 -0.13257 2 
101.341 20.685 8.66482 0.22718 2 
103.907 20.685 8.91372 0.89262 2 
106.472 20.685 9.64990 0.44430 2 
109.038 20.685 9.24380 1.46320 2 
111.603 20.685 9.78990 -0.09504 2 
114.169 20.685 10.09199 -1.85007 2 
116.735 20.685 10.23329 -2.46048 2 
119.300 20.685 0.00000 -0.00000 0 
-8.980 18.120 6.95655 0.09204 2 
-6.414 18.120 6.78691 0.06265 2 
-3.848 18.120 6.69688 0.31735 2 
-1.283 18.120 6.83688 0.29990 2 
1.283 18.120 6.68538 0.36539 2 
3.848 18.120 7.13766 0.74256 2 
6.414 18.120 0.00000 -0.00000 0 
8.980 18.120 0.00000 -0.00000 0 
11.545 18.120 0.00000 -0.00000 0 
14.111 18.120 0.00000 -0.00000 0 
16.676 18.120 3.73556 0.53952 2 
19.242 18.120 7.47111 1.07905 2 
21.808 18.120 6.87036 1.18041 2 
24.373 18.120 7.11519 1.15923 2 
26.939 18.120 7.25441 1.27369 2 
29.504 18.120 7.27343 1.50196 2 
32.070 18.120 7.41026 1.52544 2 
34.636 18.120 7.31063 1.50653 2 
37.201 18.120 7.55665 1.42394 2 
39.767 18.120 7.67250 1.58012 2 
42.332 18.120 7.68403 1.45968 2 
44.898 18.120 7.78722 1.44962 2 
47.464 18.120 7.82214 1.62118 2 
50.029 18.120 7.96669 1.29092 2 
52.595 18.120 8.05717 1.26725 2 
55.160 18.120 8.78675 1.37029 2 
57.726 18.120 8.52284 1.22619 2 
60.292 18.120 8.59263 1.46535 2 
62.857 18.120 8.82614 1.39242 2 
65.423 18.120 7.70494 1.15130 2 
67.988 18.120 0.00000 -0.00000 0 
70.554 18.120 0.00000 -0.00000 0 
73.120 18.120 0.00000 -0.00000 0 
75.685 18.120 0.00000 -0.00000 0 
78.251 18.120 0.00000 -0.00000 0 
80.816 18.120 0.00000 -0.00000 0 
83.382 18.120 0.00000 -0.00000 0 
85.948 18.120 0.23254 -0.14007 2 
88.513 18.120 -0.83681 0.68627 2 
91.079 18.120 3.96809 0.95342 2 
93.644 18.120 4.74756 0.45116 2 
96.210 18.120 5.01835 -0.03410 2 
98.776 18.120 6.15777 -0.15339 2 
101.341 18.120 7.52881 -0.53259 2 
103.907 18.120 8.60451 0.01360 2 
106.472 18.120 7.36188 0.68815 2 
109.038 18.120 5.82013 0.85625 2 
111.603 18.120 7.49018 1.04665 2 
114.169 18.120 9.09824 -0.57762 2 
116.735 18.120 9.61465 -2.42925 2 
119.300 18.120 0.00000 -0.00000 0 
-8.980 15.554 7.07696 0.08322 2 
-6.414 15.554 6.82643 0.05376 2 
-3.848 15.554 6.75386 0.09479 2 
-1.283 15.554 6.68670 0.28553 2 
1.283 15.554 6.64163 0.39236 2 
3.848 15.554 6.88013 0.63332 2 
6.414 15.554 0.00000 -0.00000 0 
8.980 15.554 0.00000 -0.00000 0 
11.545 15.554 0.00000 -0.00000 0 
14.111 15.554 0.00000 -0.00000 0 
16.676 15.554 3.44156 0.61417 2 
19.242 15.554 6.88312 1.22834 2 
21.808 15.554 6.77634 1.29780 2 
24.373 15.554 7.08921 1.55043 2 
26.939 15.554 7.19382 1.48284 2 
29.504 15.554 7.22935 1.60012 2 
32.070 15.554 7.55779 1.67348 2 
34.636 15.554 7.47729 1.55935 2 
37.201 15.554 7.40974 1.62184 2 
39.767 15.554 7.65160 1.47850 2 
42.332 15.554 8.13493 1.55224 2 
44.898 15.554 8.11920 1.66640 2 
47.464 15.554 8.34018 1.74742 2 
50.029 15.554 8.31242 1.37259 2 
52.595 15.554 8.79953 1.58429 2 
55.160 15.554 0.00000 -0.00000 0 
57.726 15.554 0.00000 -0.00000 0 
60.292 15.554 0.00000 -0.00000 0 
62.857 15.554 0.00000 -0.00000 0 
65.423 15.554 0.00000 -0.00000 0 
67.988 15.554 0.00000 -0.00000 0 
70.554 15.554 0.00000 -0.00000 0 
73.120 15.554 0.00000 -0.00000 0 
75.685 15.554 0.00000 -0.00000 0 
78.251 15.554 0.00000 -0.00000 0 
80.816 15.554 -0.38582 -0.23112 2 
83.382 15.554 -1.09508 -0.40014 2 
85.948 15.554 -1.13881 0.40796 2 
88.513 15.554 -0.64435 0.54835 2 
91.079 15.554 -0.01182 0.27941 2 
93.644 15.554 0.62071 0.01046 2 
96.210 15.554 0.38283 -0.45780 2 
98.776 15.554 2.95715 -0.17421 2 
101.341 15.554 5.53146 0.10939 2 
103.907 15.554 6.54835 0.28289 2 
106.472 15.554 5.92986 1.87534 2 
109.038 15.554 4.91015 1.45732 2 
111.603 15.554 5.19046 2.18833 2 
114.169 15.554 8.10450 0.69483 2 
116.735 15.554 8.17353 1.16477 2 
119.300 15.554 0.00000 -0.00000 0 
-8.980 12.988 6.90101 0.11348 2 
-6.414 12.988 6.75055 0.04186 2 
-3.848 12.988 6.59489 0.08363 2 
-1.283 12.988 6.61070 0.20997 2 
1.283 12.988 6.35106 0.17100 2 
3.848 12.988 6.62259 0.52408 2 
6.414 12.988 0.00000 -0.00000 0 
8.980 12.988 0.00000 -0.00000 0 
11.545 12.988 0.00000 -0.00000 0 
14.111 12.988 0.00000 -0.00000 0 
16.676 12.988 1.11727 1.35272 2 
19.242 12.988 7.17822 1.51509 2 
21.808 12.988 6.95732 1.40355 2 
24.373 12.988 7.00018 1.59873 2 
26.939 12.988 6.93534 1.59787 2 
29.504 12.988 7.30261 1.65535 2 
32.070 12.988 7.70531 1.82152 2 
34.636 12.988 7.77329 1.65315 2 
37.201 12.988 8.13072 1.80885 2 
39.767 12.988 7.98599 1.64248 2 
42.332 12.988 0.00000 -0.00000 0 
44.898 12.988 0.00000 -0.00000 0 
47.464 12.988 0.00000 -0.00000 0 
50.029 12.988 0.00000 -0.00000 0 
52.595 12.988 0.00000 -0.00000 0 
55.160 12.988 0.00000 -0.00000 0 
57.726 12.988 0.00000 -0.00000 0 
60.292 12.988 0.00000 -0.00000 0 
62.857 12.988 0.00000 -0.00000 0 
65.423 12.988 0.00000 -0.00000 0 
67.988 12.988 0.00000 -0.00000 0 
70.554 12.988 0.00000 -0.00000 0 
73.120 12.988 0.00000 -0.00000 0 
75.685 12.988 -1.65510 -0.60422 2 
78.251 12.988 -1.31451 -0.56906 2 
80.816 12.988 -3.02274 -0.35534 2 
83.382 12.988 -2.19017 -0.80027 2 
85.948 12.988 -1.62950 -0.39277 2 
88.513 12.988 -1.61661 -0.80541 2 
91.079 12.988 -1.55718 -0.16696 2 
93.644 12.988 -1.49774 0.47150 2 
96.210 12.988 0.35000 -0.97787 2 
98.776 12.988 1.94206 -0.11326 2 
101.341 12.988 3.53412 0.75136 2 
103.907 12.988 4.49218 0.55217 2 
106.472 12.988 4.06745 2.20093 2 
109.038 12.988 4.04683 2.00584 2 
111.603 12.988 5.03874 1.72686 2 
114.169 12.988 4.42868 -0.28026 2 
116.735 12.988 3.59980 -2.68554 2 
119.300 12.988 0.00000 -0.00000 0 
-8.980 10.423 6.87202 -0.11021 2 
-6.414 10.423 6.65506 -0.19601 2 
-3.848 10.423 6.48273 -0.02144 2 
-1.283 10.423 6.44379 0.19719 2 
1.283 10.423 6.41772 0.12129 2 
3.848 10.423 6.38337 0.25396 2 
6.414 10.423 3.19169 0.12698 2 
8.980 10.423 0.00000 -0.00000 0 
11.545 10.423 0.00000 -0.00000 0 
14.111 10.423 0.00000 -0.00000 0 
16.676 10.423 0.74485 0.90182 2 
19.242 10.423 4.78548 1.01006 2 
21.808 10.423 6.92137 1.67872 2 
24.373 10.423 7.41747 1.62811 2 
26.939 10.423 7.28884 1.94936 2 
29.504 10.423 3.65130 0.82768 2 
32.070 10.423 0.00000 -0.00000 0 
34.636 10.423 0.00000 -0.00000 0 
37.201 10.423 0.00000 -0.00000 0 
39.767 10.423 0.00000 -0.00000 0 
42.332 10.423 0.00000 -0.00000 0 
44.898 10.423 0.00000 -0.00000 0 
47.464 10.423 0.00000 -0.00000 0 
50.029 10.423 0.00000 -0.00000 0 
52.595 10.423 0.00000 -0.00000 0 
55.160 10.423 0.00000 -0.00000 0 
57.726 10.423 0.00000 -0.00000 0 
60.292 10.423 0.00000 -0.00000 0 
62.857 10.423 0.00000 -0.00000 0 
65.423 10.423 0.00000 -0.00000 0 
67.988 10.423 -1.00391 -0.55991 2 
70.554 10.423 -0.04545 0.21577 2 
73.120 10.423 -2.59747 -0.86698 2 
75.685 10.423 -3.31019 -1.20843 2 
78.251 10.423 -2.62902 -1.13812 2 
80.816 10.423 -2.10955 -0.63280 2 
83.382 10.423 -2.29770 -0.06831 2 
85.948 10.423 -2.20166 -0.05775 2 
88.513 10.423 -1.69545 -1.00082 2 
91.079 10.423 -1.69974 -1.10710 2 
93.644 10.423 -1.70403 -1.21339 2 
96.210 10.423 -0.30373 0.24757 2 
98.776 10.423 0.83662 -0.29072 2 
101.341 10.423 0.92243 3.43204 2 
103.907 10.423 1.84108 1.96088 2 
106.472 10.423 2.20503 2.52651 2 
109.038 10.423 3.34724 1.92204 2 
111.603 10.423 4.83970 0.48229 2 
114.169 10.423 7.40126 -1.88018 2 
116.735 10.423 8.87954 -1.15178 2 
119.300 10.423 0.00000 -0.00000 0 
-8.980 7.857 6.81578 -0.19595 2 
-6.414 7.857 6.55416 -0.17569 2 
-3.848 7.857 6.50880 -0.14476 2 
-1.283 7.857 6.26771 -0.12144 2 
1.283 7.857 6.03764 0.21420 2 
3.848 7.857 6.19931 0.26990 2 
6.414 7.857 3.09966 0.13495 2 
8.980 7.857 0.00000 -0.00000 0 
11.545 7.857 0.00000 -0.00000 0 
14.111 7.857 0.00000 -0.00000 2 
16.676 7.857 0.37242 0.45091 2 
19.242 7.857 2.39274 0.50503 2 
21.808 7.857 0.00000 -0.00000 0 
24.373 7.857 0.00000 -0.00000 0 
26.939 7.857 0.00000 -0.00000 0 
29.504 7.857 0.00000 -0.00000 0 
32.070 7.857 0.00000 -0.00000 0 
34.636 7.857 0.00000 -0.00000 0 
37.201 7.857 0.00000 -0.00000 0 
39.767 7.857 0.00000 -0.00000 0 
42.332 7.857 0.00000 -0.00000 0 
44.898 7.857 0.00000 -0.00000 0 
47.464 7.857 0.00000 -0.00000 0 
50.029 7.857 0.00000 -0.00000 0 
52.595 7.857 0.00000 -0.00000 0 
55.160 7.857 0.00000 -0.00000 0 
57.726 7.857 0.00000 -0.00000 0 
60.292 7.857 -0.23586 -0.08164 2 
62.857 7.857 -0.83527 -0.25366 2 
65.423 7.857 -0.22781 -0.28565 2 
67.988 7.857 -2.00783 -1.11981 2 
70.554 7.857 -3.11542 -1.13994 2 
73.120 7.857 -3.09178 -1.53054 2 
75.685 7.857 -2.33360 -1.59030 2 
78.251 7.857 -2.77832 -0.70630 2 
80.816 7.857 -2.42316 -0.36179 2 
83.382 7.857 -2.52666 -0.24741 2 
85.948 7.857 -2.83094 -0.23740 2 
88.513 7.857 -2.60829 -0.79565 2 
91.079 7.857 -1.21143 -0.63416 2 
93.644 7.857 -1.72707 0.49858 2 
96.210 7.857 -1.67091 0.45544 2 
98.776 7.857 0.51587 0.53898 2 
101.341 7.857 -0.86407 4.12037 2 
103.907 7.857 -1.45867 2.56007 2 
106.472 7.857 -0.74772 1.73237 2 
109.038 7.857 3.06702 0.75605 2 
111.603 7.857 2.20013 0.98405 2 
114.169 7.857 3.72670 0.08795 2 
116.735 7.857 5.45432 0.01660 2 
119.300 7.857 0.00000 -0.00000 0 
-8.980 5.292 6.55555 -0.50831 2 
-6.414 5.292 6.50907 -0.40699 2 
-3.848 5.292 6.48925 -0.35185 2 
-1.283 5.292 6.32530 -0.16704 2 
1.283 5.292 5.90141 -0.22090 2 
3.848 5.292 6.32755 0.12113 2 
6.414 5.292 3.16377 0.06057 2 
8.980 5.292 0.00000 -0.00000 0 
11.545 5.292 0.00000 -0.00000 0 
14.111 5.292 0.00000 -0.00000 0 
16.676 5.292 0.00000 -0.00000 0 
19.242 5.292 0.00000 -0.00000 0 
21.808 5.292 0.00000 -0.00000 0 
24.373 5.292 0.00000 -0.00000 0 
26.939 5.292 0.00000 -0.00000 0 
29.504 5.292 0.00000 -0.00000 0 
32.070 5.292 0.00000 -0.00000 0 
34.636 5.292 0.00000 -0.00000 0 
37.201 5.292 0.00000 -0.00000 0 
39.767 5.292 0.00000 -0.00000 0 
42.332 5.292 0.00000 -0.00000 0 
44.898 5.292 0.00000 -0.00000 0 
47.464 5.292 0.00000 -0.00000 0 
50.029 5.292 0.00000 -0.00000 0 
52.595 5.292 -0.22437 -0.12987 2 
55.160 5.292 -0.11861 0.13090 2 
57.726 5.292 -0.26119 -0.13110 2 
60.292 5.292 -0.47173 -0.16327 2 
62.857 5.292 -2.53040 -0.80594 2 
65.423 5.292 -2.88351 -0.53459 2 
67.988 5.292 -2.72124 -1.53691 2 
70.554 5.292 -2.36517 -1.57497 2 
73.120 5.292 -2.01485 -0.98715 2 
75.685 5.292 -2.75104 -0.91067 2 
78.251 5.292 -2.92762 -0.27449 2 
80.816 5.292 -2.81661 0.19058 2 
83.382 5.292 -2.75562 -0.42651 2 
85.948 5.292 -3.46021 -0.41705 2 
88.513 5.292 -3.52114 -0.59048 2 
91.079 5.292 -1.61376 -0.39023 2 
93.644 5.292 -3.44113 -0.09713 2 
96.210 5.292 -2.73473 1.85155 2 
98.776 5.292 -1.56382 2.33641 2 
101.341 5.292 -3.00270 2.14107 2 
103.907 5.292 -3.87463 1.96031 2 
106.472 5.292 -3.22462 3.09943 2 
109.038 5.292 0.91972 1.05143 2 
111.603 5.292 -0.43944 1.48581 2 
114.169 5.292 0.05214 2.05607 2 
116.735 5.292 2.02909 1.18498 2 
119.300 5.292 0.00000 -0.00000 0 
-8.980 2.726 6.81559 -0.51819 2 
-6.414 2.726 6.63995 -0.49444 2 
-3.848 2.726 6.51162 -0.62828 2 
-1.283 2.726 6.12958 -0.51662 2 
1.283 2.726 6.30325 -0.48173 2 
3.848 2.726 3.15163 -0.24087 2 
6.414 2.726 0.00000 -0.00000 0 
8.980 2.726 0.00000 -0.00000 0 
11.545 2.726 0.00000 -0.00000 0 
14.111 2.726 0.00000 -0.00000 0 
16.676 2.726 0.00000 -0.00000 0 
19.242 2.726 0.00000 -0.00000 0 
21.808 2.726 0.00000 -0.00000 0 
24.373 2.726 0.00000 -0.00000 0 
26.939 2.726 0.00000 -0.00000 0 
29.504 2.726 0.00000 -0.00000 0 
32.070 2.726 0.00000 -0.00000 0 
34.636 2.726 0.00000 -0.00000 0 
37.201 2.726 0.00000 -0.00000 0 
39.767 2.726 0.00000 -0.00000 0 
42.332 2.726 0.00000 -0.00000 0 
44.898 2.726 0.00000 -0.00000 0 
47.464 2.726 -0.50371 -0.16038 2 
50.029 2.726 -0.51388 0.00049 2 
52.595 2.726 -0.44875 -0.25974 2 
55.160 2.726 -0.64289 -0.22124 2 
57.726 2.726 -0.96842 -0.66081 2 
60.292 2.726 -0.87887 -0.62933 2 
62.857 2.726 -2.33186 -0.45293 2 
65.423 2.726 -1.74605 -0.77416 2 
67.988 2.726 -2.00562 -1.32217 2 
70.554 2.726 -1.67885 -0.88742 2 
73.120 2.726 -1.91631 -1.49369 2 
75.685 2.726 -2.34742 -0.18641 2 
78.251 2.726 -1.26400 -0.62876 2 
80.816 2.726 -2.12847 -0.09607 2 
83.382 2.726 -2.53020 -0.13827 2 
85.948 2.726 -3.48314 -0.20840 2 
88.513 2.726 -3.33569 -0.19601 2 
91.079 2.726 -3.18824 -0.18361 2 
93.644 2.726 -3.15796 0.31854 2 
96.210 2.726 -2.09614 2.40899 2 
98.776 2.726 -2.77805 1.45672 2 
101.341 2.726 -3.32293 2.99259 2 
103.907 2.726 -3.42097 3.33538 2 
106.472 2.726 -2.97428 3.83412 2 
109.038 2.726 -2.73093 3.69248 2 
111.603 2.726 -0.84173 2.44528 2 
114.169 2.726 -1.04465 2.99946 2 
116.735 2.726 -1.39613 2.35337 2 
119.300 2.726 -0.10733 -0.83124 1 
-8.980 0.160 6.62134 -0.63635 2 
-6.414 0.160 6.48431 -0.67402 2 
-3.848 0.160 6.35756 -0.67438 2 
-1.283 0.160 6.10463 -0.75422 2 
1.283 0.160 6.35061 -0.94731 2 
3.848 0.160 0.00000 -0.00000 0 
6.414 0.160 0.00000 -0.00000 0 
8.980 0.160 0.00000 -0.00000 0 
11.545 0.160 0.00000 -0.00000 0 
14.111 0.160 0.00000 -0.00000 0 
16.676 0.160 0.00000 -0.00000 0 
19.242 0.160 0.00000 -0.00000 0 
21.808 0.160 0.00000 -0.00000 0 
24.373 0.160 0.00000 -0.00000 0 
26.939 0.160 0.00000 -0.00000 0 
29.504 0.160 0.00000 -0.00000 0 
32.070 0.160 0.00000 -0.00000 0 
34.636 0.160 0.00000 -0.00000 0 
37.201 0.160 0.00000 -0.00000 0 
39.767 0.160 -0.31798 -0.09450 2 
42.332 0.160 -0.56379 -0.28181 2 
44.898 0.160 -0.27064 -0.03364 2 
47.464 0.160 -1.00742 -0.32075 2 
50.029 0.160 -0.92300 -0.67056 2 
52.595 0.160 -0.76284 -0.47254 2 
55.160 0.160 -0.93406 -0.74085 2 
57.726 0.160 -1.23582 -0.80391 2 
60.292 0.160 -1.28601 -1.09539 2 
62.857 0.160 -1.44410 -0.38053 2 
65.423 0.160 -1.62103 -0.97991 2 
67.988 0.160 -1.41129 -0.54310 2 
70.554 0.160 -1.40824 -1.26930 2 
73.120 0.160 -1.02229 -1.64509 2 
75.685 0.160 -0.90257 -0.53267 2 
78.251 0.160 -1.30462 -0.09157 2 
80.816 0.160 -1.80471 0.02920 2 
83.382 0.160 -2.30479 0.14997 2 
85.948 0.160 -3.03551 -0.48191 2 
88.513 0.160 -2.79704 0.14001 2 
91.079 0.160 -3.27807 0.56148 2 
93.644 0.160 -2.72140 -0.71589 2 
96.210 0.160 -1.83679 1.19735 2 
98.776 0.160 -2.54233 2.64217 2 
101.341 0.160 -3.64316 3.84412 2 
103.907 0.160 -2.96730 4.71045 2 
106.472 0.160 -2.60084 3.95496 2 
109.038 0.160 -0.95771 3.09800 2 
111.603 0.160 -3.56389 2.84121 2 
114.169 0.160 -0.53722 1.21248 2 
116.735 0.160 -2.57202 0.51479 2 
119.300 0.160 -0.29406 -1.27546 2 
-8.980 -2.405 6.79748 -0.63340 2 
-6.414 -2.405 6.56166 -0.91962 2 
-3.848 -2.405 6.61926 -0.78816 2 
-1.283 -2.405 6.22575 -0.81736 2 
1.283 -2.405 0.00000 -0.00000 0 
3.848 -2.405 0.00000 -0.00000 0 
6.414 -2.405 0.00000 -0.00000 0 
8.980 -2.405 0.00000 -0.00000 0 
11.545 -2.405 0.00000 -0.00000 0 
14.111 -2.405 0.00000 -0.00000 0 
16.676 -2.405 0.00000 -0.00000 0 
19.242 -2.405 0.00000 -0.00000 0 
21.808 -2.405 0.00000 -0.00000 0 
24.373 -2.405 0.00000 -0.00000 0 
26.939 -2.405 0.00000 -0.00000 0 
29.504 -2.405 0.00000 -0.00000 0 
32.070 -2.405 -0.68112 -0.27934 2 
34.636 -2.405 -0.29762 -0.24114 2 
37.201 -2.405 -0.64855 -0.13282 2 
39.767 -2.405 -0.55900 0.11578 2 
42.332 -2.405 -0.84952 -0.09647 2 
44.898 -2.405 -0.70687 -0.20749 2 
47.464 -2.405 -1.51798 -0.68816 2 
50.029 -2.405 -1.25678 -0.21255 2 
52.595 -2.405 -1.27137 -0.91957 2 
55.160 -2.405 -1.03067 -1.01089 2 
57.726 -2.405 -1.26427 -0.88447 2 
60.292 -2.405 -1.00983 -0.89536 2 
62.857 -2.405 -1.51175 -0.60962 2 
65.423 -2.405 -1.49602 -1.18565 2 
67.988 -2.405 -1.46055 -0.12875 2 
70.554 -2.405 -1.77935 -1.19197 2 
73.120 -2.405 -0.91445 -1.57585 2 
75.685 -2.405 -1.08967 -0.67147 2 
78.251 -2.405 -0.91184 -0.00278 2 
80.816 -2.405 -2.15363 -0.33716 2 
83.382 -2.405 -2.71922 -0.46850 2 
85.948 -2.405 -2.58788 -0.75543 2 
88.513 -2.405 -1.62990 0.06695 2 
91.079 -2.405 -3.12786 -0.25879 2 
93.644 -2.405 -1.92526 1.64182 2 
96.210 -2.405 -2.37441 1.41795 2 
98.776 -2.405 -2.30661 3.82763 2 
101.341 -2.405 -3.29998 4.68825 2 
103.907 -2.405 -2.85169 5.20273 2 
106.472 -2.405 -2.22740 4.07580 2 
109.038 -2.405 -3.24988 0.67626 2 
111.603 -2.405 -4.15502 1.03548 2 
114.169 -2.405 -0.02979 -0.57450 2 
116.735 -2.405 -3.74791 -1.32379 2 
119.300 -2.405 -0.01470 -0.12197 2 
-8.980 -4.971 6.74976 -0.92664 2 
-6.414 -4.971 6.75795 -0.78171 2 
-3.848 -4.971 6.58927 -0.92048 2 
-1.283 -4.971 6.39552 -1.04822 2 
1.283 -4.971 0.00000 -0.00000 0 
3.848 -4.971 0.00000 -0.00000 0 
6.414 -4.971 0.00000 -0.00000 0 
8.980 -4.971 0.00000 -0.00000 0 
11.545 -4.971 0.00000 -0.00000 0 
14.111 -4.971 0.00000 -0.00000 0 
16.676 -4.971 0.00000 -0.00000 0 
19.242 -4.971 0.00000 -0.00000 0 
21.808 -4.971 0.00000 -0.00000 0 
24.373 -4.971 -1.37209 -0.20223 2 
26.939 -4.971 -0.24111 -0.18981 2 
29.504 -4.971 -0.98821 -0.19612 2 
32.070 -4.971 -1.36225 -0.55868 2 
34.636 -4.971 -1.32968 -0.41216 2 
37.201 -4.971 -1.29711 -0.26563 2 
39.767 -4.971 -1.00032 -0.06148 2 
42.332 -4.971 -0.70353 0.14268 2 
44.898 -4.971 -1.14310 -0.38133 2 
47.464 -4.971 -0.94500 -0.39219 2 
50.029 -4.971 -1.33182 -0.65582 2 
52.595 -4.971 -1.18015 -0.65101 2 
55.160 -4.971 -1.02847 -0.64621 2 
57.726 -4.971 -1.29273 -0.96504 2 
60.292 -4.971 -0.73366 -0.69533 2 
62.857 -4.971 -1.19528 -0.66209 2 
65.423 -4.971 -0.61660 -1.10807 2 
67.988 -4.971 -1.54161 -0.43354 2 
70.554 -4.971 -1.61673 -0.90801 2 
73.120 -4.971 -1.00784 -0.19759 2 
75.685 -4.971 -0.20208 -0.98454 2 
78.251 -4.971 -0.52027 -0.78615 2 
80.816 -4.971 -2.61290 -0.46286 2 
83.382 -4.971 -2.09468 -0.08679 2 
85.948 -4.971 -1.57647 0.28929 2 
88.513 -4.971 -2.18993 -0.68949 2 
91.079 -4.971 -0.02965 0.39018 2 
93.644 -4.971 -1.26266 2.57586 2 
96.210 -4.971 -2.91203 1.63855 2 
98.776 -4.971 -1.11893 3.52168 2 
101.341 -4.971 -2.85310 5.54117 2 
103.907 -4.971 -2.73997 5.48517 2 
106.472 -4.971 -3.66422 1.66321 2 
109.038 -4.971 -4.57628 1.39486 2 
111.603 -4.971 -3.99849 1.14692 2 
114.169 -4.971 -4.42189 -0.44380 2 
116.735 -4.971 -3.63863 -2.08103 2 
119.300 -4.971 -0.04939 -0.10305 2 
-8.980 -7.536 7.08452 -0.77209 2 
-6.414 -7.536 6.87008 -0.98929 2 
-3.848 -7.536 6.66717 -1.08077 2 
-1.283 -7.536 6.74893 -1.28358 2 
1.283 -7.536 6.62984 -1.53743 2 
3.848 -7.536 0.00000 -0.00000 0 
6.414 -7.536 5.43134 -1.67009 2 
8.980 -7.536 3.24763 -1.24731 2 
11.545 -7.536 4.19579 -1.80829 2 
14.111 -7.536 -1.64406 0.18891 2 
16.676 -7.536 -0.34818 0.14607 2 
19.242 -7.536 -0.15595 0.25737 2 
21.808 -7.536 -0.39826 -0.41506 2 
24.373 -7.536 -2.74418 -0.40447 2 
26.939 -7.536 -2.08625 0.26676 2 
29.504 -7.536 -1.89243 -0.50824 2 
32.070 -7.536 -0.52752 -0.73389 2 
34.636 -7.536 -0.43462 -0.56052 2 
37.201 -7.536 -1.61374 0.01188 2 
39.767 -7.536 -1.12807 0.30412 2 
42.332 -7.536 -0.34111 0.34975 2 
44.898 -7.536 -0.87519 -0.52174 2 
47.464 -7.536 -1.54582 -0.98326 2 
50.029 -7.536 -1.71465 -0.68912 2 
52.595 -7.536 -1.32263 -0.72851 2 
55.160 -7.536 -1.04693 -0.73303 2 
57.726 -7.536 -1.23597 -0.85180 2 
60.292 -7.536 -1.02122 -0.79619 2 
62.857 -7.536 -0.87881 -0.71455 2 
65.423 -7.536 -0.63996 -1.32728 2 
67.988 -7.536 -0.79372 -0.88916 2 
70.554 -7.536 -0.20680 -1.19405 2 
73.120 -7.536 0.10912 -0.21112 2 
75.685 -7.536 0.47756 -0.98873 2 
78.251 -7.536 0.80955 -1.01963 2 
80.816 -7.536 0.80216 -0.69847 2 
83.382 -7.536 0.14567 -0.13103 2 
85.948 -7.536 -0.51083 0.43641 2 
88.513 -7.536 0.16630 0.03232 2 
91.079 -7.536 -0.51041 0.47506 2 
93.644 -7.536 -2.03336 0.94591 2 
96.210 -7.536 -1.85326 2.16232 2 
98.776 -7.536 0.06876 3.21573 2 
101.341 -7.536 -1.51809 3.56269 2 
103.907 -7.536 -2.29009 5.21696 2 
106.472 -7.536 -3.96345 0.90662 2 
109.038 -7.536 -4.86935 1.43647 2 
111.603 -7.536 -3.84197 1.25835 2 
114.169 -7.536 -1.82802 1.51896 2 
116.735 -7.536 -3.63661 -1.26410 2 
119.300 -7.536 -0.08409 -0.08414 2 
-8.980 -10.102 7.02729 -1.06050 2 
-6.414 -10.102 7.12462 -1.06898 2 
-3.848 -10.102 6.98994 -1.16794 2 
-1.283 -10.102 6.75394 -1.47041 2 
1.283 -10.102 6.76326 -1.69630 2 
3.848 -10.102 6.54312 -1.87675 2 
6.414 -10.102 6.31625 -2.00679 2 
8.980 -10.102 7.51975 -3.22880 2 
11.545 -10.102 8.39158 -3.61657 2 
14.111 -10.102 9.13991 -3.22912 2 
16.676 -10.102 9.55154 -3.04577 2 
19.242 -10.102 9.22723 -2.08138 2 
21.808 -10.102 8.93940 -1.96421 2 
24.373 -10.102 8.65156 -1.84705 2 
26.939 -10.102 5.97158 -1.19253 2 
29.504 -10.102 1.94982 -0.89310 2 
32.070 -10.102 1.81097 -1.01393 2 
34.636 -10.102 1.67212 -1.13476 2 
37.201 -10.102 2.08398 0.11227 2 
39.767 -10.102 1.25071 0.16137 2 
42.332 -10.102 0.02130 0.55683 2 
44.898 -10.102 0.55439 -0.00831 2 
47.464 -10.102 0.01449 -0.92231 2 
50.029 -10.102 -0.92852 -0.82726 2 
52.595 -10.102 -1.22475 -0.85019 2 
55.160 -10.102 -1.06538 -0.81985 2 
57.726 -10.102 -1.30121 -0.84415 2 
60.292 -10.102 -0.03282 -0.73371 2 
62.857 -10.102 -0.09134 -0.97270 2 
65.423 -10.102 0.13546 -1.36181 2 
67.988 -10.102 1.82422 -0.70095 2 
70.554 -10.102 0.07268 -1.30958 2 
73.120 -10.102 1.54844 -1.06471 2 
75.685 -10.102 1.06866 -0.43554 2 
78.251 -10.102 2.13938 -1.25311 2 
80.816 -10.102 4.22620 0.33775 2 
83.382 -10.102 3.14249 0.25290 2 
85.948 -10.102 2.05877 0.16806 2 
88.513 -10.102 2.52254 0.75412 2 
91.079 -10.102 2.11963 0.44322 2 
93.644 -10.102 0.81917 -0.24789 2 
96.210 -10.102 2.49211 3.28197 2 
98.776 -10.102 5.31622 4.64239 2 
101.341 -10.102 3.98233 4.45743 2 
103.907 -10.102 3.11407 3.64432 2 
106.472 -10.102 0.70174 2.42622 2 
109.038 -10.102 -0.98709 2.05081 2 
111.603 -10.102 -0.06941 3.30597 2 
114.169 -10.102 -2.49808 0.29018 2 
116.735 -10.102 -1.88658 -1.57135 2 
119.300 -10.102 -0.31567 -3.00633 2 
-8.980 -12.668 7.21277 -0.81272 2 
-6.414 -12.668 7.08282 -1.18056 2 
-3.848 -12.668 7.08744 -1.29175 2 
-1.283 -12.668 7.03028 -1.33939 2 
1.283 -12.668 7.16450 -1.71594 2 
3.848 -12.668 7.23254 -2.16062 2 
6.414 -12.668 7.20116 -2.34349 2 
8.980 -12.668 7.63898 -2.55348 2 
11.545 -12.668 8.00566 -2.81338 2 
14.111 -12.668 8.58455 -2.58268 2 
16.676 -12.668 9.05428 -2.46974 2 
19.242 -12.668 9.02755 -2.42441 2 
21.808 -12.668 8.97479 -2.14290 2 
24.373 -12.668 8.92203 -1.86140 2 
26.939 -12.668 8.93891 -1.61474 2 
29.504 -12.668 9.14216 -2.04948 2 
32.070 -12.668 8.58365 -0.15898 2 
34.636 -12.668 9.18090 -0.78035 2 
37.201 -12.668 5.78171 0.21267 2 
39.767 -12.668 3.62949 0.01863 2 
42.332 -12.668 1.47726 -0.17541 2 
44.898 -12.668 1.45940 -1.19490 2 
47.464 -12.668 0.37791 -0.52063 2 
50.029 -12.668 0.80103 -0.85062 2 
52.595 -12.668 0.18007 -0.59451 2 
55.160 -12.668 0.34347 -1.15095 2 
57.726 -12.668 -0.59686 -0.81149 2 
60.292 -12.668 -0.39952 -0.00803 2 
62.857 -12.668 0.69613 -1.23084 2 
65.423 -12.668 0.91088 -1.39635 2 
67.988 -12.668 -1.07399 -0.25121 2 
70.554 -12.668 3.17145 -1.03464 2 
73.120 -12.668 3.35969 -0.04841 2 
75.685 -12.668 2.51786 -0.91670 2 
78.251 -12.668 2.21661 0.36463 2 
80.816 -12.668 4.35937 0.39724 2 
83.382 -12.668 5.03743 0.06945 2 
85.948 -12.668 4.62838 -0.10029 2 
88.513 -12.668 5.00080 0.33737 2 
91.079 -12.668 4.19950 0.13595 2 
93.644 -12.668 5.38854 -0.80921 2 
96.210 -12.668 7.60406 2.93295 2 
98.776 -12.668 7.44762 3.37501 2 
101.341 -12.668 6.12120 2.32066 2 
103.907 -12.668 5.24679 3.69149 2 
106.472 -12.668 3.61175 2.46452 2 
109.038 -12.668 2.89516 2.66514 2 
111.603 -12.668 -0.01982 1.50280 2 
114.169 -12.668 -1.59460 0.93482 2 
116.735 -12.668 -0.96424 -1.42442 2 
119.300 -12.668 -0.31500 -4.28138 2 
-8.980 -15.233 7.17432 -1.11503 2 
-6.414 -15.233 7.15470 -1.01030 2 
-3.848 -15.233 7.17866 -1.26996 2 
-1.283 -15.233 7.20548 -1.52449 2 
1.283 -15.233 7.31931 -1.57286 2 
3.848 -15.233 7.27107 -1.91854 2 
6.414 -15.233 7.48173 -2.19454 2 
8.980 -15.233 7.82941 -2.28636 2 
11.545 -15.233 8.20312 -2.29739 2 
14.111 -15.233 8.50908 -2.30424 2 
16.676 -15.233 8.73134 -2.34425 2 
19.242 -15.233 9.08727 -2.22548 2 
21.808 -15.233 9.20327 -2.09420 2 
24.373 -15.233 9.19250 -1.87575 2 
26.939 -15.233 9.18261 -2.06665 2 
29.504 -15.233 9.53062 -1.67436 2 
32.070 -15.233 9.76502 -1.00327 2 
34.636 -15.233 9.79088 -1.03221 2 
37.201 -15.233 9.78011 -0.32976 2 
39.767 -15.233 8.78639 -0.51541 2 
42.332 -15.233 7.79268 -0.70105 2 
44.898 -15.233 7.07480 -0.89722 2 
47.464 -15.233 6.12233 -0.84987 2 
50.029 -15.233 4.49757 -1.04819 2 
52.595 -15.233 6.13231 -1.27980 2 
55.160 -15.233 1.75233 -1.48204 2 
57.726 -15.233 -0.23403 -0.33280 2 
60.292 -15.233 2.81979 0.05918 2 
62.857 -15.233 3.46588 -0.74216 2 
65.423 -15.233 3.95871 -0.88703 2 
67.988 -15.233 5.59687 0.00418 2 
70.554 -15.233 6.27023 -0.75969 2 
73.120 -15.233 5.85021 -0.16526 2 
75.685 -15.233 5.21692 0.38554 2 
78.251 -15.233 6.49555 0.09890 2 
80.816 -15.233 7.12112 0.38269 2 
83.382 -15.233 6.44437 0.10153 2 
85.948 -15.233 6.93532 0.60824 2 
88.513 -15.233 5.84424 -0.13812 2 
91.079 -15.233 7.12496 0.32444 2 
93.644 -15.233 9.23821 1.46752 2 
96.210 -15.233 9.02080 3.23897 2 
98.776 -15.233 9.27712 3.06700 2 
101.341 -15.233 6.60898 1.84193 2 
103.907 -15.233 7.49550 3.42046 2 
106.472 -15.233 6.73848 2.29108 2 
109.038 -15.233 6.58741 2.38863 2 
111.603 -15.233 1.57501 0.68189 2 
114.169 -15.233 -0.69113 1.57946 2 
116.735 -15.233 1.22467 -0.95218 2 
119.300 -15.233 0.00000 -0.00000 0 
-8.980 -17.799 7.39517 -0.97611 2 
-6.414 -17.799 7.35094 -1.11461 2 
-3.848 -17.799 7.35849 -1.23955 2 
-1.283 -17.799 7.31578 -1.35795 2 
1.283 -17.799 7.31184 -1.70844 2 
3.848 -17.799 7.74822 -1.66970 2 
6.414 -17.799 7.74519 -2.00658 2 
8.980 -17.799 7.99764 -2.28376 2 
11.545 -17.799 8.40702 -2.01505 2 
14.111 -17.799 8.53777 -2.15571 2 
16.676 -17.799 8.63755 -2.12287 2 
19.242 -17.799 8.84091 -1.96797 2 
21.808 -17.799 8.97757 -1.75470 2 
24.373 -17.799 9.07326 -1.68273 2 
26.939 -17.799 9.28816 -1.61687 2 
29.504 -17.799 9.34359 -1.46866 2 
32.070 -17.799 9.42560 -1.32906 2 
34.636 -17.799 9.46434 -0.97474 2 
37.201 -17.799 9.59911 -0.73119 2 
39.767 -17.799 9.13149 -0.69479 2 
42.332 -17.799 9.14927 -1.29423 2 
44.898 -17.799 8.08790 -1.04794 2 
47.464 -17.799 9.57799 -0.78793 2 
50.029 -17.799 8.19410 -1.24576 2 
52.595 -17.799 8.25154 -1.34682 2 
55.160 -17.799 6.09026 -1.49847 2 
57.726 -17.799 6.62399 -0.72786 2 
60.292 -17.799 5.01644 -0.12757 2 
62.857 -17.799 6.23563 -0.25348 2 
65.423 -17.799 6.11565 -0.28044 2 
67.988 -17.799 7.20748 -0.25059 2 
70.554 -17.799 7.89085 -0.25599 2 
73.120 -17.799 8.50482 0.19604 2 
75.685 -17.799 8.85823 0.52073 2 
78.251 -17.799 8.96723 0.61220 2 
80.816 -17.799 9.88287 0.36814 2 
83.382 -17.799 7.85130 0.13360 2 
85.948 -17.799 7.51856 0.51386 2 
88.513 -17.799 7.47598 0.73068 2 
91.079 -17.799 8.52465 1.00332 2 
93.644 -17.799 9.42089 2.85896 2 
96.210 -17.799 9.58847 2.49607 2 
98.776 -17.799 8.92597 1.53252 2 
101.341 -17.799 9.38929 2.47735 2 
103.907 -17.799 8.42882 2.64387 2 
106.472 -17.799 7.68309 1.99354 2 
109.038 -17.799 7.61620 1.48763 2 
111.603 -17.799 7.11620 0.54502 2 
114.169 -17.799 5.74415 -0.37300 2 
116.735 -17.799 4.68015 -0.15461 2 
119.300 -17.799 0.00000 -0.00000 0 
-8.980 -20.364 7.62456 -1.03515 2 
-6.414 -20.364 7.40724 -0.97682 2 
-3.848 -20.364 7.40733 -1.24611 2 
-1.283 -20.364 7.49736 -1.34912 2 
1.283 -20.364 7.56166 -1.49683 2 
3.848 -20.364 7.63754 -1.69353 2 
6.414 -20.364 7.72383 -1.91360 2 
8.980 -20.364 8.05347 -1.79969 2 
11.545 -20.364 8.31809 -1.94873 2 
14.111 -20.364 8.41681 -1.99340 2 
16.676 -20.364 8.58602 -1.93025 2 
19.242 -20.364 8.89663 -1.77331 2 
21.808 -20.364 9.08572 -1.72075 2 
24.373 -20.364 8.96834 -1.63088 2 
26.939 -20.364 9.00341 -1.65823 2 
29.504 -20.364 9.10521 -1.28093 2 
32.070 -20.364 9.34265 -1.01876 2 
34.636 -20.364 9.27588 -1.16368 2 
37.201 -20.364 9.35332 -0.97401 2 
39.767 -20.364 9.13202 -0.91981 2 
42.332 -20.364 9.12285 -0.86637 2 
44.898 -20.364 9.10101 -1.19866 2 
47.464 -20.364 9.00422 -1.08854 2 
50.029 -20.364 8.74246 -1.25556 2 
52.595 -20.364 9.35719 -1.33855 2 
55.160 -20.364 9.08891 -1.12658 2 
57.726 -20.364 8.82064 -0.91460 2 
60.292 -20.364 7.21309 -0.31431 2 
62.857 -20.364 8.64234 -0.74819 2 
65.423 -20.364 9.03300 -0.34815 2 
67.988 -20.364 9.22201 -0.50878 2 
70.554 -20.364 8.75330 -0.32986 2 
73.120 -20.364 9.94758 0.01783 2 
75.685 -20.364 9.82225 0.31103 2 
78.251 -20.364 9.61564 -0.12864 2 
80.816 -20.364 9.95920 0.52304 2 
83.382 -20.364 10.18191 0.57379 2 
85.948 -20.364 8.70674 0.44269 2 
88.513 -20.364 9.29326 1.01298 2 
91.079 -20.364 9.92435 1.68220 2 
93.644 -20.364 9.74084 2.15458 2 
96.210 -20.364 9.78908 2.29277 2 
98.776 -20.364 9.36501 2.20452 2 
101.341 -20.364 8.93569 2.18898 2 
103.907 -20.364 8.71897 2.05499 2 
106.472 -20.364 8.09216 1.88935 2 
109.038 -20.364 7.55397 1.48000 2 
111.603 -20.364 7.56237 0.89114 2 
114.169 -20.364 7.77529 0.75927 2 
116.735 -20.364 8.13562 0.64296 2 
119.300 -20.364 0.00000 -0.00000 0 
-8.980 -22.930 7.45934 -1.00256 2 
-6.414 -22.930 7.44264 -1.10072 2 
-3.848 -22.930 7.36231 -1.11478 2 
-1.283 -22.930 7.72670 -1.13075 2 
1.283 -22.930 7.65917 -1.47967 2 
3.848 -22.930 7.73419 -1.42395 2 
6.414 -22.930 7.91626 -1.61842 2 
8.980 -22.930 8.03277 -1.63863 2 
11.545 -22.930 8.35954 -1.78320 2 
14.111 -22.930 8.47043 -1.74967 2 
16.676 -22.930 8.82307 -1.64089 2 
19.242 -22.930 8.66215 -1.59886 2 
21.808 -22.930 8.83199 -1.64140 2 
24.373 -22.930 8.87098 -1.36398 2 
26.939 -22.930 9.08162 -1.21556 2 
29.504 -22.930 9.15338 -1.16625 2 
32.070 -22.930 9.02024 -1.32739 2 
34.636 -22.930 9.20411 -1.15576 2 
37.201 -22.930 9.31201 -0.98968 2 
39.767 -22.930 9.01225 -0.96611 2 
42.332 -22.930 9.16082 -1.00824 2 
44.898 -22.930 9.20453 -1.03879 2 
47.464 -22.930 9.31694 -0.99803 2 
50.029 -22.930 9.29082 -1.26536 2 
52.595 -22.930 9.44926 -1.25499 2 
55.160 -22.930 9.67434 -1.05498 2 
57.726 -22.930 9.89942 -0.85497 2 
60.292 -22.930 9.40974 -0.50106 2 
62.857 -22.930 9.75565 -0.66360 2 
65.423 -22.930 9.84016 -0.18096 2 
67.988 -22.930 9.60131 -0.20302 2 
70.554 -22.930 9.61575 -0.40374 2 
73.120 -22.930 9.80434 -0.16472 2 
75.685 -22.930 9.79998 0.28968 2 
78.251 -22.930 9.95062 0.11624 2 
80.816 -22.930 9.81699 0.31825 2 
83.382 -22.930 9.76182 0.29657 2 
85.948 -22.930 9.89493 0.37151 2 
88.513 -22.930 10.10065 0.72331 2 
91.079 -22.930 10.30637 1.07510 2 
93.644 -22.930 10.06079 1.45020 2 
96.210 -22.930 9.74045 1.55934 2 
98.776 -22.930 9.27711 1.80053 2 
101.341 -22.930 8.93412 1.71738 2 
103.907 -22.930 8.68282 1.66981 2 
106.472 -22.930 8.31368 1.72391 2 
109.038 -22.930 8.37418 1.20665 2 
111.603 -22.930 7.80764 0.88152 2 
114.169 -22.930 7.74074 0.82370 2 
116.735 -22.930 8.06349 0.68693 2 
119.300 -22.930 0.00000 -0.00000 0 
-8.980 -25.496 7.45137 -0.85698 2 
-6.414 -25.496 7.60811 -1.07224 2 
-3.848 -25.496 7.78887 -1.05784 2 
-1.283 -25.496 7.65676 -1.07490 2 
1.283 -25.496 7.72417 -1.36190 2 
3.848 -25.496 7.84714 -1.33654 2 
6.414 -25.496 8.02770 -1.48844 2 
8.980 -25.496 8.13936 -1.55651 2 
11.545 -25.496 8.23284 -1.56335 2 
14.111 -25.496 8.45960 -1.69164 2 
16.676 -25.496 8.54532 -1.46803 2 
19.242 -25.496 8.62323 -1.54495 2 
21.808 -25.496 8.82948 -1.52335 2 
24.373 -25.496 8.96631 -1.42144 2 
26.939 -25.496 8.99622 -1.33890 2 
29.504 -25.496 9.13039 -1.05724 2 
32.070 -25.496 9.12466 -1.18013 2 
34.636 -25.496 9.10259 -1.04843 2 
37.201 -25.496 9.01646 -0.97055 2 
39.767 -25.496 9.31445 -1.06446 2 
42.332 -25.496 9.08752 -0.88994 2 
44.898 -25.496 9.18028 -0.84012 2 
47.464 -25.496 9.22018 -1.15651 2 
50.029 -25.496 9.38679 -0.87613 2 
52.595 -25.496 9.57490 -0.98029 2 
55.160 -25.496 9.60800 -0.88182 2 
57.726 -25.496 9.71159 -0.70039 2 
60.292 -25.496 9.50486 -0.38452 2 
62.857 -25.496 9.59609 -0.73807 2 
65.423 -25.496 9.56133 -0.25668 2 
67.988 -25.496 9.60705 -0.27033 2 
70.554 -25.496 9.55172 -0.17719 2 
73.120 -25.496 9.72644 -0.16658 2 
75.685 -25.496 9.58708 0.21702 2 
78.251 -25.496 9.63262 0.09333 2 
80.816 -25.496 9.50953 0.17013 2 
83.382 -25.496 9.82126 0.33278 2 
85.948 -25.496 9.71794 0.38892 2 
88.513 -25.496 9.92527 0.58726 2 
91.079 -25.496 9.94162 0.95665 2 
93.644 -25.496 9.77456 0.90903 2 
96.210 -25.496 9.35149 1.21111 2 
98.776 -25.496 9.20529 1.26797 2 
101.341 -25.496 9.03576 1.35298 2 
103.907 -25.496 8.76343 1.46356 2 
106.472 -25.496 8.62227 1.43042 2 
109.038 -25.496 8.12706 1.18219 2 
111.603 -25.496 8.22527 1.02891 2 
114.169 -25.496 7.96507 0.78208 2 
116.735 -25.496 8.38348 0.70068 2 
119.300 -25.496 0.00000 -0.00000 0 
-8.980 -28.061 7.49399 -1.06283 2 
-6.414 -28.061 7.59151 -0.90276 2 
-3.848 -28.061 7.76473 -1.05326 2 
-1.283 -28.061 7.75704 -1.14861 2 
1.283 -28.061 7.90920 -1.09831 2 
3.848 -28.061 7.89886 -1.40630 2 
6.414 -28.061 8.08509 -1.40186 2 
8.980 -28.061 8.15106 -1.48472 2 
11.545 -28.061 8.37061 -1.31190 2 
14.111 -28.061 8.49203 -1.26780 2 
16.676 -28.061 8.58786 -1.49689 2 
19.242 -28.061 8.64910 -1.34909 2 
21.808 -28.061 8.79607 -1.21290 2 
24.373 -28.061 8.66468 -1.39326 2 
26.939 -28.061 8.83011 -0.99836 2 
29.504 -28.061 9.07158 -1.21630 2 
32.070 -28.061 8.98315 -1.07091 2 
34.636 -28.061 9.16704 -1.03173 2 
37.201 -28.061 9.12726 -1.08959 2 
39.767 -28.061 9.00811 -0.84185 2 
42.332 -28.061 9.25786 -1.05820 2 
44.898 -28.061 9.16352 -0.80679 2 
47.464 -28.061 9.34519 -0.72221 2 
50.029 -28.061 9.25601 -0.78213 2 
52.595 -28.061 9.35659 -0.83624 2 
55.160 -28.061 9.45357 -0.68387 2 
57.726 -28.061 9.52377 -0.54580 2 
60.292 -28.061 9.44946 -0.57509 2 
62.857 -28.061 9.67562 -0.41594 2 
65.423 -28.061 9.35319 -0.45117 2 
67.988 -28.061 9.50066 -0.22187 2 
70.554 -28.061 9.69073 -0.28219 2 
73.120 -28.061 9.59469 -0.03125 2 
75.685 -28.061 9.59567 -0.04514 2 
78.251 -28.061 9.53186 0.14400 2 
80.816 -28.061 9.85885 0.29384 2 
83.382 -28.061 9.58499 0.31502 2 
85.948 -28.061 9.71408 0.37882 2 
88.513 -28.061 9.50843 0.72134 2 
91.079 -28.061 9.47471 0.75700 2 
93.644 -28.061 9.28395 0.84698 2 
96.210 -28.061 9.33951 1.10718 2 
98.776 -28.061 9.30841 1.01905 2 
101.341 -28.061 8.95520 1.14226 2 
103.907 -28.061 8.68382 1.15040 2 
106.472 -28.061 8.67840 1.10520 2 
109.038 -28.061 8.59748 1.09170 2 
111.603 -28.061 8.41479 0.86976 2 
114.169 -28.061 8.30149 0.80546 2 
116.735 -28.061 8.37800 1.02612 2 
119.300 -28.061 0.00000 -0.00000 0 
-8.980 -30.627 7.69848 -0.88378 2 
-6.414 -30.627 7.77454 -0.96411 2 
-3.848 -30.627 7.84202 -1.14203 2 
-1.283 -30.627 7.79422 -0.96333 2 
1.283 -30.627 7.96546 -1.09322 2 
3.848 -30.627 8.02772 -1.08941 2 
6.414 -30.627 8.19491 -1.34843 2 
8.980 -30.627 8.17325 -1.11640 2 
11.545 -30.627 8.34545 -1.28623 2 
14.111 -30.627 8.49514 -1.36393 2 
16.676 -30.627 8.50833 -1.35626 2 
19.242 -30.627 8.62666 -1.20283 2 
21.808 -30.627 8.78156 -1.19633 2 
24.373 -30.627 8.75619 -1.09888 2 
26.939 -30.627 8.85121 -1.24342 2 
29.504 -30.627 8.86259 -1.11002 2 
32.070 -30.627 8.96900 -0.97909 2 
34.636 -30.627 8.85529 -0.94852 2 
37.201 -30.627 8.95948 -0.90461 2 
39.767 -30.627 9.00411 -0.89632 2 
42.332 -30.627 9.13738 -0.85612 2 
44.898 -30.627 9.08626 -0.83990 2 
47.464 -30.627 9.22464 -0.72622 2 
50.029 -30.627 9.37018 -0.69390 2 
52.595 -30.627 9.40863 -0.66359 2 
55.160 -30.627 9.50436 -0.63455 2 
57.726 -30.627 9.34629 -0.50228 2 
60.292 -30.627 9.47814 -0.44491 2 
62.857 -30.627 9.35770 -0.40367 2 
65.423 -30.627 9.39987 -0.36116 2 
67.988 -30.627 9.33963 -0.36731 2 
70.554 -30.627 9.45179 -0.12628 2 
73.120 -30.627 9.55475 0.14845 2 
75.685 -30.627 9.46773 -0.02650 2 
78.251 -30.627 9.47436 -0.00414 2 
80.816 -30.627 9.52301 0.22489 2 
83.382 -30.627 9.50054 0.38220 2 
85.948 -30.627 9.52625 0.40835 2 
88.513 -30.627 9.51818 0.47760 2 
91.079 -30.627 9.37134 0.81500 2 
93.644 -30.627 9.29645 0.76861 2 
96.210 -30.627 9.19044 0.66872 2 
98.776 -30.627 8.94533 0.99549 2 
101.341 -30.627 9.00437 0.93192 2 
103.907 -30.627 8.71960 1.03119 2 
106.472 -30.627 8.68014 1.00741 2 
109.038 -30.627 8.65226 0.99411 2 
111.603 -30.627 8.39266 0.91177 2 
114.169 -30.627 8.22548 0.63858 2 
116.735 -30.627 8.78647 0.95612 2 
119.300 -30.627 0.00000 -0.00000 0 
-8.980 -33.192 7.59344 -0.93796 2 
-6.414 -33.192 7.77755 -1.06599 2 
-3.848 -33.192 7.75506 -0.86353 2 
-1.283 -33.192 7.94497 -0.99719 2 
1.283 -33.192 7.94424 -1.13281 2 
3.848 -33.192 8.10152 -0.98472 2 
6.414 -33.192 8.06299 -1.09683 2 
8.980 -33.192 8.27171 -1.21403 2 
11.545 -33.192 8.27818 -1.20679 2 
14.111 -33.192 8.33609 -1.17721 2 
16.676 -33.192 8.60976 -1.16271 2 
19.242 -33.192 8.60485 -1.11463 2 
21.808 -33.192 8.58980 -1.00625 2 
24.373 -33.192 8.55836 -1.02426 2 
26.939 -33.192 8.64342 -1.03653 2 
29.504 -33.192 8.92740 -1.17881 2 
32.070 -33.192 8.87578 -0.96794 2 
34.636 -33.192 8.96876 -0.89977 2 
37.201 -33.192 9.05426 -0.93851 2 
39.767 -33.192 8.98778 -0.77243 2 
42.332 -33.192 9.08709 -0.80098 2 
44.898 -33.192 9.20058 -0.81143 2 
47.464 -33.192 9.03215 -0.70495 2 
50.029 -33.192 9.22394 -0.60647 2 
52.595 -33.192 9.17996 -0.70047 2 
55.160 -33.192 9.44314 -0.67203 2 
57.726 -33.192 9.28517 -0.50509 2 
60.292 -33.192 9.35341 -0.47090 2 
62.857 -33.192 9.35193 -0.29251 2 
65.423 -33.192 9.29650 -0.18428 2 
67.988 -33.192 9.41026 -0.18018 2 
70.554 -33.192 9.34707 -0.20220 2 
73.120 -33.192 9.36142 -0.02903 2 
75.685 -33.192 9.27683 0.08680 2 
78.251 -33.192 9.53132 0.31320 2 
80.816 -33.192 9.31282 0.20264 2 
83.382 -33.192 9.29244 0.31043 2 
85.948 -33.192 9.38335 0.49213 2 
88.513 -33.192 9.44744 0.57328 2 
91.079 -33.192 9.17783 0.58047 2 
93.644 -33.192 9.23383 0.61055 2 
96.210 -33.192 9.04638 0.84454 2 
98.776 -33.192 8.95139 0.85160 2 
101.341 -33.192 8.83968 0.90211 2 
103.907 -33.192 8.84531 0.81021 2 
106.472 -33.192 8.64968 0.87633 2 
109.038 -33.192 8.64649 0.81935 2 
111.603 -33.192 8.47250 0.81478 2 
114.169 -33.192 8.50651 0.86634 2 
116.735 -33.192 8.85436 0.94751 2 
119.300 -33.192 0.00000 -0.00000 0 
-8.980 -35.758 7.81798 -0.72457 2 
-6.414 -35.758 7.74461 -0.98785 2 
-3.848 -35.758 7.94713 -0.73952 2 
-1.283 -35.758 7.85460 -0.98222 2 
1.283 -35.758 8.10824 -1.00247 2 
3.848 -35.758 8.00699 -0.84845 2 
6.414 -35.758 8.29505 -1.12995 2 
8.980 -35.758 8.16074 -1.02693 2 
11.545 -35.758 8.40878 -0.96521 2 
14.111 -35.758 8.42533 -1.01773 2 
16.676 -35.758 8.61669 -1.05552 2 
19.242 -35.758 8.68437 -1.07155 2 
21.808 -35.758 8.68227 -1.05481 2 
24.373 -35.758 8.76819 -0.98031 2 
26.939 -35.758 8.72091 -0.92612 2 
29.504 -35.758 8.87224 -0.97862 2 
32.070 -35.758 8.82112 -0.98632 2 
34.636 -35.758 8.90845 -0.92018 2 
37.201 -35.758 8.85921 -0.81246 2 
39.767 -35.758 9.06117 -0.83972 2 
42.332 -35.758 9.06332 -0.74141 2 
44.898 -35.758 9.06217 -0.74267 2 
47.464 -35.758 9.21433 -0.68138 2 
50.029 -35.758 9.07185 -0.62003 2 
52.595 -35.758 9.41954 -0.58400 2 
55.160 -35.758 9.11620 -0.46945 2 
57.726 -35.758 9.36259 -0.44873 2 
60.292 -35.758 9.15794 -0.33776 2 
62.857 -35.758 9.20640 -0.57933 2 
65.423 -35.758 9.45870 -0.27677 2 
67.988 -35.758 9.19646 -0.00625 2 
70.554 -35.758 9.21269 -0.18455 2 
73.120 -35.758 9.23210 -0.01008 2 
75.685 -35.758 9.47263 0.09812 2 
78.251 -35.758 9.12391 0.19117 2 
80.816 -35.758 9.29430 0.14350 2 
83.382 -35.758 9.27827 0.25088 2 
85.948 -35.758 9.23915 0.48850 2 
88.513 -35.758 9.15680 0.49237 2 
91.079 -35.758 9.07943 0.68109 2 
93.644 -35.758 9.05801 0.65387 2 
96.210 -35.758 9.02943 0.78412 2 
98.776 -35.758 8.96837 0.66460 2 
101.341 -35.758 8.93274 0.84120 2 
103.907 -35.758 8.68371 0.57659 2 
106.472 -35.758 8.64383 0.84358 2 
109.038 -35.758 8.60732 0.88944 2 
111.603 -35.758 8.62362 0.72915 2 
114.169 -35.758 8.32439 0.63810 2 
116.735 -35.758 8.92225 0.93891 2 
119.300 -35.758 0.00000 -0.00000 0 
-8.980 -38.324 7.68382 -0.91674 2 
-6.414 -38.324 7.87779 -0.86599 2 
-3.848 -38.324 8.10565 -0.98200 2 
-1.283 -38.324 8.07022 -0.93083 2 
1.283 -38.324 8.09378 -0.98931 2 
3.848 -38.324 8.23005 -0.96695 2 
6.414 -38.324 8.11258 -0.99664 2 
8.980 -38.324 8.27969 -0.97632 2 
11.545 -38.324 8.28038 -1.02526 2 
14.111 -38.324 8.33850 -0.99744 2 
16.676 -38.324 8.46138 -1.07150 2 
19.242 -38.324 8.69746 -1.01148 2 
21.808 -38.324 8.55062 -1.04093 2 
24.373 -38.324 8.71519 -0.87296 2 
26.939 -38.324 8.73377 -0.92950 2 
29.504 -38.324 8.66183 -0.87671 2 
32.070 -38.324 8.85390 -0.80759 2 
34.636 -38.324 8.88082 -0.77250 2 
37.201 -38.324 8.87963 -0.77187 2 
39.767 -38.324 8.99699 -0.64180 2 
42.332 -38.324 8.89699 -0.76237 2 
44.898 -38.324 9.18768 -0.76646 2 
47.464 -38.324 9.12669 -0.57580 2 
50.029 -38.324 8.87987 -0.51768 2 
52.595 -38.324 8.99146 -0.59691 2 
55.160 -38.324 9.09856 -0.48384 2 
57.726 -38.324 8.99800 -0.60674 2 
60.292 -38.324 9.12469 -0.23013 2 
62.857 -38.324 9.11209 -0.24743 2 
65.423 -38.324 9.09713 -0.33015 2 
67.988 -38.324 9.26679 -0.12182 2 
70.554 -38.324 9.11132 -0.11337 2 
73.120 -38.324 9.26645 0.03588 2 
75.685 -38.324 9.16870 0.12532 2 
78.251 -38.324 9.18797 0.02783 2 
80.816 -38.324 9.27366 0.16761 2 
83.382 -38.324 9.09644 0.47347 2 
85.948 -38.324 9.02640 0.46341 2 
88.513 -38.324 9.20512 0.54536 2 
91.079 -38.324 9.05651 0.35614 2 
93.644 -38.324 9.07151 0.62510 2 
96.210 -38.324 8.88732 0.65998 2 
98.776 -38.324 8.92208 0.72996 2 
101.341 -38.324 8.71346 0.83468 2 
103.907 -38.324 8.86918 0.70064 2 
106.472 -38.324 8.72951 0.82377 2 
109.038 -38.324 8.63888 0.62583 2 
111.603 -38.324 8.51352 0.67517 2 
114.169 -38.324 8.43219 0.83250 2 
116.735 -38.324 8.78068 0.66342 2 
119.300 -38.324 0.00000 -0.00000 0 
-8.980 -40.889 7.98836 -0.79775 2 
-6.414 -40.889 8.06639 -0.72487 2 
-3.848 -40.889 7.99746 -0.78347 2 
-1.283 -40.889 8.00326 -0.87032 2 
1.283 -40.889 7.92064 -0.86493 2 
3.848 -40.889 8.23433 -0.90695 2 
6.414 -40.889 8.22652 -0.92153 2 
8.980 -40.889 8.37518 -0.87374 2 
11.545 -40.889 8.41594 -0.98262 2 
14.111 -40.889 8.45963 -0.96372 2 
16.676 -40.889 8.56081 -0.84550 2 
19.242 -40.889 8.58220 -0.90980 2 
21.808 -40.889 8.70042 -0.86518 2 
24.373 -40.889 8.56807 -0.90430 2 
26.939 -40.889 8.68317 -0.91166 2 
29.504 -40.889 8.74910 -0.84089 2 
32.070 -40.889 8.83072 -0.82271 2 
34.636 -40.889 8.87166 -0.82224 2 
37.201 -40.889 8.90004 -0.73128 2 
39.767 -40.889 8.88940 -0.75778 2 
42.332 -40.889 8.90832 -0.77232 2 
44.898 -40.889 8.93119 -0.58670 2 
47.464 -40.889 9.22393 -0.55114 2 
50.029 -40.889 9.11932 -0.52862 2 
52.595 -40.889 9.05371 -0.53522 2 
55.160 -40.889 9.28212 -0.38205 2 
57.726 -40.889 8.97801 -0.40752 2 
60.292 -40.889 9.20288 -0.40617 2 
62.857 -40.889 9.14749 -0.38722 2 
65.423 -40.889 9.09516 -0.09423 2 
67.988 -40.889 9.18289 -0.17458 2 
70.554 -40.889 9.17646 0.09805 2 
73.120 -40.889 9.14722 -0.03729 2 
75.685 -40.889 9.00550 0.12302 2 
78.251 -40.889 9.16787 0.18838 2 
80.816 -40.889 9.09244 0.15670 2 
83.382 -40.889 9.07532 0.31153 2 
85.948 -40.889 9.19693 0.20570 2 
88.513 -40.889 8.97288 0.42031 2 
91.079 -40.889 9.18808 0.50407 2 
93.644 -40.889 9.00515 0.53833 2 
96.210 -40.889 8.87859 0.70743 2 
98.776 -40.889 8.81304 0.59002 2 
101.341 -40.889 8.79218 0.61622 2 
103.907 -40.889 8.66559 0.53713 2 
106.472 -40.889 8.71012 0.73954 2 
109.038 -40.889 8.59401 0.73251 2 
111.603 -40.889 8.57127 0.64059 2 
114.169 -40.889 8.67801 0.61885 2 
116.735 -40.889 8.85240 0.73790 2 
119.300 -40.889 0.00000 -0.00000 0 
-8.980 -43.455 7.91383 -0.79492 2 
-6.414 -43.455 7.94220 -0.91641 2 
-3.848 -43.455 7.95429 -0.80933 2 
-1.283 -43.455 7.83792 -0.83727 2 
1.283 -43.455 8.22626 -0.86691 2 
3.848 -43.455 8.15971 -0.80479 2 
6.414 -43.455 8.24580 -0.91041 2 
8.980 -43.455 8.27406 -0.96267 2 
11.545 -43.455 8.30921 -0.93420 2 
14.111 -43.455 8.39501 -0.89337 2 
16.676 -43.455 8.43940 -1.02306 2 
19.242 -43.455 8.51496 -0.90825 2 
21.808 -43.455 8.60741 -0.89739 2 
24.373 -43.455 8.73628 -0.83372 2 
26.939 -43.455 8.62935 -0.80601 2 
29.504 -43.455 8.91277 -0.78361 2 
32.070 -43.455 8.64498 -0.79633 2 
34.636 -43.455 8.90018 -0.77256 2 
37.201 -43.455 8.67203 -0.72396 2 
39.767 -43.455 8.92915 -0.74646 2 
42.332 -43.455 8.82197 -0.66745 2 
44.898 -43.455 8.88447 -0.75410 2 
47.464 -43.455 9.05350 -0.38133 2 
50.029 -43.455 8.81286 -0.65272 2 
52.595 -43.455 9.03537 -0.46967 2 
55.160 -43.455 9.12063 -0.61472 2 
57.726 -43.455 8.97063 -0.28606 2 
60.292 -43.455 9.06338 -0.41264 2 
62.857 -43.455 8.99666 -0.32565 2 
65.423 -43.455 9.11483 -0.12359 2 
67.988 -43.455 9.17164 -0.00248 2 
70.554 -43.455 9.14089 -0.09876 2 
73.120 -43.455 9.10482 0.04735 2 
75.685 -43.455 9.14220 -0.01771 2 
78.251 -43.455 9.06097 0.09831 2 
80.816 -43.455 9.07821 0.16622 2 
83.382 -43.455 8.99779 0.24390 2 
85.948 -43.455 9.10212 0.42782 2 
88.513 -43.455 8.92709 0.44279 2 
91.079 -43.455 8.90220 0.45657 2 
93.644 -43.455 8.85299 0.46944 2 
96.210 -43.455 8.92147 0.43710 2 
98.776 -43.455 8.85009 0.63883 2 
101.341 -43.455 8.76267 0.50264 2 
103.907 -43.455 8.69658 0.70883 2 
106.472 -43.455 8.70995 0.42208 2 
109.038 -43.455 8.62773 0.63276 2 
111.603 -43.455 8.45007 0.63648 2 
114.169 -43.455 8.45590 0.68284 2 
116.735 -43.455 8.92413 0.81238 2 
119.300 -43.455 0.00000 -0.00000 0 
-8.980 -46.020 8.00183 -0.75910 2 
-6.414 -46.020 7.96713 -0.84582 2 
-3.848 -46.020 8.03616 -0.78272 2 
-1.283 -46.020 8.02464 -0.73323 2 
1.283 -46.020 8.11823 -0.80494 2 
3.848 -46.020 8.26613 -0.82700 2 
6.414 -46.020 8.20736 -0.79874 2 
8.980 -46.020 8.33209 -0.70927 2 
11.545 -46.020 8.39000 -0.79935 2 
14.111 -46.020 8.37248 -0.91383 2 
16.676 -46.020 8.52343 -0.83557 2 
19.242 -46.020 8.52966 -0.78928 2 
21.808 -46.020 8.56159 -0.68094 2 
24.373 -46.020 8.60612 -0.91408 2 
26.939 -46.020 8.70883 -0.65598 2 
29.504 -46.020 8.79072 -0.85805 2 
32.070 -46.020 8.88151 -0.72653 2 
34.636 -46.020 8.63718 -0.88649 2 
37.201 -46.020 8.89800 -0.65840 2 
39.767 -46.020 8.97245 -0.57925 2 
42.332 -46.020 8.81562 -0.75256 2 
44.898 -46.020 8.78087 -0.47269 2 
47.464 -46.020 8.89393 -0.56137 2 
50.029 -46.020 9.07093 -0.61730 2 
52.595 -46.020 8.95598 -0.48002 2 
55.160 -46.020 8.96674 -0.18915 2 
57.726 -46.020 9.23196 -0.51293 2 
60.292 -46.020 8.94185 -0.30228 2 
62.857 -46.020 9.08225 -0.15817 2 
65.423 -46.020 8.96053 -0.27767 2 
67.988 -46.020 8.97239 -0.04761 2 
70.554 -46.020 9.07750 0.01031 2 
73.120 -46.020 9.03245 -0.05500 2 
75.685 -46.020 8.97791 -0.01510 2 
78.251 -46.020 9.03180 0.31445 2 
80.816 -46.020 8.93296 0.29063 2 
83.382 -46.020 9.00492 0.34140 2 
85.948 -46.020 8.99974 0.24039 2 
88.513 -46.020 9.05043 0.32131 2 
91.079 -46.020 8.95719 0.49727 2 
93.644 -46.020 9.05689 0.43780 2 
96.210 -46.020 8.68363 0.50304 2 
98.776 -46.020 8.87307 0.64590 2 
101.341 -46.020 8.72566 0.43678 2 
103.907 -46.020 8.67543 0.66639 2 
106.472 -46.020 8.70711 0.67616 2 
109.038 -46.020 8.76035 0.53388 2 
111.603 -46.020 8.59580 0.61621 2 
114.169 -46.020 8.44356 0.61942 2 
116.735 -46.020 8.89524 0.75189 2 
119.300 -46.020 0.00000 -0.00000 0 
-8.980 -48.586 8.08983 -0.72328 2 
-6.414 -48.586 7.86129 -0.74021 2 
-3.848 -48.586 8.04347 -0.75694 2 
-1.283 -48.586 8.20374 -0.79599 2 
1.283 -48.586 8.15457 -0.77172 2 
3.848 -48.586 8.24457 -0.79674 2 
6.414 -48.586 8.24376 -0.77693 2 
8.980 -48.586 8.35376 -0.88674 2 
11.545 -48.586 8.39662 -0.91419 2 
14.111 -48.586 8.51226 -0.72866 2 
16.676 -48.586 8.47618 -0.80524 2 
19.242 -48.586 8.46628 -0.84703 2 
21.808 -48.586 8.62218 -0.70051 2 
24.373 -48.586 8.58120 -0.75874 2 
26.939 -48.586 8.56638 -0.88031 2 
29.504 -48.586 8.70719 -0.55811 2 
32.070 -48.586 8.63910 -0.78816 2 
34.636 -48.586 8.83075 -0.66571 2 
37.201 -48.586 8.75630 -0.59444 2 
39.767 -48.586 8.82035 -0.75041 2 
42.332 -48.586 8.86343 -0.55368 2 
44.898 -48.586 8.93760 -0.54908 2 
47.464 -48.586 8.89534 -0.50218 2 
50.029 -48.586 8.86544 -0.53902 2 
52.595 -48.586 8.88222 -0.45434 2 
55.160 -48.586 8.88940 -0.43666 2 
57.726 -48.586 8.81308 -0.30280 2 
60.292 -48.586 8.87318 -0.37356 2 
62.857 -48.586 8.95560 -0.23229 2 
65.423 -48.586 8.99963 -0.12277 2 
67.988 -48.586 9.02308 -0.24648 2 
70.554 -48.586 8.94660 0.04398 2 
73.120 -48.586 9.06282 0.02940 2 
75.685 -48.586 8.89062 0.01270 2 
78.251 -48.586 8.90371 0.09504 2 
80.816 -48.586 8.99946 0.37668 2 
83.382 -48.586 8.97241 0.20171 2 
85.948 -48.586 8.89929 0.28277 2 
88.513 -48.586 8.77821 0.44938 2 
91.079 -48.586 8.97157 0.23525 2 
93.644 -48.586 8.81966 0.55275 2 
96.210 -48.586 9.00743 0.36293 2 
98.776 -48.586 8.82599 0.60399 2 
101.341 -48.586 8.71955 0.38677 2 
103.907 -48.586 8.65611 0.53209 2 
106.472 -48.586 8.68522 0.62247 2 
109.038 -48.586 8.73623 0.60556 2 
111.603 -48.586 8.57946 0.50525 2 
114.169 -48.586 8.63470 0.49534 2 
116.735 -48.586 8.86635 0.69140 2 
119.300 -48.586 0.00000 -0.00000 0 
-8.980 -51.152 8.08188 -0.66839 2 
-6.414 -51.152 8.09268 -0.80086 2 
-3.848 -51.152 8.09192 -0.71959 2 
-1.283 -51.152 7.95653 -0.74487 2 
1.283 -51.152 7.99972 -0.75742 2 
3.848 -51.152 8.24997 -0.75367 2 
6.414 -51.152 8.19089 -0.82403 2 
8.980 -51.152 8.25764 -0.78614 2 
11.545 -51.152 8.34605 -0.69836 2 
14.111 -51.152 8.38061 -0.83633 2 
16.676 -51.152 8.52411 -0.82659 2 
19.242 -51.152 8.50402 -0.63855 2 
21.808 -51.152 8.46144 -0.75304 2 
24.373 -51.152 8.57255 -0.73256 2 
26.939 -51.152 8.69558 -0.68779 2 
29.504 -51.152 8.77357 -0.72814 2 
32.070 -51.152 8.64962 -0.66677 2 
34.636 -51.152 8.71164 -0.57747 2 
37.201 -51.152 8.73999 -0.67154 2 
39.767 -51.152 8.76643 -0.52907 2 
42.332 -51.152 8.76574 -0.67730 2 
44.898 -51.152 8.75077 -0.55987 2 
47.464 -51.152 8.74137 -0.43962 2 
50.029 -51.152 8.97219 -0.46183 2 
52.595 -51.152 8.79357 -0.39385 2 
55.160 -51.152 8.92821 -0.51877 2 
57.726 -51.152 8.96374 -0.35872 2 
60.292 -51.152 8.93097 -0.21859 2 
62.857 -51.152 8.84454 -0.18040 2 
65.423 -51.152 8.92445 -0.22513 2 
67.988 -51.152 9.01802 -0.02597 2 
70.554 -51.152 9.00251 -0.01537 2 
73.120 -51.152 8.86098 0.04495 2 
75.685 -51.152 8.94105 0.12068 2 
78.251 -51.152 8.82270 0.09002 2 
80.816 -51.152 9.01098 0.03904 2 
83.382 -51.152 8.83556 0.24511 2 
85.948 -51.152 8.87281 0.33460 2 
88.513 -51.152 8.84640 0.22452 2 
91.079 -51.152 8.87989 0.31335 2 
93.644 -51.152 8.83321 0.42866 2 
96.210 -51.152 8.83067 0.27673 2 
98.776 -51.152 8.81327 0.46896 2 
101.341 -51.152 8.70884 0.53786 2 
103.907 -51.152 8.68324 0.61252 2 
106.472 -51.152 8.77929 0.66402 2 
109.038 -51.152 8.54445 0.48774 2 
111.603 -51.152 8.68237 0.54076 2 
114.169 -51.152 8.56941 0.57829 2 
116.735 -51.152 8.83331 0.51620 2 
119.300 -51.152 0.00000 -0.00000 0 
-8.980 -53.717 7.96686 -0.65966 2 
-6.414 -53.717 8.16973 -0.64796 2 
-3.848 -53.717 8.21283 -0.77816 2 
-1.283 -53.717 8.24660 -0.90091 2 
1.283 -53.717 8.42714 -0.80526 2 
3.848 -53.717 8.24762 -0.86523 2 
6.414 -53.717 8.30295 -0.71294 2 
8.980 -53.717 8.36138 -0.79713 2 
11.545 -53.717 8.34121 -0.93564 2 
14.111 -53.717 8.43148 -0.71231 2 
16.676 -53.717 8.51098 -0.75957 2 
19.242 -53.717 8.55875 -0.80018 2 
21.808 -53.717 8.62705 -0.73227 2 
24.373 -53.717 8.60450 -0.65956 2 
26.939 -53.717 8.69511 -0.69527 2 
29.504 -53.717 8.56460 -0.71189 2 
32.070 -53.717 8.73853 -0.73182 2 
34.636 -53.717 8.72555 -0.72250 2 
37.201 -53.717 8.76531 -0.67814 2 
39.767 -53.717 8.83705 -0.59396 2 
42.332 -53.717 8.80086 -0.62848 2 
44.898 -53.717 8.76004 -0.61031 2 
47.464 -53.717 8.77668 -0.53365 2 
50.029 -53.717 8.78573 -0.49901 2 
52.595 -53.717 9.01127 -0.31545 2 
55.160 -53.717 8.71735 -0.29862 2 
57.726 -53.717 8.89776 -0.44244 2 
60.292 -53.717 8.79306 -0.29582 2 
62.857 -53.717 8.85312 -0.24658 2 
65.423 -53.717 8.81993 -0.21289 2 
67.988 -53.717 8.75547 -0.14170 2 
70.554 -53.717 8.95008 -0.09790 2 
73.120 -53.717 9.03169 0.06865 2 
75.685 -53.717 8.83732 0.04471 2 
78.251 -53.717 8.91138 0.12858 2 
80.816 -53.717 8.91800 0.20056 2 
83.382 -53.717 8.88452 0.17003 2 
85.948 -53.717 8.78303 0.15279 2 
88.513 -53.717 8.94008 0.38751 2 
91.079 -53.717 9.00524 0.26696 2 
93.644 -53.717 8.92960 0.26149 2 
96.210 -53.717 8.87457 0.42909 2 
98.776 -53.717 8.99734 0.46855 2 
101.341 -53.717 9.07927 0.43733 2 
103.907 -53.717 8.81193 0.43939 2 
106.472 -53.717 8.91863 0.37173 2 
109.038 -53.717 8.83094 0.56168 2 
111.603 -53.717 8.66779 0.69261 2 
114.169 -53.717 8.76977 0.55084 2 
116.735 -53.717 0.00000 -0.00000 0 
119.300 -53.717 0.00000 -0.00000 0 
-8.980 -56.283 0.00000 -0.00000 0 
-6.414 -56.283 0.00000 -0.00000 0 
-3.848 -56.283 0.00000 -0.00000 0 
-1.283 -56.283 0.00000 -0.00000 0 
1.283 -56.283 0.00000 -0.00000 0 
3.848 -56.283 0.00000 -0.00000 0 
6.414 -56.283 8.29577 -0.51030 2 
8.980 -56.283 8.28527 -0.43100 2 
11.545 -56.283 8.32322 -0.40776 2 
14.111 -56.283 8.35737 -0.38930 2 
16.676 -56.283 8.39153 -0.37083 2 
19.242 -56.283 8.42569 -0.35236 2 
21.808 -56.283 8.45985 -0.33390 2 
24.373 -56.283 8.49401 -0.31543 2 
26.939 -56.283 8.52817 -0.29697 2 
29.504 -56.283 8.56233 -0.27850 2 
32.070 -56.283 8.59649 -0.26003 2 
34.636 -56.283 8.63065 -0.24157 2 
37.201 -56.283 8.66481 -0.22310 2 
39.767 -56.283 8.69896 -0.20463 2 
42.332 -56.283 8.73312 -0.18617 2 
44.898 -56.283 8.76728 -0.16770 2 
47.464 -56.283 8.80144 -0.14923 2 
50.029 -56.283 8.83560 -0.13077 2 
52.595 -56.283 8.86976 -0.11230 2 
55.160 -56.283 8.94218 -0.30210 2 
57.726 -56.283 8.81064 -0.15436 2 
60.292 -56.283 8.92579 -0.20658 2 
62.857 -56.283 8.84729 -0.05422 2 
65.423 -56.283 8.99624 -0.16054 2 
67.988 -56.283 8.90174 -0.17157 2 
70.554 -56.283 8.84969 -0.10919 2 
73.120 -56.283 8.85298 0.08253 2 
75.685 -56.283 8.93797 0.15377 2 
78.251 -56.283 8.78356 0.07365 2 
80.816 -56.283 8.95039 0.11017 2 
83.382 -56.283 8.83239 0.18985 2 
85.948 -56.283 8.82112 0.21865 2 
88.513 -56.283 0.00000 -0.00000 0 
91.079 -56.283 0.00000 -0.00000 0 
93.644 -56.283 0.00000 -0.00000 0 
96.210 -56.283 0.00000 -0.00000 0 
98.776 -56.283 0.00000 -0.00000 0 
101.341 -56.283 0.00000 -0.00000 0 
103.907 -56.283 0.00000 -0.00000 0 
106.472 -56.283 0.00000 -0.00000 0 
109.038 -56.283 0.00000 -0.00000 0 
111.603 -56.283 0.00000 -0.00000 0 
114.169 -56.283 0.00000 -0.00000 0 
116.735 -56.283 0.00000 -0.00000 0 
119.300 -56.283 0.00000 -0.00000 0 
