TITLE = "B00060"
VARIABLES = "X [mm]", "Y [mm]", "Vx [m/s]", "Vy [m/s]", "Flag"
ZONE T="Frame 1", I=51, J=39, F=POINT
-8.980 41.210 7.15147 0.28022 2 
-6.414 41.210 7.29731 0.41263 2 
-3.848 41.210 7.19866 0.40715 2 
-1.283 41.210 7.18397 0.46238 2 
1.283 41.210 7.40178 0.45915 2 
3.848 41.210 0.00000 -0.00000 0 
6.414 41.210 0.00000 -0.00000 0 
8.980 41.210 0.00000 -0.00000 0 
11.545 41.210 0.00000 -0.00000 0 
14.111 41.210 0.00000 -0.00000 0 
16.676 41.210 0.00000 -0.00000 0 
19.242 41.210 4.03349 0.41683 2 
21.808 41.210 8.06698 0.83366 2 
24.373 41.210 7.24369 0.79768 2 
26.939 41.210 7.48017 0.85475 2 
29.504 41.210 7.46631 0.68948 2 
32.070 41.210 7.44764 0.81209 2 
34.636 41.210 7.80328 0.82583 2 
37.201 41.210 7.58343 0.83638 2 
39.767 41.210 7.65896 0.89077 2 
42.332 41.210 7.74522 0.97570 2 
44.898 41.210 7.88269 0.97733 2 
47.464 41.210 8.02016 0.97896 2 
50.029 41.210 7.99271 0.88813 2 
52.595 41.210 7.96526 0.79729 2 
55.160 41.210 7.94621 0.83982 2 
57.726 41.210 7.92716 0.88234 2 
60.292 41.210 8.22055 0.58718 2 
62.857 41.210 8.24355 0.68613 2 
65.423 41.210 8.27623 0.54588 2 
67.988 41.210 8.23826 0.51459 2 
70.554 41.210 8.46110 0.90086 2 
73.120 41.210 8.51630 0.71297 2 
75.685 41.210 8.65138 0.50795 2 
78.251 41.210 8.58467 0.47525 2 
80.816 41.210 0.00000 0.00000 0 
83.382 41.210 8.52559 0.45134 2 
85.948 41.210 8.53322 0.46013 2 
88.513 41.210 8.63182 0.14999 2 
91.079 41.210 8.61781 0.23160 2 
93.644 41.210 8.60380 0.31322 2 
96.210 41.210 8.60428 0.00452 2 
98.776 41.210 8.66255 0.16292 2 
101.341 41.210 8.59280 0.15078 2 
103.907 41.210 8.68124 0.09828 2 
106.472 41.210 8.52765 -0.03840 2 
109.038 41.210 8.57264 -0.11130 2 
111.603 41.210 8.61763 -0.18420 2 
114.169 41.210 8.42545 -0.14281 2 
116.735 41.210 8.74992 -0.33483 2 
119.300 41.210 0.00000 -0.00000 0 
-8.980 38.644 7.03206 0.33194 2 
-6.414 38.644 7.24874 0.39549 2 
-3.848 38.644 7.29232 0.26787 2 
-1.283 38.644 7.21039 0.32698 2 
1.283 38.644 7.46488 0.49950 2 
3.848 38.644 0.00000 -0.00000 0 
6.414 38.644 0.00000 -0.00000 0 
8.980 38.644 0.00000 -0.00000 0 
11.545 38.644 0.00000 -0.00000 0 
14.111 38.644 0.00000 -0.00000 0 
16.676 38.644 0.00000 -0.00000 0 
19.242 38.644 0.69692 -0.30270 2 
21.808 38.644 7.76128 0.78915 2 
24.373 38.644 7.30203 0.69068 2 
26.939 38.644 7.46851 0.68170 2 
29.504 38.644 7.50183 0.96282 2 
32.070 38.644 7.52470 0.86156 2 
34.636 38.644 7.67014 0.85059 2 
37.201 38.644 7.57619 0.82671 2 
39.767 38.644 7.59678 0.77205 2 
42.332 38.644 7.64082 0.93341 2 
44.898 38.644 7.80554 0.86014 2 
47.464 38.644 7.77948 0.76734 2 
50.029 38.644 8.06099 0.90831 2 
52.595 38.644 8.14212 0.95955 2 
55.160 38.644 7.81821 0.88479 2 
57.726 38.644 8.12452 0.78661 2 
60.292 38.644 8.18811 0.97795 2 
62.857 38.644 8.40999 0.81969 2 
65.423 38.644 8.61335 0.87584 2 
67.988 38.644 8.16731 0.79598 2 
70.554 38.644 8.25823 0.52979 2 
73.120 38.644 8.44789 0.64523 2 
75.685 38.644 8.63317 0.60847 2 
78.251 38.644 8.60650 0.53301 2 
80.816 38.644 0.00000 0.00000 0 
83.382 38.644 8.57661 0.48741 2 
85.948 38.644 8.75362 0.38820 2 
88.513 38.644 8.71216 0.29801 2 
91.079 38.644 8.70968 0.26231 2 
93.644 38.644 8.71225 0.10972 2 
96.210 38.644 8.49800 0.00047 2 
98.776 38.644 8.67486 -0.04726 2 
101.341 38.644 8.50048 -0.04967 2 
103.907 38.644 8.55396 -0.08295 2 
106.472 38.644 8.36602 -0.26811 2 
109.038 38.644 8.50325 -0.17741 2 
111.603 38.644 8.52900 -0.33097 2 
114.169 38.644 8.51549 -0.12492 2 
116.735 38.644 8.98940 -0.37401 2 
119.300 38.644 0.00000 -0.00000 0 
-8.980 36.079 6.94672 0.16018 2 
-6.414 36.079 7.08653 0.44022 2 
-3.848 36.079 7.22589 0.27299 2 
-1.283 36.079 7.06640 0.47636 2 
1.283 36.079 7.36801 0.47110 2 
3.848 36.079 0.00000 -0.00000 0 
6.414 36.079 0.00000 -0.00000 0 
8.980 36.079 0.00000 -0.00000 0 
11.545 36.079 0.00000 -0.00000 0 
14.111 36.079 0.00000 -0.00000 0 
16.676 36.079 0.00000 -0.00000 0 
19.242 36.079 4.09023 0.54723 2 
21.808 36.079 7.72398 0.83799 2 
24.373 36.079 7.31406 0.78675 2 
26.939 36.079 7.40623 0.76445 2 
29.504 36.079 7.37532 0.83647 2 
32.070 36.079 7.53484 0.84085 2 
34.636 36.079 7.54395 0.91052 2 
37.201 36.079 7.67621 0.87628 2 
39.767 36.079 7.73918 0.96044 2 
42.332 36.079 7.69954 0.99168 2 
44.898 36.079 7.87335 0.82543 2 
47.464 36.079 7.77048 0.96396 2 
50.029 36.079 8.08026 0.90904 2 
52.595 36.079 8.05547 0.91628 2 
55.160 36.079 8.36262 0.97802 2 
57.726 36.079 8.17128 0.73577 2 
60.292 36.079 8.36537 1.06264 2 
62.857 36.079 8.19840 0.78174 2 
65.423 36.079 8.54517 0.88741 2 
67.988 36.079 8.43520 0.71116 2 
70.554 36.079 8.34542 0.66307 2 
73.120 36.079 8.68842 0.57115 2 
75.685 36.079 8.68812 0.87282 2 
78.251 36.079 8.57772 0.60777 2 
80.816 36.079 0.00000 0.00000 0 
83.382 36.079 8.62762 0.52348 2 
85.948 36.079 8.68304 0.41925 2 
88.513 36.079 8.79603 0.30094 2 
91.079 36.079 8.84452 0.32397 2 
93.644 36.079 8.73491 0.03992 2 
96.210 36.079 8.63342 0.02559 2 
98.776 36.079 8.91985 -0.08845 2 
101.341 36.079 8.56758 0.20964 2 
103.907 36.079 8.45713 -0.06034 2 
106.472 36.079 8.63986 -0.23138 2 
109.038 36.079 8.55986 -0.13536 2 
111.603 36.079 8.55925 0.13375 2 
114.169 36.079 8.56495 -0.28982 2 
116.735 36.079 8.66844 -0.11108 2 
119.300 36.079 0.00000 -0.00000 0 
-8.980 33.513 7.30034 0.26133 2 
-6.414 33.513 7.13003 0.38587 2 
-3.848 33.513 7.17906 0.45291 2 
-1.283 33.513 7.06882 0.33312 2 
1.283 33.513 7.40307 0.51036 2 
3.848 33.513 0.00000 -0.00000 0 
6.414 33.513 0.00000 -0.00000 0 
8.980 33.513 0.00000 -0.00000 0 
11.545 33.513 0.00000 -0.00000 0 
14.111 33.513 0.00000 -0.00000 0 
16.676 33.513 0.00000 -0.00000 0 
19.242 33.513 3.84334 0.44341 2 
21.808 33.513 7.68668 0.88683 2 
24.373 33.513 7.16149 0.91022 2 
26.939 33.513 7.46361 1.01988 2 
29.504 33.513 7.47844 0.98380 2 
32.070 33.513 7.61514 0.85422 2 
34.636 33.513 7.40378 0.84097 2 
37.201 33.513 7.60845 1.02632 2 
39.767 33.513 7.66315 1.10653 2 
42.332 33.513 7.75227 1.02637 2 
44.898 33.513 7.67245 1.03956 2 
47.464 33.513 7.77569 0.96749 2 
50.029 33.513 7.97543 0.97633 2 
52.595 33.513 8.07900 0.94440 2 
55.160 33.513 8.13364 0.91626 2 
57.726 33.513 8.36930 0.89952 2 
60.292 33.513 8.26551 1.12191 2 
62.857 33.513 8.50163 0.88178 2 
65.423 33.513 8.35796 0.76973 2 
67.988 33.513 8.62549 0.80007 2 
70.554 33.513 8.64963 0.98205 2 
73.120 33.513 8.48838 0.52652 2 
75.685 33.513 8.71509 0.66202 2 
78.251 33.513 8.60433 0.56733 2 
80.816 33.513 0.00000 0.00000 0 
83.382 33.513 8.70043 0.50113 2 
85.948 33.513 8.77890 0.51777 2 
88.513 33.513 8.76624 0.22726 2 
91.079 33.513 8.72634 0.39985 2 
93.644 33.513 8.82199 -0.04228 2 
96.210 33.513 8.66590 -0.07349 2 
98.776 33.513 8.74975 -0.07301 2 
101.341 33.513 8.62184 -0.20032 2 
103.907 33.513 8.71595 -0.04566 2 
106.472 33.513 8.51661 -0.32689 2 
109.038 33.513 8.45844 -0.22449 2 
111.603 33.513 8.57502 -0.02891 2 
114.169 33.513 8.75578 -0.15942 2 
116.735 33.513 8.98742 -0.25364 2 
119.300 33.513 0.00000 -0.00000 0 
-8.980 30.948 7.07233 0.35365 2 
-6.414 30.948 6.97613 0.36236 2 
-3.848 30.948 7.16331 0.44292 2 
-1.283 30.948 7.13961 0.36197 2 
1.283 30.948 7.50477 0.52280 2 
3.848 30.948 0.00000 -0.00000 0 
6.414 30.948 0.00000 -0.00000 0 
8.980 30.948 0.00000 -0.00000 0 
11.545 30.948 0.00000 -0.00000 0 
14.111 30.948 0.00000 -0.00000 0 
16.676 30.948 0.00000 -0.00000 0 
19.242 30.948 3.79922 0.49903 2 
21.808 30.948 7.59845 0.99807 2 
24.373 30.948 7.31049 0.96238 2 
26.939 30.948 7.31970 1.05848 2 
29.504 30.948 7.39388 0.90854 2 
32.070 30.948 7.37391 0.91240 2 
34.636 30.948 7.67541 0.96124 2 
37.201 30.948 7.49417 1.09580 2 
39.767 30.948 7.71466 1.02418 2 
42.332 30.948 7.93704 0.92316 2 
44.898 30.948 8.00721 1.03834 2 
47.464 30.948 7.98320 1.20657 2 
50.029 30.948 7.93980 1.04444 2 
52.595 30.948 8.03809 1.03669 2 
55.160 30.948 8.22733 0.89747 2 
57.726 30.948 8.15573 1.16927 2 
60.292 30.948 8.41417 0.76469 2 
62.857 30.948 8.16753 0.96289 2 
65.423 30.948 8.47201 0.89314 2 
67.988 30.948 8.38786 0.77632 2 
70.554 30.948 8.43174 0.87732 2 
73.120 30.948 8.66498 0.88141 2 
75.685 30.948 8.54414 0.72917 2 
78.251 30.948 8.81394 0.80084 2 
80.816 30.948 0.00000 0.00000 0 
83.382 30.948 8.72510 0.54297 2 
85.948 30.948 8.69649 0.59385 2 
88.513 30.948 8.90612 0.17322 2 
91.079 30.948 8.97124 0.14692 2 
93.644 30.948 8.66942 -0.12434 2 
96.210 30.948 8.90776 -0.11613 2 
98.776 30.948 8.60894 -0.22306 2 
101.341 30.948 8.67831 -0.19442 2 
103.907 30.948 8.52861 0.02112 2 
106.472 30.948 8.60575 -0.20198 2 
109.038 30.948 8.47444 -0.15214 2 
111.603 30.948 8.36697 0.01602 2 
114.169 30.948 8.60134 -0.04924 2 
116.735 30.948 8.90865 0.03726 2 
119.300 30.948 0.00000 -0.00000 0 
-8.980 28.382 7.14784 0.21380 2 
-6.414 28.382 7.08597 0.22757 2 
-3.848 28.382 7.01243 0.39999 2 
-1.283 28.382 6.95057 0.47268 2 
1.283 28.382 7.60647 0.53523 2 
3.848 28.382 3.91465 0.28131 2 
6.414 28.382 0.00000 -0.00000 0 
8.980 28.382 0.00000 -0.00000 0 
11.545 28.382 0.00000 -0.00000 0 
14.111 28.382 0.00000 -0.00000 0 
16.676 28.382 2.57111 0.35531 2 
19.242 28.382 5.14222 0.71062 2 
21.808 28.382 7.67235 1.09620 2 
24.373 28.382 7.14920 0.88479 2 
26.939 28.382 7.38144 0.93545 2 
29.504 28.382 7.32189 1.16427 2 
32.070 28.382 7.27657 1.02145 2 
34.636 28.382 7.51098 1.13013 2 
37.201 28.382 7.57787 0.94291 2 
39.767 28.382 7.60070 1.17431 2 
42.332 28.382 7.65548 1.05218 2 
44.898 28.382 7.95569 1.20199 2 
47.464 28.382 7.76746 1.11836 2 
50.029 28.382 8.02106 0.92685 2 
52.595 28.382 8.14646 1.02066 2 
55.160 28.382 8.12135 1.12456 2 
57.726 28.382 8.43020 0.95148 2 
60.292 28.382 8.34988 1.13194 2 
62.857 28.382 8.47761 1.03257 2 
65.423 28.382 8.53146 0.89185 2 
67.988 28.382 8.60007 1.06367 2 
70.554 28.382 8.78637 0.93486 2 
73.120 28.382 8.83220 0.89826 2 
75.685 28.382 8.78023 0.75258 2 
78.251 28.382 8.68928 0.85680 2 
80.816 28.382 8.75312 0.63330 2 
83.382 28.382 8.91238 0.54874 2 
85.948 28.382 9.03872 0.43201 2 
88.513 28.382 8.99187 0.48565 2 
91.079 28.382 9.01523 0.14425 2 
93.644 28.382 9.05537 0.11484 2 
96.210 28.382 8.94536 -0.10239 2 
98.776 28.382 8.61355 -0.31340 2 
101.341 28.382 8.82425 -0.45359 2 
103.907 28.382 8.49682 -0.33506 2 
106.472 28.382 8.49997 -0.25073 2 
109.038 28.382 8.17022 0.05988 2 
111.603 28.382 8.39956 -0.02154 2 
114.169 28.382 8.70524 0.09053 2 
116.735 28.382 9.18069 -0.07005 2 
119.300 28.382 0.00000 -0.00000 0 
-8.980 25.816 7.01562 0.21572 2 
-6.414 25.816 7.11748 0.40986 2 
-3.848 25.816 7.00551 0.27091 2 
-1.283 25.816 6.90156 0.24789 2 
1.283 25.816 6.95209 0.32514 2 
3.848 25.816 7.82931 0.56262 2 
6.414 25.816 0.00000 -0.00000 0 
8.980 25.816 0.00000 -0.00000 0 
11.545 25.816 0.00000 -0.00000 0 
14.111 25.816 0.00000 -0.00000 0 
16.676 25.816 3.87715 0.51783 2 
19.242 25.816 7.75430 1.03566 2 
21.808 25.816 7.28144 0.80881 2 
24.373 25.816 7.23026 1.03308 2 
26.939 25.816 7.18809 1.05380 2 
29.504 25.816 7.39079 1.03043 2 
32.070 25.816 7.33303 1.21572 2 
34.636 25.816 7.54454 1.03609 2 
37.201 25.816 7.56067 1.25578 2 
39.767 25.816 7.85131 1.13145 2 
42.332 25.816 7.74522 1.19513 2 
44.898 25.816 7.77833 1.12957 2 
47.464 25.816 7.82030 1.17562 2 
50.029 25.816 7.78922 1.30732 2 
52.595 25.816 7.98479 1.40775 2 
55.160 25.816 8.10647 1.19093 2 
57.726 25.816 8.29354 0.95356 2 
60.292 25.816 8.24607 1.25256 2 
62.857 25.816 8.47091 1.07136 2 
65.423 25.816 8.38476 0.99442 2 
67.988 25.816 8.67989 0.95492 2 
70.554 25.816 8.67450 0.85975 2 
73.120 25.816 8.61511 1.00459 2 
75.685 25.816 8.74758 0.85327 2 
78.251 25.816 8.85859 0.62888 2 
80.816 25.816 8.75252 0.77451 2 
83.382 25.816 0.00000 0.00000 0 
85.948 25.816 8.98483 0.41384 2 
88.513 25.816 9.30933 0.30895 2 
91.079 25.816 9.12125 -0.07074 2 
93.644 25.816 9.14176 -0.03224 2 
96.210 25.816 9.11100 -0.52864 2 
98.776 25.816 8.73042 -0.43042 2 
101.341 25.816 8.49165 -0.60107 2 
103.907 25.816 8.51609 -0.48886 2 
106.472 25.816 8.35427 -0.49114 2 
109.038 25.816 8.32760 -0.06242 2 
111.603 25.816 8.41907 0.20522 2 
114.169 25.816 8.47980 0.37330 2 
116.735 25.816 8.95916 0.29203 2 
119.300 25.816 0.00000 -0.00000 0 
-8.980 23.251 7.03840 0.17260 2 
-6.414 23.251 6.93506 0.13872 2 
-3.848 23.251 6.96595 0.26136 2 
-1.283 23.251 7.16247 0.41001 2 
1.283 23.251 6.82933 0.52790 2 
3.848 23.251 7.42357 0.54914 2 
6.414 23.251 0.00000 -0.00000 0 
8.980 23.251 0.00000 -0.00000 0 
11.545 23.251 0.00000 -0.00000 0 
14.111 23.251 0.00000 -0.00000 0 
16.676 23.251 -0.35841 -0.35767 2 
19.242 23.251 7.94245 0.95454 2 
21.808 23.251 7.05287 1.08625 2 
24.373 23.251 7.30222 1.06617 2 
26.939 23.251 7.40752 1.15731 2 
29.504 23.251 7.29238 1.13198 2 
32.070 23.251 7.35032 1.17293 2 
34.636 23.251 7.50611 1.21478 2 
37.201 23.251 7.46810 1.27876 2 
39.767 23.251 7.56111 1.28909 2 
42.332 23.251 7.81305 1.27024 2 
44.898 23.251 7.76923 1.19101 2 
47.464 23.251 7.89417 1.25045 2 
50.029 23.251 8.12922 1.21842 2 
52.595 23.251 8.07364 1.13234 2 
55.160 23.251 8.32245 1.24970 2 
57.726 23.251 8.12668 1.37238 2 
60.292 23.251 8.49436 1.10408 2 
62.857 23.251 8.41612 0.97539 2 
65.423 23.251 8.55031 1.22133 2 
67.988 23.251 8.73025 1.19449 2 
70.554 23.251 8.51680 1.16517 2 
73.120 23.251 8.75084 1.01639 2 
75.685 23.251 8.89016 0.96804 2 
78.251 23.251 9.31226 0.95409 2 
80.816 23.251 9.37108 0.84953 2 
83.382 23.251 0.00000 0.00000 0 
85.948 23.251 9.57683 0.59367 2 
88.513 23.251 9.81883 0.46382 2 
91.079 23.251 9.46645 -0.08285 2 
93.644 23.251 9.33055 -0.27740 2 
96.210 23.251 9.35138 -0.47187 2 
98.776 23.251 8.84631 -0.77475 2 
101.341 23.251 8.65917 -0.89687 2 
103.907 23.251 8.23839 -0.66124 2 
106.472 23.251 7.69908 -0.47784 2 
109.038 23.251 7.75452 -0.00391 2 
111.603 23.251 8.25032 0.23103 2 
114.169 23.251 8.43507 0.50216 2 
116.735 23.251 8.80785 0.66651 2 
119.300 23.251 0.00000 -0.00000 0 
-8.980 20.685 6.93364 0.08926 2 
-6.414 20.685 7.14333 0.08323 2 
-3.848 20.685 6.82929 0.25764 2 
-1.283 20.685 6.88753 0.25052 2 
1.283 20.685 6.74727 0.47823 2 
3.848 20.685 7.19686 0.56043 2 
6.414 20.685 0.00000 -0.00000 0 
8.980 20.685 0.00000 -0.00000 0 
11.545 20.685 0.00000 -0.00000 0 
14.111 20.685 0.00000 -0.00000 0 
16.676 20.685 -0.55470 0.53220 2 
19.242 20.685 7.07923 1.19375 2 
21.808 20.685 7.01961 1.01831 2 
24.373 20.685 7.24849 1.25386 2 
26.939 20.685 7.16020 1.20890 2 
29.504 20.685 7.29324 1.26018 2 
32.070 20.685 7.31257 1.19094 2 
34.636 20.685 7.44990 1.31644 2 
37.201 20.685 7.40749 1.32686 2 
39.767 20.685 7.66793 1.27814 2 
42.332 20.685 7.86192 1.27210 2 
44.898 20.685 7.94198 1.30468 2 
47.464 20.685 7.96530 1.20799 2 
50.029 20.685 8.13582 1.46219 2 
52.595 20.685 8.09288 1.38078 2 
55.160 20.685 8.22448 1.56150 2 
57.726 20.685 8.41002 1.34757 2 
60.292 20.685 8.30191 1.30164 2 
62.857 20.685 8.38411 1.31491 2 
65.423 20.685 9.01182 1.06053 2 
67.988 20.685 8.85170 0.89113 2 
70.554 20.685 9.10123 1.19526 2 
73.120 20.685 9.35458 1.03971 2 
75.685 20.685 9.30906 1.25825 2 
78.251 20.685 4.65613 0.47704 2 
80.816 20.685 9.66529 1.16590 2 
83.382 20.685 0.00000 0.00000 0 
85.948 20.685 0.00000 0.00000 0 
88.513 20.685 0.00000 0.00000 0 
91.079 20.685 10.58673 0.40546 2 
93.644 20.685 9.77254 -0.53547 2 
96.210 20.685 9.69255 -0.82324 2 
98.776 20.685 9.77108 -1.21183 2 
101.341 20.685 8.71728 -1.37643 2 
103.907 20.685 8.04058 -1.22378 2 
106.472 20.685 7.50555 -0.47079 2 
109.038 20.685 7.57327 0.09890 2 
111.603 20.685 7.73783 0.58571 2 
114.169 20.685 8.71675 0.65930 2 
116.735 20.685 9.85853 0.22152 2 
119.300 20.685 0.00000 -0.00000 0 
-8.980 18.120 6.91198 0.02460 2 
-6.414 18.120 6.83686 0.04702 2 
-3.848 18.120 6.68301 0.25140 2 
-1.283 18.120 6.82980 0.35245 2 
1.283 18.120 6.64209 0.35193 2 
3.848 18.120 6.93248 0.54173 2 
6.414 18.120 0.00000 -0.00000 0 
8.980 18.120 0.00000 -0.00000 0 
11.545 18.120 0.00000 -0.00000 0 
14.111 18.120 0.00000 -0.00000 0 
16.676 18.120 -0.75099 1.42207 2 
19.242 18.120 7.18800 1.07627 2 
21.808 18.120 7.04004 1.19473 2 
24.373 18.120 7.10171 1.26566 2 
26.939 18.120 7.12032 1.26355 2 
29.504 18.120 7.31091 1.51382 2 
32.070 18.120 7.35494 1.28217 2 
34.636 18.120 7.30235 1.48347 2 
37.201 18.120 7.55955 1.47587 2 
39.767 18.120 7.57617 1.32927 2 
42.332 18.120 7.59319 1.55100 2 
44.898 18.120 8.03662 1.45419 2 
47.464 18.120 7.90646 1.52067 2 
50.029 18.120 8.16077 1.29749 2 
52.595 18.120 8.23410 1.28219 2 
55.160 18.120 8.60891 1.50788 2 
57.726 18.120 8.66360 1.10780 2 
60.292 18.120 8.36716 1.46683 2 
62.857 18.120 9.64849 1.47546 2 
65.423 18.120 9.50571 0.96256 2 
67.988 18.120 0.00000 -0.00000 0 
70.554 18.120 0.00000 -0.00000 0 
73.120 18.120 0.00000 -0.00000 0 
75.685 18.120 0.00000 -0.00000 0 
78.251 18.120 0.00000 -0.00000 0 
80.816 18.120 0.00000 -0.00000 0 
83.382 18.120 0.00000 -0.00000 0 
85.948 18.120 -1.20659 0.04780 2 
88.513 18.120 2.95746 0.65567 2 
91.079 18.120 5.67377 0.68390 2 
93.644 18.120 12.09962 0.14718 2 
96.210 18.120 11.10810 -1.29737 2 
98.776 18.120 9.44151 -1.83689 2 
101.341 18.120 8.36253 -1.86992 2 
103.907 18.120 7.28356 -1.90295 2 
106.472 18.120 7.10347 -0.99980 2 
109.038 18.120 6.99419 0.09074 2 
111.603 18.120 7.64654 1.22457 2 
114.169 18.120 8.06901 -0.13030 2 
116.735 18.120 7.07310 0.77376 2 
119.300 18.120 0.00000 -0.00000 0 
-8.980 15.554 6.79885 0.08262 2 
-6.414 15.554 6.77313 -0.03406 2 
-3.848 15.554 6.65807 0.16922 2 
-1.283 15.554 6.67044 0.12878 2 
1.283 15.554 6.61260 0.35254 2 
3.848 15.554 6.79152 0.41171 2 
6.414 15.554 0.00000 -0.00000 0 
8.980 15.554 0.00000 -0.00000 0 
11.545 15.554 0.00000 -0.00000 0 
14.111 15.554 0.00000 -0.00000 0 
16.676 15.554 3.63072 0.61866 2 
19.242 15.554 7.26144 1.23733 2 
21.808 15.554 6.80892 1.38515 2 
24.373 15.554 7.17297 1.34743 2 
26.939 15.554 7.09570 1.39616 2 
29.504 15.554 7.22119 1.52479 2 
32.070 15.554 7.33078 1.44328 2 
34.636 15.554 7.51040 1.44266 2 
37.201 15.554 7.51005 1.53067 2 
39.767 15.554 7.65077 1.63321 2 
42.332 15.554 8.06449 1.69112 2 
44.898 15.554 8.11074 1.64181 2 
47.464 15.554 7.82990 1.46757 2 
50.029 15.554 7.98333 1.48823 2 
52.595 15.554 4.11705 0.64110 2 
55.160 15.554 0.00000 -0.00000 0 
57.726 15.554 0.00000 -0.00000 0 
60.292 15.554 0.00000 -0.00000 0 
62.857 15.554 0.00000 -0.00000 0 
65.423 15.554 0.00000 -0.00000 0 
67.988 15.554 0.00000 -0.00000 0 
70.554 15.554 0.00000 -0.00000 0 
73.120 15.554 0.00000 -0.00000 0 
75.685 15.554 0.00000 -0.00000 0 
78.251 15.554 0.00000 -0.00000 0 
80.816 15.554 -0.13502 0.15496 2 
83.382 15.554 1.01282 0.57647 2 
85.948 15.554 0.01141 -0.07127 2 
88.513 15.554 1.59997 0.30368 2 
91.079 15.554 0.76082 0.96234 2 
93.644 15.554 1.57547 0.90656 2 
96.210 15.554 1.89835 -0.06701 2 
98.776 15.554 5.93719 -1.17465 2 
101.341 15.554 4.92322 -1.60983 2 
103.907 15.554 3.90924 -2.04501 2 
106.472 15.554 3.54019 -1.53024 2 
109.038 15.554 2.65511 -0.77833 2 
111.603 15.554 0.07401 1.95390 2 
114.169 15.554 4.56342 1.30630 2 
116.735 15.554 4.28766 1.32599 2 
119.300 15.554 0.00000 -0.00000 0 
-8.980 12.988 6.74641 -0.08080 2 
-6.414 12.988 6.61912 -0.00497 2 
-3.848 12.988 6.77498 0.10639 2 
-1.283 12.988 6.66982 0.15841 2 
1.283 12.988 6.37636 0.30621 2 
3.848 12.988 3.18818 0.15310 2 
6.414 12.988 0.00000 -0.00000 0 
8.980 12.988 0.00000 -0.00000 0 
11.545 12.988 0.00000 -0.00000 0 
14.111 12.988 0.00000 -0.00000 0 
16.676 12.988 3.29069 0.73793 2 
19.242 12.988 6.58137 1.47585 2 
21.808 12.988 7.06140 1.46440 2 
24.373 12.988 6.90023 1.50562 2 
26.939 12.988 7.27766 1.79824 2 
29.504 12.988 7.64158 1.58131 2 
32.070 12.988 7.62411 1.64439 2 
34.636 12.988 7.48073 1.96394 2 
37.201 12.988 7.88850 1.70961 2 
39.767 12.988 8.43298 1.75139 2 
42.332 12.988 0.00000 -0.00000 0 
44.898 12.988 0.00000 -0.00000 0 
47.464 12.988 0.00000 -0.00000 0 
50.029 12.988 0.00000 -0.00000 0 
52.595 12.988 0.00000 -0.00000 0 
55.160 12.988 0.00000 -0.00000 0 
57.726 12.988 0.00000 -0.00000 0 
60.292 12.988 0.00000 -0.00000 0 
62.857 12.988 0.00000 -0.00000 0 
65.423 12.988 0.00000 -0.00000 0 
67.988 12.988 0.00000 -0.00000 0 
70.554 12.988 0.00000 -0.00000 0 
73.120 12.988 0.00000 -0.00000 0 
75.685 12.988 -1.22319 -0.41226 2 
78.251 12.988 -1.47781 -0.69250 2 
80.816 12.988 -1.24126 -0.20125 2 
83.382 12.988 -0.91104 -0.26948 2 
85.948 12.988 -1.40183 -0.21790 2 
88.513 12.988 -1.12199 -0.36376 2 
91.079 12.988 -2.84116 1.03876 2 
93.644 12.988 -1.61926 -0.30685 2 
96.210 12.988 -4.15789 0.05041 2 
98.776 12.988 -5.44745 0.65226 2 
101.341 12.988 -3.23618 -0.49152 2 
103.907 12.988 -2.65346 -0.93373 2 
106.472 12.988 -1.24508 -0.90610 2 
109.038 12.988 0.92482 -0.01416 2 
111.603 12.988 0.20522 1.52304 2 
114.169 12.988 1.05783 2.74291 2 
116.735 12.988 0.78207 2.76260 2 
119.300 12.988 0.50632 2.78228 2 
-8.980 10.423 6.75733 -0.27364 2 
-6.414 10.423 6.71089 -0.13150 2 
-3.848 10.423 6.42903 -0.08723 2 
-1.283 10.423 6.38606 0.08052 2 
1.283 10.423 6.28176 0.19000 2 
3.848 10.423 4.20908 0.07416 2 
6.414 10.423 1.58637 0.00812 2 
8.980 10.423 0.00000 -0.00000 0 
11.545 10.423 0.00000 -0.00000 0 
14.111 10.423 0.00000 -0.00000 0 
16.676 10.423 2.19379 0.49195 2 
19.242 10.423 4.38758 0.98390 2 
21.808 10.423 6.06536 1.43522 2 
24.373 10.423 7.50112 1.82264 2 
26.939 10.423 7.72993 1.99485 2 
29.504 10.423 3.82079 0.79065 2 
32.070 10.423 0.00000 -0.00000 0 
34.636 10.423 0.00000 -0.00000 0 
37.201 10.423 0.00000 -0.00000 0 
39.767 10.423 0.00000 -0.00000 0 
42.332 10.423 0.00000 -0.00000 0 
44.898 10.423 0.00000 -0.00000 0 
47.464 10.423 0.00000 -0.00000 0 
50.029 10.423 0.00000 -0.00000 0 
52.595 10.423 0.00000 -0.00000 0 
55.160 10.423 0.00000 -0.00000 0 
57.726 10.423 0.00000 -0.00000 0 
60.292 10.423 0.00000 -0.00000 0 
62.857 10.423 0.00000 -0.00000 0 
65.423 10.423 0.00000 -0.00000 0 
67.988 10.423 -0.13108 -0.03870 2 
70.554 10.423 -0.55641 0.08793 2 
73.120 10.423 -1.91988 -0.91386 2 
75.685 10.423 -2.44638 -0.82451 2 
78.251 10.423 -3.83987 -1.35384 2 
80.816 10.423 -3.49621 -0.34618 2 
83.382 10.423 -1.96735 -0.65039 2 
85.948 10.423 -2.98262 -0.87905 2 
88.513 10.423 -3.53307 0.71157 2 
91.079 10.423 -4.13178 0.63875 2 
93.644 10.423 -2.79406 0.11019 2 
96.210 10.423 -4.78703 0.53214 2 
98.776 10.423 -4.36180 1.18732 2 
101.341 10.423 -5.37760 0.17028 2 
103.907 10.423 -3.39393 -1.32530 2 
106.472 10.423 -1.84943 0.36627 2 
109.038 10.423 0.79428 -0.02897 2 
111.603 10.423 0.86962 0.13438 2 
114.169 10.423 0.82941 1.78259 2 
116.735 10.423 -0.17853 2.44888 2 
119.300 10.423 0.29893 2.32577 2 
-8.980 7.857 6.96741 -0.19855 2 
-6.414 7.857 6.51829 -0.24861 2 
-3.848 7.857 6.56346 -0.24746 2 
-1.283 7.857 6.19869 -0.09918 2 
1.283 7.857 6.23076 -0.08660 2 
3.848 7.857 6.34547 0.03248 2 
6.414 7.857 3.17274 0.01624 2 
8.980 7.857 0.00000 -0.00000 0 
11.545 7.857 0.00000 -0.00000 0 
14.111 7.857 0.00000 -0.00000 2 
16.676 7.857 1.46253 0.32797 2 
19.242 7.857 2.19379 0.49195 2 
21.808 7.857 0.00000 -0.00000 0 
24.373 7.857 0.00000 -0.00000 0 
26.939 7.857 0.00000 -0.00000 0 
29.504 7.857 0.00000 -0.00000 0 
32.070 7.857 0.00000 -0.00000 0 
34.636 7.857 0.00000 -0.00000 0 
37.201 7.857 0.00000 -0.00000 0 
39.767 7.857 0.00000 -0.00000 0 
42.332 7.857 0.00000 -0.00000 0 
44.898 7.857 0.00000 -0.00000 0 
47.464 7.857 0.00000 -0.00000 0 
50.029 7.857 0.00000 -0.00000 0 
52.595 7.857 0.00000 -0.00000 0 
55.160 7.857 0.00000 -0.00000 0 
57.726 7.857 0.00000 -0.00000 0 
60.292 7.857 -0.23239 0.04765 2 
62.857 7.857 -0.72305 -0.34751 2 
65.423 7.857 -0.33241 -0.24210 2 
67.988 7.857 -2.01170 -0.83679 2 
70.554 7.857 -2.53211 -1.41184 2 
73.120 7.857 -3.16365 -1.57312 2 
75.685 7.857 -2.68206 -1.23020 2 
78.251 7.857 -3.62258 -1.36410 2 
80.816 7.857 -3.04453 -0.78969 2 
83.382 7.857 -3.02365 -1.03129 2 
85.948 7.857 -3.14326 -1.23942 2 
88.513 7.857 -3.37759 -0.75674 2 
91.079 7.857 -4.54665 0.42575 2 
93.644 7.857 -3.96886 0.52723 2 
96.210 7.857 -3.21421 1.50742 2 
98.776 7.857 -3.27614 1.72239 2 
101.341 7.857 -3.53181 -0.43485 2 
103.907 7.857 -2.37809 0.41761 2 
106.472 7.857 -0.82974 0.49939 2 
109.038 7.857 0.66374 -0.04377 2 
111.603 7.857 0.30612 0.58643 2 
114.169 7.857 -0.05150 1.21663 2 
116.735 7.857 0.28579 2.06703 2 
119.300 7.857 0.09154 1.86926 2 
-8.980 5.292 6.61408 -0.51818 2 
-6.414 5.292 6.71500 -0.41576 2 
-3.848 5.292 6.37598 -0.36585 2 
-1.283 5.292 6.17859 -0.33235 2 
1.283 5.292 5.88337 -0.12035 2 
3.848 5.292 6.37929 0.22322 2 
6.414 5.292 3.18965 0.11161 2 
8.980 5.292 0.00000 -0.00000 0 
11.545 5.292 0.00000 -0.00000 0 
14.111 5.292 0.00000 -0.00000 0 
16.676 5.292 0.00000 -0.00000 0 
19.242 5.292 0.00000 -0.00000 0 
21.808 5.292 0.00000 -0.00000 0 
24.373 5.292 0.00000 -0.00000 0 
26.939 5.292 0.00000 -0.00000 0 
29.504 5.292 0.00000 -0.00000 0 
32.070 5.292 0.00000 -0.00000 0 
34.636 5.292 0.00000 -0.00000 0 
37.201 5.292 0.00000 -0.00000 0 
39.767 5.292 0.00000 -0.00000 0 
42.332 5.292 0.00000 -0.00000 0 
44.898 5.292 0.00000 -0.00000 0 
47.464 5.292 0.00000 -0.00000 0 
50.029 5.292 0.00000 -0.00000 0 
52.595 5.292 0.04870 0.05638 2 
55.160 5.292 -0.52077 -0.16343 2 
57.726 5.292 0.03501 -0.04879 2 
60.292 5.292 -0.46479 0.09529 2 
62.857 5.292 -1.44609 -0.69503 2 
65.423 5.292 -1.45659 -0.86555 2 
67.988 5.292 -2.98230 -1.39578 2 
70.554 5.292 -2.98022 -1.58075 2 
73.120 5.292 -2.74970 -1.39033 2 
75.685 5.292 -2.91774 -1.63588 2 
78.251 5.292 -3.40529 -1.37435 2 
80.816 5.292 -3.05704 -1.24304 2 
83.382 5.292 -1.69426 -0.82577 2 
85.948 5.292 -3.24287 -1.35739 2 
88.513 5.292 -3.77057 -1.01989 2 
91.079 5.292 -3.68713 0.15067 2 
93.644 5.292 -3.68254 0.62669 2 
96.210 5.292 -2.56032 1.29620 2 
98.776 5.292 -2.67772 1.19335 2 
101.341 5.292 -2.14664 1.51543 2 
103.907 5.292 -0.71905 0.93696 2 
106.472 5.292 -0.75226 1.32287 2 
109.038 5.292 -0.15813 0.68719 2 
111.603 5.292 0.46744 0.69094 2 
114.169 5.292 0.09693 1.13474 2 
116.735 5.292 0.76316 2.28922 2 
119.300 5.292 0.02704 1.63360 2 
-8.980 2.726 6.76868 -0.56368 2 
-6.414 2.726 6.51998 -0.52694 2 
-3.848 2.726 6.23793 -0.45379 2 
-1.283 2.726 6.15435 -0.46731 2 
1.283 2.726 6.20604 -0.55520 2 
3.848 2.726 3.10302 -0.27760 2 
6.414 2.726 0.00000 -0.00000 0 
8.980 2.726 0.00000 -0.00000 0 
11.545 2.726 0.00000 -0.00000 0 
14.111 2.726 0.00000 -0.00000 0 
16.676 2.726 0.00000 -0.00000 0 
19.242 2.726 0.00000 -0.00000 0 
21.808 2.726 0.00000 -0.00000 0 
24.373 2.726 0.00000 -0.00000 0 
26.939 2.726 0.00000 -0.00000 0 
29.504 2.726 0.00000 -0.00000 0 
32.070 2.726 0.00000 -0.00000 0 
34.636 2.726 0.00000 -0.00000 0 
37.201 2.726 0.00000 -0.00000 0 
39.767 2.726 0.00000 -0.00000 0 
42.332 2.726 0.00000 -0.00000 0 
44.898 2.726 0.00000 -0.00000 0 
47.464 2.726 -0.37121 -0.10152 2 
50.029 2.726 -0.42636 -0.15219 2 
52.595 2.726 0.09740 0.11275 2 
55.160 2.726 -1.04153 -0.32686 2 
57.726 2.726 -0.56016 -0.38843 2 
60.292 2.726 -0.95093 -1.32343 2 
62.857 2.726 -1.76585 -1.40622 2 
65.423 2.726 -2.58078 -1.48901 2 
67.988 2.726 -2.79348 -1.14261 2 
70.554 2.726 -2.59599 -0.99646 2 
73.120 2.726 -2.39851 -0.85031 2 
75.685 2.726 -2.14631 -1.06036 2 
78.251 2.726 -2.39266 -1.40230 2 
80.816 2.726 -3.04675 -1.38282 2 
83.382 2.726 -1.79710 -1.51475 2 
85.948 2.726 -2.03964 -0.62099 2 
88.513 2.726 -1.90912 -0.92480 2 
91.079 2.726 -1.52431 -0.76297 2 
93.644 2.726 -2.06797 -0.05438 2 
96.210 2.726 -0.93675 0.40514 2 
98.776 2.726 -0.19279 0.58128 2 
101.341 2.726 -0.56437 2.79109 2 
103.907 2.726 0.36599 2.81931 2 
106.472 2.726 2.06264 2.20317 2 
109.038 2.726 -0.97999 1.41816 2 
111.603 2.726 1.01629 1.43755 2 
114.169 2.726 0.24535 1.05284 2 
116.735 2.726 0.10395 1.22538 2 
119.300 2.726 -0.03746 1.39793 2 
-8.980 0.160 6.92327 -0.60917 2 
-6.414 0.160 6.54846 -0.62514 2 
-3.848 0.160 6.54922 -0.77915 2 
-1.283 0.160 6.21928 -0.67335 2 
1.283 0.160 6.21524 -0.89658 2 
3.848 0.160 0.00000 -0.00000 0 
6.414 0.160 0.00000 -0.00000 0 
8.980 0.160 0.00000 -0.00000 0 
11.545 0.160 0.00000 -0.00000 0 
14.111 0.160 0.00000 -0.00000 0 
16.676 0.160 0.00000 -0.00000 0 
19.242 0.160 0.00000 -0.00000 0 
21.808 0.160 0.00000 -0.00000 0 
24.373 0.160 0.00000 -0.00000 0 
26.939 0.160 0.00000 -0.00000 0 
29.504 0.160 0.00000 -0.00000 0 
32.070 0.160 0.00000 -0.00000 0 
34.636 0.160 0.00000 -0.00000 0 
37.201 0.160 0.00000 -0.00000 0 
39.767 0.160 -0.66510 -0.19566 2 
42.332 0.160 -0.37927 -0.15623 2 
44.898 0.160 -0.56452 -0.33049 2 
47.464 0.160 -0.74243 -0.20304 2 
50.029 0.160 -1.15299 -0.62593 2 
52.595 0.160 -1.52691 -0.62354 2 
55.160 0.160 -1.38785 -0.74661 2 
57.726 0.160 -1.24879 -0.86968 2 
60.292 0.160 -0.73079 -0.61657 2 
62.857 0.160 -1.19580 -1.17440 2 
65.423 0.160 -1.65713 -1.51905 2 
67.988 0.160 -1.43567 -1.35880 2 
70.554 0.160 -1.41035 -0.86204 2 
73.120 0.160 -1.38502 -0.36527 2 
75.685 0.160 -1.45223 -0.18929 2 
78.251 0.160 -1.08143 -1.03371 2 
80.816 0.160 -0.50809 -1.01494 2 
83.382 0.160 -1.56647 -1.12317 2 
85.948 0.160 -0.47630 -0.62354 2 
88.513 0.160 -1.21535 -1.45938 2 
91.079 0.160 -1.81661 -1.01744 2 
93.644 0.160 -0.81619 -0.57161 2 
96.210 0.160 -1.25476 0.27231 2 
98.776 0.160 2.31984 3.97034 2 
101.341 0.160 2.45156 2.23784 2 
103.907 0.160 3.27484 3.37824 2 
106.472 0.160 4.87754 3.08347 2 
109.038 0.160 0.32781 1.66114 2 
111.603 0.160 0.71561 2.52793 2 
114.169 0.160 2.20254 1.94249 2 
116.735 0.160 1.23490 1.91380 2 
119.300 0.160 0.06572 2.05540 2 
-8.980 -2.405 6.63675 -0.75515 2 
-6.414 -2.405 6.64030 -0.84853 2 
-3.848 -2.405 6.37361 -0.78129 2 
-1.283 -2.405 6.27557 -0.92642 2 
1.283 -2.405 0.00000 -0.00000 0 
3.848 -2.405 0.00000 -0.00000 0 
6.414 -2.405 0.00000 -0.00000 0 
8.980 -2.405 0.00000 -0.00000 0 
11.545 -2.405 0.00000 -0.00000 0 
14.111 -2.405 0.00000 -0.00000 0 
16.676 -2.405 0.00000 -0.00000 0 
19.242 -2.405 0.00000 -0.00000 0 
21.808 -2.405 0.00000 -0.00000 0 
24.373 -2.405 0.00000 -0.00000 0 
26.939 -2.405 0.00000 -0.00000 0 
29.504 -2.405 0.00000 -0.00000 0 
32.070 -2.405 -0.24570 -0.01102 2 
34.636 -2.405 -0.49139 -0.02204 2 
37.201 -2.405 -0.95699 -0.20984 2 
39.767 -2.405 -1.33020 -0.39132 2 
42.332 -2.405 -1.58419 -0.55737 2 
44.898 -2.405 -1.59473 -0.26319 2 
47.464 -2.405 -1.51193 -0.47365 2 
50.029 -2.405 -1.37667 -0.85733 2 
52.595 -2.405 -1.36566 -0.99326 2 
55.160 -2.405 -1.09316 -0.72797 2 
57.726 -2.405 -0.82066 -0.46269 2 
60.292 -2.405 -0.22900 -0.80180 2 
62.857 -2.405 -0.27584 -1.41763 2 
65.423 -2.405 -0.73348 -1.54908 2 
67.988 -2.405 -0.32693 -1.22458 2 
70.554 -2.405 -0.04306 -1.45798 2 
73.120 -2.405 -0.67836 -0.43379 2 
75.685 -2.405 -0.75390 -0.38303 2 
78.251 -2.405 -0.98271 -0.39189 2 
80.816 -2.405 -0.65071 -0.85872 2 
83.382 -2.405 -0.22447 -0.99151 2 
85.948 -2.405 -0.86652 -1.21378 2 
88.513 -2.405 1.29065 -0.15279 2 
91.079 -2.405 1.45084 -1.76868 2 
93.644 -2.405 2.89520 2.84042 2 
96.210 -2.405 4.29687 3.03165 2 
98.776 -2.405 2.94381 3.62789 2 
101.341 -2.405 2.52457 1.71883 2 
103.907 -2.405 3.61531 3.50717 2 
106.472 -2.405 4.70986 3.19591 2 
109.038 -2.405 2.98227 2.32911 2 
111.603 -2.405 4.92584 3.03111 2 
114.169 -2.405 4.15973 2.83214 2 
116.735 -2.405 3.39362 2.63317 2 
119.300 -2.405 0.16891 2.71287 1 
-8.980 -4.971 6.98145 -0.85663 2 
-6.414 -4.971 6.83088 -0.97998 2 
-3.848 -4.971 6.61424 -1.08517 2 
-1.283 -4.971 6.44174 -1.08207 2 
1.283 -4.971 0.00000 -0.00000 0 
3.848 -4.971 0.00000 -0.00000 0 
6.414 -4.971 0.00000 -0.00000 0 
8.980 -4.971 0.00000 -0.00000 0 
11.545 -4.971 0.00000 -0.00000 0 
14.111 -4.971 0.00000 -0.00000 0 
16.676 -4.971 0.00000 -0.00000 0 
19.242 -4.971 0.00000 -0.00000 0 
21.808 -4.971 0.00000 -0.00000 0 
24.373 -4.971 -0.42429 -0.00939 2 
26.939 -4.971 -0.99729 0.02519 2 
29.504 -4.971 -0.98163 -0.10075 2 
32.070 -4.971 -0.85114 -0.43041 2 
34.636 -4.971 -1.42573 -0.62185 2 
37.201 -4.971 -0.98676 -0.34509 2 
39.767 -4.971 -1.73931 -0.67625 2 
42.332 -4.971 -1.62087 -0.44839 2 
44.898 -4.971 -1.73370 -0.48485 2 
47.464 -4.971 -1.69819 -0.08179 2 
50.029 -4.971 -1.11375 -0.37197 2 
52.595 -4.971 -1.14691 -1.08034 2 
55.160 -4.971 -0.68101 -1.10653 2 
57.726 -4.971 -0.92183 -1.14863 2 
60.292 -4.971 -0.08765 -1.17822 2 
62.857 -4.971 -0.41383 -1.45201 2 
65.423 -4.971 -0.59524 -1.94759 2 
67.988 -4.971 -0.64430 -1.90553 2 
70.554 -4.971 -0.19421 -1.98002 2 
73.120 -4.971 0.02830 -0.50231 2 
75.685 -4.971 -0.05557 -0.57678 2 
78.251 -4.971 1.23374 -0.59969 2 
80.816 -4.971 0.86266 -0.31985 2 
83.382 -4.971 1.02973 -0.87605 2 
85.948 -4.971 0.05265 -1.26673 2 
88.513 -4.971 1.89125 -0.84522 2 
91.079 -4.971 4.34366 0.38438 2 
93.644 -4.971 5.12630 2.63943 2 
96.210 -4.971 5.02659 2.00283 2 
98.776 -4.971 5.16686 1.93953 2 
101.341 -4.971 5.43049 2.01462 2 
103.907 -4.971 5.72813 3.07311 2 
106.472 -4.971 5.68243 3.03510 2 
109.038 -4.971 5.63673 2.99708 2 
111.603 -4.971 5.26690 2.92604 2 
114.169 -4.971 4.59318 2.54389 2 
116.735 -4.971 3.91946 2.16173 2 
119.300 -4.971 0.08781 2.74882 2 
-8.980 -7.536 6.84921 -0.92664 2 
-6.414 -7.536 6.83856 -0.88119 2 
-3.848 -7.536 6.86343 -1.16127 2 
-1.283 -7.536 6.60177 -1.33563 2 
1.283 -7.536 6.36370 -1.82314 2 
3.848 -7.536 0.00000 -0.00000 0 
6.414 -7.536 4.94719 -2.30495 2 
8.980 -7.536 6.83337 -3.22284 2 
11.545 -7.536 7.89722 -3.03352 2 
14.111 -7.536 -1.74711 0.34132 2 
16.676 -7.536 0.87823 -0.27906 2 
19.242 -7.536 -1.03301 0.09306 2 
21.808 -7.536 0.29742 -0.08792 2 
24.373 -7.536 -0.84858 -0.01877 2 
26.939 -7.536 -1.99458 0.05038 2 
29.504 -7.536 -1.96327 -0.20150 2 
32.070 -7.536 -1.45657 -0.84979 2 
34.636 -7.536 -1.30695 -1.05698 2 
37.201 -7.536 -0.99895 -0.58411 2 
39.767 -7.536 -2.10701 -0.44737 2 
42.332 -7.536 -1.65756 -0.33942 2 
44.898 -7.536 -1.61681 -0.38008 2 
47.464 -7.536 -1.28119 -0.04971 2 
50.029 -7.536 -0.39005 -0.06167 2 
52.595 -7.536 0.03894 -0.42184 2 
55.160 -7.536 -0.09602 -0.83647 2 
57.726 -7.536 -0.40619 -1.24177 2 
60.292 -7.536 -0.60255 -1.13640 2 
62.857 -7.536 -0.53140 -2.00760 2 
65.423 -7.536 -0.45701 -2.34610 2 
67.988 -7.536 -0.77918 -1.93820 2 
70.554 -7.536 0.45502 -1.29277 2 
73.120 -7.536 0.43755 -0.18488 2 
75.685 -7.536 0.29135 -1.65011 2 
78.251 -7.536 0.46702 -0.57672 2 
80.816 -7.536 1.58607 -0.60342 2 
83.382 -7.536 2.19787 0.15826 2 
85.948 -7.536 0.97182 -1.31969 2 
88.513 -7.536 3.50376 2.07478 2 
91.079 -7.536 3.64615 -0.39850 2 
93.644 -7.536 3.99547 0.90844 2 
96.210 -7.536 5.15813 1.91564 2 
98.776 -7.536 5.74244 2.11109 2 
101.341 -7.536 5.30211 2.68662 2 
103.907 -7.536 6.18899 3.18283 2 
106.472 -7.536 7.01543 3.17563 2 
109.038 -7.536 7.84186 3.16843 2 
111.603 -7.536 6.45542 2.40234 2 
114.169 -7.536 7.32983 2.77694 2 
116.735 -7.536 8.20423 3.15154 2 
119.300 -7.536 0.00671 2.78478 1 
-8.980 -10.102 6.92474 -0.90146 2 
-6.414 -10.102 7.07959 -1.18540 2 
-3.848 -10.102 6.84794 -1.22687 2 
-1.283 -10.102 6.97466 -1.35446 2 
1.283 -10.102 6.84249 -1.77783 2 
3.848 -10.102 6.97878 -2.38126 2 
6.414 -10.102 7.05805 -2.92961 2 
8.980 -10.102 7.24244 -3.10022 2 
11.545 -10.102 7.97915 -2.94688 2 
14.111 -10.102 9.08693 -3.36201 2 
16.676 -10.102 9.76615 -2.92356 2 
19.242 -10.102 7.52498 -2.23397 2 
21.808 -10.102 4.92359 -0.71255 2 
24.373 -10.102 4.31178 -1.00124 2 
26.939 -10.102 2.42372 -0.51049 2 
29.504 -10.102 -0.20640 0.40184 2 
32.070 -10.102 -0.27164 -1.69705 2 
34.636 -10.102 -0.60516 -1.42490 2 
37.201 -10.102 -0.93868 -1.15275 2 
39.767 -10.102 1.67786 -0.19119 2 
42.332 -10.102 1.89544 -0.20059 2 
44.898 -10.102 0.87952 -0.34721 2 
47.464 -10.102 1.85686 0.05765 2 
50.029 -10.102 1.30736 -0.02620 2 
52.595 -10.102 1.22479 0.23666 2 
55.160 -10.102 0.76105 -0.64662 2 
57.726 -10.102 1.02575 -0.50901 2 
60.292 -10.102 0.82076 -1.26143 2 
62.857 -10.102 1.10914 -2.00280 2 
65.423 -10.102 1.34781 -1.69445 2 
67.988 -10.102 0.59033 -1.55738 2 
70.554 -10.102 1.40542 -1.03761 2 
73.120 -10.102 2.33128 -1.17191 2 
75.685 -10.102 2.30083 -0.90946 2 
78.251 -10.102 3.21948 -0.34098 2 
80.816 -10.102 2.57812 -1.39002 2 
83.382 -10.102 1.42853 -1.23365 2 
85.948 -10.102 3.57651 0.70567 2 
88.513 -10.102 3.30092 -0.34496 2 
91.079 -10.102 5.95609 0.54975 2 
93.644 -10.102 4.68110 2.68021 2 
96.210 -10.102 5.28968 1.82844 2 
98.776 -10.102 6.31801 2.28264 2 
101.341 -10.102 6.10620 2.36157 2 
103.907 -10.102 5.89438 2.44049 2 
106.472 -10.102 6.45306 2.03196 2 
109.038 -10.102 7.20109 2.25588 2 
111.603 -10.102 7.96639 3.31161 2 
114.169 -10.102 8.75565 2.94604 2 
116.735 -10.102 8.62668 3.00628 2 
119.300 -10.102 0.00000 -0.00000 0 
-8.980 -12.668 7.03785 -1.07398 2 
-6.414 -12.668 7.19423 -1.11255 2 
-3.848 -12.668 6.98495 -1.30495 2 
-1.283 -12.668 7.05480 -1.49467 2 
1.283 -12.668 7.07806 -1.76789 2 
3.848 -12.668 7.13604 -1.96172 2 
6.414 -12.668 7.31700 -2.38637 2 
8.980 -12.668 7.62787 -2.68299 2 
11.545 -12.668 8.06109 -2.86025 2 
14.111 -12.668 8.85826 -2.78272 2 
16.676 -12.668 8.96466 -2.68965 2 
19.242 -12.668 9.37878 -2.85898 2 
21.808 -12.668 9.54975 -1.33718 2 
24.373 -12.668 9.47213 -1.98371 2 
26.939 -12.668 6.22046 -1.02951 2 
29.504 -12.668 4.60639 -0.43728 2 
32.070 -12.668 6.70587 -1.78631 2 
34.636 -12.668 5.98109 -1.24502 2 
37.201 -12.668 5.25631 -0.70373 2 
39.767 -12.668 5.46273 0.06499 2 
42.332 -12.668 5.44845 -0.06177 2 
44.898 -12.668 5.04636 -0.52911 2 
47.464 -12.668 4.99492 0.16500 2 
50.029 -12.668 3.97849 -0.26555 2 
52.595 -12.668 2.96205 -0.69609 2 
55.160 -12.668 1.71555 -0.77748 2 
57.726 -12.668 0.46905 -0.85886 2 
60.292 -12.668 0.92634 -1.07735 2 
62.857 -12.668 1.10769 -1.65863 2 
65.423 -12.668 1.68716 -2.76820 2 
67.988 -12.668 1.32276 -2.45439 2 
70.554 -12.668 0.45352 -2.83063 2 
73.120 -12.668 3.35462 -2.06070 2 
75.685 -12.668 4.97397 -2.40771 2 
78.251 -12.668 3.32491 -0.99504 2 
80.816 -12.668 3.30981 -2.17982 2 
83.382 -12.668 4.19678 -0.92506 2 
85.948 -12.668 6.35113 1.96307 2 
88.513 -12.668 8.17805 1.93905 2 
91.079 -12.668 8.26602 1.49799 2 
93.644 -12.668 8.19685 2.51499 2 
96.210 -12.668 8.76523 2.87897 2 
98.776 -12.668 8.67596 2.54297 2 
101.341 -12.668 8.68864 2.54800 2 
103.907 -12.668 8.70131 2.55304 2 
106.472 -12.668 7.84331 2.10672 2 
109.038 -12.668 8.82128 2.79966 2 
111.603 -12.668 8.75143 3.01695 2 
114.169 -12.668 8.62228 2.86409 2 
116.735 -12.668 8.72498 2.71352 2 
119.300 -12.668 0.00000 -0.00000 0 
-8.980 -15.233 7.32681 -0.91594 2 
-6.414 -15.233 7.22945 -1.13799 2 
-3.848 -15.233 7.20691 -1.34037 2 
-1.283 -15.233 7.30825 -1.44177 2 
1.283 -15.233 7.30842 -1.79307 2 
3.848 -15.233 7.34108 -2.04848 2 
6.414 -15.233 7.42442 -2.28645 2 
8.980 -15.233 7.85552 -2.37013 2 
11.545 -15.233 8.19325 -2.32885 2 
14.111 -15.233 8.47899 -2.50190 2 
16.676 -15.233 8.78408 -2.28245 2 
19.242 -15.233 9.18128 -2.40334 2 
21.808 -15.233 9.19581 -1.95194 2 
24.373 -15.233 9.24543 -1.75217 2 
26.939 -15.233 9.39565 -1.50666 2 
29.504 -15.233 9.41919 -1.27640 2 
32.070 -15.233 8.53150 -2.03876 2 
34.636 -15.233 8.40164 -2.19938 2 
37.201 -15.233 8.06960 -0.71351 2 
39.767 -15.233 7.61556 -0.23121 2 
42.332 -15.233 9.00146 0.07706 2 
44.898 -15.233 9.21319 -0.71101 2 
47.464 -15.233 7.38501 -0.27095 2 
50.029 -15.233 4.23227 -0.72849 2 
52.595 -15.233 6.23360 -0.67308 2 
55.160 -15.233 5.57686 -0.77625 2 
57.726 -15.233 4.92011 -0.87943 2 
60.292 -15.233 3.63626 -0.25033 2 
62.857 -15.233 2.93225 -0.52317 2 
65.423 -15.233 2.15060 -2.78104 2 
67.988 -15.233 2.63166 -3.06434 2 
70.554 -15.233 1.86394 -3.33110 2 
73.120 -15.233 3.80593 -3.79147 2 
75.685 -15.233 4.18964 -2.06518 2 
78.251 -15.233 6.32297 0.38504 2 
80.816 -15.233 6.86818 -0.38133 2 
83.382 -15.233 6.96504 -0.61648 2 
85.948 -15.233 5.17760 1.33293 2 
88.513 -15.233 5.78901 2.18436 2 
91.079 -15.233 6.91126 2.93303 2 
93.644 -15.233 8.10996 2.86888 2 
96.210 -15.233 8.46431 2.38630 2 
98.776 -15.233 8.70289 2.23059 2 
101.341 -15.233 9.46291 1.91710 2 
103.907 -15.233 8.96437 2.35786 2 
106.472 -15.233 9.23356 2.18147 2 
109.038 -15.233 9.24412 2.53919 2 
111.603 -15.233 8.98340 2.64220 2 
114.169 -15.233 8.79953 2.67618 2 
116.735 -15.233 8.74549 2.17688 2 
119.300 -15.233 0.00000 -0.00000 0 
-8.980 -17.799 7.40295 -0.96411 2 
-6.414 -17.799 7.35397 -1.10259 2 
-3.848 -17.799 7.34685 -1.26723 2 
-1.283 -17.799 7.35357 -1.38373 2 
1.283 -17.799 7.37990 -1.64766 2 
3.848 -17.799 7.45820 -1.80211 2 
6.414 -17.799 7.79708 -2.02155 2 
8.980 -17.799 7.90124 -2.11124 2 
11.545 -17.799 8.36787 -2.15385 2 
14.111 -17.799 8.43427 -2.29363 2 
16.676 -17.799 8.72436 -2.22726 2 
19.242 -17.799 8.86659 -2.08589 2 
21.808 -17.799 9.02571 -1.79669 2 
24.373 -17.799 9.05621 -1.69422 2 
26.939 -17.799 9.24420 -1.58942 2 
29.504 -17.799 9.07870 -1.50467 2 
32.070 -17.799 9.31848 -1.78490 2 
34.636 -17.799 9.70491 -1.75798 2 
37.201 -17.799 9.73665 -1.14270 2 
39.767 -17.799 9.76839 -0.52742 2 
42.332 -17.799 9.48175 -0.68885 2 
44.898 -17.799 9.15815 -1.04155 2 
47.464 -17.799 9.77509 -0.70690 2 
50.029 -17.799 6.79271 -0.64955 2 
52.595 -17.799 9.50515 -0.65007 2 
55.160 -17.799 9.43816 -0.77503 2 
57.726 -17.799 9.37117 -0.89999 2 
60.292 -17.799 7.80284 -0.85278 2 
62.857 -17.799 6.47527 -1.11542 2 
65.423 -17.799 5.57330 -2.22234 2 
67.988 -17.799 4.22408 -3.00846 2 
70.554 -17.799 3.76077 -2.53424 2 
73.120 -17.799 7.40589 1.00175 2 
75.685 -17.799 7.49778 -0.20390 2 
78.251 -17.799 9.32102 1.76511 2 
80.816 -17.799 9.42188 0.95607 2 
83.382 -17.799 11.09128 0.93155 2 
85.948 -17.799 7.72718 1.37695 2 
88.513 -17.799 7.92534 2.07941 2 
91.079 -17.799 8.44313 2.34861 2 
93.644 -17.799 8.85345 2.80206 2 
96.210 -17.799 9.65247 2.38530 2 
98.776 -17.799 9.22093 2.18817 2 
101.341 -17.799 8.92749 2.08438 2 
103.907 -17.799 9.38494 1.86415 2 
106.472 -17.799 9.46838 2.14073 2 
109.038 -17.799 9.12978 2.24762 2 
111.603 -17.799 8.96960 2.29477 2 
114.169 -17.799 8.67402 2.26644 2 
116.735 -17.799 8.77518 2.27881 2 
119.300 -17.799 0.00000 -0.00000 0 
-8.980 -20.364 7.45768 -0.81755 2 
-6.414 -20.364 7.37921 -1.14493 2 
-3.848 -20.364 7.50176 -1.37122 2 
-1.283 -20.364 7.39909 -1.36574 2 
1.283 -20.364 7.56685 -1.49369 2 
3.848 -20.364 7.78597 -1.48569 2 
6.414 -20.364 7.85486 -1.84998 2 
8.980 -20.364 8.14642 -1.80672 2 
11.545 -20.364 8.31858 -1.92455 2 
14.111 -20.364 8.57277 -1.97261 2 
16.676 -20.364 8.69769 -1.80159 2 
19.242 -20.364 8.79293 -1.89896 2 
21.808 -20.364 8.91717 -1.70236 2 
24.373 -20.364 9.09310 -1.75572 2 
26.939 -20.364 9.07715 -1.51057 2 
29.504 -20.364 9.16713 -1.38520 2 
32.070 -20.364 9.29242 -1.45885 2 
34.636 -20.364 9.54302 -1.44149 2 
37.201 -20.364 9.78301 -1.15516 2 
39.767 -20.364 9.52669 -0.92673 2 
42.332 -20.364 9.82001 -0.89446 2 
44.898 -20.364 9.63459 -0.76955 2 
47.464 -20.364 9.68670 -0.79832 2 
50.029 -20.364 9.35315 -0.57061 2 
52.595 -20.364 9.49890 -0.78603 2 
55.160 -20.364 9.46052 -0.83544 2 
57.726 -20.364 9.54860 -0.73902 2 
60.292 -20.364 8.94635 -0.88013 2 
62.857 -20.364 8.34643 -0.93482 2 
65.423 -20.364 8.99600 -1.66364 2 
67.988 -20.364 10.23637 -1.51440 2 
70.554 -20.364 11.10592 0.35091 2 
73.120 -20.364 9.51568 0.76890 2 
75.685 -20.364 8.76650 0.37508 2 
78.251 -20.364 9.95570 1.20944 2 
80.816 -20.364 9.52694 1.04242 2 
83.382 -20.364 10.39325 0.67793 2 
85.948 -20.364 10.27677 1.42097 2 
88.513 -20.364 10.06168 1.97446 2 
91.079 -20.364 9.97501 1.76419 2 
93.644 -20.364 9.81642 2.19365 2 
96.210 -20.364 9.70415 2.11222 2 
98.776 -20.364 9.26915 1.92682 2 
101.341 -20.364 9.23049 1.75771 2 
103.907 -20.364 9.30917 1.69610 2 
106.472 -20.364 9.00327 1.94772 2 
109.038 -20.364 9.13817 2.05969 2 
111.603 -20.364 8.96704 2.08423 2 
114.169 -20.364 8.51405 2.00846 2 
116.735 -20.364 8.85558 1.93770 2 
119.300 -20.364 0.00000 -0.00000 0 
-8.980 -22.930 7.50477 -1.24611 2 
-6.414 -22.930 7.56235 -0.82210 2 
-3.848 -22.930 7.50127 -1.00695 2 
-1.283 -22.930 7.68126 -1.34273 2 
1.283 -22.930 7.75760 -1.42478 2 
3.848 -22.930 7.81553 -1.43926 2 
6.414 -22.930 8.00617 -1.70637 2 
8.980 -22.930 8.04063 -1.87169 2 
11.545 -22.930 8.38756 -1.82561 2 
14.111 -22.930 8.49898 -1.78466 2 
16.676 -22.930 8.56335 -1.69698 2 
19.242 -22.930 8.87413 -1.52231 2 
21.808 -22.930 8.82988 -1.61575 2 
24.373 -22.930 8.94275 -1.58503 2 
26.939 -22.930 9.00719 -1.56062 2 
29.504 -22.930 9.07759 -1.49838 2 
32.070 -22.930 9.23609 -1.20431 2 
34.636 -22.930 9.33543 -1.21382 2 
37.201 -22.930 9.35546 -1.16106 2 
39.767 -22.930 9.43522 -1.03721 2 
42.332 -22.930 9.56177 -0.90193 2 
44.898 -22.930 9.47912 -1.02845 2 
47.464 -22.930 9.47113 -0.65373 2 
50.029 -22.930 9.51853 -0.79941 2 
52.595 -22.930 9.48742 -0.78326 2 
55.160 -22.930 9.45430 -0.72998 2 
57.726 -22.930 9.62147 -0.96929 2 
60.292 -22.930 9.66910 -0.92123 2 
62.857 -22.930 10.13210 -0.87221 2 
65.423 -22.930 10.10252 -0.84981 2 
67.988 -22.930 10.48054 -0.96293 2 
70.554 -22.930 10.67794 0.10574 2 
73.120 -22.930 10.35658 0.52990 2 
75.685 -22.930 10.03523 0.95406 2 
78.251 -22.930 9.86783 0.80742 2 
80.816 -22.930 9.89899 0.60955 2 
83.382 -22.930 9.96330 0.65295 2 
85.948 -22.930 10.09538 1.12692 2 
88.513 -22.930 10.12585 1.10619 2 
91.079 -22.930 9.93033 1.37705 2 
93.644 -22.930 9.73848 1.30272 2 
96.210 -22.930 9.55334 1.55999 2 
98.776 -22.930 9.38904 1.26736 2 
101.341 -22.930 9.24605 1.70130 2 
103.907 -22.930 9.07727 1.74466 2 
106.472 -22.930 9.19296 1.87595 2 
109.038 -22.930 8.91693 1.53851 2 
111.603 -22.930 8.90848 1.74300 2 
114.169 -22.930 8.80318 1.79004 2 
116.735 -22.930 8.89648 1.74720 2 
119.300 -22.930 0.00000 -0.00000 0 
-8.980 -25.496 7.39052 -0.86649 2 
-6.414 -25.496 7.63854 -1.15144 2 
-3.848 -25.496 7.59153 -1.23462 2 
-1.283 -25.496 7.74382 -1.02309 2 
1.283 -25.496 7.94178 -1.38806 2 
3.848 -25.496 7.80623 -1.23470 2 
6.414 -25.496 8.04146 -1.52842 2 
8.980 -25.496 8.06579 -1.66875 2 
11.545 -25.496 8.17145 -1.49889 2 
14.111 -25.496 8.56186 -1.58329 2 
16.676 -25.496 8.69555 -1.61998 2 
19.242 -25.496 8.71603 -1.61973 2 
21.808 -25.496 8.87428 -1.43794 2 
24.373 -25.496 8.97923 -1.37562 2 
26.939 -25.496 9.01014 -1.31442 2 
29.504 -25.496 9.03045 -1.23327 2 
32.070 -25.496 9.12734 -1.37911 2 
34.636 -25.496 9.23102 -1.00835 2 
37.201 -25.496 9.24464 -1.04035 2 
39.767 -25.496 9.35780 -1.04254 2 
42.332 -25.496 9.37187 -0.88473 2 
44.898 -25.496 9.40867 -0.74094 2 
47.464 -25.496 9.56766 -0.80716 2 
50.029 -25.496 9.43298 -0.74851 2 
52.595 -25.496 9.55006 -0.65637 2 
55.160 -25.496 9.59473 -0.72889 2 
57.726 -25.496 9.43467 -0.65753 2 
60.292 -25.496 9.77876 -0.71037 2 
62.857 -25.496 9.65461 -0.72088 2 
65.423 -25.496 9.96412 -0.46986 2 
67.988 -25.496 10.21309 -0.25534 2 
70.554 -25.496 10.24996 -0.13943 2 
73.120 -25.496 10.33172 0.43080 2 
75.685 -25.496 10.17874 0.59487 2 
78.251 -25.496 9.91679 0.76477 2 
80.816 -25.496 9.75451 0.70629 2 
83.382 -25.496 9.80268 0.75652 2 
85.948 -25.496 9.75376 0.91610 2 
88.513 -25.496 9.82921 1.11947 2 
91.079 -25.496 9.61051 1.05281 2 
93.644 -25.496 9.57088 1.30933 2 
96.210 -25.496 9.43447 1.33924 2 
98.776 -25.496 9.44126 1.28804 2 
101.341 -25.496 9.14312 1.43024 2 
103.907 -25.496 9.28744 1.43945 2 
106.472 -25.496 9.07332 1.52102 2 
109.038 -25.496 8.88176 1.56602 2 
111.603 -25.496 8.81791 1.72615 2 
114.169 -25.496 8.70966 1.70037 2 
116.735 -25.496 8.75013 1.76649 2 
119.300 -25.496 0.00000 -0.00000 0 
-8.980 -28.061 7.69430 -0.98496 2 
-6.414 -28.061 7.59500 -0.85242 2 
-3.848 -28.061 7.77080 -1.06462 2 
-1.283 -28.061 7.80538 -1.06932 2 
1.283 -28.061 7.81814 -1.17500 2 
3.848 -28.061 8.02728 -1.27750 2 
6.414 -28.061 8.15224 -1.30837 2 
8.980 -28.061 8.18251 -1.25779 2 
11.545 -28.061 8.35719 -1.47895 2 
14.111 -28.061 8.39513 -1.40554 2 
16.676 -28.061 8.60741 -1.47794 2 
19.242 -28.061 8.73565 -1.36187 2 
21.808 -28.061 8.73965 -1.40430 2 
24.373 -28.061 8.85674 -1.34325 2 
26.939 -28.061 8.93652 -1.28936 2 
29.504 -28.061 8.91711 -1.18272 2 
32.070 -28.061 9.05472 -1.09075 2 
34.636 -28.061 9.18655 -1.01114 2 
37.201 -28.061 9.24531 -0.99681 2 
39.767 -28.061 9.25283 -0.89119 2 
42.332 -28.061 9.32051 -0.80728 2 
44.898 -28.061 9.41636 -0.91413 2 
47.464 -28.061 9.19343 -0.70172 2 
50.029 -28.061 9.43910 -0.64610 2 
52.595 -28.061 9.60443 -0.67737 2 
55.160 -28.061 9.45725 -0.64759 2 
57.726 -28.061 9.76226 -0.63349 2 
60.292 -28.061 9.51253 -0.54045 2 
62.857 -28.061 9.59724 -0.57837 2 
65.423 -28.061 9.94764 -0.56205 2 
67.988 -28.061 9.96089 -0.33809 2 
70.554 -28.061 9.96529 0.02414 2 
73.120 -28.061 9.92395 0.29254 2 
75.685 -28.061 10.01662 0.38973 2 
78.251 -28.061 9.69185 0.51806 2 
80.816 -28.061 9.78164 0.63130 2 
83.382 -28.061 9.71099 0.62529 2 
85.948 -28.061 9.61936 0.74163 2 
88.513 -28.061 9.58608 0.78208 2 
91.079 -28.061 9.56267 0.97501 2 
93.644 -28.061 9.54561 0.87574 2 
96.210 -28.061 9.33823 1.18825 2 
98.776 -28.061 9.26116 1.14718 2 
101.341 -28.061 9.29984 1.17168 2 
103.907 -28.061 8.99459 1.49940 2 
106.472 -28.061 8.95634 1.30342 2 
109.038 -28.061 8.92736 1.41505 2 
111.603 -28.061 8.91963 1.21527 2 
114.169 -28.061 8.77110 1.53410 2 
116.735 -28.061 9.03199 1.54305 2 
119.300 -28.061 0.00000 -0.00000 0 
-8.980 -30.627 7.60567 -0.87742 2 
-6.414 -30.627 7.76955 -1.00679 2 
-3.848 -30.627 7.82025 -1.04890 2 
-1.283 -30.627 7.90320 -1.11491 2 
1.283 -30.627 7.95004 -1.09936 2 
3.848 -30.627 8.15909 -1.06804 2 
6.414 -30.627 8.17662 -1.26282 2 
8.980 -30.627 8.25584 -1.34269 2 
11.545 -30.627 8.25928 -1.25026 2 
14.111 -30.627 8.43650 -1.21546 2 
16.676 -30.627 8.61464 -1.38491 2 
19.242 -30.627 8.64225 -1.34448 2 
21.808 -30.627 8.77658 -1.13755 2 
24.373 -30.627 8.89397 -1.29231 2 
26.939 -30.627 8.85421 -1.11346 2 
29.504 -30.627 9.05544 -1.06382 2 
32.070 -30.627 8.92714 -1.12087 2 
34.636 -30.627 9.09321 -1.00789 2 
37.201 -30.627 9.02979 -0.99256 2 
39.767 -30.627 9.16554 -0.94334 2 
42.332 -30.627 9.36774 -0.85056 2 
44.898 -30.627 9.21332 -0.84481 2 
47.464 -30.627 9.42230 -0.77968 2 
50.029 -30.627 9.44355 -0.66546 2 
52.595 -30.627 9.31771 -0.61465 2 
55.160 -30.627 9.38070 -0.61625 2 
57.726 -30.627 9.37603 -0.45237 2 
60.292 -30.627 9.57937 -0.51100 2 
62.857 -30.627 9.69938 -0.47177 2 
65.423 -30.627 9.59977 -0.31296 2 
67.988 -30.627 9.66606 -0.23947 2 
70.554 -30.627 9.82857 0.06312 2 
73.120 -30.627 9.91034 0.25704 2 
75.685 -30.627 9.76535 0.32934 2 
78.251 -30.627 9.84758 0.51577 2 
80.816 -30.627 9.56119 0.56518 2 
83.382 -30.627 9.84964 0.69026 2 
85.948 -30.627 9.51208 0.56798 2 
88.513 -30.627 9.47687 0.90575 2 
91.079 -30.627 9.46241 0.92362 2 
93.644 -30.627 9.29547 0.80557 2 
96.210 -30.627 9.29219 1.00607 2 
98.776 -30.627 9.11793 1.03918 2 
101.341 -30.627 9.03405 1.13893 2 
103.907 -30.627 9.11068 1.04673 2 
106.472 -30.627 8.85172 1.19771 2 
109.038 -30.627 8.93041 1.24962 2 
111.603 -30.627 8.67611 1.06546 2 
114.169 -30.627 8.73643 1.35490 2 
116.735 -30.627 8.78825 1.48385 2 
119.300 -30.627 0.00000 -0.00000 0 
-8.980 -33.192 7.76560 -0.87898 2 
-6.414 -33.192 7.87079 -0.95013 2 
-3.848 -33.192 7.74042 -1.00177 2 
-1.283 -33.192 7.96906 -0.95791 2 
1.283 -33.192 7.96827 -1.07979 2 
3.848 -33.192 8.01855 -1.12179 2 
6.414 -33.192 8.28779 -1.00566 2 
8.980 -33.192 8.31122 -1.18469 2 
11.545 -33.192 8.41494 -1.20186 2 
14.111 -33.192 8.42333 -1.35977 2 
16.676 -33.192 8.61861 -1.10373 2 
19.242 -33.192 8.51727 -1.21307 2 
21.808 -33.192 8.65440 -1.24278 2 
24.373 -33.192 8.72130 -0.82037 2 
26.939 -33.192 8.69252 -1.06426 2 
29.504 -33.192 8.94916 -0.85753 2 
32.070 -33.192 8.91253 -1.19678 2 
34.636 -33.192 9.06503 -0.96726 2 
37.201 -33.192 9.09700 -0.85400 2 
39.767 -33.192 9.16004 -0.92555 2 
42.332 -33.192 9.00312 -0.84317 2 
44.898 -33.192 9.24755 -0.63746 2 
47.464 -33.192 9.10477 -0.78414 2 
50.029 -33.192 9.26223 -0.80152 2 
52.595 -33.192 9.27527 -0.52757 2 
55.160 -33.192 9.40520 -0.59055 2 
57.726 -33.192 9.45527 -0.50995 2 
60.292 -33.192 9.44138 -0.52610 2 
62.857 -33.192 9.50086 -0.26817 2 
65.423 -33.192 9.67297 -0.31394 2 
67.988 -33.192 9.68885 -0.00073 2 
70.554 -33.192 9.64329 -0.02649 2 
73.120 -33.192 9.60612 0.02063 2 
75.685 -33.192 9.51509 0.31922 2 
78.251 -33.192 9.73736 0.36085 2 
80.816 -33.192 9.52184 0.35783 2 
83.382 -33.192 9.39915 0.66412 2 
85.948 -33.192 9.34875 0.63011 2 
88.513 -33.192 9.33987 0.67983 2 
91.079 -33.192 9.48277 0.78104 2 
93.644 -33.192 9.36064 0.89023 2 
96.210 -33.192 9.39169 0.71662 2 
98.776 -33.192 9.11776 0.93778 2 
101.341 -33.192 9.24803 1.06613 2 
103.907 -33.192 8.96510 0.90876 2 
106.472 -33.192 8.82255 0.97683 2 
109.038 -33.192 8.71472 1.31620 2 
111.603 -33.192 8.90846 1.20750 2 
114.169 -33.192 8.46606 1.09322 2 
116.735 -33.192 8.95042 1.28008 2 
119.300 -33.192 0.00000 -0.00000 0 
-8.980 -35.758 7.91876 -0.79691 2 
-6.414 -35.758 7.74516 -0.95839 2 
-3.848 -35.758 8.11747 -0.96284 2 
-1.283 -35.758 7.88181 -0.96961 2 
1.283 -35.758 7.98611 -0.98964 2 
3.848 -35.758 8.11407 -1.04723 2 
6.414 -35.758 8.22321 -1.09124 2 
8.980 -35.758 8.12271 -0.90049 2 
11.545 -35.758 8.33865 -1.09869 2 
14.111 -35.758 8.40383 -1.05246 2 
16.676 -35.758 8.51068 -1.06160 2 
19.242 -35.758 8.78519 -1.08159 2 
21.808 -35.758 8.76037 -1.03576 2 
24.373 -35.758 8.74925 -1.16218 2 
26.939 -35.758 8.90841 -0.92680 2 
29.504 -35.758 8.86472 -0.98886 2 
32.070 -35.758 8.83615 -0.86675 2 
34.636 -35.758 8.97374 -0.89324 2 
37.201 -35.758 9.04545 -0.84236 2 
39.767 -35.758 9.12962 -0.72885 2 
42.332 -35.758 9.05827 -0.72842 2 
44.898 -35.758 9.30444 -0.73779 2 
47.464 -35.758 9.16400 -0.61456 2 
50.029 -35.758 9.25230 -0.71231 2 
52.595 -35.758 9.40711 -0.59672 2 
55.160 -35.758 9.27505 -0.35513 2 
57.726 -35.758 9.30582 -0.39640 2 
60.292 -35.758 9.43211 -0.50168 2 
62.857 -35.758 9.33207 -0.39860 2 
65.423 -35.758 9.43874 -0.11585 2 
67.988 -35.758 9.47555 -0.20629 2 
70.554 -35.758 9.44030 0.08858 2 
73.120 -35.758 9.39554 0.22779 2 
75.685 -35.758 9.33350 0.25423 2 
78.251 -35.758 9.55745 0.36502 2 
80.816 -35.758 9.59343 0.47813 2 
83.382 -35.758 9.38844 0.49029 2 
85.948 -35.758 9.38209 0.45034 2 
88.513 -35.758 9.30969 0.66479 2 
91.079 -35.758 9.18308 0.75247 2 
93.644 -35.758 9.19056 0.78838 2 
96.210 -35.758 9.01470 0.83679 2 
98.776 -35.758 9.14849 0.84756 2 
101.341 -35.758 8.99080 0.94713 2 
103.907 -35.758 8.84051 1.03467 2 
106.472 -35.758 8.99838 1.09801 2 
109.038 -35.758 8.96246 1.07558 2 
111.603 -35.758 8.76158 1.06648 2 
114.169 -35.758 8.62556 1.03185 2 
116.735 -35.758 9.12008 1.21437 2 
119.300 -35.758 0.00000 -0.00000 0 
-8.980 -38.324 7.79724 -0.85674 2 
-6.414 -38.324 8.07137 -0.76318 2 
-3.848 -38.324 7.91378 -0.87820 2 
-1.283 -38.324 8.12075 -0.92148 2 
1.283 -38.324 8.10980 -0.93209 2 
3.848 -38.324 8.22250 -0.94722 2 
6.414 -38.324 8.26900 -1.00498 2 
8.980 -38.324 8.43307 -1.09486 2 
11.545 -38.324 8.38857 -0.99730 2 
14.111 -38.324 8.39207 -0.96128 2 
16.676 -38.324 8.60694 -1.01990 2 
19.242 -38.324 8.60231 -1.01581 2 
21.808 -38.324 8.57211 -0.96946 2 
24.373 -38.324 8.91383 -0.99596 2 
26.939 -38.324 8.79955 -0.92054 2 
29.504 -38.324 8.75247 -0.87272 2 
32.070 -38.324 8.96026 -0.91928 2 
34.636 -38.324 8.98962 -0.89408 2 
37.201 -38.324 9.03893 -0.90283 2 
39.767 -38.324 8.89780 -0.71834 2 
42.332 -38.324 9.16839 -0.74127 2 
44.898 -38.324 8.90505 -0.66973 2 
47.464 -38.324 9.10957 -0.55233 2 
50.029 -38.324 9.11591 -0.59943 2 
52.595 -38.324 9.18445 -0.58959 2 
55.160 -38.324 9.20183 -0.50856 2 
57.726 -38.324 9.35753 -0.50681 2 
60.292 -38.324 9.33181 -0.40535 2 
62.857 -38.324 9.40433 -0.23558 2 
65.423 -38.324 9.40619 -0.10845 2 
67.988 -38.324 9.46522 -0.09714 2 
70.554 -38.324 9.30312 0.04516 2 
73.120 -38.324 9.53175 -0.08130 2 
75.685 -38.324 9.31386 0.12058 2 
78.251 -38.324 9.39948 0.31922 2 
80.816 -38.324 9.18628 0.46110 2 
83.382 -38.324 9.27756 0.48549 2 
85.948 -38.324 9.29216 0.58276 2 
88.513 -38.324 9.26326 0.64852 2 
91.079 -38.324 9.15906 0.60754 2 
93.644 -38.324 9.18046 0.74942 2 
96.210 -38.324 9.12975 0.77173 2 
98.776 -38.324 9.01314 0.90716 2 
101.341 -38.324 9.07198 0.81090 2 
103.907 -38.324 8.92039 0.92213 2 
106.472 -38.324 8.78159 1.04302 2 
109.038 -38.324 8.82115 0.83130 2 
111.603 -38.324 8.73384 0.99661 2 
114.169 -38.324 8.58283 1.07837 2 
116.735 -38.324 9.08149 0.94052 2 
119.300 -38.324 0.00000 -0.00000 0 
-8.980 -40.889 7.89193 -0.82222 2 
-6.414 -40.889 7.99924 -0.91716 2 
-3.848 -40.889 8.00662 -0.91000 2 
-1.283 -40.889 8.20060 -0.81515 2 
1.283 -40.889 8.10402 -0.95411 2 
3.848 -40.889 8.21807 -0.82079 2 
6.414 -40.889 8.22465 -1.01689 2 
8.980 -40.889 8.41358 -0.82691 2 
11.545 -40.889 8.46233 -0.88930 2 
14.111 -40.889 8.41072 -0.88698 2 
16.676 -40.889 8.61958 -1.06221 2 
19.242 -40.889 8.54956 -0.95131 2 
21.808 -40.889 8.60713 -0.89859 2 
24.373 -40.889 8.69226 -0.80354 2 
26.939 -40.889 8.70547 -0.79381 2 
29.504 -40.889 8.91678 -0.93213 2 
32.070 -40.889 8.84181 -0.79785 2 
34.636 -40.889 8.82698 -0.84445 2 
37.201 -40.889 8.93369 -0.76513 2 
39.767 -40.889 9.08030 -0.73019 2 
42.332 -40.889 8.99242 -0.73888 2 
44.898 -40.889 9.23923 -0.56807 2 
47.464 -40.889 9.01818 -0.69302 2 
50.029 -40.889 9.00873 -0.61303 2 
52.595 -40.889 9.14076 -0.39403 2 
55.160 -40.889 9.26374 -0.66518 2 
57.726 -40.889 9.14938 -0.39013 2 
60.292 -40.889 9.37822 -0.31678 2 
62.857 -40.889 9.18777 -0.20788 2 
65.423 -40.889 9.28066 -0.15034 2 
67.988 -40.889 9.16668 -0.11699 2 
70.554 -40.889 9.26094 0.03562 2 
73.120 -40.889 9.26906 0.09425 2 
75.685 -40.889 9.39887 0.32339 2 
78.251 -40.889 9.33510 0.19556 2 
80.816 -40.889 9.37979 0.31807 2 
83.382 -40.889 9.16566 0.61254 2 
85.948 -40.889 9.36894 0.53195 2 
88.513 -40.889 9.15939 0.52147 2 
91.079 -40.889 9.13022 0.51112 2 
93.644 -40.889 9.26086 0.73474 2 
96.210 -40.889 8.93338 0.70699 2 
98.776 -40.889 9.01211 0.80564 2 
101.341 -40.889 8.83965 0.95684 2 
103.907 -40.889 9.00347 0.78245 2 
106.472 -40.889 8.82241 0.91180 2 
109.038 -40.889 9.00352 0.86993 2 
111.603 -40.889 8.74213 0.81625 2 
114.169 -40.889 8.59614 0.98873 2 
116.735 -40.889 9.09413 1.03429 2 
119.300 -40.889 0.00000 -0.00000 0 
-8.980 -43.455 7.96527 -0.80501 2 
-6.414 -43.455 7.88000 -0.76579 2 
-3.848 -43.455 8.01659 -0.76496 2 
-1.283 -43.455 7.97899 -0.90972 2 
1.283 -43.455 8.16448 -0.76679 2 
3.848 -43.455 8.26426 -0.89396 2 
6.414 -43.455 8.20966 -0.92198 2 
8.980 -43.455 8.32387 -0.88194 2 
11.545 -43.455 8.38898 -0.91416 2 
14.111 -43.455 8.57141 -0.90740 2 
16.676 -43.455 8.50107 -0.91412 2 
19.242 -43.455 8.61219 -0.78546 2 
21.808 -43.455 8.68092 -0.91806 2 
24.373 -43.455 8.67028 -0.89584 2 
26.939 -43.455 8.66548 -0.85447 2 
29.504 -43.455 8.82159 -0.80985 2 
32.070 -43.455 8.79713 -0.74126 2 
34.636 -43.455 8.86901 -0.71350 2 
37.201 -43.455 8.85679 -0.77489 2 
39.767 -43.455 8.84988 -0.58737 2 
42.332 -43.455 9.07834 -0.48968 2 
44.898 -43.455 9.04255 -0.68441 2 
47.464 -43.455 9.04514 -0.53357 2 
50.029 -43.455 9.04691 -0.49669 2 
52.595 -43.455 9.17610 -0.54995 2 
55.160 -43.455 9.02935 -0.40555 2 
57.726 -43.455 9.11664 -0.22189 2 
60.292 -43.455 9.16400 -0.41064 2 
62.857 -43.455 9.10832 -0.35254 2 
65.423 -43.455 9.09065 -0.14538 2 
67.988 -43.455 9.26903 -0.14529 2 
70.554 -43.455 9.16706 0.00522 2 
73.120 -43.455 9.52149 0.08825 2 
75.685 -43.455 9.15924 0.21468 2 
78.251 -43.455 9.32798 0.24202 2 
80.816 -43.455 9.24873 0.41694 2 
83.382 -43.455 9.14483 0.24671 2 
85.948 -43.455 9.19408 0.36433 2 
88.513 -43.455 9.05226 0.56595 2 
91.079 -43.455 8.99682 0.73306 2 
93.644 -43.455 8.97119 0.60374 2 
96.210 -43.455 8.95120 0.58385 2 
98.776 -43.455 8.95733 0.68643 2 
101.341 -43.455 8.92433 0.75992 2 
103.907 -43.455 8.78837 0.79004 2 
106.472 -43.455 8.83305 0.82515 2 
109.038 -43.455 8.74980 0.82833 2 
111.603 -43.455 8.61814 0.84929 2 
114.169 -43.455 8.61343 0.99832 2 
116.735 -43.455 8.94838 0.94276 2 
119.300 -43.455 0.00000 -0.00000 0 
-8.980 -46.020 7.98696 -0.74128 2 
-6.414 -46.020 8.13024 -0.80559 2 
-3.848 -46.020 8.13578 -0.73508 2 
-1.283 -46.020 8.08020 -0.85732 2 
1.283 -46.020 8.05132 -0.88739 2 
3.848 -46.020 8.19594 -0.84095 2 
6.414 -46.020 8.22496 -0.85128 2 
8.980 -46.020 8.23490 -0.83466 2 
11.545 -46.020 8.47313 -0.86356 2 
14.111 -46.020 8.49948 -0.80654 2 
16.676 -46.020 8.50698 -0.85841 2 
19.242 -46.020 8.58270 -0.96259 2 
21.808 -46.020 8.55473 -0.88808 2 
24.373 -46.020 8.61479 -0.74701 2 
26.939 -46.020 8.88983 -0.76288 2 
29.504 -46.020 8.70942 -0.81173 2 
32.070 -46.020 8.89872 -0.74318 2 
34.636 -46.020 8.85619 -0.67710 2 
37.201 -46.020 8.83753 -0.71714 2 
39.767 -46.020 8.91968 -0.63102 2 
42.332 -46.020 8.80367 -0.60773 2 
44.898 -46.020 8.94655 -0.64482 2 
47.464 -46.020 9.00024 -0.49325 2 
50.029 -46.020 8.89718 -0.55869 2 
52.595 -46.020 9.03983 -0.28945 2 
55.160 -46.020 9.20423 -0.41132 2 
57.726 -46.020 9.12332 -0.40792 2 
60.292 -46.020 9.01341 -0.08026 2 
62.857 -46.020 9.23163 -0.28447 2 
65.423 -46.020 9.20920 -0.11316 2 
67.988 -46.020 9.15235 -0.16359 2 
70.554 -46.020 9.06249 -0.03347 2 
73.120 -46.020 9.13998 0.24822 2 
75.685 -46.020 9.09184 0.15407 2 
78.251 -46.020 9.04661 0.17399 2 
80.816 -46.020 9.05121 0.24981 2 
83.382 -46.020 8.95434 0.63476 2 
85.948 -46.020 9.18323 0.47764 2 
88.513 -46.020 8.99119 0.47768 2 
91.079 -46.020 8.91556 0.47644 2 
93.644 -46.020 8.97277 0.65990 2 
96.210 -46.020 8.96458 0.62719 2 
98.776 -46.020 8.94467 0.69390 2 
101.341 -46.020 8.96712 0.67207 2 
103.907 -46.020 8.89845 0.72596 2 
106.472 -46.020 8.68813 0.76835 2 
109.038 -46.020 8.75488 0.79978 2 
111.603 -46.020 8.78464 0.87285 2 
114.169 -46.020 8.51555 0.67102 2 
116.735 -46.020 8.80262 0.85123 2 
119.300 -46.020 0.00000 -0.00000 0 
-8.980 -48.586 8.01960 -0.89843 2 
-6.414 -48.586 7.82252 -0.75024 2 
-3.848 -48.586 8.02430 -0.77415 2 
-1.283 -48.586 8.14569 -0.69925 2 
1.283 -48.586 8.19230 -0.82639 2 
3.848 -48.586 8.26273 -0.77580 2 
6.414 -48.586 8.34261 -0.86597 2 
8.980 -48.586 8.28739 -0.86556 2 
11.545 -48.586 8.47995 -0.87722 2 
14.111 -48.586 8.36853 -0.91059 2 
16.676 -48.586 8.55617 -0.86197 2 
19.242 -48.586 8.51402 -0.67937 2 
21.808 -48.586 8.66889 -0.87855 2 
24.373 -48.586 8.67978 -0.72904 2 
26.939 -48.586 8.66557 -0.81006 2 
29.504 -48.586 8.59092 -0.79510 2 
32.070 -48.586 8.81038 -0.70828 2 
34.636 -48.586 8.66043 -0.67593 2 
37.201 -48.586 8.86777 -0.62113 2 
39.767 -48.586 8.78327 -0.68170 2 
42.332 -48.586 8.96749 -0.58163 2 
44.898 -48.586 8.93838 -0.45928 2 
47.464 -48.586 8.78629 -0.45755 2 
50.029 -48.586 9.00498 -0.53366 2 
52.595 -48.586 8.93195 -0.39165 2 
55.160 -48.586 9.00712 -0.45268 2 
57.726 -48.586 8.93376 -0.31266 2 
60.292 -48.586 9.06217 -0.13802 2 
62.857 -48.586 8.87997 -0.24508 2 
65.423 -48.586 9.00882 -0.04152 2 
67.988 -48.586 9.14045 0.00870 2 
70.554 -48.586 9.10673 -0.02207 2 
73.120 -48.586 9.03939 -0.01033 2 
75.685 -48.586 9.01613 0.21485 2 
78.251 -48.586 9.06672 0.30460 2 
80.816 -48.586 9.02877 0.34593 2 
83.382 -48.586 9.17449 0.39341 2 
85.948 -48.586 9.01323 0.36342 2 
88.513 -48.586 8.89708 0.56176 2 
91.079 -48.586 8.88964 0.43578 2 
93.644 -48.586 8.92614 0.49383 2 
96.210 -48.586 8.91043 0.64988 2 
98.776 -48.586 8.85828 0.54798 2 
101.341 -48.586 8.83925 0.75868 2 
103.907 -48.586 8.76116 0.53348 2 
106.472 -48.586 8.71104 0.69720 2 
109.038 -48.586 8.73725 0.79532 2 
111.603 -48.586 8.57566 0.76198 2 
114.169 -48.586 8.60274 0.85769 2 
116.735 -48.586 8.65687 0.75970 2 
119.300 -48.586 0.00000 -0.00000 0 
-8.980 -51.152 8.08346 -0.70002 2 
-6.414 -51.152 8.18973 -0.76126 2 
-3.848 -51.152 8.02881 -0.82012 2 
-1.283 -51.152 8.22112 -0.72156 2 
1.283 -51.152 8.08567 -0.68907 2 
3.848 -51.152 8.36391 -0.77562 2 
6.414 -51.152 8.35574 -0.85166 2 
8.980 -51.152 8.41539 -0.76750 2 
11.545 -51.152 8.26870 -0.70453 2 
14.111 -51.152 8.44064 -0.73069 2 
16.676 -51.152 8.42833 -0.79677 2 
19.242 -51.152 8.48195 -0.76963 2 
21.808 -51.152 8.46198 -0.63967 2 
24.373 -51.152 8.55233 -0.71017 2 
26.939 -51.152 8.62540 -0.66669 2 
29.504 -51.152 8.72761 -0.72226 2 
32.070 -51.152 8.65732 -0.56596 2 
34.636 -51.152 8.95566 -0.64842 2 
37.201 -51.152 8.70687 -0.57363 2 
39.767 -51.152 8.76284 -0.71892 2 
42.332 -51.152 8.81053 -0.59719 2 
44.898 -51.152 8.77095 -0.42659 2 
47.464 -51.152 8.94145 -0.48340 2 
50.029 -51.152 8.98962 -0.43919 2 
52.595 -51.152 9.00470 -0.42060 2 
55.160 -51.152 8.86103 -0.47075 2 
57.726 -51.152 8.96726 -0.18384 2 
60.292 -51.152 9.07746 -0.23028 2 
62.857 -51.152 9.13698 -0.17802 2 
65.423 -51.152 9.09991 -0.03975 2 
67.988 -51.152 9.04285 -0.04111 2 
70.554 -51.152 8.91840 0.08736 2 
73.120 -51.152 9.10861 0.05857 2 
75.685 -51.152 8.89060 0.21615 2 
78.251 -51.152 9.02017 0.23528 2 
80.816 -51.152 9.06667 0.26399 2 
83.382 -51.152 8.87640 0.25652 2 
85.948 -51.152 8.83796 0.40713 2 
88.513 -51.152 9.01726 0.45237 2 
91.079 -51.152 8.89803 0.41895 2 
93.644 -51.152 8.77039 0.58086 2 
96.210 -51.152 8.84468 0.46724 2 
98.776 -51.152 8.75397 0.50115 2 
101.341 -51.152 8.75094 0.64577 2 
103.907 -51.152 8.62806 0.67920 2 
106.472 -51.152 8.65742 0.65574 2 
109.038 -51.152 8.72215 0.69042 2 
111.603 -51.152 8.56036 0.85855 2 
114.169 -51.152 8.75275 0.73082 2 
116.735 -51.152 9.11464 1.08425 2 
119.300 -51.152 0.00000 -0.00000 0 
-8.980 -53.717 8.08705 -0.76028 2 
-6.414 -53.717 7.98984 -0.53328 2 
-3.848 -53.717 8.27131 -0.60954 2 
-1.283 -53.717 8.31157 -0.74050 2 
1.283 -53.717 8.35207 -0.84763 2 
3.848 -53.717 8.37348 -0.72010 2 
6.414 -53.717 8.52116 -0.95240 2 
8.980 -53.717 8.34275 -0.78176 2 
11.545 -53.717 8.45893 -0.79387 2 
14.111 -53.717 8.57512 -0.80597 2 
16.676 -53.717 8.69130 -0.81808 2 
19.242 -53.717 8.74875 -0.67654 2 
21.808 -53.717 8.82294 -0.60107 2 
24.373 -53.717 8.93302 -0.59562 2 
26.939 -53.717 9.04310 -0.59018 2 
29.504 -53.717 8.81503 -0.55706 2 
32.070 -53.717 9.15390 -0.68656 2 
34.636 -53.717 8.99361 -0.70407 2 
37.201 -53.717 9.03722 -0.49692 2 
39.767 -53.717 9.18298 -0.67665 2 
42.332 -53.717 9.07694 -0.61824 2 
44.898 -53.717 9.23912 -0.49474 2 
47.464 -53.717 9.08336 -0.69253 2 
50.029 -53.717 9.09186 -0.48868 2 
52.595 -53.717 9.21367 -0.44944 2 
55.160 -53.717 9.18762 -0.22449 2 
57.726 -53.717 9.01223 -0.34457 2 
60.292 -53.717 8.83005 -0.23028 2 
62.857 -53.717 8.92095 -0.19276 2 
65.423 -53.717 8.92371 -0.16485 2 
67.988 -53.717 8.95203 -0.15600 2 
70.554 -53.717 9.03047 0.25745 2 
73.120 -53.717 8.96274 0.10208 2 
75.685 -53.717 8.98851 0.09905 2 
78.251 -53.717 8.93982 0.21584 2 
80.816 -53.717 8.99559 0.36008 2 
83.382 -53.717 8.91122 0.49362 2 
85.948 -53.717 9.06732 0.42092 2 
88.513 -53.717 8.90886 0.59374 2 
91.079 -53.717 8.87456 0.44418 2 
93.644 -53.717 9.00652 0.66250 2 
96.210 -53.717 8.85145 0.57048 2 
98.776 -53.717 8.87358 0.63141 2 
101.341 -53.717 8.83447 0.57797 2 
103.907 -53.717 8.85260 0.85516 2 
106.472 -53.717 8.77317 0.86829 2 
109.038 -53.717 8.62652 0.77976 2 
111.603 -53.717 8.59810 0.74476 2 
114.169 -53.717 8.86261 0.52080 2 
116.735 -53.717 0.00000 -0.00000 0 
119.300 -53.717 0.00000 -0.00000 0 
-8.980 -56.283 0.00000 -0.00000 0 
-6.414 -56.283 0.00000 -0.00000 0 
-3.848 -56.283 0.00000 -0.00000 0 
-1.283 -56.283 0.00000 -0.00000 0 
1.283 -56.283 0.00000 -0.00000 0 
3.848 -56.283 0.00000 -0.00000 0 
6.414 -56.283 0.00000 -0.00000 0 
8.980 -56.283 0.00000 -0.00000 0 
11.545 -56.283 0.00000 -0.00000 0 
14.111 -56.283 0.00000 -0.00000 0 
16.676 -56.283 0.00000 -0.00000 0 
19.242 -56.283 0.00000 -0.00000 0 
21.808 -56.283 0.00000 -0.00000 0 
24.373 -56.283 0.00000 -0.00000 0 
26.939 -56.283 0.00000 -0.00000 0 
29.504 -56.283 0.00000 -0.00000 0 
32.070 -56.283 0.00000 -0.00000 0 
34.636 -56.283 0.00000 -0.00000 0 
37.201 -56.283 0.00000 -0.00000 0 
39.767 -56.283 0.00000 -0.00000 0 
42.332 -56.283 0.00000 -0.00000 0 
44.898 -56.283 0.00000 -0.00000 0 
47.464 -56.283 0.00000 -0.00000 0 
50.029 -56.283 0.00000 -0.00000 0 
52.595 -56.283 0.00000 -0.00000 0 
55.160 -56.283 0.00000 -0.00000 0 
57.726 -56.283 0.00000 -0.00000 0 
60.292 -56.283 8.94091 -0.20235 2 
62.857 -56.283 8.97396 -0.25766 2 
65.423 -56.283 9.03125 -0.01396 2 
67.988 -56.283 8.89194 0.03061 2 
70.554 -56.283 8.97310 0.05252 2 
73.120 -56.283 9.00817 0.22594 2 
75.685 -56.283 8.86426 0.16242 2 
78.251 -56.283 8.80400 0.19785 2 
80.816 -56.283 8.91882 0.32348 2 
83.382 -56.283 8.94046 0.41012 2 
85.948 -56.283 8.69287 0.40554 2 
88.513 -56.283 8.83249 0.34834 2 
91.079 -56.283 8.80922 0.50574 2 
93.644 -56.283 8.77665 0.49713 2 
96.210 -56.283 8.71517 0.44635 2 
98.776 -56.283 8.62227 0.54645 2 
101.341 -56.283 8.59377 0.57297 2 
103.907 -56.283 8.69625 0.59142 2 
106.472 -56.283 8.68988 0.40062 2 
109.038 -56.283 8.68351 0.20981 2 
111.603 -56.283 8.67714 0.01901 2 
114.169 -56.283 8.67077 -0.17180 2 
116.735 -56.283 0.00000 -0.00000 0 
119.300 -56.283 0.00000 -0.00000 0 
