TITLE = "B00079"
VARIABLES = "X [mm]", "Y [mm]", "Vx [m/s]", "Vy [m/s]", "Flag"
ZONE T="Frame 1", I=51, J=39, F=POINT
-8.980 41.210 7.38021 0.25388 2 
-6.414 41.210 7.24196 0.48640 2 
-3.848 41.210 7.30789 0.41221 2 
-1.283 41.210 7.27372 0.62015 2 
1.283 41.210 7.55409 0.63836 2 
3.848 41.210 0.00000 -0.00000 0 
6.414 41.210 0.00000 -0.00000 0 
8.980 41.210 0.00000 -0.00000 0 
11.545 41.210 0.00000 -0.00000 0 
14.111 41.210 0.00000 -0.00000 0 
16.676 41.210 0.00000 -0.00000 0 
19.242 41.210 3.88260 0.31751 2 
21.808 41.210 7.76520 0.63502 2 
24.373 41.210 7.35725 0.85112 2 
26.939 41.210 7.53785 0.92154 2 
29.504 41.210 7.55145 0.85309 2 
32.070 41.210 7.73615 0.95340 2 
34.636 41.210 7.64171 0.80557 2 
37.201 41.210 7.70996 0.79520 2 
39.767 41.210 7.67522 1.03807 2 
42.332 41.210 7.84701 0.80409 2 
44.898 41.210 7.82100 0.97653 2 
47.464 41.210 7.94876 1.05877 2 
50.029 41.210 8.19745 0.75206 2 
52.595 41.210 8.08254 0.96502 2 
55.160 41.210 7.93366 0.79740 2 
57.726 41.210 8.20293 0.75543 2 
60.292 41.210 8.27055 0.79771 2 
62.857 41.210 8.27590 0.87302 2 
65.423 41.210 8.29103 0.72142 2 
67.988 41.210 8.22200 0.91715 2 
70.554 41.210 8.31609 0.83889 2 
73.120 41.210 8.54559 0.67403 2 
75.685 41.210 8.62342 0.96298 2 
78.251 41.210 8.67764 0.43284 2 
80.816 41.210 0.00000 0.00000 0 
83.382 41.210 8.48526 0.52628 2 
85.948 41.210 8.59048 0.43027 2 
88.513 41.210 8.69571 0.33425 2 
91.079 41.210 8.74193 0.20498 2 
93.644 41.210 8.78816 0.07570 2 
96.210 41.210 8.60152 -0.07412 2 
98.776 41.210 8.59683 -0.14932 2 
101.341 41.210 8.44052 -0.36384 2 
103.907 41.210 8.53962 -0.02105 2 
106.472 41.210 8.40605 -0.31844 2 
109.038 41.210 8.50256 -0.27634 2 
111.603 41.210 8.39656 -0.40688 2 
114.169 41.210 8.17161 -0.38330 2 
116.735 41.210 0.00000 -0.00000 0 
119.300 41.210 0.00000 -0.00000 0 
-8.980 38.644 7.42321 0.24340 2 
-6.414 38.644 7.22021 0.46969 2 
-3.848 38.644 7.29886 0.32139 2 
-1.283 38.644 7.22935 0.34695 2 
1.283 38.644 7.43048 0.55979 2 
3.848 38.644 0.00000 -0.00000 0 
6.414 38.644 0.00000 -0.00000 0 
8.980 38.644 0.00000 -0.00000 0 
11.545 38.644 0.00000 -0.00000 0 
14.111 38.644 0.00000 -0.00000 0 
16.676 38.644 0.00000 -0.00000 0 
19.242 38.644 3.89468 0.47976 2 
21.808 38.644 7.78935 0.95952 2 
24.373 38.644 7.37813 0.90045 2 
26.939 38.644 7.44981 0.79347 2 
29.504 38.644 7.58126 0.89445 2 
32.070 38.644 7.33824 0.78270 2 
34.636 38.644 7.55772 0.92238 2 
37.201 38.644 7.48425 0.85374 2 
39.767 38.644 7.79659 0.93357 2 
42.332 38.644 7.82191 1.02627 2 
44.898 38.644 7.89371 0.83366 2 
47.464 38.644 7.90727 1.03165 2 
50.029 38.644 7.94706 1.02630 2 
52.595 38.644 8.19337 0.85911 2 
55.160 38.644 8.24672 0.93736 2 
57.726 38.644 8.22511 0.90830 2 
60.292 38.644 8.14586 0.94390 2 
62.857 38.644 8.34916 0.80495 2 
65.423 38.644 8.50577 0.74718 2 
67.988 38.644 8.58214 0.66805 2 
70.554 38.644 8.48899 0.62493 2 
73.120 38.644 8.50926 0.55421 2 
75.685 38.644 8.33770 0.75446 2 
78.251 38.644 8.64719 0.62760 2 
80.816 38.644 0.00000 0.00000 0 
83.382 38.644 8.63307 0.43223 2 
85.948 38.644 8.71735 0.37689 2 
88.513 38.644 8.95487 0.27193 2 
91.079 38.644 8.77858 0.21784 2 
93.644 38.644 8.84413 0.23031 2 
96.210 38.644 8.69964 0.12730 2 
98.776 38.644 8.66391 -0.22548 2 
101.341 38.644 8.75155 -0.14172 2 
103.907 38.644 8.54438 -0.21737 2 
106.472 38.644 8.60251 -0.38323 2 
109.038 38.644 8.48469 -0.33731 2 
111.603 38.644 8.46079 -0.27443 2 
114.169 38.644 8.41366 -0.35065 2 
116.735 38.644 8.72659 -0.61515 2 
119.300 38.644 0.00000 -0.00000 0 
-8.980 36.079 6.98649 0.37402 2 
-6.414 36.079 7.26016 0.25869 2 
-3.848 36.079 7.21576 0.52685 2 
-1.283 36.079 7.21502 0.43139 2 
1.283 36.079 7.46805 0.66555 2 
3.848 36.079 0.00000 -0.00000 0 
6.414 36.079 0.00000 -0.00000 0 
8.980 36.079 0.00000 -0.00000 0 
11.545 36.079 0.00000 -0.00000 0 
14.111 36.079 0.00000 -0.00000 0 
16.676 36.079 0.00000 -0.00000 0 
19.242 36.079 3.86237 0.41777 2 
21.808 36.079 7.72474 0.83554 2 
24.373 36.079 7.42002 0.73431 2 
26.939 36.079 7.40716 0.82656 2 
29.504 36.079 7.65467 0.82476 2 
32.070 36.079 7.38611 0.89795 2 
34.636 36.079 7.55644 0.94585 2 
37.201 36.079 7.63770 0.86452 2 
39.767 36.079 7.75755 0.91389 2 
42.332 36.079 7.78250 0.83672 2 
44.898 36.079 7.79944 1.02024 2 
47.464 36.079 8.10481 0.93975 2 
50.029 36.079 7.76860 0.81560 2 
52.595 36.079 8.01858 0.91958 2 
55.160 36.079 8.08931 0.87543 2 
57.726 36.079 8.42276 0.87404 2 
60.292 36.079 8.13810 0.77828 2 
62.857 36.079 8.49680 0.83033 2 
65.423 36.079 8.17142 0.71761 2 
67.988 36.079 8.43969 0.87082 2 
70.554 36.079 8.61654 0.76115 2 
73.120 36.079 8.67897 0.92048 2 
75.685 36.079 8.80052 0.75509 2 
78.251 36.079 8.69803 0.58589 2 
80.816 36.079 0.00000 0.00000 0 
83.382 36.079 8.71232 0.29122 2 
85.948 36.079 8.73673 0.24992 2 
88.513 36.079 8.77676 0.49793 2 
91.079 36.079 8.76660 0.12243 2 
93.644 36.079 8.76313 0.10419 2 
96.210 36.079 8.91303 -0.12590 2 
98.776 36.079 8.62145 0.03413 2 
101.341 36.079 8.75882 -0.20862 2 
103.907 36.079 8.53988 -0.23930 2 
106.472 36.079 8.67705 -0.29758 2 
109.038 36.079 8.37368 -0.44453 2 
111.603 36.079 8.22032 -0.32322 2 
114.169 36.079 8.29620 -0.38839 2 
116.735 36.079 8.20653 -0.42757 2 
119.300 36.079 0.00000 -0.00000 0 
-8.980 33.513 7.32153 0.20642 2 
-6.414 33.513 7.07734 0.33466 2 
-3.848 33.513 7.08509 0.35452 2 
-1.283 33.513 7.11708 0.32781 2 
1.283 33.513 7.38386 0.52337 2 
3.848 33.513 0.00000 -0.00000 0 
6.414 33.513 0.00000 -0.00000 0 
8.980 33.513 0.00000 -0.00000 0 
11.545 33.513 0.00000 -0.00000 0 
14.111 33.513 0.00000 -0.00000 0 
16.676 33.513 0.00000 -0.00000 0 
19.242 33.513 3.85811 0.43985 2 
21.808 33.513 7.71621 0.87969 2 
24.373 33.513 7.33350 1.00721 2 
26.939 33.513 7.42806 0.68051 2 
29.504 33.513 7.39486 0.96698 2 
32.070 33.513 7.53097 0.92122 2 
34.636 33.513 7.51045 0.94508 2 
37.201 33.513 7.53005 1.19546 2 
39.767 33.513 7.60134 0.91453 2 
42.332 33.513 7.85377 1.06654 2 
44.898 33.513 8.02609 0.92329 2 
47.464 33.513 8.00374 0.92386 2 
50.029 33.513 8.14896 1.08747 2 
52.595 33.513 8.25063 0.92935 2 
55.160 33.513 8.21190 0.85600 2 
57.726 33.513 8.28542 0.79708 2 
60.292 33.513 8.34819 1.06809 2 
62.857 33.513 8.29732 0.90262 2 
65.423 33.513 8.51101 0.85308 2 
67.988 33.513 8.51322 0.79002 2 
70.554 33.513 8.37082 0.61927 2 
73.120 33.513 8.55111 0.72028 2 
75.685 33.513 8.47590 0.70413 2 
78.251 33.513 8.75126 0.57713 2 
80.816 33.513 0.00000 0.00000 0 
83.382 33.513 8.83165 0.37185 2 
85.948 33.513 8.87825 0.25992 2 
88.513 33.513 8.72330 0.39542 2 
91.079 33.513 8.79508 0.20048 2 
93.644 33.513 8.95637 -0.02700 2 
96.210 33.513 8.84084 0.09549 2 
98.776 33.513 8.77076 -0.24501 2 
101.341 33.513 8.72300 -0.27646 2 
103.907 33.513 8.59637 -0.30233 2 
106.472 33.513 8.59053 -0.43805 2 
109.038 33.513 8.59573 -0.46339 2 
111.603 33.513 8.28444 -0.49582 2 
114.169 33.513 8.28472 -0.45410 2 
116.735 33.513 8.29321 -0.50380 2 
119.300 33.513 0.00000 -0.00000 0 
-8.980 30.948 7.25709 0.25210 2 
-6.414 30.948 7.07788 0.41927 2 
-3.848 30.948 7.05085 0.35523 2 
-1.283 30.948 7.22565 0.56175 2 
1.283 30.948 7.39959 0.50291 2 
3.848 30.948 0.00000 -0.00000 0 
6.414 30.948 0.00000 -0.00000 0 
8.980 30.948 0.00000 -0.00000 0 
11.545 30.948 0.00000 -0.00000 0 
14.111 30.948 0.00000 -0.00000 0 
16.676 30.948 0.00000 -0.00000 0 
19.242 30.948 3.70199 0.47518 2 
21.808 30.948 7.40397 0.95036 2 
24.373 30.948 7.40690 1.00126 2 
26.939 30.948 7.39267 0.89210 2 
29.504 30.948 7.52417 0.76369 2 
32.070 30.948 7.40070 1.05320 2 
34.636 30.948 7.63590 1.13190 2 
37.201 30.948 7.71983 0.87525 2 
39.767 30.948 7.80903 0.95844 2 
42.332 30.948 7.58607 1.29599 2 
44.898 30.948 8.04954 0.88431 2 
47.464 30.948 7.86545 1.27501 2 
50.029 30.948 7.87567 0.91690 2 
52.595 30.948 8.05738 1.03202 2 
55.160 30.948 8.08351 0.85118 2 
57.726 30.948 8.06765 1.08560 2 
60.292 30.948 8.45081 0.92121 2 
62.857 30.948 8.44072 0.83232 2 
65.423 30.948 8.66217 0.97330 2 
67.988 30.948 8.64925 1.02933 2 
70.554 30.948 8.59446 1.07502 2 
73.120 30.948 8.71001 0.73764 2 
75.685 30.948 8.81777 0.76297 2 
78.251 30.948 8.89740 0.85769 2 
80.816 30.948 0.00000 0.00000 0 
83.382 30.948 8.88227 0.52366 2 
85.948 30.948 8.93802 0.46343 2 
88.513 30.948 9.15672 0.16737 2 
91.079 30.948 8.96540 0.27247 2 
93.644 30.948 8.85561 -0.17659 2 
96.210 30.948 9.08133 0.07577 2 
98.776 30.948 8.90569 -0.35957 2 
101.341 30.948 9.01762 -0.23925 2 
103.907 30.948 8.76111 -0.51980 2 
106.472 30.948 8.64691 -0.61399 2 
109.038 30.948 8.46224 -0.52166 2 
111.603 30.948 8.28302 -0.65145 2 
114.169 30.948 8.30171 -0.57971 2 
116.735 30.948 8.37988 -0.58004 2 
119.300 30.948 0.00000 -0.00000 0 
-8.980 28.382 7.09842 0.18501 2 
-6.414 28.382 7.07403 0.32043 2 
-3.848 28.382 7.11561 0.41247 2 
-1.283 28.382 7.10863 0.29017 2 
1.283 28.382 7.41696 0.50876 2 
3.848 28.382 3.40200 0.13248 2 
6.414 28.382 0.00000 -0.00000 0 
8.980 28.382 0.00000 -0.00000 0 
11.545 28.382 0.00000 -0.00000 0 
14.111 28.382 0.00000 -0.00000 0 
16.676 28.382 1.69986 0.21445 2 
19.242 28.382 3.66771 0.44570 2 
21.808 28.382 7.36969 0.92088 2 
24.373 28.382 7.29560 1.05025 2 
26.939 28.382 7.38271 0.85877 2 
29.504 28.382 7.42415 1.20710 2 
32.070 28.382 7.37494 0.92386 2 
34.636 28.382 7.49047 1.38258 2 
37.201 28.382 7.71818 1.15562 2 
39.767 28.382 7.90172 1.10403 2 
42.332 28.382 7.68251 0.94191 2 
44.898 28.382 7.92393 1.19260 2 
47.464 28.382 8.16665 1.10261 2 
50.029 28.382 7.80527 0.96026 2 
52.595 28.382 8.07697 1.17865 2 
55.160 28.382 8.23904 1.04595 2 
57.726 28.382 8.32200 0.92575 2 
60.292 28.382 8.52884 1.22350 2 
62.857 28.382 8.17815 1.09495 2 
65.423 28.382 8.61292 0.81806 2 
67.988 28.382 8.51559 1.04086 2 
70.554 28.382 8.71940 0.86549 2 
73.120 28.382 8.79606 0.93922 2 
75.685 28.382 8.84647 0.79380 2 
78.251 28.382 8.90391 0.44643 2 
80.816 28.382 8.83673 0.61493 2 
83.382 28.382 8.88491 0.47822 2 
85.948 28.382 8.83902 0.26741 2 
88.513 28.382 9.07200 0.34251 2 
91.079 28.382 9.06768 0.27840 2 
93.644 28.382 9.16031 -0.11262 2 
96.210 28.382 8.79052 -0.11383 2 
98.776 28.382 9.11416 -0.21481 2 
101.341 28.382 9.04784 -0.57791 2 
103.907 28.382 8.91204 -0.44829 2 
106.472 28.382 8.53343 -0.77943 2 
109.038 28.382 8.66227 -0.60277 2 
111.603 28.382 8.11920 -0.83156 2 
114.169 28.382 8.24221 -0.98508 2 
116.735 28.382 8.52193 -0.70238 2 
119.300 28.382 0.00000 -0.00000 0 
-8.980 25.816 7.12914 0.18012 2 
-6.414 25.816 7.06537 0.14111 2 
-3.848 25.816 7.01276 0.36731 2 
-1.283 25.816 7.09576 0.40862 2 
1.283 25.816 7.31926 0.48871 2 
3.848 25.816 6.17410 0.48555 2 
6.414 25.816 0.00000 -0.00000 0 
8.980 25.816 0.00000 -0.00000 0 
11.545 25.816 0.00000 -0.00000 0 
14.111 25.816 0.00000 -0.00000 0 
16.676 25.816 3.39973 0.42890 2 
19.242 25.816 6.08351 0.75897 2 
21.808 25.816 7.33541 0.89139 2 
24.373 25.816 7.26947 1.06376 2 
26.939 25.816 7.37101 1.08580 2 
29.504 25.816 7.29941 1.02414 2 
32.070 25.816 7.64096 1.34480 2 
34.636 25.816 7.58706 1.06497 2 
37.201 25.816 7.54404 1.37284 2 
39.767 25.816 7.69844 1.17296 2 
42.332 25.816 7.90869 1.28491 2 
44.898 25.816 7.66405 1.28352 2 
47.464 25.816 8.01330 1.21683 2 
50.029 25.816 7.98945 1.17361 2 
52.595 25.816 8.29718 1.15538 2 
55.160 25.816 8.43230 1.39742 2 
57.726 25.816 8.20329 1.12407 2 
60.292 25.816 8.34572 1.17023 2 
62.857 25.816 8.75656 1.07533 2 
65.423 25.816 8.68650 1.17176 2 
67.988 25.816 8.39812 1.04427 2 
70.554 25.816 8.76776 1.19873 2 
73.120 25.816 8.80782 0.93759 2 
75.685 25.816 8.76632 0.92774 2 
78.251 25.816 8.93736 0.81850 2 
80.816 25.816 8.84693 0.64597 2 
83.382 25.816 0.00000 0.00000 0 
85.948 25.816 9.13897 0.60419 2 
88.513 25.816 9.18624 0.24035 2 
91.079 25.816 8.99298 0.12554 2 
93.644 25.816 9.19889 0.03063 2 
96.210 25.816 9.24455 -0.26745 2 
98.776 25.816 9.17278 -0.51262 2 
101.341 25.816 8.92306 -0.66793 2 
103.907 25.816 9.07374 -0.64343 2 
106.472 25.816 8.95779 -0.81481 2 
109.038 25.816 8.59977 -1.01792 2 
111.603 25.816 8.65247 -0.98568 2 
114.169 25.816 7.94018 -0.71483 2 
116.735 25.816 8.61590 -1.06495 2 
119.300 25.816 0.00000 -0.00000 0 
-8.980 23.251 7.03987 0.23729 2 
-6.414 23.251 6.99059 0.30610 2 
-3.848 23.251 7.06595 0.36837 2 
-1.283 23.251 6.91298 0.36508 2 
1.283 23.251 6.78725 0.34705 2 
3.848 23.251 7.46708 0.31661 2 
6.414 23.251 0.00000 -0.00000 0 
8.980 23.251 0.00000 -0.00000 0 
11.545 23.251 0.00000 -0.00000 0 
14.111 23.251 0.00000 -0.00000 0 
16.676 23.251 4.24966 0.53612 2 
19.242 23.251 8.49932 1.07225 2 
21.808 23.251 7.23380 1.03825 2 
24.373 23.251 7.19908 1.07584 2 
26.939 23.251 7.23308 1.15857 2 
29.504 23.251 7.30529 1.31081 2 
32.070 23.251 7.43622 1.09367 2 
34.636 23.251 7.37752 1.35317 2 
37.201 23.251 7.36591 1.30631 2 
39.767 23.251 7.89891 1.25132 2 
42.332 23.251 7.78839 1.19323 2 
44.898 23.251 7.72454 1.25448 2 
47.464 23.251 8.14543 1.16037 2 
50.029 23.251 8.01011 1.21725 2 
52.595 23.251 8.12766 1.56488 2 
55.160 23.251 8.05160 1.09985 2 
57.726 23.251 8.36347 1.21792 2 
60.292 23.251 8.26876 1.16367 2 
62.857 23.251 8.29762 1.14517 2 
65.423 23.251 8.57262 1.24920 2 
67.988 23.251 8.75514 0.86198 2 
70.554 23.251 8.68880 1.26082 2 
73.120 23.251 8.97558 1.03573 2 
75.685 23.251 8.79964 1.00492 2 
78.251 23.251 9.21396 0.80860 2 
80.816 23.251 8.48322 0.81825 2 
83.382 23.251 0.00000 0.00000 0 
85.948 23.251 9.34234 0.60857 2 
88.513 23.251 9.59625 0.51455 2 
91.079 23.251 9.56135 0.21583 2 
93.644 23.251 9.52597 0.00918 2 
96.210 23.251 9.24137 -0.27633 2 
98.776 23.251 9.43562 -0.44329 2 
101.341 23.251 9.37297 -0.72852 2 
103.907 23.251 9.09557 -0.81028 2 
106.472 23.251 8.88787 -1.14895 2 
109.038 23.251 8.47671 -1.23945 2 
111.603 23.251 8.51642 -1.34800 2 
114.169 23.251 7.86544 -1.33865 2 
116.735 23.251 7.88462 -0.93148 2 
119.300 23.251 0.00000 -0.00000 0 
-8.980 20.685 6.90337 0.24462 2 
-6.414 20.685 7.13015 0.20209 2 
-3.848 20.685 6.88431 0.27559 2 
-1.283 20.685 6.85774 0.30044 2 
1.283 20.685 6.85129 0.43283 2 
3.848 20.685 7.08569 0.66425 2 
6.414 20.685 0.00000 -0.00000 0 
8.980 20.685 0.00000 -0.00000 0 
11.545 20.685 0.00000 -0.00000 0 
14.111 20.685 0.00000 -0.00000 0 
16.676 20.685 3.74821 0.64425 2 
19.242 20.685 7.49643 1.28850 2 
21.808 20.685 7.09464 1.15191 2 
24.373 20.685 6.98672 1.14901 2 
26.939 20.685 7.26937 1.16314 2 
29.504 20.685 7.31645 1.33604 2 
32.070 20.685 7.41018 1.27389 2 
34.636 20.685 7.44911 1.38795 2 
37.201 20.685 7.53077 1.35323 2 
39.767 20.685 7.37788 1.31789 2 
42.332 20.685 7.83955 1.40866 2 
44.898 20.685 7.94125 1.36901 2 
47.464 20.685 7.81769 1.33900 2 
50.029 20.685 8.06232 1.47930 2 
52.595 20.685 8.29672 1.26209 2 
55.160 20.685 8.37644 1.36580 2 
57.726 20.685 8.46508 1.38253 2 
60.292 20.685 8.44513 1.26509 2 
62.857 20.685 8.61553 1.24764 2 
65.423 20.685 8.65993 1.27161 2 
67.988 20.685 8.49471 1.39825 2 
70.554 20.685 8.84967 1.19117 2 
73.120 20.685 9.70135 0.85963 2 
75.685 20.685 8.83296 1.08209 2 
78.251 20.685 9.86520 1.23442 2 
80.816 20.685 8.11951 0.99052 2 
83.382 20.685 0.00000 0.00000 0 
85.948 20.685 0.00000 0.00000 0 
88.513 20.685 0.00000 0.00000 0 
91.079 20.685 8.65773 0.38254 2 
93.644 20.685 9.61613 -0.12333 2 
96.210 20.685 9.98025 -0.38106 2 
98.776 20.685 9.78939 -0.44038 2 
101.341 20.685 9.73783 -0.78241 2 
103.907 20.685 8.99773 -1.15067 2 
106.472 20.685 9.08875 -1.38139 2 
109.038 20.685 8.90657 -1.68785 2 
111.603 20.685 8.57895 -1.80898 2 
114.169 20.685 8.14868 -1.69189 2 
116.735 20.685 7.72456 -1.53966 2 
119.300 20.685 0.00000 -0.00000 0 
-8.980 18.120 7.05976 0.09029 2 
-6.414 18.120 6.79047 0.22956 2 
-3.848 18.120 6.90711 0.18314 2 
-1.283 18.120 6.83556 0.29326 2 
1.283 18.120 6.74041 0.46676 2 
3.848 18.120 6.86095 0.60982 2 
6.414 18.120 0.00000 -0.00000 0 
8.980 18.120 0.00000 -0.00000 0 
11.545 18.120 0.00000 -0.00000 0 
14.111 18.120 0.00000 -0.00000 0 
16.676 18.120 3.84607 0.59891 2 
19.242 18.120 7.69215 1.19782 2 
21.808 18.120 6.92013 1.14283 2 
24.373 18.120 7.30077 1.14911 2 
26.939 18.120 7.29744 1.33268 2 
29.504 18.120 7.13939 1.28204 2 
32.070 18.120 7.43740 1.51920 2 
34.636 18.120 7.35747 1.62425 2 
37.201 18.120 7.70815 1.55389 2 
39.767 18.120 7.80077 1.40171 2 
42.332 18.120 7.80238 1.53806 2 
44.898 18.120 7.82610 1.37553 2 
47.464 18.120 8.04428 1.65252 2 
50.029 18.120 7.86404 1.35491 2 
52.595 18.120 8.48026 1.23489 2 
55.160 18.120 8.41870 1.42531 2 
57.726 18.120 8.61797 1.38717 2 
60.292 18.120 8.59616 1.56433 2 
62.857 18.120 9.33285 1.37365 2 
65.423 18.120 4.32996 0.63581 2 
67.988 18.120 0.00000 -0.00000 0 
70.554 18.120 0.00000 -0.00000 0 
73.120 18.120 0.00000 -0.00000 0 
75.685 18.120 0.00000 -0.00000 0 
78.251 18.120 0.00000 -0.00000 0 
80.816 18.120 0.00000 -0.00000 0 
83.382 18.120 0.00000 -0.00000 0 
85.948 18.120 1.65000 -0.05078 2 
88.513 18.120 11.23785 0.02377 2 
91.079 18.120 10.33347 -0.13337 2 
93.644 18.120 9.79223 -0.29770 2 
96.210 18.120 6.28221 0.01690 2 
98.776 18.120 10.09209 -0.26802 2 
101.341 18.120 8.74194 -1.02857 2 
103.907 18.120 8.89988 -1.49106 2 
106.472 18.120 9.84888 -0.98766 2 
109.038 18.120 9.06994 -1.07588 2 
111.603 18.120 7.47194 -2.62207 2 
114.169 18.120 7.76934 -2.85567 2 
116.735 18.120 7.21470 -2.06889 2 
119.300 18.120 0.00000 -0.00000 0 
-8.980 15.554 6.83154 -0.08410 2 
-6.414 15.554 6.82502 0.02095 2 
-3.848 15.554 6.83321 0.16536 2 
-1.283 15.554 6.63758 0.29375 2 
1.283 15.554 6.65487 0.25929 2 
3.848 15.554 6.82754 0.52772 2 
6.414 15.554 0.00000 -0.00000 0 
8.980 15.554 0.00000 -0.00000 0 
11.545 15.554 0.00000 -0.00000 0 
14.111 15.554 0.00000 -0.00000 0 
16.676 15.554 -0.71552 0.05205 2 
19.242 15.554 6.96672 1.32793 2 
21.808 15.554 7.07786 1.33557 2 
24.373 15.554 6.86984 1.59361 2 
26.939 15.554 7.02921 1.47848 2 
29.504 15.554 7.26661 1.48814 2 
32.070 15.554 7.29918 1.49976 2 
34.636 15.554 7.49899 1.50536 2 
37.201 15.554 7.53175 1.65841 2 
39.767 15.554 7.71797 1.51286 2 
42.332 15.554 8.13290 1.53312 2 
44.898 15.554 7.98508 1.59723 2 
47.464 15.554 8.36868 1.52392 2 
50.029 15.554 8.42946 1.24403 2 
52.595 15.554 4.24013 0.61744 2 
55.160 15.554 0.00000 -0.00000 0 
57.726 15.554 0.00000 -0.00000 0 
60.292 15.554 0.00000 -0.00000 0 
62.857 15.554 0.00000 -0.00000 0 
65.423 15.554 0.00000 -0.00000 0 
67.988 15.554 0.00000 -0.00000 0 
70.554 15.554 0.00000 -0.00000 0 
73.120 15.554 0.00000 -0.00000 0 
75.685 15.554 0.00000 -0.00000 0 
78.251 15.554 0.00000 -0.00000 0 
80.816 15.554 -0.28926 -0.00168 2 
83.382 15.554 1.40250 0.18395 2 
85.948 15.554 -1.34483 0.40125 2 
88.513 15.554 1.20597 0.56285 2 
91.079 15.554 2.63538 0.52003 2 
93.644 15.554 -0.94171 0.08903 2 
96.210 15.554 2.58416 0.41486 2 
98.776 15.554 1.84750 -0.03562 2 
101.341 15.554 2.08685 0.53582 2 
103.907 15.554 3.31871 0.08130 2 
106.472 15.554 5.86586 -0.10815 2 
109.038 15.554 5.77614 0.09668 2 
111.603 15.554 6.36493 -3.43516 2 
114.169 15.554 6.20926 -3.08087 2 
116.735 15.554 6.05359 -2.72658 2 
119.300 15.554 0.10052 -2.65652 2 
-8.980 12.988 6.78163 -0.05866 2 
-6.414 12.988 6.75350 0.07325 2 
-3.848 12.988 6.65731 0.04036 2 
-1.283 12.988 6.55556 0.21483 2 
1.283 12.988 6.46398 0.33938 2 
3.848 12.988 6.72305 0.39057 2 
6.414 12.988 0.00000 -0.00000 0 
8.980 12.988 0.00000 -0.00000 0 
11.545 12.988 0.00000 -0.00000 0 
14.111 12.988 0.00000 -0.00000 0 
16.676 12.988 0.29212 0.15195 2 
19.242 12.988 6.70072 1.39264 2 
21.808 12.988 7.41233 1.54427 2 
24.373 12.988 7.55345 1.53586 2 
26.939 12.988 7.19738 1.53969 2 
29.504 12.988 7.61684 1.81215 2 
32.070 12.988 7.89347 1.67280 2 
34.636 12.988 7.57151 1.93184 2 
37.201 12.988 7.88724 1.90132 2 
39.767 12.988 7.95150 1.73850 2 
42.332 12.988 0.00000 -0.00000 0 
44.898 12.988 0.00000 -0.00000 0 
47.464 12.988 0.00000 -0.00000 0 
50.029 12.988 0.00000 -0.00000 0 
52.595 12.988 0.00000 -0.00000 0 
55.160 12.988 0.00000 -0.00000 0 
57.726 12.988 0.00000 -0.00000 0 
60.292 12.988 0.00000 -0.00000 0 
62.857 12.988 0.00000 -0.00000 0 
65.423 12.988 0.00000 -0.00000 0 
67.988 12.988 0.00000 -0.00000 0 
70.554 12.988 0.00000 -0.00000 0 
73.120 12.988 0.00000 -0.00000 0 
75.685 12.988 -0.01150 -0.11959 2 
78.251 12.988 -0.82627 0.04457 2 
80.816 12.988 -1.75940 -0.17975 2 
83.382 12.988 -0.61531 0.10275 2 
85.948 12.988 -2.93659 -0.14607 2 
88.513 12.988 -2.38232 0.02375 2 
91.079 12.988 -1.82805 0.19357 2 
93.644 12.988 -2.24141 0.53185 2 
96.210 12.988 0.53098 0.12830 2 
98.776 12.988 1.32397 -0.21319 2 
101.341 12.988 -1.37971 -0.45002 2 
103.907 12.988 0.25157 0.16067 2 
106.472 12.988 1.88284 0.77136 2 
109.038 12.988 0.80586 -0.09857 2 
111.603 12.988 1.64293 -1.59247 2 
114.169 12.988 2.48001 -3.08638 2 
116.735 12.988 3.26105 -1.37213 2 
119.300 12.988 0.15294 -1.51767 2 
-8.980 10.423 6.78341 -0.09679 2 
-6.414 10.423 6.72176 -0.14850 2 
-3.848 10.423 6.70940 -0.01957 2 
-1.283 10.423 6.43065 0.02335 2 
1.283 10.423 6.45574 -0.00064 2 
3.848 10.423 6.63706 0.26130 2 
6.414 10.423 3.31853 0.13065 2 
8.980 10.423 0.00000 -0.00000 0 
11.545 10.423 0.00000 -0.00000 0 
14.111 10.423 0.00000 -0.00000 0 
16.676 10.423 0.19475 0.10130 2 
19.242 10.423 3.37470 0.70898 2 
21.808 10.423 3.70617 0.77214 2 
24.373 10.423 6.17160 1.56714 2 
26.939 10.423 3.59869 0.76984 2 
29.504 10.423 3.80842 0.90607 2 
32.070 10.423 0.00000 -0.00000 0 
34.636 10.423 0.00000 -0.00000 0 
37.201 10.423 0.00000 -0.00000 0 
39.767 10.423 0.00000 -0.00000 0 
42.332 10.423 0.00000 -0.00000 0 
44.898 10.423 0.00000 -0.00000 0 
47.464 10.423 0.00000 -0.00000 0 
50.029 10.423 0.00000 -0.00000 0 
52.595 10.423 0.00000 -0.00000 0 
55.160 10.423 0.00000 -0.00000 0 
57.726 10.423 0.00000 -0.00000 0 
60.292 10.423 0.00000 -0.00000 0 
62.857 10.423 0.00000 -0.00000 0 
65.423 10.423 0.00000 -0.00000 0 
67.988 10.423 -0.02973 -0.07163 2 
70.554 10.423 -0.29265 0.10170 2 
73.120 10.423 -1.34747 -0.68495 2 
75.685 10.423 -0.98999 -0.65083 2 
78.251 10.423 -1.14818 -0.62942 2 
80.816 10.423 -2.24606 -0.30851 2 
83.382 10.423 -2.63313 0.02155 2 
85.948 10.423 -2.42250 -0.20354 2 
88.513 10.423 -1.80636 0.36564 2 
91.079 10.423 -1.19022 0.93483 2 
93.644 10.423 -1.32367 1.03810 2 
96.210 10.423 -1.82820 0.61532 2 
98.776 10.423 -0.70216 0.13938 2 
101.341 10.423 -1.88116 0.10052 2 
103.907 10.423 -1.25125 -0.71963 2 
106.472 10.423 0.69261 -0.04612 2 
109.038 10.423 -0.00391 -1.26163 2 
111.603 10.423 0.18441 -1.37511 2 
114.169 10.423 0.17148 -2.26055 2 
116.735 10.423 0.46851 -0.01767 2 
119.300 10.423 0.20536 -0.37883 2 
-8.980 7.857 6.68646 -0.32783 2 
-6.414 7.857 6.63006 -0.13841 2 
-3.848 7.857 6.48403 -0.19970 2 
-1.283 7.857 6.29195 -0.15927 2 
1.283 7.857 6.04931 0.07558 2 
3.848 7.857 6.33574 0.30615 2 
6.414 7.857 3.16787 0.15308 2 
8.980 7.857 0.00000 -0.00000 0 
11.545 7.857 0.00000 -0.00000 0 
14.111 7.857 0.00000 -0.00000 2 
16.676 7.857 0.09737 0.05065 2 
19.242 7.857 0.04869 0.02532 2 
21.808 7.857 0.00000 -0.00000 0 
24.373 7.857 0.00000 -0.00000 0 
26.939 7.857 0.00000 -0.00000 0 
29.504 7.857 0.00000 -0.00000 0 
32.070 7.857 0.00000 -0.00000 0 
34.636 7.857 0.00000 -0.00000 0 
37.201 7.857 0.00000 -0.00000 0 
39.767 7.857 0.00000 -0.00000 0 
42.332 7.857 0.00000 -0.00000 0 
44.898 7.857 0.00000 -0.00000 0 
47.464 7.857 0.00000 -0.00000 0 
50.029 7.857 0.00000 -0.00000 0 
52.595 7.857 0.00000 -0.00000 0 
55.160 7.857 0.00000 -0.00000 0 
57.726 7.857 0.00000 -0.00000 0 
60.292 7.857 0.03490 0.06790 2 
62.857 7.857 -0.90619 -0.36454 2 
65.423 7.857 -0.88536 -0.18098 2 
67.988 7.857 -2.26109 -1.20513 2 
70.554 7.857 -2.91526 -1.69451 2 
73.120 7.857 -1.70072 -0.84085 2 
75.685 7.857 -1.96848 -1.18207 2 
78.251 7.857 -1.47009 -1.30342 2 
80.816 7.857 -2.73272 -0.43726 2 
83.382 7.857 -1.63794 0.68446 2 
85.948 7.857 -1.79199 -0.00949 2 
88.513 7.857 -1.27463 1.37429 2 
91.079 7.857 -0.55240 1.67609 2 
93.644 7.857 -0.40593 1.54435 2 
96.210 7.857 -1.56711 1.01815 2 
98.776 7.857 -2.72829 0.49195 2 
101.341 7.857 -2.38261 0.65106 2 
103.907 7.857 -1.74732 -0.00261 2 
106.472 7.857 -0.49762 -0.86361 2 
109.038 7.857 -0.81368 -2.42469 2 
111.603 7.857 -0.42412 -1.76621 2 
114.169 7.857 -0.03455 -1.10773 2 
116.735 7.857 0.66172 -0.73093 2 
119.300 7.857 0.07509 -1.14690 2 
-8.980 5.292 6.99818 -0.36593 2 
-6.414 5.292 6.75489 -0.38900 2 
-3.848 5.292 6.32332 -0.38600 2 
-1.283 5.292 6.31070 -0.21714 2 
1.283 5.292 6.06808 -0.14591 2 
3.848 5.292 6.62603 0.00329 2 
6.414 5.292 3.31301 0.00164 2 
8.980 5.292 0.00000 -0.00000 0 
11.545 5.292 0.00000 -0.00000 0 
14.111 5.292 0.00000 -0.00000 0 
16.676 5.292 0.00000 -0.00000 0 
19.242 5.292 0.00000 -0.00000 0 
21.808 5.292 0.00000 -0.00000 0 
24.373 5.292 0.00000 -0.00000 0 
26.939 5.292 0.00000 -0.00000 0 
29.504 5.292 0.00000 -0.00000 0 
32.070 5.292 0.00000 -0.00000 0 
34.636 5.292 0.00000 -0.00000 0 
37.201 5.292 0.00000 -0.00000 0 
39.767 5.292 0.00000 -0.00000 0 
42.332 5.292 0.00000 -0.00000 0 
44.898 5.292 0.00000 -0.00000 0 
47.464 5.292 0.00000 -0.00000 0 
50.029 5.292 0.00000 -0.00000 0 
52.595 5.292 0.17949 -0.05569 2 
55.160 5.292 0.04758 -0.12188 2 
57.726 5.292 -0.14197 0.01310 2 
60.292 5.292 0.40439 0.17276 2 
62.857 5.292 -1.81238 -0.72908 2 
65.423 5.292 -1.63622 -1.55075 2 
67.988 5.292 -2.79263 -1.44170 2 
70.554 5.292 -2.51779 -1.22054 2 
73.120 5.292 -2.05397 -0.99675 2 
75.685 5.292 -1.97916 -1.79585 2 
78.251 5.292 -1.14386 -1.61454 2 
80.816 5.292 -0.95734 -0.91790 2 
83.382 5.292 -0.50430 1.08448 2 
85.948 5.292 -0.09716 1.52154 2 
88.513 5.292 1.47417 1.48857 2 
91.079 5.292 0.83819 1.09424 2 
93.644 5.292 0.22428 0.82797 2 
96.210 5.292 -0.49037 0.33970 2 
98.776 5.292 -0.62925 0.88337 2 
101.341 5.292 -1.38078 0.66815 2 
103.907 5.292 -2.24340 0.71441 2 
106.472 5.292 -2.19271 0.70013 2 
109.038 5.292 -1.16448 -1.78113 2 
111.603 5.292 -1.08356 -1.03136 2 
114.169 5.292 -0.23738 -0.12488 2 
116.735 5.292 0.14683 -0.05788 2 
119.300 5.292 0.03320 -0.59550 2 
-8.980 2.726 6.64543 -0.58553 2 
-6.414 2.726 6.55722 -0.43923 2 
-3.848 2.726 6.57714 -0.48985 2 
-1.283 2.726 6.24438 -0.53925 2 
1.283 2.726 6.38781 -0.58401 2 
3.848 2.726 3.31301 0.00164 2 
6.414 2.726 0.00000 -0.00000 0 
8.980 2.726 0.00000 -0.00000 0 
11.545 2.726 0.00000 -0.00000 0 
14.111 2.726 0.00000 -0.00000 0 
16.676 2.726 0.00000 -0.00000 0 
19.242 2.726 0.00000 -0.00000 0 
21.808 2.726 0.00000 -0.00000 0 
24.373 2.726 0.00000 -0.00000 0 
26.939 2.726 0.00000 -0.00000 0 
29.504 2.726 0.00000 -0.00000 0 
32.070 2.726 0.00000 -0.00000 0 
34.636 2.726 0.00000 -0.00000 0 
37.201 2.726 0.00000 -0.00000 0 
39.767 2.726 0.00000 -0.00000 0 
42.332 2.726 0.00000 -0.00000 0 
44.898 2.726 0.00000 -0.00000 0 
47.464 2.726 -0.44990 -0.02557 2 
50.029 2.726 0.17458 0.08099 2 
52.595 2.726 0.35899 -0.11137 2 
55.160 2.726 -0.19965 -0.00540 2 
57.726 2.726 -0.94255 -0.32092 2 
60.292 2.726 -1.26996 -0.95376 2 
62.857 2.726 -2.06038 -0.94447 2 
65.423 2.726 -1.29510 -1.69576 2 
67.988 2.726 -2.93473 -1.35246 2 
70.554 2.726 -0.70452 -1.14475 2 
73.120 2.726 -1.30922 -0.99612 2 
75.685 2.726 -0.97807 -0.29129 2 
78.251 2.726 -0.48217 -0.96727 2 
80.816 2.726 0.15901 -0.45281 2 
83.382 2.726 0.62934 1.48449 2 
85.948 2.726 0.64103 1.49963 2 
88.513 2.726 -0.13745 0.86538 2 
91.079 2.726 0.17756 0.82310 2 
93.644 2.726 0.58971 1.88710 2 
96.210 2.726 -0.54093 0.72050 2 
98.776 2.726 1.46979 1.27480 2 
101.341 2.726 -0.37896 0.68524 2 
103.907 2.726 -0.37881 0.48835 2 
106.472 2.726 -1.76949 0.56163 2 
109.038 2.726 -1.51528 -1.13756 2 
111.603 2.726 -1.74300 -0.29650 2 
114.169 2.726 -0.44021 0.85798 2 
116.735 2.726 1.07670 0.31096 2 
119.300 2.726 0.01173 1.13046 2 
-8.980 0.160 6.95941 -0.63355 2 
-6.414 0.160 6.48521 -0.70464 2 
-3.848 0.160 6.40623 -0.59417 2 
-1.283 0.160 6.32983 -0.80785 2 
1.283 0.160 6.74976 -0.83273 2 
3.848 0.160 0.00000 -0.00000 0 
6.414 0.160 0.00000 -0.00000 0 
8.980 0.160 0.00000 -0.00000 0 
11.545 0.160 0.00000 -0.00000 0 
14.111 0.160 0.00000 -0.00000 0 
16.676 0.160 0.00000 -0.00000 0 
19.242 0.160 0.00000 -0.00000 0 
21.808 0.160 0.00000 -0.00000 0 
24.373 0.160 0.00000 -0.00000 0 
26.939 0.160 0.00000 -0.00000 0 
29.504 0.160 0.00000 -0.00000 0 
32.070 0.160 0.00000 -0.00000 0 
34.636 0.160 0.00000 -0.00000 0 
37.201 0.160 0.00000 -0.00000 0 
39.767 0.160 -0.36202 -0.13850 2 
42.332 0.160 -0.35956 -0.09053 2 
44.898 0.160 -0.49120 -0.13787 2 
47.464 0.160 -0.89979 -0.05115 2 
50.029 0.160 -0.42998 -0.13738 2 
52.595 0.160 -0.92499 0.06092 2 
55.160 0.160 -1.54954 -0.33087 2 
57.726 0.160 -1.23113 -0.63568 2 
60.292 0.160 -1.23714 -1.08156 2 
62.857 0.160 -0.80831 -1.35153 2 
65.423 0.160 -0.55760 -1.11072 2 
67.988 0.160 0.55110 -1.41452 2 
70.554 0.160 0.04435 -0.69110 2 
73.120 0.160 1.33170 -1.18725 2 
75.685 0.160 1.36355 -0.10872 2 
78.251 0.160 0.97068 -0.00228 2 
80.816 0.160 0.93739 -0.10295 2 
83.382 0.160 1.14842 0.08714 2 
85.948 0.160 1.37922 1.47772 2 
88.513 0.160 0.92528 0.59317 2 
91.079 0.160 -0.15231 0.55962 2 
93.644 0.160 0.96249 1.88483 2 
96.210 0.160 -0.59148 1.10129 2 
98.776 0.160 -0.27574 0.77594 2 
101.341 0.160 0.81381 1.20907 2 
103.907 0.160 -0.41069 1.07166 2 
106.472 0.160 0.37466 -0.63482 2 
109.038 0.160 1.05084 -0.44573 2 
111.603 0.160 0.58784 -0.72871 2 
114.169 0.160 1.22168 0.16345 2 
116.735 0.160 1.88952 1.13927 2 
119.300 0.160 0.19513 0.30714 2 
-8.980 -2.405 6.86976 -0.76217 2 
-6.414 -2.405 6.76332 -0.81598 2 
-3.848 -2.405 6.42326 -0.84857 2 
-1.283 -2.405 6.64351 -0.95689 2 
1.283 -2.405 0.00000 -0.00000 0 
3.848 -2.405 0.00000 -0.00000 0 
6.414 -2.405 0.00000 -0.00000 0 
8.980 -2.405 0.00000 -0.00000 0 
11.545 -2.405 0.00000 -0.00000 0 
14.111 -2.405 0.00000 -0.00000 0 
16.676 -2.405 0.00000 -0.00000 0 
19.242 -2.405 0.00000 -0.00000 0 
21.808 -2.405 0.00000 -0.00000 0 
24.373 -2.405 0.00000 -0.00000 0 
26.939 -2.405 0.00000 -0.00000 0 
29.504 -2.405 0.00000 -0.00000 0 
32.070 -2.405 -0.41216 -0.15238 2 
34.636 -2.405 -0.42589 -0.06464 2 
37.201 -2.405 -0.74547 -0.26631 2 
39.767 -2.405 -0.72405 -0.27700 2 
42.332 -2.405 -0.67562 -0.15511 2 
44.898 -2.405 -0.12955 -0.09787 2 
47.464 -2.405 -1.04204 -0.08238 2 
50.029 -2.405 -1.03455 -0.35574 2 
52.595 -2.405 -1.07473 0.14946 2 
55.160 -2.405 -0.79093 -0.43553 2 
57.726 -2.405 -1.36617 -0.39764 2 
60.292 -2.405 -0.71759 -1.45745 2 
62.857 -2.405 -0.66587 -1.25883 2 
65.423 -2.405 0.07555 -0.99095 2 
67.988 -2.405 0.54692 -1.49033 2 
70.554 -2.405 0.55172 -1.38878 2 
73.120 -2.405 1.21957 -1.52684 2 
75.685 -2.405 1.19863 -0.51386 2 
78.251 -2.405 1.88918 -0.25521 2 
80.816 -2.405 1.12348 -0.44080 2 
83.382 -2.405 1.63039 1.04344 2 
85.948 -2.405 1.26441 0.31576 2 
88.513 -2.405 1.98802 0.32097 2 
91.079 -2.405 1.55137 1.43802 2 
93.644 -2.405 1.33528 1.88255 2 
96.210 -2.405 0.90779 1.26847 2 
98.776 -2.405 1.66090 1.52642 2 
101.341 -2.405 2.00657 1.73290 2 
103.907 -2.405 1.30189 0.08291 2 
106.472 -2.405 2.53432 0.57550 2 
109.038 -2.405 3.61696 0.24611 2 
111.603 -2.405 2.65391 1.45981 2 
114.169 -2.405 2.97702 2.13365 2 
116.735 -2.405 2.70234 1.96759 2 
119.300 -2.405 0.11959 2.16294 2 
-8.980 -4.971 7.00363 -0.87830 2 
-6.414 -4.971 6.81469 -0.86047 2 
-3.848 -4.971 6.55206 -0.93488 2 
-1.283 -4.971 6.30444 -1.16805 2 
1.283 -4.971 0.00000 -0.00000 0 
3.848 -4.971 0.00000 -0.00000 0 
6.414 -4.971 0.00000 -0.00000 0 
8.980 -4.971 0.00000 -0.00000 0 
11.545 -4.971 0.00000 -0.00000 0 
14.111 -4.971 0.00000 -0.00000 0 
16.676 -4.971 0.00000 -0.00000 0 
19.242 -4.971 0.00000 -0.00000 0 
21.808 -4.971 0.00000 -0.00000 0 
24.373 -4.971 -0.17722 -0.05907 2 
26.939 -4.971 -0.35443 -0.11815 2 
29.504 -4.971 -0.40364 -0.03267 2 
32.070 -4.971 -0.82432 -0.30476 2 
34.636 -4.971 -1.15942 -0.49484 2 
37.201 -4.971 -0.97765 -0.24597 2 
39.767 -4.971 -0.89787 -0.06801 2 
42.332 -4.971 -0.99168 -0.21969 2 
44.898 -4.971 0.23209 -0.05787 2 
47.464 -4.971 -0.50325 -0.45496 2 
50.029 -4.971 -0.26854 0.25017 2 
52.595 -4.971 -0.32752 0.35449 2 
55.160 -4.971 -0.91804 -0.60349 2 
57.726 -4.971 -1.10403 -1.15818 2 
60.292 -4.971 -0.65741 -1.82893 2 
62.857 -4.971 -0.09132 -1.62133 2 
65.423 -4.971 1.22388 -1.09827 2 
67.988 -4.971 0.54359 -1.87986 2 
70.554 -4.971 0.94527 -1.59732 2 
73.120 -4.971 1.09076 -1.77734 2 
75.685 -4.971 0.87054 -1.10836 2 
78.251 -4.971 1.87898 -0.96175 2 
80.816 -4.971 2.12273 -1.04462 2 
83.382 -4.971 1.51686 0.25300 2 
85.948 -4.971 0.68855 0.86818 2 
88.513 -4.971 2.34163 0.90128 2 
91.079 -4.971 1.87953 1.73400 2 
93.644 -4.971 1.99651 2.07569 2 
96.210 -4.971 2.40707 1.43566 2 
98.776 -4.971 2.75695 0.81515 2 
101.341 -4.971 0.98234 1.23075 2 
103.907 -4.971 1.04817 0.75545 2 
106.472 -4.971 3.24330 2.59799 2 
109.038 -4.971 4.00111 -0.22113 2 
111.603 -4.971 4.10779 0.93991 2 
114.169 -4.971 4.54229 1.76816 2 
116.735 -4.971 4.10429 1.87510 2 
119.300 -4.971 0.25361 2.54901 2 
-8.980 -7.536 6.83574 -0.92648 2 
-6.414 -7.536 6.97213 -0.91940 2 
-3.848 -7.536 6.78562 -1.07954 2 
-1.283 -7.536 6.61768 -1.23586 2 
1.283 -7.536 6.61963 -1.37023 2 
3.848 -7.536 0.00000 -0.00000 0 
6.414 -7.536 3.55158 -1.35879 2 
8.980 -7.536 4.44502 -1.64233 2 
11.545 -7.536 -0.02802 -0.27634 2 
14.111 -7.536 0.03338 -0.28605 2 
16.676 -7.536 -0.15469 -0.57221 2 
19.242 -7.536 1.40972 -0.08024 2 
21.808 -7.536 2.49635 -0.22511 2 
24.373 -7.536 -0.15000 -0.15324 2 
26.939 -7.536 -0.29158 -0.56758 2 
29.504 -7.536 -0.80728 -0.06534 2 
32.070 -7.536 -1.17210 -0.61305 2 
34.636 -7.536 -1.13014 -0.49069 2 
37.201 -7.536 -1.20982 -0.22562 2 
39.767 -7.536 -0.09298 -0.31589 2 
42.332 -7.536 -0.00975 -0.17752 2 
44.898 -7.536 0.75531 0.53354 2 
47.464 -7.536 0.18181 -0.62418 2 
50.029 -7.536 0.77648 0.65587 2 
52.595 -7.536 0.92083 0.43191 2 
55.160 -7.536 1.55309 0.55768 2 
57.726 -7.536 0.54326 -0.10408 2 
60.292 -7.536 0.65789 0.63582 2 
62.857 -7.536 0.48323 -1.98384 2 
65.423 -7.536 0.99679 -1.40060 2 
67.988 -7.536 1.54280 -1.87220 2 
70.554 -7.536 1.64051 -1.54700 2 
73.120 -7.536 1.87060 -1.91180 2 
75.685 -7.536 1.67114 -1.25651 2 
78.251 -7.536 2.28788 -0.45672 2 
80.816 -7.536 2.57680 -1.02530 2 
83.382 -7.536 2.24025 -0.34097 2 
85.948 -7.536 1.98341 0.97582 2 
88.513 -7.536 3.26789 0.71134 2 
91.079 -7.536 3.26619 1.97249 2 
93.644 -7.536 3.92403 1.74143 2 
96.210 -7.536 4.58187 1.51037 2 
98.776 -7.536 1.83886 0.94728 2 
101.341 -7.536 0.26041 1.15642 2 
103.907 -7.536 2.67405 0.70314 2 
106.472 -7.536 4.34989 2.77820 2 
109.038 -7.536 3.97012 1.54214 2 
111.603 -7.536 5.69772 1.69131 2 
114.169 -7.536 3.66287 1.15891 2 
116.735 -7.536 5.47162 2.26025 2 
119.300 -7.536 0.00000 -0.00000 0 
-8.980 -10.102 7.29524 -0.95122 2 
-6.414 -10.102 7.04642 -1.06898 2 
-3.848 -10.102 6.97307 -1.34620 2 
-1.283 -10.102 6.92830 -1.37780 2 
1.283 -10.102 6.81849 -1.58754 2 
3.848 -10.102 7.02652 -2.50656 2 
6.414 -10.102 7.10316 -2.71758 2 
8.980 -10.102 7.66867 -3.37286 2 
11.545 -10.102 8.03819 -3.46452 2 
14.111 -10.102 9.40885 -3.53305 2 
16.676 -10.102 8.97420 -2.67543 2 
19.242 -10.102 2.81945 -0.16047 2 
21.808 -10.102 4.99271 -0.45023 2 
24.373 -10.102 -0.15843 0.10785 2 
26.939 -10.102 1.29851 -1.12560 2 
29.504 -10.102 2.11143 -0.78183 2 
32.070 -10.102 3.79240 -0.77058 2 
34.636 -10.102 3.92566 -0.41995 2 
37.201 -10.102 4.03887 -0.21689 2 
39.767 -10.102 0.71191 -0.56377 2 
42.332 -10.102 0.97218 -0.13535 2 
44.898 -10.102 1.23246 0.29308 2 
47.464 -10.102 2.08993 -0.86817 2 
50.029 -10.102 2.21990 0.49704 2 
52.595 -10.102 2.51624 -0.03050 2 
55.160 -10.102 2.01941 0.42272 2 
57.726 -10.102 2.19055 0.95002 2 
60.292 -10.102 2.62801 0.43884 2 
62.857 -10.102 2.64987 -0.70651 2 
65.423 -10.102 3.80518 -0.15421 2 
67.988 -10.102 2.51866 -1.38625 2 
70.554 -10.102 2.45707 -1.14383 2 
73.120 -10.102 3.95991 -1.20715 2 
75.685 -10.102 3.82236 -0.99856 2 
78.251 -10.102 3.69270 -1.50740 2 
80.816 -10.102 3.24333 -0.88507 2 
83.382 -10.102 2.96326 -1.05054 2 
85.948 -10.102 3.65895 0.84245 2 
88.513 -10.102 4.19415 0.52141 2 
91.079 -10.102 5.74008 1.58174 2 
93.644 -10.102 5.76644 1.54461 2 
96.210 -10.102 5.79279 1.50749 2 
98.776 -10.102 6.70719 2.19083 2 
101.341 -10.102 7.64705 1.98699 2 
103.907 -10.102 4.87001 2.11931 2 
106.472 -10.102 5.45647 2.95840 2 
109.038 -10.102 5.63032 2.70924 2 
111.603 -10.102 7.28764 2.44270 2 
114.169 -10.102 7.24177 2.25159 2 
116.735 -10.102 7.79981 2.65558 2 
119.300 -10.102 0.00000 -0.00000 0 
-8.980 -12.668 7.20752 -0.82938 2 
-6.414 -12.668 7.08096 -1.17514 2 
-3.848 -12.668 7.14952 -1.21925 2 
-1.283 -12.668 7.17071 -1.60513 2 
1.283 -12.668 7.18777 -1.71922 2 
3.848 -12.668 7.01218 -2.06490 2 
6.414 -12.668 7.24964 -2.37639 2 
8.980 -12.668 7.66485 -2.42009 2 
11.545 -12.668 8.14090 -2.94434 2 
14.111 -12.668 8.62389 -2.60746 2 
16.676 -12.668 8.94991 -2.57661 2 
19.242 -12.668 9.45732 -2.41670 2 
21.808 -12.668 9.65455 -1.98600 2 
24.373 -12.668 9.43344 -1.84745 2 
26.939 -12.668 5.22596 -1.34339 2 
29.504 -12.668 5.64642 -0.97871 2 
32.070 -12.668 8.75690 -0.92811 2 
34.636 -12.668 3.08436 -0.43121 2 
37.201 -12.668 9.28755 -0.20815 2 
39.767 -12.668 5.12881 -0.37224 2 
42.332 -12.668 5.16718 -0.17679 2 
44.898 -12.668 5.20554 0.01867 2 
47.464 -12.668 5.16507 -0.84320 2 
50.029 -12.668 4.28825 -0.79096 2 
52.595 -12.668 4.11166 -0.49292 2 
55.160 -12.668 3.13783 -1.30598 2 
57.726 -12.668 1.75011 -0.63703 2 
60.292 -12.668 1.95056 0.44444 2 
62.857 -12.668 4.81651 0.57082 2 
65.423 -12.668 6.61358 1.09218 2 
67.988 -12.668 5.50421 -1.08721 2 
70.554 -12.668 5.04052 -0.63429 2 
73.120 -12.668 3.43592 -0.39075 2 
75.685 -12.668 3.78277 -0.15234 2 
78.251 -12.668 3.13374 -1.40725 2 
80.816 -12.668 3.14660 -1.22509 2 
83.382 -12.668 4.41953 -0.66166 2 
85.948 -12.668 4.75387 0.11003 2 
88.513 -12.668 6.88071 0.74433 2 
91.079 -12.668 8.71273 1.42599 2 
93.644 -12.668 8.25835 2.74551 2 
96.210 -12.668 8.51664 2.88287 2 
98.776 -12.668 8.46530 2.98993 2 
101.341 -12.668 8.94282 2.55209 2 
103.907 -12.668 8.28000 1.57935 2 
106.472 -12.668 6.54126 2.48032 2 
109.038 -12.668 7.12440 2.62733 2 
111.603 -12.668 7.55200 2.57478 2 
114.169 -12.668 7.60847 2.06236 2 
116.735 -12.668 7.99902 2.30698 2 
119.300 -12.668 0.00000 -0.00000 0 
-8.980 -15.233 7.35171 -1.06137 2 
-6.414 -15.233 7.23690 -1.04378 2 
-3.848 -15.233 7.21558 -1.27852 2 
-1.283 -15.233 7.30470 -1.46309 2 
1.283 -15.233 7.29551 -1.68655 2 
3.848 -15.233 7.42430 -1.99249 2 
6.414 -15.233 7.74822 -2.20202 2 
8.980 -15.233 7.81598 -2.33610 2 
11.545 -15.233 8.31876 -2.46200 2 
14.111 -15.233 8.66068 -2.47095 2 
16.676 -15.233 8.89408 -2.44684 2 
19.242 -15.233 9.04950 -2.17155 2 
21.808 -15.233 9.14224 -1.78364 2 
24.373 -15.233 9.12540 -1.94678 2 
26.939 -15.233 9.15341 -1.56119 2 
29.504 -15.233 9.18141 -1.17560 2 
32.070 -15.233 9.54759 -1.11505 2 
34.636 -15.233 6.34721 -0.84559 2 
37.201 -15.233 9.58549 -0.58674 2 
39.767 -15.233 9.54572 -0.18071 2 
42.332 -15.233 9.36217 -0.21823 2 
44.898 -15.233 9.17861 -0.25575 2 
47.464 -15.233 9.49278 -0.42964 2 
50.029 -15.233 9.33200 -0.79460 2 
52.595 -15.233 8.45894 -0.88008 2 
55.160 -15.233 6.60604 -1.15873 2 
57.726 -15.233 6.07973 -0.85065 2 
60.292 -15.233 5.69989 0.40470 2 
62.857 -15.233 6.67994 -0.14340 2 
65.423 -15.233 6.28491 -0.34618 2 
67.988 -15.233 5.73550 -0.52836 2 
70.554 -15.233 8.44069 -0.04350 2 
73.120 -15.233 7.44227 0.64090 2 
75.685 -15.233 7.83956 0.92765 2 
78.251 -15.233 8.83102 0.13782 2 
80.816 -15.233 6.52664 -0.71674 2 
83.382 -15.233 7.55456 0.00779 2 
85.948 -15.233 7.57899 0.45609 2 
88.513 -15.233 8.38112 0.63304 2 
91.079 -15.233 8.43416 1.02623 2 
93.644 -15.233 9.88394 2.30718 2 
96.210 -15.233 9.81219 2.76698 2 
98.776 -15.233 9.06347 2.64461 2 
101.341 -15.233 9.04666 2.10111 2 
103.907 -15.233 9.07208 2.03872 2 
106.472 -15.233 9.28680 2.37122 2 
109.038 -15.233 8.61848 2.54542 2 
111.603 -15.233 7.93044 2.19251 2 
114.169 -15.233 7.77095 2.03317 2 
116.735 -15.233 8.39695 2.01868 2 
119.300 -15.233 0.00000 -0.00000 0 
-8.980 -17.799 7.39564 -0.92719 2 
-6.414 -17.799 7.17633 -1.08060 2 
-3.848 -17.799 7.45318 -1.30367 2 
-1.283 -17.799 7.28812 -1.41916 2 
1.283 -17.799 7.47122 -1.58490 2 
3.848 -17.799 7.50439 -1.75284 2 
6.414 -17.799 7.75768 -2.05941 2 
8.980 -17.799 7.88300 -2.27325 2 
11.545 -17.799 8.19596 -2.17659 2 
14.111 -17.799 8.53275 -2.04116 2 
16.676 -17.799 8.86894 -2.21949 2 
19.242 -17.799 8.93860 -1.97800 2 
21.808 -17.799 9.05633 -2.00675 2 
24.373 -17.799 8.98411 -1.77462 2 
26.939 -17.799 9.50794 -1.69699 2 
29.504 -17.799 9.57484 -1.56333 2 
32.070 -17.799 9.49259 -1.49001 2 
34.636 -17.799 9.61005 -1.25997 2 
37.201 -17.799 9.88343 -0.96533 2 
39.767 -17.799 9.90664 -0.74843 2 
42.332 -17.799 9.53121 -0.31823 2 
44.898 -17.799 8.94240 -0.67110 2 
47.464 -17.799 8.99485 -0.82467 2 
50.029 -17.799 9.26669 -0.93412 2 
52.595 -17.799 9.76312 -0.82352 2 
55.160 -17.799 9.31177 -1.15524 2 
57.726 -17.799 10.34422 -0.88186 2 
60.292 -17.799 10.20935 -0.50556 2 
62.857 -17.799 8.19469 -0.36278 2 
65.423 -17.799 9.10275 -0.41954 2 
67.988 -17.799 7.91101 -0.64429 2 
70.554 -17.799 9.25167 0.04215 2 
73.120 -17.799 8.72596 0.97777 2 
75.685 -17.799 9.20867 0.33163 2 
78.251 -17.799 9.47891 0.30704 2 
80.816 -17.799 9.90668 -0.20840 2 
83.382 -17.799 10.68958 0.67724 2 
85.948 -17.799 10.40411 0.80214 2 
88.513 -17.799 9.88152 0.52174 2 
91.079 -17.799 10.51655 1.66975 2 
93.644 -17.799 10.68090 1.92641 2 
96.210 -17.799 10.35207 2.12291 2 
98.776 -17.799 9.66164 2.29930 2 
101.341 -17.799 9.18872 2.11246 2 
103.907 -17.799 8.88729 2.20688 2 
106.472 -17.799 8.83901 1.93673 2 
109.038 -17.799 8.52860 2.23524 2 
111.603 -17.799 8.43378 2.12342 2 
114.169 -17.799 7.98870 1.92273 2 
116.735 -17.799 8.79489 1.73039 2 
119.300 -17.799 0.00000 -0.00000 0 
-8.980 -20.364 7.17741 -0.95047 2 
-6.414 -20.364 7.35544 -1.15237 2 
-3.848 -20.364 7.39871 -1.10781 2 
-1.283 -20.364 7.54756 -1.29126 2 
1.283 -20.364 7.56733 -1.67325 2 
3.848 -20.364 7.72932 -1.61259 2 
6.414 -20.364 7.92324 -1.66371 2 
8.980 -20.364 8.05984 -1.88589 2 
11.545 -20.364 8.29865 -1.98192 2 
14.111 -20.364 8.42712 -2.00396 2 
16.676 -20.364 8.74988 -1.79063 2 
19.242 -20.364 8.79295 -1.80645 2 
21.808 -20.364 8.88805 -1.79509 2 
24.373 -20.364 9.09654 -1.70037 2 
26.939 -20.364 9.21101 -1.35367 2 
29.504 -20.364 9.20574 -1.42761 2 
32.070 -20.364 9.44898 -1.33787 2 
34.636 -20.364 9.41865 -1.01635 2 
37.201 -20.364 9.55968 -1.09675 2 
39.767 -20.364 9.62320 -0.76362 2 
42.332 -20.364 9.31335 -0.50638 2 
44.898 -20.364 9.34751 -0.85491 2 
47.464 -20.364 9.37158 -0.81194 2 
50.029 -20.364 9.30682 -0.96670 2 
52.595 -20.364 9.66699 -0.80966 2 
55.160 -20.364 9.47082 -0.99535 2 
57.726 -20.364 9.82622 -0.71807 2 
60.292 -20.364 9.94182 -0.56697 2 
62.857 -20.364 9.70944 -0.58216 2 
65.423 -20.364 9.75006 -0.68211 2 
67.988 -20.364 10.08651 -0.76022 2 
70.554 -20.364 10.06265 0.12779 2 
73.120 -20.364 10.40868 0.46229 2 
75.685 -20.364 10.28415 0.47213 2 
78.251 -20.364 10.12680 0.47627 2 
80.816 -20.364 10.38496 0.31754 2 
83.382 -20.364 10.36845 0.60080 2 
85.948 -20.364 10.39320 0.87107 2 
88.513 -20.364 10.48351 0.96615 2 
91.079 -20.364 10.38820 1.26385 2 
93.644 -20.364 10.24785 1.59091 2 
96.210 -20.364 9.77617 1.78384 2 
98.776 -20.364 9.55671 1.99305 2 
101.341 -20.364 9.19028 1.81749 2 
103.907 -20.364 9.05400 1.96966 2 
106.472 -20.364 8.84647 1.98564 2 
109.038 -20.364 8.74616 1.88384 2 
111.603 -20.364 8.50671 1.75126 2 
114.169 -20.364 8.38717 1.68421 2 
116.735 -20.364 8.21040 1.50128 2 
119.300 -20.364 0.00000 -0.00000 0 
-8.980 -22.930 7.31785 -1.10512 2 
-6.414 -22.930 7.35336 -0.99335 2 
-3.848 -22.930 7.63909 -1.18258 2 
-1.283 -22.930 7.45229 -1.13791 2 
1.283 -22.930 7.75014 -1.40583 2 
3.848 -22.930 7.76784 -1.54016 2 
6.414 -22.930 7.95885 -1.58735 2 
8.980 -22.930 8.05441 -1.56119 2 
11.545 -22.930 8.37294 -1.61173 2 
14.111 -22.930 8.44742 -1.75804 2 
16.676 -22.930 8.61415 -1.65316 2 
19.242 -22.930 8.90492 -1.54258 2 
21.808 -22.930 8.84920 -1.57284 2 
24.373 -22.930 8.90885 -1.44315 2 
26.939 -22.930 9.17173 -1.33720 2 
29.504 -22.930 9.14035 -1.40783 2 
32.070 -22.930 9.39360 -1.06083 2 
34.636 -22.930 9.34773 -1.13643 2 
37.201 -22.930 9.60721 -0.98228 2 
39.767 -22.930 9.22771 -0.87296 2 
42.332 -22.930 9.43584 -0.79043 2 
44.898 -22.930 9.24088 -0.78598 2 
47.464 -22.930 9.27198 -0.70806 2 
50.029 -22.930 9.34369 -0.74354 2 
52.595 -22.930 9.21406 -0.76180 2 
55.160 -22.930 9.62987 -0.83545 2 
57.726 -22.930 9.71580 -0.58666 2 
60.292 -22.930 9.65079 -0.64898 2 
62.857 -22.930 9.82403 -0.66093 2 
65.423 -22.930 9.79144 -0.54618 2 
67.988 -22.930 9.88970 -0.61027 2 
70.554 -22.930 9.98862 -0.11747 2 
73.120 -22.930 10.25000 0.22185 2 
75.685 -22.930 10.19546 0.25745 2 
78.251 -22.930 10.17269 0.29116 2 
80.816 -22.930 10.21048 0.29831 2 
83.382 -22.930 10.41689 0.60818 2 
85.948 -22.930 10.02376 0.69891 2 
88.513 -22.930 10.09862 0.95110 2 
91.079 -22.930 10.00135 1.14133 2 
93.644 -22.930 9.87698 1.41287 2 
96.210 -22.930 9.85802 1.52131 2 
98.776 -22.930 9.70809 1.79730 2 
101.341 -22.930 9.36683 1.68137 2 
103.907 -22.930 9.03802 1.45618 2 
106.472 -22.930 8.73464 1.76077 2 
109.038 -22.930 8.52325 1.66230 2 
111.603 -22.930 8.70541 1.48726 2 
114.169 -22.930 8.59016 1.53939 2 
116.735 -22.930 8.43525 1.69557 2 
119.300 -22.930 0.00000 -0.00000 0 
-8.980 -25.496 7.56954 -0.89699 2 
-6.414 -25.496 7.55304 -0.96545 2 
-3.848 -25.496 7.60182 -1.19699 2 
-1.283 -25.496 7.85316 -1.21341 2 
1.283 -25.496 7.87878 -1.28901 2 
3.848 -25.496 7.91494 -1.34769 2 
6.414 -25.496 8.11188 -1.52231 2 
8.980 -25.496 8.22525 -1.61578 2 
11.545 -25.496 8.33515 -1.44674 2 
14.111 -25.496 8.54125 -1.62261 2 
16.676 -25.496 8.59214 -1.49617 2 
19.242 -25.496 8.67348 -1.53653 2 
21.808 -25.496 8.84486 -1.49849 2 
24.373 -25.496 9.03552 -1.34849 2 
26.939 -25.496 8.97129 -1.29720 2 
29.504 -25.496 8.89572 -1.03605 2 
32.070 -25.496 9.31311 -1.28803 2 
34.636 -25.496 9.32251 -0.93506 2 
37.201 -25.496 9.03437 -0.88600 2 
39.767 -25.496 9.17983 -1.09155 2 
42.332 -25.496 9.18667 -0.85641 2 
44.898 -25.496 9.29651 -0.85368 2 
47.464 -25.496 9.36581 -0.66753 2 
50.029 -25.496 9.34256 -0.82961 2 
52.595 -25.496 9.40854 -0.72246 2 
55.160 -25.496 9.62143 -0.64385 2 
57.726 -25.496 9.74272 -0.60028 2 
60.292 -25.496 9.46170 -0.65271 2 
62.857 -25.496 9.80759 -0.48936 2 
65.423 -25.496 9.82944 -0.43535 2 
67.988 -25.496 9.83165 -0.50953 2 
70.554 -25.496 9.91459 -0.36274 2 
73.120 -25.496 10.09133 -0.01858 2 
75.685 -25.496 9.98681 0.11595 2 
78.251 -25.496 10.08272 0.34844 2 
80.816 -25.496 9.92427 0.47533 2 
83.382 -25.496 10.05913 0.55199 2 
85.948 -25.496 9.90118 0.92360 2 
88.513 -25.496 10.03767 0.77031 2 
91.079 -25.496 9.94698 1.14269 2 
93.644 -25.496 9.79719 1.14412 2 
96.210 -25.496 9.47170 1.40925 2 
98.776 -25.496 9.30215 1.38631 2 
101.341 -25.496 9.12678 1.48083 2 
103.907 -25.496 8.94737 1.61361 2 
106.472 -25.496 8.86723 1.58927 2 
109.038 -25.496 8.69012 1.54374 2 
111.603 -25.496 8.65283 1.52990 2 
114.169 -25.496 8.33674 1.48240 2 
116.735 -25.496 8.49268 1.62867 2 
119.300 -25.496 0.00000 -0.00000 0 
-8.980 -28.061 7.58927 -1.06680 2 
-6.414 -28.061 7.66171 -0.93505 2 
-3.848 -28.061 7.66679 -1.02655 2 
-1.283 -28.061 7.97729 -1.03458 2 
1.283 -28.061 7.86941 -1.27443 2 
3.848 -28.061 7.95637 -1.38748 2 
6.414 -28.061 8.14496 -1.27604 2 
8.980 -28.061 8.24590 -1.37406 2 
11.545 -28.061 8.39844 -1.32564 2 
14.111 -28.061 8.46165 -1.44932 2 
16.676 -28.061 8.57379 -1.20807 2 
19.242 -28.061 8.78501 -1.24867 2 
21.808 -28.061 8.64702 -1.27490 2 
24.373 -28.061 8.71706 -1.20631 2 
26.939 -28.061 9.06150 -1.17244 2 
29.504 -28.061 8.97497 -1.15554 2 
32.070 -28.061 8.94216 -1.10897 2 
34.636 -28.061 9.06952 -0.82606 2 
37.201 -28.061 9.21433 -1.07290 2 
39.767 -28.061 9.18615 -0.78468 2 
42.332 -28.061 9.31526 -0.81977 2 
44.898 -28.061 9.19404 -0.82177 2 
47.464 -28.061 9.24004 -0.81384 2 
50.029 -28.061 9.40886 -0.64601 2 
52.595 -28.061 9.37541 -0.62563 2 
55.160 -28.061 9.49240 -0.51402 2 
57.726 -28.061 9.65242 -0.64854 2 
60.292 -28.061 9.64737 -0.52356 2 
62.857 -28.061 9.62412 -0.44982 2 
65.423 -28.061 9.65048 -0.34900 2 
67.988 -28.061 9.80669 -0.17284 2 
70.554 -28.061 9.86788 -0.29698 2 
73.120 -28.061 9.95724 0.09280 2 
75.685 -28.061 9.86167 0.25661 2 
78.251 -28.061 9.94202 0.22787 2 
80.816 -28.061 9.90363 0.51792 2 
83.382 -28.061 9.90803 0.42494 2 
85.948 -28.061 9.96071 0.56548 2 
88.513 -28.061 9.81103 1.14824 2 
91.079 -28.061 9.79841 0.78911 2 
93.644 -28.061 9.50983 1.02858 2 
96.210 -28.061 9.68092 1.02080 2 
98.776 -28.061 9.26517 1.23641 2 
101.341 -28.061 9.08064 1.32898 2 
103.907 -28.061 9.08428 1.36748 2 
106.472 -28.061 8.93097 1.28777 2 
109.038 -28.061 8.95909 1.25846 2 
111.603 -28.061 8.44628 1.40038 2 
114.169 -28.061 8.55666 1.31381 2 
116.735 -28.061 8.79834 1.44633 2 
119.300 -28.061 0.00000 -0.00000 0 
-8.980 -30.627 7.70190 -0.81631 2 
-6.414 -30.627 7.71890 -1.07253 2 
-3.848 -30.627 7.74718 -0.90090 2 
-1.283 -30.627 7.91387 -1.10254 2 
1.283 -30.627 7.92330 -1.10502 2 
3.848 -30.627 8.07261 -1.09311 2 
6.414 -30.627 8.17744 -1.05936 2 
8.980 -30.627 8.16764 -1.31048 2 
11.545 -30.627 8.39901 -1.25081 2 
14.111 -30.627 8.44765 -1.21524 2 
16.676 -30.627 8.47587 -1.27917 2 
19.242 -30.627 8.59288 -1.26223 2 
21.808 -30.627 8.91203 -1.26846 2 
24.373 -30.627 8.78710 -1.03980 2 
26.939 -30.627 8.70842 -1.03733 2 
29.504 -30.627 8.92496 -1.04344 2 
32.070 -30.627 9.02312 -0.91805 2 
34.636 -30.627 8.96687 -0.91126 2 
37.201 -30.627 9.01210 -0.90063 2 
39.767 -30.627 9.25747 -0.76523 2 
42.332 -30.627 9.08902 -0.89147 2 
44.898 -30.627 9.18676 -0.72677 2 
47.464 -30.627 9.24393 -0.72296 2 
50.029 -30.627 9.31586 -0.65078 2 
52.595 -30.627 9.41293 -0.63629 2 
55.160 -30.627 9.41143 -0.58675 2 
57.726 -30.627 9.36625 -0.60197 2 
60.292 -30.627 9.40814 -0.37019 2 
62.857 -30.627 9.52247 -0.48166 2 
65.423 -30.627 9.61799 -0.13923 2 
67.988 -30.627 9.52570 -0.28747 2 
70.554 -30.627 9.67986 -0.10264 2 
73.120 -30.627 9.64215 0.07747 2 
75.685 -30.627 9.83902 0.19641 2 
78.251 -30.627 9.73790 0.18189 2 
80.816 -30.627 9.56821 0.40396 2 
83.382 -30.627 9.69492 0.47461 2 
85.948 -30.627 9.60261 0.63862 2 
88.513 -30.627 9.60149 0.74721 2 
91.079 -30.627 9.43580 0.81077 2 
93.644 -30.627 9.50415 0.87003 2 
96.210 -30.627 9.20117 1.03524 2 
98.776 -30.627 9.20453 1.23374 2 
101.341 -30.627 9.09056 1.31374 2 
103.907 -30.627 8.97466 1.10798 2 
106.472 -30.627 8.78782 1.29668 2 
109.038 -30.627 8.73975 1.27643 2 
111.603 -30.627 8.75935 1.16516 2 
114.169 -30.627 8.42011 1.26149 2 
116.735 -30.627 9.06945 1.11416 2 
119.300 -30.627 0.00000 -0.00000 0 
-8.980 -33.192 7.88503 -0.89733 2 
-6.414 -33.192 7.73970 -0.91506 2 
-3.848 -33.192 7.87179 -0.98346 2 
-1.283 -33.192 8.01463 -1.08489 2 
1.283 -33.192 7.92261 -1.06210 2 
3.848 -33.192 7.98380 -1.02878 2 
6.414 -33.192 8.21253 -1.17135 2 
8.980 -33.192 8.15471 -1.08412 2 
11.545 -33.192 8.40354 -1.28708 2 
14.111 -33.192 8.44470 -0.99614 2 
16.676 -33.192 8.66535 -1.18203 2 
19.242 -33.192 8.66988 -1.23980 2 
21.808 -33.192 8.54120 -1.03754 2 
24.373 -33.192 8.70976 -1.12576 2 
26.939 -33.192 8.87564 -0.95783 2 
29.504 -33.192 8.89559 -1.04567 2 
32.070 -33.192 8.92025 -1.01369 2 
34.636 -33.192 9.00225 -0.83140 2 
37.201 -33.192 9.07350 -0.74621 2 
39.767 -33.192 8.98424 -0.88137 2 
42.332 -33.192 9.32043 -0.79105 2 
44.898 -33.192 9.11975 -0.64391 2 
47.464 -33.192 9.20557 -0.62449 2 
50.029 -33.192 9.13798 -0.87074 2 
52.595 -33.192 9.34367 -0.74369 2 
55.160 -33.192 9.17635 -0.56602 2 
57.726 -33.192 9.28830 -0.36689 2 
60.292 -33.192 9.40884 -0.48507 2 
62.857 -33.192 9.47684 -0.37402 2 
65.423 -33.192 9.47058 -0.25213 2 
67.988 -33.192 9.52584 -0.37906 2 
70.554 -33.192 9.61165 0.01409 2 
73.120 -33.192 9.50055 0.05626 2 
75.685 -33.192 9.54145 0.10071 2 
78.251 -33.192 9.76920 0.42689 2 
80.816 -33.192 9.71348 0.37134 2 
83.382 -33.192 9.63977 0.50339 2 
85.948 -33.192 9.50586 0.70749 2 
88.513 -33.192 9.38429 0.54438 2 
91.079 -33.192 9.53678 0.76173 2 
93.644 -33.192 9.38018 0.76189 2 
96.210 -33.192 9.27038 1.07855 2 
98.776 -33.192 8.95548 0.97017 2 
101.341 -33.192 9.01911 1.11638 2 
103.907 -33.192 8.92757 1.14769 2 
106.472 -33.192 8.85168 0.99520 2 
109.038 -33.192 8.81805 1.04336 2 
111.603 -33.192 8.67558 1.31221 2 
114.169 -33.192 8.56286 1.12561 2 
116.735 -33.192 8.90168 1.28501 2 
119.300 -33.192 0.00000 -0.00000 0 
-8.980 -35.758 7.68836 -0.88929 2 
-6.414 -35.758 7.91671 -0.90944 2 
-3.848 -35.758 7.84751 -0.96914 2 
-1.283 -35.758 8.19045 -0.92486 2 
1.283 -35.758 8.01929 -0.96346 2 
3.848 -35.758 8.16552 -0.97223 2 
6.414 -35.758 8.06629 -1.01712 2 
8.980 -35.758 8.36188 -1.15426 2 
11.545 -35.758 8.37277 -1.02456 2 
14.111 -35.758 8.52131 -1.15182 2 
16.676 -35.758 8.52092 -1.04858 2 
19.242 -35.758 8.66973 -1.01010 2 
21.808 -35.758 8.72909 -1.19901 2 
24.373 -35.758 8.84303 -0.90495 2 
26.939 -35.758 8.82324 -1.10302 2 
29.504 -35.758 8.85112 -0.84417 2 
32.070 -35.758 8.87682 -0.84971 2 
34.636 -35.758 8.94396 -0.88473 2 
37.201 -35.758 8.87226 -0.81424 2 
39.767 -35.758 8.95549 -0.82397 2 
42.332 -35.758 9.14845 -0.67607 2 
44.898 -35.758 9.12139 -0.70381 2 
47.464 -35.758 8.95921 -0.78010 2 
50.029 -35.758 9.16484 -0.53029 2 
52.595 -35.758 9.23225 -0.65487 2 
55.160 -35.758 9.50227 -0.40367 2 
57.726 -35.758 9.06243 -0.43439 2 
60.292 -35.758 9.44084 -0.40335 2 
62.857 -35.758 9.39603 -0.27337 2 
65.423 -35.758 9.52108 -0.37696 2 
67.988 -35.758 9.32403 0.01325 2 
70.554 -35.758 9.37282 -0.14924 2 
73.120 -35.758 9.47208 0.00571 2 
75.685 -35.758 9.61017 0.17362 2 
78.251 -35.758 9.55355 0.31357 2 
80.816 -35.758 9.35766 0.37379 2 
83.382 -35.758 9.27905 0.33515 2 
85.948 -35.758 9.37255 0.69212 2 
88.513 -35.758 9.37638 0.68739 2 
91.079 -35.758 9.24963 0.82507 2 
93.644 -35.758 9.11488 0.94713 2 
96.210 -35.758 9.26008 0.80540 2 
98.776 -35.758 9.16317 1.03042 2 
101.341 -35.758 9.07534 1.03078 2 
103.907 -35.758 8.81100 0.94353 2 
106.472 -35.758 8.90754 1.02878 2 
109.038 -35.758 8.67902 1.14680 2 
111.603 -35.758 8.71672 0.92307 2 
114.169 -35.758 8.43672 1.09500 2 
116.735 -35.758 8.75418 1.05625 2 
119.300 -35.758 0.00000 -0.00000 0 
-8.980 -38.324 7.77985 -0.77823 2 
-6.414 -38.324 7.87183 -0.82102 2 
-3.848 -38.324 7.76944 -0.83934 2 
-1.283 -38.324 8.21433 -0.96271 2 
1.283 -38.324 7.95441 -0.91480 2 
3.848 -38.324 8.01207 -0.93094 2 
6.414 -38.324 8.29274 -0.79683 2 
8.980 -38.324 8.36961 -1.01194 2 
11.545 -38.324 8.39546 -0.95726 2 
14.111 -38.324 8.60154 -1.02460 2 
16.676 -38.324 8.52494 -1.11145 2 
19.242 -38.324 8.52906 -0.99268 2 
21.808 -38.324 8.75809 -0.77755 2 
24.373 -38.324 8.67664 -1.07145 2 
26.939 -38.324 8.76935 -1.08103 2 
29.504 -38.324 8.91957 -0.88277 2 
32.070 -38.324 8.98666 -0.88353 2 
34.636 -38.324 8.87715 -0.88205 2 
37.201 -38.324 9.04577 -0.83932 2 
39.767 -38.324 9.05965 -0.74429 2 
42.332 -38.324 8.93334 -0.74080 2 
44.898 -38.324 9.15497 -0.61232 2 
47.464 -38.324 9.09051 -0.63522 2 
50.029 -38.324 9.13867 -0.44667 2 
52.595 -38.324 9.05123 -0.67771 2 
55.160 -38.324 9.02426 -0.38578 2 
57.726 -38.324 9.27409 -0.62183 2 
60.292 -38.324 9.22894 -0.27952 2 
62.857 -38.324 9.27692 -0.32298 2 
65.423 -38.324 9.25767 -0.26688 2 
67.988 -38.324 9.49275 -0.26123 2 
70.554 -38.324 9.21521 -0.00009 2 
73.120 -38.324 9.45095 0.24952 2 
75.685 -38.324 9.57856 0.09724 2 
78.251 -38.324 9.33121 0.21451 2 
80.816 -38.324 9.31535 0.33227 2 
83.382 -38.324 9.36598 0.49638 2 
85.948 -38.324 9.43568 0.35123 2 
88.513 -38.324 9.26269 0.49276 2 
91.079 -38.324 9.21923 0.66058 2 
93.644 -38.324 9.23362 0.74969 2 
96.210 -38.324 9.17769 0.79132 2 
98.776 -38.324 8.95020 0.83305 2 
101.341 -38.324 9.01373 0.89070 2 
103.907 -38.324 8.89828 0.97451 2 
106.472 -38.324 8.78547 0.91045 2 
109.038 -38.324 8.76354 0.98556 2 
111.603 -38.324 8.59968 0.88430 2 
114.169 -38.324 8.53791 0.99226 2 
116.735 -38.324 8.78466 0.94955 2 
119.300 -38.324 0.00000 -0.00000 0 
-8.980 -40.889 7.91764 -0.90055 2 
-6.414 -40.889 7.95708 -0.77422 2 
-3.848 -40.889 8.08234 -0.79289 2 
-1.283 -40.889 8.00256 -0.91623 2 
1.283 -40.889 8.11063 -0.87608 2 
3.848 -40.889 8.18937 -0.85587 2 
6.414 -40.889 8.25508 -1.01811 2 
8.980 -40.889 8.42299 -0.98151 2 
11.545 -40.889 8.37887 -0.95262 2 
14.111 -40.889 8.51622 -0.84734 2 
16.676 -40.889 8.56925 -0.89888 2 
19.242 -40.889 8.52196 -0.86486 2 
21.808 -40.889 8.74836 -1.03759 2 
24.373 -40.889 8.72279 -0.85977 2 
26.939 -40.889 8.61583 -0.73316 2 
29.504 -40.889 8.75469 -0.93664 2 
32.070 -40.889 8.71519 -0.84599 2 
34.636 -40.889 8.87988 -0.82735 2 
37.201 -40.889 8.80542 -0.55883 2 
39.767 -40.889 9.03015 -0.76059 2 
42.332 -40.889 8.87381 -0.69777 2 
44.898 -40.889 9.03039 -0.78223 2 
47.464 -40.889 9.08778 -0.47994 2 
50.029 -40.889 9.12016 -0.66060 2 
52.595 -40.889 9.06802 -0.39253 2 
55.160 -40.889 9.30868 -0.56231 2 
57.726 -40.889 9.20412 -0.52467 2 
60.292 -40.889 9.15009 -0.30239 2 
62.857 -40.889 9.15669 -0.26328 2 
65.423 -40.889 9.15989 -0.05178 2 
67.988 -40.889 9.26397 -0.15466 2 
70.554 -40.889 9.42589 0.17684 2 
73.120 -40.889 9.31397 -0.08350 2 
75.685 -40.889 9.31407 0.09658 2 
78.251 -40.889 9.38813 0.23289 2 
80.816 -40.889 9.08650 0.51776 2 
83.382 -40.889 9.11949 0.36841 2 
85.948 -40.889 9.27258 0.61967 2 
88.513 -40.889 9.07955 0.60683 2 
91.079 -40.889 9.08134 0.68719 2 
93.644 -40.889 9.03604 0.58047 2 
96.210 -40.889 8.91903 0.86964 2 
98.776 -40.889 9.00636 0.64535 2 
101.341 -40.889 8.99622 0.88950 2 
103.907 -40.889 8.82842 0.87700 2 
106.472 -40.889 8.70749 0.78868 2 
109.038 -40.889 8.74482 1.02798 2 
111.603 -40.889 8.71971 0.81387 2 
114.169 -40.889 8.67187 0.84945 2 
116.735 -40.889 8.81514 0.84285 2 
119.300 -40.889 0.00000 -0.00000 0 
-8.980 -43.455 7.66299 -0.81003 2 
-6.414 -43.455 7.92038 -0.93503 2 
-3.848 -43.455 8.00437 -0.73605 2 
-1.283 -43.455 8.03007 -0.69613 2 
1.283 -43.455 8.15142 -0.78327 2 
3.848 -43.455 8.21264 -0.83639 2 
6.414 -43.455 8.31010 -0.72851 2 
8.980 -43.455 8.33229 -1.03217 2 
11.545 -43.455 8.29515 -0.79419 2 
14.111 -43.455 8.58549 -0.83340 2 
16.676 -43.455 8.38888 -1.00007 2 
19.242 -43.455 8.60056 -0.78292 2 
21.808 -43.455 8.61123 -0.85991 2 
24.373 -43.455 8.69387 -0.91580 2 
26.939 -43.455 8.79630 -0.79721 2 
29.504 -43.455 8.71371 -0.88003 2 
32.070 -43.455 8.84762 -0.66385 2 
34.636 -43.455 8.95536 -0.71330 2 
37.201 -43.455 8.73902 -0.66036 2 
39.767 -43.455 8.76783 -0.75050 2 
42.332 -43.455 9.02922 -0.52416 2 
44.898 -43.455 8.96055 -0.65386 2 
47.464 -43.455 9.02897 -0.54846 2 
50.029 -43.455 8.96416 -0.47694 2 
52.595 -43.455 9.05289 -0.54236 2 
55.160 -43.455 9.08698 -0.33078 2 
57.726 -43.455 9.15487 -0.11209 2 
60.292 -43.455 9.13771 -0.38608 2 
62.857 -43.455 9.09449 -0.30799 2 
65.423 -43.455 9.22835 0.02013 2 
67.988 -43.455 9.08050 -0.09811 2 
70.554 -43.455 9.25082 0.01384 2 
73.120 -43.455 9.06494 0.28804 2 
75.685 -43.455 9.13288 0.26195 2 
78.251 -43.455 9.15585 0.11934 2 
80.816 -43.455 9.23958 0.28880 2 
83.382 -43.455 9.21179 0.36587 2 
85.948 -43.455 9.14665 0.51067 2 
88.513 -43.455 9.05810 0.63567 2 
91.079 -43.455 9.11580 0.50789 2 
93.644 -43.455 9.13747 0.71983 2 
96.210 -43.455 8.93378 0.60713 2 
98.776 -43.455 8.96026 0.78737 2 
101.341 -43.455 8.80665 0.69968 2 
103.907 -43.455 8.76366 0.78448 2 
106.472 -43.455 8.74366 0.73359 2 
109.038 -43.455 8.66623 0.75925 2 
111.603 -43.455 8.65573 0.88465 2 
114.169 -43.455 8.64991 0.91998 2 
116.735 -43.455 8.75814 0.94660 2 
119.300 -43.455 0.00000 -0.00000 0 
-8.980 -46.020 7.99369 -0.72664 2 
-6.414 -46.020 8.06442 -0.80097 2 
-3.848 -46.020 8.11189 -0.78816 2 
-1.283 -46.020 8.04684 -0.72699 2 
1.283 -46.020 8.17046 -0.78983 2 
3.848 -46.020 8.18723 -0.90056 2 
6.414 -46.020 8.21592 -0.84221 2 
8.980 -46.020 8.34396 -0.69706 2 
11.545 -46.020 8.38189 -0.91504 2 
14.111 -46.020 8.32591 -0.85389 2 
16.676 -46.020 8.55527 -0.88042 2 
19.242 -46.020 8.66359 -0.73421 2 
21.808 -46.020 8.49095 -0.85841 2 
24.373 -46.020 8.57726 -0.86763 2 
26.939 -46.020 8.73028 -0.85626 2 
29.504 -46.020 8.70415 -0.73989 2 
32.070 -46.020 8.80007 -0.76862 2 
34.636 -46.020 8.76673 -0.90339 2 
37.201 -46.020 8.87863 -0.71201 2 
39.767 -46.020 8.86226 -0.66140 2 
42.332 -46.020 8.93013 -0.65176 2 
44.898 -46.020 8.78633 -0.49819 2 
47.464 -46.020 8.88662 -0.61288 2 
50.029 -46.020 9.02514 -0.42015 2 
52.595 -46.020 9.06665 -0.62038 2 
55.160 -46.020 8.86695 -0.31431 2 
57.726 -46.020 9.06846 -0.36086 2 
60.292 -46.020 9.10501 -0.24226 2 
62.857 -46.020 9.12843 -0.17457 2 
65.423 -46.020 8.98291 -0.13733 2 
67.988 -46.020 9.15213 -0.16726 2 
70.554 -46.020 9.09761 0.06384 2 
73.120 -46.020 9.17984 0.05645 2 
75.685 -46.020 9.18550 0.07425 2 
78.251 -46.020 8.94085 0.18344 2 
80.816 -46.020 9.16432 0.34834 2 
83.382 -46.020 9.08896 0.23656 2 
85.948 -46.020 9.25488 0.44270 2 
88.513 -46.020 8.98818 0.56584 2 
91.079 -46.020 8.90071 0.55171 2 
93.644 -46.020 8.93529 0.52454 2 
96.210 -46.020 8.88271 0.75299 2 
98.776 -46.020 8.78250 0.71276 2 
101.341 -46.020 8.90889 0.78022 2 
103.907 -46.020 8.72453 0.75551 2 
106.472 -46.020 8.90735 0.75233 2 
109.038 -46.020 8.73075 0.86062 2 
111.603 -46.020 8.68825 0.84612 2 
114.169 -46.020 8.53233 0.72851 2 
116.735 -46.020 8.79062 0.79185 2 
119.300 -46.020 0.00000 -0.00000 0 
-8.980 -48.586 7.97599 -0.66808 2 
-6.414 -48.586 7.96136 -0.75948 2 
-3.848 -48.586 8.01598 -0.69369 2 
-1.283 -48.586 8.21037 -0.84704 2 
1.283 -48.586 8.09212 -0.72977 2 
3.848 -48.586 8.41303 -0.79762 2 
6.414 -48.586 8.30785 -0.78221 2 
8.980 -48.586 8.35951 -0.87222 2 
11.545 -48.586 8.46876 -0.83731 2 
14.111 -48.586 8.32834 -0.81691 2 
16.676 -48.586 8.56880 -0.75934 2 
19.242 -48.586 8.63924 -0.80325 2 
21.808 -48.586 8.55913 -0.84786 2 
24.373 -48.586 8.68358 -0.72806 2 
26.939 -48.586 8.71946 -0.75557 2 
29.504 -48.586 8.76639 -0.59191 2 
32.070 -48.586 8.76852 -0.71637 2 
34.636 -48.586 8.71857 -0.62017 2 
37.201 -48.586 8.90317 -0.56949 2 
39.767 -48.586 8.75858 -0.65978 2 
42.332 -48.586 8.70901 -0.66057 2 
44.898 -48.586 8.81999 -0.59808 2 
47.464 -48.586 9.09189 -0.44710 2 
50.029 -48.586 8.88095 -0.44596 2 
52.595 -48.586 8.98718 -0.23728 2 
55.160 -48.586 9.01174 -0.42822 2 
57.726 -48.586 9.10256 -0.07091 2 
60.292 -48.586 8.83436 -0.36549 2 
62.857 -48.586 8.92345 -0.19135 2 
65.423 -48.586 9.05920 -0.14380 2 
67.988 -48.586 9.02459 -0.06264 2 
70.554 -48.586 9.06537 0.02105 2 
73.120 -48.586 9.14512 0.06109 2 
75.685 -48.586 8.93574 0.13153 2 
78.251 -48.586 9.09952 0.20994 2 
80.816 -48.586 9.04973 0.35367 2 
83.382 -48.586 9.05896 0.40672 2 
85.948 -48.586 8.88717 0.44313 2 
88.513 -48.586 8.88820 0.47930 2 
91.079 -48.586 9.01816 0.57552 2 
93.644 -48.586 8.90958 0.57051 2 
96.210 -48.586 8.94270 0.63093 2 
98.776 -48.586 8.89536 0.68846 2 
101.341 -48.586 8.71773 0.64287 2 
103.907 -48.586 8.70955 0.83474 2 
106.472 -48.586 8.70626 0.75409 2 
109.038 -48.586 8.64002 0.77572 2 
111.603 -48.586 8.59175 0.73260 2 
114.169 -48.586 8.65346 0.74349 2 
116.735 -48.586 8.99194 0.66554 2 
119.300 -48.586 0.00000 -0.00000 0 
-8.980 -51.152 7.97900 -0.69286 2 
-6.414 -51.152 8.10257 -0.76165 2 
-3.848 -51.152 8.16311 -0.74910 2 
-1.283 -51.152 8.06720 -0.73657 2 
1.283 -51.152 8.16797 -0.75421 2 
3.848 -51.152 8.13287 -0.76678 2 
6.414 -51.152 8.35849 -0.85143 2 
8.980 -51.152 8.37969 -0.72004 2 
11.545 -51.152 8.38608 -0.84945 2 
14.111 -51.152 8.57711 -0.76167 2 
16.676 -51.152 8.42491 -0.76703 2 
19.242 -51.152 8.58410 -0.80846 2 
21.808 -51.152 8.53948 -0.69735 2 
24.373 -51.152 8.69404 -0.65383 2 
26.939 -51.152 8.52941 -0.65702 2 
29.504 -51.152 8.76963 -0.79182 2 
32.070 -51.152 8.68052 -0.69074 2 
34.636 -51.152 8.73884 -0.69170 2 
37.201 -51.152 8.65250 -0.69886 2 
39.767 -51.152 8.83873 -0.59806 2 
42.332 -51.152 8.88401 -0.38469 2 
44.898 -51.152 8.74802 -0.47782 2 
47.464 -51.152 8.92040 -0.54147 2 
50.029 -51.152 8.95330 -0.45553 2 
52.595 -51.152 8.90119 -0.54113 2 
55.160 -51.152 9.00134 -0.29208 2 
57.726 -51.152 9.04670 -0.22367 2 
60.292 -51.152 8.81706 -0.16551 2 
62.857 -51.152 8.94290 -0.13679 2 
65.423 -51.152 8.96026 -0.07130 2 
67.988 -51.152 9.00670 0.05558 2 
70.554 -51.152 8.96744 -0.16789 2 
73.120 -51.152 9.06275 -0.07342 2 
75.685 -51.152 9.05770 0.17820 2 
78.251 -51.152 8.92297 0.26810 2 
80.816 -51.152 8.96569 0.33099 2 
83.382 -51.152 9.00229 0.35318 2 
85.948 -51.152 9.11203 0.14000 2 
88.513 -51.152 8.94810 0.42236 2 
91.079 -51.152 8.89323 0.43489 2 
93.644 -51.152 8.82034 0.57442 2 
96.210 -51.152 8.82133 0.53173 2 
98.776 -51.152 8.85557 0.63834 2 
101.341 -51.152 8.72633 0.58542 2 
103.907 -51.152 8.82186 0.54718 2 
106.472 -51.152 8.67637 0.65434 2 
109.038 -51.152 8.61768 0.56246 2 
111.603 -51.152 8.63986 0.76941 2 
114.169 -51.152 8.70980 0.64405 2 
116.735 -51.152 8.89783 0.89617 2 
119.300 -51.152 0.00000 -0.00000 0 
-8.980 -53.717 8.16881 -0.86988 2 
-6.414 -53.717 8.30049 -0.60214 2 
-3.848 -53.717 8.27534 -0.77307 2 
-1.283 -53.717 8.27628 -0.73936 2 
1.283 -53.717 8.02967 -0.70656 2 
3.848 -53.717 8.46572 -0.78172 2 
6.414 -53.717 8.55688 -0.95764 2 
8.980 -53.717 8.46874 -0.91150 2 
11.545 -53.717 8.63095 -0.55868 2 
14.111 -53.717 8.76382 -0.79373 2 
16.676 -53.717 8.72151 -0.85185 2 
19.242 -53.717 8.65727 -0.83636 2 
21.808 -53.717 8.71323 -0.73874 2 
24.373 -53.717 8.84109 -0.81381 2 
26.939 -53.717 8.83011 -0.68331 2 
29.504 -53.717 8.92647 -0.63279 2 
32.070 -53.717 9.01789 -0.60384 2 
34.636 -53.717 8.92076 -0.83547 2 
37.201 -53.717 8.99641 -0.51095 2 
39.767 -53.717 9.13925 -0.60030 2 
42.332 -53.717 9.13704 -0.68567 2 
44.898 -53.717 9.01629 -0.46275 2 
47.464 -53.717 9.01650 -0.29677 2 
50.029 -53.717 8.94817 -0.40249 2 
52.595 -53.717 9.15523 -0.50195 2 
55.160 -53.717 9.09254 -0.47310 2 
57.726 -53.717 8.97728 -0.26050 2 
60.292 -53.717 8.94056 -0.21806 2 
62.857 -53.717 9.03544 -0.16378 2 
65.423 -53.717 8.86590 -0.15957 2 
67.988 -53.717 8.96041 -0.09059 2 
70.554 -53.717 8.97316 -0.07851 2 
73.120 -53.717 8.91423 0.31649 2 
75.685 -53.717 8.94221 0.07538 2 
78.251 -53.717 8.92899 0.24546 2 
80.816 -53.717 9.05646 0.38972 2 
83.382 -53.717 9.11521 0.38299 2 
85.948 -53.717 9.15416 0.52020 2 
88.513 -53.717 9.07739 0.37076 2 
91.079 -53.717 9.02079 0.50902 2 
93.644 -53.717 9.08046 0.39963 2 
96.210 -53.717 9.11220 0.60376 2 
98.776 -53.717 8.89325 0.73383 2 
101.341 -53.717 8.94762 0.49231 2 
103.907 -53.717 8.95962 0.71010 2 
106.472 -53.717 8.98414 0.62096 2 
109.038 -53.717 9.00866 0.53182 2 
111.603 -53.717 8.75388 0.62715 2 
114.169 -53.717 8.84938 0.68090 2 
116.735 -53.717 0.00000 -0.00000 0 
119.300 -53.717 0.00000 -0.00000 0 
-8.980 -56.283 0.00000 -0.00000 0 
-6.414 -56.283 0.00000 -0.00000 0 
-3.848 -56.283 0.00000 -0.00000 0 
-1.283 -56.283 0.00000 -0.00000 0 
1.283 -56.283 0.00000 -0.00000 0 
3.848 -56.283 0.00000 -0.00000 0 
6.414 -56.283 0.00000 -0.00000 0 
8.980 -56.283 0.00000 -0.00000 0 
11.545 -56.283 0.00000 -0.00000 0 
14.111 -56.283 0.00000 -0.00000 0 
16.676 -56.283 0.00000 -0.00000 0 
19.242 -56.283 0.00000 -0.00000 0 
21.808 -56.283 0.00000 -0.00000 0 
24.373 -56.283 0.00000 -0.00000 0 
26.939 -56.283 0.00000 -0.00000 0 
29.504 -56.283 0.00000 -0.00000 0 
32.070 -56.283 0.00000 -0.00000 0 
34.636 -56.283 0.00000 -0.00000 0 
37.201 -56.283 0.00000 -0.00000 0 
39.767 -56.283 0.00000 -0.00000 0 
42.332 -56.283 8.71688 -0.03193 1 
44.898 -56.283 8.74974 -0.06235 2 
47.464 -56.283 8.78261 -0.09277 2 
50.029 -56.283 8.81547 -0.12319 2 
52.595 -56.283 8.84833 -0.15362 2 
55.160 -56.283 8.88119 -0.18404 2 
57.726 -56.283 8.91406 -0.21446 2 
60.292 -56.283 8.84524 -0.11219 2 
62.857 -56.283 8.76813 -0.05864 2 
65.423 -56.283 8.91025 -0.09825 2 
67.988 -56.283 9.00361 -0.01416 2 
70.554 -56.283 8.98460 0.02968 2 
73.120 -56.283 8.96290 0.06815 2 
75.685 -56.283 9.00920 0.09587 2 
78.251 -56.283 8.89577 0.14321 2 
80.816 -56.283 8.84472 0.12270 2 
83.382 -56.283 8.79368 0.10219 2 
85.948 -56.283 8.74263 0.08169 2 
88.513 -56.283 8.69158 0.06118 2 
91.079 -56.283 8.65699 0.04966 2 
93.644 -56.283 8.62240 0.03815 2 
96.210 -56.283 8.60427 0.03562 2 
98.776 -56.283 8.58614 0.03310 2 
101.341 -56.283 8.56801 0.03057 2 
103.907 -56.283 8.54988 0.02805 2 
106.472 -56.283 8.53175 0.02553 2 
109.038 -56.283 8.51362 0.02300 2 
111.603 -56.283 8.49549 0.02048 2 
114.169 -56.283 8.47736 0.01795 1 
116.735 -56.283 0.00000 -0.00000 0 
119.300 -56.283 0.00000 -0.00000 0 
