TITLE = "B00082"
VARIABLES = "X [mm]", "Y [mm]", "Vx [m/s]", "Vy [m/s]", "Flag"
ZONE T="Frame 1", I=51, J=39, F=POINT
-8.980 41.210 7.31363 0.28406 2 
-6.414 41.210 7.15145 0.34329 2 
-3.848 41.210 7.23775 0.43072 2 
-1.283 41.210 7.26338 0.30902 2 
1.283 41.210 7.39196 0.60987 2 
3.848 41.210 0.00000 -0.00000 0 
6.414 41.210 0.00000 -0.00000 0 
8.980 41.210 0.00000 -0.00000 0 
11.545 41.210 0.00000 -0.00000 0 
14.111 41.210 0.00000 -0.00000 0 
16.676 41.210 0.00000 -0.00000 0 
19.242 41.210 3.79482 0.35171 2 
21.808 41.210 7.58965 0.70342 2 
24.373 41.210 7.38895 0.66981 2 
26.939 41.210 7.46770 0.73805 2 
29.504 41.210 7.42324 0.86334 2 
32.070 41.210 7.38713 0.88771 2 
34.636 41.210 7.73568 0.70200 2 
37.201 41.210 7.62628 0.81670 2 
39.767 41.210 7.66139 0.72222 2 
42.332 41.210 7.68131 0.73110 2 
44.898 41.210 7.76476 0.81749 2 
47.464 41.210 7.88925 0.89107 2 
50.029 41.210 7.98790 0.65036 2 
52.595 41.210 7.97278 0.77673 2 
55.160 41.210 7.95766 0.90309 2 
57.726 41.210 8.15840 0.73201 2 
60.292 41.210 8.10266 0.62480 2 
62.857 41.210 8.07429 0.75555 2 
65.423 41.210 8.44172 0.71461 2 
67.988 41.210 8.50663 0.74058 2 
70.554 41.210 8.40430 0.56490 2 
73.120 41.210 8.39783 0.60357 2 
75.685 41.210 8.53363 0.64831 2 
78.251 41.210 8.48420 0.40573 2 
80.816 41.210 0.00000 0.00000 0 
83.382 41.210 8.51976 0.31263 2 
85.948 41.210 8.57765 0.37249 2 
88.513 41.210 8.57607 0.40793 2 
91.079 41.210 8.69291 -0.02491 2 
93.644 41.210 8.71072 0.31603 2 
96.210 41.210 8.82891 -0.16878 2 
98.776 41.210 8.74202 0.13642 2 
101.341 41.210 8.62104 -0.08860 2 
103.907 41.210 8.52819 -0.36394 2 
106.472 41.210 8.68273 -0.18923 2 
109.038 41.210 8.47503 -0.62455 2 
111.603 41.210 8.70729 -0.09955 2 
114.169 41.210 8.54532 -0.37846 2 
116.735 41.210 8.53344 -0.53297 2 
119.300 41.210 0.00000 -0.00000 0 
-8.980 38.644 7.29323 0.32412 2 
-6.414 38.644 7.27395 0.41147 2 
-3.848 38.644 7.12159 0.41706 2 
-1.283 38.644 7.24054 0.39459 2 
1.283 38.644 7.53761 0.32779 2 
3.848 38.644 0.00000 -0.00000 0 
6.414 38.644 0.00000 -0.00000 0 
8.980 38.644 0.00000 -0.00000 0 
11.545 38.644 0.00000 -0.00000 0 
14.111 38.644 0.00000 -0.00000 0 
16.676 38.644 0.00000 -0.00000 0 
19.242 38.644 3.99323 0.47862 2 
21.808 38.644 7.98647 0.95725 2 
24.373 38.644 7.41299 0.85847 2 
26.939 38.644 7.48787 0.71798 2 
29.504 38.644 7.54604 0.78452 2 
32.070 38.644 7.52622 0.65198 2 
34.636 38.644 7.57427 0.99741 2 
37.201 38.644 7.68592 0.93318 2 
39.767 38.644 7.56496 0.84950 2 
42.332 38.644 7.83706 0.97417 2 
44.898 38.644 7.73375 0.85429 2 
47.464 38.644 7.91470 0.94034 2 
50.029 38.644 7.73141 0.90744 2 
52.595 38.644 8.01359 1.01711 2 
55.160 38.644 8.05517 0.77438 2 
57.726 38.644 7.99706 0.94495 2 
60.292 38.644 8.24598 0.80646 2 
62.857 38.644 8.22095 0.78351 2 
65.423 38.644 8.52064 0.72285 2 
67.988 38.644 8.49446 0.81483 2 
70.554 38.644 8.34214 0.72374 2 
73.120 38.644 8.62270 0.85533 2 
75.685 38.644 8.55902 0.40968 2 
78.251 38.644 8.53341 0.52105 2 
80.816 38.644 0.00000 0.00000 0 
83.382 38.644 8.58346 0.43366 2 
85.948 38.644 8.65577 0.42361 2 
88.513 38.644 8.70605 0.12536 2 
91.079 38.644 8.90873 0.17034 2 
93.644 38.644 8.70331 0.08022 2 
96.210 38.644 8.69101 -0.06795 2 
98.776 38.644 8.99241 -0.06455 2 
101.341 38.644 8.75955 -0.06421 2 
103.907 38.644 8.96040 -0.24343 2 
106.472 38.644 8.62149 -0.41465 2 
109.038 38.644 8.64301 -0.28950 2 
111.603 38.644 8.59907 -0.68425 2 
114.169 38.644 8.60144 -0.49299 2 
116.735 38.644 8.62659 -0.74055 2 
119.300 38.644 0.00000 -0.00000 0 
-8.980 36.079 7.12365 0.50770 2 
-6.414 36.079 7.23181 0.27551 2 
-3.848 36.079 7.29043 0.28039 2 
-1.283 36.079 7.10990 0.45675 2 
1.283 36.079 7.40397 0.38276 2 
3.848 36.079 0.00000 -0.00000 0 
6.414 36.079 0.00000 -0.00000 0 
8.980 36.079 0.00000 -0.00000 0 
11.545 36.079 0.00000 -0.00000 0 
14.111 36.079 0.00000 -0.00000 0 
16.676 36.079 0.00000 -0.00000 0 
19.242 36.079 3.86917 0.50727 2 
21.808 36.079 7.73835 1.01453 2 
24.373 36.079 7.25278 0.88584 2 
26.939 36.079 7.44238 0.81441 2 
29.504 36.079 7.58011 0.89839 2 
32.070 36.079 7.45223 0.87801 2 
34.636 36.079 7.65873 0.93072 2 
37.201 36.079 7.61992 0.80012 2 
39.767 36.079 7.64994 1.01349 2 
42.332 36.079 7.81716 0.93569 2 
44.898 36.079 7.86657 0.79900 2 
47.464 36.079 7.96670 1.09627 2 
50.029 36.079 8.02381 0.90460 2 
52.595 36.079 8.08210 0.87890 2 
55.160 36.079 8.11382 1.05860 2 
57.726 36.079 8.26399 0.74899 2 
60.292 36.079 8.07870 0.67187 2 
62.857 36.079 8.28774 0.95226 2 
65.423 36.079 8.26921 0.76984 2 
67.988 36.079 8.30286 0.78020 2 
70.554 36.079 8.50155 0.74181 2 
73.120 36.079 8.62791 0.64651 2 
75.685 36.079 8.42165 0.68744 2 
78.251 36.079 8.58262 0.63637 2 
80.816 36.079 0.00000 0.00000 0 
83.382 36.079 8.55167 0.42454 2 
85.948 36.079 8.69839 0.41099 2 
88.513 36.079 8.76454 0.40943 2 
91.079 36.079 8.71362 0.12349 2 
93.644 36.079 9.04290 0.14889 2 
96.210 36.079 8.70461 0.00925 2 
98.776 36.079 8.84373 -0.03967 2 
101.341 36.079 8.89389 -0.14867 2 
103.907 36.079 8.63599 -0.48041 2 
106.472 36.079 8.88391 -0.25766 2 
109.038 36.079 8.66480 -0.66043 2 
111.603 36.079 8.83937 -0.35770 2 
114.169 36.079 8.48061 -0.69908 2 
116.735 36.079 8.99003 -0.88975 2 
119.300 36.079 0.00000 -0.00000 0 
-8.980 33.513 7.18930 0.25942 2 
-6.414 33.513 7.17069 0.31763 2 
-3.848 33.513 6.97173 0.39712 2 
-1.283 33.513 7.09044 0.42957 2 
1.283 33.513 7.27034 0.43772 2 
3.848 33.513 0.00000 -0.00000 0 
6.414 33.513 0.00000 -0.00000 0 
8.980 33.513 0.00000 -0.00000 0 
11.545 33.513 0.00000 -0.00000 0 
14.111 33.513 0.00000 -0.00000 0 
16.676 33.513 0.00000 -0.00000 0 
19.242 33.513 3.98769 0.40370 2 
21.808 33.513 7.97539 0.80740 2 
24.373 33.513 7.22030 0.88317 2 
26.939 33.513 7.27921 0.90216 2 
29.504 33.513 7.39364 0.95171 2 
32.070 33.513 7.55308 0.95378 2 
34.636 33.513 7.52388 0.97918 2 
37.201 33.513 7.56525 1.01388 2 
39.767 33.513 7.54406 0.98607 2 
42.332 33.513 7.95368 0.87721 2 
44.898 33.513 7.88669 0.98535 2 
47.464 33.513 7.85224 0.93223 2 
50.029 33.513 8.06938 1.08688 2 
52.595 33.513 8.03246 0.83374 2 
55.160 33.513 8.06087 0.98899 2 
57.726 33.513 8.33825 0.98816 2 
60.292 33.513 8.22470 1.05321 2 
62.857 33.513 8.40167 1.06318 2 
65.423 33.513 8.53055 0.63427 2 
67.988 33.513 8.54164 0.99452 2 
70.554 33.513 8.42398 1.04903 2 
73.120 33.513 8.59924 0.76501 2 
75.685 33.513 8.56434 0.79431 2 
78.251 33.513 8.51173 0.75213 2 
80.816 33.513 0.00000 0.00000 0 
83.382 33.513 8.70025 0.59586 2 
85.948 33.513 8.73849 0.56473 2 
88.513 33.513 8.92419 0.38824 2 
91.079 33.513 8.89926 0.26395 2 
93.644 33.513 8.70253 0.20983 2 
96.210 33.513 8.97448 -0.11688 2 
98.776 33.513 8.93368 -0.26901 2 
101.341 33.513 8.79595 -0.15855 2 
103.907 33.513 8.75502 -0.45231 2 
106.472 33.513 8.92379 -0.29050 2 
109.038 33.513 8.81025 -0.53734 2 
111.603 33.513 8.81263 -0.67378 2 
114.169 33.513 8.71550 -0.73579 2 
116.735 33.513 9.18181 -0.83272 2 
119.300 33.513 0.00000 -0.00000 0 
-8.980 30.948 7.13381 0.24938 2 
-6.414 30.948 7.13557 0.32895 2 
-3.848 30.948 7.06343 0.22790 2 
-1.283 30.948 7.06009 0.42621 2 
1.283 30.948 7.69382 0.38789 2 
3.848 30.948 0.00000 -0.00000 0 
6.414 30.948 0.00000 -0.00000 0 
8.980 30.948 0.00000 -0.00000 0 
11.545 30.948 0.00000 -0.00000 0 
14.111 30.948 0.00000 -0.00000 0 
16.676 30.948 0.00000 -0.00000 0 
19.242 30.948 3.77600 0.47666 2 
21.808 30.948 7.55199 0.95332 2 
24.373 30.948 7.12369 0.86876 2 
26.939 30.948 7.43313 0.89519 2 
29.504 30.948 7.27883 1.04429 2 
32.070 30.948 7.56131 1.02255 2 
34.636 30.948 7.50616 0.93521 2 
37.201 30.948 7.51979 0.86748 2 
39.767 30.948 7.63325 1.08189 2 
42.332 30.948 7.57195 1.07470 2 
44.898 30.948 7.94762 1.01951 2 
47.464 30.948 7.75977 1.14925 2 
50.029 30.948 8.00240 0.86286 2 
52.595 30.948 7.96769 1.12881 2 
55.160 30.948 8.13931 1.22523 2 
57.726 30.948 8.37741 0.66310 2 
60.292 30.948 8.35885 0.98142 2 
62.857 30.948 8.34688 0.96126 2 
65.423 30.948 8.26862 1.13203 2 
67.988 30.948 8.52715 0.90394 2 
70.554 30.948 8.63142 0.74835 2 
73.120 30.948 8.50129 1.00031 2 
75.685 30.948 9.00395 0.66208 2 
78.251 30.948 8.58501 0.74211 2 
80.816 30.948 0.00000 0.00000 0 
83.382 30.948 8.85670 0.51841 2 
85.948 30.948 8.96981 0.46746 2 
88.513 30.948 9.01661 0.21075 2 
91.079 30.948 9.01998 0.03376 2 
93.644 30.948 9.18569 0.25664 2 
96.210 30.948 8.90782 0.00403 2 
98.776 30.948 9.01925 0.06078 2 
101.341 30.948 8.89769 -0.38622 2 
103.907 30.948 8.94528 -0.21940 2 
106.472 30.948 8.89406 -0.54768 2 
109.038 30.948 8.92560 -0.71655 2 
111.603 30.948 8.83858 -0.59941 2 
114.169 30.948 8.79391 -0.61639 2 
116.735 30.948 8.80218 -1.03534 2 
119.300 30.948 0.00000 -0.00000 0 
-8.980 28.382 6.93732 0.25066 2 
-6.414 28.382 7.05591 0.42650 2 
-3.848 28.382 7.04408 0.36882 2 
-1.283 28.382 6.95844 0.42306 2 
1.283 28.382 7.45347 0.48566 2 
3.848 28.382 3.84714 0.27022 2 
6.414 28.382 0.00000 -0.00000 0 
8.980 28.382 0.00000 -0.00000 0 
11.545 28.382 0.00000 -0.00000 0 
14.111 28.382 0.00000 -0.00000 0 
16.676 28.382 3.87641 0.58935 2 
19.242 28.382 7.75282 1.17870 2 
21.808 28.382 7.28394 0.97101 2 
24.373 28.382 7.12399 0.87404 2 
26.939 28.382 7.34463 0.95777 2 
29.504 28.382 7.36757 0.96368 2 
32.070 28.382 7.40759 1.14959 2 
34.636 28.382 7.44639 1.32555 2 
37.201 28.382 7.53894 1.14442 2 
39.767 28.382 7.73111 0.98618 2 
42.332 28.382 7.77271 1.22660 2 
44.898 28.382 7.70828 1.00062 2 
47.464 28.382 7.85492 1.16238 2 
50.029 28.382 7.93922 1.17538 2 
52.595 28.382 8.01321 0.85688 2 
55.160 28.382 8.06725 1.10240 2 
57.726 28.382 8.03061 1.27812 2 
60.292 28.382 8.24557 1.07680 2 
62.857 28.382 8.22961 0.96786 2 
65.423 28.382 8.68403 1.05392 2 
67.988 28.382 8.56510 0.83914 2 
70.554 28.382 8.42675 1.13041 2 
73.120 28.382 8.70901 0.71719 2 
75.685 28.382 8.73363 0.68198 2 
78.251 28.382 8.96445 0.97305 2 
80.816 28.382 8.98508 0.48558 2 
83.382 28.382 8.93832 0.51031 2 
85.948 28.382 8.89156 0.53503 2 
88.513 28.382 8.93254 0.51206 2 
91.079 28.382 9.08597 0.48232 2 
93.644 28.382 9.05961 0.07849 2 
96.210 28.382 9.20124 -0.15848 2 
98.776 28.382 8.99920 -0.09510 2 
101.341 28.382 9.10364 -0.33220 2 
103.907 28.382 8.98987 -0.33986 2 
106.472 28.382 9.06932 -0.34447 2 
109.038 28.382 9.13223 -0.57923 2 
111.603 28.382 9.04542 -0.70871 2 
114.169 28.382 8.96730 -0.88884 2 
116.735 28.382 9.36469 -0.90411 2 
119.300 28.382 0.00000 -0.00000 0 
-8.980 25.816 7.12604 0.22979 2 
-6.414 25.816 7.04972 0.32011 2 
-3.848 25.816 6.93350 0.39103 2 
-1.283 25.816 7.01577 0.42880 2 
1.283 25.816 6.89423 0.63012 2 
3.848 25.816 7.69429 0.54044 2 
6.414 25.816 0.00000 -0.00000 0 
8.980 25.816 0.00000 -0.00000 0 
11.545 25.816 0.00000 -0.00000 0 
14.111 25.816 0.00000 -0.00000 0 
16.676 25.816 3.94491 0.46005 2 
19.242 25.816 7.88981 0.92010 2 
21.808 25.816 6.99789 0.76434 2 
24.373 25.816 7.10923 0.94561 2 
26.939 25.816 7.18564 1.14008 2 
29.504 25.816 7.20990 1.07836 2 
32.070 25.816 7.63554 1.05981 2 
34.636 25.816 7.34768 1.10070 2 
37.201 25.816 7.46413 1.30985 2 
39.767 25.816 7.61339 1.12013 2 
42.332 25.816 7.83093 1.22893 2 
44.898 25.816 7.71584 1.06505 2 
47.464 25.816 8.10960 1.37421 2 
50.029 25.816 8.00087 1.12646 2 
52.595 25.816 7.99134 1.24517 2 
55.160 25.816 8.29981 1.14263 2 
57.726 25.816 8.38408 0.97717 2 
60.292 25.816 8.38516 1.14887 2 
62.857 25.816 8.35216 0.94338 2 
65.423 25.816 8.48160 0.92162 2 
67.988 25.816 8.49670 1.12002 2 
70.554 25.816 8.65450 0.91005 2 
73.120 25.816 8.73178 0.77269 2 
75.685 25.816 8.79074 0.92003 2 
78.251 25.816 8.80898 0.67091 2 
80.816 25.816 9.07462 0.93646 2 
83.382 25.816 0.00000 0.00000 0 
85.948 25.816 8.96238 0.58077 2 
88.513 25.816 9.21459 0.33319 2 
91.079 25.816 9.23638 0.34741 2 
93.644 25.816 9.25865 -0.06356 2 
96.210 25.816 9.26184 0.01262 2 
98.776 25.816 9.01663 -0.26518 2 
101.341 25.816 9.13646 -0.23618 2 
103.907 25.816 9.14138 -0.35784 2 
106.472 25.816 9.13921 -0.59429 2 
109.038 25.816 9.09302 -0.60754 2 
111.603 25.816 9.13739 -0.58079 2 
114.169 25.816 8.96038 -0.74098 2 
116.735 25.816 9.80534 -0.96986 2 
119.300 25.816 0.00000 -0.00000 0 
-8.980 23.251 7.10175 0.16906 2 
-6.414 23.251 6.82881 0.30360 2 
-3.848 23.251 6.93927 0.21629 2 
-1.283 23.251 7.00553 0.34151 2 
1.283 23.251 6.75756 0.44162 2 
3.848 23.251 7.47993 0.56097 2 
6.414 23.251 0.00000 -0.00000 0 
8.980 23.251 0.00000 -0.00000 0 
11.545 23.251 0.00000 -0.00000 0 
14.111 23.251 0.00000 -0.00000 0 
16.676 23.251 3.69314 0.44199 2 
19.242 23.251 7.38628 0.88399 2 
21.808 23.251 6.96988 1.07355 2 
24.373 23.251 7.27863 1.14045 2 
26.939 23.251 7.22869 1.04854 2 
29.504 23.251 7.38446 1.27912 2 
32.070 23.251 7.31362 1.24941 2 
34.636 23.251 7.47088 1.21182 2 
37.201 23.251 7.36856 1.10321 2 
39.767 23.251 7.48993 1.22577 2 
42.332 23.251 7.88955 1.25690 2 
44.898 23.251 7.88289 1.34876 2 
47.464 23.251 7.87828 1.32163 2 
50.029 23.251 8.13318 1.19939 2 
52.595 23.251 7.90651 1.46514 2 
55.160 23.251 8.08231 1.24268 2 
57.726 23.251 8.13177 1.29133 2 
60.292 23.251 8.39041 1.06749 2 
62.857 23.251 8.70952 1.24984 2 
65.423 23.251 8.42997 1.18299 2 
67.988 23.251 8.61571 1.16745 2 
70.554 23.251 8.51728 0.99494 2 
73.120 23.251 8.78118 1.25013 2 
75.685 23.251 9.07534 1.01854 2 
78.251 23.251 9.23092 0.85923 2 
80.816 23.251 9.13604 1.09141 2 
83.382 23.251 0.00000 0.00000 0 
85.948 23.251 7.06155 0.44288 2 
88.513 23.251 8.47494 0.27860 2 
91.079 23.251 9.13427 0.27262 2 
93.644 23.251 9.48670 0.31120 2 
96.210 23.251 9.40392 -0.24276 2 
98.776 23.251 9.38427 -0.17425 2 
101.341 23.251 9.30822 -0.48835 2 
103.907 23.251 9.21766 -0.61953 2 
106.472 23.251 9.10543 -0.58827 2 
109.038 23.251 9.06030 -0.32712 2 
111.603 23.251 9.21041 -0.64016 2 
114.169 23.251 9.38939 -0.96999 2 
116.735 23.251 9.77958 -1.25935 2 
119.300 23.251 0.00000 -0.00000 0 
-8.980 20.685 6.94963 0.01352 2 
-6.414 20.685 7.03491 0.31023 2 
-3.848 20.685 6.80107 0.20126 2 
-1.283 20.685 6.74455 0.31808 2 
1.283 20.685 6.70224 0.43446 2 
3.848 20.685 7.31423 0.50402 2 
6.414 20.685 0.00000 -0.00000 0 
8.980 20.685 0.00000 -0.00000 0 
11.545 20.685 0.00000 -0.00000 0 
14.111 20.685 0.00000 -0.00000 0 
16.676 20.685 3.57626 0.62553 2 
19.242 20.685 7.15252 1.25107 2 
21.808 20.685 6.93531 1.12501 2 
24.373 20.685 7.16970 1.10938 2 
26.939 20.685 7.23236 1.26145 2 
29.504 20.685 7.25447 1.14830 2 
32.070 20.685 7.46066 1.43344 2 
34.636 20.685 7.38266 1.30045 2 
37.201 20.685 7.55216 1.46259 2 
39.767 20.685 7.56795 1.27494 2 
42.332 20.685 7.80306 1.29223 2 
44.898 20.685 7.93678 1.44556 2 
47.464 20.685 7.94873 1.29263 2 
50.029 20.685 7.93288 1.24910 2 
52.595 20.685 8.05563 1.30738 2 
55.160 20.685 8.15530 1.32697 2 
57.726 20.685 8.44153 1.20521 2 
60.292 20.685 8.46885 1.28674 2 
62.857 20.685 8.40340 1.14266 2 
65.423 20.685 8.42662 1.28920 2 
67.988 20.685 9.14663 1.11124 2 
70.554 20.685 8.94943 1.21852 2 
73.120 20.685 9.05538 1.00771 2 
75.685 20.685 7.33870 1.01075 2 
78.251 20.685 9.34469 0.97988 2 
80.816 20.685 8.47125 1.24004 2 
83.382 20.685 0.00000 0.00000 0 
85.948 20.685 0.00000 0.00000 0 
88.513 20.685 0.00000 0.00000 0 
91.079 20.685 10.30986 0.14302 2 
93.644 20.685 9.68003 -0.19772 2 
96.210 20.685 9.63314 -0.31451 2 
98.776 20.685 9.14935 -0.16871 2 
101.341 20.685 9.50236 -0.54977 2 
103.907 20.685 9.24035 -0.68222 2 
106.472 20.685 8.88849 -0.51138 2 
109.038 20.685 9.25556 -0.25053 2 
111.603 20.685 9.66235 0.00392 2 
114.169 20.685 10.44796 -0.47440 2 
116.735 20.685 10.82895 -1.06155 2 
119.300 20.685 0.00000 -0.00000 0 
-8.980 18.120 7.04362 0.09164 2 
-6.414 18.120 6.75741 0.12704 2 
-3.848 18.120 6.76399 0.35328 2 
-1.283 18.120 6.75943 0.24094 2 
1.283 18.120 6.78012 0.31317 2 
3.848 18.120 6.83252 0.41706 2 
6.414 18.120 0.00000 -0.00000 0 
8.980 18.120 0.00000 -0.00000 0 
11.545 18.120 0.00000 -0.00000 0 
14.111 18.120 0.00000 -0.00000 0 
16.676 18.120 3.79166 0.69755 2 
19.242 18.120 7.58331 1.39510 2 
21.808 18.120 7.05153 1.06552 2 
24.373 18.120 6.96378 1.57590 2 
26.939 18.120 7.15486 1.35671 2 
29.504 18.120 7.35177 1.36324 2 
32.070 18.120 7.32873 1.48491 2 
34.636 18.120 7.59166 1.32609 2 
37.201 18.120 7.60890 1.38872 2 
39.767 18.120 7.68898 1.62027 2 
42.332 18.120 7.43864 1.62422 2 
44.898 18.120 7.86017 1.47496 2 
47.464 18.120 7.97186 1.40404 2 
50.029 18.120 8.01112 1.44640 2 
52.595 18.120 8.01918 1.49792 2 
55.160 18.120 8.31741 1.15236 2 
57.726 18.120 8.35150 1.54688 2 
60.292 18.120 8.79114 1.58610 2 
62.857 18.120 9.25772 1.29983 2 
65.423 18.120 8.42326 1.39541 2 
67.988 18.120 0.00000 -0.00000 0 
70.554 18.120 0.00000 -0.00000 0 
73.120 18.120 0.00000 -0.00000 0 
75.685 18.120 0.00000 -0.00000 0 
78.251 18.120 0.00000 -0.00000 0 
80.816 18.120 0.00000 -0.00000 0 
83.382 18.120 0.00000 -0.00000 0 
85.948 18.120 0.79758 -0.00716 2 
88.513 18.120 3.70095 0.17659 2 
91.079 18.120 4.87458 -0.07053 2 
93.644 18.120 9.33180 -0.10702 2 
96.210 18.120 10.10071 -0.16889 2 
98.776 18.120 9.78422 -0.83661 2 
101.341 18.120 10.10809 -0.46170 2 
103.907 18.120 9.29874 -0.70994 2 
106.472 18.120 8.48939 -0.95818 2 
109.038 18.120 6.37185 0.11123 2 
111.603 18.120 6.89973 0.90484 2 
114.169 18.120 7.25670 0.86434 2 
116.735 18.120 9.19105 -1.51392 2 
119.300 18.120 0.00000 -0.00000 0 
-8.980 15.554 6.89900 -0.00924 2 
-6.414 15.554 6.77705 -0.01941 2 
-3.848 15.554 6.84336 0.22837 2 
-1.283 15.554 6.58805 0.22645 2 
1.283 15.554 6.54623 0.48486 2 
3.848 15.554 6.85133 0.29883 2 
6.414 15.554 0.00000 -0.00000 0 
8.980 15.554 0.00000 -0.00000 0 
11.545 15.554 0.00000 -0.00000 0 
14.111 15.554 0.00000 -0.00000 0 
16.676 15.554 3.55057 0.62617 2 
19.242 15.554 7.10115 1.25234 2 
21.808 15.554 6.73872 1.22602 2 
24.373 15.554 7.05890 1.46227 2 
26.939 15.554 7.05664 1.34819 2 
29.504 15.554 7.23057 1.54686 2 
32.070 15.554 7.24404 1.36722 2 
34.636 15.554 7.42836 1.42365 2 
37.201 15.554 7.36159 1.61698 2 
39.767 15.554 7.83609 1.64377 2 
42.332 15.554 7.89091 1.62704 2 
44.898 15.554 8.08402 1.53572 2 
47.464 15.554 8.28736 1.60410 2 
50.029 15.554 8.53176 1.63166 2 
52.595 15.554 4.00959 0.74896 2 
55.160 15.554 0.00000 -0.00000 0 
57.726 15.554 0.00000 -0.00000 0 
60.292 15.554 0.00000 -0.00000 0 
62.857 15.554 0.00000 -0.00000 0 
65.423 15.554 0.00000 -0.00000 0 
67.988 15.554 0.00000 -0.00000 0 
70.554 15.554 0.00000 -0.00000 0 
73.120 15.554 0.00000 -0.00000 0 
75.685 15.554 0.00000 -0.00000 0 
78.251 15.554 0.00000 -0.00000 0 
80.816 15.554 -0.08487 -0.02272 2 
83.382 15.554 1.49439 0.40733 2 
85.948 15.554 -0.60289 0.04314 2 
88.513 15.554 -0.00459 0.39391 2 
91.079 15.554 -0.56071 -0.28407 2 
93.644 15.554 3.69549 0.36900 2 
96.210 15.554 4.39545 0.79749 2 
98.776 15.554 2.90599 -1.18231 2 
101.341 15.554 4.43984 -0.02350 2 
103.907 15.554 4.39911 -0.80545 2 
106.472 15.554 4.50509 -0.56815 2 
109.038 15.554 3.48813 0.47299 2 
111.603 15.554 4.99646 0.70407 2 
114.169 15.554 6.50480 0.93516 2 
116.735 15.554 3.16240 0.18414 2 
119.300 15.554 -0.18000 -0.56688 2 
-8.980 12.988 6.67237 0.08304 2 
-6.414 12.988 6.76271 -0.18704 2 
-3.848 12.988 6.60525 0.00527 2 
-1.283 12.988 6.66145 0.14768 2 
1.283 12.988 6.37125 0.25122 2 
3.848 12.988 6.47444 0.41860 2 
6.414 12.988 0.00000 -0.00000 0 
8.980 12.988 0.00000 -0.00000 0 
11.545 12.988 0.00000 -0.00000 0 
14.111 12.988 0.00000 -0.00000 0 
16.676 12.988 3.42724 0.76434 2 
19.242 12.988 6.85448 1.52869 2 
21.808 12.988 6.94892 1.43580 2 
24.373 12.988 6.85651 1.53342 2 
26.939 12.988 7.08277 1.50995 2 
29.504 12.988 7.25703 1.74283 2 
32.070 12.988 7.58657 1.83500 2 
34.636 12.988 7.54320 1.64373 2 
37.201 12.988 7.68083 1.68131 2 
39.767 12.988 3.91805 0.82188 2 
42.332 12.988 0.00000 -0.00000 0 
44.898 12.988 0.00000 -0.00000 0 
47.464 12.988 0.00000 -0.00000 0 
50.029 12.988 0.00000 -0.00000 0 
52.595 12.988 0.00000 -0.00000 0 
55.160 12.988 0.00000 -0.00000 0 
57.726 12.988 0.00000 -0.00000 0 
60.292 12.988 0.00000 -0.00000 0 
62.857 12.988 0.00000 -0.00000 0 
65.423 12.988 0.00000 -0.00000 0 
67.988 12.988 0.00000 -0.00000 0 
70.554 12.988 0.00000 -0.00000 0 
73.120 12.988 0.00000 -0.00000 0 
75.685 12.988 -1.10095 -0.33993 2 
78.251 12.988 -1.36101 -0.37994 2 
80.816 12.988 -1.29929 -0.49797 2 
83.382 12.988 -1.38165 0.00142 2 
85.948 12.988 -1.46400 0.50081 2 
88.513 12.988 -1.27594 0.24579 2 
91.079 12.988 -0.33761 0.60157 2 
93.644 12.988 -1.94082 0.84501 2 
96.210 12.988 -1.30980 1.76388 2 
98.776 12.988 -1.67946 -0.06163 2 
101.341 12.988 -1.22841 0.41469 2 
103.907 12.988 -0.50053 -0.90097 2 
106.472 12.988 0.52079 -0.17813 2 
109.038 12.988 0.99877 0.82351 2 
111.603 12.988 2.11401 1.05746 2 
114.169 12.988 3.22924 1.29142 2 
116.735 12.988 2.28929 0.33462 2 
119.300 12.988 0.13474 -1.56545 2 
-8.980 10.423 6.56820 -0.34351 2 
-6.414 10.423 6.70363 -0.15368 2 
-3.848 10.423 6.45944 -0.04561 2 
-1.283 10.423 6.42725 0.02785 2 
1.283 10.423 6.26986 0.11164 2 
3.848 10.423 6.40723 0.19998 2 
6.414 10.423 3.20361 0.09999 2 
8.980 10.423 0.00000 -0.00000 0 
11.545 10.423 0.00000 -0.00000 0 
14.111 10.423 0.00000 -0.00000 0 
16.676 10.423 2.28483 0.50956 2 
19.242 10.423 4.56966 1.01912 2 
21.808 10.423 6.97249 1.46829 2 
24.373 10.423 7.39005 1.75189 2 
26.939 10.423 7.24318 1.80080 2 
29.504 10.423 3.62851 0.87142 2 
32.070 10.423 0.00000 -0.00000 0 
34.636 10.423 0.00000 -0.00000 0 
37.201 10.423 0.00000 -0.00000 0 
39.767 10.423 0.00000 -0.00000 0 
42.332 10.423 0.00000 -0.00000 0 
44.898 10.423 0.00000 -0.00000 0 
47.464 10.423 0.00000 -0.00000 0 
50.029 10.423 0.00000 -0.00000 0 
52.595 10.423 0.00000 -0.00000 0 
55.160 10.423 0.00000 -0.00000 0 
57.726 10.423 0.00000 -0.00000 0 
60.292 10.423 0.00000 -0.00000 0 
62.857 10.423 0.00000 -0.00000 0 
65.423 10.423 0.00000 -0.00000 0 
67.988 10.423 -0.25263 -0.07074 2 
70.554 10.423 -0.43494 0.03447 2 
73.120 10.423 -1.00479 -0.57506 2 
75.685 10.423 -2.20190 -0.67987 2 
78.251 10.423 -1.76527 -0.23208 2 
80.816 10.423 -1.32864 0.21571 2 
83.382 10.423 -0.96510 0.61209 2 
85.948 10.423 -0.60155 1.00848 2 
88.513 10.423 -0.98512 1.21457 2 
91.079 10.423 -0.11451 1.48722 2 
93.644 10.423 0.47868 0.81104 2 
96.210 10.423 -0.18625 1.67009 2 
98.776 10.423 -0.61890 1.68234 2 
101.341 10.423 -1.54376 0.43442 2 
103.907 10.423 -1.53992 0.00114 2 
106.472 10.423 -0.72341 0.31372 2 
109.038 10.423 -1.48706 0.15893 2 
111.603 10.423 -0.76669 0.90330 2 
114.169 10.423 -0.04631 1.64768 2 
116.735 10.423 1.41619 0.48509 2 
119.300 10.423 0.05216 -1.37122 2 
-8.980 7.857 6.72032 -0.36082 2 
-6.414 7.857 6.46830 -0.18170 2 
-3.848 7.857 6.45622 -0.20576 2 
-1.283 7.857 6.22193 -0.04677 2 
1.283 7.857 6.12105 0.08748 2 
3.848 7.857 6.38564 0.22169 2 
6.414 7.857 3.19282 0.11085 2 
8.980 7.857 0.00000 -0.00000 0 
11.545 7.857 0.00000 -0.00000 0 
14.111 7.857 0.00000 -0.00000 2 
16.676 7.857 1.52322 0.33971 2 
19.242 7.857 2.28483 0.50956 2 
21.808 7.857 0.00000 -0.00000 0 
24.373 7.857 0.00000 -0.00000 0 
26.939 7.857 0.00000 -0.00000 0 
29.504 7.857 0.00000 -0.00000 0 
32.070 7.857 0.00000 -0.00000 0 
34.636 7.857 0.00000 -0.00000 0 
37.201 7.857 0.00000 -0.00000 0 
39.767 7.857 0.00000 -0.00000 0 
42.332 7.857 0.00000 -0.00000 0 
44.898 7.857 0.00000 -0.00000 0 
47.464 7.857 0.00000 -0.00000 0 
50.029 7.857 0.00000 -0.00000 0 
52.595 7.857 0.00000 -0.00000 0 
55.160 7.857 0.00000 -0.00000 0 
57.726 7.857 0.00000 -0.00000 0 
60.292 7.857 -0.46617 -0.28963 2 
62.857 7.857 -0.26149 0.07157 2 
65.423 7.857 -0.71453 -0.07171 2 
67.988 7.857 -1.18842 -0.71525 2 
70.554 7.857 -2.52613 -1.35681 2 
73.120 7.857 -2.01436 -0.08776 2 
75.685 7.857 -2.85377 -0.70688 2 
78.251 7.857 -2.33809 -0.76054 2 
80.816 7.857 -1.82241 -0.81419 2 
83.382 7.857 -0.87058 0.30318 2 
85.948 7.857 -0.83957 1.11344 2 
88.513 7.857 -0.42320 1.13727 2 
91.079 7.857 -0.02799 1.10742 2 
93.644 7.857 0.36723 1.07757 2 
96.210 7.857 -0.20474 1.25445 2 
98.776 7.857 -0.14113 1.01893 2 
101.341 7.857 -2.58951 1.10435 2 
103.907 7.857 -2.57931 0.90326 2 
106.472 7.857 -2.56911 0.70216 2 
109.038 7.857 -2.45877 -0.01704 2 
111.603 7.857 -1.87317 -0.00457 2 
114.169 7.857 -1.86694 0.73268 2 
116.735 7.857 -0.56335 0.24235 2 
119.300 7.857 -0.03041 -1.17700 2 
-8.980 5.292 6.69813 -0.40592 2 
-6.414 5.292 6.66256 -0.40154 2 
-3.848 5.292 6.32060 -0.39106 2 
-1.283 5.292 6.19307 -0.38590 2 
1.283 5.292 5.84346 -0.20523 2 
3.848 5.292 6.40488 -0.00289 2 
6.414 5.292 1.59641 0.05542 2 
8.980 5.292 0.00000 -0.00000 0 
11.545 5.292 0.00000 -0.00000 0 
14.111 5.292 0.00000 -0.00000 0 
16.676 5.292 0.00000 -0.00000 0 
19.242 5.292 0.00000 -0.00000 0 
21.808 5.292 0.00000 -0.00000 0 
24.373 5.292 0.00000 -0.00000 0 
26.939 5.292 0.00000 -0.00000 0 
29.504 5.292 0.00000 -0.00000 0 
32.070 5.292 0.00000 -0.00000 0 
34.636 5.292 0.00000 -0.00000 0 
37.201 5.292 0.00000 -0.00000 0 
39.767 5.292 0.00000 -0.00000 0 
42.332 5.292 0.00000 -0.00000 0 
44.898 5.292 0.00000 -0.00000 0 
47.464 5.292 0.00000 -0.00000 0 
50.029 5.292 0.00000 -0.00000 0 
52.595 5.292 -0.20636 -0.02418 2 
55.160 5.292 -0.34444 -0.28575 2 
57.726 5.292 -0.29437 -0.17990 2 
60.292 5.292 -0.93233 -0.57925 2 
62.857 5.292 -1.82129 -0.63963 2 
65.423 5.292 -2.07114 -1.09780 2 
67.988 5.292 -1.91598 -1.34821 2 
70.554 5.292 -1.55486 -1.30853 2 
73.120 5.292 -2.73585 -0.59341 2 
75.685 5.292 -2.31949 -0.94751 2 
78.251 5.292 -1.67941 -0.54077 2 
80.816 5.292 -1.28183 -0.41319 2 
83.382 5.292 -1.80103 0.60831 2 
85.948 5.292 -0.94544 0.75963 2 
88.513 5.292 -1.27846 1.10995 2 
91.079 5.292 -0.40501 1.36154 2 
93.644 5.292 0.60124 1.16853 2 
96.210 5.292 0.40253 0.98432 2 
98.776 5.292 0.53166 1.15244 2 
101.341 5.292 0.15729 1.21207 2 
103.907 5.292 -1.49220 0.63227 2 
106.472 5.292 -3.14169 0.05248 2 
109.038 5.292 -2.69909 -0.05181 2 
111.603 5.292 -1.90099 -0.74186 2 
114.169 5.292 -1.57582 0.58389 2 
116.735 5.292 -2.54288 -0.00040 2 
119.300 5.292 -0.11298 -0.98278 2 
-8.980 2.726 6.73004 -0.46218 2 
-6.414 2.726 6.61093 -0.67796 2 
-3.848 2.726 6.40337 -0.59634 2 
-1.283 2.726 6.12750 -0.45053 2 
1.283 2.726 6.05200 -0.63384 2 
3.848 2.726 3.20244 -0.00145 2 
6.414 2.726 0.00000 -0.00000 0 
8.980 2.726 0.00000 -0.00000 0 
11.545 2.726 0.00000 -0.00000 0 
14.111 2.726 0.00000 -0.00000 0 
16.676 2.726 0.00000 -0.00000 0 
19.242 2.726 0.00000 -0.00000 0 
21.808 2.726 0.00000 -0.00000 0 
24.373 2.726 0.00000 -0.00000 0 
26.939 2.726 0.00000 -0.00000 0 
29.504 2.726 0.00000 -0.00000 0 
32.070 2.726 0.00000 -0.00000 0 
34.636 2.726 0.00000 -0.00000 0 
37.201 2.726 0.00000 -0.00000 0 
39.767 2.726 0.00000 -0.00000 0 
42.332 2.726 0.00000 -0.00000 0 
44.898 2.726 0.00000 -0.00000 0 
47.464 2.726 -0.22856 -0.14052 2 
50.029 2.726 0.03484 0.04794 2 
52.595 2.726 -0.41273 -0.04837 2 
55.160 2.726 -0.68889 -0.57149 2 
57.726 2.726 -1.42071 -0.70441 2 
60.292 2.726 -1.28784 -1.27150 2 
62.857 2.726 -1.54007 -1.11069 2 
65.423 2.726 -1.23906 -1.25959 2 
67.988 2.726 -1.61821 -1.62120 2 
70.554 2.726 -1.35023 -1.84718 2 
73.120 2.726 -3.00229 -1.88418 2 
75.685 2.726 -1.78521 -1.18814 2 
78.251 2.726 -0.90263 -0.50223 2 
80.816 2.726 -0.74126 -0.01219 2 
83.382 2.726 -0.86441 0.19712 2 
85.948 2.726 -1.06147 -0.28772 2 
88.513 2.726 0.76560 0.30800 2 
91.079 2.726 0.27652 1.09717 2 
93.644 2.726 0.83525 1.25950 2 
96.210 2.726 1.01986 1.27272 2 
98.776 2.726 1.20446 1.28594 2 
101.341 2.726 0.97686 1.08044 2 
103.907 2.726 -1.69262 -0.13357 2 
106.472 2.726 -2.04337 1.11150 2 
109.038 2.726 -2.93941 -0.08658 2 
111.603 2.726 -2.67243 -0.43811 2 
114.169 2.726 -1.28470 0.43510 2 
116.735 2.726 -2.56855 1.36278 2 
119.300 2.726 0.11691 0.87264 2 
-8.980 0.160 6.69882 -0.63250 2 
-6.414 0.160 6.60437 -0.72946 2 
-3.848 0.160 6.36761 -0.79117 2 
-1.283 0.160 6.23207 -0.64569 2 
1.283 0.160 6.46768 -0.99343 2 
3.848 0.160 0.00000 -0.00000 0 
6.414 0.160 0.00000 -0.00000 0 
8.980 0.160 0.00000 -0.00000 0 
11.545 0.160 0.00000 -0.00000 0 
14.111 0.160 0.00000 -0.00000 0 
16.676 0.160 0.00000 -0.00000 0 
19.242 0.160 0.00000 -0.00000 0 
21.808 0.160 0.00000 -0.00000 0 
24.373 0.160 0.00000 -0.00000 0 
26.939 0.160 0.00000 -0.00000 0 
29.504 0.160 0.00000 -0.00000 0 
32.070 0.160 0.00000 -0.00000 0 
34.636 0.160 0.00000 -0.00000 0 
37.201 0.160 0.00000 -0.00000 0 
39.767 0.160 -0.28577 -0.09886 2 
42.332 0.160 0.13742 0.15391 2 
44.898 0.160 -0.13917 -0.17110 2 
47.464 0.160 -0.45712 -0.28104 2 
50.029 0.160 -0.45704 -0.61211 2 
52.595 0.160 -0.57723 -0.64961 2 
55.160 0.160 -0.51306 -1.03131 2 
57.726 0.160 -0.97589 -1.31764 2 
60.292 0.160 -0.79401 -1.18202 2 
62.857 0.160 -0.39961 -1.30859 2 
65.423 0.160 -1.90130 -1.05177 2 
67.988 0.160 -0.33736 -1.61943 2 
70.554 0.160 -0.09722 -1.97862 2 
73.120 0.160 -0.81709 -2.24333 2 
75.685 0.160 -0.73407 -1.38374 2 
78.251 0.160 0.02534 -1.25511 2 
80.816 0.160 0.95586 -0.60324 2 
83.382 0.160 1.18293 -0.45341 2 
85.948 0.160 2.31707 0.01195 2 
88.513 0.160 3.12637 1.02339 2 
91.079 0.160 3.36557 1.06174 2 
93.644 0.160 2.53713 0.93875 2 
96.210 0.160 1.60824 0.77642 2 
98.776 0.160 1.39323 1.02400 2 
101.341 0.160 0.28384 0.98773 2 
103.907 0.160 0.53564 -0.06527 2 
106.472 0.160 0.30563 0.56637 2 
109.038 0.160 -1.30606 0.84278 2 
111.603 0.160 -1.08137 1.26699 2 
114.169 0.160 -0.01877 2.38615 2 
116.735 0.160 -0.28414 3.02793 2 
119.300 0.160 0.34681 2.72807 2 
-8.980 -2.405 6.71448 -0.71549 2 
-6.414 -2.405 6.81091 -0.75365 2 
-3.848 -2.405 6.49977 -0.82235 2 
-1.283 -2.405 6.44958 -1.01635 2 
1.283 -2.405 0.00000 -0.00000 0 
3.848 -2.405 0.00000 -0.00000 0 
6.414 -2.405 0.00000 -0.00000 0 
8.980 -2.405 0.00000 -0.00000 0 
11.545 -2.405 0.00000 -0.00000 0 
14.111 -2.405 0.00000 -0.00000 0 
16.676 -2.405 0.00000 -0.00000 0 
19.242 -2.405 0.00000 -0.00000 0 
21.808 -2.405 0.00000 -0.00000 0 
24.373 -2.405 0.00000 -0.00000 0 
26.939 -2.405 0.00000 -0.00000 0 
29.504 -2.405 0.00000 -0.00000 0 
32.070 -2.405 -0.58949 -0.13374 2 
34.636 -2.405 -0.64556 -0.25178 2 
37.201 -2.405 -0.25077 -0.29956 2 
39.767 -2.405 -0.57155 -0.19771 2 
42.332 -2.405 -0.65379 -0.29340 2 
44.898 -2.405 -0.63697 -0.05116 2 
47.464 -2.405 -0.48408 -0.34508 2 
50.029 -2.405 -0.33120 -0.63900 2 
52.595 -2.405 -0.83314 -0.56116 2 
55.160 -2.405 0.39072 -1.01237 2 
57.726 -2.405 -0.88519 -1.41934 2 
60.292 -2.405 0.40968 -1.00407 2 
62.857 -2.405 0.06978 -1.40859 2 
65.423 -2.405 0.41806 -0.59013 2 
67.988 -2.405 0.94350 -1.61766 2 
70.554 -2.405 1.15580 -2.11006 2 
73.120 -2.405 0.11698 -1.69692 2 
75.685 -2.405 1.02022 -0.96809 2 
78.251 -2.405 0.95331 -2.00799 2 
80.816 -2.405 2.52310 -1.43153 2 
83.382 -2.405 2.54503 -0.44951 2 
85.948 -2.405 3.13757 -0.39408 2 
88.513 -2.405 2.67940 0.41496 2 
91.079 -2.405 2.30513 0.81040 2 
93.644 -2.405 2.45627 0.16431 2 
96.210 -2.405 2.19663 0.28011 2 
98.776 -2.405 1.56120 -0.27592 2 
101.341 -2.405 2.67308 -0.63693 2 
103.907 -2.405 2.76390 0.00304 2 
106.472 -2.405 2.65462 0.02124 2 
109.038 -2.405 0.94466 1.17279 2 
111.603 -2.405 1.07391 1.43675 2 
114.169 -2.405 1.43360 1.70694 2 
116.735 -2.405 -0.83407 2.91885 2 
119.300 -2.405 -0.13095 3.29034 2 
-8.980 -4.971 6.93662 -0.86412 2 
-6.414 -4.971 6.73344 -0.93394 2 
-3.848 -4.971 6.65665 -1.10079 2 
-1.283 -4.971 6.63631 -1.05446 2 
1.283 -4.971 0.00000 -0.00000 0 
3.848 -4.971 0.00000 -0.00000 0 
6.414 -4.971 0.00000 -0.00000 0 
8.980 -4.971 0.00000 -0.00000 0 
11.545 -4.971 0.00000 -0.00000 0 
14.111 -4.971 0.00000 -0.00000 0 
16.676 -4.971 0.00000 -0.00000 0 
19.242 -4.971 0.00000 -0.00000 0 
21.808 -4.971 0.00000 -0.00000 0 
24.373 -4.971 0.10679 -0.09040 2 
26.939 -4.971 -0.62739 -0.14052 2 
29.504 -4.971 -0.90319 -0.20400 2 
32.070 -4.971 -1.17899 -0.26748 2 
34.636 -4.971 -1.29112 -0.50356 2 
37.201 -4.971 -1.57992 -0.42303 2 
39.767 -4.971 -1.29019 -0.66212 2 
42.332 -4.971 -1.28215 -0.64575 2 
44.898 -4.971 -1.15606 -1.07390 2 
47.464 -4.971 -0.29896 -0.75753 2 
50.029 -4.971 0.55815 -0.44115 2 
52.595 -4.971 -0.08997 -0.29756 2 
55.160 -4.971 0.43025 -0.11870 2 
57.726 -4.971 -0.79450 -1.52104 2 
60.292 -4.971 -0.82674 -1.44530 2 
62.857 -4.971 -0.23112 -0.76837 2 
65.423 -4.971 -0.02683 -1.54708 2 
67.988 -4.971 0.26986 -0.62168 2 
70.554 -4.971 -0.14312 -1.45429 2 
73.120 -4.971 1.05105 -1.15052 2 
75.685 -4.971 0.97772 -0.38261 2 
78.251 -4.971 -0.00812 -1.34304 2 
80.816 -4.971 2.79316 -0.40071 2 
83.382 -4.971 3.26660 0.95100 2 
85.948 -4.971 3.34977 0.06673 2 
88.513 -4.971 2.89622 0.44856 2 
91.079 -4.971 2.35552 0.25293 2 
93.644 -4.971 2.29478 1.29749 2 
96.210 -4.971 2.94728 1.09013 2 
98.776 -4.971 2.91386 -0.60574 2 
101.341 -4.971 2.76875 -0.73717 2 
103.907 -4.971 3.30750 -0.23456 2 
106.472 -4.971 2.66541 0.99996 2 
109.038 -4.971 3.19539 1.50281 2 
111.603 -4.971 3.22919 1.60651 2 
114.169 -4.971 2.88596 1.02773 2 
116.735 -4.971 3.24332 2.17347 2 
119.300 -4.971 0.68902 3.88412 2 
-8.980 -7.536 6.94385 -0.81939 2 
-6.414 -7.536 6.91534 -0.89283 2 
-3.848 -7.536 6.74268 -1.12925 2 
-1.283 -7.536 6.65096 -1.40105 2 
1.283 -7.536 6.71821 -1.60270 2 
3.848 -7.536 0.00000 -0.00000 0 
6.414 -7.536 3.65798 -1.41531 2 
8.980 -7.536 5.69646 -3.61687 2 
11.545 -7.536 4.20207 -1.77104 2 
14.111 -7.536 4.60896 -1.57246 2 
16.676 -7.536 -0.53874 0.11907 2 
19.242 -7.536 -0.52197 0.05822 2 
21.808 -7.536 0.33924 0.29260 2 
24.373 -7.536 0.82324 0.36459 2 
26.939 -7.536 -0.77033 -0.02259 2 
29.504 -7.536 -1.17666 -0.25946 2 
32.070 -7.536 -1.58299 -0.49634 2 
34.636 -7.536 -1.26018 -0.30619 2 
37.201 -7.536 -0.64709 -0.37389 2 
39.767 -7.536 -1.25798 -1.20931 2 
42.332 -7.536 -0.25958 -1.18005 2 
44.898 -7.536 0.31726 -1.58876 2 
47.464 -7.536 2.30976 -1.07129 2 
50.029 -7.536 2.12730 -0.34474 2 
52.595 -7.536 0.65320 -0.03395 2 
55.160 -7.536 1.66106 0.17247 2 
57.726 -7.536 0.14499 -1.58740 2 
60.292 -7.536 -0.31166 0.04078 2 
62.857 -7.536 -0.70988 0.05851 2 
65.423 -7.536 -0.11125 -0.70486 2 
67.988 -7.536 1.84314 0.76190 2 
70.554 -7.536 0.33346 -0.07404 2 
73.120 -7.536 0.73401 0.30144 2 
75.685 -7.536 2.80335 0.73860 2 
78.251 -7.536 3.53493 3.22173 2 
80.816 -7.536 3.64222 2.84277 2 
83.382 -7.536 3.63325 3.04856 2 
85.948 -7.536 3.32983 1.35705 2 
88.513 -7.536 3.11303 0.48215 2 
91.079 -7.536 2.77717 0.27629 2 
93.644 -7.536 2.20688 0.88765 2 
96.210 -7.536 3.21714 0.75200 2 
98.776 -7.536 4.22883 0.72642 2 
101.341 -7.536 2.89285 0.48596 2 
103.907 -7.536 3.69390 -0.57881 2 
106.472 -7.536 3.89551 0.41752 2 
109.038 -7.536 2.73580 0.55428 2 
111.603 -7.536 4.53038 0.35069 2 
114.169 -7.536 4.68510 0.61034 2 
116.735 -7.536 6.53415 2.57232 2 
119.300 -7.536 0.00000 -0.00000 0 
-8.980 -10.102 7.06504 -1.02499 2 
-6.414 -10.102 7.06312 -1.08662 2 
-3.848 -10.102 6.93602 -1.28361 2 
-1.283 -10.102 6.82897 -1.54080 2 
1.283 -10.102 6.77942 -1.92583 2 
3.848 -10.102 7.06353 -2.23738 2 
6.414 -10.102 7.31596 -2.83063 2 
8.980 -10.102 6.91486 -3.00262 2 
11.545 -10.102 8.40414 -3.54209 2 
14.111 -10.102 9.21792 -3.14492 2 
16.676 -10.102 9.44708 -3.17097 2 
19.242 -10.102 9.85517 -2.35543 2 
21.808 -10.102 5.69743 -0.76793 2 
24.373 -10.102 1.53969 0.81957 2 
26.939 -10.102 0.57851 -0.20957 2 
29.504 -10.102 -0.38267 -1.23871 2 
32.070 -10.102 1.95633 -0.39821 2 
34.636 -10.102 0.91457 0.07557 2 
37.201 -10.102 0.28574 -0.32476 2 
39.767 -10.102 -1.16875 -2.04770 2 
42.332 -10.102 -0.80307 -1.19903 2 
44.898 -10.102 1.46422 -1.33274 2 
47.464 -10.102 2.85553 -0.57277 2 
50.029 -10.102 4.37626 -0.34976 2 
52.595 -10.102 1.61051 -0.45473 2 
55.160 -10.102 2.89187 0.46365 2 
57.726 -10.102 3.81522 -0.53363 2 
60.292 -10.102 2.50052 -0.61716 2 
62.857 -10.102 2.37597 0.32270 2 
65.423 -10.102 3.76452 -0.02517 2 
67.988 -10.102 4.64466 -0.13867 2 
70.554 -10.102 3.59801 -0.16846 2 
73.120 -10.102 6.42376 -0.32249 2 
75.685 -10.102 4.62898 1.85980 2 
78.251 -10.102 5.06109 2.38943 2 
80.816 -10.102 5.10886 2.58700 2 
83.382 -10.102 4.49653 1.64446 2 
85.948 -10.102 2.13619 2.16892 2 
88.513 -10.102 3.80980 1.75593 2 
91.079 -10.102 3.70837 0.73286 2 
93.644 -10.102 3.59768 0.57336 2 
96.210 -10.102 3.48699 0.41387 2 
98.776 -10.102 4.05085 1.01871 2 
101.341 -10.102 5.28226 1.20891 2 
103.907 -10.102 4.81201 1.55055 2 
106.472 -10.102 5.44374 0.20621 2 
109.038 -10.102 4.14822 -0.22445 2 
111.603 -10.102 4.75354 -0.14069 2 
114.169 -10.102 5.61156 -0.20246 2 
116.735 -10.102 6.33206 0.10497 2 
119.300 -10.102 0.00000 -0.00000 0 
-8.980 -12.668 7.37352 -0.89141 2 
-6.414 -12.668 7.07772 -1.08958 2 
-3.848 -12.668 7.20832 -1.21143 2 
-1.283 -12.668 7.16989 -1.47088 2 
1.283 -12.668 7.08648 -1.76264 2 
3.848 -12.668 7.10397 -2.14873 2 
6.414 -12.668 7.29827 -2.38296 2 
8.980 -12.668 7.72199 -2.77764 2 
11.545 -12.668 8.30350 -2.84789 2 
14.111 -12.668 8.67812 -2.67330 2 
16.676 -12.668 9.15579 -2.40788 2 
19.242 -12.668 9.19177 -2.40477 2 
21.808 -12.668 9.67186 -2.34196 2 
24.373 -12.668 10.12276 -1.62911 2 
26.939 -12.668 9.56771 -1.14771 2 
29.504 -12.668 4.70249 -1.16893 2 
32.070 -12.668 5.49565 -0.30008 2 
34.636 -12.668 3.48866 -1.05006 2 
37.201 -12.668 0.17698 -1.85118 2 
39.767 -12.668 2.19941 -2.05041 2 
42.332 -12.668 2.86127 -0.18932 2 
44.898 -12.668 3.02267 -0.99621 2 
47.464 -12.668 5.69704 -0.45671 2 
50.029 -12.668 5.88572 -0.65880 2 
52.595 -12.668 4.38247 -0.66847 2 
55.160 -12.668 4.19808 -0.86905 2 
57.726 -12.668 4.01107 -0.04461 2 
60.292 -12.668 4.51842 -0.09413 2 
62.857 -12.668 5.46182 0.58690 2 
65.423 -12.668 5.56100 0.52015 2 
67.988 -12.668 6.43609 1.37672 2 
70.554 -12.668 6.86257 -0.26288 2 
73.120 -12.668 8.86163 0.96737 2 
75.685 -12.668 7.93024 2.29376 2 
78.251 -12.668 6.58725 1.55712 2 
80.816 -12.668 6.57550 2.33124 2 
83.382 -12.668 7.85085 2.37463 2 
85.948 -12.668 6.89786 2.18032 2 
88.513 -12.668 5.51275 1.81919 2 
91.079 -12.668 4.76846 1.38479 2 
93.644 -12.668 4.24270 0.57327 2 
96.210 -12.668 3.85667 0.48581 2 
98.776 -12.668 3.75275 0.53452 2 
101.341 -12.668 6.44762 0.60515 2 
103.907 -12.668 6.09065 1.21151 2 
106.472 -12.668 5.93956 -0.01281 2 
109.038 -12.668 7.62826 -0.08548 2 
111.603 -12.668 6.55019 1.02066 2 
114.169 -12.668 6.87902 1.53705 2 
116.735 -12.668 9.32978 1.53699 2 
119.300 -12.668 0.00000 -0.00000 0 
-8.980 -15.233 7.30090 -1.03132 2 
-6.414 -15.233 7.23301 -1.15150 2 
-3.848 -15.233 7.17975 -1.29130 2 
-1.283 -15.233 7.16026 -1.54528 2 
1.283 -15.233 7.38219 -1.74223 2 
3.848 -15.233 7.33975 -2.00245 2 
6.414 -15.233 7.62741 -2.23838 2 
8.980 -15.233 7.79125 -2.36248 2 
11.545 -15.233 8.35022 -2.37330 2 
14.111 -15.233 8.60265 -2.35893 2 
16.676 -15.233 8.76121 -2.30536 2 
19.242 -15.233 9.04333 -2.24158 2 
21.808 -15.233 9.05286 -2.13296 2 
24.373 -15.233 9.53701 -1.96399 2 
26.939 -15.233 9.71703 -1.52572 2 
29.504 -15.233 9.78765 -1.09914 2 
32.070 -15.233 9.44790 -1.07606 2 
34.636 -15.233 8.74561 -1.77491 2 
37.201 -15.233 7.38706 -1.68192 2 
39.767 -15.233 5.56756 -2.05312 2 
42.332 -15.233 6.72164 -0.54961 2 
44.898 -15.233 4.58113 -0.65969 2 
47.464 -15.233 8.53856 -0.34065 2 
50.029 -15.233 7.39518 -0.96785 2 
52.595 -15.233 7.15444 -0.88220 2 
55.160 -15.233 5.91574 0.28834 2 
57.726 -15.233 6.99932 0.00565 2 
60.292 -15.233 7.20475 -0.17545 2 
62.857 -15.233 7.89345 -0.09891 2 
65.423 -15.233 7.35749 1.06547 2 
67.988 -15.233 8.07036 1.23331 2 
70.554 -15.233 9.45689 1.44193 2 
73.120 -15.233 9.65939 0.61494 2 
75.685 -15.233 9.02110 1.82902 2 
78.251 -15.233 7.23517 1.66807 2 
80.816 -15.233 9.28729 2.12065 2 
83.382 -15.233 8.16759 2.07422 2 
85.948 -15.233 7.98129 1.50962 2 
88.513 -15.233 6.96933 1.13290 2 
91.079 -15.233 6.12699 1.57833 2 
93.644 -15.233 4.47265 -0.07885 2 
96.210 -15.233 4.22635 0.55776 2 
98.776 -15.233 4.12415 0.44779 2 
101.341 -15.233 6.11002 1.03917 2 
103.907 -15.233 7.36928 0.87246 2 
106.472 -15.233 6.48321 0.13339 2 
109.038 -15.233 6.65356 0.60625 2 
111.603 -15.233 7.02956 1.66459 2 
114.169 -15.233 7.42830 1.93992 2 
116.735 -15.233 9.29151 2.02512 2 
119.300 -15.233 0.00000 -0.00000 0 
-8.980 -17.799 7.14983 -1.03587 2 
-6.414 -17.799 7.33734 -1.11149 2 
-3.848 -17.799 7.39194 -1.25295 2 
-1.283 -17.799 7.38581 -1.35055 2 
1.283 -17.799 7.43456 -1.76862 2 
3.848 -17.799 7.47763 -1.90379 2 
6.414 -17.799 7.80968 -2.03060 2 
8.980 -17.799 8.14879 -2.25759 2 
11.545 -17.799 8.17924 -2.13233 2 
14.111 -17.799 8.56057 -2.12894 2 
16.676 -17.799 8.71504 -2.16733 2 
19.242 -17.799 8.84876 -2.11797 2 
21.808 -17.799 9.12259 -1.85211 2 
24.373 -17.799 9.18146 -1.60960 2 
26.939 -17.799 9.40139 -1.44589 2 
29.504 -17.799 9.28712 -1.25808 2 
32.070 -17.799 9.27362 -1.26771 2 
34.636 -17.799 9.07658 -1.67601 2 
37.201 -17.799 9.07295 -1.67737 2 
39.767 -17.799 9.98181 -1.74212 2 
42.332 -17.799 10.58202 -0.90990 2 
44.898 -17.799 9.42779 -0.39730 2 
47.464 -17.799 9.79884 -0.38460 2 
50.029 -17.799 10.22754 -0.55742 2 
52.595 -17.799 10.04487 -0.38913 2 
55.160 -17.799 9.92492 0.13162 2 
57.726 -17.799 9.98756 0.05590 2 
60.292 -17.799 9.89108 -0.25676 2 
62.857 -17.799 8.88675 -0.31592 2 
65.423 -17.799 8.58620 0.20111 2 
67.988 -17.799 8.94843 0.84281 2 
70.554 -17.799 9.83655 0.98470 2 
73.120 -17.799 10.29265 0.99169 2 
75.685 -17.799 10.11197 1.36428 2 
78.251 -17.799 9.94996 1.32551 2 
80.816 -17.799 9.08074 1.73423 2 
83.382 -17.799 8.84951 1.44069 2 
85.948 -17.799 8.33491 1.28894 2 
88.513 -17.799 7.79797 0.66729 2 
91.079 -17.799 7.19162 0.58034 2 
93.644 -17.799 5.83925 0.87056 2 
96.210 -17.799 5.69830 1.27344 2 
98.776 -17.799 4.49555 0.36106 2 
101.341 -17.799 5.99772 0.81947 2 
103.907 -17.799 6.80182 0.70010 2 
106.472 -17.799 7.02686 0.27959 2 
109.038 -17.799 7.82794 0.83026 2 
111.603 -17.799 6.33281 0.92645 2 
114.169 -17.799 8.18878 0.93914 2 
116.735 -17.799 8.87880 2.25180 2 
119.300 -17.799 0.00000 -0.00000 0 
-8.980 -20.364 7.46294 -1.16256 2 
-6.414 -20.364 7.30877 -1.03995 2 
-3.848 -20.364 7.49014 -1.12765 2 
-1.283 -20.364 7.61614 -1.39457 2 
1.283 -20.364 7.60457 -1.43270 2 
3.848 -20.364 7.81104 -1.69746 2 
6.414 -20.364 7.91978 -1.91822 2 
8.980 -20.364 8.09531 -1.82445 2 
11.545 -20.364 8.26447 -2.03639 2 
14.111 -20.364 8.66287 -1.87932 2 
16.676 -20.364 8.68316 -1.94342 2 
19.242 -20.364 8.89158 -1.82037 2 
21.808 -20.364 8.93157 -1.77219 2 
24.373 -20.364 9.07968 -1.70380 2 
26.939 -20.364 9.25400 -1.47757 2 
29.504 -20.364 9.27421 -1.52976 2 
32.070 -20.364 9.44564 -1.28835 2 
34.636 -20.364 9.29216 -1.39659 2 
37.201 -20.364 9.47860 -1.50212 2 
39.767 -20.364 9.97845 -1.05717 2 
42.332 -20.364 9.93005 -0.92282 2 
44.898 -20.364 9.99423 -0.62565 2 
47.464 -20.364 9.92744 -0.62421 2 
50.029 -20.364 9.99741 -0.71588 2 
52.595 -20.364 10.14170 -0.50114 2 
55.160 -20.364 9.93904 -0.02558 2 
57.726 -20.364 9.83510 -0.28284 2 
60.292 -20.364 9.84616 -0.10312 2 
62.857 -20.364 9.88004 -0.53294 2 
65.423 -20.364 9.29235 0.17260 2 
67.988 -20.364 9.44053 0.58448 2 
70.554 -20.364 9.96992 0.74638 2 
73.120 -20.364 9.94184 0.75501 2 
75.685 -20.364 9.64039 0.91267 2 
78.251 -20.364 9.50084 1.03148 2 
80.816 -20.364 9.01110 1.12019 2 
83.382 -20.364 8.77289 0.97585 2 
85.948 -20.364 8.54201 0.87031 2 
88.513 -20.364 8.47691 0.53627 2 
91.079 -20.364 8.43191 -0.06284 2 
93.644 -20.364 9.20595 0.44290 2 
96.210 -20.364 7.40045 0.44408 2 
98.776 -20.364 5.53645 0.67177 2 
101.341 -20.364 5.88541 0.59976 2 
103.907 -20.364 6.23437 0.52774 2 
106.472 -20.364 7.61834 0.79101 2 
109.038 -20.364 9.00232 1.05427 2 
111.603 -20.364 8.89492 0.76337 2 
114.169 -20.364 8.32757 1.51501 2 
116.735 -20.364 9.08864 2.12570 2 
119.300 -20.364 0.00000 -0.00000 0 
-8.980 -22.930 7.29198 -1.08679 2 
-6.414 -22.930 7.63735 -1.05333 2 
-3.848 -22.930 7.55250 -1.32938 2 
-1.283 -22.930 7.53715 -1.32336 2 
1.283 -22.930 7.74880 -1.43576 2 
3.848 -22.930 7.78455 -1.56879 2 
6.414 -22.930 7.86120 -1.52428 2 
8.980 -22.930 8.38155 -1.64291 2 
11.545 -22.930 8.41260 -1.82011 2 
14.111 -22.930 8.52122 -1.66846 2 
16.676 -22.930 8.66567 -1.73811 2 
19.242 -22.930 8.76174 -1.62040 2 
21.808 -22.930 8.90289 -1.48523 2 
24.373 -22.930 9.05577 -1.49255 2 
26.939 -22.930 9.07553 -1.49419 2 
29.504 -22.930 9.13595 -1.10527 2 
32.070 -22.930 9.12315 -1.30634 2 
34.636 -22.930 9.44723 -1.15650 2 
37.201 -22.930 9.53376 -1.09467 2 
39.767 -22.930 9.68802 -1.06948 2 
42.332 -22.930 9.50196 -0.81710 2 
44.898 -22.930 9.81933 -0.85546 2 
47.464 -22.930 9.92640 -0.66529 2 
50.029 -22.930 9.75641 -0.51797 2 
52.595 -22.930 9.71025 -0.62006 2 
55.160 -22.930 9.95317 -0.18278 2 
57.726 -22.930 9.66722 -0.16417 2 
60.292 -22.930 9.80011 -0.22592 2 
62.857 -22.930 9.82537 0.08298 2 
65.423 -22.930 9.99851 0.14409 2 
67.988 -22.930 9.93263 0.32616 2 
70.554 -22.930 9.75795 0.47945 2 
73.120 -22.930 9.75940 0.76977 2 
75.685 -22.930 9.53789 0.65182 2 
78.251 -22.930 9.68239 1.06381 2 
80.816 -22.930 9.11998 0.83738 2 
83.382 -22.930 8.98706 0.84934 2 
85.948 -22.930 8.81004 0.80765 2 
88.513 -22.930 8.68385 0.53268 2 
91.079 -22.930 8.56696 0.17568 2 
93.644 -22.930 8.77635 0.13340 2 
96.210 -22.930 8.41426 -0.11076 2 
98.776 -22.930 7.95505 0.27022 2 
101.341 -22.930 8.49868 0.94757 2 
103.907 -22.930 7.93960 0.77219 2 
106.472 -22.930 8.45442 0.99799 2 
109.038 -22.930 9.41645 1.08221 2 
111.603 -22.930 9.59842 1.12899 2 
114.169 -22.930 9.44324 1.56987 2 
116.735 -22.930 9.39372 1.47909 2 
119.300 -22.930 0.00000 -0.00000 0 
-8.980 -25.496 7.48775 -0.84640 2 
-6.414 -25.496 7.64448 -1.07239 2 
-3.848 -25.496 7.58706 -0.99585 2 
-1.283 -25.496 7.76790 -1.26505 2 
1.283 -25.496 7.93200 -1.43039 2 
3.848 -25.496 7.93034 -1.34727 2 
6.414 -25.496 8.12337 -1.39555 2 
8.980 -25.496 8.09874 -1.73869 2 
11.545 -25.496 8.44510 -1.58622 2 
14.111 -25.496 8.54890 -1.53994 2 
16.676 -25.496 8.61550 -1.58507 2 
19.242 -25.496 8.80355 -1.54231 2 
21.808 -25.496 8.81604 -1.43934 2 
24.373 -25.496 8.95455 -1.39949 2 
26.939 -25.496 9.09256 -1.24581 2 
29.504 -25.496 9.13243 -1.27738 2 
32.070 -25.496 9.21025 -1.20180 2 
34.636 -25.496 9.23338 -0.86522 2 
37.201 -25.496 9.33377 -1.05953 2 
39.767 -25.496 9.25961 -0.97551 2 
42.332 -25.496 9.46481 -0.78257 2 
44.898 -25.496 9.60158 -0.75780 2 
47.464 -25.496 9.51658 -0.72308 2 
50.029 -25.496 9.58409 -0.66123 2 
52.595 -25.496 9.72413 -0.44977 2 
55.160 -25.496 9.59395 -0.42162 2 
57.726 -25.496 9.96466 -0.20441 2 
60.292 -25.496 9.51725 -0.15342 2 
62.857 -25.496 9.86995 0.00278 2 
65.423 -25.496 9.78783 0.24939 2 
67.988 -25.496 9.76498 0.26503 2 
70.554 -25.496 9.72833 0.33563 2 
73.120 -25.496 9.71960 0.51460 2 
75.685 -25.496 9.49545 0.80943 2 
78.251 -25.496 9.52157 0.50777 2 
80.816 -25.496 9.21099 0.61294 2 
83.382 -25.496 8.98065 0.53559 2 
85.948 -25.496 8.92146 0.71186 2 
88.513 -25.496 8.88978 0.35286 2 
91.079 -25.496 8.88182 0.34020 2 
93.644 -25.496 8.82998 0.16190 2 
96.210 -25.496 8.90223 0.03213 2 
98.776 -25.496 9.49653 0.15661 2 
101.341 -25.496 9.54385 0.77614 2 
103.907 -25.496 9.64484 1.01663 2 
106.472 -25.496 9.29050 1.20496 2 
109.038 -25.496 9.11650 1.06514 2 
111.603 -25.496 9.29579 1.16367 2 
114.169 -25.496 8.99181 1.33207 2 
116.735 -25.496 9.11313 1.50593 2 
119.300 -25.496 0.00000 -0.00000 0 
-8.980 -28.061 7.64650 -1.05324 2 
-6.414 -28.061 7.59637 -0.89739 2 
-3.848 -28.061 7.67929 -1.11344 2 
-1.283 -28.061 7.88139 -1.04618 2 
1.283 -28.061 7.89875 -1.22474 2 
3.848 -28.061 8.12835 -1.25222 2 
6.414 -28.061 8.11848 -1.42594 2 
8.980 -28.061 8.14704 -1.36908 2 
11.545 -28.061 8.44479 -1.42355 2 
14.111 -28.061 8.56338 -1.24854 2 
16.676 -28.061 8.56982 -1.43015 2 
19.242 -28.061 8.72141 -1.32726 2 
21.808 -28.061 8.81906 -1.44596 2 
24.373 -28.061 8.82513 -1.20870 2 
26.939 -28.061 8.88206 -1.25036 2 
29.504 -28.061 9.10818 -1.08111 2 
32.070 -28.061 9.08781 -1.09467 2 
34.636 -28.061 9.29120 -1.01977 2 
37.201 -28.061 9.26550 -0.96491 2 
39.767 -28.061 9.35474 -0.89001 2 
42.332 -28.061 9.36164 -0.90529 2 
44.898 -28.061 9.45289 -0.72264 2 
47.464 -28.061 9.61979 -0.65313 2 
50.029 -28.061 9.49441 -0.43691 2 
52.595 -28.061 9.48210 -0.44581 2 
55.160 -28.061 9.71172 -0.35691 2 
57.726 -28.061 9.53646 -0.30217 2 
60.292 -28.061 9.63589 -0.17061 2 
62.857 -28.061 9.55814 -0.04717 2 
65.423 -28.061 9.52033 0.00618 2 
67.988 -28.061 9.61560 0.07103 2 
70.554 -28.061 9.70660 0.33328 2 
73.120 -28.061 9.61212 0.41573 2 
75.685 -28.061 9.34473 0.56034 2 
78.251 -28.061 9.29047 0.53197 2 
80.816 -28.061 9.14854 0.56130 2 
83.382 -28.061 9.31239 0.60640 2 
85.948 -28.061 8.98014 0.36639 2 
88.513 -28.061 8.98656 0.59839 2 
91.079 -28.061 8.94980 0.46583 2 
93.644 -28.061 8.91508 0.35023 2 
96.210 -28.061 9.08233 0.18604 2 
98.776 -28.061 9.35833 0.29811 2 
101.341 -28.061 9.45921 0.55497 2 
103.907 -28.061 9.33761 0.75970 2 
106.472 -28.061 9.04497 1.00710 2 
109.038 -28.061 9.30319 1.03529 2 
111.603 -28.061 8.99006 1.09693 2 
114.169 -28.061 8.98723 1.16973 2 
116.735 -28.061 9.26123 1.18275 2 
119.300 -28.061 0.00000 -0.00000 0 
-8.980 -30.627 7.74328 -0.94293 2 
-6.414 -30.627 7.70467 -0.95839 2 
-3.848 -30.627 7.84784 -1.13332 2 
-1.283 -30.627 7.91995 -1.07484 2 
1.283 -30.627 7.96941 -1.14299 2 
3.848 -30.627 7.98616 -1.21817 2 
6.414 -30.627 8.17416 -1.24980 2 
8.980 -30.627 8.27545 -1.19459 2 
11.545 -30.627 8.48150 -1.32803 2 
14.111 -30.627 8.51206 -1.32080 2 
16.676 -30.627 8.64826 -1.33633 2 
19.242 -30.627 8.72164 -1.21342 2 
21.808 -30.627 8.80639 -1.00317 2 
24.373 -30.627 8.93044 -1.24087 2 
26.939 -30.627 9.04305 -1.18248 2 
29.504 -30.627 8.83686 -1.02138 2 
32.070 -30.627 9.19400 -1.08547 2 
34.636 -30.627 9.05516 -0.96105 2 
37.201 -30.627 9.08556 -0.79111 2 
39.767 -30.627 9.29913 -0.86516 2 
42.332 -30.627 9.29851 -0.80801 2 
44.898 -30.627 9.38592 -0.77527 2 
47.464 -30.627 9.26992 -0.51281 2 
50.029 -30.627 9.37206 -0.53412 2 
52.595 -30.627 9.56457 -0.64759 2 
55.160 -30.627 9.35371 -0.39473 2 
57.726 -30.627 9.39698 -0.23007 2 
60.292 -30.627 9.56618 -0.24319 2 
62.857 -30.627 9.51102 -0.15406 2 
65.423 -30.627 9.35190 0.02540 2 
67.988 -30.627 9.48806 0.16604 2 
70.554 -30.627 9.54086 0.19056 2 
73.120 -30.627 9.52005 0.40008 2 
75.685 -30.627 9.23125 0.43834 2 
78.251 -30.627 9.25524 0.60954 2 
80.816 -30.627 9.18786 0.44810 2 
83.382 -30.627 9.12169 0.47792 2 
85.948 -30.627 9.07179 0.55280 2 
88.513 -30.627 8.88531 0.41068 2 
91.079 -30.627 9.12028 0.30233 2 
93.644 -30.627 9.03543 0.42325 2 
96.210 -30.627 9.03608 0.37038 2 
98.776 -30.627 9.27593 0.58264 2 
101.341 -30.627 9.29504 0.60767 2 
103.907 -30.627 9.00772 0.76635 2 
106.472 -30.627 9.08679 0.76529 2 
109.038 -30.627 9.09395 0.80349 2 
111.603 -30.627 9.08138 0.94739 2 
114.169 -30.627 8.79076 1.07664 2 
116.735 -30.627 9.22438 1.12648 2 
119.300 -30.627 0.00000 -0.00000 0 
-8.980 -33.192 7.88341 -0.78294 2 
-6.414 -33.192 7.83394 -0.87982 2 
-3.848 -33.192 7.89966 -1.01895 2 
-1.283 -33.192 8.01085 -0.88991 2 
1.283 -33.192 8.01136 -1.10528 2 
3.848 -33.192 8.03561 -1.10913 2 
6.414 -33.192 8.17796 -1.02468 2 
8.980 -33.192 8.13648 -1.15674 2 
11.545 -33.192 8.45466 -1.05893 2 
14.111 -33.192 8.49873 -1.30932 2 
16.676 -33.192 8.63109 -1.15798 2 
19.242 -33.192 8.71860 -1.23575 2 
21.808 -33.192 8.77607 -1.15289 2 
24.373 -33.192 8.95225 -1.18159 2 
26.939 -33.192 8.76069 -0.90986 2 
29.504 -33.192 9.07258 -0.97076 2 
32.070 -33.192 8.92571 -0.97082 2 
34.636 -33.192 9.06138 -0.84972 2 
37.201 -33.192 9.05674 -0.80662 2 
39.767 -33.192 9.16045 -0.84786 2 
42.332 -33.192 9.18791 -0.72314 2 
44.898 -33.192 9.22830 -0.53370 2 
47.464 -33.192 9.28012 -0.61579 2 
50.029 -33.192 9.49745 -0.48868 2 
52.595 -33.192 9.26899 -0.58130 2 
55.160 -33.192 9.33404 -0.34704 2 
57.726 -33.192 9.44568 -0.22222 2 
60.292 -33.192 9.35078 -0.11978 2 
62.857 -33.192 9.40761 -0.13009 2 
65.423 -33.192 9.48761 0.08501 2 
67.988 -33.192 9.32737 0.03724 2 
70.554 -33.192 9.31794 0.27357 2 
73.120 -33.192 9.19057 0.28281 2 
75.685 -33.192 9.28472 0.30800 2 
78.251 -33.192 9.18728 0.20944 2 
80.816 -33.192 9.24397 0.47384 2 
83.382 -33.192 8.99954 0.50754 2 
85.948 -33.192 9.10809 0.54103 2 
88.513 -33.192 8.95016 0.53580 2 
91.079 -33.192 9.05420 0.49913 2 
93.644 -33.192 9.01472 0.45722 2 
96.210 -33.192 8.90079 0.57101 2 
98.776 -33.192 8.94163 0.56006 2 
101.341 -33.192 9.01219 0.57585 2 
103.907 -33.192 8.98824 0.73647 2 
106.472 -33.192 9.12576 0.70894 2 
109.038 -33.192 8.89218 0.91140 2 
111.603 -33.192 8.87277 0.91401 2 
114.169 -33.192 8.70731 1.03749 2 
116.735 -33.192 9.30678 1.02289 2 
119.300 -33.192 0.00000 -0.00000 0 
-8.980 -35.758 7.84181 -0.84565 2 
-6.414 -35.758 7.90859 -0.90439 2 
-3.848 -35.758 7.84643 -0.97854 2 
-1.283 -35.758 7.90743 -0.90320 2 
1.283 -35.758 8.12981 -0.96190 2 
3.848 -35.758 8.28804 -1.02720 2 
6.414 -35.758 8.14600 -1.09626 2 
8.980 -35.758 8.26035 -1.13313 2 
11.545 -35.758 8.46934 -1.14972 2 
14.111 -35.758 8.35971 -0.91281 2 
16.676 -35.758 8.67181 -0.97042 2 
19.242 -35.758 8.59190 -1.13755 2 
21.808 -35.758 8.77787 -0.97698 2 
24.373 -35.758 8.73371 -0.99676 2 
26.939 -35.758 8.92947 -0.99100 2 
29.504 -35.758 8.84153 -1.00685 2 
32.070 -35.758 8.86003 -0.77102 2 
34.636 -35.758 8.99243 -0.89452 2 
37.201 -35.758 9.12545 -0.79637 2 
39.767 -35.758 9.14351 -0.87761 2 
42.332 -35.758 9.17984 -0.58520 2 
44.898 -35.758 9.17175 -0.78677 2 
47.464 -35.758 9.26250 -0.59436 2 
50.029 -35.758 9.05424 -0.55352 2 
52.595 -35.758 9.51933 -0.41798 2 
55.160 -35.758 9.17615 -0.38011 2 
57.726 -35.758 9.40438 -0.41301 2 
60.292 -35.758 9.34305 -0.10375 2 
62.857 -35.758 9.27289 -0.11770 2 
65.423 -35.758 9.24082 -0.17062 2 
67.988 -35.758 9.24680 0.09497 2 
70.554 -35.758 9.29446 0.15021 2 
73.120 -35.758 9.33812 0.38042 2 
75.685 -35.758 9.19021 0.25984 2 
78.251 -35.758 9.15272 0.35163 2 
80.816 -35.758 9.15704 0.35391 2 
83.382 -35.758 9.10538 0.32339 2 
85.948 -35.758 8.92661 0.47584 2 
88.513 -35.758 8.97812 0.53489 2 
91.079 -35.758 8.97467 0.45930 2 
93.644 -35.758 8.97292 0.56828 2 
96.210 -35.758 8.96830 0.52792 2 
98.776 -35.758 9.06579 0.50018 2 
101.341 -35.758 8.91128 0.61930 2 
103.907 -35.758 8.93468 0.68897 2 
106.472 -35.758 8.85204 0.78535 2 
109.038 -35.758 8.95952 0.83018 2 
111.603 -35.758 8.84697 0.93780 2 
114.169 -35.758 8.60608 0.91519 2 
116.735 -35.758 9.07994 0.95727 2 
119.300 -35.758 0.00000 -0.00000 0 
-8.980 -38.324 7.81072 -0.86932 2 
-6.414 -38.324 7.93191 -0.95164 2 
-3.848 -38.324 8.09291 -0.80206 2 
-1.283 -38.324 7.92313 -0.92346 2 
1.283 -38.324 8.14298 -0.99369 2 
3.848 -38.324 8.12251 -0.98524 2 
6.414 -38.324 8.28483 -0.95994 2 
8.980 -38.324 8.30107 -0.86296 2 
11.545 -38.324 8.47185 -1.08191 2 
14.111 -38.324 8.35770 -1.08478 2 
16.676 -38.324 8.67297 -1.01608 2 
19.242 -38.324 8.66558 -0.96401 2 
21.808 -38.324 8.58660 -0.98092 2 
24.373 -38.324 8.89051 -1.02863 2 
26.939 -38.324 8.71674 -0.81212 2 
29.504 -38.324 8.79478 -0.78813 2 
32.070 -38.324 9.03212 -0.88347 2 
34.636 -38.324 8.97513 -0.77215 2 
37.201 -38.324 8.88296 -0.70344 2 
39.767 -38.324 9.05055 -0.71448 2 
42.332 -38.324 9.00083 -0.59708 2 
44.898 -38.324 9.09576 -0.75014 2 
47.464 -38.324 9.16667 -0.60108 2 
50.029 -38.324 9.01170 -0.46696 2 
52.595 -38.324 9.15116 -0.48026 2 
55.160 -38.324 9.23886 -0.42346 2 
57.726 -38.324 9.22393 -0.18628 2 
60.292 -38.324 9.21442 -0.13135 2 
62.857 -38.324 9.16919 -0.09167 2 
65.423 -38.324 9.21808 -0.07875 2 
67.988 -38.324 9.15351 0.09651 2 
70.554 -38.324 9.24685 0.17249 2 
73.120 -38.324 9.12446 0.15855 2 
75.685 -38.324 9.13474 0.37026 2 
78.251 -38.324 8.98946 0.17926 2 
80.816 -38.324 9.01372 0.33148 2 
83.382 -38.324 9.06087 0.47005 2 
85.948 -38.324 9.01911 0.37521 2 
88.513 -38.324 9.09569 0.53309 2 
91.079 -38.324 9.06086 0.38712 2 
93.644 -38.324 9.07220 0.50786 2 
96.210 -38.324 8.87097 0.53652 2 
98.776 -38.324 8.94297 0.53038 2 
101.341 -38.324 8.84232 0.64405 2 
103.907 -38.324 9.04583 0.56599 2 
106.472 -38.324 8.85370 0.75852 2 
109.038 -38.324 8.86829 0.81905 2 
111.603 -38.324 8.74681 0.83038 2 
114.169 -38.324 8.69216 0.69302 2 
116.735 -38.324 9.05708 0.90498 2 
119.300 -38.324 0.00000 -0.00000 0 
-8.980 -40.889 7.93746 -0.78717 2 
-6.414 -40.889 8.01574 -0.80669 2 
-3.848 -40.889 7.96894 -0.90347 2 
-1.283 -40.889 8.06906 -0.81941 2 
1.283 -40.889 8.08369 -0.92189 2 
3.848 -40.889 8.20232 -0.90956 2 
6.414 -40.889 8.28808 -0.89582 2 
8.980 -40.889 8.37924 -1.11810 2 
11.545 -40.889 8.44964 -0.99106 2 
14.111 -40.889 8.55827 -0.83835 2 
16.676 -40.889 8.61638 -1.00320 2 
19.242 -40.889 8.64162 -0.97486 2 
21.808 -40.889 8.68487 -0.84449 2 
24.373 -40.889 8.68642 -0.96103 2 
26.939 -40.889 8.67880 -0.92435 2 
29.504 -40.889 8.93134 -0.85785 2 
32.070 -40.889 8.84077 -0.77148 2 
34.636 -40.889 8.95759 -0.88158 2 
37.201 -40.889 9.02556 -0.68703 2 
39.767 -40.889 9.04386 -0.66035 2 
42.332 -40.889 9.00734 -0.66375 2 
44.898 -40.889 9.10472 -0.62764 2 
47.464 -40.889 9.04938 -0.56734 2 
50.029 -40.889 9.11682 -0.43152 2 
52.595 -40.889 9.20567 -0.29520 2 
55.160 -40.889 9.13399 -0.46345 2 
57.726 -40.889 9.07263 -0.32108 2 
60.292 -40.889 9.29854 -0.18945 2 
62.857 -40.889 9.13632 -0.24008 2 
65.423 -40.889 9.17126 0.08424 2 
67.988 -40.889 9.25440 -0.04952 2 
70.554 -40.889 9.18839 0.07865 2 
73.120 -40.889 9.03344 0.09339 2 
75.685 -40.889 9.02746 0.26005 2 
78.251 -40.889 9.05220 0.25868 2 
80.816 -40.889 9.03697 0.47858 2 
83.382 -40.889 8.90712 0.31047 2 
85.948 -40.889 9.19681 0.35807 2 
88.513 -40.889 9.09335 0.43610 2 
91.079 -40.889 8.88240 0.45865 2 
93.644 -40.889 9.06163 0.39426 2 
96.210 -40.889 8.79464 0.63710 2 
98.776 -40.889 8.90609 0.44279 2 
101.341 -40.889 8.80655 0.68709 2 
103.907 -40.889 8.79284 0.66887 2 
106.472 -40.889 8.82404 0.62972 2 
109.038 -40.889 8.89343 0.59123 2 
111.603 -40.889 8.79493 0.83067 2 
114.169 -40.889 8.74459 0.88349 2 
116.735 -40.889 9.03422 0.85269 2 
119.300 -40.889 0.00000 -0.00000 0 
-8.980 -43.455 7.94839 -0.74438 2 
-6.414 -43.455 8.10213 -0.79843 2 
-3.848 -43.455 8.17117 -0.76342 2 
-1.283 -43.455 7.97196 -0.90776 2 
1.283 -43.455 8.26475 -0.85813 2 
3.848 -43.455 8.19342 -0.89314 2 
6.414 -43.455 8.29099 -0.77182 2 
8.980 -43.455 8.36964 -0.78975 2 
11.545 -43.455 8.39071 -0.92683 2 
14.111 -43.455 8.41427 -0.83182 2 
16.676 -43.455 8.67163 -0.80350 2 
19.242 -43.455 8.57446 -0.80998 2 
21.808 -43.455 8.70668 -0.85225 2 
24.373 -43.455 8.73333 -0.87780 2 
26.939 -43.455 8.77685 -0.79710 2 
29.504 -43.455 8.65384 -0.72631 2 
32.070 -43.455 8.88975 -0.77654 2 
34.636 -43.455 8.92575 -0.52987 2 
37.201 -43.455 8.86231 -0.71765 2 
39.767 -43.455 8.93707 -0.63005 2 
42.332 -43.455 9.02145 -0.55637 2 
44.898 -43.455 9.06179 -0.51952 2 
47.464 -43.455 8.98861 -0.42094 2 
50.029 -43.455 9.16934 -0.42941 2 
52.595 -43.455 9.02197 -0.45362 2 
55.160 -43.455 9.01628 -0.35510 2 
57.726 -43.455 9.06093 -0.26673 2 
60.292 -43.455 9.08804 -0.10880 2 
62.857 -43.455 9.15220 -0.22106 2 
65.423 -43.455 9.10200 -0.09964 2 
67.988 -43.455 8.93805 -0.01479 2 
70.554 -43.455 9.08308 0.04955 2 
73.120 -43.455 9.11631 0.03599 2 
75.685 -43.455 9.12652 0.14695 2 
78.251 -43.455 8.97451 0.22031 2 
80.816 -43.455 8.99851 0.32854 2 
83.382 -43.455 9.09354 0.25705 2 
85.948 -43.455 8.89429 0.30461 2 
88.513 -43.455 8.93722 0.51691 2 
91.079 -43.455 8.88058 0.45449 2 
93.644 -43.455 8.78377 0.49281 2 
96.210 -43.455 8.90813 0.48600 2 
98.776 -43.455 8.91100 0.53236 2 
101.341 -43.455 8.81904 0.44920 2 
103.907 -43.455 8.95418 0.55698 2 
106.472 -43.455 8.79587 0.78705 2 
109.038 -43.455 8.89275 0.67551 2 
111.603 -43.455 8.77460 0.72135 2 
114.169 -43.455 8.58598 0.74856 2 
116.735 -43.455 8.98491 0.79130 2 
119.300 -43.455 0.00000 -0.00000 0 
-8.980 -46.020 7.95018 -0.79649 2 
-6.414 -46.020 7.95469 -0.76205 2 
-3.848 -46.020 8.04227 -0.82423 2 
-1.283 -46.020 8.15548 -0.76333 2 
1.283 -46.020 8.26890 -0.79994 2 
3.848 -46.020 8.28649 -0.86499 2 
6.414 -46.020 8.28094 -0.91734 2 
8.980 -46.020 8.30707 -0.88734 2 
11.545 -46.020 8.40771 -0.80552 2 
14.111 -46.020 8.44602 -0.88146 2 
16.676 -46.020 8.52128 -0.97380 2 
19.242 -46.020 8.55651 -0.76889 2 
21.808 -46.020 8.58355 -0.85065 2 
24.373 -46.020 8.75779 -0.79440 2 
26.939 -46.020 8.78853 -0.74951 2 
29.504 -46.020 8.71164 -0.76841 2 
32.070 -46.020 8.76635 -0.74545 2 
34.636 -46.020 8.89656 -0.71352 2 
37.201 -46.020 8.82422 -0.53747 2 
39.767 -46.020 8.92624 -0.67435 2 
42.332 -46.020 8.79208 -0.69309 2 
44.898 -46.020 8.98890 -0.53623 2 
47.464 -46.020 8.99404 -0.48637 2 
50.029 -46.020 8.97016 -0.40815 2 
52.595 -46.020 9.01888 -0.46147 2 
55.160 -46.020 8.90699 -0.28100 2 
57.726 -46.020 9.05297 -0.19001 2 
60.292 -46.020 9.06543 -0.18087 2 
62.857 -46.020 9.07456 -0.10909 2 
65.423 -46.020 9.08814 -0.11501 2 
67.988 -46.020 9.03481 0.16056 2 
70.554 -46.020 9.05295 0.04967 2 
73.120 -46.020 8.97568 0.17618 2 
75.685 -46.020 8.94469 0.23334 2 
78.251 -46.020 9.01578 0.29529 2 
80.816 -46.020 8.83680 0.26171 2 
83.382 -46.020 9.05354 0.32514 2 
85.948 -46.020 8.95426 0.30277 2 
88.513 -46.020 8.86154 0.43406 2 
91.079 -46.020 8.86553 0.40003 2 
93.644 -46.020 8.83046 0.53705 2 
96.210 -46.020 8.92718 0.52430 2 
98.776 -46.020 8.85476 0.62339 2 
101.341 -46.020 8.92856 0.50190 2 
103.907 -46.020 8.75186 0.49324 2 
106.472 -46.020 8.77844 0.65616 2 
109.038 -46.020 8.65875 0.60093 2 
111.603 -46.020 8.69807 0.70270 2 
114.169 -46.020 8.67698 0.77020 2 
116.735 -46.020 8.93561 0.72992 2 
119.300 -46.020 0.00000 -0.00000 0 
-8.980 -48.586 8.10471 -0.77685 2 
-6.414 -48.586 7.96336 -0.78752 2 
-3.848 -48.586 8.03536 -0.74071 2 
-1.283 -48.586 8.19238 -0.83549 2 
1.283 -48.586 8.25621 -0.82238 2 
3.848 -48.586 8.15155 -0.69447 2 
6.414 -48.586 8.26229 -0.79126 2 
8.980 -48.586 8.30033 -0.82473 2 
11.545 -48.586 8.39890 -0.85756 2 
14.111 -48.586 8.41275 -0.71943 2 
16.676 -48.586 8.51266 -0.83700 2 
19.242 -48.586 8.56831 -0.79349 2 
21.808 -48.586 8.76018 -0.73474 2 
24.373 -48.586 8.63995 -0.79340 2 
26.939 -48.586 8.67251 -0.75408 2 
29.504 -48.586 8.86508 -0.77821 2 
32.070 -48.586 8.77585 -0.62452 2 
34.636 -48.586 8.71299 -0.66219 2 
37.201 -48.586 8.76856 -0.66644 2 
39.767 -48.586 8.92736 -0.51425 2 
42.332 -48.586 8.94125 -0.55283 2 
44.898 -48.586 8.80574 -0.46919 2 
47.464 -48.586 8.89965 -0.51449 2 
50.029 -48.586 8.98143 -0.38755 2 
52.595 -48.586 8.97400 -0.36934 2 
55.160 -48.586 8.97787 -0.24526 2 
57.726 -48.586 8.84091 -0.24163 2 
60.292 -48.586 9.08683 -0.10105 2 
62.857 -48.586 9.00799 -0.06172 2 
65.423 -48.586 9.03595 0.03120 2 
67.988 -48.586 8.97561 0.04885 2 
70.554 -48.586 9.03400 0.03385 2 
73.120 -48.586 9.04596 0.07719 2 
75.685 -48.586 8.92128 0.20788 2 
78.251 -48.586 8.81889 0.09324 2 
80.816 -48.586 9.16220 0.25990 2 
83.382 -48.586 8.78212 0.23520 2 
85.948 -48.586 8.95023 0.22660 2 
88.513 -48.586 8.93934 0.54928 2 
91.079 -48.586 8.83504 0.21670 2 
93.644 -48.586 8.80661 0.43882 2 
96.210 -48.586 8.75584 0.58018 2 
98.776 -48.586 8.87311 0.34933 2 
101.341 -48.586 8.73727 0.61474 2 
103.907 -48.586 8.74400 0.55541 2 
106.472 -48.586 8.80622 0.66512 2 
109.038 -48.586 8.73155 0.67096 2 
111.603 -48.586 8.68031 0.64907 2 
114.169 -48.586 8.51833 0.66775 2 
116.735 -48.586 8.88630 0.66853 2 
119.300 -48.586 0.00000 -0.00000 0 
-8.980 -51.152 8.03779 -0.79441 2 
-6.414 -51.152 8.14063 -0.74765 2 
-3.848 -51.152 8.01647 -0.79494 2 
-1.283 -51.152 8.13153 -0.77010 2 
1.283 -51.152 8.18433 -0.77993 2 
3.848 -51.152 8.24627 -0.71049 2 
6.414 -51.152 8.33049 -0.83668 2 
8.980 -51.152 8.31818 -0.81352 2 
11.545 -51.152 8.48768 -0.68515 2 
14.111 -51.152 8.37226 -0.67444 2 
16.676 -51.152 8.43398 -0.80942 2 
19.242 -51.152 8.71911 -0.62493 2 
21.808 -51.152 8.52251 -0.85725 2 
24.373 -51.152 8.67017 -0.79115 2 
26.939 -51.152 8.74248 -0.64395 2 
29.504 -51.152 8.67134 -0.61462 2 
32.070 -51.152 8.68877 -0.62921 2 
34.636 -51.152 8.86563 -0.51493 2 
37.201 -51.152 8.84481 -0.59491 2 
39.767 -51.152 8.76989 -0.60011 2 
42.332 -51.152 8.80078 -0.51985 2 
44.898 -51.152 8.90923 -0.47634 2 
47.464 -51.152 8.85931 -0.19095 2 
50.029 -51.152 8.91105 -0.39263 2 
52.595 -51.152 8.90513 -0.27305 2 
55.160 -51.152 8.90756 -0.14574 2 
57.726 -51.152 8.97833 -0.23416 2 
60.292 -51.152 8.83381 -0.13235 2 
62.857 -51.152 8.86097 -0.17151 2 
65.423 -51.152 8.92743 -0.14577 2 
67.988 -51.152 9.02410 -0.08689 2 
70.554 -51.152 8.93266 0.05971 2 
73.120 -51.152 8.81830 0.21480 2 
75.685 -51.152 9.03110 0.00149 2 
78.251 -51.152 9.00286 0.21215 2 
80.816 -51.152 8.97976 0.30384 2 
83.382 -51.152 9.02940 0.28413 2 
85.948 -51.152 8.82589 0.34744 2 
88.513 -51.152 8.89602 0.26583 2 
91.079 -51.152 8.80860 0.42068 2 
93.644 -51.152 8.81484 0.47448 2 
96.210 -51.152 8.78235 0.35706 2 
98.776 -51.152 8.70701 0.50395 2 
101.341 -51.152 8.77187 0.46643 2 
103.907 -51.152 8.73704 0.56885 2 
106.472 -51.152 8.70634 0.59699 2 
109.038 -51.152 8.79448 0.48065 2 
111.603 -51.152 8.79813 0.66132 2 
114.169 -51.152 8.74604 0.67275 2 
116.735 -51.152 8.83700 0.60714 2 
119.300 -51.152 0.00000 -0.00000 0 
-8.980 -53.717 8.03117 -0.65852 2 
-6.414 -53.717 8.11327 -0.78562 2 
-3.848 -53.717 8.22555 -0.68024 2 
-1.283 -53.717 8.23946 -0.72341 2 
1.283 -53.717 8.05498 -0.75147 2 
3.848 -53.717 8.17941 -0.87961 2 
6.414 -53.717 8.32388 -0.76539 2 
8.980 -53.717 8.38747 -0.76115 2 
11.545 -53.717 8.45814 -0.77615 2 
14.111 -53.717 8.59421 -0.82177 2 
16.676 -53.717 8.37365 -0.79247 2 
19.242 -53.717 8.55732 -0.80511 2 
21.808 -53.717 8.63289 -0.80072 2 
24.373 -53.717 8.69882 -0.64029 2 
26.939 -53.717 8.74209 -0.72670 2 
29.504 -53.717 8.75115 -0.76015 2 
32.070 -53.717 8.73483 -0.76004 2 
34.636 -53.717 8.92056 -0.66696 2 
37.201 -53.717 8.69002 -0.60414 2 
39.767 -53.717 8.81244 -0.52307 2 
42.332 -53.717 8.79467 -0.62234 2 
44.898 -53.717 8.76656 -0.48340 2 
47.464 -53.717 8.80920 -0.62759 2 
50.029 -53.717 8.93049 -0.45577 2 
52.595 -53.717 8.99132 -0.42695 2 
55.160 -53.717 8.86810 -0.38394 2 
57.726 -53.717 8.99634 -0.24837 2 
60.292 -53.717 8.88538 -0.09326 2 
62.857 -53.717 9.01095 -0.16264 2 
65.423 -53.717 8.88815 -0.05408 2 
67.988 -53.717 8.95659 -0.02586 2 
70.554 -53.717 8.77148 -0.10903 2 
73.120 -53.717 8.94217 -0.00097 2 
75.685 -53.717 8.82766 0.23249 2 
78.251 -53.717 8.84236 0.13467 2 
80.816 -53.717 8.83924 0.33805 2 
83.382 -53.717 8.80493 0.18937 2 
85.948 -53.717 8.79167 0.23703 2 
88.513 -53.717 8.80230 0.41486 2 
91.079 -53.717 8.76050 0.30029 2 
93.644 -53.717 8.66594 0.44437 2 
96.210 -53.717 8.83468 0.52406 2 
98.776 -53.717 8.73227 0.38333 2 
101.341 -53.717 8.71587 0.57693 2 
103.907 -53.717 8.66466 0.62663 2 
106.472 -53.717 8.75918 0.57792 2 
109.038 -53.717 8.54882 0.61488 2 
111.603 -53.717 8.85354 0.73996 2 
114.169 -53.717 0.00000 -0.00000 0 
116.735 -53.717 0.00000 -0.00000 0 
119.300 -53.717 0.00000 -0.00000 0 
-8.980 -56.283 0.00000 -0.00000 0 
-6.414 -56.283 0.00000 -0.00000 0 
-3.848 -56.283 0.00000 -0.00000 0 
-1.283 -56.283 8.21442 -0.48761 2 
1.283 -56.283 8.21398 -0.49189 2 
3.848 -56.283 8.24036 -0.48658 2 
6.414 -56.283 8.26674 -0.48126 2 
8.980 -56.283 8.29312 -0.47595 2 
11.545 -56.283 8.31951 -0.47064 2 
14.111 -56.283 8.34589 -0.46533 2 
16.676 -56.283 8.42774 -0.44563 2 
19.242 -56.283 8.50960 -0.42592 2 
21.808 -56.283 8.59146 -0.40622 2 
24.373 -56.283 8.50795 -0.35022 2 
26.939 -56.283 8.63904 -0.36048 2 
29.504 -56.283 8.65760 -0.32646 2 
32.070 -56.283 8.67615 -0.29244 2 
34.636 -56.283 8.69470 -0.25843 2 
37.201 -56.283 8.71325 -0.22441 2 
39.767 -56.283 8.73181 -0.19039 2 
42.332 -56.283 8.75036 -0.15637 2 
44.898 -56.283 8.76891 -0.12235 2 
47.464 -56.283 8.86544 -0.34246 2 
50.029 -56.283 8.86229 -0.10119 2 
52.595 -56.283 8.76413 -0.08923 2 
55.160 -56.283 8.83433 -0.14687 2 
57.726 -56.283 8.89266 -0.11975 2 
60.292 -56.283 8.92278 -0.11719 2 
62.857 -56.283 8.95291 -0.11464 2 
65.423 -56.283 8.78361 -0.00122 2 
67.988 -56.283 8.77486 -0.06508 2 
70.554 -56.283 8.94739 -0.10427 2 
73.120 -56.283 8.79906 0.06247 2 
75.685 -56.283 9.03554 0.19529 2 
78.251 -56.283 8.81057 0.08582 2 
80.816 -56.283 8.83746 0.07294 2 
83.382 -56.283 8.95520 0.28374 2 
85.948 -56.283 8.75338 0.11434 2 
88.513 -56.283 8.76412 0.08806 2 
91.079 -56.283 8.91191 0.00780 2 
93.644 -56.283 8.84872 0.04055 2 
96.210 -56.283 8.82403 0.06991 2 
98.776 -56.283 8.79934 0.09927 2 
101.341 -56.283 8.77465 0.12862 2 
103.907 -56.283 8.74995 0.15798 2 
106.472 -56.283 0.00000 -0.00000 0 
109.038 -56.283 0.00000 -0.00000 0 
111.603 -56.283 0.00000 -0.00000 0 
114.169 -56.283 0.00000 -0.00000 0 
116.735 -56.283 0.00000 -0.00000 0 
119.300 -56.283 0.00000 -0.00000 0 
