TITLE = "B00018"
VARIABLES = "X [mm]", "Y [mm]", "Vx [m/s]", "Vy [m/s]", "Flag"
ZONE T="Frame 1", I=51, J=39, F=POINT
-8.980 41.210 7.10128 0.44641 2 
-6.414 41.210 7.32335 0.40989 2 
-3.848 41.210 7.23020 0.54627 2 
-1.283 41.210 7.07651 0.63019 2 
1.283 41.210 6.92282 0.71411 2 
3.848 41.210 0.00000 -0.00000 0 
6.414 41.210 0.00000 -0.00000 0 
8.980 41.210 0.00000 -0.00000 0 
11.545 41.210 0.00000 -0.00000 0 
14.111 41.210 0.00000 -0.00000 0 
16.676 41.210 0.00000 -0.00000 0 
19.242 41.210 3.93116 0.36687 2 
21.808 41.210 7.86232 0.73374 2 
24.373 41.210 7.36894 0.78201 2 
26.939 41.210 7.46297 0.55085 2 
29.504 41.210 7.49308 0.56736 2 
32.070 41.210 7.50699 0.82698 2 
34.636 41.210 7.57626 0.77362 2 
37.201 41.210 7.64552 0.72025 2 
39.767 41.210 7.71479 0.66688 2 
42.332 41.210 7.78405 0.61351 2 
44.898 41.210 7.85332 0.56014 2 
47.464 41.210 7.92258 0.50678 2 
50.029 41.210 7.99185 0.45341 2 
52.595 41.210 8.06111 0.40004 2 
55.160 41.210 8.13734 0.42795 2 
57.726 41.210 8.21356 0.45585 2 
60.292 41.210 8.28978 0.48376 2 
62.857 41.210 8.36601 0.51167 2 
65.423 41.210 8.29378 0.67245 2 
67.988 41.210 8.36868 0.75679 2 
70.554 41.210 8.42493 0.78251 2 
73.120 41.210 8.48119 0.80822 2 
75.685 41.210 8.48482 0.68990 2 
78.251 41.210 8.51168 0.49775 2 
80.816 41.210 0.00000 0.00000 0 
83.382 41.210 8.45805 0.70834 2 
85.948 41.210 8.55994 0.80888 2 
88.513 41.210 8.68822 0.56068 2 
91.079 41.210 8.68929 0.14950 2 
93.644 41.210 8.58591 0.49501 2 
96.210 41.210 8.76125 0.29914 2 
98.776 41.210 8.66252 0.15378 2 
101.341 41.210 8.54708 -0.06042 2 
103.907 41.210 8.55453 -0.17023 2 
106.472 41.210 8.87913 -0.53207 2 
109.038 41.210 8.37880 -0.68169 2 
111.603 41.210 8.71326 -0.57170 2 
114.169 41.210 8.38309 -0.72420 2 
116.735 41.210 8.59523 -0.99911 2 
119.300 41.210 0.00000 -0.00000 0 
-8.980 38.644 7.23232 0.29758 2 
-6.414 38.644 7.14252 0.33302 2 
-3.848 38.644 7.29263 0.34611 2 
-1.283 38.644 7.22985 0.56209 2 
1.283 38.644 7.80016 0.42571 2 
3.848 38.644 0.00000 -0.00000 0 
6.414 38.644 0.00000 -0.00000 0 
8.980 38.644 0.00000 -0.00000 0 
11.545 38.644 0.00000 -0.00000 0 
14.111 38.644 0.00000 -0.00000 0 
16.676 38.644 0.00000 -0.00000 0 
19.242 38.644 -0.60051 0.73077 2 
21.808 38.644 7.68887 0.57109 2 
24.373 38.644 7.43760 0.70666 2 
26.939 38.644 7.57350 0.75015 2 
29.504 38.644 7.52851 0.76008 2 
32.070 38.644 7.50383 0.94588 2 
34.636 38.644 7.46473 0.80914 2 
37.201 38.644 7.88596 0.67797 2 
39.767 38.644 7.62289 1.07569 2 
42.332 38.644 7.69234 1.04738 2 
44.898 38.644 7.87594 0.75346 2 
47.464 38.644 8.09044 0.87960 2 
50.029 38.644 7.91680 0.86407 2 
52.595 38.644 7.90955 0.93733 2 
55.160 38.644 8.07805 0.71410 2 
57.726 38.644 8.02734 1.07597 2 
60.292 38.644 8.37595 0.63827 2 
62.857 38.644 8.10457 0.99679 2 
65.423 38.644 8.34531 1.08263 2 
67.988 38.644 8.43933 0.57429 2 
70.554 38.644 8.42716 1.06437 2 
73.120 38.644 8.47614 0.71586 2 
75.685 38.644 8.68887 0.57594 2 
78.251 38.644 8.61849 0.72105 2 
80.816 38.644 0.00000 0.00000 0 
83.382 38.644 8.67250 0.49263 2 
85.948 38.644 8.79104 0.40541 2 
88.513 38.644 8.70529 0.36000 2 
91.079 38.644 8.62146 0.52602 2 
93.644 38.644 8.85578 0.25183 2 
96.210 38.644 8.56827 0.07479 2 
98.776 38.644 8.71120 0.04246 2 
101.341 38.644 8.94684 -0.04434 2 
103.907 38.644 8.88573 -0.19365 2 
106.472 38.644 8.71230 -0.37990 2 
109.038 38.644 8.57513 -0.36001 2 
111.603 38.644 8.43246 -0.54910 2 
114.169 38.644 8.55030 -0.60518 2 
116.735 38.644 8.75999 -0.57245 2 
119.300 38.644 0.00000 -0.00000 0 
-8.980 36.079 7.36743 0.21379 2 
-6.414 36.079 7.03981 0.38665 2 
-3.848 36.079 7.24507 0.30641 2 
-1.283 36.079 7.18307 0.23804 2 
1.283 36.079 7.30854 0.50402 2 
3.848 36.079 0.00000 -0.00000 0 
6.414 36.079 0.00000 -0.00000 0 
8.980 36.079 0.00000 -0.00000 0 
11.545 36.079 0.00000 -0.00000 0 
14.111 36.079 0.00000 -0.00000 0 
16.676 36.079 0.00000 -0.00000 0 
19.242 36.079 -0.33067 0.17231 2 
21.808 36.079 7.88175 1.03736 2 
24.373 36.079 7.27682 0.69524 2 
26.939 36.079 7.34977 0.81113 2 
29.504 36.079 7.58864 0.88529 2 
32.070 36.079 7.46075 0.86156 2 
34.636 36.079 7.64540 0.89546 2 
37.201 36.079 7.61477 0.92520 2 
39.767 36.079 7.64290 0.82157 2 
42.332 36.079 7.72111 0.89078 2 
44.898 36.079 7.76429 0.91067 2 
47.464 36.079 7.76598 0.88653 2 
50.029 36.079 7.99589 0.68298 2 
52.595 36.079 8.03953 1.00148 2 
55.160 36.079 7.96349 1.18724 2 
57.726 36.079 8.24843 0.89351 2 
60.292 36.079 8.30056 0.99846 2 
62.857 36.079 8.30448 0.77772 2 
65.423 36.079 8.38535 0.82514 2 
67.988 36.079 8.40018 1.00726 2 
70.554 36.079 8.49445 0.67824 2 
73.120 36.079 8.51069 0.68722 2 
75.685 36.079 8.53184 0.85488 2 
78.251 36.079 8.68610 0.67228 2 
80.816 36.079 0.00000 0.00000 0 
83.382 36.079 8.68411 0.68003 2 
85.948 36.079 8.76079 0.69355 2 
88.513 36.079 8.79556 0.28210 2 
91.079 36.079 8.83390 0.22376 2 
93.644 36.079 8.80831 0.26230 2 
96.210 36.079 8.74103 0.06472 2 
98.776 36.079 9.00221 -0.11875 2 
101.341 36.079 9.02885 -0.01944 2 
103.907 36.079 8.84663 -0.17890 2 
106.472 36.079 8.97257 -0.25745 2 
109.038 36.079 8.66644 -0.53474 2 
111.603 36.079 8.47915 -0.66297 2 
114.169 36.079 8.67984 -0.70146 2 
116.735 36.079 8.82576 -0.78904 2 
119.300 36.079 0.00000 -0.00000 0 
-8.980 33.513 7.08461 0.28644 2 
-6.414 33.513 7.14338 0.36731 2 
-3.848 33.513 7.11988 0.33364 2 
-1.283 33.513 7.03898 0.51913 2 
1.283 33.513 7.83710 0.61209 2 
3.848 33.513 0.00000 -0.00000 0 
6.414 33.513 0.00000 -0.00000 0 
8.980 33.513 0.00000 -0.00000 0 
11.545 33.513 0.00000 -0.00000 0 
14.111 33.513 0.00000 -0.00000 0 
16.676 33.513 0.00000 -0.00000 0 
19.242 33.513 1.78337 0.31849 2 
21.808 33.513 7.62219 0.79885 2 
24.373 33.513 7.31180 0.92646 2 
26.939 33.513 7.43439 0.88945 2 
29.504 33.513 7.41164 1.00265 2 
32.070 33.513 7.54161 0.88458 2 
34.636 33.513 7.47748 0.96542 2 
37.201 33.513 7.78607 0.81267 2 
39.767 33.513 7.59522 1.08196 2 
42.332 33.513 7.86986 0.94543 2 
44.898 33.513 7.94312 0.99498 2 
47.464 33.513 8.01652 0.87862 2 
50.029 33.513 8.04089 1.06962 2 
52.595 33.513 8.06267 0.84724 2 
55.160 33.513 8.06444 0.92930 2 
57.726 33.513 8.07195 1.07112 2 
60.292 33.513 8.34331 0.94611 2 
62.857 33.513 8.43282 1.09623 2 
65.423 33.513 8.35082 0.82699 2 
67.988 33.513 8.36045 0.76510 2 
70.554 33.513 8.52911 0.82022 2 
73.120 33.513 8.38812 0.84410 2 
75.685 33.513 8.54107 0.92652 2 
78.251 33.513 8.80276 0.79098 2 
80.816 33.513 0.00000 0.00000 0 
83.382 33.513 8.83264 0.44114 2 
85.948 33.513 8.86511 0.30339 2 
88.513 33.513 8.81551 0.42926 2 
91.079 33.513 8.85157 0.40103 2 
93.644 33.513 8.75079 0.16427 2 
96.210 33.513 9.17530 0.30591 2 
98.776 33.513 8.86666 0.08720 2 
101.341 33.513 8.80226 -0.02423 2 
103.907 33.513 9.07120 -0.29864 2 
106.472 33.513 8.80595 -0.27685 2 
109.038 33.513 8.89091 -0.35900 2 
111.603 33.513 8.74512 -0.64037 2 
114.169 33.513 8.56718 -0.84095 2 
116.735 33.513 8.96296 -1.09515 2 
119.300 33.513 0.00000 -0.00000 0 
-8.980 30.948 7.05352 0.22032 2 
-6.414 30.948 7.20164 0.46531 2 
-3.848 30.948 7.04721 0.27416 2 
-1.283 30.948 7.13602 0.37489 2 
1.283 30.948 7.54848 0.54159 2 
3.848 30.948 0.00000 -0.00000 0 
6.414 30.948 0.00000 -0.00000 0 
8.980 30.948 0.00000 -0.00000 0 
11.545 30.948 0.00000 -0.00000 0 
14.111 30.948 0.00000 -0.00000 0 
16.676 30.948 0.00000 -0.00000 0 
19.242 30.948 3.89742 0.46467 2 
21.808 30.948 7.79484 0.92933 2 
24.373 30.948 7.24159 0.86026 2 
26.939 30.948 7.44138 0.90295 2 
29.504 30.948 7.30919 0.97090 2 
32.070 30.948 7.52128 1.01607 2 
34.636 30.948 7.49775 0.92267 2 
37.201 30.948 7.61664 1.12482 2 
39.767 30.948 7.71521 1.08935 2 
42.332 30.948 7.70166 1.10811 2 
44.898 30.948 7.80074 1.07735 2 
47.464 30.948 7.80296 1.00131 2 
50.029 30.948 7.74958 1.09971 2 
52.595 30.948 7.96976 0.98496 2 
55.160 30.948 8.23184 1.13203 2 
57.726 30.948 8.30497 1.02662 2 
60.292 30.948 8.21864 0.94976 2 
62.857 30.948 8.24131 0.99713 2 
65.423 30.948 8.39779 0.78103 2 
67.988 30.948 8.55495 0.98610 2 
70.554 30.948 8.59969 0.85422 2 
73.120 30.948 8.61229 0.69521 2 
75.685 30.948 8.80189 0.83048 2 
78.251 30.948 8.67635 0.68839 2 
80.816 30.948 0.00000 0.00000 0 
83.382 30.948 8.83198 0.66515 2 
85.948 30.948 9.00612 0.63201 2 
88.513 30.948 8.90845 0.40086 2 
91.079 30.948 8.89426 0.19616 2 
93.644 30.948 8.94791 0.27201 2 
96.210 30.948 9.11893 0.04085 2 
98.776 30.948 9.06725 0.00484 2 
101.341 30.948 9.19648 -0.07921 2 
103.907 30.948 8.93493 -0.25344 2 
106.472 30.948 9.18096 -0.71137 2 
109.038 30.948 9.00182 -0.55652 2 
111.603 30.948 8.87990 -0.73793 2 
114.169 30.948 8.95259 -0.91551 2 
116.735 30.948 8.90115 -0.52906 2 
119.300 30.948 0.00000 -0.00000 0 
-8.980 28.382 7.22877 0.23774 2 
-6.414 28.382 6.98517 0.29476 2 
-3.848 28.382 7.08082 0.33192 2 
-1.283 28.382 6.88416 0.32719 2 
1.283 28.382 7.36152 0.57314 2 
3.848 28.382 2.39152 0.20157 2 
6.414 28.382 0.00000 -0.00000 0 
8.980 28.382 0.00000 -0.00000 0 
11.545 28.382 0.00000 -0.00000 0 
14.111 28.382 0.00000 -0.00000 0 
16.676 28.382 0.80357 0.22731 2 
19.242 28.382 3.68445 0.59821 2 
21.808 28.382 7.83908 0.88538 2 
24.373 28.382 7.21768 0.85563 2 
26.939 28.382 7.31437 1.03178 2 
29.504 28.382 7.53277 0.93314 2 
32.070 28.382 7.50369 1.15233 2 
34.636 28.382 7.62670 1.12194 2 
37.201 28.382 7.54833 1.14426 2 
39.767 28.382 7.73867 1.18193 2 
42.332 28.382 7.78005 1.16168 2 
44.898 28.382 7.83032 1.10563 2 
47.464 28.382 7.93322 0.92979 2 
50.029 28.382 8.03023 1.03655 2 
52.595 28.382 8.13365 1.20496 2 
55.160 28.382 8.31349 1.01252 2 
57.726 28.382 8.18325 1.02437 2 
60.292 28.382 8.36222 1.01085 2 
62.857 28.382 8.25568 1.14475 2 
65.423 28.382 8.43233 1.11739 2 
67.988 28.382 8.52305 0.80903 2 
70.554 28.382 8.59236 0.71969 2 
73.120 28.382 8.74012 1.04693 2 
75.685 28.382 8.55428 0.88311 2 
78.251 28.382 9.02064 0.81264 2 
80.816 28.382 8.69228 0.79341 2 
83.382 28.382 8.91146 0.61562 2 
85.948 28.382 9.02853 0.45856 2 
88.513 28.382 8.93172 0.61238 2 
91.079 28.382 9.10657 0.51308 2 
93.644 28.382 8.98439 0.40272 2 
96.210 28.382 9.03214 0.36683 2 
98.776 28.382 9.08712 0.01235 2 
101.341 28.382 8.99217 -0.03085 2 
103.907 28.382 9.17814 -0.34138 2 
106.472 28.382 9.07699 -0.45665 2 
109.038 28.382 9.24679 -0.58512 2 
111.603 28.382 9.04303 -0.91033 2 
114.169 28.382 9.10472 -1.15963 2 
116.735 28.382 9.04350 -1.25000 2 
119.300 28.382 0.00000 -0.00000 0 
-8.980 25.816 7.23817 0.05668 2 
-6.414 25.816 7.07645 0.43292 2 
-3.848 25.816 7.04619 0.29639 2 
-1.283 25.816 7.03793 0.30000 2 
1.283 25.816 7.17455 0.60470 2 
3.848 25.816 3.58728 0.30235 2 
6.414 25.816 0.00000 -0.00000 0 
8.980 25.816 0.00000 -0.00000 0 
11.545 25.816 0.00000 -0.00000 0 
14.111 25.816 0.00000 -0.00000 0 
16.676 25.816 1.60714 0.45463 2 
19.242 25.816 3.21428 0.90925 2 
21.808 25.816 7.49722 1.09898 2 
24.373 25.816 7.02729 1.04065 2 
26.939 25.816 7.27718 1.01499 2 
29.504 25.816 7.26157 1.05849 2 
32.070 25.816 7.40585 1.23585 2 
34.636 25.816 7.36292 1.01854 2 
37.201 25.816 7.51687 1.36211 2 
39.767 25.816 7.57896 1.03100 2 
42.332 25.816 7.77455 1.24978 2 
44.898 25.816 7.69395 0.99138 2 
47.464 25.816 7.82473 1.38350 2 
50.029 25.816 7.78944 0.97639 2 
52.595 25.816 8.13055 1.11451 2 
55.160 25.816 8.24898 1.09588 2 
57.726 25.816 8.25714 1.22049 2 
60.292 25.816 8.38466 1.10113 2 
62.857 25.816 8.38871 1.06359 2 
65.423 25.816 8.62465 1.13416 2 
67.988 25.816 8.54970 1.12516 2 
70.554 25.816 8.72136 0.96660 2 
73.120 25.816 8.47828 0.93505 2 
75.685 25.816 8.76702 1.06849 2 
78.251 25.816 8.87865 0.90587 2 
80.816 25.816 8.72673 0.88854 2 
83.382 25.816 0.00000 0.00000 0 
85.948 25.816 9.13363 0.59662 2 
88.513 25.816 9.00657 0.55284 2 
91.079 25.816 9.01010 0.47052 2 
93.644 25.816 9.05580 0.33029 2 
96.210 25.816 9.08599 0.26992 2 
98.776 25.816 9.43552 0.02590 2 
101.341 25.816 9.42357 -0.09559 2 
103.907 25.816 9.34826 -0.12885 2 
106.472 25.816 9.53972 -0.61932 2 
109.038 25.816 9.44493 -0.80732 2 
111.603 25.816 9.39056 -0.90118 2 
114.169 25.816 8.93427 -1.35446 2 
116.735 25.816 9.51035 -1.88941 2 
119.300 25.816 0.00000 -0.00000 0 
-8.980 23.251 7.10718 0.06177 2 
-6.414 23.251 6.94133 0.10880 2 
-3.848 23.251 6.94492 0.36738 2 
-1.283 23.251 6.97125 0.37393 2 
1.283 23.251 6.82379 0.60294 2 
3.848 23.251 7.38918 0.54114 2 
6.414 23.251 0.00000 -0.00000 0 
8.980 23.251 0.00000 -0.00000 0 
11.545 23.251 0.00000 -0.00000 0 
14.111 23.251 0.00000 -0.00000 0 
16.676 23.251 0.22910 0.11381 2 
19.242 23.251 8.42309 0.98896 2 
21.808 23.251 6.98845 0.93242 2 
24.373 23.251 7.12431 1.19269 2 
26.939 23.251 7.21543 1.17069 2 
29.504 23.251 7.47164 1.12468 2 
32.070 23.251 7.21195 1.16098 2 
34.636 23.251 7.53722 1.31673 2 
37.201 23.251 7.52047 1.17222 2 
39.767 23.251 7.71507 1.31662 2 
42.332 23.251 7.73678 1.25067 2 
44.898 23.251 7.81149 1.43156 2 
47.464 23.251 7.91792 1.18790 2 
50.029 23.251 7.98561 1.26963 2 
52.595 23.251 8.18462 1.27071 2 
55.160 23.251 8.14123 1.26336 2 
57.726 23.251 8.39351 1.29727 2 
60.292 23.251 8.36221 1.31245 2 
62.857 23.251 8.45674 1.04324 2 
65.423 23.251 8.37677 0.98750 2 
67.988 23.251 8.46927 0.98292 2 
70.554 23.251 8.66039 1.05648 2 
73.120 23.251 8.66019 1.13386 2 
75.685 23.251 8.92254 0.92145 2 
78.251 23.251 9.15677 0.94814 2 
80.816 23.251 9.03937 0.94452 2 
83.382 23.251 0.00000 0.00000 0 
85.948 23.251 9.45253 0.66550 2 
88.513 23.251 9.35451 0.64523 2 
91.079 23.251 9.69527 0.48948 2 
93.644 23.251 9.25747 0.48044 2 
96.210 23.251 9.34752 0.64226 2 
98.776 23.251 9.45187 0.05676 2 
101.341 23.251 9.54824 -0.12420 2 
103.907 23.251 9.69251 -0.32564 2 
106.472 23.251 9.90439 -0.30255 2 
109.038 23.251 10.09418 -0.88034 2 
111.603 23.251 9.79662 -1.34159 2 
114.169 23.251 9.47109 -1.55255 2 
116.735 23.251 9.25391 -1.97517 2 
119.300 23.251 0.00000 -0.00000 0 
-8.980 20.685 6.97619 0.06686 2 
-6.414 20.685 6.97100 0.17746 2 
-3.848 20.685 6.96541 0.28227 2 
-1.283 20.685 6.83069 0.29143 2 
1.283 20.685 6.71864 0.47185 2 
3.848 20.685 7.16266 0.48336 2 
6.414 20.685 0.00000 -0.00000 0 
8.980 20.685 0.00000 -0.00000 0 
11.545 20.685 0.00000 -0.00000 0 
14.111 20.685 0.00000 -0.00000 0 
16.676 20.685 -1.14895 -0.22700 2 
19.242 20.685 7.69396 1.04444 2 
21.808 20.685 6.85248 1.24392 2 
24.373 20.685 7.16724 1.10178 2 
26.939 20.685 7.11838 1.23396 2 
29.504 20.685 7.23695 1.30927 2 
32.070 20.685 7.50106 1.12558 2 
34.636 20.685 7.39055 1.20697 2 
37.201 20.685 7.57148 1.47725 2 
39.767 20.685 7.60134 1.24923 2 
42.332 20.685 7.62820 1.45099 2 
44.898 20.685 7.69739 1.27319 2 
47.464 20.685 7.88008 1.38458 2 
50.029 20.685 8.12595 1.07135 2 
52.595 20.685 8.12086 1.44144 2 
55.160 20.685 8.30391 1.09363 2 
57.726 20.685 8.17771 1.43329 2 
60.292 20.685 8.43083 1.28842 2 
62.857 20.685 8.29903 1.16867 2 
65.423 20.685 8.87641 1.38534 2 
67.988 20.685 8.97461 1.29811 2 
70.554 20.685 4.33019 0.52824 2 
73.120 20.685 9.06269 0.99469 2 
75.685 20.685 9.05392 1.08157 2 
78.251 20.685 9.07305 0.94040 2 
80.816 20.685 9.64477 1.05560 2 
83.382 20.685 0.00000 0.00000 0 
85.948 20.685 0.00000 0.00000 0 
88.513 20.685 0.00000 0.00000 0 
91.079 20.685 7.99772 0.48680 2 
93.644 20.685 9.86259 0.46047 2 
96.210 20.685 9.79643 0.66374 2 
98.776 20.685 10.21779 0.15497 2 
101.341 20.685 9.85992 -0.32942 2 
103.907 20.685 9.71519 -0.05362 2 
106.472 20.685 9.98417 0.16704 2 
109.038 20.685 10.61040 -0.88336 2 
111.603 20.685 10.31617 -1.59640 2 
114.169 20.685 9.91786 -2.21084 2 
116.735 20.685 9.68169 -2.01866 2 
119.300 20.685 0.00000 -0.00000 0 
-8.980 18.120 6.97778 0.17498 2 
-6.414 18.120 6.76882 0.11820 2 
-3.848 18.120 6.83036 0.11657 2 
-1.283 18.120 6.60659 0.25927 2 
1.283 18.120 6.84569 0.42407 2 
3.848 18.120 7.01898 0.30887 2 
6.414 18.120 0.00000 -0.00000 0 
8.980 18.120 0.00000 -0.00000 0 
11.545 18.120 0.00000 -0.00000 0 
14.111 18.120 0.00000 -0.00000 0 
16.676 18.120 -1.73522 -0.09616 2 
19.242 18.120 7.26477 0.87178 2 
21.808 18.120 6.90279 1.26935 2 
24.373 18.120 7.25829 1.16631 2 
26.939 18.120 7.22915 1.32357 2 
29.504 18.120 7.26338 1.38549 2 
32.070 18.120 7.31658 1.41231 2 
34.636 18.120 7.49805 1.45845 2 
37.201 18.120 7.44840 1.71029 2 
39.767 18.120 7.56006 1.35803 2 
42.332 18.120 7.61818 1.41354 2 
44.898 18.120 7.98364 1.43787 2 
47.464 18.120 7.87381 1.51092 2 
50.029 18.120 8.10416 1.39766 2 
52.595 18.120 7.80238 1.38008 2 
55.160 18.120 8.56137 1.24795 2 
57.726 18.120 8.20322 1.24359 2 
60.292 18.120 8.69796 1.53545 2 
62.857 18.120 9.32973 1.40862 2 
65.423 18.120 4.43821 0.69267 2 
67.988 18.120 0.00000 -0.00000 0 
70.554 18.120 0.00000 -0.00000 0 
73.120 18.120 0.00000 -0.00000 0 
75.685 18.120 0.00000 -0.00000 0 
78.251 18.120 0.00000 -0.00000 0 
80.816 18.120 0.00000 -0.00000 0 
83.382 18.120 0.00000 -0.00000 0 
85.948 18.120 2.77821 0.07937 2 
88.513 18.120 4.70641 0.10278 2 
91.079 18.120 8.87890 0.08579 2 
93.644 18.120 10.00690 -0.14056 2 
96.210 18.120 8.66210 0.89337 2 
98.776 18.120 5.60982 0.13214 2 
101.341 18.120 10.16958 -0.56879 2 
103.907 18.120 10.18096 -0.35099 2 
106.472 18.120 8.46334 0.37947 2 
109.038 18.120 8.49674 0.39770 2 
111.603 18.120 10.26083 -2.03696 2 
114.169 18.120 8.65200 -2.10793 2 
116.735 18.120 9.42008 -2.36637 2 
119.300 18.120 0.00000 -0.00000 0 
-8.980 15.554 6.86135 0.04651 2 
-6.414 15.554 6.67731 0.02523 2 
-3.848 15.554 6.86892 0.14515 2 
-1.283 15.554 6.61063 0.26443 2 
1.283 15.554 6.70497 0.26535 2 
3.848 15.554 6.83575 0.42851 2 
6.414 15.554 0.00000 -0.00000 0 
8.980 15.554 0.00000 -0.00000 0 
11.545 15.554 0.00000 -0.00000 0 
14.111 15.554 0.00000 -0.00000 0 
16.676 15.554 -0.79872 -0.46454 2 
19.242 15.554 7.02121 1.41529 2 
21.808 15.554 6.78471 1.51984 2 
24.373 15.554 6.85204 1.36002 2 
26.939 15.554 7.09786 1.37707 2 
29.504 15.554 7.05548 1.59233 2 
32.070 15.554 7.33844 1.38373 2 
34.636 15.554 7.24887 1.43477 2 
37.201 15.554 7.39870 1.63656 2 
39.767 15.554 7.86203 1.66371 2 
42.332 15.554 8.07105 1.54992 2 
44.898 15.554 8.28915 1.44609 2 
47.464 15.554 8.26393 1.58115 2 
50.029 15.554 8.36183 1.61020 2 
52.595 15.554 7.48391 1.31873 2 
55.160 15.554 0.00000 -0.00000 0 
57.726 15.554 0.00000 -0.00000 0 
60.292 15.554 0.00000 -0.00000 0 
62.857 15.554 0.00000 -0.00000 0 
65.423 15.554 0.00000 -0.00000 0 
67.988 15.554 0.00000 -0.00000 0 
70.554 15.554 0.00000 -0.00000 0 
73.120 15.554 0.00000 -0.00000 0 
75.685 15.554 0.00000 -0.00000 0 
78.251 15.554 0.00000 -0.00000 0 
80.816 15.554 -0.02801 -0.06983 2 
83.382 15.554 0.69544 0.56127 2 
85.948 15.554 -0.55607 -0.19609 2 
88.513 15.554 -0.87215 -0.13230 2 
91.079 15.554 -0.31301 -0.29946 2 
93.644 15.554 4.83151 0.73298 2 
96.210 15.554 2.81861 1.70578 2 
98.776 15.554 1.00186 0.10930 2 
101.341 15.554 2.87968 0.48893 2 
103.907 15.554 4.75750 0.86856 2 
106.472 15.554 6.51025 -0.27618 2 
109.038 15.554 7.04349 1.53350 2 
111.603 15.554 8.39436 -1.81653 2 
114.169 15.554 7.38615 -2.00501 2 
116.735 15.554 8.53312 -1.74827 2 
119.300 15.554 0.00000 -0.00000 0 
-8.980 12.988 7.03765 -0.07420 2 
-6.414 12.988 6.66312 0.11236 2 
-3.848 12.988 6.66963 0.17545 2 
-1.283 12.988 6.67536 0.08775 2 
1.283 12.988 6.43238 0.37552 2 
3.848 12.988 6.61087 0.35571 2 
6.414 12.988 0.00000 -0.00000 0 
8.980 12.988 0.00000 -0.00000 0 
11.545 12.988 0.00000 -0.00000 0 
14.111 12.988 0.00000 -0.00000 0 
16.676 12.988 3.66974 0.76212 2 
19.242 12.988 7.33948 1.52424 2 
21.808 12.988 6.79245 1.48063 2 
24.373 12.988 7.05071 1.73213 2 
26.939 12.988 7.14023 1.64988 2 
29.504 12.988 7.15246 1.80082 2 
32.070 12.988 3.66922 0.69186 2 
34.636 12.988 7.60987 1.79563 2 
37.201 12.988 7.76945 1.61225 2 
39.767 12.988 8.31402 1.51254 2 
42.332 12.988 0.00000 -0.00000 0 
44.898 12.988 0.00000 -0.00000 0 
47.464 12.988 0.00000 -0.00000 0 
50.029 12.988 0.00000 -0.00000 0 
52.595 12.988 0.00000 -0.00000 0 
55.160 12.988 0.00000 -0.00000 0 
57.726 12.988 0.00000 -0.00000 0 
60.292 12.988 0.00000 -0.00000 0 
62.857 12.988 0.00000 -0.00000 0 
65.423 12.988 0.00000 -0.00000 0 
67.988 12.988 0.00000 -0.00000 0 
70.554 12.988 0.00000 -0.00000 0 
73.120 12.988 0.00000 -0.00000 0 
75.685 12.988 -1.02353 -0.16812 2 
78.251 12.988 -0.78842 -0.32225 2 
80.816 12.988 -0.69784 -0.35554 2 
83.382 12.988 -0.60726 -0.38882 2 
85.948 12.988 -0.68982 -0.43270 2 
88.513 12.988 -0.14955 0.18235 2 
91.079 12.988 -0.79260 0.03969 2 
93.644 12.988 -0.34389 1.60651 2 
96.210 12.988 -0.01799 1.90493 2 
98.776 12.988 -0.96662 2.72580 2 
101.341 12.988 2.91289 0.79053 2 
103.907 12.988 4.69161 1.63804 2 
106.472 12.988 4.75580 0.17706 2 
109.038 12.988 5.39995 -0.34955 2 
111.603 12.988 6.72824 0.05844 2 
114.169 12.988 7.34912 -1.38401 2 
116.735 12.988 7.24773 -1.34906 2 
119.300 12.988 0.00000 -0.00000 0 
-8.980 10.423 6.92064 -0.21542 2 
-6.414 10.423 6.66252 -0.15166 2 
-3.848 10.423 6.66121 -0.21668 2 
-1.283 10.423 6.42483 0.04230 2 
1.283 10.423 6.18635 0.14628 2 
3.848 10.423 6.44381 0.29428 2 
6.414 10.423 2.09225 0.07762 2 
8.980 10.423 0.00000 -0.00000 0 
11.545 10.423 0.00000 -0.00000 0 
14.111 10.423 0.00000 -0.00000 0 
16.676 10.423 2.93579 0.60970 2 
19.242 10.423 4.89299 1.01616 2 
21.808 10.423 7.05826 1.71127 2 
24.373 10.423 7.15613 1.66727 2 
26.939 10.423 7.37288 1.74311 2 
29.504 10.423 3.57623 0.90041 2 
32.070 10.423 0.00000 -0.00000 0 
34.636 10.423 0.00000 -0.00000 0 
37.201 10.423 0.00000 -0.00000 0 
39.767 10.423 0.00000 -0.00000 0 
42.332 10.423 0.00000 -0.00000 0 
44.898 10.423 0.00000 -0.00000 0 
47.464 10.423 0.00000 -0.00000 0 
50.029 10.423 0.00000 -0.00000 0 
52.595 10.423 0.00000 -0.00000 0 
55.160 10.423 0.00000 -0.00000 0 
57.726 10.423 0.00000 -0.00000 0 
60.292 10.423 0.00000 -0.00000 0 
62.857 10.423 0.00000 -0.00000 0 
65.423 10.423 0.00000 -0.00000 0 
67.988 10.423 -0.21792 0.05945 2 
70.554 10.423 -0.18497 -0.26443 2 
73.120 10.423 -1.45482 -0.64421 2 
75.685 10.423 -2.04706 -0.33625 2 
78.251 10.423 -1.43164 -0.66705 2 
80.816 10.423 -1.30470 -0.63528 2 
83.382 10.423 -1.17775 -0.60351 2 
85.948 10.423 -1.01215 0.67083 2 
88.513 10.423 -1.93210 0.52189 2 
91.079 10.423 -2.26748 0.79781 2 
93.644 10.423 -1.89398 2.05736 2 
96.210 10.423 -0.16407 1.70136 2 
98.776 10.423 2.02248 2.79393 2 
101.341 10.423 2.94610 1.09214 2 
103.907 10.423 2.09888 0.81435 2 
106.472 10.423 3.00135 0.63029 2 
109.038 10.423 3.75642 -2.23260 2 
111.603 10.423 5.98836 -3.38889 2 
114.169 10.423 5.91834 -2.72454 2 
116.735 10.423 7.17543 -2.81573 2 
119.300 10.423 0.00000 -0.00000 0 
-8.980 7.857 6.80476 -0.26971 2 
-6.414 7.857 6.53035 -0.12513 2 
-3.848 7.857 6.54221 -0.11626 2 
-1.283 7.857 6.38142 -0.09130 2 
1.283 7.857 5.99518 -0.06226 2 
3.848 7.857 6.27675 0.23286 2 
6.414 7.857 3.13838 0.11643 2 
8.980 7.857 0.00000 -0.00000 0 
11.545 7.857 0.00000 -0.00000 0 
14.111 7.857 0.00000 -0.00000 2 
16.676 7.857 1.46790 0.30485 2 
19.242 7.857 2.44649 0.50808 2 
21.808 7.857 0.00000 -0.00000 0 
24.373 7.857 0.00000 -0.00000 0 
26.939 7.857 0.00000 -0.00000 0 
29.504 7.857 0.00000 -0.00000 0 
32.070 7.857 0.00000 -0.00000 0 
34.636 7.857 0.00000 -0.00000 0 
37.201 7.857 0.00000 -0.00000 0 
39.767 7.857 0.00000 -0.00000 0 
42.332 7.857 0.00000 -0.00000 0 
44.898 7.857 0.00000 -0.00000 0 
47.464 7.857 0.00000 -0.00000 0 
50.029 7.857 0.00000 -0.00000 0 
52.595 7.857 0.00000 -0.00000 0 
55.160 7.857 0.00000 -0.00000 0 
57.726 7.857 0.00000 -0.00000 0 
60.292 7.857 -0.88958 -0.33617 2 
62.857 7.857 -0.81483 -0.44357 2 
65.423 7.857 -1.09854 -0.44113 2 
67.988 7.857 -1.97494 -0.86832 2 
70.554 7.857 -1.59120 -1.10414 2 
73.120 7.857 -1.18008 -0.94399 2 
75.685 7.857 -1.63137 -0.70055 2 
78.251 7.857 -1.32419 0.04198 2 
80.816 7.857 -1.66637 -0.16666 2 
83.382 7.857 -1.26137 0.18609 2 
85.948 7.857 -2.34222 0.56758 2 
88.513 7.857 -2.46132 0.39624 2 
91.079 7.857 -1.84254 0.50541 2 
93.644 7.857 -2.91176 2.98655 2 
96.210 7.857 -1.18154 1.97018 2 
98.776 7.857 0.44165 2.63669 2 
101.341 7.857 1.44982 1.17961 2 
103.907 7.857 -0.49384 -0.00933 2 
106.472 7.857 0.96661 1.02029 2 
109.038 7.857 1.77621 -0.25663 2 
111.603 7.857 2.30882 -0.84099 2 
114.169 7.857 3.80383 -3.45614 2 
116.735 7.857 3.83611 -4.38861 2 
119.300 7.857 0.00000 -0.00000 0 
-8.980 5.292 6.49023 -0.36566 2 
-6.414 5.292 6.44105 -0.52692 2 
-3.848 5.292 6.41404 -0.39636 2 
-1.283 5.292 6.27490 -0.34568 2 
1.283 5.292 5.92679 -0.11329 2 
3.848 5.292 6.45193 -0.01944 2 
6.414 5.292 3.22596 -0.00972 2 
8.980 5.292 0.00000 -0.00000 0 
11.545 5.292 0.00000 -0.00000 0 
14.111 5.292 0.00000 -0.00000 0 
16.676 5.292 0.00000 -0.00000 0 
19.242 5.292 0.00000 -0.00000 0 
21.808 5.292 0.00000 -0.00000 0 
24.373 5.292 0.00000 -0.00000 0 
26.939 5.292 0.00000 -0.00000 0 
29.504 5.292 0.00000 -0.00000 0 
32.070 5.292 0.00000 -0.00000 0 
34.636 5.292 0.00000 -0.00000 0 
37.201 5.292 0.00000 -0.00000 0 
39.767 5.292 0.00000 -0.00000 0 
42.332 5.292 0.00000 -0.00000 0 
44.898 5.292 0.00000 -0.00000 0 
47.464 5.292 0.00000 -0.00000 0 
50.029 5.292 0.00000 -0.00000 0 
52.595 5.292 -1.38218 0.04788 2 
55.160 5.292 -0.99271 -0.17005 2 
57.726 5.292 -1.39384 -0.53398 2 
60.292 5.292 -1.24783 -0.71383 2 
62.857 5.292 -1.21384 -0.48832 2 
65.423 5.292 -1.33869 -0.37434 2 
67.988 5.292 -1.24196 -0.71015 2 
70.554 5.292 -1.11450 -0.63559 2 
73.120 5.292 -1.23615 -0.86495 2 
75.685 5.292 -0.72565 -0.74017 2 
78.251 5.292 -0.42546 -0.24856 2 
80.816 5.292 -1.39571 -0.29420 2 
83.382 5.292 -1.34498 0.97569 2 
85.948 5.292 -0.66630 1.03301 2 
88.513 5.292 -1.92919 -0.08950 2 
91.079 5.292 -2.41822 0.12039 2 
93.644 5.292 -3.64521 1.93522 2 
96.210 5.292 -2.19901 2.23900 2 
98.776 5.292 -1.13918 2.47944 2 
101.341 5.292 -0.04647 1.26707 2 
103.907 5.292 -0.42313 0.92152 2 
106.472 5.292 -1.97903 0.45927 2 
109.038 5.292 -1.14928 1.68121 2 
111.603 5.292 1.27913 -2.22404 2 
114.169 5.292 1.75260 -2.31442 2 
116.735 5.292 1.81780 -3.87584 2 
119.300 5.292 0.09769 -3.21462 2 
-8.980 2.726 6.89334 -0.63853 2 
-6.414 2.726 6.56160 -0.60405 2 
-3.848 2.726 6.20217 -0.51544 2 
-1.283 2.726 6.20398 -0.65939 2 
1.283 2.726 5.99787 -0.45366 2 
3.848 2.726 3.22596 -0.00972 2 
6.414 2.726 0.00000 -0.00000 0 
8.980 2.726 0.00000 -0.00000 0 
11.545 2.726 0.00000 -0.00000 0 
14.111 2.726 0.00000 -0.00000 0 
16.676 2.726 0.00000 -0.00000 0 
19.242 2.726 0.00000 -0.00000 0 
21.808 2.726 0.00000 -0.00000 0 
24.373 2.726 0.00000 -0.00000 0 
26.939 2.726 0.00000 -0.00000 0 
29.504 2.726 0.00000 -0.00000 0 
32.070 2.726 0.00000 -0.00000 0 
34.636 2.726 0.00000 -0.00000 0 
37.201 2.726 0.00000 -0.00000 0 
39.767 2.726 0.00000 -0.00000 0 
42.332 2.726 0.00000 -0.00000 0 
44.898 2.726 0.00000 -0.00000 0 
47.464 2.726 -1.06360 -0.04299 2 
50.029 2.726 -1.07802 0.02077 2 
52.595 2.726 -1.24315 -0.61256 2 
55.160 2.726 -1.78071 -0.78246 2 
57.726 2.726 -2.19693 -0.39688 2 
60.292 2.726 -1.03339 -0.32512 2 
62.857 2.726 -1.30612 -0.31634 2 
65.423 2.726 -1.57885 -0.30755 2 
67.988 2.726 -1.24053 -0.69682 2 
70.554 2.726 -1.45255 -0.68765 2 
73.120 2.726 -1.29221 -0.78591 2 
75.685 2.726 -0.80756 -0.05860 2 
78.251 2.726 -0.80641 -0.44291 2 
80.816 2.726 -0.03182 0.37065 2 
83.382 2.726 0.60463 0.85490 2 
85.948 2.726 0.47460 0.33306 2 
88.513 2.726 0.40237 0.93819 2 
91.079 2.726 1.56400 0.53932 2 
93.644 2.726 1.07805 1.34257 2 
96.210 2.726 0.23361 2.52265 2 
98.776 2.726 0.90706 2.69974 2 
101.341 2.726 0.00916 1.95753 2 
103.907 2.726 -0.35243 1.85237 2 
106.472 2.726 -0.56827 2.03725 2 
109.038 2.726 -0.92772 2.48909 2 
111.603 2.726 0.22202 -0.39135 2 
114.169 2.726 -0.29862 -1.17270 2 
116.735 2.726 -0.20050 -3.36308 2 
119.300 2.726 -0.14770 -4.75062 2 
-8.980 0.160 6.30367 -0.71027 2 
-6.414 0.160 6.55802 -0.54051 2 
-3.848 0.160 6.33824 -0.70679 2 
-1.283 0.160 6.24905 -0.65852 2 
1.283 0.160 6.45598 -0.82922 2 
3.848 0.160 0.00000 -0.00000 0 
6.414 0.160 0.00000 -0.00000 0 
8.980 0.160 0.00000 -0.00000 0 
11.545 0.160 0.00000 -0.00000 0 
14.111 0.160 0.00000 -0.00000 0 
16.676 0.160 0.00000 -0.00000 0 
19.242 0.160 0.00000 -0.00000 0 
21.808 0.160 0.00000 -0.00000 0 
24.373 0.160 0.00000 -0.00000 0 
26.939 0.160 0.00000 -0.00000 0 
29.504 0.160 0.00000 -0.00000 0 
32.070 0.160 0.00000 -0.00000 0 
34.636 0.160 0.00000 -0.00000 0 
37.201 0.160 0.00000 -0.00000 0 
39.767 0.160 -0.41410 -0.20202 2 
42.332 0.160 -0.20712 -0.10376 2 
44.898 0.160 -0.78869 -0.33104 2 
47.464 0.160 -1.02447 -0.70036 2 
50.029 0.160 -1.43617 -0.49608 2 
52.595 0.160 -2.34292 -0.22414 2 
55.160 0.160 -2.10386 -0.43444 2 
57.726 0.160 -1.55258 -0.79484 2 
60.292 0.160 -0.81894 0.06359 2 
62.857 0.160 -0.97188 0.44756 2 
65.423 0.160 -1.92254 -0.15837 2 
67.988 0.160 -1.23910 -0.68348 2 
70.554 0.160 -0.25840 -0.97747 2 
73.120 0.160 0.48024 -0.29451 2 
75.685 0.160 -0.02245 -0.59143 2 
78.251 0.160 -0.13050 0.99292 2 
80.816 0.160 0.99986 1.35496 2 
83.382 0.160 0.64068 0.62459 2 
85.948 0.160 0.21877 0.13099 2 
88.513 0.160 0.82737 0.52969 2 
91.079 0.160 0.02717 1.01886 2 
93.644 0.160 1.42956 1.89219 2 
96.210 0.160 1.22774 2.85367 2 
98.776 0.160 0.52678 2.63302 2 
101.341 0.160 0.84491 2.30425 2 
103.907 0.160 1.01964 2.83612 2 
106.472 0.160 0.21702 2.53034 2 
109.038 0.160 -0.70616 3.29696 2 
111.603 0.160 -0.83509 1.44133 2 
114.169 0.160 -0.36573 -0.35998 2 
116.735 0.160 -0.24580 -2.30354 2 
119.300 0.160 -0.12587 -4.24710 2 
-8.980 -2.405 7.09424 -0.69905 2 
-6.414 -2.405 6.68543 -0.90510 2 
-3.848 -2.405 6.62484 -0.86551 2 
-1.283 -2.405 6.67413 -0.97674 2 
1.283 -2.405 0.00000 -0.00000 0 
3.848 -2.405 0.00000 -0.00000 0 
6.414 -2.405 0.00000 -0.00000 0 
8.980 -2.405 0.00000 -0.00000 0 
11.545 -2.405 0.00000 -0.00000 0 
14.111 -2.405 0.00000 -0.00000 0 
16.676 -2.405 0.00000 -0.00000 0 
19.242 -2.405 0.00000 -0.00000 0 
21.808 -2.405 0.00000 -0.00000 0 
24.373 -2.405 0.00000 -0.00000 0 
26.939 -2.405 0.00000 -0.00000 0 
29.504 -2.405 0.00000 -0.00000 0 
32.070 -2.405 -0.15221 -0.16680 2 
34.636 -2.405 -0.30441 -0.33359 2 
37.201 -2.405 -0.93032 -0.43364 2 
39.767 -2.405 -0.82821 -0.40404 2 
42.332 -2.405 -1.25594 -0.63020 2 
44.898 -2.405 -1.08938 -0.91352 2 
47.464 -2.405 -1.27650 -0.81570 2 
50.029 -2.405 -1.79432 -1.01293 2 
52.595 -2.405 -1.78795 -0.44870 2 
55.160 -2.405 -1.25483 -0.25502 2 
57.726 -2.405 -0.39566 0.19162 2 
60.292 -2.405 0.03590 0.36037 2 
62.857 -2.405 0.93337 0.85240 2 
65.423 -2.405 -0.23558 0.08548 2 
67.988 -2.405 0.59674 -0.11702 2 
70.554 -2.405 -0.54655 0.89319 2 
73.120 -2.405 0.21888 -0.49513 2 
75.685 -2.405 0.50824 0.29992 2 
78.251 -2.405 1.56346 -0.14917 2 
80.816 -2.405 0.54109 1.98801 2 
83.382 -2.405 0.88387 1.04330 2 
85.948 -2.405 1.70864 0.83956 2 
88.513 -2.405 1.25237 0.12119 2 
91.079 -2.405 1.89841 0.84173 2 
93.644 -2.405 0.84089 2.11209 2 
96.210 -2.405 1.19335 2.54839 2 
98.776 -2.405 0.14650 2.56630 2 
101.341 -2.405 -0.34062 1.78267 2 
103.907 -2.405 0.53363 2.32005 2 
106.472 -2.405 1.00231 3.02344 2 
109.038 -2.405 0.60359 3.45979 2 
111.603 -2.405 0.09140 1.87799 2 
114.169 -2.405 0.51019 0.89682 2 
116.735 -2.405 0.19547 -0.93176 2 
119.300 -2.405 -0.11926 -2.76035 2 
-8.980 -4.971 6.90722 -0.84356 2 
-6.414 -4.971 6.67323 -0.86761 2 
-3.848 -4.971 6.66654 -0.93948 2 
-1.283 -4.971 6.36225 -1.08415 2 
1.283 -4.971 0.00000 -0.00000 0 
3.848 -4.971 0.00000 -0.00000 0 
6.414 -4.971 0.00000 -0.00000 0 
8.980 -4.971 0.00000 -0.00000 0 
11.545 -4.971 0.00000 -0.00000 0 
14.111 -4.971 0.00000 -0.00000 0 
16.676 -4.971 0.00000 -0.00000 0 
19.242 -4.971 0.00000 -0.00000 0 
21.808 -4.971 0.00000 -0.00000 0 
24.373 -4.971 0.04157 -0.34721 2 
26.939 -4.971 0.06236 -0.52082 2 
29.504 -4.971 0.03489 -0.44118 2 
32.070 -4.971 -1.10741 -0.11945 2 
34.636 -4.971 -0.57439 -0.24314 2 
37.201 -4.971 -1.68400 -0.37872 2 
39.767 -4.971 -1.48553 -0.03440 2 
42.332 -4.971 -1.30582 -1.05431 2 
44.898 -4.971 -1.39007 -1.49599 2 
47.464 -4.971 -1.52853 -0.93105 2 
50.029 -4.971 -1.87153 -0.89871 2 
52.595 -4.971 0.02165 -0.46084 2 
55.160 -4.971 -0.45588 -0.22633 2 
57.726 -4.971 -0.33559 -0.31819 2 
60.292 -4.971 -0.06045 0.46911 2 
62.857 -4.971 0.69547 0.39922 2 
65.423 -4.971 1.45139 0.32933 2 
67.988 -4.971 2.43258 0.44943 2 
70.554 -4.971 3.77878 1.46735 2 
73.120 -4.971 2.01118 1.99547 2 
75.685 -4.971 2.25245 0.44177 2 
78.251 -4.971 1.61049 1.05368 2 
80.816 -4.971 3.40919 1.46238 2 
83.382 -4.971 3.42137 2.20405 2 
85.948 -4.971 3.19851 1.54814 2 
88.513 -4.971 4.75387 1.24856 2 
91.079 -4.971 4.09087 0.80415 2 
93.644 -4.971 1.28920 1.24432 2 
96.210 -4.971 2.30833 1.94702 2 
98.776 -4.971 2.20728 1.58721 2 
101.341 -4.971 -0.31742 2.17608 2 
103.907 -4.971 3.16619 1.97136 2 
106.472 -4.971 2.53977 2.79699 2 
109.038 -4.971 1.91334 3.62262 2 
111.603 -4.971 0.66023 2.25358 2 
114.169 -4.971 0.59729 0.92592 2 
116.735 -4.971 -0.37903 1.52338 2 
119.300 -4.971 -0.11772 -0.76675 2 
-8.980 -7.536 6.91441 -0.94098 2 
-6.414 -7.536 6.92716 -0.93138 2 
-3.848 -7.536 6.72584 -1.20448 2 
-1.283 -7.536 6.55761 -1.31510 2 
1.283 -7.536 6.62952 -1.63225 2 
3.848 -7.536 0.00000 -0.00000 0 
6.414 -7.536 3.63332 -1.36917 2 
8.980 -7.536 3.92650 -1.74236 2 
11.545 -7.536 2.50358 -0.63362 2 
14.111 -7.536 -0.15897 -0.20882 2 
16.676 -7.536 0.28462 -0.36191 2 
19.242 -7.536 -0.67182 0.17496 2 
21.808 -7.536 -0.65703 -0.37596 2 
24.373 -7.536 -0.26616 -0.70880 2 
26.939 -7.536 0.12471 -1.04164 2 
29.504 -7.536 0.06978 -0.88235 2 
32.070 -7.536 -2.06262 -0.07210 2 
34.636 -7.536 -0.84437 -0.15268 2 
37.201 -7.536 -0.16260 -0.35964 2 
39.767 -7.536 -1.30790 -0.05100 2 
42.332 -7.536 -1.35570 -1.47842 2 
44.898 -7.536 -1.56924 -1.56665 2 
47.464 -7.536 -1.78279 -1.65488 2 
50.029 -7.536 -0.99437 -0.39219 2 
52.595 -7.536 0.51448 -0.75631 2 
55.160 -7.536 0.75946 -0.28201 2 
57.726 -7.536 -0.13025 0.73849 2 
60.292 -7.536 0.91057 1.03854 2 
62.857 -7.536 1.54969 0.94700 2 
65.423 -7.536 2.18882 0.85546 2 
67.988 -7.536 2.58102 1.25759 2 
70.554 -7.536 4.01019 1.33721 2 
73.120 -7.536 4.45647 1.56798 2 
75.685 -7.536 3.99665 0.58361 2 
78.251 -7.536 4.59556 1.67529 2 
80.816 -7.536 4.26868 1.67878 2 
83.382 -7.536 4.30354 2.14046 2 
85.948 -7.536 4.11992 1.39375 2 
88.513 -7.536 5.47863 1.93491 2 
91.079 -7.536 4.52853 0.75774 2 
93.644 -7.536 4.67113 1.79545 2 
96.210 -7.536 4.30599 0.69436 2 
98.776 -7.536 3.85406 1.86972 2 
101.341 -7.536 2.61364 2.56172 2 
103.907 -7.536 4.53130 2.36529 2 
106.472 -7.536 4.88300 2.17715 2 
109.038 -7.536 3.21605 2.75272 2 
111.603 -7.536 2.88185 2.24512 2 
114.169 -7.536 1.29687 1.17775 2 
116.735 -7.536 0.40655 -0.31496 2 
119.300 -7.536 -0.22164 0.98184 2 
-8.980 -10.102 7.32844 -0.84696 2 
-6.414 -10.102 7.13339 -1.07932 2 
-3.848 -10.102 6.80248 -1.15555 2 
-1.283 -10.102 6.97003 -1.42608 2 
1.283 -10.102 6.92406 -1.71474 2 
3.848 -10.102 7.07089 -2.42640 2 
6.414 -10.102 7.26665 -2.73834 2 
8.980 -10.102 7.85300 -3.48471 2 
11.545 -10.102 7.73357 -3.24240 2 
14.111 -10.102 8.41852 -3.14138 2 
16.676 -10.102 2.37043 -1.27627 2 
19.242 -10.102 2.31562 -0.04791 2 
21.808 -10.102 3.77701 -2.29321 2 
24.373 -10.102 -0.11349 -2.18306 2 
26.939 -10.102 3.43396 -2.23660 2 
29.504 -10.102 1.75983 -1.03397 2 
32.070 -10.102 0.08569 0.16865 2 
34.636 -10.102 1.94520 -0.22822 2 
37.201 -10.102 1.35881 -0.34056 2 
39.767 -10.102 -0.07141 0.32799 2 
42.332 -10.102 2.01196 0.04066 2 
44.898 -10.102 3.22656 -0.14392 2 
47.464 -10.102 4.44115 -0.32850 2 
50.029 -10.102 3.36902 -0.08048 2 
52.595 -10.102 1.00731 -1.05178 2 
55.160 -10.102 1.97481 -0.33768 2 
57.726 -10.102 3.25248 1.16011 2 
60.292 -10.102 3.18570 1.15716 2 
62.857 -10.102 2.14744 0.03806 2 
65.423 -10.102 1.36810 0.61930 2 
67.988 -10.102 2.95136 0.99287 2 
70.554 -10.102 2.56431 1.23523 2 
73.120 -10.102 6.12126 1.85942 2 
75.685 -10.102 4.37390 1.39811 2 
78.251 -10.102 6.26022 1.78862 2 
80.816 -10.102 5.89367 1.72198 2 
83.382 -10.102 4.91229 0.87722 2 
85.948 -10.102 5.04133 1.23936 2 
88.513 -10.102 6.16564 0.96707 2 
91.079 -10.102 4.69667 1.21558 2 
93.644 -10.102 5.47797 1.65071 2 
96.210 -10.102 5.77786 1.24288 2 
98.776 -10.102 5.50085 2.15223 2 
101.341 -10.102 5.54471 2.94736 2 
103.907 -10.102 5.19577 2.59353 2 
106.472 -10.102 4.84684 2.23970 2 
109.038 -10.102 3.41566 1.50512 2 
111.603 -10.102 1.67474 1.30522 2 
114.169 -10.102 0.21809 0.47233 2 
116.735 -10.102 1.14197 0.50021 2 
119.300 -10.102 -0.11379 0.12379 1 
-8.980 -12.668 7.49752 -0.90733 2 
-6.414 -12.668 7.11315 -1.16677 2 
-3.848 -12.668 7.18378 -1.34513 2 
-1.283 -12.668 7.11019 -1.43253 2 
1.283 -12.668 7.02635 -1.91059 2 
3.848 -12.668 7.23040 -2.12447 2 
6.414 -12.668 7.19147 -2.45225 2 
8.980 -12.668 7.58705 -2.62415 2 
11.545 -12.668 8.33927 -2.92638 2 
14.111 -12.668 8.53088 -2.80979 2 
16.676 -12.668 8.57186 -2.43939 2 
19.242 -12.668 9.30646 -2.57899 2 
21.808 -12.668 9.81049 -2.30476 2 
24.373 -12.668 9.39697 -1.66931 2 
26.939 -12.668 9.67855 -1.12800 2 
29.504 -12.668 9.32048 -1.84175 2 
32.070 -12.668 5.39504 -0.20963 2 
34.636 -12.668 4.73477 -0.30376 2 
37.201 -12.668 5.27415 -0.52139 2 
39.767 -12.668 3.57502 -1.01930 2 
42.332 -12.668 4.20264 -0.07708 2 
44.898 -12.668 3.44475 -1.37431 2 
47.464 -12.668 4.46785 -0.93798 2 
50.029 -12.668 3.37664 -1.47842 2 
52.595 -12.668 4.61297 0.76446 2 
55.160 -12.668 5.62409 1.17310 2 
57.726 -12.668 6.63521 1.58174 2 
60.292 -12.668 7.07158 1.04186 2 
62.857 -12.668 5.83792 0.68374 2 
65.423 -12.668 3.60297 1.08957 2 
67.988 -12.668 5.07620 0.71473 2 
70.554 -12.668 6.93238 0.25538 2 
73.120 -12.668 7.30818 1.67215 2 
75.685 -12.668 6.30075 1.13725 2 
78.251 -12.668 7.92487 1.90196 2 
80.816 -12.668 7.82915 1.87596 2 
83.382 -12.668 7.73342 1.84996 2 
85.948 -12.668 6.72045 0.47995 2 
88.513 -12.668 6.85266 -0.00078 2 
91.079 -12.668 6.53592 1.63286 2 
93.644 -12.668 6.77310 1.81439 2 
96.210 -12.668 5.74279 0.80724 2 
98.776 -12.668 5.77840 2.29287 2 
101.341 -12.668 7.20670 3.10408 2 
103.907 -12.668 5.72538 3.19556 2 
106.472 -12.668 4.33323 1.93545 2 
109.038 -12.668 4.85135 0.64798 2 
111.603 -12.668 3.51959 0.31683 2 
114.169 -12.668 2.59698 -0.14557 2 
116.735 -12.668 2.84168 0.30584 2 
119.300 -12.668 0.02059 -0.35133 1 
-8.980 -15.233 7.10707 -0.86691 2 
-6.414 -15.233 7.24900 -1.15168 2 
-3.848 -15.233 7.27627 -1.23571 2 
-1.283 -15.233 7.30049 -1.52327 2 
1.283 -15.233 7.26684 -1.78086 2 
3.848 -15.233 7.46249 -1.93835 2 
6.414 -15.233 7.50896 -2.19435 2 
8.980 -15.233 8.00112 -2.38742 2 
11.545 -15.233 8.28818 -2.28949 2 
14.111 -15.233 8.64324 -2.47819 2 
16.676 -15.233 9.12566 -2.32631 2 
19.242 -15.233 9.21635 -2.25771 2 
21.808 -15.233 9.26023 -2.21263 2 
24.373 -15.233 9.45919 -1.72933 2 
26.939 -15.233 9.43330 -1.86877 2 
29.504 -15.233 9.57834 -1.87620 2 
32.070 -15.233 9.97080 -1.57714 2 
34.636 -15.233 10.35546 -1.08223 2 
37.201 -15.233 7.64386 -0.76251 2 
39.767 -15.233 9.18551 -0.79358 2 
42.332 -15.233 9.42673 -0.38664 2 
44.898 -15.233 8.29457 -0.32814 2 
47.464 -15.233 8.59950 -0.15429 2 
50.029 -15.233 8.90443 0.01956 2 
52.595 -15.233 7.35306 0.64032 2 
55.160 -15.233 9.57865 0.74405 2 
57.726 -15.233 8.98865 0.30602 2 
60.292 -15.233 10.64472 1.34263 2 
62.857 -15.233 8.97103 -0.08634 2 
65.423 -15.233 8.02825 1.17806 2 
67.988 -15.233 7.20104 0.43658 2 
70.554 -15.233 9.15446 1.04084 2 
73.120 -15.233 8.49510 1.48489 2 
75.685 -15.233 8.22760 0.87638 2 
78.251 -15.233 8.97469 1.23717 2 
80.816 -15.233 8.74586 0.90231 2 
83.382 -15.233 8.51704 0.56746 2 
85.948 -15.233 9.41116 1.06338 2 
88.513 -15.233 7.87792 0.43002 2 
91.079 -15.233 8.68849 0.82606 2 
93.644 -15.233 7.99545 1.42286 2 
96.210 -15.233 9.59578 1.67103 2 
98.776 -15.233 9.12103 2.07949 2 
101.341 -15.233 8.40752 1.15051 2 
103.907 -15.233 7.87617 2.23261 2 
106.472 -15.233 7.40568 1.73929 2 
109.038 -15.233 6.28705 -0.20917 2 
111.603 -15.233 4.79371 -0.31005 2 
114.169 -15.233 3.30038 -0.41092 2 
116.735 -15.233 4.54140 0.11146 2 
119.300 -15.233 0.00000 -0.00000 0 
-8.980 -17.799 7.38740 -1.10307 2 
-6.414 -17.799 7.30734 -1.14911 2 
-3.848 -17.799 7.44585 -1.23157 2 
-1.283 -17.799 7.27992 -1.50576 2 
1.283 -17.799 7.47114 -1.57689 2 
3.848 -17.799 7.46666 -1.83320 2 
6.414 -17.799 7.92178 -1.88893 2 
8.980 -17.799 8.04167 -2.02374 2 
11.545 -17.799 8.28108 -2.15159 2 
14.111 -17.799 8.59836 -2.21237 2 
16.676 -17.799 8.79749 -2.16334 2 
19.242 -17.799 8.95564 -2.04327 2 
21.808 -17.799 9.11177 -1.96928 2 
24.373 -17.799 9.23260 -1.88519 2 
26.939 -17.799 9.45994 -1.72708 2 
29.504 -17.799 9.56208 -1.65841 2 
32.070 -17.799 9.95468 -1.21638 2 
34.636 -17.799 9.69072 -1.05156 2 
37.201 -17.799 10.01357 -1.00362 2 
39.767 -17.799 9.94287 -0.99404 2 
42.332 -17.799 9.78608 -0.58875 2 
44.898 -17.799 9.45405 -1.09055 2 
47.464 -17.799 9.94949 -0.69647 2 
50.029 -17.799 10.44494 -0.30239 2 
52.595 -17.799 10.09315 0.51618 2 
55.160 -17.799 10.19676 0.19210 2 
57.726 -17.799 9.86352 0.03256 2 
60.292 -17.799 10.19076 0.49371 2 
62.857 -17.799 10.06174 0.76591 2 
65.423 -17.799 9.40348 0.91337 2 
67.988 -17.799 9.30584 0.88068 2 
70.554 -17.799 9.38762 0.65655 2 
73.120 -17.799 9.20415 0.81893 2 
75.685 -17.799 8.80258 0.57352 2 
78.251 -17.799 9.01152 0.16246 2 
80.816 -17.799 9.16828 0.49112 2 
83.382 -17.799 8.86105 0.58022 2 
85.948 -17.799 9.30084 0.52492 2 
88.513 -17.799 8.90318 0.86082 2 
91.079 -17.799 9.35445 0.71511 2 
93.644 -17.799 9.21781 1.03132 2 
96.210 -17.799 9.16602 1.03648 2 
98.776 -17.799 8.84917 1.11483 2 
101.341 -17.799 8.86869 1.12126 2 
103.907 -17.799 8.43756 0.93296 2 
106.472 -17.799 8.27214 0.68536 2 
109.038 -17.799 8.68819 0.56816 2 
111.603 -17.799 7.81236 -0.61091 2 
114.169 -17.799 6.20774 -0.11304 2 
116.735 -17.799 8.88523 -0.44207 2 
119.300 -17.799 0.00000 -0.00000 0 
-8.980 -20.364 7.36781 -1.01760 2 
-6.414 -20.364 7.49439 -1.02908 2 
-3.848 -20.364 7.39567 -1.17591 2 
-1.283 -20.364 7.64067 -1.43151 2 
1.283 -20.364 7.53219 -1.35712 2 
3.848 -20.364 7.87285 -1.54591 2 
6.414 -20.364 7.90655 -1.86053 2 
8.980 -20.364 8.12516 -1.87748 2 
11.545 -20.364 8.51324 -2.04391 2 
14.111 -20.364 8.63909 -2.03248 2 
16.676 -20.364 8.78092 -1.89811 2 
19.242 -20.364 8.91489 -1.83252 2 
21.808 -20.364 9.02655 -1.83625 2 
24.373 -20.364 9.09785 -1.65091 2 
26.939 -20.364 9.20994 -1.60070 2 
29.504 -20.364 9.35492 -1.38617 2 
32.070 -20.364 9.39543 -1.23080 2 
34.636 -20.364 9.70453 -1.01895 2 
37.201 -20.364 9.66851 -1.05619 2 
39.767 -20.364 9.62445 -0.81460 2 
42.332 -20.364 9.53789 -0.80065 2 
44.898 -20.364 9.71287 -0.75173 2 
47.464 -20.364 9.94876 -0.74759 2 
50.029 -20.364 10.06940 -0.57097 2 
52.595 -20.364 10.12957 -0.08274 2 
55.160 -20.364 9.89790 0.16763 2 
57.726 -20.364 9.88960 0.01436 2 
60.292 -20.364 9.81726 0.27053 2 
62.857 -20.364 9.80727 0.61751 2 
65.423 -20.364 9.48725 0.59811 2 
67.988 -20.364 9.23830 0.42400 2 
70.554 -20.364 9.27151 0.45179 2 
73.120 -20.364 8.95185 0.71792 2 
75.685 -20.364 8.97272 0.49478 2 
78.251 -20.364 9.20184 0.45059 2 
80.816 -20.364 8.97188 0.22390 2 
83.382 -20.364 9.00456 0.58561 2 
85.948 -20.364 8.99958 0.44492 2 
88.513 -20.364 9.06935 0.55123 2 
91.079 -20.364 9.03602 0.61459 2 
93.644 -20.364 9.08741 0.71372 2 
96.210 -20.364 9.03255 0.63893 2 
98.776 -20.364 8.79012 0.83198 2 
101.341 -20.364 8.82163 0.58362 2 
103.907 -20.364 8.74321 0.65876 2 
106.472 -20.364 8.45699 0.34497 2 
109.038 -20.364 8.37827 0.19374 2 
111.603 -20.364 10.11481 -0.13329 2 
114.169 -20.364 9.11510 0.18485 2 
116.735 -20.364 10.10638 0.99999 2 
119.300 -20.364 0.00000 -0.00000 0 
-8.980 -22.930 7.34823 -0.93213 2 
-6.414 -22.930 7.56034 -1.10320 2 
-3.848 -22.930 7.53217 -1.27836 2 
-1.283 -22.930 7.62616 -1.21513 2 
1.283 -22.930 7.65951 -1.44647 2 
3.848 -22.930 7.91689 -1.60968 2 
6.414 -22.930 7.90804 -1.52578 2 
8.980 -22.930 8.09269 -1.67462 2 
11.545 -22.930 8.42635 -1.82147 2 
14.111 -22.930 8.46000 -1.82961 2 
16.676 -22.930 8.63117 -1.50506 2 
19.242 -22.930 8.75466 -1.80292 2 
21.808 -22.930 8.84137 -1.76548 2 
24.373 -22.930 9.06558 -1.48107 2 
26.939 -22.930 9.21539 -1.23910 2 
29.504 -22.930 9.24483 -1.21486 2 
32.070 -22.930 9.36551 -1.32771 2 
34.636 -22.930 9.41237 -0.84642 2 
37.201 -22.930 9.60064 -0.86301 2 
39.767 -22.930 9.41805 -0.91373 2 
42.332 -22.930 9.58906 -0.79567 2 
44.898 -22.930 9.62408 -0.76107 2 
47.464 -22.930 9.77799 -0.64388 2 
50.029 -22.930 9.74971 -0.37939 2 
52.595 -22.930 9.75527 -0.35056 2 
55.160 -22.930 9.76835 -0.21414 2 
57.726 -22.930 9.69655 0.05391 2 
60.292 -22.930 9.66573 0.18842 2 
62.857 -22.930 9.52874 0.45374 2 
65.423 -22.930 9.38282 0.38408 2 
67.988 -22.930 9.08820 0.49831 2 
70.554 -22.930 9.22020 0.58050 2 
73.120 -22.930 9.06420 0.29213 2 
75.685 -22.930 8.95821 0.41040 2 
78.251 -22.930 9.19284 0.38706 2 
80.816 -22.930 8.94007 0.54990 2 
83.382 -22.930 9.14080 0.32996 2 
85.948 -22.930 9.01732 0.42472 2 
88.513 -22.930 8.91866 0.48571 2 
91.079 -22.930 9.03704 0.29343 2 
93.644 -22.930 9.03575 0.48438 2 
96.210 -22.930 8.98103 0.47244 2 
98.776 -22.930 9.03963 0.54438 2 
101.341 -22.930 8.89515 0.39282 2 
103.907 -22.930 8.76789 0.44702 2 
106.472 -22.930 8.68903 0.13983 2 
109.038 -22.930 8.65993 0.15090 2 
111.603 -22.930 9.60678 -0.09343 2 
114.169 -22.930 9.77568 0.33453 2 
116.735 -22.930 10.20689 0.90675 2 
119.300 -22.930 0.00000 -0.00000 0 
-8.980 -25.496 7.60065 -1.06929 2 
-6.414 -25.496 7.63488 -0.82203 2 
-3.848 -25.496 7.65401 -1.11274 2 
-1.283 -25.496 7.68240 -1.26898 2 
1.283 -25.496 7.75853 -1.38502 2 
3.848 -25.496 7.87317 -1.36535 2 
6.414 -25.496 8.06586 -1.31157 2 
8.980 -25.496 8.17816 -1.57297 2 
11.545 -25.496 8.38287 -1.56168 2 
14.111 -25.496 8.44221 -1.39348 2 
16.676 -25.496 8.68120 -1.64761 2 
19.242 -25.496 8.78917 -1.47589 2 
21.808 -25.496 8.83157 -1.39162 2 
24.373 -25.496 8.94157 -1.23233 2 
26.939 -25.496 9.09293 -1.20944 2 
29.504 -25.496 9.19134 -1.10360 2 
32.070 -25.496 9.21866 -0.91254 2 
34.636 -25.496 9.43350 -0.96009 2 
37.201 -25.496 9.37690 -0.84238 2 
39.767 -25.496 9.43599 -0.92788 2 
42.332 -25.496 9.40085 -0.60114 2 
44.898 -25.496 9.51922 -0.72510 2 
47.464 -25.496 9.69535 -0.64678 2 
50.029 -25.496 9.62554 -0.51146 2 
52.595 -25.496 9.44181 -0.33090 2 
55.160 -25.496 9.68017 -0.11956 2 
57.726 -25.496 9.66949 -0.06565 2 
60.292 -25.496 9.46944 0.17070 2 
62.857 -25.496 9.38489 0.26682 2 
65.423 -25.496 9.30598 0.18968 2 
67.988 -25.496 9.24849 0.38890 2 
70.554 -25.496 9.15381 0.25357 2 
73.120 -25.496 9.13242 0.36648 2 
75.685 -25.496 9.01217 0.25689 2 
78.251 -25.496 8.93925 0.54455 2 
80.816 -25.496 8.96176 0.22149 2 
83.382 -25.496 8.85921 0.34842 2 
85.948 -25.496 9.08354 0.44263 2 
88.513 -25.496 9.01851 0.26838 2 
91.079 -25.496 8.96372 0.50691 2 
93.644 -25.496 8.85574 0.39979 2 
96.210 -25.496 8.95905 0.46813 2 
98.776 -25.496 8.82755 0.42041 2 
101.341 -25.496 8.97724 0.46527 2 
103.907 -25.496 8.84976 0.50518 2 
106.472 -25.496 8.87385 0.20605 2 
109.038 -25.496 8.94158 0.10806 2 
111.603 -25.496 9.09875 -0.05357 2 
114.169 -25.496 9.34658 0.26747 2 
116.735 -25.496 9.48412 0.65433 2 
119.300 -25.496 0.00000 -0.00000 0 
-8.980 -28.061 7.36792 -0.92493 2 
-6.414 -28.061 7.58756 -1.01876 2 
-3.848 -28.061 7.88293 -1.07620 2 
-1.283 -28.061 7.83304 -1.00998 2 
1.283 -28.061 7.83264 -1.13944 2 
3.848 -28.061 8.11640 -1.20622 2 
6.414 -28.061 8.10035 -1.40203 2 
8.980 -28.061 8.22991 -1.38353 2 
11.545 -28.061 8.42085 -1.38582 2 
14.111 -28.061 8.61708 -1.37259 2 
16.676 -28.061 8.56082 -1.35168 2 
19.242 -28.061 8.76523 -1.33113 2 
21.808 -28.061 8.85111 -1.34816 2 
24.373 -28.061 8.99498 -1.22976 2 
26.939 -28.061 8.91238 -1.21772 2 
29.504 -28.061 9.16691 -0.99332 2 
32.070 -28.061 9.13432 -1.14215 2 
34.636 -28.061 9.13893 -0.94111 2 
37.201 -28.061 9.35826 -0.72946 2 
39.767 -28.061 9.21638 -0.81204 2 
42.332 -28.061 9.28856 -0.65672 2 
44.898 -28.061 9.54133 -0.64458 2 
47.464 -28.061 9.41798 -0.48324 2 
50.029 -28.061 9.43217 -0.35092 2 
52.595 -28.061 9.53553 -0.36540 2 
55.160 -28.061 9.25068 -0.21944 2 
57.726 -28.061 9.52261 0.09540 2 
60.292 -28.061 9.27713 0.20330 2 
62.857 -28.061 9.35457 0.10073 2 
65.423 -28.061 9.22085 0.24710 2 
67.988 -28.061 9.18988 0.25318 2 
70.554 -28.061 9.03642 0.16561 2 
73.120 -28.061 9.16395 0.25059 2 
75.685 -28.061 9.01824 0.33429 2 
78.251 -28.061 8.99766 0.24792 2 
80.816 -28.061 8.85608 0.33656 2 
83.382 -28.061 9.06528 0.26804 2 
85.948 -28.061 9.03719 0.37265 2 
88.513 -28.061 8.93859 0.30972 2 
91.079 -28.061 8.97663 0.33140 2 
93.644 -28.061 9.00758 0.21655 2 
96.210 -28.061 9.07271 0.29193 2 
98.776 -28.061 8.93509 0.33229 2 
101.341 -28.061 8.93054 0.40109 2 
103.907 -28.061 8.87346 0.26503 2 
106.472 -28.061 8.83626 0.07069 2 
109.038 -28.061 9.11481 0.26530 2 
111.603 -28.061 8.92014 0.25913 2 
114.169 -28.061 8.99694 0.36635 2 
116.735 -28.061 9.75350 0.54556 2 
119.300 -28.061 0.00000 -0.00000 0 
-8.980 -30.627 7.82448 -0.96886 2 
-6.414 -30.627 7.77688 -0.93768 2 
-3.848 -30.627 7.77711 -0.96979 2 
-1.283 -30.627 7.89483 -1.06977 2 
1.283 -30.627 7.79086 -1.07500 2 
3.848 -30.627 8.09232 -1.19109 2 
6.414 -30.627 8.23440 -1.18360 2 
8.980 -30.627 8.31517 -1.27713 2 
11.545 -30.627 8.25889 -1.22138 2 
14.111 -30.627 8.51765 -1.31659 2 
16.676 -30.627 8.65883 -1.25605 2 
19.242 -30.627 8.64004 -1.37469 2 
21.808 -30.627 8.78587 -1.16659 2 
24.373 -30.627 8.93136 -1.27697 2 
26.939 -30.627 8.85319 -1.09946 2 
29.504 -30.627 8.82874 -0.92492 2 
32.070 -30.627 9.07052 -1.00228 2 
34.636 -30.627 9.21103 -0.79490 2 
37.201 -30.627 9.28254 -0.83918 2 
39.767 -30.627 9.24975 -0.70597 2 
42.332 -30.627 9.29844 -0.60866 2 
44.898 -30.627 9.12246 -0.67931 2 
47.464 -30.627 9.17693 -0.69004 2 
50.029 -30.627 9.28215 -0.52362 2 
52.595 -30.627 9.28091 -0.24452 2 
55.160 -30.627 9.41518 -0.25358 2 
57.726 -30.627 9.41054 -0.30029 2 
60.292 -30.627 9.37422 -0.12453 2 
62.857 -30.627 9.21284 0.12001 2 
65.423 -30.627 9.14386 0.21920 2 
67.988 -30.627 9.23805 0.05960 2 
70.554 -30.627 9.15616 0.42395 2 
73.120 -30.627 9.06747 0.11326 2 
75.685 -30.627 9.00310 0.17665 2 
78.251 -30.627 9.13912 0.35545 2 
80.816 -30.627 9.00863 0.26963 2 
83.382 -30.627 9.10802 0.16836 2 
85.948 -30.627 8.99908 0.23899 2 
88.513 -30.627 8.82848 0.38947 2 
91.079 -30.627 8.94946 0.31783 2 
93.644 -30.627 8.88852 0.26129 2 
96.210 -30.627 9.05809 0.43526 2 
98.776 -30.627 9.02718 0.36974 2 
101.341 -30.627 8.88899 0.27395 2 
103.907 -30.627 8.98185 0.37122 2 
106.472 -30.627 8.91509 0.52739 2 
109.038 -30.627 9.00857 0.38954 2 
111.603 -30.627 9.03388 0.34476 2 
114.169 -30.627 8.86071 0.52080 2 
116.735 -30.627 9.59331 0.51486 2 
119.300 -30.627 0.00000 -0.00000 0 
-8.980 -33.192 7.71682 -0.90163 2 
-6.414 -33.192 7.75936 -0.83588 2 
-3.848 -33.192 7.86809 -0.98267 2 
-1.283 -33.192 8.01875 -0.92227 2 
1.283 -33.192 8.12698 -1.11348 2 
3.848 -33.192 8.06889 -1.11229 2 
6.414 -33.192 8.30783 -1.06859 2 
8.980 -33.192 8.32521 -1.03759 2 
11.545 -33.192 8.37842 -1.26976 2 
14.111 -33.192 8.51737 -1.21390 2 
16.676 -33.192 8.56733 -1.04804 2 
19.242 -33.192 8.67312 -1.06127 2 
21.808 -33.192 8.65385 -1.11679 2 
24.373 -33.192 8.75634 -0.98105 2 
26.939 -33.192 8.98019 -1.08012 2 
29.504 -33.192 8.95989 -0.85202 2 
32.070 -33.192 8.98297 -0.93888 2 
34.636 -33.192 9.09489 -0.76303 2 
37.201 -33.192 9.06878 -0.84843 2 
39.767 -33.192 9.17903 -0.67214 2 
42.332 -33.192 9.18577 -0.67788 2 
44.898 -33.192 9.26953 -0.62691 2 
47.464 -33.192 9.28061 -0.45280 2 
50.029 -33.192 9.21775 -0.46508 2 
52.595 -33.192 9.30400 -0.48607 2 
55.160 -33.192 9.31644 -0.33208 2 
57.726 -33.192 9.20713 0.02641 2 
60.292 -33.192 9.24614 -0.08116 2 
62.857 -33.192 9.03813 0.02972 2 
65.423 -33.192 9.13283 0.06830 2 
67.988 -33.192 9.16227 0.10598 2 
70.554 -33.192 9.11877 0.14208 2 
73.120 -33.192 9.05861 0.25002 2 
75.685 -33.192 9.06837 0.30050 2 
78.251 -33.192 8.92614 0.20705 2 
80.816 -33.192 8.98132 0.26890 2 
83.382 -33.192 8.96881 0.30217 2 
85.948 -33.192 8.82239 0.36299 2 
88.513 -33.192 8.96379 0.18901 2 
91.079 -33.192 9.01375 0.28989 2 
93.644 -33.192 8.94022 0.37983 2 
96.210 -33.192 8.93740 0.40965 2 
98.776 -33.192 8.82669 0.25392 2 
101.341 -33.192 8.90255 0.40724 2 
103.907 -33.192 8.82424 0.39651 2 
106.472 -33.192 8.82748 0.48735 2 
109.038 -33.192 8.98871 0.45768 2 
111.603 -33.192 8.94545 0.41610 2 
114.169 -33.192 8.85921 0.55300 2 
116.735 -33.192 9.43312 0.48417 2 
119.300 -33.192 0.00000 -0.00000 0 
-8.980 -35.758 7.98245 -0.78416 2 
-6.414 -35.758 7.81999 -0.83272 2 
-3.848 -35.758 7.87218 -0.94317 2 
-1.283 -35.758 7.93987 -1.03840 2 
1.283 -35.758 8.00681 -1.03430 2 
3.848 -35.758 8.01015 -1.04489 2 
6.414 -35.758 8.23410 -1.14586 2 
8.980 -35.758 8.30120 -1.04757 2 
11.545 -35.758 8.39391 -1.17442 2 
14.111 -35.758 8.41119 -1.00266 2 
16.676 -35.758 8.54671 -0.90231 2 
19.242 -35.758 8.66293 -1.04883 2 
21.808 -35.758 8.75883 -1.00515 2 
24.373 -35.758 8.86055 -0.96402 2 
26.939 -35.758 8.76462 -0.88743 2 
29.504 -35.758 8.94986 -0.82546 2 
32.070 -35.758 8.94895 -0.98931 2 
34.636 -35.758 8.99620 -0.70886 2 
37.201 -35.758 9.11858 -0.71583 2 
39.767 -35.758 9.05072 -0.79597 2 
42.332 -35.758 9.19564 -0.64461 2 
44.898 -35.758 9.17725 -0.56044 2 
47.464 -35.758 9.16497 -0.63931 2 
50.029 -35.758 9.07573 -0.48833 2 
52.595 -35.758 9.15972 -0.23884 2 
55.160 -35.758 9.27684 -0.18040 2 
57.726 -35.758 8.93242 -0.06351 2 
60.292 -35.758 9.12356 -0.18629 2 
62.857 -35.758 9.30385 -0.13057 2 
65.423 -35.758 9.14448 0.16197 2 
67.988 -35.758 8.97943 0.13580 2 
70.554 -35.758 9.13044 0.10457 2 
73.120 -35.758 9.04480 0.17480 2 
75.685 -35.758 9.05633 0.12541 2 
78.251 -35.758 8.90590 0.21847 2 
80.816 -35.758 9.00557 0.35927 2 
83.382 -35.758 8.98082 0.19109 2 
85.948 -35.758 8.83278 0.18641 2 
88.513 -35.758 8.88907 0.29248 2 
91.079 -35.758 8.83564 0.26654 2 
93.644 -35.758 8.89144 0.21259 2 
96.210 -35.758 8.86303 0.20018 2 
98.776 -35.758 8.79007 0.37059 2 
101.341 -35.758 8.96269 0.25580 2 
103.907 -35.758 8.90957 0.35453 2 
106.472 -35.758 8.83254 0.45125 2 
109.038 -35.758 8.84948 0.49335 2 
111.603 -35.758 8.84066 0.55155 2 
114.169 -35.758 8.92647 0.50785 2 
116.735 -35.758 9.27293 0.45348 2 
119.300 -35.758 0.00000 -0.00000 0 
-8.980 -38.324 7.65188 -0.82035 2 
-6.414 -38.324 7.93361 -0.89234 2 
-3.848 -38.324 8.07977 -0.81840 2 
-1.283 -38.324 8.01242 -0.85140 2 
1.283 -38.324 8.08443 -0.94667 2 
3.848 -38.324 8.27812 -0.99745 2 
6.414 -38.324 8.09888 -0.94415 2 
8.980 -38.324 8.43533 -0.87141 2 
11.545 -38.324 8.37870 -1.01552 2 
14.111 -38.324 8.39503 -1.01127 2 
16.676 -38.324 8.59945 -1.01023 2 
19.242 -38.324 8.63553 -1.00731 2 
21.808 -38.324 8.82192 -0.84969 2 
24.373 -38.324 8.77487 -0.94340 2 
26.939 -38.324 8.69773 -0.81207 2 
29.504 -38.324 8.95523 -0.84398 2 
32.070 -38.324 8.96854 -0.84388 2 
34.636 -38.324 8.84919 -0.71080 2 
37.201 -38.324 9.00754 -0.73172 2 
39.767 -38.324 8.96595 -0.57803 2 
42.332 -38.324 8.87074 -0.61296 2 
44.898 -38.324 9.10655 -0.63597 2 
47.464 -38.324 9.14020 -0.50701 2 
50.029 -38.324 9.02194 -0.50167 2 
52.595 -38.324 9.08029 -0.24430 2 
55.160 -38.324 9.12663 -0.38918 2 
57.726 -38.324 9.18320 -0.19414 2 
60.292 -38.324 9.11948 -0.18230 2 
62.857 -38.324 9.04386 -0.18513 2 
65.423 -38.324 9.15975 0.04417 2 
67.988 -38.324 9.06419 0.07612 2 
70.554 -38.324 9.00636 0.14439 2 
73.120 -38.324 9.00956 0.02786 2 
75.685 -38.324 8.95480 0.17883 2 
78.251 -38.324 8.98138 0.28768 2 
80.816 -38.324 8.91189 0.22472 2 
83.382 -38.324 8.87969 0.05530 2 
85.948 -38.324 8.82483 0.35469 2 
88.513 -38.324 9.06673 0.14481 2 
91.079 -38.324 8.94508 0.40062 2 
93.644 -38.324 8.89055 0.22686 2 
96.210 -38.324 8.71260 0.37755 2 
98.776 -38.324 8.90892 0.42128 2 
101.341 -38.324 8.80792 0.42662 2 
103.907 -38.324 8.97947 0.40494 2 
106.472 -38.324 8.74381 0.37963 2 
109.038 -38.324 8.71193 0.51160 2 
111.603 -38.324 8.75834 0.57940 2 
114.169 -38.324 8.65252 0.58443 2 
116.735 -38.324 9.11274 0.42279 2 
119.300 -38.324 0.00000 -0.00000 0 
-8.980 -40.889 7.93127 -0.78385 2 
-6.414 -40.889 8.04252 -0.86923 2 
-3.848 -40.889 8.04580 -0.74850 2 
-1.283 -40.889 8.10372 -0.83858 2 
1.283 -40.889 7.94599 -0.75416 2 
3.848 -40.889 8.04058 -0.88622 2 
6.414 -40.889 8.41730 -0.89647 2 
8.980 -40.889 8.30141 -1.03424 2 
11.545 -40.889 8.39546 -0.92533 2 
14.111 -40.889 8.61566 -0.84976 2 
16.676 -40.889 8.61159 -0.87023 2 
19.242 -40.889 8.66311 -0.96653 2 
21.808 -40.889 8.70974 -0.86601 2 
24.373 -40.889 8.75320 -0.81293 2 
26.939 -40.889 8.81541 -0.75263 2 
29.504 -40.889 8.94169 -0.82923 2 
32.070 -40.889 8.77402 -0.67351 2 
34.636 -40.889 8.95097 -0.85169 2 
37.201 -40.889 8.97039 -0.73622 2 
39.767 -40.889 9.01289 -0.57014 2 
42.332 -40.889 9.16605 -0.76991 2 
44.898 -40.889 9.00800 -0.50964 2 
47.464 -40.889 9.06614 -0.49667 2 
50.029 -40.889 9.03020 -0.33115 2 
52.595 -40.889 8.95944 -0.34614 2 
55.160 -40.889 9.12948 -0.25152 2 
57.726 -40.889 9.16800 -0.20972 2 
60.292 -40.889 9.07137 -0.08227 2 
62.857 -40.889 9.03265 -0.06625 2 
65.423 -40.889 9.01178 0.01453 2 
67.988 -40.889 9.01728 -0.05618 2 
70.554 -40.889 9.02399 0.09415 2 
73.120 -40.889 9.04301 -0.00971 2 
75.685 -40.889 8.91454 0.29430 2 
78.251 -40.889 8.84949 0.04479 2 
80.816 -40.889 9.09790 0.20778 2 
83.382 -40.889 8.87016 0.24728 2 
85.948 -40.889 8.86878 0.28422 2 
88.513 -40.889 8.83564 0.31354 2 
91.079 -40.889 8.70686 0.31184 2 
93.644 -40.889 8.83332 0.48951 2 
96.210 -40.889 9.11101 0.29682 2 
98.776 -40.889 8.80270 0.22759 2 
101.341 -40.889 8.93757 0.35082 2 
103.907 -40.889 8.72809 0.50667 2 
106.472 -40.889 8.77077 0.50609 2 
109.038 -40.889 8.67936 0.56276 2 
111.603 -40.889 8.81894 0.44036 2 
114.169 -40.889 8.92118 0.53273 2 
116.735 -40.889 9.06699 0.53639 2 
119.300 -40.889 0.00000 -0.00000 0 
-8.980 -43.455 7.99492 -0.77277 2 
-6.414 -43.455 7.99226 -0.77926 2 
-3.848 -43.455 7.88272 -0.76038 2 
-1.283 -43.455 8.18257 -0.86226 2 
1.283 -43.455 8.17484 -0.74092 2 
3.848 -43.455 8.18954 -0.85414 2 
6.414 -43.455 8.23960 -0.84221 2 
8.980 -43.455 8.40321 -0.83241 2 
11.545 -43.455 8.30886 -0.87976 2 
14.111 -43.455 8.56518 -0.82366 2 
16.676 -43.455 8.45541 -0.78859 2 
19.242 -43.455 8.65864 -0.88105 2 
21.808 -43.455 8.56055 -0.78004 2 
24.373 -43.455 8.71926 -0.74298 2 
26.939 -43.455 8.73260 -0.82383 2 
29.504 -43.455 8.82930 -0.77166 2 
32.070 -43.455 8.86345 -0.77783 2 
34.636 -43.455 8.79113 -0.65431 2 
37.201 -43.455 8.85198 -0.62294 2 
39.767 -43.455 8.77309 -0.67884 2 
42.332 -43.455 8.95756 -0.51286 2 
44.898 -43.455 8.98502 -0.54292 2 
47.464 -43.455 8.92333 -0.52274 2 
50.029 -43.455 8.93024 -0.26189 2 
52.595 -43.455 8.99433 -0.37863 2 
55.160 -43.455 9.01696 -0.28688 2 
57.726 -43.455 8.88171 -0.08011 2 
60.292 -43.455 8.98457 -0.20372 2 
62.857 -43.455 8.88179 -0.17764 2 
65.423 -43.455 9.05669 -0.08864 2 
67.988 -43.455 8.92916 -0.05403 2 
70.554 -43.455 9.14165 0.12275 2 
73.120 -43.455 8.90702 0.09448 2 
75.685 -43.455 8.81047 -0.05495 2 
78.251 -43.455 8.98388 0.18059 2 
80.816 -43.455 8.83633 0.05289 2 
83.382 -43.455 8.88071 0.19654 2 
85.948 -43.455 8.90793 0.23430 2 
88.513 -43.455 8.75145 0.39471 2 
91.079 -43.455 8.98832 0.22771 2 
93.644 -43.455 8.85055 0.25867 2 
96.210 -43.455 8.84956 0.29892 2 
98.776 -43.455 8.81423 0.33232 2 
101.341 -43.455 8.71624 0.46288 2 
103.907 -43.455 8.90503 0.45008 2 
106.472 -43.455 8.80401 0.40888 2 
109.038 -43.455 8.72481 0.58662 2 
111.603 -43.455 8.94627 0.37639 2 
114.169 -43.455 8.61786 0.49064 2 
116.735 -43.455 9.02124 0.64999 2 
119.300 -43.455 0.00000 -0.00000 0 
-8.980 -46.020 8.05857 -0.76170 2 
-6.414 -46.020 8.08827 -0.70665 2 
-3.848 -46.020 8.04000 -0.78618 2 
-1.283 -46.020 8.11366 -0.80757 2 
1.283 -46.020 8.07278 -0.83783 2 
3.848 -46.020 8.42023 -0.82228 2 
6.414 -46.020 8.15283 -0.90706 2 
8.980 -46.020 8.23868 -0.73424 2 
11.545 -46.020 8.39312 -0.81257 2 
14.111 -46.020 8.46205 -0.85314 2 
16.676 -46.020 8.55322 -0.82814 2 
19.242 -46.020 8.56036 -0.84267 2 
21.808 -46.020 8.75599 -0.78754 2 
24.373 -46.020 8.66334 -0.81236 2 
26.939 -46.020 8.74564 -0.69262 2 
29.504 -46.020 8.69287 -0.77267 2 
32.070 -46.020 8.77813 -0.67280 2 
34.636 -46.020 8.74329 -0.63428 2 
37.201 -46.020 8.88778 -0.55856 2 
39.767 -46.020 8.89395 -0.59221 2 
42.332 -46.020 8.90400 -0.51476 2 
44.898 -46.020 8.99591 -0.51689 2 
47.464 -46.020 8.80232 -0.47965 2 
50.029 -46.020 9.01956 -0.42715 2 
52.595 -46.020 9.02683 -0.37957 2 
55.160 -46.020 9.05069 -0.31772 2 
57.726 -46.020 8.95272 -0.29749 2 
60.292 -46.020 8.90149 -0.29468 2 
62.857 -46.020 8.91309 -0.07884 2 
65.423 -46.020 8.95544 -0.15705 2 
67.988 -46.020 9.01741 -0.01563 2 
70.554 -46.020 8.89141 -0.02839 2 
73.120 -46.020 8.86159 0.12127 2 
75.685 -46.020 8.95313 0.16987 2 
78.251 -46.020 8.81582 0.19956 2 
80.816 -46.020 8.88003 0.14360 2 
83.382 -46.020 8.94418 0.26974 2 
85.948 -46.020 8.81509 0.18272 2 
88.513 -46.020 8.80692 0.13722 2 
91.079 -46.020 8.79822 0.30139 2 
93.644 -46.020 8.94835 0.34732 2 
96.210 -46.020 8.78200 0.29963 2 
98.776 -46.020 8.91664 0.30694 2 
101.341 -46.020 8.68184 0.41024 2 
103.907 -46.020 8.83315 0.50107 2 
106.472 -46.020 8.86683 0.47648 2 
109.038 -46.020 8.63532 0.41253 2 
111.603 -46.020 8.76310 0.49582 2 
114.169 -46.020 8.64730 0.45061 2 
116.735 -46.020 8.87240 0.76150 2 
119.300 -46.020 0.00000 -0.00000 0 
-8.980 -48.586 8.09062 -0.60400 2 
-6.414 -48.586 8.05675 -0.80494 2 
-3.848 -48.586 8.25501 -0.71775 2 
-1.283 -48.586 7.95060 -0.74636 2 
1.283 -48.586 8.20661 -0.83584 2 
3.848 -48.586 8.14602 -0.76516 2 
6.414 -48.586 8.38404 -0.73003 2 
8.980 -48.586 8.34866 -0.79131 2 
11.545 -48.586 8.46888 -0.83326 2 
14.111 -48.586 8.32352 -0.82651 2 
16.676 -48.586 8.52019 -0.76830 2 
19.242 -48.586 8.59383 -0.66811 2 
21.808 -48.586 8.56151 -0.81193 2 
24.373 -48.586 8.62718 -0.75790 2 
26.939 -48.586 8.63836 -0.81145 2 
29.504 -48.586 8.73077 -0.68451 2 
32.070 -48.586 8.74113 -0.70103 2 
34.636 -48.586 8.71056 -0.56766 2 
37.201 -48.586 8.84249 -0.61467 2 
39.767 -48.586 8.81323 -0.55307 2 
42.332 -48.586 8.84150 -0.42337 2 
44.898 -48.586 8.93822 -0.52326 2 
47.464 -48.586 8.96799 -0.44050 2 
50.029 -48.586 8.90204 -0.33363 2 
52.595 -48.586 8.87628 -0.42286 2 
55.160 -48.586 8.89666 -0.24419 2 
57.726 -48.586 8.80094 -0.16607 2 
60.292 -48.586 8.99704 -0.04640 2 
62.857 -48.586 9.02405 -0.22218 2 
65.423 -48.586 8.86370 0.00036 2 
67.988 -48.586 8.95186 -0.07412 2 
70.554 -48.586 8.87403 0.05634 2 
73.120 -48.586 8.88903 0.08348 2 
75.685 -48.586 8.88068 0.20541 2 
78.251 -48.586 8.94570 0.01319 2 
80.816 -48.586 8.84567 0.04957 2 
83.382 -48.586 8.87886 0.28440 2 
85.948 -48.586 8.83862 0.14650 2 
88.513 -48.586 8.88942 0.28416 2 
91.079 -48.586 8.70160 0.29998 2 
93.644 -48.586 8.82258 0.14391 2 
96.210 -48.586 8.89615 0.24514 2 
98.776 -48.586 8.80962 0.43717 2 
101.341 -48.586 8.64546 0.33381 2 
103.907 -48.586 8.63352 0.41673 2 
106.472 -48.586 8.66563 0.30589 2 
109.038 -48.586 8.79789 0.38390 2 
111.603 -48.586 8.66714 0.51055 2 
114.169 -48.586 8.72062 0.51711 2 
116.735 -48.586 9.06140 0.56146 2 
119.300 -48.586 0.00000 -0.00000 0 
-8.980 -51.152 7.86446 -0.82788 2 
-6.414 -51.152 8.09845 -0.72110 2 
-3.848 -51.152 8.04190 -0.75960 2 
-1.283 -51.152 8.07862 -0.77842 2 
1.283 -51.152 8.00701 -0.59695 2 
3.848 -51.152 8.18584 -0.75105 2 
6.414 -51.152 8.28185 -0.79543 2 
8.980 -51.152 8.36779 -0.73344 2 
11.545 -51.152 8.31029 -0.81386 2 
14.111 -51.152 8.44028 -0.72162 2 
16.676 -51.152 8.52615 -0.67580 2 
19.242 -51.152 8.61913 -0.73706 2 
21.808 -51.152 8.62802 -0.78089 2 
24.373 -51.152 8.52345 -0.67086 2 
26.939 -51.152 8.68664 -0.53208 2 
29.504 -51.152 8.65631 -0.65082 2 
32.070 -51.152 8.71032 -0.67813 2 
34.636 -51.152 8.79035 -0.64369 2 
37.201 -51.152 8.79828 -0.60992 2 
39.767 -51.152 8.87778 -0.45853 2 
42.332 -51.152 8.82980 -0.54222 2 
44.898 -51.152 8.82975 -0.49702 2 
47.464 -51.152 8.72032 -0.34120 2 
50.029 -51.152 8.84401 -0.36875 2 
52.595 -51.152 8.93447 -0.29388 2 
55.160 -51.152 8.86024 -0.39451 2 
57.726 -51.152 8.90582 -0.28632 2 
60.292 -51.152 8.72618 -0.22011 2 
62.857 -51.152 8.93694 -0.19140 2 
65.423 -51.152 8.90594 -0.04812 2 
67.988 -51.152 8.94239 -0.02124 2 
70.554 -51.152 8.88740 0.06265 2 
73.120 -51.152 8.87682 0.08694 2 
75.685 -51.152 8.93320 0.19491 2 
78.251 -51.152 8.78734 0.07265 2 
80.816 -51.152 8.90102 0.28956 2 
83.382 -51.152 8.80965 0.13336 2 
85.948 -51.152 8.84508 0.33606 2 
88.513 -51.152 8.76261 0.29850 2 
91.079 -51.152 8.82355 0.21935 2 
93.644 -51.152 8.63882 0.35192 2 
96.210 -51.152 8.68535 0.26099 2 
98.776 -51.152 8.63091 0.34871 2 
101.341 -51.152 8.81742 0.44149 2 
103.907 -51.152 8.74805 0.36691 2 
106.472 -51.152 8.65212 0.47583 2 
109.038 -51.152 8.63456 0.53107 2 
111.603 -51.152 8.63534 0.48782 2 
114.169 -51.152 8.68809 0.42412 2 
116.735 -51.152 8.70960 0.72661 2 
119.300 -51.152 0.00000 -0.00000 0 
-8.980 -53.717 8.49169 -0.54554 2 
-6.414 -53.717 8.11630 -0.83171 2 
-3.848 -53.717 8.30479 -0.75952 2 
-1.283 -53.717 8.36665 -0.63629 2 
1.283 -53.717 8.38903 -0.72960 2 
3.848 -53.717 8.34968 -0.86591 2 
6.414 -53.717 8.35190 -0.85264 2 
8.980 -53.717 8.53409 -0.71600 2 
11.545 -53.717 8.54073 -0.73274 2 
14.111 -53.717 8.53694 -0.82282 2 
16.676 -53.717 8.57970 -0.74673 2 
19.242 -53.717 8.68728 -0.66044 2 
21.808 -53.717 8.68710 -0.81810 2 
24.373 -53.717 8.74876 -0.69687 2 
26.939 -53.717 8.84037 -0.65734 2 
29.504 -53.717 8.93198 -0.61782 2 
32.070 -53.717 8.73442 -0.51232 2 
34.636 -53.717 8.82003 -0.51093 2 
37.201 -53.717 8.90564 -0.50954 2 
39.767 -53.717 8.95749 -0.64248 2 
42.332 -53.717 9.06023 -0.52160 2 
44.898 -53.717 9.05397 -0.42108 2 
47.464 -53.717 9.07113 -0.35044 2 
50.029 -53.717 9.01157 -0.32573 2 
52.595 -53.717 8.95202 -0.30103 2 
55.160 -53.717 8.88026 -0.28505 2 
57.726 -53.717 8.72743 -0.25294 2 
60.292 -53.717 8.85489 -0.29148 2 
62.857 -53.717 8.83758 -0.22667 2 
65.423 -53.717 8.89604 -0.11539 2 
67.988 -53.717 8.73325 -0.04641 2 
70.554 -53.717 8.87827 -0.05722 2 
73.120 -53.717 8.78747 0.01670 2 
75.685 -53.717 8.85414 0.10166 2 
78.251 -53.717 8.81174 0.26833 2 
80.816 -53.717 8.79903 0.25845 2 
83.382 -53.717 8.83512 0.18870 2 
85.948 -53.717 8.72174 0.33522 2 
88.513 -53.717 8.79757 0.27898 2 
91.079 -53.717 8.81852 0.20188 2 
93.644 -53.717 8.73161 0.43634 2 
96.210 -53.717 8.75386 0.32940 2 
98.776 -53.717 8.70052 0.41308 2 
101.341 -53.717 8.69943 0.45997 2 
103.907 -53.717 8.79971 0.53151 2 
106.472 -53.717 8.94343 0.29718 2 
109.038 -53.717 8.94959 0.46055 2 
111.603 -53.717 8.85235 0.30589 2 
114.169 -53.717 8.72926 0.47439 2 
116.735 -53.717 0.00000 -0.00000 0 
119.300 -53.717 0.00000 -0.00000 0 
-8.980 -56.283 0.00000 -0.00000 0 
-6.414 -56.283 0.00000 -0.00000 0 
-3.848 -56.283 0.00000 -0.00000 0 
-1.283 -56.283 0.00000 -0.00000 0 
1.283 -56.283 0.00000 -0.00000 0 
3.848 -56.283 0.00000 -0.00000 0 
6.414 -56.283 0.00000 -0.00000 0 
8.980 -56.283 0.00000 -0.00000 0 
11.545 -56.283 0.00000 -0.00000 0 
14.111 -56.283 0.00000 -0.00000 0 
16.676 -56.283 0.00000 -0.00000 0 
19.242 -56.283 0.00000 -0.00000 0 
21.808 -56.283 0.00000 -0.00000 0 
24.373 -56.283 0.00000 -0.00000 0 
26.939 -56.283 0.00000 -0.00000 0 
29.504 -56.283 0.00000 -0.00000 0 
32.070 -56.283 0.00000 -0.00000 0 
34.636 -56.283 0.00000 -0.00000 0 
37.201 -56.283 0.00000 -0.00000 0 
39.767 -56.283 0.00000 -0.00000 0 
42.332 -56.283 0.00000 -0.00000 0 
44.898 -56.283 8.63853 -0.03685 1 
47.464 -56.283 8.76179 -0.11082 2 
50.029 -56.283 8.88505 -0.18479 2 
52.595 -56.283 9.00830 -0.25876 2 
55.160 -56.283 8.83842 -0.20609 2 
57.726 -56.283 8.85785 -0.18830 2 
60.292 -56.283 8.84514 -0.06038 2 
62.857 -56.283 8.82647 -0.03690 2 
65.423 -56.283 8.82553 -0.13622 2 
67.988 -56.283 8.76133 -0.11410 2 
70.554 -56.283 8.87518 -0.03596 2 
73.120 -56.283 8.93481 0.16942 2 
75.685 -56.283 8.76231 0.12954 2 
78.251 -56.283 8.72897 0.09195 2 
80.816 -56.283 8.70407 0.08843 2 
83.382 -56.283 8.76516 0.06499 2 
85.948 -56.283 8.91268 0.22234 2 
88.513 -56.283 8.89074 0.18644 2 
91.079 -56.283 8.71162 0.22377 2 
93.644 -56.283 8.72065 0.12987 2 
96.210 -56.283 8.74595 0.23828 2 
98.776 -56.283 8.74738 0.29649 2 
101.341 -56.283 8.71316 0.29647 2 
103.907 -56.283 8.75683 0.35376 2 
106.472 -56.283 0.00000 -0.00000 0 
109.038 -56.283 0.00000 -0.00000 0 
111.603 -56.283 0.00000 -0.00000 0 
114.169 -56.283 0.00000 -0.00000 0 
116.735 -56.283 0.00000 -0.00000 0 
119.300 -56.283 0.00000 -0.00000 0 
