TITLE = "B00081"
VARIABLES = "X [mm]", "Y [mm]", "Vx [m/s]", "Vy [m/s]", "Flag"
ZONE T="Frame 1", I=51, J=39, F=POINT
-8.980 41.210 7.35979 0.43800 2 
-6.414 41.210 7.21994 0.45289 2 
-3.848 41.210 7.27666 0.41156 2 
-1.283 41.210 7.26772 0.70954 2 
1.283 41.210 7.67435 0.60375 2 
3.848 41.210 0.00000 -0.00000 0 
6.414 41.210 0.00000 -0.00000 0 
8.980 41.210 0.00000 -0.00000 0 
11.545 41.210 0.00000 -0.00000 0 
14.111 41.210 0.00000 -0.00000 0 
16.676 41.210 0.00000 -0.00000 0 
19.242 41.210 -1.42867 0.25720 2 
21.808 41.210 8.11184 0.92918 2 
24.373 41.210 7.37406 0.98049 2 
26.939 41.210 7.48338 0.80001 2 
29.504 41.210 7.45841 1.05864 2 
32.070 41.210 7.50374 0.92235 2 
34.636 41.210 7.65137 0.73541 2 
37.201 41.210 7.65847 0.86179 2 
39.767 41.210 7.82086 0.82669 2 
42.332 41.210 7.85937 0.79030 2 
44.898 41.210 7.89789 0.75391 2 
47.464 41.210 8.00110 0.87584 2 
50.029 41.210 7.75271 0.67937 2 
52.595 41.210 7.92711 0.64586 2 
55.160 41.210 8.10151 0.61235 2 
57.726 41.210 8.17278 0.61579 2 
60.292 41.210 8.24405 0.61923 2 
62.857 41.210 8.13248 0.53933 2 
65.423 41.210 8.42870 0.73622 2 
67.988 41.210 8.24421 0.60758 2 
70.554 41.210 8.60146 0.83591 2 
73.120 41.210 8.43705 0.67313 2 
75.685 41.210 8.56273 0.64507 2 
78.251 41.210 8.46585 0.52721 2 
80.816 41.210 0.00000 0.00000 0 
83.382 41.210 8.43316 0.35864 2 
85.948 41.210 8.49734 0.30792 2 
88.513 41.210 8.65570 0.34203 2 
91.079 41.210 8.83054 0.18711 2 
93.644 41.210 8.53884 -0.10836 2 
96.210 41.210 8.71305 0.02429 2 
98.776 41.210 8.60812 -0.07535 2 
101.341 41.210 8.45347 -0.13956 2 
103.907 41.210 8.62317 -0.46001 2 
106.472 41.210 8.46530 -0.29446 2 
109.038 41.210 8.13723 -0.48096 2 
111.603 41.210 8.12069 -0.30685 2 
114.169 41.210 8.13933 -0.50778 2 
116.735 41.210 8.12106 -0.32703 2 
119.300 41.210 0.00000 -0.00000 0 
-8.980 38.644 7.01254 0.32869 2 
-6.414 38.644 7.23913 0.24394 2 
-3.848 38.644 7.21406 0.41676 2 
-1.283 38.644 7.14792 0.41315 2 
1.283 38.644 7.89401 0.62116 2 
3.848 38.644 0.00000 -0.00000 0 
6.414 38.644 0.00000 -0.00000 0 
8.980 38.644 0.00000 -0.00000 0 
11.545 38.644 0.00000 -0.00000 0 
14.111 38.644 0.00000 -0.00000 0 
16.676 38.644 0.00000 -0.00000 0 
19.242 38.644 4.05833 0.30892 2 
21.808 38.644 8.11666 0.61783 2 
24.373 38.644 7.39438 0.82873 2 
26.939 38.644 7.40098 0.91660 2 
29.504 38.644 7.65129 0.78075 2 
32.070 38.644 7.41360 0.98946 2 
34.636 38.644 7.65436 0.92528 2 
37.201 38.644 7.59374 0.90200 2 
39.767 38.644 7.53450 0.94641 2 
42.332 38.644 7.95595 0.87990 2 
44.898 38.644 7.69948 0.96750 2 
47.464 38.644 7.98695 0.92765 2 
50.029 38.644 7.95251 1.13464 2 
52.595 38.644 8.14702 0.83488 2 
55.160 38.644 8.23847 0.86440 2 
57.726 38.644 8.05525 0.79984 2 
60.292 38.644 8.31603 0.73295 2 
62.857 38.644 8.12592 0.94079 2 
65.423 38.644 8.49862 0.58273 2 
67.988 38.644 8.20608 0.86506 2 
70.554 38.644 8.47633 0.77426 2 
73.120 38.644 8.62377 0.53304 2 
75.685 38.644 8.52394 0.58580 2 
78.251 38.644 8.74178 0.56160 2 
80.816 38.644 0.00000 0.00000 0 
83.382 38.644 8.66864 0.41114 2 
85.948 38.644 8.68528 0.32547 2 
88.513 38.644 8.78708 0.14659 2 
91.079 38.644 8.58111 0.22389 2 
93.644 38.644 8.83591 0.05393 2 
96.210 38.644 8.56845 -0.13889 2 
98.776 38.644 8.85323 -0.06687 2 
101.341 38.644 8.70659 -0.14232 2 
103.907 38.644 8.36870 -0.43331 2 
106.472 38.644 8.42080 -0.54865 2 
109.038 38.644 8.42645 -0.35531 2 
111.603 38.644 8.13544 -0.39486 2 
114.169 38.644 7.91067 -0.49515 2 
116.735 38.644 8.10960 -0.42885 2 
119.300 38.644 0.00000 -0.00000 0 
-8.980 36.079 7.30414 0.34730 2 
-6.414 36.079 7.21145 0.46612 2 
-3.848 36.079 7.31019 0.32487 2 
-1.283 36.079 7.24101 0.46336 2 
1.283 36.079 7.48716 0.23869 2 
3.848 36.079 0.00000 -0.00000 0 
6.414 36.079 0.00000 -0.00000 0 
8.980 36.079 0.00000 -0.00000 0 
11.545 36.079 0.00000 -0.00000 0 
14.111 36.079 0.00000 -0.00000 0 
16.676 36.079 0.00000 -0.00000 0 
19.242 36.079 3.83354 0.38884 2 
21.808 36.079 7.66709 0.77768 2 
24.373 36.079 7.27664 0.86472 2 
26.939 36.079 7.48845 0.88926 2 
29.504 36.079 7.69367 0.77811 2 
32.070 36.079 7.31059 0.90747 2 
34.636 36.079 7.75988 0.80561 2 
37.201 36.079 7.51973 0.73931 2 
39.767 36.079 7.70874 1.10241 2 
42.332 36.079 7.54159 0.83626 2 
44.898 36.079 7.81043 0.84417 2 
47.464 36.079 7.95024 0.87910 2 
50.029 36.079 7.90779 0.95663 2 
52.595 36.079 8.06679 0.90460 2 
55.160 36.079 8.10412 0.94084 2 
57.726 36.079 8.25804 0.83864 2 
60.292 36.079 8.36435 0.93027 2 
62.857 36.079 8.28539 0.81522 2 
65.423 36.079 8.56960 0.81602 2 
67.988 36.079 8.47579 0.70187 2 
70.554 36.079 8.48674 0.92431 2 
73.120 36.079 8.52074 0.82736 2 
75.685 36.079 8.48516 0.52652 2 
78.251 36.079 8.63465 0.56942 2 
80.816 36.079 0.00000 0.00000 0 
83.382 36.079 8.61737 0.42720 2 
85.948 36.079 8.70331 0.47308 2 
88.513 36.079 8.87017 0.38494 2 
91.079 36.079 8.84596 0.15150 2 
93.644 36.079 8.72763 -0.06019 2 
96.210 36.079 8.80055 -0.10263 2 
98.776 36.079 8.84119 -0.36667 2 
101.341 36.079 8.50126 -0.32884 2 
103.907 36.079 8.70889 -0.24363 2 
106.472 36.079 8.45128 -0.30930 2 
109.038 36.079 8.45015 -0.64032 2 
111.603 36.079 8.09571 -0.58142 2 
114.169 36.079 8.00901 -0.44945 2 
116.735 36.079 8.09814 -0.53067 2 
119.300 36.079 0.00000 -0.00000 0 
-8.980 33.513 7.38188 0.39208 2 
-6.414 33.513 7.13359 0.40004 2 
-3.848 33.513 7.24746 0.37483 2 
-1.283 33.513 6.98233 0.48435 2 
1.283 33.513 7.55416 0.54487 2 
3.848 33.513 0.00000 -0.00000 0 
6.414 33.513 0.00000 -0.00000 0 
8.980 33.513 0.00000 -0.00000 0 
11.545 33.513 0.00000 -0.00000 0 
14.111 33.513 0.00000 -0.00000 0 
16.676 33.513 0.00000 -0.00000 0 
19.242 33.513 2.75150 0.74596 2 
21.808 33.513 8.28174 0.87030 2 
24.373 33.513 7.20752 0.75322 2 
26.939 33.513 7.34982 0.96444 2 
29.504 33.513 7.32963 0.84869 2 
32.070 33.513 7.52918 1.06862 2 
34.636 33.513 7.45891 0.98935 2 
37.201 33.513 7.57406 1.03263 2 
39.767 33.513 7.81615 1.08026 2 
42.332 33.513 7.83839 1.01026 2 
44.898 33.513 7.73408 0.89081 2 
47.464 33.513 8.09940 1.07158 2 
50.029 33.513 7.97612 1.08018 2 
52.595 33.513 7.92493 0.96576 2 
55.160 33.513 8.00681 0.93098 2 
57.726 33.513 8.39472 1.09073 2 
60.292 33.513 8.23220 0.75550 2 
62.857 33.513 8.22198 0.94709 2 
65.423 33.513 8.47860 1.03853 2 
67.988 33.513 8.38050 0.82847 2 
70.554 33.513 8.73665 0.75983 2 
73.120 33.513 8.70207 0.91098 2 
75.685 33.513 8.70648 0.61233 2 
78.251 33.513 8.64558 0.75536 2 
80.816 33.513 0.00000 0.00000 0 
83.382 33.513 8.69936 0.42209 2 
85.948 33.513 8.72879 0.27546 2 
88.513 33.513 9.06609 0.33347 2 
91.079 33.513 8.91595 0.17585 2 
93.644 33.513 8.64895 -0.10963 2 
96.210 33.513 8.73497 -0.11187 2 
98.776 33.513 8.67285 -0.39280 2 
101.341 33.513 8.86580 -0.37923 2 
103.907 33.513 8.60574 -0.52802 2 
106.472 33.513 8.39923 -0.62347 2 
109.038 33.513 8.30930 -0.60704 2 
111.603 33.513 8.10434 -0.74482 2 
114.169 33.513 7.88778 -0.71503 2 
116.735 33.513 8.09348 -0.46424 2 
119.300 33.513 0.00000 -0.00000 0 
-8.980 30.948 6.83775 0.28055 2 
-6.414 30.948 7.13113 0.39390 2 
-3.848 30.948 7.11181 0.31902 2 
-1.283 30.948 7.03370 0.38182 2 
1.283 30.948 7.58002 0.51668 2 
3.848 30.948 0.00000 -0.00000 0 
6.414 30.948 0.00000 -0.00000 0 
8.980 30.948 0.00000 -0.00000 0 
11.545 30.948 0.00000 -0.00000 0 
14.111 30.948 0.00000 -0.00000 0 
16.676 30.948 0.00000 -0.00000 0 
19.242 30.948 1.66946 1.10308 2 
21.808 30.948 7.64364 0.85176 2 
24.373 30.948 7.22920 0.95132 2 
26.939 30.948 7.49956 0.85869 2 
29.504 30.948 7.37545 0.85670 2 
32.070 30.948 7.59826 0.96838 2 
34.636 30.948 7.79478 0.97616 2 
37.201 30.948 7.42988 1.12929 2 
39.767 30.948 7.74240 0.98605 2 
42.332 30.948 7.87753 1.02945 2 
44.898 30.948 7.80928 1.05332 2 
47.464 30.948 7.86051 0.96394 2 
50.029 30.948 8.06533 1.06310 2 
52.595 30.948 8.07186 1.11641 2 
55.160 30.948 8.19321 1.00173 2 
57.726 30.948 8.15608 1.22155 2 
60.292 30.948 8.30730 1.16791 2 
62.857 30.948 8.43476 1.03233 2 
65.423 30.948 8.56253 0.81375 2 
67.988 30.948 8.72836 0.88934 2 
70.554 30.948 8.43814 0.95805 2 
73.120 30.948 8.52446 0.85356 2 
75.685 30.948 8.87987 0.84121 2 
78.251 30.948 8.69682 0.60837 2 
80.816 30.948 0.00000 0.00000 0 
83.382 30.948 8.76206 0.44920 2 
85.948 30.948 8.79774 0.37246 2 
88.513 30.948 9.15927 0.39365 2 
91.079 30.948 9.06852 0.17345 2 
93.644 30.948 9.17657 -0.01117 2 
96.210 30.948 8.92253 -0.35175 2 
98.776 30.948 8.91583 -0.33055 2 
101.341 30.948 8.82114 -0.47329 2 
103.907 30.948 8.76258 -0.77851 2 
106.472 30.948 8.67143 -0.94306 2 
109.038 30.948 8.27417 -0.75847 2 
111.603 30.948 8.06908 -0.86184 2 
114.169 30.948 7.74110 -0.87389 2 
116.735 30.948 8.31922 -0.89037 2 
119.300 30.948 0.00000 -0.00000 0 
-8.980 28.382 7.18896 0.16785 2 
-6.414 28.382 7.02177 0.18136 2 
-3.848 28.382 7.04415 0.46286 2 
-1.283 28.382 7.05670 0.25684 2 
1.283 28.382 7.42010 0.44892 2 
3.848 28.382 3.75622 0.30109 2 
6.414 28.382 0.00000 -0.00000 0 
8.980 28.382 0.00000 -0.00000 0 
11.545 28.382 0.00000 -0.00000 0 
14.111 28.382 0.00000 -0.00000 0 
16.676 28.382 2.74585 0.49782 2 
19.242 28.382 5.49169 0.99565 2 
21.808 28.382 7.74741 0.95919 2 
24.373 28.382 7.33665 0.94836 2 
26.939 28.382 7.32481 1.12566 2 
29.504 28.382 7.23217 0.99289 2 
32.070 28.382 7.46821 1.03338 2 
34.636 28.382 7.61086 0.98449 2 
37.201 28.382 7.64627 1.12413 2 
39.767 28.382 7.59951 1.22864 2 
42.332 28.382 7.80792 1.13149 2 
44.898 28.382 7.96798 1.08740 2 
47.464 28.382 7.80673 1.02114 2 
50.029 28.382 8.16293 1.23311 2 
52.595 28.382 8.14231 0.97297 2 
55.160 28.382 8.20123 1.09915 2 
57.726 28.382 8.43331 1.00885 2 
60.292 28.382 8.25235 1.11438 2 
62.857 28.382 8.61111 0.95599 2 
65.423 28.382 8.44065 0.91972 2 
67.988 28.382 8.78758 0.92012 2 
70.554 28.382 8.70727 0.86094 2 
73.120 28.382 8.61929 0.78924 2 
75.685 28.382 8.88163 0.70958 2 
78.251 28.382 8.88418 0.78808 2 
80.816 28.382 9.23702 0.54479 2 
83.382 28.382 9.07700 0.59144 2 
85.948 28.382 8.91697 0.63808 2 
88.513 28.382 9.06436 0.05880 2 
91.079 28.382 9.01055 0.13499 2 
93.644 28.382 8.97306 0.03835 2 
96.210 28.382 9.05634 -0.30403 2 
98.776 28.382 9.18701 -0.62787 2 
101.341 28.382 9.18384 -0.85712 2 
103.907 28.382 8.98826 -0.83797 2 
106.472 28.382 8.66716 -1.07249 2 
109.038 28.382 8.46761 -0.91886 2 
111.603 28.382 8.03608 -0.95742 2 
114.169 28.382 7.71664 -0.98449 2 
116.735 28.382 7.99116 -0.93032 2 
119.300 28.382 0.00000 -0.00000 0 
-8.980 25.816 6.89469 0.17826 2 
-6.414 25.816 7.13815 0.36152 2 
-3.848 25.816 6.99442 0.19752 2 
-1.283 25.816 7.05550 0.46224 2 
1.283 25.816 6.94579 0.38668 2 
3.848 25.816 7.51245 0.60217 2 
6.414 25.816 0.00000 -0.00000 0 
8.980 25.816 0.00000 -0.00000 0 
11.545 25.816 0.00000 -0.00000 0 
14.111 25.816 0.00000 -0.00000 0 
16.676 25.816 4.65696 0.44411 2 
19.242 25.816 9.31392 0.88822 2 
21.808 25.816 7.16852 0.97072 2 
24.373 25.816 7.17579 0.93890 2 
26.939 25.816 7.28259 0.89712 2 
29.504 25.816 7.46408 1.18273 2 
32.070 25.816 7.50804 1.00393 2 
34.636 25.816 7.25313 1.37580 2 
37.201 25.816 7.72238 1.09143 2 
39.767 25.816 7.64758 1.23775 2 
42.332 25.816 7.79272 1.19027 2 
44.898 25.816 7.84187 1.28318 2 
47.464 25.816 7.98542 1.31109 2 
50.029 25.816 7.92909 1.03718 2 
52.595 25.816 8.03122 1.22708 2 
55.160 25.816 8.15214 1.20448 2 
57.726 25.816 8.35916 1.19474 2 
60.292 25.816 8.29637 1.00165 2 
62.857 25.816 8.43670 1.01375 2 
65.423 25.816 8.44873 1.32302 2 
67.988 25.816 8.84681 0.95090 2 
70.554 25.816 8.54609 1.04928 2 
73.120 25.816 8.78567 0.92990 2 
75.685 25.816 8.88707 0.96304 2 
78.251 25.816 8.91280 0.82642 2 
80.816 25.816 8.98534 0.87260 2 
83.382 25.816 0.00000 0.00000 0 
85.948 25.816 9.43898 0.58358 2 
88.513 25.816 9.23612 0.44320 2 
91.079 25.816 9.46316 0.11271 2 
93.644 25.816 9.36995 0.12464 2 
96.210 25.816 9.39220 -0.36323 2 
98.776 25.816 9.34037 -0.58170 2 
101.341 25.816 9.16421 -0.73562 2 
103.907 25.816 9.10822 -0.89026 2 
106.472 25.816 8.90104 -1.23531 2 
109.038 25.816 8.59559 -1.55612 2 
111.603 25.816 8.06883 -1.51599 2 
114.169 25.816 7.59781 -1.38051 2 
116.735 25.816 7.59443 -1.49739 2 
119.300 25.816 0.00000 -0.00000 0 
-8.980 23.251 7.13313 0.22310 2 
-6.414 23.251 7.06243 0.11899 2 
-3.848 23.251 6.87280 0.19117 2 
-1.283 23.251 6.99584 0.50775 2 
1.283 23.251 6.88521 0.34455 2 
3.848 23.251 7.05378 0.34354 2 
6.414 23.251 0.00000 -0.00000 0 
8.980 23.251 0.00000 -0.00000 0 
11.545 23.251 0.00000 -0.00000 0 
14.111 23.251 0.00000 -0.00000 0 
16.676 23.251 3.93657 0.41435 2 
19.242 23.251 7.87314 0.82871 2 
21.808 23.251 7.13119 1.23046 2 
24.373 23.251 7.14298 1.12219 2 
26.939 23.251 7.43619 1.27022 2 
29.504 23.251 7.23018 1.12674 2 
32.070 23.251 7.24672 1.07536 2 
34.636 23.251 7.63899 1.24424 2 
37.201 23.251 7.57167 1.43834 2 
39.767 23.251 7.48559 1.26418 2 
42.332 23.251 7.69442 1.34310 2 
44.898 23.251 8.12961 1.24592 2 
47.464 23.251 8.08382 1.17499 2 
50.029 23.251 7.87929 1.23121 2 
52.595 23.251 8.16041 1.28286 2 
55.160 23.251 8.10726 1.09971 2 
57.726 23.251 8.43925 1.41334 2 
60.292 23.251 8.46634 1.00764 2 
62.857 23.251 8.14718 1.16086 2 
65.423 23.251 8.73396 1.08241 2 
67.988 23.251 8.54378 0.96652 2 
70.554 23.251 8.69909 1.26863 2 
73.120 23.251 8.73519 0.96650 2 
75.685 23.251 8.63466 1.13887 2 
78.251 23.251 9.29769 0.94084 2 
80.816 23.251 6.94172 0.72548 2 
83.382 23.251 0.00000 0.00000 0 
85.948 23.251 9.94951 0.29681 2 
88.513 23.251 9.80362 0.31196 2 
91.079 23.251 9.55999 0.23832 2 
93.644 23.251 9.53650 -0.09668 2 
96.210 23.251 9.76642 -0.23606 2 
98.776 23.251 9.82216 -0.73093 2 
101.341 23.251 9.52056 -0.92658 2 
103.907 23.251 9.71112 -1.27793 2 
106.472 23.251 8.89385 -1.62523 2 
109.038 23.251 8.57201 -1.91290 2 
111.603 23.251 8.18672 -1.87875 2 
114.169 23.251 7.40108 -1.66646 2 
116.735 23.251 7.27157 -1.09445 2 
119.300 23.251 0.00000 -0.00000 0 
-8.980 20.685 7.06520 0.10597 2 
-6.414 20.685 6.91225 0.12698 2 
-3.848 20.685 7.00814 0.21795 2 
-1.283 20.685 6.84333 0.36589 2 
1.283 20.685 6.92661 0.58942 2 
3.848 20.685 6.92553 0.81236 2 
6.414 20.685 0.00000 -0.00000 0 
8.980 20.685 0.00000 -0.00000 0 
11.545 20.685 0.00000 -0.00000 0 
14.111 20.685 0.00000 -0.00000 0 
16.676 20.685 -0.79766 0.41612 2 
19.242 20.685 7.32988 1.18032 2 
21.808 20.685 7.02169 0.95386 2 
24.373 20.685 7.14668 1.36572 2 
26.939 20.685 7.20593 1.28124 2 
29.504 20.685 7.42936 1.29127 2 
32.070 20.685 7.33880 1.51547 2 
34.636 20.685 7.35267 1.16242 2 
37.201 20.685 7.63293 1.33432 2 
39.767 20.685 7.54671 1.32193 2 
42.332 20.685 7.70321 1.45557 2 
44.898 20.685 7.86294 1.30415 2 
47.464 20.685 8.01765 1.33574 2 
50.029 20.685 7.78045 1.34294 2 
52.595 20.685 8.23863 1.24753 2 
55.160 20.685 8.14785 1.24238 2 
57.726 20.685 8.27903 1.35874 2 
60.292 20.685 8.36793 1.43814 2 
62.857 20.685 8.61366 1.22745 2 
65.423 20.685 8.81083 1.25147 2 
67.988 20.685 8.96167 1.53493 2 
70.554 20.685 9.09273 1.13293 2 
73.120 20.685 9.33507 1.32314 2 
75.685 20.685 9.36625 1.06945 2 
78.251 20.685 9.46501 1.05240 2 
80.816 20.685 4.89811 0.57836 2 
83.382 20.685 0.00000 -0.00000 0 
85.948 20.685 0.00000 -0.00000 0 
88.513 20.685 0.00000 -0.00000 0 
91.079 20.685 10.11474 0.11941 2 
93.644 20.685 10.04256 0.53320 2 
96.210 20.685 10.18490 -0.18685 2 
98.776 20.685 10.09891 -0.68654 2 
101.341 20.685 10.15855 -1.15109 2 
103.907 20.685 10.04798 -1.71932 2 
106.472 20.685 9.34007 -2.45821 2 
109.038 20.685 8.77786 -2.39906 2 
111.603 20.685 7.79469 -2.50093 2 
114.169 20.685 7.24261 -2.38308 2 
116.735 20.685 7.09458 -2.03719 2 
119.300 20.685 0.00000 -0.00000 0 
-8.980 18.120 6.70789 0.07470 2 
-6.414 18.120 6.87458 0.12934 2 
-3.848 18.120 6.77820 0.12412 2 
-1.283 18.120 6.79901 0.35392 2 
1.283 18.120 6.74018 0.38286 2 
3.848 18.120 7.27066 0.51577 2 
6.414 18.120 0.00000 -0.00000 0 
8.980 18.120 0.00000 -0.00000 0 
11.545 18.120 0.00000 -0.00000 0 
14.111 18.120 0.00000 -0.00000 0 
16.676 18.120 -0.34115 0.83235 2 
19.242 18.120 7.28602 1.14921 2 
21.808 18.120 6.97543 1.11112 2 
24.373 18.120 7.23832 1.29293 2 
26.939 18.120 7.25061 1.18998 2 
29.504 18.120 7.23202 1.38328 2 
32.070 18.120 7.38546 1.44792 2 
34.636 18.120 7.42331 1.31546 2 
37.201 18.120 7.61543 1.44280 2 
39.767 18.120 7.57223 1.42853 2 
42.332 18.120 7.86165 1.34076 2 
44.898 18.120 8.03864 1.64425 2 
47.464 18.120 7.90965 1.47524 2 
50.029 18.120 8.15732 1.26350 2 
52.595 18.120 8.28122 1.42313 2 
55.160 18.120 8.33410 1.57699 2 
57.726 18.120 8.83677 1.48459 2 
60.292 18.120 8.41470 1.22378 2 
62.857 18.120 8.96721 1.36204 2 
65.423 18.120 4.40541 0.62574 2 
67.988 18.120 0.00000 -0.00000 0 
70.554 18.120 0.00000 -0.00000 0 
73.120 18.120 0.00000 -0.00000 0 
75.685 18.120 0.00000 -0.00000 0 
78.251 18.120 0.00000 -0.00000 0 
80.816 18.120 0.00000 -0.00000 0 
83.382 18.120 0.00000 -0.00000 0 
85.948 18.120 -0.00041 0.19423 2 
88.513 18.120 2.28521 0.50321 2 
91.079 18.120 4.33419 0.24994 2 
93.644 18.120 9.70506 0.52964 2 
96.210 18.120 10.98002 0.42856 2 
98.776 18.120 10.66234 -1.67621 2 
101.341 18.120 11.07869 -1.44325 2 
103.907 18.120 10.36711 -2.27220 2 
106.472 18.120 9.86101 -2.76797 2 
109.038 18.120 9.18112 -3.19557 2 
111.603 18.120 7.75459 -3.69914 2 
114.169 18.120 6.57257 -2.90002 2 
116.735 18.120 6.83186 -2.54738 2 
119.300 18.120 0.00000 -0.00000 0 
-8.980 15.554 6.94744 0.01774 2 
-6.414 15.554 6.89610 0.14671 2 
-3.848 15.554 6.77270 0.14731 2 
-1.283 15.554 6.69376 0.24169 2 
1.283 15.554 6.62534 0.40525 2 
3.848 15.554 6.79935 0.35402 2 
6.414 15.554 0.00000 -0.00000 0 
8.980 15.554 0.00000 -0.00000 0 
11.545 15.554 0.00000 -0.00000 0 
14.111 15.554 0.00000 -0.00000 0 
16.676 15.554 -0.04509 0.41245 2 
19.242 15.554 7.43311 1.28400 2 
21.808 15.554 6.74700 1.50648 2 
24.373 15.554 7.15630 1.46121 2 
26.939 15.554 7.12141 1.47605 2 
29.504 15.554 7.21289 1.60155 2 
32.070 15.554 7.24203 1.58487 2 
34.636 15.554 7.47051 1.76013 2 
37.201 15.554 7.37771 1.60518 2 
39.767 15.554 7.67838 1.47087 2 
42.332 15.554 8.10311 1.87761 2 
44.898 15.554 8.04492 1.54480 2 
47.464 15.554 8.05303 1.55692 2 
50.029 15.554 8.34168 1.49686 2 
52.595 15.554 8.49402 1.68564 2 
55.160 15.554 0.00000 -0.00000 0 
57.726 15.554 0.00000 -0.00000 0 
60.292 15.554 0.00000 -0.00000 0 
62.857 15.554 0.00000 -0.00000 0 
65.423 15.554 0.00000 -0.00000 0 
67.988 15.554 0.00000 -0.00000 0 
70.554 15.554 0.00000 -0.00000 0 
73.120 15.554 0.00000 -0.00000 0 
75.685 15.554 0.00000 -0.00000 0 
78.251 15.554 0.00000 -0.00000 0 
80.816 15.554 -0.92799 0.25591 2 
83.382 15.554 -0.46490 -0.02919 2 
85.948 15.554 -0.52701 0.51735 2 
88.513 15.554 -0.20846 1.03253 2 
91.079 15.554 -0.35644 0.23877 2 
93.644 15.554 4.03502 0.67923 2 
96.210 15.554 7.02381 1.93669 2 
98.776 15.554 7.48982 -2.46061 2 
101.341 15.554 5.70993 -0.63959 2 
103.907 15.554 5.80224 -0.60151 2 
106.472 15.554 7.37986 -3.04278 2 
109.038 15.554 7.60803 -3.84542 2 
111.603 15.554 6.73402 -3.96866 2 
114.169 15.554 5.86002 -4.09190 2 
116.735 15.554 5.95267 -2.54470 2 
119.300 15.554 0.00000 -0.00000 0 
-8.980 12.988 6.82690 -0.13834 2 
-6.414 12.988 6.58000 0.05296 2 
-3.848 12.988 6.72585 -0.01676 2 
-1.283 12.988 6.55432 0.17358 2 
1.283 12.988 6.54583 0.35010 2 
3.848 12.988 6.71769 0.47248 2 
6.414 12.988 0.00000 -0.00000 0 
8.980 12.988 0.00000 -0.00000 0 
11.545 12.988 0.00000 -0.00000 0 
14.111 12.988 0.00000 -0.00000 0 
16.676 12.988 0.25097 -0.00746 2 
19.242 12.988 4.01041 0.71270 2 
21.808 12.988 7.76985 1.43287 2 
24.373 12.988 7.00252 1.45122 2 
26.939 12.988 7.11337 1.48647 2 
29.504 12.988 5.50776 1.28091 2 
32.070 12.988 7.65425 1.66850 2 
34.636 12.988 7.52177 1.58784 2 
37.201 12.988 7.68265 1.59334 2 
39.767 12.988 8.11886 1.62265 2 
42.332 12.988 0.00000 -0.00000 0 
44.898 12.988 0.00000 -0.00000 0 
47.464 12.988 0.00000 -0.00000 0 
50.029 12.988 0.00000 -0.00000 0 
52.595 12.988 0.00000 -0.00000 0 
55.160 12.988 0.00000 -0.00000 0 
57.726 12.988 0.00000 -0.00000 0 
60.292 12.988 0.00000 -0.00000 0 
62.857 12.988 0.00000 -0.00000 0 
65.423 12.988 0.00000 -0.00000 0 
67.988 12.988 0.00000 -0.00000 0 
70.554 12.988 0.00000 -0.00000 0 
73.120 12.988 0.00000 -0.00000 0 
75.685 12.988 -0.64103 -0.14445 2 
78.251 12.988 -1.28205 -0.28889 2 
80.816 12.988 -1.86658 -0.63712 2 
83.382 12.988 -0.92980 -0.05839 2 
85.948 12.988 -1.16518 0.97464 2 
88.513 12.988 -0.64108 1.04128 2 
91.079 12.988 -0.38592 1.44104 2 
93.644 12.988 -0.03116 1.96014 2 
96.210 12.988 3.47578 2.18855 2 
98.776 12.988 5.59506 -0.03585 2 
101.341 12.988 3.88323 -1.81049 2 
103.907 12.988 2.99890 -1.43422 2 
106.472 12.988 4.78338 -2.17695 2 
109.038 12.988 6.03494 -4.49528 2 
111.603 12.988 5.46769 -4.72368 2 
114.169 12.988 4.90044 -4.95208 2 
116.735 12.988 2.90187 -3.16170 2 
119.300 12.988 0.00000 -0.00000 0 
-8.980 10.423 6.62114 -0.22380 2 
-6.414 10.423 6.71739 -0.14896 2 
-3.848 10.423 6.53891 -0.07789 2 
-1.283 10.423 6.45866 0.15968 2 
1.283 10.423 6.45688 0.11765 2 
3.848 10.423 6.49907 0.29584 2 
6.414 10.423 1.57011 0.02980 2 
8.980 10.423 0.00000 -0.00000 0 
11.545 10.423 0.00000 -0.00000 0 
14.111 10.423 0.00000 -0.00000 0 
16.676 10.423 0.16732 -0.00498 2 
19.242 10.423 3.92675 0.71519 2 
21.808 10.423 3.88492 0.71644 2 
24.373 10.423 7.35114 1.99927 2 
26.939 10.423 8.48112 1.88785 2 
29.504 10.423 3.80263 0.96028 2 
32.070 10.423 0.00000 -0.00000 0 
34.636 10.423 0.00000 -0.00000 0 
37.201 10.423 0.00000 -0.00000 0 
39.767 10.423 0.00000 -0.00000 0 
42.332 10.423 0.00000 -0.00000 0 
44.898 10.423 0.00000 -0.00000 0 
47.464 10.423 0.00000 -0.00000 0 
50.029 10.423 0.00000 -0.00000 0 
52.595 10.423 0.00000 -0.00000 0 
55.160 10.423 0.00000 -0.00000 0 
57.726 10.423 0.00000 -0.00000 0 
60.292 10.423 0.00000 -0.00000 0 
62.857 10.423 0.00000 -0.00000 0 
65.423 10.423 0.00000 -0.00000 0 
67.988 10.423 -0.03363 -0.15602 2 
70.554 10.423 -0.06726 -0.31205 2 
73.120 10.423 -0.01451 -0.18506 2 
75.685 10.423 -0.93147 -0.31822 2 
78.251 10.423 -1.20340 -0.42395 2 
80.816 10.423 -2.32574 -0.33229 2 
83.382 10.423 -1.91052 -0.08006 2 
85.948 10.423 -1.94941 1.17346 2 
88.513 10.423 -1.51366 1.49267 2 
91.079 10.423 -0.70127 2.21189 2 
93.644 10.423 -0.76876 2.43751 2 
96.210 10.423 -0.07225 2.44041 2 
98.776 10.423 -1.77798 0.96153 2 
101.341 10.423 0.33064 -3.46964 2 
103.907 10.423 0.19556 -2.26693 2 
106.472 10.423 1.24411 -3.60106 2 
109.038 10.423 1.55258 -5.97057 2 
111.603 10.423 2.20677 -5.82127 2 
114.169 10.423 2.86097 -5.67198 2 
116.735 10.423 0.23795 -2.11756 2 
119.300 10.423 -0.37582 -3.02598 2 
-8.980 7.857 6.75114 -0.19964 2 
-6.414 7.857 6.51236 -0.21937 2 
-3.848 7.857 6.40840 -0.19582 2 
-1.283 7.857 6.37354 -0.15197 2 
1.283 7.857 6.01248 -0.08716 2 
3.848 7.857 6.28046 0.11921 2 
6.414 7.857 3.14023 0.05960 2 
8.980 7.857 0.00000 -0.00000 0 
11.545 7.857 0.00000 -0.00000 0 
14.111 7.857 0.00000 -0.00000 2 
16.676 7.857 0.08366 -0.00249 2 
19.242 7.857 0.04183 -0.00124 2 
21.808 7.857 0.00000 -0.00000 0 
24.373 7.857 0.00000 -0.00000 0 
26.939 7.857 0.00000 -0.00000 0 
29.504 7.857 0.00000 -0.00000 0 
32.070 7.857 0.00000 -0.00000 0 
34.636 7.857 0.00000 -0.00000 0 
37.201 7.857 0.00000 -0.00000 0 
39.767 7.857 0.00000 -0.00000 0 
42.332 7.857 0.00000 -0.00000 0 
44.898 7.857 0.00000 -0.00000 0 
47.464 7.857 0.00000 -0.00000 0 
50.029 7.857 0.00000 -0.00000 0 
52.595 7.857 0.00000 -0.00000 0 
55.160 7.857 0.00000 -0.00000 0 
57.726 7.857 0.00000 -0.00000 0 
60.292 7.857 -0.61102 -0.07868 2 
62.857 7.857 -0.37130 -0.07894 2 
65.423 7.857 -0.81198 -0.57560 2 
67.988 7.857 -0.47325 -0.59985 2 
70.554 7.857 -0.13452 -0.62410 2 
73.120 7.857 -0.02903 -0.37013 2 
75.685 7.857 -1.49785 -0.48070 2 
78.251 7.857 -1.12475 -0.55900 2 
80.816 7.857 -1.44074 -0.48876 2 
83.382 7.857 -1.70187 -0.25721 2 
85.948 7.857 -2.02142 1.89491 2 
88.513 7.857 -1.22175 2.18191 2 
91.079 7.857 -1.39329 2.64820 2 
93.644 7.857 -1.50635 2.91488 2 
96.210 7.857 -1.74248 2.15215 2 
98.776 7.857 -2.40186 1.56770 2 
101.341 7.857 -2.53217 3.47957 2 
103.907 7.857 0.39729 -3.94355 2 
106.472 7.857 0.68587 -5.68988 2 
109.038 7.857 0.48224 -6.23242 2 
111.603 7.857 0.19458 -4.82542 2 
114.169 7.857 -0.09308 -3.41843 2 
116.735 7.857 -0.13875 -3.16589 2 
119.300 7.857 -0.37080 -5.09933 2 
-8.980 5.292 6.54729 -0.36750 2 
-6.414 5.292 6.57507 -0.37975 2 
-3.848 5.292 6.44503 -0.32808 2 
-1.283 5.292 6.26496 -0.17739 2 
1.283 5.292 5.82382 -0.16281 2 
3.848 5.292 6.46728 0.00382 2 
6.414 5.292 1.57011 0.02980 2 
8.980 5.292 0.00000 -0.00000 0 
11.545 5.292 0.00000 -0.00000 0 
14.111 5.292 0.00000 -0.00000 0 
16.676 5.292 0.00000 -0.00000 0 
19.242 5.292 0.00000 -0.00000 0 
21.808 5.292 0.00000 -0.00000 0 
24.373 5.292 0.00000 -0.00000 0 
26.939 5.292 0.00000 -0.00000 0 
29.504 5.292 0.00000 -0.00000 0 
32.070 5.292 0.00000 -0.00000 0 
34.636 5.292 0.00000 -0.00000 0 
37.201 5.292 0.00000 -0.00000 0 
39.767 5.292 0.00000 -0.00000 0 
42.332 5.292 0.00000 -0.00000 0 
44.898 5.292 0.00000 -0.00000 0 
47.464 5.292 0.00000 -0.00000 0 
50.029 5.292 0.00000 -0.00000 0 
52.595 5.292 -0.34434 -0.12203 2 
55.160 5.292 -0.67586 -0.24969 2 
57.726 5.292 -0.83112 -0.16130 2 
60.292 5.292 -0.44517 -0.23725 2 
62.857 5.292 -1.03478 -0.59495 2 
65.423 5.292 -1.15157 -0.70036 2 
67.988 5.292 -0.67668 -0.81826 2 
70.554 5.292 -0.20179 -0.93615 2 
73.120 5.292 -0.04354 -0.55519 2 
75.685 5.292 -0.44968 -0.58634 2 
78.251 5.292 -0.08199 -1.07325 2 
80.816 5.292 -1.29792 -1.48852 2 
83.382 5.292 -1.49322 -0.43435 2 
85.948 5.292 -1.54202 1.10964 2 
88.513 5.292 -1.09459 2.43605 2 
91.079 5.292 -1.64774 2.08260 2 
93.644 5.292 -2.25440 2.53031 2 
96.210 5.292 -1.94310 2.58002 2 
98.776 5.292 -3.02573 2.17387 2 
101.341 5.292 -3.06940 2.27180 2 
103.907 5.292 -4.85948 -1.26615 2 
106.472 5.292 -7.03942 -3.46483 2 
109.038 5.292 -5.15030 -3.02956 2 
111.603 5.292 -1.71508 -5.21126 2 
114.169 5.292 -1.86739 -2.78663 2 
116.735 5.292 -0.51545 -4.21422 2 
119.300 5.292 -0.24994 -4.31395 2 
-8.980 2.726 6.62225 -0.52619 2 
-6.414 2.726 6.56503 -0.69938 2 
-3.848 2.726 6.32123 -0.58091 2 
-1.283 2.726 6.07464 -0.56974 2 
1.283 2.726 6.51588 -0.56884 2 
3.848 2.726 3.23364 0.00191 2 
6.414 2.726 0.00000 -0.00000 0 
8.980 2.726 0.00000 -0.00000 0 
11.545 2.726 0.00000 -0.00000 0 
14.111 2.726 0.00000 -0.00000 0 
16.676 2.726 0.00000 -0.00000 0 
19.242 2.726 0.00000 -0.00000 0 
21.808 2.726 0.00000 -0.00000 0 
24.373 2.726 0.00000 -0.00000 0 
26.939 2.726 0.00000 -0.00000 0 
29.504 2.726 0.00000 -0.00000 0 
32.070 2.726 0.00000 -0.00000 0 
34.636 2.726 0.00000 -0.00000 0 
37.201 2.726 0.00000 -0.00000 0 
39.767 2.726 0.00000 -0.00000 0 
42.332 2.726 0.00000 -0.00000 0 
44.898 2.726 0.00000 -0.00000 0 
47.464 2.726 -0.62635 -0.25565 2 
50.029 2.726 -0.60466 -0.17149 2 
52.595 2.726 -0.68869 -0.24406 2 
55.160 2.726 -1.18331 -0.41346 2 
57.726 2.726 -1.13276 -0.32860 2 
60.292 2.726 -1.32349 -0.55699 2 
62.857 2.726 -0.86911 -0.46986 2 
65.423 2.726 -0.78912 -0.66599 2 
67.988 2.726 -1.15312 -1.04146 2 
70.554 2.726 -0.50992 -0.98694 2 
73.120 2.726 -0.04516 -0.81318 2 
75.685 2.726 -0.68803 -0.80890 2 
78.251 2.726 -0.21600 -1.79296 2 
80.816 2.726 -0.92515 -1.82533 2 
83.382 2.726 -0.88067 -0.81447 2 
85.948 2.726 -1.06262 0.32438 2 
88.513 2.726 -0.59970 1.25352 2 
91.079 2.726 -0.82847 2.31144 2 
93.644 2.726 -0.92941 2.71684 2 
96.210 2.726 -0.96417 1.82021 2 
98.776 2.726 -1.98659 1.98094 2 
101.341 2.726 -3.60663 1.06402 2 
103.907 2.726 -3.06251 1.38788 2 
106.472 2.726 -5.11019 -1.72607 2 
109.038 2.726 -5.22108 -1.42488 2 
111.603 2.726 -0.40171 -2.08701 2 
114.169 2.726 -2.15609 -2.79686 2 
116.735 2.726 -1.24287 -3.41946 2 
119.300 2.726 -0.12909 -3.52857 2 
-8.980 0.160 6.93504 -0.59188 2 
-6.414 0.160 6.64643 -0.72247 2 
-3.848 0.160 6.43999 -0.62159 2 
-1.283 0.160 6.12290 -0.82866 2 
1.283 0.160 6.61552 -0.79365 2 
3.848 0.160 0.00000 -0.00000 0 
6.414 0.160 0.00000 -0.00000 0 
8.980 0.160 0.00000 -0.00000 0 
11.545 0.160 0.00000 -0.00000 0 
14.111 0.160 0.00000 -0.00000 0 
16.676 0.160 0.00000 -0.00000 0 
19.242 0.160 0.00000 -0.00000 0 
21.808 0.160 0.00000 -0.00000 0 
24.373 0.160 0.00000 -0.00000 0 
26.939 0.160 0.00000 -0.00000 0 
29.504 0.160 0.00000 -0.00000 0 
32.070 0.160 0.00000 -0.00000 0 
34.636 0.160 0.00000 -0.00000 0 
37.201 0.160 0.00000 -0.00000 0 
39.767 0.160 -0.25728 -0.01262 2 
42.332 0.160 -1.84636 -0.34239 2 
44.898 0.160 -1.56432 -0.41752 2 
47.464 0.160 -1.88011 -0.88376 2 
50.029 0.160 -1.68400 -0.51729 2 
52.595 0.160 -1.61363 -0.00171 2 
55.160 0.160 -1.31095 -0.11097 2 
57.726 0.160 -1.43440 -0.49590 2 
60.292 0.160 -0.83370 -0.68760 2 
62.857 0.160 -0.59826 -0.44185 2 
65.423 0.160 -0.73115 -0.96600 2 
67.988 0.160 -0.17670 -1.07178 2 
70.554 0.160 -0.16199 -1.89863 2 
73.120 0.160 0.59005 -1.55114 2 
75.685 0.160 0.29197 -2.06206 2 
78.251 0.160 -0.35002 -2.51268 2 
80.816 0.160 -0.21035 -1.68078 2 
83.382 0.160 -0.22611 -0.93278 2 
85.948 0.160 -0.58537 -0.03988 2 
88.513 0.160 -1.09990 0.85818 2 
91.079 0.160 -1.03069 0.59908 2 
93.644 0.160 -1.52204 1.09575 2 
96.210 0.160 -2.91521 0.60657 2 
98.776 0.160 -1.71327 0.83079 2 
101.341 0.160 -2.81604 0.51911 2 
103.907 0.160 -3.95444 1.54099 2 
106.472 0.160 -5.01263 -2.00523 2 
109.038 0.160 -4.79838 -2.45031 2 
111.603 0.160 -4.68310 -2.68170 2 
114.169 0.160 -2.44479 -2.80708 2 
116.735 0.160 -1.17393 -3.44870 2 
119.300 0.160 -0.08088 -1.92911 2 
-8.980 -2.405 6.65925 -0.77864 2 
-6.414 -2.405 6.76653 -0.87330 2 
-3.848 -2.405 6.32330 -0.80972 2 
-1.283 -2.405 6.46937 -0.82106 2 
1.283 -2.405 0.00000 -0.00000 0 
3.848 -2.405 0.00000 -0.00000 0 
6.414 -2.405 0.00000 -0.00000 0 
8.980 -2.405 0.00000 -0.00000 0 
11.545 -2.405 0.00000 -0.00000 0 
14.111 -2.405 0.00000 -0.00000 0 
16.676 -2.405 0.00000 -0.00000 0 
19.242 -2.405 0.00000 -0.00000 0 
21.808 -2.405 0.00000 -0.00000 0 
24.373 -2.405 0.00000 -0.00000 0 
26.939 -2.405 0.00000 -0.00000 0 
29.504 -2.405 0.00000 -0.00000 0 
32.070 -2.405 -1.13300 -0.23846 2 
34.636 -2.405 -0.78080 -0.25327 2 
37.201 -2.405 -1.55327 -0.35358 2 
39.767 -2.405 -2.12080 -0.66270 2 
42.332 -2.405 -2.32333 -0.86065 2 
44.898 -2.405 -2.22980 -0.75968 2 
47.464 -2.405 -2.48940 -1.09273 2 
50.029 -2.405 -2.38931 -0.66225 2 
52.595 -2.405 -2.28923 -0.23177 2 
55.160 -2.405 -1.21161 -0.21792 2 
57.726 -2.405 -0.53209 -0.19227 2 
60.292 -2.405 -0.34391 -0.81821 2 
62.857 -2.405 -0.64006 -1.12806 2 
65.423 -2.405 -0.39789 -0.97238 2 
67.988 -2.405 0.17852 -1.89508 2 
70.554 -2.405 0.20171 -2.06103 2 
73.120 -2.405 0.32624 -2.22782 2 
75.685 -2.405 0.45077 -2.39461 2 
78.251 -2.405 0.74473 -2.08338 2 
80.816 -2.405 -0.25504 -1.83790 2 
83.382 -2.405 -0.13852 -0.41289 2 
85.948 -2.405 0.15782 -0.01130 2 
88.513 -2.405 -0.26181 0.38343 2 
91.079 -2.405 -0.91674 0.29469 2 
93.644 -2.405 -1.49042 -0.38889 2 
96.210 -2.405 -2.38536 0.12978 2 
98.776 -2.405 -1.99694 1.01408 2 
101.341 -2.405 -3.89193 -0.76281 2 
103.907 -2.405 -3.73289 -1.67320 2 
106.472 -2.405 -4.91507 -2.28439 2 
109.038 -2.405 -3.78069 -2.98582 2 
111.603 -2.405 -2.58968 -3.82203 2 
114.169 -2.405 -1.47428 -3.12509 2 
116.735 -2.405 -0.54280 -0.49955 2 
119.300 -2.405 -0.03268 -0.32964 2 
-8.980 -4.971 7.07022 -0.76913 2 
-6.414 -4.971 6.82791 -0.82085 2 
-3.848 -4.971 6.67985 -0.98685 2 
-1.283 -4.971 6.38731 -1.20516 2 
1.283 -4.971 0.00000 -0.00000 0 
3.848 -4.971 0.00000 -0.00000 0 
6.414 -4.971 0.00000 -0.00000 0 
8.980 -4.971 0.00000 -0.00000 0 
11.545 -4.971 0.00000 -0.00000 0 
14.111 -4.971 0.00000 -0.00000 0 
16.676 -4.971 0.00000 -0.00000 0 
19.242 -4.971 0.00000 -0.00000 0 
21.808 -4.971 0.00000 -0.00000 0 
24.373 -4.971 -1.10226 -0.45143 2 
26.939 -4.971 -1.00951 -0.36326 2 
29.504 -4.971 -1.29293 -0.42550 2 
32.070 -4.971 -2.26601 -0.47692 2 
34.636 -4.971 -2.77629 -0.64913 2 
37.201 -4.971 -2.96322 -0.44314 2 
39.767 -4.971 -2.63142 -0.38257 2 
42.332 -4.971 -2.48753 -0.65866 2 
44.898 -4.971 -2.06190 -0.31797 2 
47.464 -4.971 -2.13310 -0.41056 2 
50.029 -4.971 -2.25288 -0.81283 2 
52.595 -4.971 -2.37266 -1.21509 2 
55.160 -4.971 -1.68385 -0.17884 2 
57.726 -4.971 -0.81807 0.40708 2 
60.292 -4.971 0.08622 0.17154 2 
62.857 -4.971 -0.32098 -1.60966 2 
65.423 -4.971 -0.18313 -1.18810 2 
67.988 -4.971 0.11270 -0.98249 2 
70.554 -4.971 0.35479 -2.20351 2 
73.120 -4.971 0.23983 -2.24699 2 
75.685 -4.971 0.12486 -2.29047 2 
78.251 -4.971 0.54921 -1.94394 2 
80.816 -4.971 1.09072 -2.29387 2 
83.382 -4.971 0.21460 -1.04196 2 
85.948 -4.971 0.38116 0.17594 2 
88.513 -4.971 0.58700 0.23885 2 
91.079 -4.971 -0.72232 0.00561 2 
93.644 -4.971 -1.89379 -0.53477 2 
96.210 -4.971 -1.85550 -0.34700 2 
98.776 -4.971 -1.86729 -0.22746 2 
101.341 -4.971 -3.32349 -1.82225 2 
103.907 -4.971 -2.23762 -2.54352 2 
106.472 -4.971 -3.69514 -3.13909 2 
109.038 -4.971 -2.76300 -3.52133 2 
111.603 -4.971 -0.09459 -2.24607 2 
114.169 -4.971 1.20382 -0.64735 2 
116.735 -4.971 1.55766 0.49614 2 
119.300 -4.971 0.01082 0.56935 2 
-8.980 -7.536 6.99913 -0.90943 2 
-6.414 -7.536 6.71833 -1.03278 2 
-3.848 -7.536 6.70951 -1.06387 2 
-1.283 -7.536 6.59974 -1.37476 2 
1.283 -7.536 6.70219 -1.54952 2 
3.848 -7.536 0.00000 -0.00000 0 
6.414 -7.536 6.00307 -2.48548 2 
8.980 -7.536 2.98904 -0.00198 2 
11.545 -7.536 1.40281 -0.93743 2 
14.111 -7.536 4.62602 -1.63445 2 
16.676 -7.536 -0.14308 -0.39185 2 
19.242 -7.536 -1.06560 0.00605 2 
21.808 -7.536 -1.93556 -0.44072 2 
24.373 -7.536 -2.20452 -0.90285 2 
26.939 -7.536 -3.09085 -0.49629 2 
29.504 -7.536 -2.75093 -0.22189 2 
32.070 -7.536 -2.30051 -0.39200 2 
34.636 -7.536 -1.90942 -0.55242 2 
37.201 -7.536 -1.98020 -0.67486 2 
39.767 -7.536 -1.91313 -0.04226 2 
42.332 -7.536 -2.65173 -0.45667 2 
44.898 -7.536 -0.07997 -0.45747 2 
47.464 -7.536 -2.62059 -1.20564 2 
50.029 -7.536 -2.31994 -0.81647 2 
52.595 -7.536 -1.95170 -1.44586 2 
55.160 -7.536 -2.10267 -1.30244 2 
57.726 -7.536 0.65728 0.93525 2 
60.292 -7.536 0.48164 0.40505 2 
62.857 -7.536 0.44649 -0.45962 2 
65.423 -7.536 0.82331 -0.75346 2 
67.988 -7.536 0.23336 -1.09591 2 
70.554 -7.536 0.53360 -1.24764 2 
73.120 -7.536 0.35036 -2.01138 2 
75.685 -7.536 0.88179 -1.49811 2 
78.251 -7.536 0.93580 -1.63152 2 
80.816 -7.536 1.67785 -1.21238 2 
83.382 -7.536 1.18593 0.49114 2 
85.948 -7.536 1.80463 0.18387 2 
88.513 -7.536 1.90568 0.49085 2 
91.079 -7.536 1.41521 -0.51307 2 
93.644 -7.536 -0.54915 -0.71314 2 
96.210 -7.536 -0.35860 -0.38000 2 
98.776 -7.536 0.15906 0.05460 2 
101.341 -7.536 1.37488 -0.05714 2 
103.907 -7.536 2.02690 -1.88267 2 
106.472 -7.536 -0.38381 -3.00790 2 
109.038 -7.536 1.52656 -1.53104 2 
111.603 -7.536 2.40049 -0.67011 2 
114.169 -7.536 2.78471 0.11024 2 
116.735 -7.536 3.65813 1.49183 2 
119.300 -7.536 0.05432 1.46833 1 
-8.980 -10.102 7.28861 -0.93340 2 
-6.414 -10.102 7.02684 -1.09512 2 
-3.848 -10.102 6.97652 -1.22004 2 
-1.283 -10.102 6.91556 -1.44080 2 
1.283 -10.102 6.65280 -1.73023 2 
3.848 -10.102 7.22202 -2.43135 2 
6.414 -10.102 7.22486 -2.75614 2 
8.980 -10.102 7.38387 -3.40386 2 
11.545 -10.102 4.80459 -1.86941 2 
14.111 -10.102 9.25204 -3.26891 2 
16.676 -10.102 9.70721 -3.21593 2 
19.242 -10.102 7.11264 -1.62179 2 
21.808 -10.102 0.77409 -0.53018 2 
24.373 -10.102 2.60193 -1.76324 2 
26.939 -10.102 1.83046 -0.80079 2 
29.504 -10.102 2.81430 -0.58830 2 
32.070 -10.102 0.06291 -1.16251 2 
34.636 -10.102 -0.71331 -0.82927 2 
37.201 -10.102 -1.48953 -0.49602 2 
39.767 -10.102 0.51837 -0.12577 2 
42.332 -10.102 1.68575 -0.29641 2 
44.898 -10.102 1.90197 -0.59697 2 
47.464 -10.102 -1.01568 -0.82210 2 
50.029 -10.102 -1.40869 -0.49460 2 
52.595 -10.102 -0.08880 0.05054 2 
55.160 -10.102 0.66491 1.13120 2 
57.726 -10.102 1.60314 0.18872 2 
60.292 -10.102 1.41839 -0.15419 2 
62.857 -10.102 1.32064 -0.30628 2 
65.423 -10.102 1.21950 -0.73992 2 
67.988 -10.102 1.82491 -1.19328 2 
70.554 -10.102 1.60219 -0.83323 2 
73.120 -10.102 1.28323 -1.67151 2 
75.685 -10.102 2.31758 -2.50200 2 
78.251 -10.102 1.64245 -1.60126 2 
80.816 -10.102 2.42063 -0.78751 2 
83.382 -10.102 3.28884 -0.27532 2 
85.948 -10.102 2.91138 -0.12000 2 
88.513 -10.102 1.84151 1.26261 2 
91.079 -10.102 1.31850 0.18555 2 
93.644 -10.102 0.79548 -0.89151 2 
96.210 -10.102 1.13830 -0.41299 2 
98.776 -10.102 2.18541 0.33666 2 
101.341 -10.102 4.15061 -0.40514 2 
103.907 -10.102 3.45657 -1.88255 2 
106.472 -10.102 4.57658 -1.05962 2 
109.038 -10.102 5.41550 -0.44231 2 
111.603 -10.102 5.11434 0.00195 2 
114.169 -10.102 4.36561 0.86783 2 
116.735 -10.102 5.44489 1.90007 2 
119.300 -10.102 -0.01625 2.24980 1 
-8.980 -12.668 7.18747 -1.11729 2 
-6.414 -12.668 7.00223 -1.09120 2 
-3.848 -12.668 7.01885 -1.30212 2 
-1.283 -12.668 7.05543 -1.52920 2 
1.283 -12.668 7.25757 -1.74643 2 
3.848 -12.668 7.10597 -1.91951 2 
6.414 -12.668 7.34864 -2.25419 2 
8.980 -12.668 7.54169 -2.78510 2 
11.545 -12.668 8.20637 -2.80140 2 
14.111 -12.668 8.63197 -2.81373 2 
16.676 -12.668 8.83275 -2.53274 2 
19.242 -12.668 9.50489 -2.49845 2 
21.808 -12.668 9.84309 -2.57526 2 
24.373 -12.668 6.08349 -1.88991 2 
26.939 -12.668 5.78599 -1.00196 2 
29.504 -12.668 8.37953 -0.95471 2 
32.070 -12.668 5.39329 -1.84092 2 
34.636 -12.668 4.30539 -1.48765 2 
37.201 -12.668 2.38293 -0.68645 2 
39.767 -12.668 3.59917 -0.18763 2 
42.332 -12.668 5.38395 -0.24586 2 
44.898 -12.668 4.66040 -1.01326 2 
47.464 -12.668 4.81884 -0.50500 2 
50.029 -12.668 3.35337 -1.07845 2 
52.595 -12.668 3.54559 0.21610 2 
55.160 -12.668 3.04730 -0.17085 2 
57.726 -12.668 2.54901 -0.55780 2 
60.292 -12.668 2.46740 -0.00270 2 
62.857 -12.668 1.22080 -1.07912 2 
65.423 -12.668 1.94257 -0.10657 2 
67.988 -12.668 3.65353 -1.11758 2 
70.554 -12.668 2.67079 -0.41881 2 
73.120 -12.668 2.21611 -1.33164 2 
75.685 -12.668 2.40761 -2.24871 2 
78.251 -12.668 2.34909 -1.57100 2 
80.816 -12.668 1.22703 0.02712 2 
83.382 -12.668 2.18550 0.76781 2 
85.948 -12.668 3.11828 -0.26548 2 
88.513 -12.668 4.26132 0.22554 2 
91.079 -12.668 4.41526 -0.50454 2 
93.644 -12.668 4.56920 -1.23462 2 
96.210 -12.668 3.13083 -0.11930 2 
98.776 -12.668 2.99559 -0.40094 2 
101.341 -12.668 3.94125 -1.01514 2 
103.907 -12.668 4.10764 -1.60784 2 
106.472 -12.668 4.31064 -0.87852 2 
109.038 -12.668 5.88264 -0.84108 2 
111.603 -12.668 5.43170 -1.38946 2 
114.169 -12.668 3.74354 -0.43522 2 
116.735 -12.668 6.55191 0.74669 2 
119.300 -12.668 0.00000 -0.00000 0 
-8.980 -15.233 7.20934 -0.97652 2 
-6.414 -15.233 7.18467 -0.98557 2 
-3.848 -15.233 7.25968 -1.30385 2 
-1.283 -15.233 7.27155 -1.45774 2 
1.283 -15.233 7.20954 -1.63596 2 
3.848 -15.233 7.35258 -2.16051 2 
6.414 -15.233 7.55287 -2.21231 2 
8.980 -15.233 7.83125 -2.29111 2 
11.545 -15.233 8.17613 -2.44410 2 
14.111 -15.233 8.60387 -2.35221 2 
16.676 -15.233 8.81877 -2.39961 2 
19.242 -15.233 8.90866 -2.22050 2 
21.808 -15.233 9.10175 -2.16008 2 
24.373 -15.233 9.56506 -2.01658 2 
26.939 -15.233 9.74152 -1.20313 2 
29.504 -15.233 9.15836 -1.44104 2 
32.070 -15.233 7.44440 -1.72852 2 
34.636 -15.233 6.81199 -1.55871 2 
37.201 -15.233 4.77301 -0.76153 2 
39.767 -15.233 5.60611 -0.39908 2 
42.332 -15.233 9.08215 -0.19532 2 
44.898 -15.233 9.55647 -1.01664 2 
47.464 -15.233 8.21000 -0.46264 2 
50.029 -15.233 5.48336 -0.84843 2 
52.595 -15.233 6.17777 -0.44888 2 
55.160 -15.233 6.02691 -0.46150 2 
57.726 -15.233 5.87605 -0.47412 2 
60.292 -15.233 3.51641 0.14878 2 
62.857 -15.233 6.38672 -0.02664 2 
65.423 -15.233 5.11277 -0.61043 2 
67.988 -15.233 5.48215 -1.04188 2 
70.554 -15.233 3.04635 -0.97218 2 
73.120 -15.233 1.72273 -1.78686 2 
75.685 -15.233 4.19600 -1.96440 2 
78.251 -15.233 4.04318 -1.83654 2 
80.816 -15.233 5.67851 0.89655 2 
83.382 -15.233 5.44197 0.66632 2 
85.948 -15.233 5.18891 0.75693 2 
88.513 -15.233 5.69800 0.76341 2 
91.079 -15.233 6.45485 0.94385 2 
93.644 -15.233 5.07299 -1.18635 2 
96.210 -15.233 6.62282 -0.65680 2 
98.776 -15.233 5.71060 -0.62445 2 
101.341 -15.233 6.81388 1.06021 2 
103.907 -15.233 8.43244 0.52222 2 
106.472 -15.233 8.50888 2.06115 2 
109.038 -15.233 8.30065 0.77695 2 
111.603 -15.233 9.20525 1.42481 2 
114.169 -15.233 10.10985 2.07266 2 
116.735 -15.233 8.16123 1.69283 2 
119.300 -15.233 0.00000 -0.00000 0 
-8.980 -17.799 7.31045 -1.02102 2 
-6.414 -17.799 7.39556 -1.06220 2 
-3.848 -17.799 7.31051 -1.30731 2 
-1.283 -17.799 7.44257 -1.36893 2 
1.283 -17.799 7.31169 -1.66349 2 
3.848 -17.799 7.54464 -1.73980 2 
6.414 -17.799 7.78109 -1.96669 2 
8.980 -17.799 7.86046 -2.11416 2 
11.545 -17.799 8.27709 -2.10508 2 
14.111 -17.799 8.55046 -2.29735 2 
16.676 -17.799 8.73250 -2.12464 2 
19.242 -17.799 8.97788 -1.85817 2 
21.808 -17.799 8.95781 -1.97831 2 
24.373 -17.799 9.18283 -1.86133 2 
26.939 -17.799 9.20026 -1.71031 2 
29.504 -17.799 9.26041 -1.43295 2 
32.070 -17.799 9.49550 -1.61612 2 
34.636 -17.799 9.31859 -1.62976 2 
37.201 -17.799 7.16309 -0.83662 2 
39.767 -17.799 7.61304 -0.61054 2 
42.332 -17.799 9.69196 -0.59562 2 
44.898 -17.799 9.61200 -0.66314 2 
47.464 -17.799 8.97595 -0.55223 2 
50.029 -17.799 7.61335 -0.61840 2 
52.595 -17.799 7.85633 -0.32776 2 
55.160 -17.799 8.52972 -0.35910 2 
57.726 -17.799 9.20310 -0.39043 2 
60.292 -17.799 9.51158 -0.04632 2 
62.857 -17.799 8.07124 -0.14726 2 
65.423 -17.799 8.28298 -1.11429 2 
67.988 -17.799 7.21804 -0.79054 2 
70.554 -17.799 8.38394 -1.19157 2 
73.120 -17.799 8.15518 -1.21300 2 
75.685 -17.799 5.98438 -1.68009 2 
78.251 -17.799 5.70428 -1.04805 2 
80.816 -17.799 6.13216 0.47577 2 
83.382 -17.799 5.70385 0.20348 2 
85.948 -17.799 6.02944 0.52163 2 
88.513 -17.799 6.97625 0.93050 2 
91.079 -17.799 8.74569 1.27680 2 
93.644 -17.799 6.67506 0.11457 2 
96.210 -17.799 5.75164 -0.15168 2 
98.776 -17.799 5.81106 -0.02157 2 
101.341 -17.799 7.06684 1.06250 2 
103.907 -17.799 8.97916 2.64572 2 
106.472 -17.799 9.08747 2.19437 2 
109.038 -17.799 9.11966 1.59431 2 
111.603 -17.799 9.53500 1.70134 2 
114.169 -17.799 9.95033 1.80838 2 
116.735 -17.799 9.77055 2.63898 2 
119.300 -17.799 0.00000 -0.00000 0 
-8.980 -20.364 7.46931 -1.12711 2 
-6.414 -20.364 7.54272 -1.13185 2 
-3.848 -20.364 7.45584 -1.21480 2 
-1.283 -20.364 7.47094 -1.34337 2 
1.283 -20.364 7.70093 -1.49578 2 
3.848 -20.364 7.75078 -1.63310 2 
6.414 -20.364 7.92674 -1.77984 2 
8.980 -20.364 8.07916 -2.03676 2 
11.545 -20.364 8.21649 -1.86799 2 
14.111 -20.364 8.62401 -1.97871 2 
16.676 -20.364 8.74144 -1.91035 2 
19.242 -20.364 8.87395 -1.93395 2 
21.808 -20.364 8.96737 -1.82027 2 
24.373 -20.364 9.01874 -1.63092 2 
26.939 -20.364 9.05257 -1.30713 2 
29.504 -20.364 9.28406 -1.47178 2 
32.070 -20.364 9.33176 -1.24079 2 
34.636 -20.364 9.62477 -1.13354 2 
37.201 -20.364 9.55317 -0.91170 2 
39.767 -20.364 9.61998 -0.82199 2 
42.332 -20.364 9.65524 -0.86166 2 
44.898 -20.364 9.56880 -0.59780 2 
47.464 -20.364 9.74190 -0.64182 2 
50.029 -20.364 9.74334 -0.38837 2 
52.595 -20.364 9.53489 -0.20664 2 
55.160 -20.364 9.14340 -0.16788 2 
57.726 -20.364 8.80436 -0.26830 2 
60.292 -20.364 8.74579 -0.40063 2 
62.857 -20.364 8.71037 -0.47512 2 
65.423 -20.364 8.71490 -0.90668 2 
67.988 -20.364 8.97666 -1.14799 2 
70.554 -20.364 8.07962 -1.31198 2 
73.120 -20.364 8.73074 -0.35320 2 
75.685 -20.364 9.89597 -0.56227 2 
78.251 -20.364 7.57625 -0.83506 2 
80.816 -20.364 6.58581 0.05500 2 
83.382 -20.364 5.96574 -0.25936 2 
85.948 -20.364 6.86998 0.28633 2 
88.513 -20.364 8.25450 1.09759 2 
91.079 -20.364 8.93376 0.66569 2 
93.644 -20.364 9.63572 0.35365 2 
96.210 -20.364 9.65591 -0.02306 2 
98.776 -20.364 9.34185 0.06037 2 
101.341 -20.364 8.23508 1.00119 2 
103.907 -20.364 9.14538 1.76417 2 
106.472 -20.364 9.23234 1.70818 2 
109.038 -20.364 9.36300 1.83963 2 
111.603 -20.364 9.61377 1.67610 2 
114.169 -20.364 9.64773 1.94369 2 
116.735 -20.364 9.59886 2.45309 2 
119.300 -20.364 0.00000 -0.00000 0 
-8.980 -22.930 7.56881 -0.92630 2 
-6.414 -22.930 7.50422 -1.05235 2 
-3.848 -22.930 7.46864 -1.16506 2 
-1.283 -22.930 7.55040 -1.32146 2 
1.283 -22.930 7.69079 -1.38108 2 
3.848 -22.930 7.69278 -1.54767 2 
6.414 -22.930 8.00082 -1.70076 2 
8.980 -22.930 8.13295 -1.60721 2 
11.545 -22.930 8.25710 -1.84257 2 
14.111 -22.930 8.49511 -1.82803 2 
16.676 -22.930 8.65402 -1.65192 2 
19.242 -22.930 8.75632 -1.80025 2 
21.808 -22.930 8.82713 -1.48835 2 
24.373 -22.930 8.97471 -1.44334 2 
26.939 -22.930 9.15767 -1.58189 2 
29.504 -22.930 9.20729 -1.27386 2 
32.070 -22.930 9.15104 -1.16416 2 
34.636 -22.930 9.47400 -1.14830 2 
37.201 -22.930 9.31622 -0.94565 2 
39.767 -22.930 9.39449 -0.84022 2 
42.332 -22.930 9.56075 -0.69231 2 
44.898 -22.930 9.31250 -0.75545 2 
47.464 -22.930 9.49273 -0.52501 2 
50.029 -22.930 9.44215 -0.45437 2 
52.595 -22.930 9.26807 -0.47307 2 
55.160 -22.930 9.26954 -0.34113 2 
57.726 -22.930 9.21055 -0.30166 2 
60.292 -22.930 9.13179 -0.43649 2 
62.857 -22.930 8.95330 -0.67229 2 
65.423 -22.930 8.94539 -0.68947 2 
67.988 -22.930 9.02594 -0.81258 2 
70.554 -22.930 9.66021 -0.83876 2 
73.120 -22.930 9.78359 -0.91518 2 
75.685 -22.930 9.79585 -0.64669 2 
78.251 -22.930 9.73825 -0.34205 2 
80.816 -22.930 10.10818 0.22315 2 
83.382 -22.930 9.82074 -0.09169 2 
85.948 -22.930 9.92668 0.79293 2 
88.513 -22.930 9.37430 0.89390 2 
91.079 -22.930 9.18441 0.45785 2 
93.644 -22.930 9.48067 0.40925 2 
96.210 -22.930 9.78435 0.45980 2 
98.776 -22.930 9.38618 0.33103 2 
101.341 -22.930 9.40332 0.93988 2 
103.907 -22.930 9.31160 0.88263 2 
106.472 -22.930 9.37722 1.22200 2 
109.038 -22.930 9.44285 1.56136 2 
111.603 -22.930 9.44175 1.47448 2 
114.169 -22.930 9.48390 1.93549 2 
116.735 -22.930 9.26602 1.92810 2 
119.300 -22.930 0.00000 -0.00000 0 
-8.980 -25.496 7.80169 -0.71249 2 
-6.414 -25.496 7.48138 -1.00758 2 
-3.848 -25.496 7.66152 -1.14051 2 
-1.283 -25.496 7.79931 -1.16120 2 
1.283 -25.496 7.75831 -1.28671 2 
3.848 -25.496 8.07009 -1.32377 2 
6.414 -25.496 8.00292 -1.49279 2 
8.980 -25.496 8.18772 -1.42422 2 
11.545 -25.496 8.32852 -1.50704 2 
14.111 -25.496 8.59897 -1.58712 2 
16.676 -25.496 8.53638 -1.56108 2 
19.242 -25.496 8.74151 -1.52248 2 
21.808 -25.496 8.84934 -1.46150 2 
24.373 -25.496 8.95395 -1.30634 2 
26.939 -25.496 8.95076 -1.18496 2 
29.504 -25.496 9.13568 -1.16044 2 
32.070 -25.496 9.16992 -1.10801 2 
34.636 -25.496 9.29703 -1.01014 2 
37.201 -25.496 9.23278 -1.06893 2 
39.767 -25.496 9.42443 -0.72242 2 
42.332 -25.496 9.42030 -0.77865 2 
44.898 -25.496 9.32027 -0.64479 2 
47.464 -25.496 9.28056 -0.77162 2 
50.029 -25.496 9.24685 -0.43162 2 
52.595 -25.496 9.13183 -0.39230 2 
55.160 -25.496 9.19511 -0.45963 2 
57.726 -25.496 9.06133 -0.52681 2 
60.292 -25.496 9.18077 -0.46512 2 
62.857 -25.496 9.15489 -0.51577 2 
65.423 -25.496 9.04073 -0.54590 2 
67.988 -25.496 9.04298 -0.74856 2 
70.554 -25.496 9.25100 -0.63285 2 
73.120 -25.496 9.47365 -0.60191 2 
75.685 -25.496 9.78313 -0.41771 2 
78.251 -25.496 9.92599 -0.16351 2 
80.816 -25.496 9.76367 -0.00647 2 
83.382 -25.496 9.77563 0.20946 2 
85.948 -25.496 9.47515 0.50601 2 
88.513 -25.496 9.30437 0.47696 2 
91.079 -25.496 9.59197 0.58973 2 
93.644 -25.496 9.57549 0.42761 2 
96.210 -25.496 9.37016 0.56043 2 
98.776 -25.496 9.43050 0.60170 2 
101.341 -25.496 9.41364 0.67056 2 
103.907 -25.496 9.38966 0.73943 2 
106.472 -25.496 9.39483 1.07304 2 
109.038 -25.496 9.40000 1.40665 2 
111.603 -25.496 9.18120 1.31994 2 
114.169 -25.496 9.03070 1.54931 2 
116.735 -25.496 9.49955 1.93225 2 
119.300 -25.496 0.00000 -0.00000 0 
-8.980 -28.061 7.70647 -1.00893 2 
-6.414 -28.061 7.58275 -0.94149 2 
-3.848 -28.061 7.81441 -1.05011 2 
-1.283 -28.061 7.85822 -1.02851 2 
1.283 -28.061 7.92294 -1.18137 2 
3.848 -28.061 7.90462 -1.20021 2 
6.414 -28.061 8.00316 -1.27427 2 
8.980 -28.061 8.22335 -1.38748 2 
11.545 -28.061 8.28008 -1.29598 2 
14.111 -28.061 8.41704 -1.41384 2 
16.676 -28.061 8.59096 -1.39160 2 
19.242 -28.061 8.63532 -1.24655 2 
21.808 -28.061 8.75895 -1.18957 2 
24.373 -28.061 9.03438 -1.22002 2 
26.939 -28.061 8.96678 -1.18439 2 
29.504 -28.061 9.14203 -1.13983 2 
32.070 -28.061 8.98921 -1.02821 2 
34.636 -28.061 9.14109 -1.05725 2 
37.201 -28.061 9.20527 -0.69651 2 
39.767 -28.061 9.16564 -0.72858 2 
42.332 -28.061 9.20144 -0.76880 2 
44.898 -28.061 9.43351 -0.68023 2 
47.464 -28.061 9.32567 -0.57341 2 
50.029 -28.061 9.23256 -0.46759 2 
52.595 -28.061 9.27199 -0.50322 2 
55.160 -28.061 9.21908 -0.42049 2 
57.726 -28.061 8.96009 -0.52491 2 
60.292 -28.061 9.06190 -0.44997 2 
62.857 -28.061 9.16821 -0.52526 2 
65.423 -28.061 9.28116 -0.54077 2 
67.988 -28.061 9.25435 -0.52788 2 
70.554 -28.061 9.21408 -0.40785 2 
73.120 -28.061 9.34636 -0.37848 2 
75.685 -28.061 9.51615 -0.26609 2 
78.251 -28.061 9.48753 0.00216 2 
80.816 -28.061 9.57076 0.15600 2 
83.382 -28.061 9.56915 0.29763 2 
85.948 -28.061 9.36780 0.26041 2 
88.513 -28.061 9.37348 0.47319 2 
91.079 -28.061 9.34175 0.31757 2 
93.644 -28.061 9.28855 0.38304 2 
96.210 -28.061 9.26871 0.63189 2 
98.776 -28.061 9.44066 0.63787 2 
101.341 -28.061 9.25236 0.71690 2 
103.907 -28.061 9.38340 0.70429 2 
106.472 -28.061 9.28838 0.74433 2 
109.038 -28.061 9.24418 1.13550 2 
111.603 -28.061 9.29402 1.04200 2 
114.169 -28.061 8.89182 1.48130 2 
116.735 -28.061 9.41704 1.54372 2 
119.300 -28.061 0.00000 -0.00000 0 
-8.980 -30.627 7.70301 -0.91667 2 
-6.414 -30.627 7.71250 -0.89987 2 
-3.848 -30.627 7.70076 -0.98017 2 
-1.283 -30.627 7.83348 -1.19650 2 
1.283 -30.627 7.94909 -1.07868 2 
3.848 -30.627 7.94395 -1.19933 2 
6.414 -30.627 8.19472 -1.21917 2 
8.980 -30.627 8.25568 -1.26961 2 
11.545 -30.627 8.40787 -1.25614 2 
14.111 -30.627 8.37184 -1.15568 2 
16.676 -30.627 8.71624 -1.30012 2 
19.242 -30.627 8.64591 -1.17239 2 
21.808 -30.627 8.75933 -1.16232 2 
24.373 -30.627 8.73029 -1.06526 2 
26.939 -30.627 9.01642 -1.07027 2 
29.504 -30.627 8.87084 -0.88529 2 
32.070 -30.627 9.05316 -1.09710 2 
34.636 -30.627 9.05096 -0.81748 2 
37.201 -30.627 9.12635 -0.81973 2 
39.767 -30.627 9.17340 -0.82966 2 
42.332 -30.627 9.22121 -0.74663 2 
44.898 -30.627 9.00462 -0.74039 2 
47.464 -30.627 9.17508 -0.49518 2 
50.029 -30.627 9.02974 -0.53982 2 
52.595 -30.627 9.07439 -0.43227 2 
55.160 -30.627 9.14788 -0.49423 2 
57.726 -30.627 9.02947 -0.47444 2 
60.292 -30.627 8.98044 -0.52160 2 
62.857 -30.627 9.10670 -0.52171 2 
65.423 -30.627 8.96017 -0.46171 2 
67.988 -30.627 9.16776 -0.49715 2 
70.554 -30.627 9.28840 -0.22242 2 
73.120 -30.627 9.28154 -0.23865 2 
75.685 -30.627 9.39566 -0.12574 2 
78.251 -30.627 9.47536 -0.13146 2 
80.816 -30.627 9.25550 -0.02653 2 
83.382 -30.627 9.45063 0.16312 2 
85.948 -30.627 9.27830 0.24639 2 
88.513 -30.627 9.36284 0.26630 2 
91.079 -30.627 9.23657 0.47128 2 
93.644 -30.627 9.31395 0.53437 2 
96.210 -30.627 9.20608 0.46808 2 
98.776 -30.627 9.24796 0.62467 2 
101.341 -30.627 9.33591 0.72027 2 
103.907 -30.627 9.32155 0.74585 2 
106.472 -30.627 9.11420 0.90264 2 
109.038 -30.627 9.02787 0.87095 2 
111.603 -30.627 9.05711 0.96962 2 
114.169 -30.627 8.96650 1.17480 2 
116.735 -30.627 8.93156 1.37744 2 
119.300 -30.627 0.00000 -0.00000 0 
-8.980 -33.192 7.82224 -0.93689 2 
-6.414 -33.192 7.77951 -0.90711 2 
-3.848 -33.192 7.81056 -0.97242 2 
-1.283 -33.192 7.87903 -0.93735 2 
1.283 -33.192 8.11738 -1.13485 2 
3.848 -33.192 8.06018 -1.13678 2 
6.414 -33.192 8.21417 -1.00064 2 
8.980 -33.192 8.23372 -1.18902 2 
11.545 -33.192 8.57878 -1.22786 2 
14.111 -33.192 8.35893 -1.17229 2 
16.676 -33.192 8.60701 -1.14011 2 
19.242 -33.192 8.69381 -1.02271 2 
21.808 -33.192 8.57485 -1.21570 2 
24.373 -33.192 8.76330 -0.75626 2 
26.939 -33.192 8.69872 -1.19287 2 
29.504 -33.192 8.88392 -1.01240 2 
32.070 -33.192 8.93025 -0.86432 2 
34.636 -33.192 8.96726 -0.91944 2 
37.201 -33.192 9.02907 -0.85496 2 
39.767 -33.192 8.97434 -0.64150 2 
42.332 -33.192 9.07635 -0.71057 2 
44.898 -33.192 9.18517 -0.61684 2 
47.464 -33.192 9.16545 -0.63029 2 
50.029 -33.192 9.24409 -0.62259 2 
52.595 -33.192 9.00821 -0.49247 2 
55.160 -33.192 9.09916 -0.53315 2 
57.726 -33.192 9.09885 -0.42396 2 
60.292 -33.192 9.03749 -0.37429 2 
62.857 -33.192 9.22499 -0.25154 2 
65.423 -33.192 9.14044 -0.36991 2 
67.988 -33.192 9.17193 -0.46989 2 
70.554 -33.192 9.25034 -0.22917 2 
73.120 -33.192 9.22170 -0.27544 2 
75.685 -33.192 9.24409 -0.22184 2 
78.251 -33.192 9.27165 0.01084 2 
80.816 -33.192 9.41926 0.25986 2 
83.382 -33.192 9.23628 0.13123 2 
85.948 -33.192 9.26760 0.27575 2 
88.513 -33.192 9.21705 0.37750 2 
91.079 -33.192 9.20196 0.43316 2 
93.644 -33.192 9.12767 0.38909 2 
96.210 -33.192 9.27977 0.45660 2 
98.776 -33.192 9.07442 0.64709 2 
101.341 -33.192 9.05359 0.60371 2 
103.907 -33.192 9.09988 0.90494 2 
106.472 -33.192 9.06113 0.77163 2 
109.038 -33.192 9.00035 0.95703 2 
111.603 -33.192 8.92499 0.97790 2 
114.169 -33.192 8.77009 1.09440 2 
116.735 -33.192 9.14217 1.23098 2 
119.300 -33.192 0.00000 -0.00000 0 
-8.980 -35.758 7.73040 -0.74970 2 
-6.414 -35.758 7.91499 -0.85746 2 
-3.848 -35.758 7.98494 -0.84176 2 
-1.283 -35.758 7.85761 -1.02157 2 
1.283 -35.758 8.01436 -0.95521 2 
3.848 -35.758 8.12168 -1.00578 2 
6.414 -35.758 8.20962 -1.01796 2 
8.980 -35.758 8.24216 -0.97905 2 
11.545 -35.758 8.31739 -1.12857 2 
14.111 -35.758 8.49715 -0.99204 2 
16.676 -35.758 8.55027 -1.02681 2 
19.242 -35.758 8.64507 -1.01493 2 
21.808 -35.758 8.71389 -1.12698 2 
24.373 -35.758 8.81212 -1.04565 2 
26.939 -35.758 8.89061 -0.87327 2 
29.504 -35.758 8.80863 -0.77429 2 
32.070 -35.758 8.59515 -0.89630 2 
34.636 -35.758 9.05290 -0.80258 2 
37.201 -35.758 8.89745 -0.65451 2 
39.767 -35.758 9.13965 -0.66368 2 
42.332 -35.758 9.02005 -0.62368 2 
44.898 -35.758 8.98057 -0.66773 2 
47.464 -35.758 8.95222 -0.49165 2 
50.029 -35.758 8.94563 -0.49152 2 
52.595 -35.758 9.02394 -0.45613 2 
55.160 -35.758 9.00512 -0.48698 2 
57.726 -35.758 9.09796 -0.33780 2 
60.292 -35.758 9.06964 -0.53598 2 
62.857 -35.758 9.05204 -0.41129 2 
65.423 -35.758 9.06323 -0.43170 2 
67.988 -35.758 9.08645 -0.36971 2 
70.554 -35.758 9.06411 -0.49421 2 
73.120 -35.758 9.19319 -0.28252 2 
75.685 -35.758 9.18622 -0.06923 2 
78.251 -35.758 9.30388 0.08729 2 
80.816 -35.758 9.10561 0.03256 2 
83.382 -35.758 9.29512 0.14697 2 
85.948 -35.758 9.14312 0.35539 2 
88.513 -35.758 9.12521 0.27693 2 
91.079 -35.758 9.14679 0.36693 2 
93.644 -35.758 9.04838 0.45455 2 
96.210 -35.758 9.02472 0.47996 2 
98.776 -35.758 9.18128 0.47698 2 
101.341 -35.758 9.15159 0.64009 2 
103.907 -35.758 8.94985 0.73964 2 
106.472 -35.758 8.94617 0.78775 2 
109.038 -35.758 8.93640 0.75885 2 
111.603 -35.758 8.82457 1.00901 2 
114.169 -35.758 8.66615 1.01737 2 
116.735 -35.758 9.03542 0.94128 2 
119.300 -35.758 0.00000 -0.00000 0 
-8.980 -38.324 7.86792 -0.78392 2 
-6.414 -38.324 8.08147 -0.90439 2 
-3.848 -38.324 8.02780 -0.94412 2 
-1.283 -38.324 7.99535 -0.87222 2 
1.283 -38.324 8.05544 -0.83348 2 
3.848 -38.324 8.14669 -1.04751 2 
6.414 -38.324 8.25867 -0.90026 2 
8.980 -38.324 8.32682 -0.95415 2 
11.545 -38.324 8.36111 -1.00749 2 
14.111 -38.324 8.42751 -0.95982 2 
16.676 -38.324 8.56971 -0.92841 2 
19.242 -38.324 8.61103 -0.81972 2 
21.808 -38.324 8.61145 -0.93181 2 
24.373 -38.324 8.73620 -1.00526 2 
26.939 -38.324 8.65628 -0.94968 2 
29.504 -38.324 8.78681 -0.77752 2 
32.070 -38.324 8.87932 -0.75431 2 
34.636 -38.324 8.73624 -0.83693 2 
37.201 -38.324 8.99356 -0.75317 2 
39.767 -38.324 8.95719 -0.56983 2 
42.332 -38.324 8.91021 -0.60837 2 
44.898 -38.324 9.05559 -0.61900 2 
47.464 -38.324 8.85322 -0.65452 2 
50.029 -38.324 9.00708 -0.51892 2 
52.595 -38.324 8.86944 -0.37216 2 
55.160 -38.324 9.17884 -0.52639 2 
57.726 -38.324 9.02071 -0.38965 2 
60.292 -38.324 9.04748 -0.43899 2 
62.857 -38.324 9.13366 -0.17750 2 
65.423 -38.324 8.98685 -0.10499 2 
67.988 -38.324 9.04848 -0.26315 2 
70.554 -38.324 9.12452 -0.10031 2 
73.120 -38.324 9.04062 -0.23434 2 
75.685 -38.324 9.09951 -0.04425 2 
78.251 -38.324 9.07289 0.00394 2 
80.816 -38.324 9.21311 0.15502 2 
83.382 -38.324 8.93934 0.15333 2 
85.948 -38.324 8.99308 0.42257 2 
88.513 -38.324 9.28863 0.27743 2 
91.079 -38.324 9.05233 0.36582 2 
93.644 -38.324 9.00749 0.48836 2 
96.210 -38.324 9.05317 0.64717 2 
98.776 -38.324 9.00642 0.48132 2 
101.341 -38.324 8.99259 0.60632 2 
103.907 -38.324 9.02343 0.76503 2 
106.472 -38.324 8.91682 0.69442 2 
109.038 -38.324 8.94285 0.70989 2 
111.603 -38.324 8.82306 0.91016 2 
114.169 -38.324 8.63233 0.92971 2 
116.735 -38.324 9.01873 0.87416 2 
119.300 -38.324 0.00000 -0.00000 0 
-8.980 -40.889 7.91415 -0.78530 2 
-6.414 -40.889 7.87830 -0.86828 2 
-3.848 -40.889 7.98316 -0.80712 2 
-1.283 -40.889 8.10640 -0.84934 2 
1.283 -40.889 8.09277 -1.00171 2 
3.848 -40.889 8.31185 -0.87663 2 
6.414 -40.889 8.26936 -0.94098 2 
8.980 -40.889 8.37788 -0.98257 2 
11.545 -40.889 8.27361 -0.91841 2 
14.111 -40.889 8.36925 -0.91766 2 
16.676 -40.889 8.71032 -0.92753 2 
19.242 -40.889 8.54376 -0.90065 2 
21.808 -40.889 8.70435 -0.88736 2 
24.373 -40.889 8.56524 -0.81069 2 
26.939 -40.889 8.71633 -0.80870 2 
29.504 -40.889 8.84437 -0.82636 2 
32.070 -40.889 8.80309 -0.72118 2 
34.636 -40.889 8.93644 -0.77352 2 
37.201 -40.889 8.92539 -0.75993 2 
39.767 -40.889 8.91194 -0.70349 2 
42.332 -40.889 8.88803 -0.75084 2 
44.898 -40.889 8.91826 -0.66512 2 
47.464 -40.889 8.97084 -0.61684 2 
50.029 -40.889 8.88884 -0.63317 2 
52.595 -40.889 8.94793 -0.52183 2 
55.160 -40.889 8.81509 -0.47660 2 
57.726 -40.889 9.00808 -0.22965 2 
60.292 -40.889 9.06733 -0.33761 2 
62.857 -40.889 9.07781 -0.44053 2 
65.423 -40.889 8.98700 -0.24871 2 
67.988 -40.889 9.11511 -0.27692 2 
70.554 -40.889 9.08492 -0.16572 2 
73.120 -40.889 8.88685 -0.07443 2 
75.685 -40.889 9.06411 0.06671 2 
78.251 -40.889 9.02901 0.06184 2 
80.816 -40.889 9.20620 0.10882 2 
83.382 -40.889 8.97679 0.20636 2 
85.948 -40.889 9.21292 0.29164 2 
88.513 -40.889 8.93676 0.32025 2 
91.079 -40.889 9.02376 0.44407 2 
93.644 -40.889 9.02632 0.39549 2 
96.210 -40.889 8.91312 0.48200 2 
98.776 -40.889 8.92455 0.60840 2 
101.341 -40.889 8.90639 0.59714 2 
103.907 -40.889 8.88488 0.57717 2 
106.472 -40.889 8.77990 0.62402 2 
109.038 -40.889 8.65470 0.88226 2 
111.603 -40.889 8.84661 0.66568 2 
114.169 -40.889 8.59423 0.82817 2 
116.735 -40.889 9.00204 0.80705 2 
119.300 -40.889 0.00000 -0.00000 0 
-8.980 -43.455 7.83336 -0.80453 2 
-6.414 -43.455 7.80516 -0.76280 2 
-3.848 -43.455 8.10999 -0.80820 2 
-1.283 -43.455 8.15175 -0.86408 2 
1.283 -43.455 8.12034 -0.81692 2 
3.848 -43.455 8.34979 -0.80181 2 
6.414 -43.455 8.13930 -0.97915 2 
8.980 -43.455 8.31754 -0.83704 2 
11.545 -43.455 8.51076 -0.81858 2 
14.111 -43.455 8.53267 -0.80949 2 
16.676 -43.455 8.46284 -0.89782 2 
19.242 -43.455 8.61282 -0.77800 2 
21.808 -43.455 8.71988 -0.84967 2 
24.373 -43.455 8.73860 -0.75217 2 
26.939 -43.455 8.67269 -0.76674 2 
29.504 -43.455 8.84297 -0.76556 2 
32.070 -43.455 8.75593 -0.86137 2 
34.636 -43.455 8.80122 -0.64264 2 
37.201 -43.455 8.90231 -0.69486 2 
39.767 -43.455 8.86161 -0.56311 2 
42.332 -43.455 8.85554 -0.58710 2 
44.898 -43.455 8.96843 -0.49131 2 
47.464 -43.455 9.02068 -0.48835 2 
50.029 -43.455 8.83163 -0.45488 2 
52.595 -43.455 9.02278 -0.38088 2 
55.160 -43.455 8.87287 -0.34300 2 
57.726 -43.455 8.96829 -0.32269 2 
60.292 -43.455 8.91282 -0.47169 2 
62.857 -43.455 8.89932 -0.28302 2 
65.423 -43.455 9.03924 -0.20652 2 
67.988 -43.455 8.92954 -0.26121 2 
70.554 -43.455 9.08688 -0.04442 2 
73.120 -43.455 8.96562 -0.00575 2 
75.685 -43.455 8.97374 -0.03120 2 
78.251 -43.455 8.90688 0.13919 2 
80.816 -43.455 8.95096 0.13138 2 
83.382 -43.455 8.97723 0.27517 2 
85.948 -43.455 8.90755 0.21069 2 
88.513 -43.455 9.07869 0.25258 2 
91.079 -43.455 8.99268 0.32743 2 
93.644 -43.455 8.88075 0.37477 2 
96.210 -43.455 9.07115 0.42647 2 
98.776 -43.455 8.82896 0.45335 2 
101.341 -43.455 8.83485 0.68198 2 
103.907 -43.455 8.82457 0.64645 2 
106.472 -43.455 8.84349 0.54339 2 
109.038 -43.455 8.83934 0.70821 2 
111.603 -43.455 8.65245 0.78125 2 
114.169 -43.455 8.54190 0.86020 2 
116.735 -43.455 8.96171 0.65216 2 
119.300 -43.455 0.00000 -0.00000 0 
-8.980 -46.020 8.10483 -0.77246 2 
-6.414 -46.020 8.09067 -0.78811 2 
-3.848 -46.020 8.03344 -0.80409 2 
-1.283 -46.020 8.04611 -0.70823 2 
1.283 -46.020 8.06813 -0.80332 2 
3.848 -46.020 8.22448 -0.83368 2 
6.414 -46.020 8.31406 -0.80590 2 
8.980 -46.020 8.29456 -0.88689 2 
11.545 -46.020 8.31362 -0.87248 2 
14.111 -46.020 8.41902 -0.78632 2 
16.676 -46.020 8.52959 -0.86904 2 
19.242 -46.020 8.45127 -0.87812 2 
21.808 -46.020 8.49411 -0.73394 2 
24.373 -46.020 8.66511 -0.82711 2 
26.939 -46.020 8.72970 -0.77550 2 
29.504 -46.020 8.80407 -0.87989 2 
32.070 -46.020 8.73607 -0.55566 2 
34.636 -46.020 8.70867 -0.74641 2 
37.201 -46.020 8.92487 -0.71151 2 
39.767 -46.020 8.75007 -0.65463 2 
42.332 -46.020 8.86889 -0.52844 2 
44.898 -46.020 8.81608 -0.63646 2 
47.464 -46.020 8.73939 -0.53678 2 
50.029 -46.020 8.95533 -0.50963 2 
52.595 -46.020 8.83728 -0.43223 2 
55.160 -46.020 8.68615 -0.34307 2 
57.726 -46.020 9.07765 -0.32743 2 
60.292 -46.020 8.92842 -0.21306 2 
62.857 -46.020 8.86187 -0.26494 2 
65.423 -46.020 8.96318 -0.02209 2 
67.988 -46.020 8.81394 -0.17442 2 
70.554 -46.020 8.95450 -0.04206 2 
73.120 -46.020 9.04551 -0.07112 2 
75.685 -46.020 9.02023 -0.08977 2 
78.251 -46.020 9.03465 0.08268 2 
80.816 -46.020 8.85567 0.23967 2 
83.382 -46.020 8.96759 0.15716 2 
85.948 -46.020 8.94277 0.41191 2 
88.513 -46.020 8.93280 0.24694 2 
91.079 -46.020 8.85367 0.44614 2 
93.644 -46.020 8.93191 0.42991 2 
96.210 -46.020 8.89139 0.55379 2 
98.776 -46.020 8.71457 0.44274 2 
101.341 -46.020 8.87617 0.58023 2 
103.907 -46.020 8.78996 0.52721 2 
106.472 -46.020 8.76028 0.71636 2 
109.038 -46.020 8.69681 0.74251 2 
111.603 -46.020 8.70131 0.77074 2 
114.169 -46.020 8.54187 0.71454 2 
116.735 -46.020 8.87436 0.89734 2 
119.300 -46.020 0.00000 -0.00000 0 
-8.980 -48.586 7.89191 -0.75126 2 
-6.414 -48.586 8.09051 -0.81347 2 
-3.848 -48.586 8.03746 -0.69086 2 
-1.283 -48.586 8.03727 -0.78453 2 
1.283 -48.586 8.22097 -0.68690 2 
3.848 -48.586 8.27739 -0.72697 2 
6.414 -48.586 8.24338 -0.82491 2 
8.980 -48.586 8.29401 -0.87995 2 
11.545 -48.586 8.46676 -0.68967 2 
14.111 -48.586 8.52294 -0.70322 2 
16.676 -48.586 8.34237 -0.78593 2 
19.242 -48.586 8.62327 -0.74199 2 
21.808 -48.586 8.66765 -0.81381 2 
24.373 -48.586 8.56481 -0.76067 2 
26.939 -48.586 8.64842 -0.56579 2 
29.504 -48.586 8.66044 -0.73677 2 
32.070 -48.586 8.68147 -0.77976 2 
34.636 -48.586 8.77926 -0.56549 2 
37.201 -48.586 8.82734 -0.61192 2 
39.767 -48.586 8.81340 -0.54883 2 
42.332 -48.586 8.79345 -0.55725 2 
44.898 -48.586 8.78738 -0.56884 2 
47.464 -48.586 8.92732 -0.47989 2 
50.029 -48.586 8.88257 -0.47777 2 
52.595 -48.586 8.81686 -0.36812 2 
55.160 -48.586 8.94492 -0.34143 2 
57.726 -48.586 9.06682 -0.32281 2 
60.292 -48.586 8.83310 -0.16621 2 
62.857 -48.586 8.93959 -0.26108 2 
65.423 -48.586 8.81048 -0.17171 2 
67.988 -48.586 8.92405 -0.09998 2 
70.554 -48.586 8.92773 -0.01476 2 
73.120 -48.586 8.80275 -0.13163 2 
75.685 -48.586 8.89157 0.10090 2 
78.251 -48.586 8.96983 0.10135 2 
80.816 -48.586 8.91236 0.13985 2 
83.382 -48.586 8.87304 0.21063 2 
85.948 -48.586 8.96589 0.10526 2 
88.513 -48.586 8.82103 0.35283 2 
91.079 -48.586 8.89779 0.36822 2 
93.644 -48.586 8.88586 0.26967 2 
96.210 -48.586 8.88402 0.44277 2 
98.776 -48.586 8.83627 0.65083 2 
101.341 -48.586 8.73309 0.64009 2 
103.907 -48.586 8.67994 0.44543 2 
106.472 -48.586 8.63096 0.51889 2 
109.038 -48.586 8.69001 0.64979 2 
111.603 -48.586 8.62936 0.67600 2 
114.169 -48.586 8.63058 0.45766 2 
116.735 -48.586 8.80870 0.73320 2 
119.300 -48.586 0.00000 -0.00000 0 
-8.980 -51.152 8.07117 -0.73711 2 
-6.414 -51.152 8.01615 -0.76084 2 
-3.848 -51.152 8.07547 -0.75715 2 
-1.283 -51.152 8.10354 -0.77367 2 
1.283 -51.152 8.22444 -0.80771 2 
3.848 -51.152 8.15738 -0.83960 2 
6.414 -51.152 8.17742 -0.73690 2 
8.980 -51.152 8.35722 -0.73186 2 
11.545 -51.152 8.32142 -0.84200 2 
14.111 -51.152 8.52086 -0.84551 2 
16.676 -51.152 8.37150 -0.74341 2 
19.242 -51.152 8.55964 -0.60097 2 
21.808 -51.152 8.54795 -0.74845 2 
24.373 -51.152 8.68638 -0.70131 2 
26.939 -51.152 8.69706 -0.65127 2 
29.504 -51.152 8.69721 -0.68316 2 
32.070 -51.152 8.57336 -0.67410 2 
34.636 -51.152 8.71763 -0.67198 2 
37.201 -51.152 8.73127 -0.63404 2 
39.767 -51.152 8.78225 -0.42843 2 
42.332 -51.152 8.89714 -0.61563 2 
44.898 -51.152 8.70659 -0.36161 2 
47.464 -51.152 8.84654 -0.58928 2 
50.029 -51.152 8.90263 -0.52383 2 
52.595 -51.152 8.79965 -0.36963 2 
55.160 -51.152 8.78701 -0.32553 2 
57.726 -51.152 8.86859 -0.33755 2 
60.292 -51.152 8.91211 -0.44653 2 
62.857 -51.152 8.93111 -0.20595 2 
65.423 -51.152 8.91168 -0.30895 2 
67.988 -51.152 8.99000 -0.17344 2 
70.554 -51.152 8.87259 -0.17036 2 
73.120 -51.152 8.90795 -0.03255 2 
75.685 -51.152 8.85212 0.01297 2 
78.251 -51.152 8.85848 0.18025 2 
80.816 -51.152 8.97713 0.08255 2 
83.382 -51.152 8.84914 0.09663 2 
85.948 -51.152 8.85845 0.25973 2 
88.513 -51.152 8.87325 0.27766 2 
91.079 -51.152 8.80635 0.25455 2 
93.644 -51.152 8.87143 0.45497 2 
96.210 -51.152 8.69530 0.41870 2 
98.776 -51.152 8.81229 0.38499 2 
101.341 -51.152 8.73580 0.48536 2 
103.907 -51.152 8.64698 0.52570 2 
106.472 -51.152 8.71976 0.56517 2 
109.038 -51.152 8.69539 0.53639 2 
111.603 -51.152 8.67331 0.60483 2 
114.169 -51.152 8.61323 0.82620 2 
116.735 -51.152 0.00000 -0.00000 0 
119.300 -51.152 0.00000 -0.00000 0 
-8.980 -53.717 7.96344 -0.71450 2 
-6.414 -53.717 8.09407 -0.61117 2 
-3.848 -53.717 8.22470 -0.50783 2 
-1.283 -53.717 8.25629 -0.78010 2 
1.283 -53.717 8.13358 -0.80023 2 
3.848 -53.717 8.22062 -0.75691 2 
6.414 -53.717 8.31655 -0.80097 2 
8.980 -53.717 8.36030 -0.80213 2 
11.545 -53.717 8.41594 -0.70619 2 
14.111 -53.717 8.30338 -0.74293 2 
16.676 -53.717 8.47218 -0.77919 2 
19.242 -53.717 8.56980 -0.85434 2 
21.808 -53.717 8.47905 -0.73618 2 
24.373 -53.717 8.61284 -0.69029 2 
26.939 -53.717 8.55268 -0.73180 2 
29.504 -53.717 8.78114 -0.58473 2 
32.070 -53.717 8.72143 -0.80441 2 
34.636 -53.717 8.55525 -0.62667 2 
37.201 -53.717 8.74244 -0.56302 2 
39.767 -53.717 8.74696 -0.64874 2 
42.332 -53.717 8.80469 -0.51515 2 
44.898 -53.717 8.82559 -0.48922 2 
47.464 -53.717 8.68814 -0.35845 2 
50.029 -53.717 8.75074 -0.39051 2 
52.595 -53.717 8.80547 -0.39207 2 
55.160 -53.717 8.79792 -0.35274 2 
57.726 -53.717 8.72949 -0.28017 2 
60.292 -53.717 8.85281 -0.20680 2 
62.857 -53.717 8.87016 -0.36944 2 
65.423 -53.717 8.87799 -0.12489 2 
67.988 -53.717 8.79924 -0.09404 2 
70.554 -53.717 8.74980 -0.06921 2 
73.120 -53.717 8.82975 -0.07260 2 
75.685 -53.717 8.85480 -0.06466 2 
78.251 -53.717 8.89390 0.10526 2 
80.816 -53.717 8.86913 0.08649 2 
83.382 -53.717 8.87732 0.09383 2 
85.948 -53.717 8.77241 0.22162 2 
88.513 -53.717 8.83575 0.19680 2 
91.079 -53.717 8.93401 0.25905 2 
93.644 -53.717 8.92046 0.30539 2 
96.210 -53.717 8.71728 0.38620 2 
98.776 -53.717 8.74128 0.49924 2 
101.341 -53.717 8.71224 0.49759 2 
103.907 -53.717 8.64507 0.52494 2 
106.472 -53.717 8.61187 0.49900 2 
109.038 -53.717 8.53261 0.66333 2 
111.603 -53.717 8.53238 0.59468 2 
114.169 -53.717 8.75316 0.61242 2 
116.735 -53.717 0.00000 -0.00000 0 
119.300 -53.717 0.00000 -0.00000 0 
-8.980 -56.283 0.00000 -0.00000 0 
-6.414 -56.283 0.00000 -0.00000 0 
-3.848 -56.283 0.00000 -0.00000 0 
-1.283 -56.283 0.00000 -0.00000 0 
1.283 -56.283 0.00000 -0.00000 0 
3.848 -56.283 8.22669 -0.54847 2 
6.414 -56.283 8.26653 -0.50552 2 
8.980 -56.283 8.30637 -0.46258 2 
11.545 -56.283 8.34621 -0.41963 2 
14.111 -56.283 8.38605 -0.37668 2 
16.676 -56.283 8.42079 -0.38647 2 
19.242 -56.283 8.45554 -0.39626 2 
21.808 -56.283 8.56774 -0.40254 2 
24.373 -56.283 8.67995 -0.40881 2 
26.939 -56.283 8.65240 -0.39677 2 
29.504 -56.283 8.69737 -0.41718 2 
32.070 -56.283 8.74233 -0.43758 2 
34.636 -56.283 8.78730 -0.45799 2 
37.201 -56.283 8.76876 -0.38560 2 
39.767 -56.283 8.75022 -0.31320 2 
42.332 -56.283 8.73168 -0.24081 2 
44.898 -56.283 8.77987 -0.05456 2 
47.464 -56.283 8.78676 -0.20584 2 
50.029 -56.283 8.73882 -0.14146 2 
52.595 -56.283 8.84268 -0.17950 2 
55.160 -56.283 8.67679 -0.07640 2 
57.726 -56.283 8.79644 -0.04898 2 
60.292 -56.283 8.90068 0.00843 2 
62.857 -56.283 8.82435 -0.17390 2 
65.423 -56.283 8.85032 -0.14125 2 
67.988 -56.283 8.86868 -0.10412 2 
70.554 -56.283 8.82614 -0.01638 2 
73.120 -56.283 8.78359 0.07137 2 
75.685 -56.283 8.81795 0.07794 2 
78.251 -56.283 8.83158 0.07064 2 
80.816 -56.283 8.88364 0.15887 2 
83.382 -56.283 8.90551 0.09103 2 
85.948 -56.283 8.72528 0.09775 2 
88.513 -56.283 8.84460 0.03359 2 
91.079 -56.283 8.68271 0.01638 2 
93.644 -56.283 8.84495 0.05974 2 
96.210 -56.283 8.77697 0.01582 2 
98.776 -56.283 8.75408 0.05934 2 
101.341 -56.283 8.73118 0.10287 2 
103.907 -56.283 8.70829 0.14640 2 
106.472 -56.283 8.68540 0.18992 2 
109.038 -56.283 8.66250 0.23345 2 
111.603 -56.283 0.00000 -0.00000 0 
114.169 -56.283 0.00000 -0.00000 0 
116.735 -56.283 0.00000 -0.00000 0 
119.300 -56.283 0.00000 -0.00000 0 
