TITLE = "B00077"
VARIABLES = "X [mm]", "Y [mm]", "Vx [m/s]", "Vy [m/s]", "Flag"
ZONE T="Frame 1", I=51, J=39, F=POINT
-8.980 41.210 7.26600 0.33673 2 
-6.414 41.210 7.21416 0.23292 2 
-3.848 41.210 7.33648 0.40183 2 
-1.283 41.210 7.34663 0.37272 2 
1.283 41.210 7.58536 0.27704 2 
3.848 41.210 0.00000 -0.00000 0 
6.414 41.210 0.00000 -0.00000 0 
8.980 41.210 0.00000 -0.00000 0 
11.545 41.210 0.00000 -0.00000 0 
14.111 41.210 0.00000 -0.00000 0 
16.676 41.210 0.00000 -0.00000 0 
19.242 41.210 3.96285 0.37595 2 
21.808 41.210 7.92570 0.75189 2 
24.373 41.210 7.40583 0.66905 2 
26.939 41.210 7.44164 0.72857 2 
29.504 41.210 7.31286 0.85986 2 
32.070 41.210 7.59855 0.67745 2 
34.636 41.210 7.63549 0.82761 2 
37.201 41.210 7.75862 0.73113 2 
39.767 41.210 7.68293 0.62258 2 
42.332 41.210 7.71597 0.72591 2 
44.898 41.210 7.77649 0.60031 2 
47.464 41.210 7.87500 0.70220 2 
50.029 41.210 7.97351 0.80410 2 
52.595 41.210 8.07203 0.90600 2 
55.160 41.210 7.93573 0.69754 2 
57.726 41.210 8.11920 0.73645 2 
60.292 41.210 8.30267 0.77535 2 
62.857 41.210 8.33677 0.71205 2 
65.423 41.210 8.37086 0.64875 2 
67.988 41.210 8.41862 0.74653 2 
70.554 41.210 8.60994 0.74558 2 
73.120 41.210 8.29674 0.53218 2 
75.685 41.210 8.48027 0.29977 2 
78.251 41.210 8.51788 0.51615 2 
80.816 41.210 0.00000 0.00000 0 
83.382 41.210 8.54672 0.30284 2 
85.948 41.210 8.72069 0.12094 2 
88.513 41.210 8.59530 0.11368 2 
91.079 41.210 8.66903 0.21505 2 
93.644 41.210 8.60250 -0.01367 2 
96.210 41.210 8.55171 0.01724 2 
98.776 41.210 8.42412 0.09199 2 
101.341 41.210 8.35647 -0.32506 2 
103.907 41.210 8.60099 -0.16270 2 
106.472 41.210 8.29162 -0.21325 2 
109.038 41.210 8.33446 -0.11921 2 
111.603 41.210 8.29580 -0.25551 2 
114.169 41.210 8.39011 -0.09367 2 
116.735 41.210 8.53971 -0.32898 2 
119.300 41.210 0.00000 -0.00000 0 
-8.980 38.644 7.11589 0.39103 2 
-6.414 38.644 7.22785 0.30666 2 
-3.848 38.644 7.19802 0.44890 2 
-1.283 38.644 7.15765 0.29070 2 
1.283 38.644 7.66117 0.41926 2 
3.848 38.644 0.00000 -0.00000 0 
6.414 38.644 0.00000 -0.00000 0 
8.980 38.644 0.00000 -0.00000 0 
11.545 38.644 0.00000 -0.00000 0 
14.111 38.644 0.00000 -0.00000 0 
16.676 38.644 0.00000 -0.00000 0 
19.242 38.644 3.96110 0.31886 2 
21.808 38.644 7.68691 0.82191 2 
24.373 38.644 7.43466 0.95825 2 
26.939 38.644 7.46940 0.82001 2 
29.504 38.644 7.61209 0.86442 2 
32.070 38.644 7.59667 0.72193 2 
34.636 38.644 7.62383 0.82495 2 
37.201 38.644 7.56535 1.04385 2 
39.767 38.644 7.69808 0.84229 2 
42.332 38.644 7.75644 0.90090 2 
44.898 38.644 7.95819 0.90910 2 
47.464 38.644 7.82839 0.95829 2 
50.029 38.644 8.18519 0.87070 2 
52.595 38.644 7.85103 0.92935 2 
55.160 38.644 7.98172 0.77311 2 
57.726 38.644 8.10445 0.95277 2 
60.292 38.644 8.26306 0.93552 2 
62.857 38.644 8.33398 0.76510 2 
65.423 38.644 8.61219 0.89616 2 
67.988 38.644 8.26210 0.70047 2 
70.554 38.644 8.36166 0.63557 2 
73.120 38.644 8.47413 0.63491 2 
75.685 38.644 8.41967 0.72264 2 
78.251 38.644 8.71904 0.52157 2 
80.816 38.644 0.00000 0.00000 0 
83.382 38.644 8.60949 0.26112 2 
85.948 38.644 8.68460 0.33088 2 
88.513 38.644 8.86474 0.18001 2 
91.079 38.644 8.57048 0.24249 2 
93.644 38.644 8.53607 0.21794 2 
96.210 38.644 8.42197 -0.13787 2 
98.776 38.644 8.77667 -0.44344 2 
101.341 38.644 8.60337 -0.27786 2 
103.907 38.644 8.48810 -0.36067 2 
106.472 38.644 8.49510 -0.46235 2 
109.038 38.644 8.19903 -0.33527 2 
111.603 38.644 8.08581 -0.18729 2 
114.169 38.644 8.06146 -0.45848 2 
116.735 38.644 8.23553 -0.37143 2 
119.300 38.644 0.00000 -0.00000 0 
-8.980 36.079 7.27829 0.29918 2 
-6.414 36.079 7.10576 0.20535 2 
-3.848 36.079 7.22860 0.32408 2 
-1.283 36.079 7.11683 0.54890 2 
1.283 36.079 7.54737 0.48572 2 
3.848 36.079 0.00000 -0.00000 0 
6.414 36.079 0.00000 -0.00000 0 
8.980 36.079 0.00000 -0.00000 0 
11.545 36.079 0.00000 -0.00000 0 
14.111 36.079 0.00000 -0.00000 0 
16.676 36.079 0.00000 -0.00000 0 
19.242 36.079 -0.73258 0.00831 2 
21.808 36.079 7.44811 0.89192 2 
24.373 36.079 7.34441 0.78661 2 
26.939 36.079 7.43188 0.87802 2 
29.504 36.079 7.47118 0.72128 2 
32.070 36.079 7.55198 0.94662 2 
34.636 36.079 7.51800 0.85766 2 
37.201 36.079 7.77990 0.85350 2 
39.767 36.079 7.59929 0.82716 2 
42.332 36.079 7.82957 1.04380 2 
44.898 36.079 7.75493 0.86619 2 
47.464 36.079 7.93559 0.91770 2 
50.029 36.079 7.89872 0.96216 2 
52.595 36.079 8.16224 0.84002 2 
55.160 36.079 8.20094 0.84726 2 
57.726 36.079 8.05674 0.77911 2 
60.292 36.079 8.36396 0.68709 2 
62.857 36.079 8.43182 0.83998 2 
65.423 36.079 8.34558 0.71462 2 
67.988 36.079 8.48986 0.71903 2 
70.554 36.079 8.49512 0.73098 2 
73.120 36.079 8.42371 0.71105 2 
75.685 36.079 8.84680 0.60685 2 
78.251 36.079 8.63727 0.51948 2 
80.816 36.079 0.00000 0.00000 0 
83.382 36.079 8.54174 0.39127 2 
85.948 36.079 8.58924 0.32002 2 
88.513 36.079 8.87976 0.24606 2 
91.079 36.079 8.80329 0.17132 2 
93.644 36.079 8.66410 -0.09217 2 
96.210 36.079 8.95919 -0.14639 2 
98.776 36.079 8.64316 -0.27852 2 
101.341 36.079 8.56690 -0.32009 2 
103.907 36.079 8.61463 -0.17274 2 
106.472 36.079 8.27185 -0.41266 2 
109.038 36.079 8.25923 -0.33987 2 
111.603 36.079 8.46652 -0.52577 2 
114.169 36.079 8.20413 -0.44848 2 
116.735 36.079 7.93134 -0.41388 2 
119.300 36.079 0.00000 -0.00000 0 
-8.980 33.513 7.23276 0.37765 2 
-6.414 33.513 7.08187 0.18033 2 
-3.848 33.513 7.20080 0.45499 2 
-1.283 33.513 7.11889 0.47940 2 
1.283 33.513 7.46736 0.36253 2 
3.848 33.513 0.00000 -0.00000 0 
6.414 33.513 0.00000 -0.00000 0 
8.980 33.513 0.00000 -0.00000 0 
11.545 33.513 0.00000 -0.00000 0 
14.111 33.513 0.00000 -0.00000 0 
16.676 33.513 0.00000 -0.00000 0 
19.242 33.513 2.29336 0.32766 2 
21.808 33.513 7.53039 0.93330 2 
24.373 33.513 7.30173 0.87387 2 
26.939 33.513 7.35023 0.92342 2 
29.504 33.513 7.61013 1.00649 2 
32.070 33.513 7.46610 0.98846 2 
34.636 33.513 7.63272 0.99578 2 
37.201 33.513 7.54593 0.97981 2 
39.767 33.513 7.77145 1.01134 2 
42.332 33.513 7.62302 0.87775 2 
44.898 33.513 7.94020 1.11282 2 
47.464 33.513 7.75248 0.96116 2 
50.029 33.513 7.99351 1.02280 2 
52.595 33.513 8.15079 0.76943 2 
55.160 33.513 8.18022 1.02114 2 
57.726 33.513 8.07995 0.95579 2 
60.292 33.513 8.50850 0.94708 2 
62.857 33.513 8.50054 0.96372 2 
65.423 33.513 8.51523 1.17616 2 
67.988 33.513 8.34603 0.81930 2 
70.554 33.513 8.69587 0.70391 2 
73.120 33.513 8.60231 0.81086 2 
75.685 33.513 8.68207 0.80084 2 
78.251 33.513 8.74011 0.70893 2 
80.816 33.513 0.00000 0.00000 0 
83.382 33.513 8.78461 0.49624 2 
85.948 33.513 8.90093 0.48961 2 
88.513 33.513 8.94276 0.25823 2 
91.079 33.513 8.92069 0.09854 2 
93.644 33.513 9.04511 0.00838 2 
96.210 33.513 8.75214 -0.46449 2 
98.776 33.513 8.86335 -0.34169 2 
101.341 33.513 8.61262 -0.40795 2 
103.907 33.513 8.53780 -0.59867 2 
106.472 33.513 8.64824 -0.49084 2 
109.038 33.513 8.41325 -0.49976 2 
111.603 33.513 8.29662 -0.66417 2 
114.169 33.513 8.05504 -0.47398 2 
116.735 33.513 8.15122 -0.31947 2 
119.300 33.513 0.00000 -0.00000 0 
-8.980 30.948 7.13589 0.28353 2 
-6.414 30.948 7.35517 0.38207 2 
-3.848 30.948 7.05531 0.17440 2 
-1.283 30.948 6.91520 0.33455 2 
1.283 30.948 7.44511 0.67822 2 
3.848 30.948 0.00000 -0.00000 0 
6.414 30.948 0.00000 -0.00000 0 
8.980 30.948 0.00000 -0.00000 0 
11.545 30.948 0.00000 -0.00000 0 
14.111 30.948 0.00000 -0.00000 0 
16.676 30.948 0.00000 -0.00000 0 
19.242 30.948 3.80633 0.48734 2 
21.808 30.948 7.61267 0.97468 2 
24.373 30.948 7.29117 0.91812 2 
26.939 30.948 7.24335 0.84450 2 
29.504 30.948 7.40391 0.94483 2 
32.070 30.948 7.43983 1.06973 2 
34.636 30.948 7.40888 0.96587 2 
37.201 30.948 7.54144 0.99149 2 
39.767 30.948 7.62478 1.04394 2 
42.332 30.948 7.75575 1.16058 2 
44.898 30.948 7.91383 0.96758 2 
47.464 30.948 8.01518 0.97365 2 
50.029 30.948 7.98689 0.97730 2 
52.595 30.948 8.04383 0.99717 2 
55.160 30.948 8.16276 1.11742 2 
57.726 30.948 8.38431 0.89809 2 
60.292 30.948 8.19517 0.90517 2 
62.857 30.948 8.56926 1.08747 2 
65.423 30.948 8.47482 0.85749 2 
67.988 30.948 8.56225 0.95842 2 
70.554 30.948 8.76592 0.87287 2 
73.120 30.948 8.69071 0.81553 2 
75.685 30.948 8.87369 0.64704 2 
78.251 30.948 8.94659 0.77891 2 
80.816 30.948 0.00000 0.00000 0 
83.382 30.948 8.80325 0.38089 2 
85.948 30.948 9.01174 0.13816 2 
88.513 30.948 8.82657 0.22950 2 
91.079 30.948 9.01556 0.17647 2 
93.644 30.948 8.94268 -0.21942 2 
96.210 30.948 8.91510 -0.22211 2 
98.776 30.948 9.01858 -0.45837 2 
101.341 30.948 8.62435 -0.64056 2 
103.907 30.948 8.58776 -0.68385 2 
106.472 30.948 8.45132 -0.83339 2 
109.038 30.948 8.27195 -0.83446 2 
111.603 30.948 7.98630 -0.59115 2 
114.169 30.948 7.89079 -0.57937 2 
116.735 30.948 8.22518 -0.74963 2 
119.300 30.948 0.00000 -0.00000 0 
-8.980 28.382 6.96645 0.25392 2 
-6.414 28.382 6.97889 0.18856 2 
-3.848 28.382 7.26798 0.34695 2 
-1.283 28.382 7.08162 0.26073 2 
1.283 28.382 7.43175 0.57027 2 
3.848 28.382 3.49896 0.27312 2 
6.414 28.382 0.00000 -0.00000 0 
8.980 28.382 0.00000 -0.00000 0 
11.545 28.382 0.00000 -0.00000 0 
14.111 28.382 0.00000 -0.00000 0 
16.676 28.382 1.96618 0.18978 2 
19.242 28.382 8.32436 1.04278 2 
21.808 28.382 7.33697 1.04403 2 
24.373 28.382 7.26739 1.08002 2 
26.939 28.382 7.45024 0.99719 2 
29.504 28.382 7.44647 1.03653 2 
32.070 28.382 7.36515 1.10699 2 
34.636 28.382 7.64511 1.02933 2 
37.201 28.382 7.52734 1.18747 2 
39.767 28.382 7.61151 1.17982 2 
42.332 28.382 7.87982 1.07943 2 
44.898 28.382 7.74961 1.15993 2 
47.464 28.382 8.07131 1.22580 2 
50.029 28.382 8.03998 1.26138 2 
52.595 28.382 8.17256 1.23980 2 
55.160 28.382 8.26750 1.01201 2 
57.726 28.382 8.16567 1.08245 2 
60.292 28.382 8.49868 1.09624 2 
62.857 28.382 8.43306 1.04766 2 
65.423 28.382 8.43623 0.87648 2 
67.988 28.382 8.48026 0.93702 2 
70.554 28.382 8.45206 0.80532 2 
73.120 28.382 8.70291 0.90676 2 
75.685 28.382 8.77621 0.67032 2 
78.251 28.382 8.87431 0.62429 2 
80.816 28.382 8.53931 0.81164 2 
83.382 28.382 8.82261 0.67165 2 
85.948 28.382 9.10592 0.53166 2 
88.513 28.382 9.06211 0.08457 2 
91.079 28.382 9.22435 0.06257 2 
93.644 28.382 9.22061 -0.18631 2 
96.210 28.382 8.97124 -0.35801 2 
98.776 28.382 9.11492 -0.67402 2 
101.341 28.382 8.86582 -0.54395 2 
103.907 28.382 8.70379 -1.20573 2 
106.472 28.382 8.52014 -0.84281 2 
109.038 28.382 8.13037 -0.91502 2 
111.603 28.382 8.26783 -0.98307 2 
114.169 28.382 7.67247 -0.84662 2 
116.735 28.382 7.90146 -0.76997 2 
119.300 28.382 0.00000 -0.00000 0 
-8.980 25.816 7.01030 0.18947 2 
-6.414 25.816 6.95962 0.24649 2 
-3.848 25.816 6.94828 0.19919 2 
-1.283 25.816 7.04228 0.34031 2 
1.283 25.816 7.20022 0.44821 2 
3.848 25.816 6.99793 0.54624 2 
6.414 25.816 0.00000 -0.00000 0 
8.980 25.816 0.00000 -0.00000 0 
11.545 25.816 0.00000 -0.00000 0 
14.111 25.816 0.00000 -0.00000 0 
16.676 25.816 3.93236 0.37957 2 
19.242 25.816 7.86471 0.75913 2 
21.808 25.816 7.21339 1.03007 2 
24.373 25.816 7.32371 0.89170 2 
26.939 25.816 7.17374 1.03715 2 
29.504 25.816 7.42872 0.87124 2 
32.070 25.816 7.58568 1.30317 2 
34.636 25.816 7.38125 1.21420 2 
37.201 25.816 7.53020 1.14151 2 
39.767 25.816 7.59949 1.02065 2 
42.332 25.816 7.80740 1.19262 2 
44.898 25.816 7.83195 1.15239 2 
47.464 25.816 7.86897 1.19988 2 
50.029 25.816 7.98121 1.16846 2 
52.595 25.816 8.08333 1.22399 2 
55.160 25.816 8.13751 1.10170 2 
57.726 25.816 8.31046 0.91331 2 
60.292 25.816 8.24600 1.06957 2 
62.857 25.816 8.46643 1.03580 2 
65.423 25.816 8.44654 1.03383 2 
67.988 25.816 8.49450 1.11132 2 
70.554 25.816 8.63647 0.92654 2 
73.120 25.816 8.96503 1.10794 2 
75.685 25.816 8.95613 0.97239 2 
78.251 25.816 8.88791 0.82140 2 
80.816 25.816 9.02684 0.65940 2 
83.382 25.816 0.00000 0.00000 0 
85.948 25.816 9.35710 0.51821 2 
88.513 25.816 9.17817 0.28725 2 
91.079 25.816 9.27015 -0.02257 2 
93.644 25.816 9.38557 0.03870 2 
96.210 25.816 9.41182 -0.38380 2 
98.776 25.816 9.58559 -0.60873 2 
101.341 25.816 9.07361 -0.91679 2 
103.907 25.816 8.94148 -1.00991 2 
106.472 25.816 8.47186 -1.40475 2 
109.038 25.816 8.25523 -1.41964 2 
111.603 25.816 7.82022 -1.17670 2 
114.169 25.816 7.35547 -0.94470 2 
116.735 25.816 7.66751 -0.78927 2 
119.300 25.816 0.00000 -0.00000 0 
-8.980 23.251 6.95870 0.06969 2 
-6.414 23.251 6.97351 0.31782 2 
-3.848 23.251 6.92895 0.29682 2 
-1.283 23.251 6.87502 0.37946 2 
1.283 23.251 7.10452 0.50195 2 
3.848 23.251 7.35137 0.44632 2 
6.414 23.251 0.00000 -0.00000 0 
8.980 23.251 0.00000 -0.00000 0 
11.545 23.251 0.00000 -0.00000 0 
14.111 23.251 0.00000 -0.00000 0 
16.676 23.251 -1.23280 0.50360 2 
19.242 23.251 7.80424 0.98333 2 
21.808 23.251 6.93531 1.00277 2 
24.373 23.251 7.25700 1.02751 2 
26.939 23.251 7.25148 1.15930 2 
29.504 23.251 7.34442 1.14605 2 
32.070 23.251 7.38285 1.31965 2 
34.636 23.251 7.42550 1.28523 2 
37.201 23.251 7.67475 0.96851 2 
39.767 23.251 7.56357 1.34307 2 
42.332 23.251 7.70577 1.18162 2 
44.898 23.251 7.94771 1.21649 2 
47.464 23.251 7.78890 1.19650 2 
50.029 23.251 8.01629 1.17401 2 
52.595 23.251 8.08912 1.12986 2 
55.160 23.251 8.03245 1.06304 2 
57.726 23.251 8.25569 1.20011 2 
60.292 23.251 8.46715 1.25785 2 
62.857 23.251 8.36843 1.10213 2 
65.423 23.251 8.69642 1.28731 2 
67.988 23.251 8.65792 1.02261 2 
70.554 23.251 8.73142 1.11819 2 
73.120 23.251 8.81547 0.95260 2 
75.685 23.251 8.91971 0.91631 2 
78.251 23.251 9.21006 0.79660 2 
80.816 23.251 9.35655 1.08587 2 
83.382 23.251 0.00000 0.00000 0 
85.948 23.251 9.64646 0.47902 2 
88.513 23.251 9.59359 0.69919 2 
91.079 23.251 9.87168 0.16828 2 
93.644 23.251 9.49554 -0.20615 2 
96.210 23.251 9.73341 -0.44279 2 
98.776 23.251 9.52711 -0.71881 2 
101.341 23.251 9.32433 -1.00664 2 
103.907 23.251 9.06358 -1.69701 2 
106.472 23.251 8.81996 -1.99014 2 
109.038 23.251 8.18917 -2.14268 2 
111.603 23.251 7.48657 -1.64983 2 
114.169 23.251 7.29680 -1.34253 2 
116.735 23.251 7.44778 -0.94323 2 
119.300 23.251 0.00000 -0.00000 0 
-8.980 20.685 6.90710 -0.05010 2 
-6.414 20.685 6.93396 0.17324 2 
-3.848 20.685 7.00884 0.08277 2 
-1.283 20.685 6.78671 0.34148 2 
1.283 20.685 6.79747 0.34385 2 
3.848 20.685 6.87696 0.60655 2 
6.414 20.685 0.00000 -0.00000 0 
8.980 20.685 0.00000 -0.00000 0 
11.545 20.685 0.00000 -0.00000 0 
14.111 20.685 0.00000 -0.00000 0 
16.676 20.685 3.76351 0.62506 2 
19.242 20.685 7.52702 1.25012 2 
21.808 20.685 6.94166 1.02196 2 
24.373 20.685 7.17358 1.25155 2 
26.939 20.685 7.14632 1.31035 2 
29.504 20.685 7.39473 1.14902 2 
32.070 20.685 7.26563 1.25882 2 
34.636 20.685 7.59853 1.45361 2 
37.201 20.685 7.47192 1.69642 2 
39.767 20.685 7.63134 1.11505 2 
42.332 20.685 7.79601 1.29906 2 
44.898 20.685 7.93746 1.32716 2 
47.464 20.685 7.86921 1.33318 2 
50.029 20.685 7.85630 1.20340 2 
52.595 20.685 8.26964 1.25224 2 
55.160 20.685 8.15383 1.26306 2 
57.726 20.685 8.34761 1.31764 2 
60.292 20.685 8.46926 1.13135 2 
62.857 20.685 8.54634 1.19722 2 
65.423 20.685 8.96912 1.35370 2 
67.988 20.685 8.88706 1.09111 2 
70.554 20.685 4.36571 0.55909 2 
73.120 20.685 8.86680 1.07492 2 
75.685 20.685 9.44184 1.05607 2 
78.251 20.685 8.94695 0.95567 2 
80.816 20.685 9.99991 0.86163 2 
83.382 20.685 0.00000 0.00000 0 
85.948 20.685 0.00000 0.00000 0 
88.513 20.685 0.00000 0.00000 0 
91.079 20.685 9.79171 -0.26516 2 
93.644 20.685 9.89990 -0.03071 2 
96.210 20.685 9.75724 -0.48335 2 
98.776 20.685 10.03163 -0.64129 2 
101.341 20.685 10.23145 -1.66190 2 
103.907 20.685 9.83290 -2.03673 2 
106.472 20.685 9.04553 -2.56741 2 
109.038 20.685 7.86269 -2.32290 2 
111.603 20.685 7.24887 -2.30768 2 
114.169 20.685 6.74869 -1.99511 2 
116.735 20.685 7.06412 -1.52420 2 
119.300 20.685 0.00000 -0.00000 0 
-8.980 18.120 6.92991 0.04024 2 
-6.414 18.120 6.80961 0.02968 2 
-3.848 18.120 6.88307 0.30053 2 
-1.283 18.120 6.94774 0.27278 2 
1.283 18.120 6.70297 0.35916 2 
3.848 18.120 6.94122 0.56126 2 
6.414 18.120 0.00000 -0.00000 0 
8.980 18.120 0.00000 -0.00000 0 
11.545 18.120 0.00000 -0.00000 0 
14.111 18.120 0.00000 -0.00000 0 
16.676 18.120 3.59634 0.57996 2 
19.242 18.120 7.19268 1.15991 2 
21.808 18.120 7.07133 1.29018 2 
24.373 18.120 7.03485 1.25663 2 
26.939 18.120 7.25377 1.37771 2 
29.504 18.120 7.33011 1.33611 2 
32.070 18.120 7.29595 1.42161 2 
34.636 18.120 7.54224 1.37280 2 
37.201 18.120 7.59015 1.37270 2 
39.767 18.120 7.75256 1.45277 2 
42.332 18.120 7.45718 1.32598 2 
44.898 18.120 7.89282 1.26918 2 
47.464 18.120 7.85873 1.34869 2 
50.029 18.120 8.18623 1.48240 2 
52.595 18.120 8.29239 1.46046 2 
55.160 18.120 4.07691 0.63153 2 
57.726 18.120 8.76026 1.36275 2 
60.292 18.120 8.19143 1.10427 2 
62.857 18.120 4.27317 0.59861 2 
65.423 18.120 4.48456 0.67685 2 
67.988 18.120 0.00000 -0.00000 0 
70.554 18.120 0.00000 -0.00000 0 
73.120 18.120 0.00000 -0.00000 0 
75.685 18.120 0.00000 -0.00000 0 
78.251 18.120 0.00000 -0.00000 0 
80.816 18.120 0.00000 -0.00000 0 
83.382 18.120 0.00000 -0.00000 0 
85.948 18.120 4.63297 0.89747 2 
88.513 18.120 4.61422 0.29067 2 
91.079 18.120 5.12773 0.02918 2 
93.644 18.120 10.77205 -0.14833 2 
96.210 18.120 10.73508 -0.07176 2 
98.776 18.120 11.33129 -0.37673 2 
101.341 18.120 10.89644 -1.20789 2 
103.907 18.120 10.62122 -2.68585 2 
106.472 18.120 8.44913 -4.34627 2 
109.038 18.120 7.89539 -3.80469 2 
111.603 18.120 6.78093 -3.25348 2 
114.169 18.120 6.16016 -2.40428 2 
116.735 18.120 6.31787 -1.71940 2 
119.300 18.120 0.00000 -0.00000 0 
-8.980 15.554 6.89721 0.06124 2 
-6.414 15.554 6.73088 0.01487 2 
-3.848 15.554 6.85229 0.23386 2 
-1.283 15.554 6.62818 0.24866 2 
1.283 15.554 6.61998 0.35441 2 
3.848 15.554 6.93040 0.39122 2 
6.414 15.554 0.00000 -0.00000 0 
8.980 15.554 0.00000 -0.00000 0 
11.545 15.554 0.00000 -0.00000 0 
14.111 15.554 0.00000 -0.00000 0 
16.676 15.554 3.78654 0.65993 2 
19.242 15.554 7.57308 1.31985 2 
21.808 15.554 6.87046 1.26611 2 
24.373 15.554 7.00360 1.35638 2 
26.939 15.554 7.06421 1.40213 2 
29.504 15.554 7.26179 1.61799 2 
32.070 15.554 7.21037 1.52309 2 
34.636 15.554 7.40723 1.75694 2 
37.201 15.554 7.39002 1.57773 2 
39.767 15.554 7.79724 1.65156 2 
42.332 15.554 7.97830 1.68282 2 
44.898 15.554 8.02840 1.92656 2 
47.464 15.554 8.37433 1.56867 2 
50.029 15.554 8.38908 1.27945 2 
52.595 15.554 4.14620 0.73023 2 
55.160 15.554 0.00000 -0.00000 0 
57.726 15.554 0.00000 -0.00000 0 
60.292 15.554 0.00000 -0.00000 0 
62.857 15.554 0.00000 -0.00000 0 
65.423 15.554 0.00000 -0.00000 0 
67.988 15.554 0.00000 -0.00000 0 
70.554 15.554 0.00000 -0.00000 0 
73.120 15.554 0.00000 -0.00000 0 
75.685 15.554 0.00000 -0.00000 0 
78.251 15.554 0.00000 -0.00000 0 
80.816 15.554 0.42246 0.19395 2 
83.382 15.554 0.18518 -0.48225 2 
85.948 15.554 0.21118 0.64140 2 
88.513 15.554 -0.58203 0.23969 2 
91.079 15.554 0.46374 0.32353 2 
93.644 15.554 4.47188 0.74874 2 
96.210 15.554 4.21334 1.41219 2 
98.776 15.554 6.70090 0.30045 2 
101.341 15.554 11.07982 -1.61807 2 
103.907 15.554 9.24885 -3.14565 2 
106.472 15.554 7.85273 -6.12513 2 
109.038 15.554 6.83801 -5.38337 2 
111.603 15.554 5.82718 -4.10790 2 
114.169 15.554 5.14525 -2.93022 2 
116.735 15.554 5.68386 -1.96036 2 
119.300 15.554 0.00000 -0.00000 0 
-8.980 12.988 6.96746 -0.14330 2 
-6.414 12.988 6.72102 -0.00709 2 
-3.848 12.988 6.66436 0.05542 2 
-1.283 12.988 6.54805 0.15407 2 
1.283 12.988 6.44374 0.20720 2 
3.848 12.988 6.69258 0.50996 2 
6.414 12.988 0.00000 -0.00000 0 
8.980 12.988 0.00000 -0.00000 0 
11.545 12.988 0.00000 -0.00000 0 
14.111 12.988 0.00000 -0.00000 0 
16.676 12.988 0.03450 1.52555 2 
19.242 12.988 7.00549 1.33701 2 
21.808 12.988 7.23355 1.56141 2 
24.373 12.988 6.84080 1.43046 2 
26.939 12.988 7.03547 1.74529 2 
29.504 12.988 7.51955 1.65571 2 
32.070 12.988 7.65337 1.92765 2 
34.636 12.988 7.71262 1.89742 2 
37.201 12.988 8.09845 1.49569 2 
39.767 12.988 7.86758 1.64745 2 
42.332 12.988 0.00000 -0.00000 0 
44.898 12.988 0.00000 -0.00000 0 
47.464 12.988 0.00000 -0.00000 0 
50.029 12.988 0.00000 -0.00000 0 
52.595 12.988 0.00000 -0.00000 0 
55.160 12.988 0.00000 -0.00000 0 
57.726 12.988 0.00000 -0.00000 0 
60.292 12.988 0.00000 -0.00000 0 
62.857 12.988 0.00000 -0.00000 0 
65.423 12.988 0.00000 -0.00000 0 
67.988 12.988 0.00000 -0.00000 0 
70.554 12.988 0.00000 -0.00000 0 
73.120 12.988 0.00000 -0.00000 0 
75.685 12.988 -0.68986 -0.29617 2 
78.251 12.988 -1.00485 -0.41834 2 
80.816 12.988 -0.37053 -0.06412 2 
83.382 12.988 -0.37057 -0.44240 2 
85.948 12.988 -0.77670 -0.31642 2 
88.513 12.988 -0.86206 0.68716 2 
91.079 12.988 -2.24290 0.63328 2 
93.644 12.988 -1.82829 1.64581 2 
96.210 12.988 0.53776 1.54086 2 
98.776 12.988 1.39222 1.13268 2 
101.341 12.988 3.45643 0.29276 2 
103.907 12.988 3.97928 -3.80017 2 
106.472 12.988 4.88787 -7.37221 2 
109.038 12.988 3.98572 -6.02887 2 
111.603 12.988 4.43928 -5.33139 2 
114.169 12.988 3.94874 -3.09563 2 
116.735 12.988 4.38373 -2.06853 2 
119.300 12.988 0.00000 -0.00000 0 
-8.980 10.423 6.64003 -0.24603 2 
-6.414 10.423 6.72088 -0.22652 2 
-3.848 10.423 6.55161 -0.07828 2 
-1.283 10.423 6.34626 -0.13409 2 
1.283 10.423 6.24065 0.27163 2 
3.848 10.423 6.28708 0.28740 2 
6.414 10.423 3.14354 0.14370 2 
8.980 10.423 0.00000 -0.00000 0 
11.545 10.423 0.00000 -0.00000 0 
14.111 10.423 0.00000 -0.00000 0 
16.676 10.423 0.02300 1.01704 2 
19.242 10.423 4.67033 0.89134 2 
21.808 10.423 6.43106 1.55281 2 
24.373 10.423 7.34262 1.95773 2 
26.939 10.423 7.59554 1.76749 2 
29.504 10.423 6.61388 1.85744 2 
32.070 10.423 0.00000 -0.00000 0 
34.636 10.423 0.00000 -0.00000 0 
37.201 10.423 0.00000 -0.00000 0 
39.767 10.423 0.00000 -0.00000 0 
42.332 10.423 0.00000 -0.00000 0 
44.898 10.423 0.00000 -0.00000 0 
47.464 10.423 0.00000 -0.00000 0 
50.029 10.423 0.00000 -0.00000 0 
52.595 10.423 0.00000 -0.00000 0 
55.160 10.423 0.00000 -0.00000 0 
57.726 10.423 0.00000 -0.00000 0 
60.292 10.423 0.00000 -0.00000 0 
62.857 10.423 0.00000 -0.00000 0 
65.423 10.423 0.00000 -0.00000 0 
67.988 10.423 -0.08833 -0.05590 2 
70.554 10.423 0.18547 -0.04681 2 
73.120 10.423 -0.79985 -0.27812 2 
75.685 10.423 -1.37971 -0.59234 2 
78.251 10.423 -1.95957 -0.90655 2 
80.816 10.423 -1.16351 -0.32219 2 
83.382 10.423 -0.84772 -0.52163 2 
85.948 10.423 -0.66901 -0.05288 2 
88.513 10.423 -1.99789 0.74289 2 
91.079 10.423 -4.14049 1.08847 2 
93.644 10.423 -2.66307 1.56949 2 
96.210 10.423 -3.13781 1.66953 2 
98.776 10.423 -3.91646 1.96490 2 
101.341 10.423 -4.16696 2.20358 2 
103.907 10.423 -4.22817 -1.38442 2 
106.472 10.423 -0.75113 -5.02583 2 
109.038 10.423 1.13344 -6.67437 2 
111.603 10.423 1.88023 -5.47414 2 
114.169 10.423 2.77298 -4.23697 2 
116.735 10.423 1.50485 -1.84189 2 
119.300 10.423 -0.04700 -1.43882 1 
-8.980 7.857 6.97199 -0.31514 2 
-6.414 7.857 6.48284 -0.17432 2 
-3.848 7.857 6.53157 -0.17195 2 
-1.283 7.857 6.37798 0.04166 2 
1.283 7.857 6.16336 -0.02471 2 
3.848 7.857 6.18797 0.25350 2 
6.414 7.857 3.09398 0.12675 2 
8.980 7.857 0.00000 -0.00000 0 
11.545 7.857 0.00000 -0.00000 0 
14.111 7.857 0.00000 -0.00000 2 
16.676 7.857 0.01150 0.50852 2 
19.242 7.857 2.33516 0.44567 2 
21.808 7.857 0.00000 -0.00000 0 
24.373 7.857 0.00000 -0.00000 0 
26.939 7.857 0.00000 -0.00000 0 
29.504 7.857 0.00000 -0.00000 0 
32.070 7.857 0.00000 -0.00000 0 
34.636 7.857 0.00000 -0.00000 0 
37.201 7.857 0.00000 -0.00000 0 
39.767 7.857 0.00000 -0.00000 0 
42.332 7.857 0.00000 -0.00000 0 
44.898 7.857 0.00000 -0.00000 0 
47.464 7.857 0.00000 -0.00000 0 
50.029 7.857 0.00000 -0.00000 0 
52.595 7.857 0.00000 -0.00000 0 
55.160 7.857 0.00000 -0.00000 0 
57.726 7.857 0.00000 -0.00000 0 
60.292 7.857 -0.27767 -0.02960 2 
62.857 7.857 -0.63327 -0.10771 2 
65.423 7.857 -1.34448 -0.26392 2 
67.988 7.857 -1.30294 -0.61263 2 
70.554 7.857 -1.02550 -0.62122 2 
73.120 7.857 -1.37762 -0.75001 2 
75.685 7.857 -1.78121 -0.36779 2 
78.251 7.857 -2.18481 0.01443 2 
80.816 7.857 -2.29406 -0.85401 2 
83.382 7.857 -1.32486 -0.60086 2 
85.948 7.857 -2.51210 -0.10234 2 
88.513 7.857 -3.69934 0.39617 2 
91.079 7.857 -3.40530 1.42872 2 
93.644 7.857 -2.64618 -0.33616 2 
96.210 7.857 -3.96722 0.44291 2 
98.776 7.857 -4.21771 0.68159 2 
101.341 7.857 -4.46820 0.92027 2 
103.907 7.857 -4.11437 -0.13671 2 
106.472 7.857 -3.76054 -1.19370 2 
109.038 7.857 -1.21863 -2.75630 2 
111.603 7.857 -0.14566 -5.69890 2 
114.169 7.857 1.13614 -3.80562 2 
116.735 7.857 1.48476 -2.63518 2 
119.300 7.857 0.14440 -1.39573 1 
-8.980 5.292 6.65924 -0.28340 2 
-6.414 5.292 6.45632 -0.45334 2 
-3.848 5.292 6.42060 -0.35465 2 
-1.283 5.292 6.18957 -0.46888 2 
1.283 5.292 5.95625 -0.27958 2 
3.848 5.292 6.15331 -0.04816 2 
6.414 5.292 3.07665 -0.02408 2 
8.980 5.292 0.00000 -0.00000 0 
11.545 5.292 0.00000 -0.00000 0 
14.111 5.292 0.00000 -0.00000 0 
16.676 5.292 0.00000 -0.00000 0 
19.242 5.292 0.00000 -0.00000 0 
21.808 5.292 0.00000 -0.00000 0 
24.373 5.292 0.00000 -0.00000 0 
26.939 5.292 0.00000 -0.00000 0 
29.504 5.292 0.00000 -0.00000 0 
32.070 5.292 0.00000 -0.00000 0 
34.636 5.292 0.00000 -0.00000 0 
37.201 5.292 0.00000 -0.00000 0 
39.767 5.292 0.00000 -0.00000 0 
42.332 5.292 0.00000 -0.00000 0 
44.898 5.292 0.00000 -0.00000 0 
47.464 5.292 0.00000 -0.00000 0 
50.029 5.292 0.00000 -0.00000 0 
52.595 5.292 0.13954 0.08913 2 
55.160 5.292 0.34044 0.00066 2 
57.726 5.292 -0.03234 -0.02584 2 
60.292 5.292 -0.55535 -0.05921 2 
62.857 5.292 -1.13063 -0.09741 2 
65.423 5.292 -1.70592 -0.13562 2 
67.988 5.292 -1.42645 -0.73695 2 
70.554 5.292 -1.31107 -0.55239 2 
73.120 5.292 -1.27989 -0.33448 2 
75.685 5.292 -1.27444 0.13894 2 
78.251 5.292 -1.54096 0.56059 2 
80.816 5.292 -1.87049 -0.00873 2 
83.382 5.292 -2.45365 -1.35861 2 
85.948 5.292 -2.86188 -0.85697 2 
88.513 5.292 -3.27011 -0.35533 2 
91.079 5.292 -2.71420 0.79725 2 
93.644 5.292 -4.29830 0.83770 2 
96.210 5.292 -3.88623 0.00949 2 
98.776 5.292 -3.28053 0.20562 2 
101.341 5.292 -5.08976 -0.22548 2 
103.907 5.292 -4.12399 -1.21307 2 
106.472 5.292 -3.15821 -2.20066 2 
109.038 5.292 -1.90506 -2.26362 2 
111.603 5.292 -1.21861 -3.73521 2 
114.169 5.292 -1.48361 -2.53856 2 
116.735 5.292 1.46468 -3.42847 2 
119.300 5.292 0.35418 -4.24379 2 
-8.980 2.726 6.80718 -0.46600 2 
-6.414 2.726 6.56193 -0.50886 2 
-3.848 2.726 6.49379 -0.53931 2 
-1.283 2.726 6.15199 -0.59168 2 
1.283 2.726 6.06713 -0.36601 2 
3.848 2.726 6.00834 -0.21947 2 
6.414 2.726 0.00000 -0.00000 0 
8.980 2.726 0.00000 -0.00000 0 
11.545 2.726 0.00000 -0.00000 0 
14.111 2.726 0.00000 -0.00000 0 
16.676 2.726 0.00000 -0.00000 0 
19.242 2.726 0.00000 -0.00000 0 
21.808 2.726 0.00000 -0.00000 0 
24.373 2.726 0.00000 -0.00000 0 
26.939 2.726 0.00000 -0.00000 0 
29.504 2.726 0.00000 -0.00000 0 
32.070 2.726 0.00000 -0.00000 0 
34.636 2.726 0.00000 -0.00000 0 
37.201 2.726 0.00000 -0.00000 0 
39.767 2.726 0.00000 -0.00000 0 
42.332 2.726 0.00000 -0.00000 0 
44.898 2.726 0.00000 -0.00000 0 
47.464 2.726 -0.32183 -0.15662 2 
50.029 2.726 0.12393 0.11010 2 
52.595 2.726 0.27907 0.17826 2 
55.160 2.726 0.29198 -0.19974 2 
57.726 2.726 -0.79144 -0.50677 2 
60.292 2.726 -0.79381 -0.33955 2 
62.857 2.726 -1.34255 -0.02341 2 
65.423 2.726 -2.06737 -0.00731 2 
67.988 2.726 -1.54995 -0.86128 2 
70.554 2.726 -1.59663 -0.48356 2 
73.120 2.726 -1.18215 0.08105 2 
75.685 2.726 -0.76766 0.64566 2 
78.251 2.726 -0.89712 1.10676 2 
80.816 2.726 -1.28935 0.43210 2 
83.382 2.726 -2.42373 -0.69840 2 
85.948 2.726 -2.62395 -0.66189 2 
88.513 2.726 -2.82418 -0.62538 2 
91.079 2.726 -3.07005 0.43105 2 
93.644 2.726 -4.08779 0.09615 2 
96.210 2.726 -3.55802 0.01782 2 
98.776 2.726 -3.65923 0.91501 2 
101.341 2.726 -4.67475 0.83336 2 
103.907 2.726 -3.79913 -1.88816 2 
106.472 2.726 -3.09578 -1.55525 2 
109.038 2.726 -2.59149 -1.77094 2 
111.603 2.726 -0.94284 -2.14485 2 
114.169 2.726 -0.99122 -1.16735 2 
116.735 2.726 1.28474 -4.35078 2 
119.300 2.726 0.19123 -3.43567 2 
-8.980 0.160 6.57926 -0.61660 2 
-6.414 0.160 6.63910 -0.72169 2 
-3.848 0.160 6.36496 -0.82570 2 
-1.283 0.160 6.12215 -0.74431 2 
1.283 0.160 6.20911 -0.76214 2 
3.848 0.160 0.00000 -0.00000 0 
6.414 0.160 0.00000 -0.00000 0 
8.980 0.160 0.00000 -0.00000 0 
11.545 0.160 0.00000 -0.00000 0 
14.111 0.160 0.00000 -0.00000 0 
16.676 0.160 0.00000 -0.00000 0 
19.242 0.160 0.00000 -0.00000 0 
21.808 0.160 0.00000 -0.00000 0 
24.373 0.160 0.00000 -0.00000 0 
26.939 0.160 0.00000 -0.00000 0 
29.504 0.160 0.00000 -0.00000 0 
32.070 0.160 0.00000 -0.00000 0 
34.636 0.160 0.00000 -0.00000 0 
37.201 0.160 0.00000 -0.00000 0 
39.767 0.160 -0.60041 -0.01351 2 
42.332 0.160 -0.57142 -0.07588 2 
44.898 0.160 -0.54244 -0.13825 2 
47.464 0.160 -0.64366 -0.31323 2 
50.029 0.160 -0.60278 -0.06787 2 
52.595 0.160 -0.76388 -0.34598 2 
55.160 0.160 -1.14264 -0.28179 2 
57.726 0.160 -0.65962 -1.23608 2 
60.292 0.160 -1.03228 -0.61990 2 
62.857 0.160 -1.40494 -0.00372 2 
65.423 0.160 -1.10382 -0.22877 2 
67.988 0.160 -1.40296 0.04772 2 
70.554 0.160 -1.12300 -0.44622 2 
73.120 0.160 -1.34751 -0.44297 2 
75.685 0.160 -0.79073 0.25860 2 
78.251 0.160 -0.90818 0.13512 2 
80.816 0.160 -1.65100 0.04847 2 
83.382 0.160 -2.39381 -0.03819 2 
85.948 0.160 -2.38603 -0.46681 2 
88.513 0.160 -2.37824 -0.89543 2 
91.079 0.160 -3.42591 0.06485 2 
93.644 0.160 -3.32786 0.04549 2 
96.210 0.160 -3.22981 0.02614 2 
98.776 0.160 -4.03794 1.62441 2 
101.341 0.160 -4.25974 1.89219 2 
103.907 0.160 -2.43803 -1.48589 2 
106.472 0.160 -3.03334 -0.90984 2 
109.038 0.160 -3.27793 -1.27825 2 
111.603 0.160 -0.66707 -0.55448 2 
114.169 0.160 -0.49883 0.20386 2 
116.735 0.160 0.31230 -0.50344 2 
119.300 0.160 0.25466 0.63928 2 
-8.980 -2.405 6.74780 -0.70232 2 
-6.414 -2.405 6.61813 -0.68655 2 
-3.848 -2.405 6.47961 -0.87894 2 
-1.283 -2.405 6.28736 -0.89472 2 
1.283 -2.405 0.00000 -0.00000 0 
3.848 -2.405 0.00000 -0.00000 0 
6.414 -2.405 0.00000 -0.00000 0 
8.980 -2.405 0.00000 -0.00000 0 
11.545 -2.405 0.00000 -0.00000 0 
14.111 -2.405 0.00000 -0.00000 0 
16.676 -2.405 0.00000 -0.00000 0 
19.242 -2.405 0.00000 -0.00000 0 
21.808 -2.405 0.00000 -0.00000 0 
24.373 -2.405 0.00000 -0.00000 0 
26.939 -2.405 0.00000 -0.00000 0 
29.504 -2.405 0.00000 -0.00000 0 
32.070 -2.405 -0.71733 -0.20581 2 
34.636 -2.405 -0.51462 -0.01784 2 
37.201 -2.405 -1.09507 -0.33832 2 
39.767 -2.405 -1.08380 -0.11549 2 
42.332 -2.405 -0.99519 0.00241 2 
44.898 -2.405 -0.82923 0.01538 2 
47.464 -2.405 -0.51658 0.01327 2 
50.029 -2.405 -0.84853 0.18412 2 
52.595 -2.405 -0.46532 -0.19350 2 
55.160 -2.405 -1.22810 -0.78825 2 
57.726 -2.405 -1.23828 -0.85951 2 
60.292 -2.405 -0.65501 -1.18891 2 
62.857 -2.405 -0.27067 -0.89225 2 
65.423 -2.405 -0.50005 -0.11152 2 
67.988 -2.405 -0.18486 -0.07035 2 
70.554 -2.405 -0.54310 -0.55956 2 
73.120 -2.405 -0.41838 -0.52584 2 
75.685 -2.405 -0.75435 0.12512 2 
78.251 -2.405 -0.62275 -0.09077 2 
80.816 -2.405 -1.05365 -0.10699 2 
83.382 -2.405 -1.48456 -0.12322 2 
85.948 -2.405 -2.62382 -0.31576 2 
88.513 -2.405 -1.63573 -0.48122 2 
91.079 -2.405 -1.66553 -0.08382 2 
93.644 -2.405 -1.65415 -0.60928 2 
96.210 -2.405 -3.18652 0.78756 2 
98.776 -2.405 -2.18825 1.39973 2 
101.341 -2.405 -1.56921 1.91812 2 
103.907 -2.405 -0.62822 0.94767 2 
106.472 -2.405 -0.99324 1.16553 2 
109.038 -2.405 -2.14785 -0.55996 2 
111.603 -2.405 -0.55775 0.95743 2 
114.169 -2.405 0.74769 1.63363 2 
116.735 -2.405 0.99223 0.37061 2 
119.300 -2.405 0.29035 1.09916 2 
-8.980 -4.971 7.05623 -0.79232 2 
-6.414 -4.971 6.70337 -0.96544 2 
-3.848 -4.971 6.74551 -0.88369 2 
-1.283 -4.971 6.40204 -1.18271 2 
1.283 -4.971 0.00000 -0.00000 0 
3.848 -4.971 0.00000 -0.00000 0 
6.414 -4.971 0.00000 -0.00000 0 
8.980 -4.971 0.00000 -0.00000 0 
11.545 -4.971 0.00000 -0.00000 0 
14.111 -4.971 0.00000 -0.00000 0 
16.676 -4.971 0.00000 -0.00000 0 
19.242 -4.971 0.00000 -0.00000 0 
21.808 -4.971 0.00000 -0.00000 0 
24.373 -4.971 -0.88306 -0.15859 2 
26.939 -4.971 -0.98444 -0.26364 2 
29.504 -4.971 -1.08583 -0.36868 2 
32.070 -4.971 -1.43466 -0.41162 2 
34.636 -4.971 -1.78604 -0.60963 2 
37.201 -4.971 -1.43308 -0.18817 2 
39.767 -4.971 -1.49450 -0.09140 2 
42.332 -4.971 -1.55591 0.00537 2 
44.898 -4.971 -1.11602 0.16900 2 
47.464 -4.971 -0.38950 0.33977 2 
50.029 -4.971 -0.51444 0.09328 2 
52.595 -4.971 -0.16676 -0.04101 2 
55.160 -4.971 -0.12650 -0.37407 2 
57.726 -4.971 -0.15111 -0.61585 2 
60.292 -4.971 0.48796 -0.53613 2 
62.857 -4.971 0.80912 -0.55023 2 
65.423 -4.971 0.95020 -0.32926 2 
67.988 -4.971 0.59997 -0.23835 2 
70.554 -4.971 -0.20124 -0.78039 2 
73.120 -4.971 -0.24808 0.11467 2 
75.685 -4.971 -0.71796 -0.00835 2 
78.251 -4.971 -0.40068 -0.00311 2 
80.816 -4.971 -0.46617 -0.12647 2 
83.382 -4.971 -0.57531 -0.20824 2 
85.948 -4.971 -0.85264 -0.22878 2 
88.513 -4.971 -0.37889 -0.23063 2 
91.079 -4.971 0.09486 -0.23249 2 
93.644 -4.971 0.42933 -0.62174 2 
96.210 -4.971 1.03287 0.89935 2 
98.776 -4.971 -0.33857 1.17505 2 
101.341 -4.971 -0.16674 0.69032 2 
103.907 -4.971 1.26690 1.13035 2 
106.472 -4.971 -0.10216 0.05754 2 
109.038 -4.971 -1.01777 0.15834 2 
111.603 -4.971 -0.50036 0.59906 2 
114.169 -4.971 0.01706 1.03978 2 
116.735 -4.971 0.32561 1.33023 2 
119.300 -4.971 0.53713 2.20828 2 
-8.980 -7.536 6.93352 -0.84771 2 
-6.414 -7.536 6.95762 -1.09133 2 
-3.848 -7.536 6.90747 -1.14721 2 
-1.283 -7.536 6.39274 -1.55799 2 
1.283 -7.536 6.64374 -1.62006 2 
3.848 -7.536 0.00000 -0.00000 0 
6.414 -7.536 5.06082 -1.66819 2 
8.980 -7.536 6.63838 -3.26384 2 
11.545 -7.536 0.78439 -2.58148 2 
14.111 -7.536 -0.35548 0.16345 2 
16.676 -7.536 -0.11205 0.19159 2 
19.242 -7.536 -0.32758 -0.47696 2 
21.808 -7.536 0.79082 -0.07885 2 
24.373 -7.536 -1.76613 -0.31718 2 
26.939 -7.536 -1.96889 -0.52727 2 
29.504 -7.536 -0.83171 -0.48867 2 
32.070 -7.536 -2.38513 -0.32633 2 
34.636 -7.536 -1.45711 -0.79787 2 
37.201 -7.536 -1.77110 -0.03802 2 
39.767 -7.536 -1.26803 -0.87005 2 
42.332 -7.536 -1.43142 -0.40269 2 
44.898 -7.536 -1.37203 0.27272 2 
47.464 -7.536 -0.53026 0.17298 2 
50.029 -7.536 0.07995 0.37350 2 
52.595 -7.536 0.21272 -0.39807 2 
55.160 -7.536 0.91401 -0.35044 2 
57.726 -7.536 1.08441 -0.26777 2 
60.292 -7.536 0.55879 -1.00622 2 
62.857 -7.536 0.25814 -0.79205 2 
65.423 -7.536 1.56276 -0.64532 2 
67.988 -7.536 1.66343 -0.16380 2 
70.554 -7.536 1.20189 -0.76998 2 
73.120 -7.536 1.27228 -0.30055 2 
75.685 -7.536 0.20419 0.32479 2 
78.251 -7.536 -0.17861 0.08455 2 
80.816 -7.536 -0.07615 -0.18302 2 
83.382 -7.536 0.22802 -0.03599 2 
85.948 -7.536 0.28634 -0.00485 2 
88.513 -7.536 0.77390 -0.25342 2 
91.079 -7.536 1.93974 -0.05020 2 
93.644 -7.536 1.84847 -0.32162 2 
96.210 -7.536 2.26566 -0.07144 2 
98.776 -7.536 0.82043 0.12536 2 
101.341 -7.536 1.23574 -0.53747 2 
103.907 -7.536 1.77051 -0.39950 2 
106.472 -7.536 0.13777 -0.49360 2 
109.038 -7.536 0.27974 -1.30506 2 
111.603 -7.536 0.21603 0.58269 2 
114.169 -7.536 0.15233 2.47043 2 
116.735 -7.536 0.71539 0.45554 2 
119.300 -7.536 0.00000 -0.00000 0 
-8.980 -10.102 6.83727 -1.03063 2 
-6.414 -10.102 7.07308 -0.98864 2 
-3.848 -10.102 6.83683 -1.17034 2 
-1.283 -10.102 6.94224 -1.53128 2 
1.283 -10.102 6.79758 -1.77660 2 
3.848 -10.102 6.92281 -2.39749 2 
6.414 -10.102 7.15299 -2.83687 2 
8.980 -10.102 7.35403 -3.19506 2 
11.545 -10.102 4.51975 -2.76084 2 
14.111 -10.102 7.47903 -2.90812 2 
16.676 -10.102 9.80643 -3.28659 2 
19.242 -10.102 5.26077 -2.21503 2 
21.808 -10.102 1.58165 -0.15769 2 
24.373 -10.102 1.51460 -0.66523 2 
26.939 -10.102 0.46850 -0.63695 2 
29.504 -10.102 -0.57760 -0.60866 2 
32.070 -10.102 0.29480 -0.13157 2 
34.636 -10.102 -0.24674 -0.07097 2 
37.201 -10.102 -0.12394 -0.39856 2 
39.767 -10.102 -0.00114 -0.72615 2 
42.332 -10.102 -1.63059 -0.80911 2 
44.898 -10.102 1.08068 -0.30815 2 
47.464 -10.102 0.83854 0.24497 2 
50.029 -10.102 0.50613 -0.91030 2 
52.595 -10.102 0.93495 -0.23176 2 
55.160 -10.102 1.38729 -0.61166 2 
57.726 -10.102 1.45015 -0.91316 2 
60.292 -10.102 1.77552 -1.23352 2 
62.857 -10.102 1.37183 -0.61998 2 
65.423 -10.102 1.07991 -0.64318 2 
67.988 -10.102 2.04643 0.13158 2 
70.554 -10.102 1.81511 -0.91189 2 
73.120 -10.102 1.86470 -1.31353 2 
75.685 -10.102 1.51710 -0.41289 2 
78.251 -10.102 -0.34807 -0.33004 2 
80.816 -10.102 0.31388 -0.23958 2 
83.382 -10.102 0.66732 0.34441 2 
85.948 -10.102 1.02575 -0.51128 2 
88.513 -10.102 2.26738 0.02140 2 
91.079 -10.102 2.68034 0.34720 2 
93.644 -10.102 3.72912 -0.36059 2 
96.210 -10.102 1.77219 -0.79480 2 
98.776 -10.102 2.58992 0.33545 2 
101.341 -10.102 0.54849 -0.43917 2 
103.907 -10.102 1.12108 -0.60179 2 
106.472 -10.102 0.51656 -0.41822 2 
109.038 -10.102 0.94025 0.04304 2 
111.603 -10.102 1.59618 -0.41244 2 
114.169 -10.102 1.26255 1.64690 2 
116.735 -10.102 2.33040 1.34229 2 
119.300 -10.102 0.00000 -0.00000 0 
-8.980 -12.668 7.34682 -0.86321 2 
-6.414 -12.668 7.23725 -1.07173 2 
-3.848 -12.668 7.01097 -1.50601 2 
-1.283 -12.668 7.17432 -1.30791 2 
1.283 -12.668 6.98600 -1.96080 2 
3.848 -12.668 7.09313 -2.02772 2 
6.414 -12.668 7.34683 -2.45789 2 
8.980 -12.668 7.63392 -2.66573 2 
11.545 -12.668 8.25512 -2.94020 2 
14.111 -12.668 8.84496 -2.83588 2 
16.676 -12.668 8.96162 -2.80269 2 
19.242 -12.668 9.53856 -2.37696 2 
21.808 -12.668 9.46213 -2.07175 2 
24.373 -12.668 5.32752 -1.68322 2 
26.939 -12.668 7.60369 -0.93998 2 
29.504 -12.668 4.68954 -0.73561 2 
32.070 -12.668 9.63414 -0.53182 2 
34.636 -12.668 4.67529 -0.47872 2 
37.201 -12.668 6.09586 -0.49463 2 
39.767 -12.668 5.54591 -0.92722 2 
42.332 -12.668 1.07267 -0.93162 2 
44.898 -12.668 3.53339 -0.88902 2 
47.464 -12.668 4.35738 -0.76063 2 
50.029 -12.668 1.75349 -1.02788 2 
52.595 -12.668 3.79257 -0.46862 2 
55.160 -12.668 1.09858 -0.93495 2 
57.726 -12.668 2.92364 -1.32390 2 
60.292 -12.668 2.99225 -1.46082 2 
62.857 -12.668 2.69678 -1.02850 2 
65.423 -12.668 2.97138 -0.39102 2 
67.988 -12.668 2.60532 -0.21855 2 
70.554 -12.668 2.32637 -0.95007 2 
73.120 -12.668 1.61911 -1.24471 2 
75.685 -12.668 0.33476 -1.22620 2 
78.251 -12.668 1.52088 0.06116 2 
80.816 -12.668 3.16344 0.67350 2 
83.382 -12.668 4.09918 1.39383 2 
85.948 -12.668 2.84182 -0.48140 2 
88.513 -12.668 1.88948 -0.03514 2 
91.079 -12.668 2.65792 0.71260 2 
93.644 -12.668 5.49912 0.07654 2 
96.210 -12.668 3.85093 -0.39693 2 
98.776 -12.668 3.59006 -0.08818 2 
101.341 -12.668 -0.13875 -0.34087 2 
103.907 -12.668 0.47165 -0.80408 2 
106.472 -12.668 3.98558 0.20746 2 
109.038 -12.668 2.11204 1.81233 2 
111.603 -12.668 3.47877 1.38139 2 
114.169 -12.668 2.37278 0.82338 2 
116.735 -12.668 3.94542 2.22904 2 
119.300 -12.668 0.00000 -0.00000 0 
-8.980 -15.233 7.03272 -1.06489 2 
-6.414 -15.233 7.20230 -1.10807 2 
-3.848 -15.233 7.30521 -1.20113 2 
-1.283 -15.233 7.31990 -1.66718 2 
1.283 -15.233 7.18812 -1.68592 2 
3.848 -15.233 7.33890 -1.95822 2 
6.414 -15.233 7.50741 -2.16424 2 
8.980 -15.233 7.70834 -2.39543 2 
11.545 -15.233 8.38493 -2.47291 2 
14.111 -15.233 8.57635 -2.44128 2 
16.676 -15.233 8.77499 -2.42720 2 
19.242 -15.233 8.85880 -2.22519 2 
21.808 -15.233 9.10596 -2.36452 2 
24.373 -15.233 9.14045 -2.70120 2 
26.939 -15.233 9.54856 -1.78188 2 
29.504 -15.233 9.95668 -0.86256 2 
32.070 -15.233 9.91399 -0.69506 2 
34.636 -15.233 9.59731 -0.88647 2 
37.201 -15.233 10.34513 -1.00738 2 
39.767 -15.233 7.66594 -1.01504 2 
42.332 -15.233 8.45872 -1.00167 2 
44.898 -15.233 6.75743 -0.86745 2 
47.464 -15.233 8.28619 -0.75873 2 
50.029 -15.233 8.34921 -1.17703 2 
52.595 -15.233 6.65018 -0.70547 2 
55.160 -15.233 4.98408 -0.97765 2 
57.726 -15.233 4.80820 -0.67235 2 
60.292 -15.233 4.59676 -1.39571 2 
62.857 -15.233 4.72400 -1.63191 2 
65.423 -15.233 5.01000 -0.90793 2 
67.988 -15.233 3.97215 -1.34972 2 
70.554 -15.233 3.70632 -1.21227 2 
73.120 -15.233 5.07950 -0.67110 2 
75.685 -15.233 7.53249 1.11488 2 
78.251 -15.233 5.49022 1.41397 2 
80.816 -15.233 7.83394 2.15496 2 
83.382 -15.233 7.53104 2.44325 2 
85.948 -15.233 7.03487 1.20938 2 
88.513 -15.233 5.26028 -0.42541 2 
91.079 -15.233 3.36838 -0.17264 2 
93.644 -15.233 7.26912 0.51367 2 
96.210 -15.233 5.92966 0.00093 2 
98.776 -15.233 4.59020 -0.51180 2 
101.341 -15.233 5.74079 -0.23034 2 
103.907 -15.233 6.33908 -0.35827 2 
106.472 -15.233 7.45460 0.83314 2 
109.038 -15.233 6.13479 1.52394 2 
111.603 -15.233 6.15825 1.65387 2 
114.169 -15.233 6.33258 1.21385 2 
116.735 -15.233 6.02512 1.17425 2 
119.300 -15.233 0.00000 -0.00000 0 
-8.980 -17.799 7.35174 -0.92283 2 
-6.414 -17.799 7.15515 -1.14936 2 
-3.848 -17.799 7.39329 -1.25330 2 
-1.283 -17.799 7.42590 -1.45786 2 
1.283 -17.799 7.31030 -1.58099 2 
3.848 -17.799 7.61479 -1.89082 2 
6.414 -17.799 7.71479 -2.05510 2 
8.980 -17.799 7.91887 -2.26557 2 
11.545 -17.799 8.29944 -2.15274 2 
14.111 -17.799 8.59307 -2.21547 2 
16.676 -17.799 8.71379 -2.13429 2 
19.242 -17.799 8.92941 -2.19844 2 
21.808 -17.799 8.91910 -2.03880 2 
24.373 -17.799 9.53085 -2.03596 2 
26.939 -17.799 9.62440 -1.67414 2 
29.504 -17.799 9.70955 -1.29980 2 
32.070 -17.799 9.59009 -1.02386 2 
34.636 -17.799 9.44182 -0.99974 2 
37.201 -17.799 9.40589 -1.11917 2 
39.767 -17.799 9.78597 -1.10287 2 
42.332 -17.799 9.87667 -0.95371 2 
44.898 -17.799 9.98147 -0.84587 2 
47.464 -17.799 8.91306 -0.82308 2 
50.029 -17.799 9.97605 -0.80309 2 
52.595 -17.799 9.42281 -0.91172 2 
55.160 -17.799 8.86958 -1.02035 2 
57.726 -17.799 8.37197 -0.54334 2 
60.292 -17.799 8.49778 -0.90891 2 
62.857 -17.799 7.58805 -1.25215 2 
65.423 -17.799 7.04862 -1.42485 2 
67.988 -17.799 7.00144 -1.06467 2 
70.554 -17.799 7.39003 -0.47591 2 
73.120 -17.799 8.31245 -1.44851 2 
75.685 -17.799 8.79632 -0.08348 2 
78.251 -17.799 10.26318 1.97847 2 
80.816 -17.799 8.94178 1.89318 2 
83.382 -17.799 8.94032 1.86540 2 
85.948 -17.799 8.82444 1.17367 2 
88.513 -17.799 9.21986 0.42519 2 
91.079 -17.799 8.94524 0.84426 2 
93.644 -17.799 8.37719 0.72158 2 
96.210 -17.799 7.35130 0.13207 2 
98.776 -17.799 7.20913 0.05563 2 
101.341 -17.799 7.95069 0.49227 2 
103.907 -17.799 8.68538 -0.25494 2 
106.472 -17.799 9.51001 2.11433 2 
109.038 -17.799 9.17387 2.02034 2 
111.603 -17.799 8.83773 1.92635 2 
114.169 -17.799 8.86184 1.37277 2 
116.735 -17.799 8.55476 1.15987 2 
119.300 -17.799 0.00000 -0.00000 0 
-8.980 -20.364 7.38656 -0.96828 2 
-6.414 -20.364 7.38564 -1.12890 2 
-3.848 -20.364 7.37968 -1.15365 2 
-1.283 -20.364 7.42479 -1.41274 2 
1.283 -20.364 7.56993 -1.51517 2 
3.848 -20.364 7.63881 -1.62246 2 
6.414 -20.364 7.78507 -2.00994 2 
8.980 -20.364 8.05265 -2.05779 2 
11.545 -20.364 8.26480 -1.96340 2 
14.111 -20.364 8.45534 -2.00580 2 
16.676 -20.364 8.70429 -1.95014 2 
19.242 -20.364 8.69633 -2.05735 2 
21.808 -20.364 9.07544 -1.67176 2 
24.373 -20.364 8.99672 -1.77510 2 
26.939 -20.364 9.23590 -1.54939 2 
29.504 -20.364 9.37797 -1.44522 2 
32.070 -20.364 9.37288 -1.05910 2 
34.636 -20.364 9.31649 -1.19592 2 
37.201 -20.364 9.54454 -1.02178 2 
39.767 -20.364 9.40571 -1.05561 2 
42.332 -20.364 9.42911 -0.97849 2 
44.898 -20.364 9.65942 -0.68953 2 
47.464 -20.364 9.53993 -0.88744 2 
50.029 -20.364 9.46038 -0.63212 2 
52.595 -20.364 9.28856 -0.65841 2 
55.160 -20.364 9.21508 -0.70215 2 
57.726 -20.364 9.38358 -0.84493 2 
60.292 -20.364 9.67357 -0.71565 2 
62.857 -20.364 10.06733 -0.70452 2 
65.423 -20.364 10.18007 -0.94589 2 
67.988 -20.364 10.03073 -0.77962 2 
70.554 -20.364 10.46144 -0.29657 2 
73.120 -20.364 10.42394 -0.02928 2 
75.685 -20.364 9.67205 0.19311 2 
78.251 -20.364 10.46959 1.38802 2 
80.816 -20.364 10.04962 1.63140 2 
83.382 -20.364 9.37730 1.50821 2 
85.948 -20.364 8.95536 1.13166 2 
88.513 -20.364 9.00523 0.95494 2 
91.079 -20.364 8.98228 0.80842 2 
93.644 -20.364 8.99521 0.57341 2 
96.210 -20.364 9.08651 0.18642 2 
98.776 -20.364 9.44475 0.39218 2 
101.341 -20.364 9.80299 0.59794 2 
103.907 -20.364 9.07776 0.43430 2 
106.472 -20.364 9.45919 1.68760 2 
109.038 -20.364 9.38708 1.61205 2 
111.603 -20.364 8.92649 1.63192 2 
114.169 -20.364 8.97007 1.58744 2 
116.735 -20.364 9.14115 1.40103 2 
119.300 -20.364 0.00000 -0.00000 0 
-8.980 -22.930 7.36459 -0.96791 2 
-6.414 -22.930 7.60560 -0.99722 2 
-3.848 -22.930 7.69035 -1.25233 2 
-1.283 -22.930 7.56372 -1.08723 2 
1.283 -22.930 7.83229 -1.48372 2 
3.848 -22.930 7.83509 -1.53482 2 
6.414 -22.930 7.95590 -1.58695 2 
8.980 -22.930 7.98009 -1.60592 2 
11.545 -22.930 8.41094 -1.82337 2 
14.111 -22.930 8.55985 -1.67420 2 
16.676 -22.930 8.63797 -1.69197 2 
19.242 -22.930 8.78199 -1.65374 2 
21.808 -22.930 8.90778 -1.72653 2 
24.373 -22.930 8.93619 -1.69239 2 
26.939 -22.930 9.27353 -1.39878 2 
29.504 -22.930 9.07412 -1.24755 2 
32.070 -22.930 9.23824 -1.13814 2 
34.636 -22.930 9.21608 -1.11437 2 
37.201 -22.930 9.22484 -1.00072 2 
39.767 -22.930 9.14393 -0.82659 2 
42.332 -22.930 9.45462 -0.80822 2 
44.898 -22.930 9.29898 -0.98793 2 
47.464 -22.930 9.44216 -0.60975 2 
50.029 -22.930 9.56364 -0.89519 2 
52.595 -22.930 9.27745 -0.66770 2 
55.160 -22.930 9.46242 -0.59592 2 
57.726 -22.930 9.40553 -0.79578 2 
60.292 -22.930 9.40971 -0.93835 2 
62.857 -22.930 9.76934 -0.93585 2 
65.423 -22.930 10.08629 -0.77698 2 
67.988 -22.930 10.35388 -0.67545 2 
70.554 -22.930 10.24750 -0.33344 2 
73.120 -22.930 10.64736 0.12354 2 
75.685 -22.930 10.54779 0.46970 2 
78.251 -22.930 10.29168 0.99953 2 
80.816 -22.930 10.06996 1.17375 2 
83.382 -22.930 9.65606 1.14688 2 
85.948 -22.930 9.22776 1.06444 2 
88.513 -22.930 9.24611 0.68791 2 
91.079 -22.930 8.94995 0.69134 2 
93.644 -22.930 9.04744 0.72839 2 
96.210 -22.930 8.90091 0.57052 2 
98.776 -22.930 9.28448 0.61397 2 
101.341 -22.930 9.51059 0.75640 2 
103.907 -22.930 9.47014 1.12353 2 
106.472 -22.930 9.40838 1.26087 2 
109.038 -22.930 9.15625 1.39517 2 
111.603 -22.930 9.04347 1.41899 2 
114.169 -22.930 8.66489 1.43328 2 
116.735 -22.930 9.22122 1.50196 2 
119.300 -22.930 0.00000 -0.00000 0 
-8.980 -25.496 7.71355 -1.07314 2 
-6.414 -25.496 7.60948 -1.02572 2 
-3.848 -25.496 7.52245 -1.09922 2 
-1.283 -25.496 7.79995 -1.26278 2 
1.283 -25.496 7.65681 -1.24885 2 
3.848 -25.496 7.92514 -1.52512 2 
6.414 -25.496 8.06773 -1.38355 2 
8.980 -25.496 8.24754 -1.57372 2 
11.545 -25.496 8.31407 -1.66231 2 
14.111 -25.496 8.49429 -1.70848 2 
16.676 -25.496 8.67630 -1.74911 2 
19.242 -25.496 8.62421 -1.49756 2 
21.808 -25.496 8.93671 -1.47074 2 
24.373 -25.496 8.88092 -1.47438 2 
26.939 -25.496 8.92312 -1.29591 2 
29.504 -25.496 9.09853 -1.31374 2 
32.070 -25.496 9.25837 -1.24105 2 
34.636 -25.496 9.25970 -1.00062 2 
37.201 -25.496 9.28122 -1.00604 2 
39.767 -25.496 9.21772 -0.94343 2 
42.332 -25.496 9.36507 -0.89887 2 
44.898 -25.496 9.24859 -0.82924 2 
47.464 -25.496 9.32404 -0.66838 2 
50.029 -25.496 9.28650 -0.78195 2 
52.595 -25.496 9.28377 -0.77233 2 
55.160 -25.496 9.48798 -0.80415 2 
57.726 -25.496 9.49415 -0.67348 2 
60.292 -25.496 9.66806 -0.77680 2 
62.857 -25.496 9.69692 -0.72704 2 
65.423 -25.496 9.97478 -0.64801 2 
67.988 -25.496 10.12901 -0.60502 2 
70.554 -25.496 10.22848 -0.00581 2 
73.120 -25.496 10.14508 0.12939 2 
75.685 -25.496 10.19223 0.51283 2 
78.251 -25.496 10.08591 0.61401 2 
80.816 -25.496 9.81128 0.77389 2 
83.382 -25.496 9.56681 0.84656 2 
85.948 -25.496 9.34928 0.74777 2 
88.513 -25.496 9.16557 0.81695 2 
91.079 -25.496 9.09632 0.76220 2 
93.644 -25.496 9.28074 0.60851 2 
96.210 -25.496 9.28068 0.72564 2 
98.776 -25.496 9.14954 0.67345 2 
101.341 -25.496 9.21818 0.91486 2 
103.907 -25.496 9.17384 0.94134 2 
106.472 -25.496 9.09519 1.17153 2 
109.038 -25.496 9.02355 1.11341 2 
111.603 -25.496 9.08598 1.47272 2 
114.169 -25.496 8.77681 1.34649 2 
116.735 -25.496 8.98876 1.35221 2 
119.300 -25.496 0.00000 -0.00000 0 
-8.980 -28.061 7.45316 -0.98789 2 
-6.414 -28.061 7.74648 -0.98667 2 
-3.848 -28.061 7.72832 -1.02020 2 
-1.283 -28.061 7.68376 -1.16278 2 
1.283 -28.061 7.84026 -1.21768 2 
3.848 -28.061 7.99752 -1.23139 2 
6.414 -28.061 8.06227 -1.50025 2 
8.980 -28.061 8.13834 -1.47534 2 
11.545 -28.061 8.40781 -1.28300 2 
14.111 -28.061 8.41365 -1.49576 2 
16.676 -28.061 8.67630 -1.28508 2 
19.242 -28.061 8.74970 -1.32806 2 
21.808 -28.061 8.78229 -1.53164 2 
24.373 -28.061 8.93369 -1.39729 2 
26.939 -28.061 8.91932 -1.18092 2 
29.504 -28.061 8.96654 -0.93291 2 
32.070 -28.061 9.05426 -1.08687 2 
34.636 -28.061 9.12081 -1.10158 2 
37.201 -28.061 9.19298 -0.87996 2 
39.767 -28.061 9.18979 -0.94561 2 
42.332 -28.061 9.21488 -0.73246 2 
44.898 -28.061 9.35955 -0.82639 2 
47.464 -28.061 9.24593 -0.75508 2 
50.029 -28.061 9.15042 -0.66015 2 
52.595 -28.061 9.58159 -0.60413 2 
55.160 -28.061 9.46111 -0.76609 2 
57.726 -28.061 9.29408 -0.70634 2 
60.292 -28.061 9.62343 -0.54111 2 
62.857 -28.061 9.40715 -0.54448 2 
65.423 -28.061 9.71536 -0.62141 2 
67.988 -28.061 9.85540 -0.26530 2 
70.554 -28.061 9.96665 -0.06758 2 
73.120 -28.061 10.06302 0.10859 2 
75.685 -28.061 9.87325 0.48541 2 
78.251 -28.061 9.89930 0.64881 2 
80.816 -28.061 9.62705 0.61174 2 
83.382 -28.061 9.56343 0.69504 2 
85.948 -28.061 9.50205 0.77265 2 
88.513 -28.061 9.26944 0.74626 2 
91.079 -28.061 9.32933 0.80657 2 
93.644 -28.061 9.05140 0.73884 2 
96.210 -28.061 9.17013 0.73340 2 
98.776 -28.061 9.17960 0.85604 2 
101.341 -28.061 9.20048 0.92432 2 
103.907 -28.061 9.23797 0.91367 2 
106.472 -28.061 9.14096 0.98463 2 
109.038 -28.061 8.98067 1.09021 2 
111.603 -28.061 8.91965 1.20406 2 
114.169 -28.061 8.79009 1.05133 2 
116.735 -28.061 8.87536 1.39066 2 
119.300 -28.061 0.00000 -0.00000 0 
-8.980 -30.627 7.71032 -0.89051 2 
-6.414 -30.627 7.72331 -1.05652 2 
-3.848 -30.627 7.71192 -1.03512 2 
-1.283 -30.627 7.99729 -1.15532 2 
1.283 -30.627 8.02810 -1.13745 2 
3.848 -30.627 8.07503 -1.15017 2 
6.414 -30.627 8.19222 -1.12546 2 
8.980 -30.627 8.27696 -1.21891 2 
11.545 -30.627 8.46097 -1.32762 2 
14.111 -30.627 8.50757 -1.46171 2 
16.676 -30.627 8.65170 -1.17651 2 
19.242 -30.627 8.61455 -1.24448 2 
21.808 -30.627 8.70211 -1.19066 2 
24.373 -30.627 8.90979 -1.14743 2 
26.939 -30.627 8.82749 -1.07410 2 
29.504 -30.627 8.94639 -1.07676 2 
32.070 -30.627 8.99332 -1.07308 2 
34.636 -30.627 8.96095 -1.01026 2 
37.201 -30.627 9.10420 -0.93576 2 
39.767 -30.627 9.01493 -0.83130 2 
42.332 -30.627 9.30188 -0.71567 2 
44.898 -30.627 9.10572 -0.78895 2 
47.464 -30.627 9.11396 -0.71270 2 
50.029 -30.627 9.47090 -0.76752 2 
52.595 -30.627 9.17303 -0.56918 2 
55.160 -30.627 9.45103 -0.68022 2 
57.726 -30.627 9.39294 -0.68370 2 
60.292 -30.627 9.60527 -0.61947 2 
62.857 -30.627 9.52988 -0.52701 2 
65.423 -30.627 9.61800 -0.29913 2 
67.988 -30.627 9.76829 -0.21666 2 
70.554 -30.627 9.77222 0.00582 2 
73.120 -30.627 9.66152 -0.10188 2 
75.685 -30.627 9.76341 0.22257 2 
78.251 -30.627 9.70761 0.31775 2 
80.816 -30.627 9.54446 0.60827 2 
83.382 -30.627 9.49155 0.57554 2 
85.948 -30.627 9.20579 0.61399 2 
88.513 -30.627 9.23894 0.71157 2 
91.079 -30.627 9.27030 0.71640 2 
93.644 -30.627 8.98959 0.80244 2 
96.210 -30.627 9.16904 0.72088 2 
98.776 -30.627 8.97023 0.74725 2 
101.341 -30.627 9.15309 0.79921 2 
103.907 -30.627 8.99736 0.99225 2 
106.472 -30.627 8.93297 0.96997 2 
109.038 -30.627 8.89853 0.95904 2 
111.603 -30.627 8.80368 1.08284 2 
114.169 -30.627 8.64541 1.19357 2 
116.735 -30.627 8.95148 1.25634 2 
119.300 -30.627 0.00000 -0.00000 0 
-8.980 -33.192 7.58646 -0.83577 2 
-6.414 -33.192 7.89745 -0.91082 2 
-3.848 -33.192 7.89677 -0.94181 2 
-1.283 -33.192 7.82938 -1.04093 2 
1.283 -33.192 8.09507 -1.06953 2 
3.848 -33.192 8.13267 -1.15292 2 
6.414 -33.192 8.11612 -1.13687 2 
8.980 -33.192 8.32790 -1.27345 2 
11.545 -33.192 8.40127 -1.22328 2 
14.111 -33.192 8.38312 -1.29082 2 
16.676 -33.192 8.47318 -1.14546 2 
19.242 -33.192 8.66636 -1.26671 2 
21.808 -33.192 8.68156 -1.13383 2 
24.373 -33.192 8.69471 -1.12068 2 
26.939 -33.192 8.94119 -1.12220 2 
29.504 -33.192 8.78034 -1.00393 2 
32.070 -33.192 8.96169 -1.03920 2 
34.636 -33.192 9.10856 -0.88180 2 
37.201 -33.192 9.01387 -0.98409 2 
39.767 -33.192 9.20770 -0.75739 2 
42.332 -33.192 9.14084 -0.87410 2 
44.898 -33.192 9.07700 -0.66285 2 
47.464 -33.192 9.22780 -0.69848 2 
50.029 -33.192 9.21633 -0.55510 2 
52.595 -33.192 9.30977 -0.66161 2 
55.160 -33.192 9.36305 -0.56310 2 
57.726 -33.192 9.47164 -0.57939 2 
60.292 -33.192 9.41537 -0.50304 2 
62.857 -33.192 9.45630 -0.46626 2 
65.423 -33.192 9.46821 -0.27609 2 
67.988 -33.192 9.54801 -0.14610 2 
70.554 -33.192 9.65924 -0.02482 2 
73.120 -33.192 9.52696 0.20115 2 
75.685 -33.192 9.54798 0.19129 2 
78.251 -33.192 9.52033 0.51281 2 
80.816 -33.192 9.47093 0.45783 2 
83.382 -33.192 9.27615 0.62806 2 
85.948 -33.192 9.23655 0.66693 2 
88.513 -33.192 9.17448 0.76417 2 
91.079 -33.192 9.17257 0.58221 2 
93.644 -33.192 9.08974 0.69540 2 
96.210 -33.192 9.12966 0.73650 2 
98.776 -33.192 8.98929 0.79460 2 
101.341 -33.192 9.07331 0.89078 2 
103.907 -33.192 9.18072 0.68231 2 
106.472 -33.192 9.02653 0.89124 2 
109.038 -33.192 8.94735 1.05830 2 
111.603 -33.192 8.76259 1.02074 2 
114.169 -33.192 8.69289 0.93809 2 
116.735 -33.192 9.02759 1.12201 2 
119.300 -33.192 0.00000 -0.00000 0 
-8.980 -35.758 7.84243 -0.92611 2 
-6.414 -35.758 7.65968 -0.95203 2 
-3.848 -35.758 7.94809 -0.91832 2 
-1.283 -35.758 8.03409 -0.84067 2 
1.283 -35.758 8.11157 -1.07040 2 
3.848 -35.758 8.07880 -0.98654 2 
6.414 -35.758 8.11199 -1.08335 2 
8.980 -35.758 8.40201 -1.02815 2 
11.545 -35.758 8.31125 -1.13583 2 
14.111 -35.758 8.40701 -0.88276 2 
16.676 -35.758 8.55522 -1.06695 2 
19.242 -35.758 8.79005 -1.12118 2 
21.808 -35.758 8.58842 -1.10451 2 
24.373 -35.758 8.81392 -0.98669 2 
26.939 -35.758 8.81413 -0.94482 2 
29.504 -35.758 9.01082 -0.89940 2 
32.070 -35.758 8.91893 -0.83224 2 
34.636 -35.758 8.97009 -0.97523 2 
37.201 -35.758 8.93615 -0.83232 2 
39.767 -35.758 9.06559 -0.87529 2 
42.332 -35.758 8.92163 -0.75970 2 
44.898 -35.758 9.21397 -0.66967 2 
47.464 -35.758 9.30852 -0.77204 2 
50.029 -35.758 9.16703 -0.75853 2 
52.595 -35.758 9.03743 -0.55768 2 
55.160 -35.758 9.24213 -0.67384 2 
57.726 -35.758 9.28634 -0.55618 2 
60.292 -35.758 9.38124 -0.38061 2 
62.857 -35.758 9.39848 -0.34608 2 
65.423 -35.758 9.46971 -0.16919 2 
67.988 -35.758 9.41378 -0.22575 2 
70.554 -35.758 9.34583 0.07458 2 
73.120 -35.758 9.51613 0.12610 2 
75.685 -35.758 9.45136 0.20409 2 
78.251 -35.758 9.51838 0.22663 2 
80.816 -35.758 9.27599 0.27386 2 
83.382 -35.758 9.48948 0.67342 2 
85.948 -35.758 9.20544 0.49336 2 
88.513 -35.758 9.29078 0.60245 2 
91.079 -35.758 9.13349 0.71646 2 
93.644 -35.758 9.04537 0.66487 2 
96.210 -35.758 9.13958 0.70229 2 
98.776 -35.758 9.00233 0.71735 2 
101.341 -35.758 8.96366 0.72640 2 
103.907 -35.758 8.99036 0.79704 2 
106.472 -35.758 8.75573 0.97424 2 
109.038 -35.758 8.88694 0.83098 2 
111.603 -35.758 8.71023 0.81204 2 
114.169 -35.758 8.71284 0.96473 2 
116.735 -35.758 8.90326 1.02935 2 
119.300 -35.758 0.00000 -0.00000 0 
-8.980 -38.324 7.98737 -0.82042 2 
-6.414 -38.324 7.90374 -0.81445 2 
-3.848 -38.324 7.96988 -0.95723 2 
-1.283 -38.324 8.07492 -0.85791 2 
1.283 -38.324 8.05610 -0.94416 2 
3.848 -38.324 8.19060 -0.98891 2 
6.414 -38.324 8.29214 -1.01213 2 
8.980 -38.324 8.31176 -1.07519 2 
11.545 -38.324 8.39615 -1.04277 2 
14.111 -38.324 8.47126 -0.95325 2 
16.676 -38.324 8.44931 -1.10435 2 
19.242 -38.324 8.57415 -1.02018 2 
21.808 -38.324 8.61126 -0.91626 2 
24.373 -38.324 8.78985 -1.15092 2 
26.939 -38.324 8.79377 -0.95632 2 
29.504 -38.324 8.64373 -0.97311 2 
32.070 -38.324 8.88140 -0.84802 2 
34.636 -38.324 8.91326 -0.78015 2 
37.201 -38.324 8.93391 -0.71463 2 
39.767 -38.324 9.01285 -0.84802 2 
42.332 -38.324 9.16126 -0.66714 2 
44.898 -38.324 9.12967 -0.56599 2 
47.464 -38.324 8.96361 -0.80458 2 
50.029 -38.324 9.01833 -0.51940 2 
52.595 -38.324 9.21795 -0.72695 2 
55.160 -38.324 9.11575 -0.45790 2 
57.726 -38.324 9.35920 -0.54865 2 
60.292 -38.324 9.36886 -0.39529 2 
62.857 -38.324 9.41937 -0.39641 2 
65.423 -38.324 9.27059 -0.23074 2 
67.988 -38.324 9.41654 -0.08853 2 
70.554 -38.324 9.35350 -0.02348 2 
73.120 -38.324 9.42070 0.05924 2 
75.685 -38.324 9.41758 0.30565 2 
78.251 -38.324 9.15336 0.27202 2 
80.816 -38.324 9.30655 0.45339 2 
83.382 -38.324 9.25430 0.33264 2 
85.948 -38.324 9.08721 0.61536 2 
88.513 -38.324 9.27330 0.48801 2 
91.079 -38.324 8.95051 0.49962 2 
93.644 -38.324 8.96274 0.54392 2 
96.210 -38.324 9.15185 0.66850 2 
98.776 -38.324 8.97864 0.75885 2 
101.341 -38.324 8.80863 0.83878 2 
103.907 -38.324 8.82983 0.80556 2 
106.472 -38.324 8.94812 0.81107 2 
109.038 -38.324 8.72073 0.94135 2 
111.603 -38.324 8.72315 0.85671 2 
114.169 -38.324 8.58204 0.86917 2 
116.735 -38.324 9.00482 1.02604 2 
119.300 -38.324 0.00000 -0.00000 0 
-8.980 -40.889 7.99662 -0.85438 2 
-6.414 -40.889 7.78274 -0.77378 2 
-3.848 -40.889 7.90508 -0.90025 2 
-1.283 -40.889 8.06840 -0.73125 2 
1.283 -40.889 8.27219 -0.96344 2 
3.848 -40.889 8.15306 -0.83179 2 
6.414 -40.889 8.23936 -0.92248 2 
8.980 -40.889 8.37971 -0.97219 2 
11.545 -40.889 8.58942 -0.90106 2 
14.111 -40.889 8.47000 -0.99686 2 
16.676 -40.889 8.53483 -0.87844 2 
19.242 -40.889 8.64374 -0.94930 2 
21.808 -40.889 8.66272 -0.91574 2 
24.373 -40.889 8.59308 -0.98567 2 
26.939 -40.889 8.67965 -0.79520 2 
29.504 -40.889 8.87015 -0.97266 2 
32.070 -40.889 8.80678 -0.83122 2 
34.636 -40.889 8.86728 -0.79284 2 
37.201 -40.889 8.97366 -0.78927 2 
39.767 -40.889 8.95168 -0.66785 2 
42.332 -40.889 8.93258 -0.68058 2 
44.898 -40.889 9.04004 -0.70790 2 
47.464 -40.889 9.02296 -0.68034 2 
50.029 -40.889 9.09342 -0.53343 2 
52.595 -40.889 9.14991 -0.46928 2 
55.160 -40.889 9.06505 -0.39650 2 
57.726 -40.889 9.29310 -0.34481 2 
60.292 -40.889 9.21964 -0.08624 2 
62.857 -40.889 9.21224 -0.28626 2 
65.423 -40.889 9.09621 -0.26187 2 
67.988 -40.889 9.28362 -0.03569 2 
70.554 -40.889 9.25396 -0.07261 2 
73.120 -40.889 9.16227 0.07991 2 
75.685 -40.889 9.32387 0.03537 2 
78.251 -40.889 9.23305 0.11741 2 
80.816 -40.889 9.17104 0.55296 2 
83.382 -40.889 9.08421 0.26831 2 
85.948 -40.889 9.23511 0.32110 2 
88.513 -40.889 9.03546 0.61321 2 
91.079 -40.889 9.02430 0.51852 2 
93.644 -40.889 9.08699 0.73690 2 
96.210 -40.889 8.86353 0.68185 2 
98.776 -40.889 8.98911 0.71867 2 
101.341 -40.889 8.98667 0.69271 2 
103.907 -40.889 8.80733 0.73422 2 
106.472 -40.889 8.72730 0.84416 2 
109.038 -40.889 8.77888 0.77147 2 
111.603 -40.889 8.62413 0.77375 2 
114.169 -40.889 8.67028 0.82079 2 
116.735 -40.889 8.95074 0.85923 2 
119.300 -40.889 0.00000 -0.00000 0 
-8.980 -43.455 8.11668 -0.72198 2 
-6.414 -43.455 7.98474 -0.87402 2 
-3.848 -43.455 7.98889 -0.77304 2 
-1.283 -43.455 8.15352 -0.84451 2 
1.283 -43.455 7.98159 -0.88693 2 
3.848 -43.455 8.18403 -0.87555 2 
6.414 -43.455 8.43815 -0.83477 2 
8.980 -43.455 8.36934 -0.86850 2 
11.545 -43.455 8.35594 -0.92506 2 
14.111 -43.455 8.55769 -0.87886 2 
16.676 -43.455 8.59234 -0.77077 2 
19.242 -43.455 8.51727 -0.92580 2 
21.808 -43.455 8.52390 -0.90566 2 
24.373 -43.455 8.56143 -0.85664 2 
26.939 -43.455 8.84321 -0.80959 2 
29.504 -43.455 8.87215 -0.91633 2 
32.070 -43.455 8.81456 -0.78715 2 
34.636 -43.455 8.80370 -0.69185 2 
37.201 -43.455 8.82726 -0.72722 2 
39.767 -43.455 8.82763 -0.86817 2 
42.332 -43.455 9.08395 -0.57928 2 
44.898 -43.455 8.96940 -0.69077 2 
47.464 -43.455 9.02958 -0.45569 2 
50.029 -43.455 9.16662 -0.53947 2 
52.595 -43.455 8.92964 -0.47969 2 
55.160 -43.455 9.12865 -0.39431 2 
57.726 -43.455 9.08834 -0.31585 2 
60.292 -43.455 9.04995 -0.32013 2 
62.857 -43.455 9.26102 -0.28263 2 
65.423 -43.455 9.27605 -0.11506 2 
67.988 -43.455 9.03577 -0.01373 2 
70.554 -43.455 9.19077 0.07949 2 
73.120 -43.455 9.02459 -0.02559 2 
75.685 -43.455 9.22196 0.22095 2 
78.251 -43.455 9.03524 0.10972 2 
80.816 -43.455 9.13265 0.33948 2 
83.382 -43.455 9.16011 0.34813 2 
85.948 -43.455 9.05807 0.20596 2 
88.513 -43.455 9.03971 0.40508 2 
91.079 -43.455 9.05547 0.75113 2 
93.644 -43.455 8.99492 0.45546 2 
96.210 -43.455 8.85425 0.53808 2 
98.776 -43.455 9.01011 0.64783 2 
101.341 -43.455 8.78536 0.65974 2 
103.907 -43.455 8.84966 0.86719 2 
106.472 -43.455 8.73539 0.70472 2 
109.038 -43.455 8.84562 0.73225 2 
111.603 -43.455 8.59686 0.76383 2 
114.169 -43.455 8.68974 0.73778 2 
116.735 -43.455 8.83306 0.68137 2 
119.300 -43.455 0.00000 -0.00000 0 
-8.980 -46.020 8.08533 -0.73819 2 
-6.414 -46.020 8.09453 -0.71818 2 
-3.848 -46.020 8.08444 -0.86788 2 
-1.283 -46.020 8.06096 -0.74565 2 
1.283 -46.020 8.29514 -0.91576 2 
3.848 -46.020 8.18073 -0.86188 2 
6.414 -46.020 8.24139 -0.87990 2 
8.980 -46.020 8.35876 -0.90846 2 
11.545 -46.020 8.41464 -0.78794 2 
14.111 -46.020 8.43527 -0.82034 2 
16.676 -46.020 8.47044 -0.90967 2 
19.242 -46.020 8.48372 -0.79058 2 
21.808 -46.020 8.60744 -0.84049 2 
24.373 -46.020 8.68471 -0.78757 2 
26.939 -46.020 8.70318 -0.79159 2 
29.504 -46.020 8.61830 -0.74918 2 
32.070 -46.020 8.78172 -0.81811 2 
34.636 -46.020 8.70831 -0.69435 2 
37.201 -46.020 8.90431 -0.78648 2 
39.767 -46.020 8.86797 -0.81730 2 
42.332 -46.020 8.83044 -0.61497 2 
44.898 -46.020 8.93670 -0.56781 2 
47.464 -46.020 8.92864 -0.51803 2 
50.029 -46.020 8.91216 -0.53665 2 
52.595 -46.020 9.03204 -0.39697 2 
55.160 -46.020 9.06473 -0.32831 2 
57.726 -46.020 8.99577 -0.40334 2 
60.292 -46.020 9.21868 -0.26734 2 
62.857 -46.020 8.97650 -0.26359 2 
65.423 -46.020 9.04600 -0.21924 2 
67.988 -46.020 9.13938 -0.06202 2 
70.554 -46.020 9.14463 0.05273 2 
73.120 -46.020 9.00843 0.12420 2 
75.685 -46.020 9.12801 0.12008 2 
78.251 -46.020 9.11006 0.12538 2 
80.816 -46.020 9.09527 0.11330 2 
83.382 -46.020 9.16815 0.32241 2 
85.948 -46.020 9.08181 0.32269 2 
88.513 -46.020 8.97757 0.39140 2 
91.079 -46.020 8.79650 0.41108 2 
93.644 -46.020 8.89178 0.49511 2 
96.210 -46.020 9.07749 0.65007 2 
98.776 -46.020 8.78685 0.48131 2 
101.341 -46.020 8.71230 0.71724 2 
103.907 -46.020 8.76054 0.61148 2 
106.472 -46.020 8.77424 0.72463 2 
109.038 -46.020 8.61499 0.73715 2 
111.603 -46.020 8.64874 0.82816 2 
114.169 -46.020 8.51921 0.67562 2 
116.735 -46.020 8.76085 0.85185 2 
119.300 -46.020 0.00000 -0.00000 0 
-8.980 -48.586 7.83301 -0.74557 2 
-6.414 -48.586 7.94221 -0.76731 2 
-3.848 -48.586 8.10643 -0.73666 2 
-1.283 -48.586 8.16116 -0.78512 2 
1.283 -48.586 8.21106 -0.88313 2 
3.848 -48.586 8.17447 -0.77066 2 
6.414 -48.586 8.48753 -0.93075 2 
8.980 -48.586 8.30888 -0.76716 2 
11.545 -48.586 8.36325 -0.92828 2 
14.111 -48.586 8.54275 -0.76675 2 
16.676 -48.586 8.53834 -0.85733 2 
19.242 -48.586 8.48517 -0.84836 2 
21.808 -48.586 8.55508 -0.71834 2 
24.373 -48.586 8.53278 -0.71891 2 
26.939 -48.586 8.68974 -0.77630 2 
29.504 -48.586 8.65840 -0.66822 2 
32.070 -48.586 8.83282 -0.82088 2 
34.636 -48.586 8.82194 -0.66273 2 
37.201 -48.586 8.72646 -0.63011 2 
39.767 -48.586 8.89873 -0.52488 2 
42.332 -48.586 8.78057 -0.68922 2 
44.898 -48.586 8.92536 -0.47889 2 
47.464 -48.586 8.90382 -0.59700 2 
50.029 -48.586 8.84442 -0.42570 2 
52.595 -48.586 8.88446 -0.41580 2 
55.160 -48.586 8.99082 -0.47724 2 
57.726 -48.586 9.05779 -0.45430 2 
60.292 -48.586 9.13690 -0.19779 2 
62.857 -48.586 9.15094 -0.05530 2 
65.423 -48.586 8.95329 -0.24090 2 
67.988 -48.586 9.09381 0.03128 2 
70.554 -48.586 9.05084 -0.01543 2 
73.120 -48.586 9.05183 0.03037 2 
75.685 -48.586 8.99164 0.21156 2 
78.251 -48.586 9.04428 0.21243 2 
80.816 -48.586 8.87975 0.29753 2 
83.382 -48.586 9.02237 0.33227 2 
85.948 -48.586 8.84140 0.41876 2 
88.513 -48.586 9.02082 0.52263 2 
91.079 -48.586 9.02367 0.40469 2 
93.644 -48.586 9.07398 0.52531 2 
96.210 -48.586 8.83078 0.64431 2 
98.776 -48.586 8.73306 0.53989 2 
101.341 -48.586 8.90884 0.66056 2 
103.907 -48.586 8.79104 0.67191 2 
106.472 -48.586 8.71116 0.60752 2 
109.038 -48.586 8.70600 0.55488 2 
111.603 -48.586 8.53668 0.69700 2 
114.169 -48.586 8.67835 0.83722 2 
116.735 -48.586 8.62858 0.82042 2 
119.300 -48.586 0.00000 -0.00000 0 
-8.980 -51.152 8.00160 -0.67858 2 
-6.414 -51.152 8.01989 -0.70735 2 
-3.848 -51.152 8.18005 -0.78399 2 
-1.283 -51.152 8.07275 -0.79045 2 
1.283 -51.152 8.10718 -0.72166 2 
3.848 -51.152 8.33316 -0.75675 2 
6.414 -51.152 8.13316 -0.81277 2 
8.980 -51.152 8.37434 -0.89461 2 
11.545 -51.152 8.34551 -0.71783 2 
14.111 -51.152 8.51383 -0.75346 2 
16.676 -51.152 8.36442 -0.70798 2 
19.242 -51.152 8.69835 -0.77019 2 
21.808 -51.152 8.71796 -0.71101 2 
24.373 -51.152 8.50988 -0.76461 2 
26.939 -51.152 8.56097 -0.77695 2 
29.504 -51.152 8.82201 -0.81900 2 
32.070 -51.152 8.66084 -0.72036 2 
34.636 -51.152 8.62409 -0.70195 2 
37.201 -51.152 8.91338 -0.67814 2 
39.767 -51.152 8.69903 -0.59804 2 
42.332 -51.152 8.86667 -0.59837 2 
44.898 -51.152 8.87169 -0.43607 2 
47.464 -51.152 8.84309 -0.56217 2 
50.029 -51.152 8.89709 -0.63833 2 
52.595 -51.152 8.98694 -0.38744 2 
55.160 -51.152 8.93716 -0.34241 2 
57.726 -51.152 8.88459 -0.13409 2 
60.292 -51.152 8.82797 -0.23325 2 
62.857 -51.152 9.00524 -0.20640 2 
65.423 -51.152 8.97522 -0.14697 2 
67.988 -51.152 8.91872 0.01977 2 
70.554 -51.152 9.02122 -0.11048 2 
73.120 -51.152 8.91862 -0.12268 2 
75.685 -51.152 9.04913 0.22759 2 
78.251 -51.152 8.85245 0.22469 2 
80.816 -51.152 8.96670 0.24962 2 
83.382 -51.152 8.97700 0.38434 2 
85.948 -51.152 9.05233 0.48942 2 
88.513 -51.152 8.92889 0.39445 2 
91.079 -51.152 8.90582 0.43604 2 
93.644 -51.152 8.87774 0.47371 2 
96.210 -51.152 8.76418 0.40018 2 
98.776 -51.152 8.72014 0.57806 2 
101.341 -51.152 8.77982 0.57703 2 
103.907 -51.152 8.71301 0.71456 2 
106.472 -51.152 8.69655 0.58529 2 
109.038 -51.152 8.63524 0.51930 2 
111.603 -51.152 8.62451 0.62952 2 
114.169 -51.152 8.49486 0.63307 2 
116.735 -51.152 8.55720 0.62989 2 
119.300 -51.152 0.00000 -0.00000 0 
-8.980 -53.717 8.15691 -0.81848 2 
-6.414 -53.717 8.19699 -0.69541 2 
-3.848 -53.717 8.12273 -0.74090 2 
-1.283 -53.717 8.30830 -0.78500 2 
1.283 -53.717 8.09972 -0.91737 2 
3.848 -53.717 8.55349 -0.86180 2 
6.414 -53.717 8.41800 -0.56179 2 
8.980 -53.717 8.44341 -0.66401 2 
11.545 -53.717 8.52843 -0.93271 2 
14.111 -53.717 8.82002 -0.66076 2 
16.676 -53.717 8.52943 -0.78209 2 
19.242 -53.717 8.96698 -0.76869 2 
21.808 -53.717 8.75731 -0.77410 2 
24.373 -53.717 8.79771 -0.76585 2 
26.939 -53.717 8.83812 -0.75760 2 
29.504 -53.717 8.81771 -0.75461 2 
32.070 -53.717 8.79730 -0.75162 2 
34.636 -53.717 8.77689 -0.74862 2 
37.201 -53.717 9.04860 -0.80451 2 
39.767 -53.717 9.10466 -0.66792 2 
42.332 -53.717 9.16072 -0.53133 2 
44.898 -53.717 8.95978 -0.34334 2 
47.464 -53.717 8.90459 -0.24593 2 
50.029 -53.717 8.98072 -0.36856 2 
52.595 -53.717 9.05685 -0.49118 2 
55.160 -53.717 8.88255 -0.42802 2 
57.726 -53.717 8.92398 -0.25680 2 
60.292 -53.717 8.87128 -0.28154 2 
62.857 -53.717 8.87545 -0.37822 2 
65.423 -53.717 9.01304 -0.07757 2 
67.988 -53.717 8.98448 -0.13458 2 
70.554 -53.717 8.96066 0.06071 2 
73.120 -53.717 8.90288 0.11264 2 
75.685 -53.717 8.96338 -0.00747 2 
78.251 -53.717 8.89847 0.34501 2 
80.816 -53.717 8.96355 0.24140 2 
83.382 -53.717 8.94672 0.28706 2 
85.948 -53.717 8.94714 0.29023 2 
88.513 -53.717 9.14314 0.42929 2 
91.079 -53.717 9.01183 0.46478 2 
93.644 -53.717 8.98891 0.52214 2 
96.210 -53.717 9.22922 0.51205 2 
98.776 -53.717 8.94163 0.60533 2 
101.341 -53.717 8.97755 0.51455 2 
103.907 -53.717 8.83746 0.34814 2 
106.472 -53.717 8.97459 0.64227 2 
109.038 -53.717 8.67640 0.73341 2 
111.603 -53.717 8.64984 0.70419 2 
114.169 -53.717 8.62327 0.67497 2 
116.735 -53.717 0.00000 -0.00000 0 
119.300 -53.717 0.00000 -0.00000 0 
-8.980 -56.283 0.00000 -0.00000 0 
-6.414 -56.283 0.00000 -0.00000 0 
-3.848 -56.283 0.00000 -0.00000 0 
-1.283 -56.283 0.00000 -0.00000 0 
1.283 -56.283 0.00000 -0.00000 0 
3.848 -56.283 0.00000 -0.00000 0 
6.414 -56.283 0.00000 -0.00000 0 
8.980 -56.283 0.00000 -0.00000 0 
11.545 -56.283 0.00000 -0.00000 0 
14.111 -56.283 0.00000 -0.00000 0 
16.676 -56.283 0.00000 -0.00000 0 
19.242 -56.283 0.00000 -0.00000 0 
21.808 -56.283 0.00000 -0.00000 0 
24.373 -56.283 0.00000 -0.00000 0 
26.939 -56.283 0.00000 -0.00000 0 
29.504 -56.283 0.00000 -0.00000 0 
32.070 -56.283 0.00000 -0.00000 0 
34.636 -56.283 0.00000 -0.00000 0 
37.201 -56.283 0.00000 -0.00000 0 
39.767 -56.283 0.00000 -0.00000 0 
42.332 -56.283 0.00000 -0.00000 0 
44.898 -56.283 0.00000 -0.00000 0 
47.464 -56.283 8.79575 -0.01874 1 
50.029 -56.283 8.81637 -0.08566 2 
52.595 -56.283 8.83699 -0.15258 2 
55.160 -56.283 8.85761 -0.21950 2 
57.726 -56.283 8.97582 -0.28254 2 
60.292 -56.283 8.89536 -0.20086 2 
62.857 -56.283 8.81222 -0.08660 2 
65.423 -56.283 8.85806 -0.12804 2 
67.988 -56.283 8.84372 -0.09036 2 
70.554 -56.283 8.89481 -0.13676 2 
73.120 -56.283 8.94466 0.11119 2 
75.685 -56.283 8.87251 0.10976 2 
78.251 -56.283 8.92156 0.05358 2 
80.816 -56.283 8.90782 0.17311 2 
83.382 -56.283 0.00000 -0.00000 0 
85.948 -56.283 0.00000 -0.00000 0 
88.513 -56.283 0.00000 -0.00000 0 
91.079 -56.283 0.00000 -0.00000 0 
93.644 -56.283 0.00000 -0.00000 0 
96.210 -56.283 0.00000 -0.00000 0 
98.776 -56.283 0.00000 -0.00000 0 
101.341 -56.283 0.00000 -0.00000 0 
103.907 -56.283 0.00000 -0.00000 0 
106.472 -56.283 0.00000 -0.00000 0 
109.038 -56.283 0.00000 -0.00000 0 
111.603 -56.283 0.00000 -0.00000 0 
114.169 -56.283 0.00000 -0.00000 0 
116.735 -56.283 0.00000 -0.00000 0 
119.300 -56.283 0.00000 -0.00000 0 
