TITLE = "B00074"
VARIABLES = "X [mm]", "Y [mm]", "Vx [m/s]", "Vy [m/s]", "Flag"
ZONE T="Frame 1", I=51, J=39, F=POINT
-8.980 41.210 7.24324 0.25005 2 
-6.414 41.210 7.18619 0.23527 2 
-3.848 41.210 7.20673 0.51686 2 
-1.283 41.210 7.08198 0.47467 2 
1.283 41.210 7.55327 0.32485 2 
3.848 41.210 0.00000 -0.00000 0 
6.414 41.210 0.00000 -0.00000 0 
8.980 41.210 0.00000 -0.00000 0 
11.545 41.210 0.00000 -0.00000 0 
14.111 41.210 0.00000 -0.00000 0 
16.676 41.210 0.00000 -0.00000 0 
19.242 41.210 4.01137 0.31036 2 
21.808 41.210 8.02274 0.62073 2 
24.373 41.210 7.24428 0.77952 2 
26.939 41.210 7.30347 0.72751 2 
29.504 41.210 7.48461 1.02056 2 
32.070 41.210 7.46592 0.68838 2 
34.636 41.210 7.63172 0.72447 2 
37.201 41.210 7.69207 0.81503 2 
39.767 41.210 7.54740 0.83741 2 
42.332 41.210 7.78168 0.87221 2 
44.898 41.210 7.79424 0.76030 2 
47.464 41.210 7.77282 0.89412 2 
50.029 41.210 7.75140 1.02793 2 
52.595 41.210 8.01303 0.73041 2 
55.160 41.210 7.83792 1.07364 2 
57.726 41.210 8.03085 1.03675 2 
60.292 41.210 8.22379 0.99986 2 
62.857 41.210 8.24085 0.72462 2 
65.423 41.210 8.32710 0.79590 2 
67.988 41.210 8.32240 0.39986 2 
70.554 41.210 8.45653 0.81986 2 
73.120 41.210 8.46279 0.41541 2 
75.685 41.210 8.41315 0.48670 2 
78.251 41.210 8.25165 0.56074 2 
80.816 41.210 0.00000 0.00000 0 
83.382 41.210 8.50943 0.51302 2 
85.948 41.210 8.52819 0.54780 2 
88.513 41.210 8.45913 0.36991 2 
91.079 41.210 8.47428 0.32773 2 
93.644 41.210 8.54749 0.09763 2 
96.210 41.210 8.73442 -0.07924 2 
98.776 41.210 8.48354 0.14000 2 
101.341 41.210 8.57312 -0.09463 2 
103.907 41.210 8.42439 -0.19267 2 
106.472 41.210 8.39860 0.01166 2 
109.038 41.210 8.53080 -0.05708 2 
111.603 41.210 8.58067 -0.12448 2 
114.169 41.210 8.26020 -0.06959 2 
116.735 41.210 8.68460 -0.34393 2 
119.300 41.210 0.00000 -0.00000 0 
-8.980 38.644 7.19325 0.37075 2 
-6.414 38.644 7.19419 0.31606 2 
-3.848 38.644 7.18016 0.42189 2 
-1.283 38.644 7.14766 0.40220 2 
1.283 38.644 7.82261 0.41698 2 
3.848 38.644 0.00000 -0.00000 0 
6.414 38.644 0.00000 -0.00000 0 
8.980 38.644 0.00000 -0.00000 0 
11.545 38.644 0.00000 -0.00000 0 
14.111 38.644 0.00000 -0.00000 0 
16.676 38.644 0.00000 -0.00000 0 
19.242 38.644 3.77266 0.47565 2 
21.808 38.644 7.54533 0.95130 2 
24.373 38.644 7.47103 0.87205 2 
26.939 38.644 7.53177 0.78639 2 
29.504 38.644 7.40799 0.86039 2 
32.070 38.644 7.58207 0.75980 2 
34.636 38.644 7.55633 0.99506 2 
37.201 38.644 7.60668 0.77921 2 
39.767 38.644 7.54039 1.03265 2 
42.332 38.644 7.66873 0.91077 2 
44.898 38.644 7.80271 0.81611 2 
47.464 38.644 7.72560 0.83093 2 
50.029 38.644 8.07161 0.91438 2 
52.595 38.644 7.74443 0.91743 2 
55.160 38.644 8.27148 1.00870 2 
57.726 38.644 7.81354 0.75644 2 
60.292 38.644 8.02212 0.85146 2 
62.857 38.644 8.24170 0.87625 2 
65.423 38.644 8.22238 0.99390 2 
67.988 38.644 8.44154 0.56456 2 
70.554 38.644 8.57441 0.72349 2 
73.120 38.644 8.26989 0.63396 2 
75.685 38.644 8.67371 0.77154 2 
78.251 38.644 8.39734 0.68941 2 
80.816 38.644 0.00000 0.00000 0 
83.382 38.644 8.56513 0.41257 2 
85.948 38.644 8.70126 0.37985 2 
88.513 38.644 8.55267 0.44407 2 
91.079 38.644 8.76062 0.17174 2 
93.644 38.644 8.59221 0.30194 2 
96.210 38.644 8.54608 -0.05656 2 
98.776 38.644 8.60983 -0.11214 2 
101.341 38.644 8.51015 -0.07251 2 
103.907 38.644 8.54537 -0.18404 2 
106.472 38.644 8.32139 -0.37078 2 
109.038 38.644 8.44438 -0.22657 2 
111.603 38.644 8.53694 -0.18765 2 
114.169 38.644 8.32158 -0.33262 2 
116.735 38.644 8.17605 -0.07606 2 
119.300 38.644 0.00000 -0.00000 0 
-8.980 36.079 7.11269 0.26195 2 
-6.414 36.079 7.06759 0.29682 2 
-3.848 36.079 7.01022 0.48791 2 
-1.283 36.079 7.14592 0.37352 2 
1.283 36.079 7.42994 0.54740 2 
3.848 36.079 0.00000 -0.00000 0 
6.414 36.079 0.00000 -0.00000 0 
8.980 36.079 0.00000 -0.00000 0 
11.545 36.079 0.00000 -0.00000 0 
14.111 36.079 0.00000 -0.00000 0 
16.676 36.079 0.00000 -0.00000 0 
19.242 36.079 3.90895 0.38896 2 
21.808 36.079 7.81790 0.77792 2 
24.373 36.079 7.31039 0.79439 2 
26.939 36.079 7.24619 0.95526 2 
29.504 36.079 7.45941 0.78940 2 
32.070 36.079 7.55187 1.10997 2 
34.636 36.079 7.44744 0.92760 2 
37.201 36.079 7.66271 0.91061 2 
39.767 36.079 7.67522 0.86846 2 
42.332 36.079 7.70321 0.90678 2 
44.898 36.079 7.77647 0.82210 2 
47.464 36.079 7.80277 1.00452 2 
50.029 36.079 7.84154 0.86745 2 
52.595 36.079 7.98646 0.91600 2 
55.160 36.079 8.10333 0.82835 2 
57.726 36.079 8.22005 0.93109 2 
60.292 36.079 8.12180 0.86325 2 
62.857 36.079 8.33577 0.86559 2 
65.423 36.079 8.30660 0.94971 2 
67.988 36.079 8.17235 0.71111 2 
70.554 36.079 8.45613 0.88879 2 
73.120 36.079 8.60006 0.63969 2 
75.685 36.079 8.42935 0.47038 2 
78.251 36.079 8.66369 0.74706 2 
80.816 36.079 0.00000 0.00000 0 
83.382 36.079 8.60984 0.55307 2 
85.948 36.079 8.70360 0.45299 2 
88.513 36.079 8.65453 0.35342 2 
91.079 36.079 8.79067 0.18412 2 
93.644 36.079 8.84386 0.09054 2 
96.210 36.079 8.57980 0.02900 2 
98.776 36.079 8.71448 0.02672 2 
101.341 36.079 8.58631 -0.19322 2 
103.907 36.079 8.45653 -0.20201 2 
106.472 36.079 8.56589 -0.17204 2 
109.038 36.079 8.58050 -0.43392 2 
111.603 36.079 8.21641 -0.34400 2 
114.169 36.079 8.42116 -0.28626 2 
116.735 36.079 8.56968 -0.26124 2 
119.300 36.079 0.00000 -0.00000 0 
-8.980 33.513 7.22044 0.22402 2 
-6.414 33.513 7.17476 0.26616 2 
-3.848 33.513 7.13068 0.33161 2 
-1.283 33.513 7.17394 0.42947 2 
1.283 33.513 7.23398 0.37119 2 
3.848 33.513 0.00000 -0.00000 0 
6.414 33.513 0.00000 -0.00000 0 
8.980 33.513 0.00000 -0.00000 0 
11.545 33.513 0.00000 -0.00000 0 
14.111 33.513 0.00000 -0.00000 0 
16.676 33.513 0.00000 -0.00000 0 
19.242 33.513 3.84630 0.41800 2 
21.808 33.513 7.69260 0.83599 2 
24.373 33.513 7.31199 0.69230 2 
26.939 33.513 7.38473 0.81227 2 
29.504 33.513 7.33601 0.88051 2 
32.070 33.513 7.28063 0.94574 2 
34.636 33.513 7.62868 0.97266 2 
37.201 33.513 7.46141 1.10285 2 
39.767 33.513 7.63911 1.11067 2 
42.332 33.513 7.64728 0.99704 2 
44.898 33.513 7.69746 0.91768 2 
47.464 33.513 7.94444 1.05813 2 
50.029 33.513 7.64440 1.11887 2 
52.595 33.513 7.91139 0.84081 2 
55.160 33.513 8.05118 1.11000 2 
57.726 33.513 8.11168 0.93585 2 
60.292 33.513 8.24162 1.00868 2 
62.857 33.513 8.23968 1.03482 2 
65.423 33.513 8.27272 0.85656 2 
67.988 33.513 8.43931 0.81341 2 
70.554 33.513 8.39240 0.87064 2 
73.120 33.513 8.44383 0.71633 2 
75.685 33.513 8.57852 0.86189 2 
78.251 33.513 8.60709 0.66731 2 
80.816 33.513 0.00000 0.00000 0 
83.382 33.513 8.67791 0.48111 2 
85.948 33.513 8.82921 0.37835 2 
88.513 33.513 9.06171 0.34209 2 
91.079 33.513 8.73848 0.26665 2 
93.644 33.513 8.83749 -0.05036 2 
96.210 33.513 8.71037 -0.07914 2 
98.776 33.513 8.68568 0.08593 2 
101.341 33.513 8.57007 -0.28194 2 
103.907 33.513 8.64961 -0.19356 2 
106.472 33.513 8.35450 -0.31640 2 
109.038 33.513 8.43370 -0.31719 2 
111.603 33.513 8.40293 -0.37308 2 
114.169 33.513 8.41400 -0.29895 2 
116.735 33.513 8.20057 -0.56533 2 
119.300 33.513 0.00000 -0.00000 0 
-8.980 30.948 6.99688 0.28668 2 
-6.414 30.948 7.08980 0.32207 2 
-3.848 30.948 6.95906 0.42293 2 
-1.283 30.948 7.04928 0.58248 2 
1.283 30.948 7.46886 0.48143 2 
3.848 30.948 0.00000 -0.00000 0 
6.414 30.948 0.00000 -0.00000 0 
8.980 30.948 0.00000 -0.00000 0 
11.545 30.948 0.00000 -0.00000 0 
14.111 30.948 0.00000 -0.00000 0 
16.676 30.948 0.00000 -0.00000 0 
19.242 30.948 5.69766 0.41787 2 
21.808 30.948 7.27466 0.81851 2 
24.373 30.948 7.30199 1.06295 2 
26.939 30.948 7.25984 1.01570 2 
29.504 30.948 7.43765 1.00769 2 
32.070 30.948 7.34073 0.95645 2 
34.636 30.948 7.61518 1.08868 2 
37.201 30.948 7.55678 0.93867 2 
39.767 30.948 7.85964 1.20212 2 
42.332 30.948 7.64837 1.02700 2 
44.898 30.948 7.83107 1.12297 2 
47.464 30.948 7.79964 1.04616 2 
50.029 30.948 7.74626 1.03055 2 
52.595 30.948 7.95148 1.09370 2 
55.160 30.948 8.00767 0.88352 2 
57.726 30.948 8.05388 0.97829 2 
60.292 30.948 8.24949 0.89110 2 
62.857 30.948 8.21222 0.64370 2 
65.423 30.948 8.48173 1.06702 2 
67.988 30.948 8.50759 0.84920 2 
70.554 30.948 8.43147 0.65509 2 
73.120 30.948 8.55133 0.85897 2 
75.685 30.948 8.62191 0.55830 2 
78.251 30.948 8.70161 0.98368 2 
80.816 30.948 0.00000 0.00000 0 
83.382 30.948 8.69871 0.56422 2 
85.948 30.948 8.69791 0.51011 2 
88.513 30.948 8.81600 0.45510 2 
91.079 30.948 8.95031 -0.02324 2 
93.644 30.948 8.84520 0.22732 2 
96.210 30.948 9.03315 -0.15284 2 
98.776 30.948 8.74097 0.08805 2 
101.341 30.948 8.85678 -0.40296 2 
103.907 30.948 8.65476 -0.36041 2 
106.472 30.948 8.46858 -0.58026 2 
109.038 30.948 8.63796 -0.18734 2 
111.603 30.948 8.40502 -0.38857 2 
114.169 30.948 8.18541 -0.23335 2 
116.735 30.948 8.49631 -0.50791 2 
119.300 30.948 0.00000 -0.00000 0 
-8.980 28.382 7.21825 0.12275 2 
-6.414 28.382 7.05961 0.12889 2 
-3.848 28.382 7.05874 0.36267 2 
-1.283 28.382 6.86161 0.26381 2 
1.283 28.382 7.30941 0.61075 2 
3.848 28.382 3.70637 0.18737 2 
6.414 28.382 0.00000 -0.00000 0 
8.980 28.382 0.00000 -0.00000 0 
11.545 28.382 0.00000 -0.00000 0 
14.111 28.382 0.00000 -0.00000 0 
16.676 28.382 1.94321 0.16405 2 
19.242 28.382 7.54902 0.41774 2 
21.808 28.382 7.17214 0.98308 2 
24.373 28.382 7.08629 0.80231 2 
26.939 28.382 7.35049 1.11410 2 
29.504 28.382 7.25455 0.85366 2 
32.070 28.382 7.39974 1.10546 2 
34.636 28.382 7.67519 0.96547 2 
37.201 28.382 7.45281 1.11497 2 
39.767 28.382 7.43667 1.14407 2 
42.332 28.382 7.56565 1.05077 2 
44.898 28.382 7.81831 1.15579 2 
47.464 28.382 7.79514 1.03336 2 
50.029 28.382 7.96815 1.10846 2 
52.595 28.382 7.96493 1.10683 2 
55.160 28.382 8.18447 1.16536 2 
57.726 28.382 8.06388 1.08091 2 
60.292 28.382 8.24280 1.15081 2 
62.857 28.382 8.22879 0.86847 2 
65.423 28.382 8.33441 0.99220 2 
67.988 28.382 8.33350 1.05476 2 
70.554 28.382 8.57302 0.87497 2 
73.120 28.382 8.58436 0.79922 2 
75.685 28.382 8.61114 0.93230 2 
78.251 28.382 8.55395 0.67019 2 
80.816 28.382 9.02113 0.69883 2 
83.382 28.382 8.91669 0.60483 2 
85.948 28.382 8.81225 0.51083 2 
88.513 28.382 9.16150 0.35204 2 
91.079 28.382 8.67193 0.47108 2 
93.644 28.382 9.17781 0.24992 2 
96.210 28.382 8.90662 -0.11596 2 
98.776 28.382 8.95165 -0.29134 2 
101.341 28.382 8.80078 -0.32195 2 
103.907 28.382 8.65169 -0.47472 2 
106.472 28.382 8.50052 -0.56718 2 
109.038 28.382 8.56542 -0.77751 2 
111.603 28.382 8.10998 -0.59976 2 
114.169 28.382 8.05237 -0.61588 2 
116.735 28.382 8.79205 -0.45049 2 
119.300 28.382 0.00000 -0.00000 0 
-8.980 25.816 7.00729 0.18872 2 
-6.414 25.816 7.05895 0.29309 2 
-3.848 25.816 6.87962 0.21151 2 
-1.283 25.816 7.03248 0.33223 2 
1.283 25.816 6.90611 0.48221 2 
3.848 25.816 7.41274 0.37475 2 
6.414 25.816 0.00000 -0.00000 0 
8.980 25.816 0.00000 -0.00000 0 
11.545 25.816 0.00000 -0.00000 0 
14.111 25.816 0.00000 -0.00000 0 
16.676 25.816 3.88642 0.32811 2 
19.242 25.816 7.77284 0.65621 2 
21.808 25.816 7.06961 1.14766 2 
24.373 25.816 7.20312 1.12721 2 
26.939 25.816 7.21339 1.01460 2 
29.504 25.816 7.38550 1.03128 2 
32.070 25.816 7.18277 1.02751 2 
34.636 25.816 7.39038 0.99079 2 
37.201 25.816 7.52972 1.24345 2 
39.767 25.816 7.65538 1.04912 2 
42.332 25.816 7.82277 1.15567 2 
44.898 25.816 7.73497 1.23714 2 
47.464 25.816 7.90965 1.14705 2 
50.029 25.816 7.87077 1.12751 2 
52.595 25.816 7.95652 1.11253 2 
55.160 25.816 8.11170 1.13165 2 
57.726 25.816 8.13411 1.09655 2 
60.292 25.816 8.29742 1.23556 2 
62.857 25.816 8.30312 1.14427 2 
65.423 25.816 8.46706 1.02174 2 
67.988 25.816 8.51186 0.99447 2 
70.554 25.816 8.62574 0.85319 2 
73.120 25.816 8.36332 0.81148 2 
75.685 25.816 8.88234 0.99270 2 
78.251 25.816 8.99003 0.86296 2 
80.816 25.816 8.73024 0.69287 2 
83.382 25.816 0.00000 0.00000 0 
85.948 25.816 8.87955 0.74400 2 
88.513 25.816 8.82763 0.58382 2 
91.079 25.816 9.56080 0.22034 2 
93.644 25.816 9.11685 0.10765 2 
96.210 25.816 9.01788 -0.20996 2 
98.776 25.816 9.03548 -0.40990 2 
101.341 25.816 9.12699 -0.61085 2 
103.907 25.816 8.79075 -0.70198 2 
106.472 25.816 8.68602 -0.72612 2 
109.038 25.816 8.57086 -0.81287 2 
111.603 25.816 8.32613 -0.73216 2 
114.169 25.816 8.14965 -0.85934 2 
116.735 25.816 8.12365 -0.52615 2 
119.300 25.816 0.00000 -0.00000 0 
-8.980 23.251 7.01875 0.10750 2 
-6.414 23.251 6.96704 0.14539 2 
-3.848 23.251 6.95198 0.25310 2 
-1.283 23.251 6.90534 0.31182 2 
1.283 23.251 6.88461 0.43822 2 
3.848 23.251 7.23286 0.78715 2 
6.414 23.251 0.00000 -0.00000 0 
8.980 23.251 0.00000 -0.00000 0 
11.545 23.251 0.00000 -0.00000 0 
14.111 23.251 0.00000 -0.00000 0 
16.676 23.251 3.99833 0.44734 2 
19.242 23.251 7.99666 0.89468 2 
21.808 23.251 6.90899 0.98389 2 
24.373 23.251 7.15664 0.99357 2 
26.939 23.251 7.15912 1.14908 2 
29.504 23.251 7.23181 1.21578 2 
32.070 23.251 7.52661 1.12709 2 
34.636 23.251 7.44995 1.34170 2 
37.201 23.251 7.46109 1.26176 2 
39.767 23.251 7.76350 1.26230 2 
42.332 23.251 7.61315 1.22586 2 
44.898 23.251 7.93135 1.12811 2 
47.464 23.251 7.75599 1.22976 2 
50.029 23.251 7.81855 1.21608 2 
52.595 23.251 8.10242 0.97102 2 
55.160 23.251 7.98956 1.19567 2 
57.726 23.251 8.24586 1.37482 2 
60.292 23.251 8.41808 1.25174 2 
62.857 23.251 8.53536 0.94840 2 
65.423 23.251 8.45284 1.08443 2 
67.988 23.251 8.74323 1.02331 2 
70.554 23.251 8.86065 1.00080 2 
73.120 23.251 8.67903 0.98766 2 
75.685 23.251 8.91958 0.97300 2 
78.251 23.251 9.07857 0.85400 2 
80.816 23.251 9.09721 1.06651 2 
83.382 23.251 0.00000 0.00000 0 
85.948 23.251 9.55114 0.76774 2 
88.513 23.251 9.58627 0.66807 2 
91.079 23.251 9.26872 0.38504 2 
93.644 23.251 9.61516 0.34947 2 
96.210 23.251 9.45881 -0.22962 2 
98.776 23.251 9.37743 -0.51820 2 
101.341 23.251 9.00818 -0.50427 2 
103.907 23.251 8.86462 -0.90467 2 
106.472 23.251 8.54005 -1.05696 2 
109.038 23.251 8.40371 -1.01792 2 
111.603 23.251 8.07144 -0.86619 2 
114.169 23.251 7.83492 -0.87767 2 
116.735 23.251 7.82096 -0.73861 2 
119.300 23.251 0.00000 -0.00000 0 
-8.980 20.685 6.92269 0.20200 2 
-6.414 20.685 6.98900 0.23548 2 
-3.848 20.685 6.80191 0.21374 2 
-1.283 20.685 6.79391 0.42429 2 
1.283 20.685 6.78752 0.30376 2 
3.848 20.685 6.71989 0.71140 2 
6.414 20.685 0.00000 -0.00000 0 
8.980 20.685 0.00000 -0.00000 0 
11.545 20.685 0.00000 -0.00000 0 
14.111 20.685 0.00000 -0.00000 0 
16.676 20.685 3.63595 0.61359 2 
19.242 20.685 7.27190 1.22718 2 
21.808 20.685 7.00241 1.07848 2 
24.373 20.685 7.00700 1.19144 2 
26.939 20.685 7.11671 1.02449 2 
29.504 20.685 7.29351 1.25044 2 
32.070 20.685 7.42575 1.24165 2 
34.636 20.685 7.38093 1.30829 2 
37.201 20.685 7.45391 1.32108 2 
39.767 20.685 7.42665 1.37941 2 
42.332 20.685 7.72120 1.41075 2 
44.898 20.685 7.79870 1.24574 2 
47.464 20.685 7.78625 1.28907 2 
50.029 20.685 8.06189 1.31225 2 
52.595 20.685 8.35251 1.29857 2 
55.160 20.685 8.25236 1.27935 2 
57.726 20.685 8.41026 1.21156 2 
60.292 20.685 8.22487 1.17299 2 
62.857 20.685 8.37880 1.43028 2 
65.423 20.685 8.95449 1.09492 2 
67.988 20.685 8.55381 1.30615 2 
70.554 20.685 8.18293 1.18372 2 
73.120 20.685 9.26074 1.06150 2 
75.685 20.685 9.39013 1.01105 2 
78.251 20.685 8.27173 1.05614 2 
80.816 20.685 9.44438 1.07607 2 
83.382 20.685 0.00000 0.00000 0 
85.948 20.685 0.00000 0.00000 0 
88.513 20.685 0.00000 0.00000 0 
91.079 20.685 9.65015 0.62751 2 
93.644 20.685 9.80530 0.22964 2 
96.210 20.685 9.69795 -0.34740 2 
98.776 20.685 9.74928 -0.55038 2 
101.341 20.685 9.43873 -1.07586 2 
103.907 20.685 8.88789 -1.18566 2 
106.472 20.685 8.63718 -1.12559 2 
109.038 20.685 8.92716 -1.19035 2 
111.603 20.685 8.45224 -1.43500 2 
114.169 20.685 7.50721 -1.45253 2 
116.735 20.685 7.51828 -0.95107 2 
119.300 20.685 0.00000 -0.00000 0 
-8.980 18.120 7.09856 0.12008 2 
-6.414 18.120 6.75355 0.16495 2 
-3.848 18.120 6.83889 0.13581 2 
-1.283 18.120 6.70313 0.26115 2 
1.283 18.120 6.77003 0.37959 2 
3.848 18.120 6.81689 0.43780 2 
6.414 18.120 0.00000 -0.00000 0 
8.980 18.120 0.00000 -0.00000 0 
11.545 18.120 0.00000 -0.00000 0 
14.111 18.120 0.00000 -0.00000 0 
16.676 18.120 3.69806 0.55261 2 
19.242 18.120 7.39612 1.10522 2 
21.808 18.120 6.94867 1.15066 2 
24.373 18.120 7.04099 1.14510 2 
26.939 18.120 7.13199 1.34587 2 
29.504 18.120 7.23620 1.29824 2 
32.070 18.120 7.18002 1.50161 2 
34.636 18.120 7.43304 1.31154 2 
37.201 18.120 7.51578 1.31282 2 
39.767 18.120 7.46157 1.53016 2 
42.332 18.120 7.64747 1.27786 2 
44.898 18.120 7.77778 1.28440 2 
47.464 18.120 8.02064 1.24505 2 
50.029 18.120 7.96062 1.66132 2 
52.595 18.120 7.81242 1.13867 2 
55.160 18.120 8.43888 1.44583 2 
57.726 18.120 8.33121 1.28196 2 
60.292 18.120 8.37752 1.61768 2 
62.857 18.120 8.71672 1.71534 2 
65.423 18.120 9.54672 1.14738 2 
67.988 18.120 0.00000 -0.00000 0 
70.554 18.120 0.00000 -0.00000 0 
73.120 18.120 0.00000 -0.00000 0 
75.685 18.120 0.00000 -0.00000 0 
78.251 18.120 0.00000 -0.00000 0 
80.816 18.120 0.00000 -0.00000 0 
83.382 18.120 0.00000 -0.00000 0 
85.948 18.120 -0.82524 -0.13131 2 
88.513 18.120 4.18931 -0.04997 2 
91.079 18.120 9.20385 0.03138 2 
93.644 18.120 10.44891 0.51949 2 
96.210 18.120 10.02277 -0.83207 2 
98.776 18.120 9.81652 -1.07950 2 
101.341 18.120 9.71159 -1.39212 2 
103.907 18.120 8.90826 -1.53526 2 
106.472 18.120 8.99056 -0.84611 2 
109.038 18.120 8.74075 -1.59853 2 
111.603 18.120 7.89363 -1.72930 2 
114.169 18.120 7.80374 -2.52270 2 
116.735 18.120 6.84402 -1.48931 2 
119.300 18.120 0.00000 -0.00000 0 
-8.980 15.554 6.97620 -0.03629 2 
-6.414 15.554 6.78933 -0.01808 2 
-3.848 15.554 6.70712 0.16312 2 
-1.283 15.554 6.55077 0.21919 2 
1.283 15.554 6.55097 0.40739 2 
3.848 15.554 6.76897 0.42428 2 
6.414 15.554 0.00000 -0.00000 0 
8.980 15.554 0.00000 -0.00000 0 
11.545 15.554 0.00000 -0.00000 0 
14.111 15.554 0.00000 -0.00000 0 
16.676 15.554 3.53188 0.64228 2 
19.242 15.554 7.06375 1.28457 2 
21.808 15.554 6.69046 1.38505 2 
24.373 15.554 6.84066 1.33048 2 
26.939 15.554 7.22461 1.45538 2 
29.504 15.554 7.16152 1.42963 2 
32.070 15.554 7.10455 1.48480 2 
34.636 15.554 7.34378 1.44139 2 
37.201 15.554 7.47363 1.79697 2 
39.767 15.554 8.03418 1.34026 2 
42.332 15.554 7.75719 1.62295 2 
44.898 15.554 7.93169 1.60845 2 
47.464 15.554 7.81989 1.49942 2 
50.029 15.554 8.00183 1.46718 2 
52.595 15.554 8.03028 1.47340 2 
55.160 15.554 0.00000 -0.00000 0 
57.726 15.554 0.00000 -0.00000 0 
60.292 15.554 0.00000 -0.00000 0 
62.857 15.554 0.00000 -0.00000 0 
65.423 15.554 0.00000 -0.00000 0 
67.988 15.554 0.00000 -0.00000 0 
70.554 15.554 0.00000 -0.00000 0 
73.120 15.554 0.00000 -0.00000 0 
75.685 15.554 0.00000 -0.00000 0 
78.251 15.554 0.00000 -0.00000 0 
80.816 15.554 0.49622 -0.32678 2 
83.382 15.554 0.99245 -0.65355 2 
85.948 15.554 -0.80671 -0.21539 2 
88.513 15.554 -0.10030 0.44687 2 
91.079 15.554 -0.54028 1.38186 2 
93.644 15.554 2.57810 2.18542 2 
96.210 15.554 4.16253 0.88964 2 
98.776 15.554 9.88376 -1.60862 2 
101.341 15.554 8.14595 -0.53387 2 
103.907 15.554 6.40814 0.54088 2 
106.472 15.554 6.28346 -0.07791 2 
109.038 15.554 4.01934 -0.72949 2 
111.603 15.554 7.33503 -2.02360 2 
114.169 15.554 5.88123 -2.16404 2 
116.735 15.554 4.42743 -2.30447 2 
119.300 15.554 0.19565 -2.92591 1 
-8.980 12.988 6.86520 -0.09614 2 
-6.414 12.988 6.65947 -0.00316 2 
-3.848 12.988 6.51870 0.12049 2 
-1.283 12.988 6.57819 0.09367 2 
1.283 12.988 6.43123 0.30972 2 
3.848 12.988 6.62989 0.43114 2 
6.414 12.988 0.00000 -0.00000 0 
8.980 12.988 0.00000 -0.00000 0 
11.545 12.988 0.00000 -0.00000 0 
14.111 12.988 0.00000 -0.00000 0 
16.676 12.988 3.61954 0.72087 2 
19.242 12.988 7.23907 1.44175 2 
21.808 12.988 6.76728 1.45274 2 
24.373 12.988 6.93243 1.70830 2 
26.939 12.988 6.93359 1.49084 2 
29.504 12.988 7.12298 1.79055 2 
32.070 12.988 7.55747 1.63004 2 
34.636 12.988 7.46078 1.81062 2 
37.201 12.988 7.90603 1.74659 2 
39.767 12.988 4.01709 0.67013 2 
42.332 12.988 0.00000 -0.00000 0 
44.898 12.988 0.00000 -0.00000 0 
47.464 12.988 0.00000 -0.00000 0 
50.029 12.988 0.00000 -0.00000 0 
52.595 12.988 0.00000 -0.00000 0 
55.160 12.988 0.00000 -0.00000 0 
57.726 12.988 0.00000 -0.00000 0 
60.292 12.988 0.00000 -0.00000 0 
62.857 12.988 0.00000 -0.00000 0 
65.423 12.988 0.00000 -0.00000 0 
67.988 12.988 0.00000 -0.00000 0 
70.554 12.988 0.00000 -0.00000 0 
73.120 12.988 0.00000 -0.00000 0 
75.685 12.988 0.73560 0.04518 2 
78.251 12.988 -2.29445 -0.48796 2 
80.816 12.988 -2.50649 -0.46227 2 
83.382 12.988 -3.45840 -0.18771 2 
85.948 12.988 -2.07727 0.05581 2 
88.513 12.988 -3.17952 2.06377 2 
91.079 12.988 -3.65002 2.68898 2 
93.644 12.988 -2.46941 2.76127 2 
96.210 12.988 -1.69770 2.61134 2 
98.776 12.988 -3.89066 2.19183 2 
101.341 12.988 -0.65905 -0.35411 2 
103.907 12.988 -0.35722 0.81176 2 
106.472 12.988 -1.46196 -0.02474 2 
109.038 12.988 -0.70207 0.13954 2 
111.603 12.988 2.27628 -0.52821 2 
114.169 12.988 1.69806 -1.94083 2 
116.735 12.988 1.28358 -1.17071 2 
119.300 12.988 0.55926 0.50741 2 
-8.980 10.423 6.71360 -0.16666 2 
-6.414 10.423 6.72819 -0.20943 2 
-3.848 10.423 6.42793 0.05805 2 
-1.283 10.423 6.37554 -0.03570 2 
1.283 10.423 6.29340 0.16821 2 
3.848 10.423 6.38200 0.21823 2 
6.414 10.423 3.19100 0.10911 2 
8.980 10.423 0.00000 -0.00000 0 
11.545 10.423 0.00000 -0.00000 0 
14.111 10.423 0.00000 -0.00000 0 
16.676 10.423 2.41302 0.48058 2 
19.242 10.423 4.82605 0.96116 2 
21.808 10.423 6.76457 1.55979 2 
24.373 10.423 7.08302 1.69525 2 
26.939 10.423 7.13014 1.77099 2 
29.504 10.423 8.18315 1.74749 2 
32.070 10.423 0.00000 -0.00000 0 
34.636 10.423 0.00000 -0.00000 0 
37.201 10.423 0.00000 -0.00000 0 
39.767 10.423 0.00000 -0.00000 0 
42.332 10.423 0.00000 -0.00000 0 
44.898 10.423 0.00000 -0.00000 0 
47.464 10.423 0.00000 -0.00000 0 
50.029 10.423 0.00000 -0.00000 0 
52.595 10.423 0.00000 -0.00000 0 
55.160 10.423 0.00000 -0.00000 0 
57.726 10.423 0.00000 -0.00000 0 
60.292 10.423 0.00000 -0.00000 0 
62.857 10.423 0.00000 -0.00000 0 
65.423 10.423 0.00000 -0.00000 0 
67.988 10.423 -1.18448 -0.48104 2 
70.554 10.423 -1.24953 -0.53910 2 
73.120 10.423 -2.81085 -1.32856 2 
75.685 10.423 -4.10493 -1.27681 2 
78.251 10.423 -4.58889 -0.97592 2 
80.816 10.423 -4.16975 -0.26079 2 
83.382 10.423 -3.75060 0.45434 2 
85.948 10.423 -2.62928 0.21007 2 
88.513 10.423 -3.40095 1.74864 2 
91.079 10.423 -3.81827 2.43851 2 
93.644 10.423 -2.72072 3.09496 2 
96.210 10.423 -3.33594 2.99323 2 
98.776 10.423 -2.81312 0.89163 2 
101.341 10.423 -1.14514 0.59486 2 
103.907 10.423 -1.67376 1.97791 2 
106.472 10.423 -2.76222 -0.27595 2 
109.038 10.423 -1.72736 1.09057 2 
111.603 10.423 -2.78247 0.96718 2 
114.169 10.423 0.56411 -1.39619 2 
116.735 10.423 0.66167 -2.44799 2 
119.300 10.423 0.55423 1.74739 2 
-8.980 7.857 6.58786 -0.35063 2 
-6.414 7.857 6.51990 -0.29665 2 
-3.848 7.857 6.37160 -0.17073 2 
-1.283 7.857 6.26856 -0.02231 2 
1.283 7.857 6.12887 0.00273 2 
3.848 7.857 6.30276 0.21320 2 
6.414 7.857 3.15138 0.10660 2 
8.980 7.857 0.00000 -0.00000 0 
11.545 7.857 0.00000 -0.00000 0 
14.111 7.857 0.00000 -0.00000 2 
16.676 7.857 1.60868 0.32039 2 
19.242 7.857 2.41302 0.48058 2 
21.808 7.857 0.00000 -0.00000 0 
24.373 7.857 0.00000 -0.00000 0 
26.939 7.857 0.00000 -0.00000 0 
29.504 7.857 0.00000 -0.00000 0 
32.070 7.857 0.00000 -0.00000 0 
34.636 7.857 0.00000 -0.00000 0 
37.201 7.857 0.00000 -0.00000 0 
39.767 7.857 0.00000 -0.00000 0 
42.332 7.857 0.00000 -0.00000 0 
44.898 7.857 0.00000 -0.00000 0 
47.464 7.857 0.00000 -0.00000 0 
50.029 7.857 0.00000 -0.00000 0 
52.595 7.857 0.00000 -0.00000 0 
55.160 7.857 0.00000 -0.00000 0 
57.726 7.857 0.00000 -0.00000 0 
60.292 7.857 -0.02219 0.18081 2 
62.857 7.857 0.34815 0.05482 2 
65.423 7.857 -0.45690 -0.15080 2 
67.988 7.857 -2.36897 -0.96207 2 
70.554 7.857 -3.12047 -1.44251 2 
73.120 7.857 -3.59244 -1.69108 2 
75.685 7.857 -4.11836 -1.06602 2 
78.251 7.857 -3.87998 -0.00181 2 
80.816 7.857 -3.88358 -0.76744 2 
83.382 7.857 -3.96996 -0.45304 2 
85.948 7.857 -3.18130 0.36433 2 
88.513 7.857 -3.62237 1.43351 2 
91.079 7.857 -3.21640 1.57143 2 
93.644 7.857 -3.42180 1.64394 2 
96.210 7.857 -4.10968 1.69760 2 
98.776 7.857 -1.99249 2.04721 2 
101.341 7.857 -1.63122 1.54383 2 
103.907 7.857 -2.14340 1.56353 2 
106.472 7.857 -2.65053 0.08551 2 
109.038 7.857 -1.68847 0.65316 2 
111.603 7.857 -2.91108 0.11284 2 
114.169 7.857 -1.32537 -0.17741 2 
116.735 7.857 0.67861 -0.28921 2 
119.300 7.857 0.29083 2.77994 2 
-8.980 5.292 6.57178 -0.40932 2 
-6.414 5.292 6.68426 -0.38551 2 
-3.848 5.292 6.41258 -0.43850 2 
-1.283 5.292 6.19439 -0.28001 2 
1.283 5.292 6.28570 -0.30923 2 
3.848 5.292 6.40428 0.08347 2 
6.414 5.292 1.57569 0.05330 2 
8.980 5.292 0.00000 -0.00000 0 
11.545 5.292 0.00000 -0.00000 0 
14.111 5.292 0.00000 -0.00000 0 
16.676 5.292 0.00000 -0.00000 0 
19.242 5.292 0.00000 -0.00000 0 
21.808 5.292 0.00000 -0.00000 0 
24.373 5.292 0.00000 -0.00000 0 
26.939 5.292 0.00000 -0.00000 0 
29.504 5.292 0.00000 -0.00000 0 
32.070 5.292 0.00000 -0.00000 0 
34.636 5.292 0.00000 -0.00000 0 
37.201 5.292 0.00000 -0.00000 0 
39.767 5.292 0.00000 -0.00000 0 
42.332 5.292 0.00000 -0.00000 0 
44.898 5.292 0.00000 -0.00000 0 
47.464 5.292 0.00000 -0.00000 0 
50.029 5.292 0.00000 -0.00000 0 
52.595 5.292 -0.10005 -0.06598 2 
55.160 5.292 -0.19365 -0.09682 2 
57.726 5.292 -0.52587 -0.04658 2 
60.292 5.292 -0.31555 -0.33085 2 
62.857 5.292 -0.53723 -0.42843 2 
65.423 5.292 -2.17364 -1.13511 2 
67.988 5.292 -2.50274 -0.90708 2 
70.554 5.292 -2.41917 -1.40871 2 
73.120 5.292 -2.96737 -1.32032 2 
75.685 5.292 -3.39918 -1.15954 2 
78.251 5.292 -4.33196 -0.30241 2 
80.816 5.292 -4.08302 -0.54406 2 
83.382 5.292 -4.08797 0.17731 2 
85.948 5.292 -3.61049 0.12356 2 
88.513 5.292 -3.83356 0.23786 2 
91.079 5.292 -4.10256 0.80887 2 
93.644 5.292 -4.12289 0.19292 2 
96.210 5.292 -2.37983 0.02314 2 
98.776 5.292 -2.63304 1.60358 2 
101.341 5.292 -1.95293 1.24489 2 
103.907 5.292 -2.61305 1.14914 2 
106.472 5.292 -2.53884 0.44697 2 
109.038 5.292 -1.64957 0.21576 2 
111.603 5.292 -1.39448 -0.86702 2 
114.169 5.292 -1.04766 0.33794 2 
116.735 5.292 -0.15946 2.52361 2 
119.300 5.292 0.01304 3.21986 2 
-8.980 2.726 6.58343 -0.55346 2 
-6.414 2.726 6.40714 -0.65504 2 
-3.848 2.726 6.40348 -0.58371 2 
-1.283 2.726 6.26418 -0.49700 2 
1.283 2.726 6.44252 -0.62120 2 
3.848 2.726 5.52712 -0.20202 2 
6.414 2.726 0.00000 -0.00000 0 
8.980 2.726 0.00000 -0.00000 0 
11.545 2.726 0.00000 -0.00000 0 
14.111 2.726 0.00000 -0.00000 0 
16.676 2.726 0.00000 -0.00000 0 
19.242 2.726 0.00000 -0.00000 0 
21.808 2.726 0.00000 -0.00000 0 
24.373 2.726 0.00000 -0.00000 0 
26.939 2.726 0.00000 -0.00000 0 
29.504 2.726 0.00000 -0.00000 0 
32.070 2.726 0.00000 -0.00000 0 
34.636 2.726 0.00000 -0.00000 0 
37.201 2.726 0.00000 -0.00000 0 
39.767 2.726 0.00000 -0.00000 0 
42.332 2.726 0.00000 -0.00000 0 
44.898 2.726 0.00000 -0.00000 0 
47.464 2.726 -0.47906 -0.18056 2 
50.029 2.726 -0.35220 -0.07421 2 
52.595 2.726 -0.20010 -0.13196 2 
55.160 2.726 -0.26730 -0.05460 2 
57.726 2.726 -0.80917 -0.32923 2 
60.292 2.726 -0.64410 -0.65131 2 
62.857 2.726 -1.42260 -0.91168 2 
65.423 2.726 -2.10364 -0.58159 2 
67.988 2.726 -1.64972 -0.55223 2 
70.554 2.726 -1.80037 -0.37112 2 
73.120 2.726 -2.32994 -1.92452 2 
75.685 2.726 -2.89165 -1.89940 2 
78.251 2.726 -2.19764 0.23187 2 
80.816 2.726 -2.80726 0.43173 2 
83.382 2.726 -3.19336 0.48121 2 
85.948 2.726 -3.74517 0.81450 2 
88.513 2.726 -3.66552 0.76804 2 
91.079 2.726 -3.39501 1.14464 2 
93.644 2.726 -3.99843 -0.50526 2 
96.210 2.726 -3.38937 0.14350 2 
98.776 2.726 -3.27359 1.15996 2 
101.341 2.726 -2.72917 0.67429 2 
103.907 2.726 -2.18474 0.18863 2 
106.472 2.726 -2.44153 0.01313 2 
109.038 2.726 -2.11441 0.49630 2 
111.603 2.726 -0.53110 -0.27954 2 
114.169 2.726 0.04339 1.55875 2 
116.735 2.726 0.14036 2.19949 2 
119.300 2.726 0.23733 2.84023 2 
-8.980 0.160 6.74246 -0.60503 2 
-6.414 0.160 6.58032 -0.66369 2 
-3.848 0.160 6.35060 -0.83485 2 
-1.283 0.160 6.33396 -0.71398 2 
1.283 0.160 6.34251 -0.80648 2 
3.848 0.160 0.00000 -0.00000 0 
6.414 0.160 0.00000 -0.00000 0 
8.980 0.160 0.00000 -0.00000 0 
11.545 0.160 0.00000 -0.00000 0 
14.111 0.160 0.00000 -0.00000 0 
16.676 0.160 0.00000 -0.00000 0 
19.242 0.160 0.00000 -0.00000 0 
21.808 0.160 0.00000 -0.00000 0 
24.373 0.160 0.00000 -0.00000 0 
26.939 0.160 0.00000 -0.00000 0 
29.504 0.160 0.00000 -0.00000 0 
32.070 0.160 0.00000 -0.00000 0 
34.636 0.160 0.00000 -0.00000 0 
37.201 0.160 0.00000 -0.00000 0 
39.767 0.160 -0.90903 -0.13039 2 
42.332 0.160 -0.56249 -0.10150 2 
44.898 0.160 -1.29333 -0.33642 2 
47.464 0.160 -0.95812 -0.36113 2 
50.029 0.160 -0.78948 -0.52983 2 
52.595 0.160 -0.86665 -0.40481 2 
55.160 0.160 -0.93883 -0.30362 2 
57.726 0.160 -1.09248 -0.61188 2 
60.292 0.160 -0.97266 -0.97176 2 
62.857 0.160 -0.80940 -0.65959 2 
65.423 0.160 -1.23136 -0.64508 2 
67.988 0.160 -1.38185 -0.18474 2 
70.554 0.160 -1.51492 -1.32584 2 
73.120 0.160 -2.15108 -2.28859 2 
75.685 0.160 -1.18393 -1.11924 2 
78.251 0.160 -1.73415 -0.11135 2 
80.816 0.160 -2.72301 -0.13543 2 
83.382 0.160 -2.79364 0.82843 2 
85.948 0.160 -2.45508 1.05736 2 
88.513 0.160 -1.95244 0.80634 2 
91.079 0.160 -3.14052 0.23993 2 
93.644 0.160 -3.32035 -0.58902 2 
96.210 0.160 -2.73104 -0.62225 2 
98.776 0.160 -3.38068 -0.16062 2 
101.341 0.160 -2.78639 0.00116 2 
103.907 0.160 -2.19209 0.16295 2 
106.472 0.160 -2.42876 0.74865 2 
109.038 0.160 -1.81457 0.79172 2 
111.603 0.160 0.19870 1.17459 2 
114.169 0.160 -0.44250 2.67386 2 
116.735 0.160 -0.08375 2.79408 2 
119.300 0.160 0.27501 2.91430 2 
-8.980 -2.405 6.66254 -0.72303 2 
-6.414 -2.405 6.60994 -0.86002 2 
-3.848 -2.405 6.40801 -0.79714 2 
-1.283 -2.405 6.35897 -1.05591 2 
1.283 -2.405 0.00000 -0.00000 0 
3.848 -2.405 0.00000 -0.00000 0 
6.414 -2.405 0.00000 -0.00000 0 
8.980 -2.405 0.00000 -0.00000 0 
11.545 -2.405 0.00000 -0.00000 0 
14.111 -2.405 0.00000 -0.00000 0 
16.676 -2.405 0.00000 -0.00000 0 
19.242 -2.405 0.00000 -0.00000 0 
21.808 -2.405 0.00000 -0.00000 0 
24.373 -2.405 0.00000 -0.00000 0 
26.939 -2.405 0.00000 -0.00000 0 
29.504 -2.405 0.00000 -0.00000 0 
32.070 -2.405 -0.98358 -0.16648 2 
34.636 -2.405 -0.76038 -0.30238 2 
37.201 -2.405 -1.10555 -0.16903 2 
39.767 -2.405 -0.88988 -0.37361 2 
42.332 -2.405 -1.63411 -0.78592 2 
44.898 -2.405 -1.85273 -0.92505 2 
47.464 -2.405 -1.72582 -1.11960 2 
50.029 -2.405 -1.97082 -0.68441 2 
52.595 -2.405 -1.79059 -0.61853 2 
55.160 -2.405 -1.61037 -0.55264 2 
57.726 -2.405 -0.90927 -0.47428 2 
60.292 -2.405 -0.53062 -0.47917 2 
62.857 -2.405 -0.49538 -0.55039 2 
65.423 -2.405 -0.52226 -0.54270 2 
67.988 -2.405 -0.95705 0.05536 2 
70.554 -2.405 -0.39213 -1.04410 2 
73.120 -2.405 -1.32475 -1.98838 2 
75.685 -2.405 -1.03601 -1.31426 2 
78.251 -2.405 -1.63261 -0.08052 2 
80.816 -2.405 -1.12636 0.68762 2 
83.382 -2.405 -1.09151 0.81861 2 
85.948 -2.405 -2.16779 0.26098 2 
88.513 -2.405 -3.18538 0.10000 2 
91.079 -2.405 -2.56902 -0.80063 2 
93.644 -2.405 -1.95428 -0.14602 2 
96.210 -2.405 -1.37385 0.01199 2 
98.776 -2.405 -2.20075 -0.74483 2 
101.341 -2.405 -2.44108 0.14028 2 
103.907 -2.405 -2.19944 0.13727 2 
106.472 -2.405 -2.41599 1.48417 2 
109.038 -2.405 -1.51473 1.08713 2 
111.603 -2.405 0.92849 2.62873 2 
114.169 -2.405 0.67027 2.45457 2 
116.735 -2.405 0.93565 2.88728 2 
119.300 -2.405 0.23190 2.61724 2 
-8.980 -4.971 6.81841 -0.79480 2 
-6.414 -4.971 6.62526 -0.86371 2 
-3.848 -4.971 6.60028 -1.05370 2 
-1.283 -4.971 6.42121 -1.20423 2 
1.283 -4.971 0.00000 -0.00000 0 
3.848 -4.971 0.00000 -0.00000 0 
6.414 -4.971 0.00000 -0.00000 0 
8.980 -4.971 0.00000 -0.00000 0 
11.545 -4.971 0.00000 -0.00000 0 
14.111 -4.971 0.00000 -0.00000 0 
16.676 -4.971 0.00000 -0.00000 0 
19.242 -4.971 0.00000 -0.00000 0 
21.808 -4.971 0.00000 -0.00000 0 
24.373 -4.971 -1.32451 -0.21189 2 
26.939 -4.971 -1.45641 -0.27320 2 
29.504 -4.971 -1.72021 -0.39581 2 
32.070 -4.971 -1.54815 -0.45248 2 
34.636 -4.971 -1.79027 -0.43805 2 
37.201 -4.971 -2.00147 -0.48833 2 
39.767 -4.971 -1.81783 -0.65754 2 
42.332 -4.971 -2.05326 -0.80846 2 
44.898 -4.971 -2.11066 -1.16889 2 
47.464 -4.971 -1.99529 -1.42799 2 
50.029 -4.971 -1.41591 -0.27845 2 
52.595 -4.971 -0.83653 0.87109 2 
55.160 -4.971 -0.67694 0.95381 2 
57.726 -4.971 -1.19979 -0.02676 2 
60.292 -4.971 -0.24765 0.13744 2 
62.857 -4.971 -0.42369 -0.73992 2 
65.423 -4.971 -0.46232 -0.56860 2 
67.988 -4.971 -0.90777 -0.58875 2 
70.554 -4.971 -0.59589 -0.85860 2 
73.120 -4.971 -0.49842 -1.68816 2 
75.685 -4.971 -0.91877 -1.87058 2 
78.251 -4.971 -1.33912 -2.05301 2 
80.816 -4.971 -0.74437 -0.99943 2 
83.382 -4.971 -0.28195 0.16302 2 
85.948 -4.971 -0.40352 -0.55925 2 
88.513 -4.971 -0.39184 -0.14326 2 
91.079 -4.971 -1.77763 -0.63795 2 
93.644 -4.971 -1.35537 -0.51733 2 
96.210 -4.971 -0.45766 -0.85505 2 
98.776 -4.971 -1.30614 0.17885 2 
101.341 -4.971 -0.44726 0.92080 2 
103.907 -4.971 -0.74783 0.88696 2 
106.472 -4.971 0.01134 0.71499 2 
109.038 -4.971 -0.29017 2.94632 2 
111.603 -4.971 -0.06344 2.80233 2 
114.169 -4.971 1.53311 2.45610 2 
116.735 -4.971 1.75428 2.97544 2 
119.300 -4.971 0.00000 -0.00000 0 
-8.980 -7.536 7.03943 -0.93900 2 
-6.414 -7.536 6.80941 -1.01551 2 
-3.848 -7.536 6.70224 -1.11326 2 
-1.283 -7.536 6.62472 -1.24709 2 
1.283 -7.536 5.85973 -1.14700 2 
3.848 -7.536 0.00000 -0.00000 0 
6.414 -7.536 5.09365 -1.96839 2 
8.980 -7.536 5.56289 -3.13976 2 
11.545 -7.536 2.20831 -1.70017 2 
14.111 -7.536 -0.69072 -0.24861 2 
16.676 -7.536 5.18851 -1.63824 2 
19.242 -7.536 -0.76265 -0.38904 2 
21.808 -7.536 -2.22886 -0.18140 2 
24.373 -7.536 -2.64902 -0.42379 2 
26.939 -7.536 -2.73176 -0.48081 2 
29.504 -7.536 -2.81449 -0.53783 2 
32.070 -7.536 -2.28504 -0.25022 2 
34.636 -7.536 -2.82017 -0.57372 2 
37.201 -7.536 -2.06954 -0.29783 2 
39.767 -7.536 -1.62927 -0.63266 2 
42.332 -7.536 -1.91398 -1.12505 2 
44.898 -7.536 -2.20700 -0.72106 2 
47.464 -7.536 -1.67814 -1.46470 2 
50.029 -7.536 -0.56770 0.26335 2 
52.595 -7.536 0.62487 1.48720 2 
55.160 -7.536 0.59037 1.48019 2 
57.726 -7.536 0.22845 1.33229 2 
60.292 -7.536 -0.71881 0.89000 2 
62.857 -7.536 -0.99970 -0.09586 2 
65.423 -7.536 -0.75569 -0.10065 2 
67.988 -7.536 -0.90603 -1.00234 2 
70.554 -7.536 -0.38592 -1.73164 2 
73.120 -7.536 -0.79391 -1.63467 2 
75.685 -7.536 -0.47404 -1.55385 2 
78.251 -7.536 -0.36219 -1.77388 2 
80.816 -7.536 -0.47354 -1.70078 2 
83.382 -7.536 0.32389 -0.94162 2 
85.948 -7.536 -0.46133 -0.69005 2 
88.513 -7.536 -0.78363 -1.00201 2 
91.079 -7.536 0.23689 -0.72300 2 
93.644 -7.536 -0.75647 -0.88864 2 
96.210 -7.536 0.81189 -0.58146 2 
98.776 -7.536 1.49625 0.17472 2 
101.341 -7.536 1.47619 0.46383 2 
103.907 -7.536 1.27364 0.85643 2 
106.472 -7.536 1.25909 1.29998 2 
109.038 -7.536 2.01797 1.19781 2 
111.603 -7.536 2.58569 1.91431 2 
114.169 -7.536 1.17651 2.37941 2 
116.735 -7.536 3.42417 2.65355 2 
119.300 -7.536 0.00000 -0.00000 0 
-8.980 -10.102 7.00706 -0.89214 2 
-6.414 -10.102 7.01581 -1.12391 2 
-3.848 -10.102 6.93609 -1.16176 2 
-1.283 -10.102 6.86213 -1.50018 2 
1.283 -10.102 6.87790 -1.81879 2 
3.848 -10.102 7.05264 -2.39741 2 
6.414 -10.102 7.07529 -2.76799 2 
8.980 -10.102 6.57306 -2.88629 2 
11.545 -10.102 5.20626 -2.23074 2 
14.111 -10.102 8.75461 -3.27273 2 
16.676 -10.102 10.37701 -3.27649 2 
19.242 -10.102 2.48846 -0.75028 2 
21.808 -10.102 0.01444 -0.10604 2 
24.373 -10.102 2.62155 -0.75864 2 
26.939 -10.102 2.05714 -0.06083 2 
29.504 -10.102 0.76217 -0.41483 2 
32.070 -10.102 -0.53280 -0.76882 2 
34.636 -10.102 -0.00414 -0.47001 2 
37.201 -10.102 2.24579 -0.47933 2 
39.767 -10.102 0.81976 -0.51818 2 
42.332 -10.102 1.62008 -1.16902 2 
44.898 -10.102 3.08096 -0.72449 2 
47.464 -10.102 2.73573 -0.97853 2 
50.029 -10.102 3.32358 -0.52397 2 
52.595 -10.102 2.08627 2.10331 2 
55.160 -10.102 1.85768 2.00657 2 
57.726 -10.102 1.87170 0.40746 2 
60.292 -10.102 1.38155 0.98305 2 
62.857 -10.102 2.03390 1.03677 2 
65.423 -10.102 1.58943 1.01815 2 
67.988 -10.102 0.91112 -0.06574 2 
70.554 -10.102 0.47912 -1.35322 2 
73.120 -10.102 0.48458 -1.73580 2 
75.685 -10.102 0.71091 -0.97386 2 
78.251 -10.102 0.61474 -1.49475 2 
80.816 -10.102 0.62791 -1.46709 2 
83.382 -10.102 -0.09464 -0.20297 2 
85.948 -10.102 0.03585 -1.69598 2 
88.513 -10.102 -0.32234 -1.24974 2 
91.079 -10.102 0.81858 -0.49636 2 
93.644 -10.102 2.39437 -0.39881 2 
96.210 -10.102 2.08143 -0.30788 2 
98.776 -10.102 1.44583 -0.04763 2 
101.341 -10.102 2.18939 -0.66501 2 
103.907 -10.102 1.48871 -0.52550 2 
106.472 -10.102 3.01834 -0.29206 2 
109.038 -10.102 2.66360 1.47545 2 
111.603 -10.102 2.81511 2.63223 2 
114.169 -10.102 5.48149 1.95228 2 
116.735 -10.102 4.30013 2.58607 2 
119.300 -10.102 0.00000 -0.00000 0 
-8.980 -12.668 7.23228 -1.06981 2 
-6.414 -12.668 7.00847 -1.09885 2 
-3.848 -12.668 7.07629 -1.34350 2 
-1.283 -12.668 7.12308 -1.56587 2 
1.283 -12.668 6.99395 -1.89069 2 
3.848 -12.668 7.18512 -2.11933 2 
6.414 -12.668 7.34562 -2.40039 2 
8.980 -12.668 7.58323 -2.63281 2 
11.545 -12.668 8.20421 -2.76131 2 
14.111 -12.668 8.66451 -2.74844 2 
16.676 -12.668 8.94958 -2.65059 2 
19.242 -12.668 9.34881 -2.43854 2 
21.808 -12.668 9.88500 -2.27371 2 
24.373 -12.668 7.24448 -2.79935 2 
26.939 -12.668 6.82253 -1.74906 2 
29.504 -12.668 4.06572 -1.01052 2 
32.070 -12.668 1.30891 -0.27199 2 
34.636 -12.668 3.70902 -0.24141 2 
37.201 -12.668 6.56112 -0.66084 2 
39.767 -12.668 3.26880 -0.40370 2 
42.332 -12.668 4.84968 -0.29671 2 
44.898 -12.668 5.99964 -0.39454 2 
47.464 -12.668 7.14960 -0.49237 2 
50.029 -12.668 5.20701 0.69420 2 
52.595 -12.668 5.21980 1.11688 2 
55.160 -12.668 3.45887 1.55288 2 
57.726 -12.668 4.55352 1.34672 2 
60.292 -12.668 4.59525 0.81958 2 
62.857 -12.668 4.55056 1.17837 2 
65.423 -12.668 3.79882 -0.13930 2 
67.988 -12.668 2.69518 0.35595 2 
70.554 -12.668 1.87638 -0.99480 2 
73.120 -12.668 2.34493 -0.61390 2 
75.685 -12.668 2.32576 -0.89881 2 
78.251 -12.668 1.48770 -0.76933 2 
80.816 -12.668 1.72936 -1.23340 2 
83.382 -12.668 1.69521 -1.61348 2 
85.948 -12.668 0.82308 -1.83111 2 
88.513 -12.668 0.52362 -0.89951 2 
91.079 -12.668 1.76718 0.42624 2 
93.644 -12.668 2.39997 -0.13095 2 
96.210 -12.668 0.59013 -0.40939 2 
98.776 -12.668 1.24376 -0.29545 2 
101.341 -12.668 0.73439 -0.51537 2 
103.907 -12.668 1.58878 -0.34452 2 
106.472 -12.668 2.75402 2.49162 2 
109.038 -12.668 4.84664 2.28189 2 
111.603 -12.668 5.16571 2.57625 2 
114.169 -12.668 5.65417 2.25366 2 
116.735 -12.668 4.49057 1.26721 2 
119.300 -12.668 0.00000 -0.00000 0 
-8.980 -15.233 7.29748 -1.04282 2 
-6.414 -15.233 7.20678 -1.05731 2 
-3.848 -15.233 7.26876 -1.40951 2 
-1.283 -15.233 7.20387 -1.54120 2 
1.283 -15.233 7.25301 -1.71511 2 
3.848 -15.233 7.32573 -2.08316 2 
6.414 -15.233 7.52415 -2.21290 2 
8.980 -15.233 7.78307 -2.37785 2 
11.545 -15.233 8.24885 -2.51708 2 
14.111 -15.233 8.44245 -2.36017 2 
16.676 -15.233 8.80863 -2.42133 2 
19.242 -15.233 9.04721 -2.30863 2 
21.808 -15.233 9.09042 -2.03177 2 
24.373 -15.233 9.28712 -2.16859 2 
26.939 -15.233 9.79145 -1.83789 2 
29.504 -15.233 9.61892 -1.38311 2 
32.070 -15.233 10.13408 -1.48285 2 
34.636 -15.233 10.14252 -0.73391 2 
37.201 -15.233 9.75422 -0.48425 2 
39.767 -15.233 8.25673 -0.39069 2 
42.332 -15.233 6.98268 -0.61274 2 
44.898 -15.233 7.27761 -0.48903 2 
47.464 -15.233 7.57254 -0.36532 2 
50.029 -15.233 8.06116 0.66463 2 
52.595 -15.233 7.03103 -0.36905 2 
55.160 -15.233 3.72750 -0.24828 2 
57.726 -15.233 4.27650 1.34608 2 
60.292 -15.233 5.67186 1.33302 2 
62.857 -15.233 7.06721 1.31997 2 
65.423 -15.233 6.51575 0.20719 2 
67.988 -15.233 4.68431 -1.11375 2 
70.554 -15.233 3.10798 -0.57438 2 
73.120 -15.233 3.27515 -0.34491 2 
75.685 -15.233 2.79870 -0.72425 2 
78.251 -15.233 2.34360 -1.28224 2 
80.816 -15.233 2.42560 -0.93594 2 
83.382 -15.233 2.01795 -1.45109 2 
85.948 -15.233 1.61030 -1.96623 2 
88.513 -15.233 1.77981 0.05828 2 
91.079 -15.233 2.58741 1.35746 2 
93.644 -15.233 2.40557 0.13691 2 
96.210 -15.233 2.29649 -0.62186 2 
98.776 -15.233 1.04169 -0.54328 2 
101.341 -15.233 3.48540 0.08009 2 
103.907 -15.233 4.42837 -0.18928 2 
106.472 -15.233 5.51028 0.88009 2 
109.038 -15.233 6.62230 1.29545 2 
111.603 -15.233 5.53773 2.21351 2 
114.169 -15.233 4.69237 1.46009 2 
116.735 -15.233 5.46562 0.76146 2 
119.300 -15.233 0.00000 -0.00000 0 
-8.980 -17.799 7.36268 -1.01583 2 
-6.414 -17.799 7.31827 -1.19560 2 
-3.848 -17.799 7.33415 -1.45793 2 
-1.283 -17.799 7.32259 -1.46197 2 
1.283 -17.799 7.35483 -1.65336 2 
3.848 -17.799 7.64959 -1.72321 2 
6.414 -17.799 7.70458 -1.89985 2 
8.980 -17.799 8.06382 -2.16740 2 
11.545 -17.799 8.09177 -2.21509 2 
14.111 -17.799 8.53660 -2.19622 2 
16.676 -17.799 8.74514 -2.16297 2 
19.242 -17.799 8.76995 -2.00865 2 
21.808 -17.799 9.05239 -1.93050 2 
24.373 -17.799 9.21479 -1.81850 2 
26.939 -17.799 9.29678 -1.63040 2 
29.504 -17.799 9.53061 -1.45386 2 
32.070 -17.799 9.71181 -1.25862 2 
34.636 -17.799 9.60729 -0.98705 2 
37.201 -17.799 9.37036 -0.80146 2 
39.767 -17.799 9.59056 -0.61725 2 
42.332 -17.799 9.11569 -0.92876 2 
44.898 -17.799 9.31404 -0.78063 2 
47.464 -17.799 9.51240 -0.63250 2 
50.029 -17.799 10.24064 0.19489 2 
52.595 -17.799 8.36548 -0.44987 2 
55.160 -17.799 10.06806 0.06668 2 
57.726 -17.799 8.75530 0.48774 2 
60.292 -17.799 8.31548 0.36296 2 
62.857 -17.799 7.87567 0.23819 2 
65.423 -17.799 7.76986 -0.29468 2 
67.988 -17.799 7.35582 -1.27481 2 
70.554 -17.799 7.09950 -1.10960 2 
73.120 -17.799 6.52221 -0.59263 2 
75.685 -17.799 3.86877 -0.43145 2 
78.251 -17.799 2.70145 -1.24034 2 
80.816 -17.799 3.07646 -1.51808 2 
83.382 -17.799 3.32244 -0.10637 2 
85.948 -17.799 3.56842 1.30533 2 
88.513 -17.799 3.15263 1.73864 2 
91.079 -17.799 3.62834 1.44232 2 
93.644 -17.799 5.38502 1.91976 2 
96.210 -17.799 7.53655 0.74100 2 
98.776 -17.799 7.63061 0.75300 2 
101.341 -17.799 7.75013 1.21960 2 
103.907 -17.799 6.90120 -0.00147 2 
106.472 -17.799 6.47333 -0.06214 2 
109.038 -17.799 7.10899 0.40328 2 
111.603 -17.799 7.79579 0.93185 2 
114.169 -17.799 6.98516 0.41046 2 
116.735 -17.799 6.71293 1.88363 2 
119.300 -17.799 0.00000 -0.00000 0 
-8.980 -20.364 7.27565 -1.04306 2 
-6.414 -20.364 7.36140 -1.18581 2 
-3.848 -20.364 7.45511 -1.16359 2 
-1.283 -20.364 7.42356 -1.38206 2 
1.283 -20.364 7.44283 -1.56016 2 
3.848 -20.364 7.67662 -1.79318 2 
6.414 -20.364 7.95868 -1.82730 2 
8.980 -20.364 7.85906 -2.01367 2 
11.545 -20.364 8.37389 -2.04429 2 
14.111 -20.364 8.47235 -1.99673 2 
16.676 -20.364 8.66630 -1.99256 2 
19.242 -20.364 8.81788 -1.78001 2 
21.808 -20.364 8.91931 -1.78665 2 
24.373 -20.364 8.91829 -1.72490 2 
26.939 -20.364 9.12666 -1.55899 2 
29.504 -20.364 9.24862 -1.46327 2 
32.070 -20.364 9.35832 -1.18848 2 
34.636 -20.364 9.29146 -1.14685 2 
37.201 -20.364 9.28943 -0.82485 2 
39.767 -20.364 9.31512 -0.97079 2 
42.332 -20.364 9.20262 -1.02527 2 
44.898 -20.364 9.53043 -1.18756 2 
47.464 -20.364 9.44515 -0.75140 2 
50.029 -20.364 9.96109 -0.40399 2 
52.595 -20.364 9.69994 -0.53069 2 
55.160 -20.364 9.66290 0.04234 2 
57.726 -20.364 9.56999 0.14770 2 
60.292 -20.364 8.72957 0.34743 2 
62.857 -20.364 8.37357 -0.19813 2 
65.423 -20.364 8.24939 -0.57511 2 
67.988 -20.364 7.98880 -1.13028 2 
70.554 -20.364 8.45188 -1.61720 2 
73.120 -20.364 9.76927 -0.84036 2 
75.685 -20.364 6.99539 -0.87889 2 
78.251 -20.364 5.46900 -1.53507 2 
80.816 -20.364 5.49587 -1.43495 2 
83.382 -20.364 3.26054 -0.30441 2 
85.948 -20.364 3.47947 -1.23419 2 
88.513 -20.364 3.83005 0.56868 2 
91.079 -20.364 4.66926 1.52718 2 
93.644 -20.364 7.03429 2.32999 2 
96.210 -20.364 7.66377 1.42580 2 
98.776 -20.364 9.10699 1.64379 2 
101.341 -20.364 8.52456 1.22166 2 
103.907 -20.364 8.45454 0.95101 2 
106.472 -20.364 7.78854 0.33774 2 
109.038 -20.364 7.45455 0.85874 2 
111.603 -20.364 8.33577 1.47029 2 
114.169 -20.364 9.58997 1.76399 2 
116.735 -20.364 8.08528 1.69306 2 
119.300 -20.364 0.00000 -0.00000 0 
-8.980 -22.930 7.47402 -0.96589 2 
-6.414 -22.930 7.48256 -1.04412 2 
-3.848 -22.930 7.56400 -0.99428 2 
-1.283 -22.930 7.55710 -1.32993 2 
1.283 -22.930 7.68882 -1.35939 2 
3.848 -22.930 7.73253 -1.48412 2 
6.414 -22.930 7.91466 -1.60209 2 
8.980 -22.930 8.23521 -1.63310 2 
11.545 -22.930 8.21641 -1.77556 2 
14.111 -22.930 8.59390 -1.77711 2 
16.676 -22.930 8.71729 -1.75120 2 
19.242 -22.930 8.73354 -1.75404 2 
21.808 -22.930 8.78076 -1.67616 2 
24.373 -22.930 8.98501 -1.35749 2 
26.939 -22.930 9.07304 -1.56448 2 
29.504 -22.930 9.17386 -1.22462 2 
32.070 -22.930 9.21145 -1.17305 2 
34.636 -22.930 9.27785 -1.06774 2 
37.201 -22.930 9.19085 -0.86148 2 
39.767 -22.930 9.28370 -0.83574 2 
42.332 -22.930 9.28425 -0.83613 2 
44.898 -22.930 9.30583 -0.84893 2 
47.464 -22.930 9.37789 -0.87030 2 
50.029 -22.930 9.56291 -0.50218 2 
52.595 -22.930 9.22284 -0.49163 2 
55.160 -22.930 9.26769 -0.17520 2 
57.726 -22.930 9.05566 -0.24566 2 
60.292 -22.930 8.81691 -0.20481 2 
62.857 -22.930 8.82026 -0.61894 2 
65.423 -22.930 8.43956 -0.49945 2 
67.988 -22.930 8.51120 -1.05282 2 
70.554 -22.930 8.96188 -1.50150 2 
73.120 -22.930 9.49903 -1.34115 2 
75.685 -22.930 8.66468 -1.18840 2 
78.251 -22.930 8.23655 -1.82979 2 
80.816 -22.930 7.91528 -1.35183 2 
83.382 -22.930 5.74850 -1.08779 2 
85.948 -22.930 4.95974 -0.91029 2 
88.513 -22.930 3.96820 1.07207 2 
91.079 -22.930 5.13307 2.00989 2 
93.644 -22.930 7.49065 2.15720 2 
96.210 -22.930 8.04952 1.34588 2 
98.776 -22.930 8.59022 0.89420 2 
101.341 -22.930 9.14046 0.97950 2 
103.907 -22.930 8.89314 0.98406 2 
106.472 -22.930 9.10374 0.73763 2 
109.038 -22.930 9.53057 1.62388 2 
111.603 -22.930 9.43583 1.58839 2 
114.169 -22.930 8.82824 1.53277 2 
116.735 -22.930 8.61945 1.87441 2 
119.300 -22.930 0.00000 -0.00000 0 
-8.980 -25.496 7.28979 -0.86648 2 
-6.414 -25.496 7.71073 -0.99732 2 
-3.848 -25.496 7.60875 -1.21990 2 
-1.283 -25.496 7.62581 -1.24547 2 
1.283 -25.496 7.85490 -1.26154 2 
3.848 -25.496 7.92481 -1.49271 2 
6.414 -25.496 8.06347 -1.45488 2 
8.980 -25.496 8.04531 -1.64455 2 
11.545 -25.496 8.44644 -1.51578 2 
14.111 -25.496 8.47804 -1.47724 2 
16.676 -25.496 8.44618 -1.43036 2 
19.242 -25.496 8.74157 -1.59884 2 
21.808 -25.496 8.84986 -1.40325 2 
24.373 -25.496 8.92700 -1.37471 2 
26.939 -25.496 9.02057 -1.23382 2 
29.504 -25.496 9.05116 -1.24786 2 
32.070 -25.496 9.09162 -1.03977 2 
34.636 -25.496 9.20592 -0.91499 2 
37.201 -25.496 9.07882 -0.97587 2 
39.767 -25.496 9.15178 -0.92277 2 
42.332 -25.496 8.99918 -0.75580 2 
44.898 -25.496 9.42457 -0.81231 2 
47.464 -25.496 9.18361 -0.75254 2 
50.029 -25.496 9.18776 -0.69909 2 
52.595 -25.496 9.30387 -0.44101 2 
55.160 -25.496 9.33865 -0.58893 2 
57.726 -25.496 9.13031 -0.39880 2 
60.292 -25.496 8.93887 -0.43123 2 
62.857 -25.496 8.93254 -0.63707 2 
65.423 -25.496 8.94258 -0.82288 2 
67.988 -25.496 8.83652 -0.97672 2 
70.554 -25.496 8.90480 -1.11944 2 
73.120 -25.496 9.34544 -1.16201 2 
75.685 -25.496 9.09851 -1.39850 2 
78.251 -25.496 9.06685 -1.78570 2 
80.816 -25.496 8.68984 -1.37268 2 
83.382 -25.496 8.23645 -1.87116 2 
85.948 -25.496 7.23148 -1.59975 2 
88.513 -25.496 9.01174 0.84132 2 
91.079 -25.496 7.54057 1.84528 2 
93.644 -25.496 8.36815 1.92256 2 
96.210 -25.496 8.56548 1.52423 2 
98.776 -25.496 8.79688 0.93631 2 
101.341 -25.496 8.90603 0.92628 2 
103.907 -25.496 8.85854 0.83718 2 
106.472 -25.496 9.25496 0.75812 2 
109.038 -25.496 9.30468 1.36571 2 
111.603 -25.496 9.35768 1.36852 2 
114.169 -25.496 9.11981 1.86423 2 
116.735 -25.496 9.15363 2.05577 2 
119.300 -25.496 0.00000 -0.00000 0 
-8.980 -28.061 7.74636 -0.96821 2 
-6.414 -28.061 7.49106 -1.15805 2 
-3.848 -28.061 7.81671 -0.95910 2 
-1.283 -28.061 7.76897 -0.95247 2 
1.283 -28.061 7.86163 -1.26868 2 
3.848 -28.061 8.05336 -1.15152 2 
6.414 -28.061 7.97999 -1.31248 2 
8.980 -28.061 8.16623 -1.36391 2 
11.545 -28.061 8.41053 -1.49665 2 
14.111 -28.061 8.53355 -1.49133 2 
16.676 -28.061 8.64550 -1.44193 2 
19.242 -28.061 8.56205 -1.43235 2 
21.808 -28.061 8.71826 -1.43864 2 
24.373 -28.061 8.88828 -1.34302 2 
26.939 -28.061 8.87448 -1.22496 2 
29.504 -28.061 8.92178 -1.02110 2 
32.070 -28.061 9.01132 -1.00036 2 
34.636 -28.061 9.10069 -1.05741 2 
37.201 -28.061 9.05545 -1.02227 2 
39.767 -28.061 9.06192 -0.90358 2 
42.332 -28.061 9.35705 -0.75925 2 
44.898 -28.061 9.01373 -0.94374 2 
47.464 -28.061 9.41406 -0.79328 2 
50.029 -28.061 9.22595 -0.49590 2 
52.595 -28.061 9.14941 -0.59332 2 
55.160 -28.061 9.07958 -0.44839 2 
57.726 -28.061 8.98967 -0.47906 2 
60.292 -28.061 9.02430 -0.56353 2 
62.857 -28.061 8.82793 -0.57376 2 
65.423 -28.061 8.85719 -0.79953 2 
67.988 -28.061 8.96893 -0.56340 2 
70.554 -28.061 9.02953 -1.19582 2 
73.120 -28.061 9.16318 -0.97478 2 
75.685 -28.061 9.24394 -1.03345 2 
78.251 -28.061 9.49802 -1.23374 2 
80.816 -28.061 9.46439 -1.39354 2 
83.382 -28.061 8.94017 -1.16708 2 
85.948 -28.061 8.76092 -0.84846 2 
88.513 -28.061 9.70736 0.74857 2 
91.079 -28.061 9.94806 1.68067 2 
93.644 -28.061 9.46838 1.50758 2 
96.210 -28.061 8.98869 1.33448 2 
98.776 -28.061 8.88263 0.99488 2 
101.341 -28.061 8.96302 1.00117 2 
103.907 -28.061 8.88951 0.81817 2 
106.472 -28.061 9.05639 0.88034 2 
109.038 -28.061 9.07879 1.10754 2 
111.603 -28.061 9.16812 1.34809 2 
114.169 -28.061 8.97489 1.41222 2 
116.735 -28.061 9.14488 1.63582 2 
119.300 -28.061 0.00000 -0.00000 0 
-8.980 -30.627 7.86000 -0.99060 2 
-6.414 -30.627 7.69377 -0.79564 2 
-3.848 -30.627 7.69779 -1.09094 2 
-1.283 -30.627 7.82337 -1.10928 2 
1.283 -30.627 8.00588 -1.10489 2 
3.848 -30.627 8.02511 -1.24385 2 
6.414 -30.627 8.08164 -1.27513 2 
8.980 -30.627 8.17082 -1.21538 2 
11.545 -30.627 8.25754 -1.23440 2 
14.111 -30.627 8.35268 -1.39225 2 
16.676 -30.627 8.55828 -1.18185 2 
19.242 -30.627 8.63861 -1.28265 2 
21.808 -30.627 8.73831 -1.10793 2 
24.373 -30.627 8.79630 -1.23306 2 
26.939 -30.627 8.86846 -1.03035 2 
29.504 -30.627 8.94391 -1.21009 2 
32.070 -30.627 8.91694 -0.98061 2 
34.636 -30.627 8.96357 -0.97491 2 
37.201 -30.627 8.96166 -0.79575 2 
39.767 -30.627 9.12143 -0.90477 2 
42.332 -30.627 9.21550 -0.84561 2 
44.898 -30.627 8.98286 -0.79923 2 
47.464 -30.627 9.03905 -0.67849 2 
50.029 -30.627 9.34747 -0.66628 2 
52.595 -30.627 9.07806 -0.66635 2 
55.160 -30.627 9.14425 -0.59017 2 
57.726 -30.627 9.13969 -0.64169 2 
60.292 -30.627 9.17856 -0.51964 2 
62.857 -30.627 9.12912 -0.55199 2 
65.423 -30.627 8.95476 -0.60148 2 
67.988 -30.627 9.05504 -0.81560 2 
70.554 -30.627 9.17418 -0.69387 2 
73.120 -30.627 9.22351 -0.73715 2 
75.685 -30.627 9.27635 -0.81782 2 
78.251 -30.627 9.30018 -0.68746 2 
80.816 -30.627 9.85154 -0.75158 2 
83.382 -30.627 10.12463 -0.50794 2 
85.948 -30.627 10.29036 -0.09718 2 
88.513 -30.627 10.40298 0.65583 2 
91.079 -30.627 9.84149 1.20591 2 
93.644 -30.627 9.38877 1.16809 2 
96.210 -30.627 9.22277 1.12636 2 
98.776 -30.627 9.05649 0.94376 2 
101.341 -30.627 9.17077 0.90787 2 
103.907 -30.627 8.93275 0.98040 2 
106.472 -30.627 9.07614 0.92092 2 
109.038 -30.627 9.00596 0.97866 2 
111.603 -30.627 8.93782 1.35052 2 
114.169 -30.627 8.55165 1.33856 2 
116.735 -30.627 8.93180 1.28369 2 
119.300 -30.627 0.00000 -0.00000 0 
-8.980 -33.192 7.74347 -0.93718 2 
-6.414 -33.192 7.76669 -1.04825 2 
-3.848 -33.192 7.84439 -1.05249 2 
-1.283 -33.192 7.84796 -0.95994 2 
1.283 -33.192 8.02822 -1.06428 2 
3.848 -33.192 7.95158 -1.10345 2 
6.414 -33.192 8.18085 -1.06933 2 
8.980 -33.192 8.28898 -1.29308 2 
11.545 -33.192 8.35638 -1.35385 2 
14.111 -33.192 8.35385 -1.10544 2 
16.676 -33.192 8.43754 -1.35004 2 
19.242 -33.192 8.76709 -1.09622 2 
21.808 -33.192 8.58100 -1.06356 2 
24.373 -33.192 8.64968 -1.07961 2 
26.939 -33.192 8.77092 -1.02606 2 
29.504 -33.192 8.85604 -1.07661 2 
32.070 -33.192 8.82293 -0.86672 2 
34.636 -33.192 9.03229 -0.89603 2 
37.201 -33.192 8.89331 -0.80057 2 
39.767 -33.192 9.03962 -0.78146 2 
42.332 -33.192 9.02025 -0.75328 2 
44.898 -33.192 9.08890 -0.59377 2 
47.464 -33.192 9.06973 -0.71145 2 
50.029 -33.192 9.12877 -0.65254 2 
52.595 -33.192 9.00194 -0.53867 2 
55.160 -33.192 9.08102 -0.66506 2 
57.726 -33.192 9.00789 -0.47184 2 
60.292 -33.192 8.97152 -0.56733 2 
62.857 -33.192 8.97826 -0.46980 2 
65.423 -33.192 9.08218 -0.59661 2 
67.988 -33.192 9.10534 -0.64425 2 
70.554 -33.192 9.10058 -0.40260 2 
73.120 -33.192 9.13478 -0.54343 2 
75.685 -33.192 9.51545 -0.59715 2 
78.251 -33.192 9.51823 -0.66903 2 
80.816 -33.192 9.65666 -0.38629 2 
83.382 -33.192 9.47332 -0.36196 2 
85.948 -33.192 9.98160 0.05363 2 
88.513 -33.192 9.92470 0.28119 2 
91.079 -33.192 9.63351 0.64038 2 
93.644 -33.192 9.26339 0.83123 2 
96.210 -33.192 9.12598 0.85203 2 
98.776 -33.192 9.14220 0.92341 2 
101.341 -33.192 9.04005 0.75504 2 
103.907 -33.192 9.00922 0.79348 2 
106.472 -33.192 8.97927 0.90240 2 
109.038 -33.192 8.96701 0.99593 2 
111.603 -33.192 8.89449 0.91742 2 
114.169 -33.192 8.76122 1.12902 2 
116.735 -33.192 9.00576 1.27514 2 
119.300 -33.192 0.00000 -0.00000 0 
-8.980 -35.758 7.62695 -0.88376 2 
-6.414 -35.758 7.77668 -0.87920 2 
-3.848 -35.758 7.91211 -0.85259 2 
-1.283 -35.758 7.93896 -0.96040 2 
1.283 -35.758 7.99322 -1.05698 2 
3.848 -35.758 8.19373 -0.94518 2 
6.414 -35.758 8.22387 -1.04754 2 
8.980 -35.758 8.36776 -1.07478 2 
11.545 -35.758 8.26022 -1.11713 2 
14.111 -35.758 8.48630 -1.10605 2 
16.676 -35.758 8.53199 -0.99472 2 
19.242 -35.758 8.69446 -1.09193 2 
21.808 -35.758 8.64841 -1.03108 2 
24.373 -35.758 8.73555 -0.98978 2 
26.939 -35.758 8.79394 -1.05865 2 
29.504 -35.758 8.76090 -1.02310 2 
32.070 -35.758 8.99830 -0.96806 2 
34.636 -35.758 8.81745 -0.88771 2 
37.201 -35.758 8.87893 -0.75213 2 
39.767 -35.758 8.99520 -0.77213 2 
42.332 -35.758 8.97381 -0.65092 2 
44.898 -35.758 9.12054 -0.67091 2 
47.464 -35.758 8.94572 -0.55001 2 
50.029 -35.758 9.15314 -0.52929 2 
52.595 -35.758 9.01417 -0.49720 2 
55.160 -35.758 9.10135 -0.42069 2 
57.726 -35.758 9.10402 -0.56616 2 
60.292 -35.758 9.04177 -0.67861 2 
62.857 -35.758 8.93979 -0.35214 2 
65.423 -35.758 9.20794 -0.53113 2 
67.988 -35.758 9.05067 -0.53155 2 
70.554 -35.758 9.08939 -0.59716 2 
73.120 -35.758 9.18222 -0.47801 2 
75.685 -35.758 9.40692 -0.56204 2 
78.251 -35.758 9.36530 -0.37818 2 
80.816 -35.758 9.47271 -0.33528 2 
83.382 -35.758 9.65108 -0.01443 2 
85.948 -35.758 9.48244 0.08080 2 
88.513 -35.758 9.56462 0.46480 2 
91.079 -35.758 9.31148 0.54927 2 
93.644 -35.758 9.28340 0.74780 2 
96.210 -35.758 9.20035 0.70906 2 
98.776 -35.758 8.99719 0.69396 2 
101.341 -35.758 9.04252 0.82600 2 
103.907 -35.758 8.95057 0.83644 2 
106.472 -35.758 8.88780 0.86584 2 
109.038 -35.758 8.95172 0.86424 2 
111.603 -35.758 8.74186 0.94744 2 
114.169 -35.758 8.53148 0.83234 2 
116.735 -35.758 8.88592 1.07580 2 
119.300 -35.758 0.00000 -0.00000 0 
-8.980 -38.324 7.63476 -0.76836 2 
-6.414 -38.324 7.94946 -0.90282 2 
-3.848 -38.324 7.83656 -0.94671 2 
-1.283 -38.324 7.95089 -0.77328 2 
1.283 -38.324 8.09300 -0.96474 2 
3.848 -38.324 8.03354 -1.06688 2 
6.414 -38.324 8.24017 -0.82080 2 
8.980 -38.324 8.40065 -1.04232 2 
11.545 -38.324 8.33552 -1.07845 2 
14.111 -38.324 8.44845 -0.95407 2 
16.676 -38.324 8.46691 -1.02111 2 
19.242 -38.324 8.60491 -1.15839 2 
21.808 -38.324 8.63638 -0.86717 2 
24.373 -38.324 8.72186 -1.09873 2 
26.939 -38.324 8.81839 -0.89288 2 
29.504 -38.324 8.76804 -0.90040 2 
32.070 -38.324 8.89178 -0.76629 2 
34.636 -38.324 8.87621 -0.69958 2 
37.201 -38.324 8.95234 -0.84252 2 
39.767 -38.324 8.72952 -0.75922 2 
42.332 -38.324 8.86755 -0.73908 2 
44.898 -38.324 9.00272 -0.70532 2 
47.464 -38.324 8.99969 -0.73139 2 
50.029 -38.324 8.83203 -0.63449 2 
52.595 -38.324 9.00941 -0.52043 2 
55.160 -38.324 9.05644 -0.43673 2 
57.726 -38.324 8.85586 -0.64498 2 
60.292 -38.324 9.12022 -0.45646 2 
62.857 -38.324 9.08642 -0.55130 2 
65.423 -38.324 8.99097 -0.51084 2 
67.988 -38.324 9.27152 -0.17927 2 
70.554 -38.324 9.04620 -0.37956 2 
73.120 -38.324 9.19424 -0.25261 2 
75.685 -38.324 9.05691 -0.35885 2 
78.251 -38.324 9.25041 -0.07990 2 
80.816 -38.324 9.24163 -0.09523 2 
83.382 -38.324 9.47404 0.08854 2 
85.948 -38.324 9.44893 0.13692 2 
88.513 -38.324 9.22954 0.40658 2 
91.079 -38.324 9.39806 0.40861 2 
93.644 -38.324 9.10892 0.53969 2 
96.210 -38.324 9.28655 0.69912 2 
98.776 -38.324 9.02818 0.68290 2 
101.341 -38.324 8.96081 0.74449 2 
103.907 -38.324 8.78633 0.80353 2 
106.472 -38.324 8.88645 0.78228 2 
109.038 -38.324 8.89243 0.90239 2 
111.603 -38.324 8.72028 0.82622 2 
114.169 -38.324 8.77300 0.69424 2 
116.735 -38.324 8.76607 0.87645 2 
119.300 -38.324 0.00000 -0.00000 0 
-8.980 -40.889 8.00975 -0.92306 2 
-6.414 -40.889 7.92688 -0.87175 2 
-3.848 -40.889 7.96869 -0.93924 2 
-1.283 -40.889 8.13245 -0.91336 2 
1.283 -40.889 7.98890 -0.91490 2 
3.848 -40.889 8.16524 -0.85104 2 
6.414 -40.889 8.18779 -0.91615 2 
8.980 -40.889 8.23676 -1.04153 2 
11.545 -40.889 8.31964 -0.83079 2 
14.111 -40.889 8.50830 -0.91361 2 
16.676 -40.889 8.48557 -0.89316 2 
19.242 -40.889 8.55901 -0.81661 2 
21.808 -40.889 8.66529 -0.99984 2 
24.373 -40.889 8.60463 -0.85375 2 
26.939 -40.889 8.67688 -0.87306 2 
29.504 -40.889 8.61952 -0.84592 2 
32.070 -40.889 8.80283 -0.92515 2 
34.636 -40.889 8.87121 -0.76429 2 
37.201 -40.889 8.87606 -0.61233 2 
39.767 -40.889 8.94105 -0.70454 2 
42.332 -40.889 8.85299 -0.87914 2 
44.898 -40.889 8.97802 -0.57864 2 
47.464 -40.889 8.89672 -0.68185 2 
50.029 -40.889 9.09022 -0.46395 2 
52.595 -40.889 8.92460 -0.51885 2 
55.160 -40.889 9.07662 -0.59680 2 
57.726 -40.889 9.12925 -0.53888 2 
60.292 -40.889 8.97851 -0.43977 2 
62.857 -40.889 9.06966 -0.34817 2 
65.423 -40.889 8.98005 -0.42956 2 
67.988 -40.889 8.99164 -0.36636 2 
70.554 -40.889 9.17612 -0.40397 2 
73.120 -40.889 9.09548 -0.16321 2 
75.685 -40.889 9.06261 -0.26583 2 
78.251 -40.889 9.18077 -0.13450 2 
80.816 -40.889 9.18113 -0.08026 2 
83.382 -40.889 9.20190 0.11646 2 
85.948 -40.889 9.16316 0.21693 2 
88.513 -40.889 9.26234 0.16276 2 
91.079 -40.889 9.15523 0.46940 2 
93.644 -40.889 9.07435 0.64221 2 
96.210 -40.889 9.04084 0.56732 2 
98.776 -40.889 8.91197 0.52514 2 
101.341 -40.889 8.91374 0.77303 2 
103.907 -40.889 8.86904 0.74358 2 
106.472 -40.889 8.74036 0.79118 2 
109.038 -40.889 8.81915 0.79629 2 
111.603 -40.889 8.70735 0.85623 2 
114.169 -40.889 8.58856 0.84581 2 
116.735 -40.889 8.94620 0.91575 2 
119.300 -40.889 0.00000 -0.00000 0 
-8.980 -43.455 8.03404 -0.85521 2 
-6.414 -43.455 8.01389 -0.79771 2 
-3.848 -43.455 8.06010 -0.81453 2 
-1.283 -43.455 8.05038 -0.94370 2 
1.283 -43.455 8.09789 -0.85426 2 
3.848 -43.455 8.34310 -0.90771 2 
6.414 -43.455 8.16233 -0.85841 2 
8.980 -43.455 8.34099 -0.87992 2 
11.545 -43.455 8.34524 -1.05663 2 
14.111 -43.455 8.43770 -0.82052 2 
16.676 -43.455 8.45546 -0.91504 2 
19.242 -43.455 8.53862 -0.93841 2 
21.808 -43.455 8.61660 -0.90477 2 
24.373 -43.455 8.72393 -0.90514 2 
26.939 -43.455 8.71151 -0.74035 2 
29.504 -43.455 8.68609 -0.71988 2 
32.070 -43.455 8.72916 -0.81429 2 
34.636 -43.455 8.80129 -0.80695 2 
37.201 -43.455 8.90623 -0.71494 2 
39.767 -43.455 8.89166 -0.77446 2 
42.332 -43.455 8.80603 -0.55208 2 
44.898 -43.455 8.92023 -0.51786 2 
47.464 -43.455 8.81577 -0.55389 2 
50.029 -43.455 8.88710 -0.69742 2 
52.595 -43.455 9.03983 -0.58022 2 
55.160 -43.455 8.81983 -0.43953 2 
57.726 -43.455 8.92237 -0.53658 2 
60.292 -43.455 8.96294 -0.42196 2 
62.857 -43.455 8.96305 -0.48054 2 
65.423 -43.455 8.96558 -0.27550 2 
67.988 -43.455 9.00754 -0.36495 2 
70.554 -43.455 9.04124 -0.22178 2 
73.120 -43.455 9.01385 -0.28863 2 
75.685 -43.455 9.22579 -0.33062 2 
78.251 -43.455 9.09213 -0.15123 2 
80.816 -43.455 9.14552 -0.03066 2 
83.382 -43.455 9.07317 0.09385 2 
85.948 -43.455 9.24556 0.25356 2 
88.513 -43.455 8.97562 0.35096 2 
91.079 -43.455 9.06057 0.41362 2 
93.644 -43.455 9.04976 0.41151 2 
96.210 -43.455 8.86221 0.62970 2 
98.776 -43.455 8.91812 0.68204 2 
101.341 -43.455 8.86311 0.62724 2 
103.907 -43.455 8.87360 0.69049 2 
106.472 -43.455 8.94823 0.63725 2 
109.038 -43.455 8.60333 0.83336 2 
111.603 -43.455 8.67337 0.81356 2 
114.169 -43.455 8.59588 0.80796 2 
116.735 -43.455 8.71892 0.68393 2 
119.300 -43.455 0.00000 -0.00000 0 
-8.980 -46.020 8.05833 -0.78736 2 
-6.414 -46.020 8.05229 -0.78455 2 
-3.848 -46.020 8.01231 -0.84021 2 
-1.283 -46.020 8.03864 -0.82540 2 
1.283 -46.020 8.13656 -0.78098 2 
3.848 -46.020 8.30824 -0.87464 2 
6.414 -46.020 8.18262 -0.82315 2 
8.980 -46.020 8.27536 -0.87290 2 
11.545 -46.020 8.41653 -0.89965 2 
14.111 -46.020 8.40821 -0.99730 2 
16.676 -46.020 8.56734 -0.71230 2 
19.242 -46.020 8.51738 -0.87549 2 
21.808 -46.020 8.63469 -0.72151 2 
24.373 -46.020 8.54772 -0.72556 2 
26.939 -46.020 8.64407 -0.82786 2 
29.504 -46.020 8.70023 -0.77205 2 
32.070 -46.020 8.78350 -0.80993 2 
34.636 -46.020 8.85269 -0.60422 2 
37.201 -46.020 8.60699 -0.84646 2 
39.767 -46.020 8.78456 -0.72009 2 
42.332 -46.020 8.83108 -0.63085 2 
44.898 -46.020 8.92454 -0.65279 2 
47.464 -46.020 8.87769 -0.68093 2 
50.029 -46.020 8.93118 -0.49766 2 
52.595 -46.020 8.75736 -0.49693 2 
55.160 -46.020 8.95935 -0.49868 2 
57.726 -46.020 9.07891 -0.54262 2 
60.292 -46.020 8.96256 -0.42605 2 
62.857 -46.020 8.95083 -0.42685 2 
65.423 -46.020 9.01080 -0.23030 2 
67.988 -46.020 8.95708 -0.31979 2 
70.554 -46.020 9.07329 -0.20731 2 
73.120 -46.020 9.04860 -0.29157 2 
75.685 -46.020 8.97225 -0.04598 2 
78.251 -46.020 9.00850 -0.05940 2 
80.816 -46.020 8.99763 0.05257 2 
83.382 -46.020 8.99893 0.09862 2 
85.948 -46.020 9.03509 0.17049 2 
88.513 -46.020 9.08472 0.20525 2 
91.079 -46.020 8.96973 0.33169 2 
93.644 -46.020 8.93452 0.46032 2 
96.210 -46.020 8.85158 0.36995 2 
98.776 -46.020 8.84468 0.54276 2 
101.341 -46.020 8.76938 0.55383 2 
103.907 -46.020 8.83622 0.61539 2 
106.472 -46.020 8.75254 0.68686 2 
109.038 -46.020 8.66346 0.73753 2 
111.603 -46.020 8.67926 0.68393 2 
114.169 -46.020 8.57496 0.78680 2 
116.735 -46.020 8.79027 0.90989 2 
119.300 -46.020 0.00000 -0.00000 0 
-8.980 -48.586 8.10117 -0.65715 2 
-6.414 -48.586 7.98111 -0.76203 2 
-3.848 -48.586 8.02727 -0.77033 2 
-1.283 -48.586 8.13047 -0.83483 2 
1.283 -48.586 8.08747 -0.72829 2 
3.848 -48.586 8.21019 -0.78372 2 
6.414 -48.586 8.30149 -0.80448 2 
8.980 -48.586 8.32635 -0.80555 2 
11.545 -48.586 8.44212 -0.85312 2 
14.111 -48.586 8.41507 -0.79675 2 
16.676 -48.586 8.34881 -0.77362 2 
19.242 -48.586 8.55203 -0.86715 2 
21.808 -48.586 8.59740 -0.71996 2 
24.373 -48.586 8.51645 -0.81262 2 
26.939 -48.586 8.67426 -0.79177 2 
29.504 -48.586 8.62484 -0.75697 2 
32.070 -48.586 8.70301 -0.67853 2 
34.636 -48.586 8.77561 -0.63551 2 
37.201 -48.586 8.67713 -0.60320 2 
39.767 -48.586 8.74952 -0.71637 2 
42.332 -48.586 8.78594 -0.60363 2 
44.898 -48.586 8.78858 -0.64115 2 
47.464 -48.586 8.88661 -0.49472 2 
50.029 -48.586 8.77186 -0.47640 2 
52.595 -48.586 8.99009 -0.45682 2 
55.160 -48.586 8.89266 -0.49150 2 
57.726 -48.586 8.89169 -0.41730 2 
60.292 -48.586 8.93454 -0.23706 2 
62.857 -48.586 8.93694 -0.37247 2 
65.423 -48.586 8.91442 -0.27044 2 
67.988 -48.586 8.96863 -0.35981 2 
70.554 -48.586 8.84500 -0.21706 2 
73.120 -48.586 8.94575 -0.12248 2 
75.685 -48.586 8.92811 -0.11773 2 
78.251 -48.586 8.97621 0.14455 2 
80.816 -48.586 9.02312 0.07411 2 
83.382 -48.586 8.93037 0.06663 2 
85.948 -48.586 8.95755 0.26193 2 
88.513 -48.586 8.98962 0.21079 2 
91.079 -48.586 9.01087 0.24429 2 
93.644 -48.586 8.93423 0.45533 2 
96.210 -48.586 8.83863 0.48500 2 
98.776 -48.586 8.77748 0.45738 2 
101.341 -48.586 8.75643 0.62377 2 
103.907 -48.586 8.78777 0.55183 2 
106.472 -48.586 8.74823 0.64213 2 
109.038 -48.586 8.63979 0.69828 2 
111.603 -48.586 8.60607 0.66756 2 
114.169 -48.586 8.44251 0.69826 2 
116.735 -48.586 8.69419 0.68050 2 
119.300 -48.586 0.00000 -0.00000 0 
-8.980 -51.152 8.03662 -0.91606 2 
-6.414 -51.152 7.98844 -0.78909 2 
-3.848 -51.152 8.12759 -0.73050 2 
-1.283 -51.152 8.06508 -0.93103 2 
1.283 -51.152 8.23681 -0.76825 2 
3.848 -51.152 8.13069 -0.86910 2 
6.414 -51.152 8.36520 -0.73760 2 
8.980 -51.152 8.26627 -0.72677 2 
11.545 -51.152 8.34275 -0.85622 2 
14.111 -51.152 8.46239 -0.74946 2 
16.676 -51.152 8.52158 -0.81367 2 
19.242 -51.152 8.53609 -0.73151 2 
21.808 -51.152 8.43134 -0.74988 2 
24.373 -51.152 8.63025 -0.72930 2 
26.939 -51.152 8.63544 -0.73248 2 
29.504 -51.152 8.71674 -0.61959 2 
32.070 -51.152 8.59052 -0.73976 2 
34.636 -51.152 8.66005 -0.73050 2 
37.201 -51.152 8.81960 -0.54356 2 
39.767 -51.152 8.76176 -0.72524 2 
42.332 -51.152 8.70872 -0.60029 2 
44.898 -51.152 8.79699 -0.64203 2 
47.464 -51.152 8.62562 -0.51170 2 
50.029 -51.152 8.88036 -0.44615 2 
52.595 -51.152 8.77901 -0.44547 2 
55.160 -51.152 8.84715 -0.37037 2 
57.726 -51.152 8.92501 -0.45683 2 
60.292 -51.152 8.71374 -0.33838 2 
62.857 -51.152 8.72558 -0.20435 2 
65.423 -51.152 8.84958 -0.36170 2 
67.988 -51.152 9.00872 -0.17567 2 
70.554 -51.152 8.93985 -0.10934 2 
73.120 -51.152 8.91085 -0.08563 2 
75.685 -51.152 8.89875 -0.01900 2 
78.251 -51.152 8.95109 -0.00192 2 
80.816 -51.152 8.82136 0.09910 2 
83.382 -51.152 8.82855 0.22068 2 
85.948 -51.152 9.02729 0.24237 2 
88.513 -51.152 8.85752 0.28286 2 
91.079 -51.152 8.78569 0.22469 2 
93.644 -51.152 8.77371 0.26127 2 
96.210 -51.152 8.85927 0.43604 2 
98.776 -51.152 8.89857 0.40089 2 
101.341 -51.152 8.84710 0.53824 2 
103.907 -51.152 8.81972 0.54289 2 
106.472 -51.152 8.74974 0.50829 2 
109.038 -51.152 8.63055 0.63696 2 
111.603 -51.152 8.60211 0.54849 2 
114.169 -51.152 8.43413 0.71123 2 
116.735 -51.152 8.91934 0.64475 2 
119.300 -51.152 0.00000 -0.00000 0 
-8.980 -53.717 0.00000 -0.00000 0 
-6.414 -53.717 7.91701 -0.72868 2 
-3.848 -53.717 8.17669 -0.75139 2 
-1.283 -53.717 8.19420 -0.65310 2 
1.283 -53.717 8.21784 -0.86669 2 
3.848 -53.717 8.20520 -0.51970 2 
6.414 -53.717 8.30278 -0.70422 2 
8.980 -53.717 8.24978 -0.74098 2 
11.545 -53.717 8.71282 -0.73746 2 
14.111 -53.717 8.72690 -0.79175 2 
16.676 -53.717 8.69733 -0.76944 2 
19.242 -53.717 8.69412 -0.63458 2 
21.808 -53.717 8.70345 -0.61967 2 
24.373 -53.717 8.71279 -0.60476 2 
26.939 -53.717 8.79046 -0.73221 2 
29.504 -53.717 8.77526 -0.52400 2 
32.070 -53.717 8.90135 -0.67482 2 
34.636 -53.717 8.89875 -0.70355 2 
37.201 -53.717 8.86740 -0.64590 2 
39.767 -53.717 8.83604 -0.58825 2 
42.332 -53.717 9.11874 -0.49933 2 
44.898 -53.717 8.98063 -0.45653 2 
47.464 -53.717 8.95201 -0.61007 2 
50.029 -53.717 9.20490 -0.28017 2 
52.595 -53.717 9.01069 -0.54503 2 
55.160 -53.717 9.05365 -0.33317 2 
57.726 -53.717 8.91341 -0.31601 2 
60.292 -53.717 8.86702 -0.47716 2 
62.857 -53.717 8.93802 -0.40786 2 
65.423 -53.717 8.99615 -0.19471 2 
67.988 -53.717 8.84794 -0.09603 2 
70.554 -53.717 8.89447 -0.08316 2 
73.120 -53.717 8.87957 -0.17812 2 
75.685 -53.717 8.96098 -0.03149 2 
78.251 -53.717 8.85134 -0.01617 2 
80.816 -53.717 9.06134 0.07816 2 
83.382 -53.717 8.90391 0.24780 2 
85.948 -53.717 8.90314 0.22626 2 
88.513 -53.717 8.83445 0.27807 2 
91.079 -53.717 8.96861 0.31712 2 
93.644 -53.717 8.89192 0.46229 2 
96.210 -53.717 8.81004 0.44742 2 
98.776 -53.717 8.77104 0.20081 2 
101.341 -53.717 8.69073 0.56941 2 
103.907 -53.717 8.69031 0.55945 2 
106.472 -53.717 8.85506 0.52471 2 
109.038 -53.717 8.95051 0.63570 2 
111.603 -53.717 8.83130 0.48668 2 
114.169 -53.717 8.86649 0.62014 2 
116.735 -53.717 0.00000 -0.00000 0 
119.300 -53.717 0.00000 -0.00000 0 
-8.980 -56.283 0.00000 -0.00000 0 
-6.414 -56.283 0.00000 -0.00000 0 
-3.848 -56.283 0.00000 -0.00000 0 
-1.283 -56.283 0.00000 -0.00000 0 
1.283 -56.283 0.00000 -0.00000 0 
3.848 -56.283 0.00000 -0.00000 0 
6.414 -56.283 0.00000 -0.00000 0 
8.980 -56.283 0.00000 -0.00000 0 
11.545 -56.283 0.00000 -0.00000 0 
14.111 -56.283 0.00000 -0.00000 0 
16.676 -56.283 0.00000 -0.00000 0 
19.242 -56.283 0.00000 -0.00000 0 
21.808 -56.283 0.00000 -0.00000 0 
24.373 -56.283 0.00000 -0.00000 0 
26.939 -56.283 0.00000 -0.00000 0 
29.504 -56.283 0.00000 -0.00000 0 
32.070 -56.283 0.00000 -0.00000 0 
34.636 -56.283 0.00000 -0.00000 0 
37.201 -56.283 0.00000 -0.00000 0 
39.767 -56.283 0.00000 -0.00000 0 
42.332 -56.283 0.00000 -0.00000 0 
44.898 -56.283 0.00000 -0.00000 0 
47.464 -56.283 0.00000 -0.00000 0 
50.029 -56.283 8.92586 -0.06334 1 
52.595 -56.283 8.91784 -0.10062 2 
55.160 -56.283 8.90983 -0.13790 2 
57.726 -56.283 8.90181 -0.17519 2 
60.292 -56.283 8.89379 -0.21247 2 
62.857 -56.283 8.90676 -0.13755 2 
65.423 -56.283 8.82413 -0.15725 2 
67.988 -56.283 8.69208 -0.17963 2 
70.554 -56.283 8.83477 -0.11537 2 
73.120 -56.283 8.82373 -0.17582 2 
75.685 -56.283 8.78517 -0.02291 2 
78.251 -56.283 8.74424 -0.01455 2 
80.816 -56.283 8.79485 -0.00599 2 
83.382 -56.283 8.84374 0.18895 2 
85.948 -56.283 8.96230 0.13516 2 
88.513 -56.283 8.89070 0.00462 2 
91.079 -56.283 8.86957 0.03255 2 
93.644 -56.283 8.84845 0.06048 2 
96.210 -56.283 8.82732 0.08841 2 
98.776 -56.283 8.80619 0.11634 2 
101.341 -56.283 0.00000 -0.00000 0 
103.907 -56.283 0.00000 -0.00000 0 
106.472 -56.283 0.00000 -0.00000 0 
109.038 -56.283 0.00000 -0.00000 0 
111.603 -56.283 0.00000 -0.00000 0 
114.169 -56.283 0.00000 -0.00000 0 
116.735 -56.283 0.00000 -0.00000 0 
119.300 -56.283 0.00000 -0.00000 0 
