TITLE = "B00096"
VARIABLES = "X [mm]", "Y [mm]", "Vx [m/s]", "Vy [m/s]", "Flag"
ZONE T="Frame 1", I=51, J=39, F=POINT
-8.980 41.210 7.18797 0.18741 2 
-6.414 41.210 7.25254 0.19619 2 
-3.848 41.210 7.28709 0.50168 2 
-1.283 41.210 7.29149 0.44583 2 
1.283 41.210 7.64211 0.24370 2 
3.848 41.210 0.00000 -0.00000 0 
6.414 41.210 0.00000 -0.00000 0 
8.980 41.210 0.00000 -0.00000 0 
11.545 41.210 0.00000 -0.00000 0 
14.111 41.210 0.00000 -0.00000 0 
16.676 41.210 0.00000 -0.00000 0 
19.242 41.210 3.98089 0.36513 2 
21.808 41.210 7.96178 0.73027 2 
24.373 41.210 7.31787 0.72035 2 
26.939 41.210 7.43276 0.86391 2 
29.504 41.210 7.45849 0.79171 2 
32.070 41.210 7.48422 0.71951 2 
34.636 41.210 7.70515 0.85504 2 
37.201 41.210 7.72020 0.69158 2 
39.767 41.210 7.69677 1.01270 2 
42.332 41.210 7.82802 0.86160 2 
44.898 41.210 7.75025 0.77703 2 
47.464 41.210 8.05669 0.80087 2 
50.029 41.210 7.94954 0.85254 2 
52.595 41.210 8.08057 0.74161 2 
55.160 41.210 8.02371 0.89337 2 
57.726 41.210 8.14667 0.84185 2 
60.292 41.210 8.15184 0.72195 2 
62.857 41.210 8.20103 0.61378 2 
65.423 41.210 8.41213 0.78217 2 
67.988 41.210 8.31937 0.68653 2 
70.554 41.210 8.39728 0.84579 2 
73.120 41.210 8.43335 0.34477 2 
75.685 41.210 8.52009 0.89327 2 
78.251 41.210 8.47609 0.45886 2 
80.816 41.210 0.00000 0.00000 0 
83.382 41.210 8.39184 0.35673 2 
85.948 41.210 8.46057 0.39940 2 
88.513 41.210 8.65378 0.24085 2 
91.079 41.210 8.55526 0.23287 2 
93.644 41.210 8.64232 0.15352 2 
96.210 41.210 8.55572 0.24217 2 
98.776 41.210 8.63233 -0.12382 2 
101.341 41.210 8.52990 -0.09376 2 
103.907 41.210 8.33957 -0.22323 2 
106.472 41.210 8.50693 0.00111 2 
109.038 41.210 8.32036 -0.03045 2 
111.603 41.210 8.42913 0.01701 2 
114.169 41.210 8.18268 -0.20630 2 
116.735 41.210 8.28959 -0.16553 2 
119.300 41.210 0.00000 -0.00000 0 
-8.980 38.644 7.19942 0.31684 2 
-6.414 38.644 7.26764 0.21691 2 
-3.848 38.644 7.20275 0.42697 2 
-1.283 38.644 7.25020 0.41345 2 
1.283 38.644 7.44107 0.44585 2 
3.848 38.644 0.00000 -0.00000 0 
6.414 38.644 0.00000 -0.00000 0 
8.980 38.644 0.00000 -0.00000 0 
11.545 38.644 0.00000 -0.00000 0 
14.111 38.644 0.00000 -0.00000 0 
16.676 38.644 0.00000 -0.00000 0 
19.242 38.644 3.99087 0.38922 2 
21.808 38.644 7.98173 0.77844 2 
24.373 38.644 7.33311 0.82346 2 
26.939 38.644 7.55138 0.93170 2 
29.504 38.644 7.41890 0.92483 2 
32.070 38.644 7.73241 0.85131 2 
34.636 38.644 7.57672 0.84497 2 
37.201 38.644 7.66088 1.09519 2 
39.767 38.644 7.75867 0.83684 2 
42.332 38.644 7.67003 0.94908 2 
44.898 38.644 7.85164 0.96158 2 
47.464 38.644 7.77755 0.91318 2 
50.029 38.644 7.95027 0.63534 2 
52.595 38.644 8.26320 1.12026 2 
55.160 38.644 8.09322 0.94749 2 
57.726 38.644 8.08890 0.81117 2 
60.292 38.644 8.25347 0.80938 2 
62.857 38.644 8.20394 0.88640 2 
65.423 38.644 8.48159 0.54409 2 
67.988 38.644 8.34773 0.75338 2 
70.554 38.644 8.49442 0.73160 2 
73.120 38.644 8.50399 0.52430 2 
75.685 38.644 8.66262 0.96637 2 
78.251 38.644 8.48984 0.59800 2 
80.816 38.644 0.00000 0.00000 0 
83.382 38.644 8.67086 0.33417 2 
85.948 38.644 8.74634 0.24122 2 
88.513 38.644 8.66586 0.36632 2 
91.079 38.644 8.73102 0.20574 2 
93.644 38.644 8.64091 -0.05291 2 
96.210 38.644 8.35944 0.15382 2 
98.776 38.644 8.56874 0.14043 2 
101.341 38.644 8.58155 -0.06096 2 
103.907 38.644 8.51730 -0.22131 2 
106.472 38.644 8.30547 -0.22225 2 
109.038 38.644 8.15428 -0.31083 2 
111.603 38.644 8.33329 -0.29859 2 
114.169 38.644 8.14484 -0.12814 2 
116.735 38.644 8.42370 -0.28814 2 
119.300 38.644 0.00000 -0.00000 0 
-8.980 36.079 7.14894 0.39149 2 
-6.414 36.079 7.20969 0.26276 2 
-3.848 36.079 7.02944 0.49825 2 
-1.283 36.079 7.11458 0.49361 2 
1.283 36.079 7.63347 0.36431 2 
3.848 36.079 0.00000 -0.00000 0 
6.414 36.079 0.00000 -0.00000 0 
8.980 36.079 0.00000 -0.00000 0 
11.545 36.079 0.00000 -0.00000 0 
14.111 36.079 0.00000 -0.00000 0 
16.676 36.079 0.00000 -0.00000 0 
19.242 36.079 3.98060 0.43332 2 
21.808 36.079 7.96119 0.86664 2 
24.373 36.079 7.18092 0.66746 2 
26.939 36.079 7.43315 0.81662 2 
29.504 36.079 7.56113 0.76125 2 
32.070 36.079 7.46280 0.88566 2 
34.636 36.079 7.62437 0.99391 2 
37.201 36.079 7.59636 0.96269 2 
39.767 36.079 7.63500 0.80040 2 
42.332 36.079 7.93740 0.77326 2 
44.898 36.079 7.97932 0.88101 2 
47.464 36.079 7.96376 0.93831 2 
50.029 36.079 8.16048 0.88059 2 
52.595 36.079 8.04313 0.89902 2 
55.160 36.079 8.12235 0.68693 2 
57.726 36.079 8.32986 0.99277 2 
60.292 36.079 8.35530 0.91303 2 
62.857 36.079 8.27386 0.59823 2 
65.423 36.079 8.51542 0.82801 2 
67.988 36.079 8.54878 0.93410 2 
70.554 36.079 8.46687 0.78927 2 
73.120 36.079 8.57573 0.69644 2 
75.685 36.079 8.47232 0.58996 2 
78.251 36.079 8.88658 0.70176 2 
80.816 36.079 0.00000 0.00000 0 
83.382 36.079 8.59747 0.53314 2 
85.948 36.079 8.54277 0.48652 2 
88.513 36.079 8.78977 0.42127 2 
91.079 36.079 8.71517 0.20290 2 
93.644 36.079 8.85789 0.13088 2 
96.210 36.079 8.78420 0.03397 2 
98.776 36.079 8.78021 -0.17785 2 
101.341 36.079 8.59990 -0.10120 2 
103.907 36.079 8.58881 -0.31705 2 
106.472 36.079 8.42330 -0.38522 2 
109.038 36.079 8.34834 -0.21371 2 
111.603 36.079 8.27944 -0.36344 2 
114.169 36.079 7.89548 -0.32586 2 
116.735 36.079 8.10430 -0.35026 2 
119.300 36.079 0.00000 -0.00000 0 
-8.980 33.513 7.08727 0.19639 2 
-6.414 33.513 7.27920 0.36343 2 
-3.848 33.513 6.99564 0.45016 2 
-1.283 33.513 7.13214 0.48797 2 
1.283 33.513 7.37298 0.54256 2 
3.848 33.513 0.00000 -0.00000 0 
6.414 33.513 0.00000 -0.00000 0 
8.980 33.513 0.00000 -0.00000 0 
11.545 33.513 0.00000 -0.00000 0 
14.111 33.513 0.00000 -0.00000 0 
16.676 33.513 0.00000 -0.00000 0 
19.242 33.513 3.93190 0.57968 2 
21.808 33.513 7.86381 1.15937 2 
24.373 33.513 7.29888 0.74571 2 
26.939 33.513 7.34548 1.00438 2 
29.504 33.513 7.40208 0.74382 2 
32.070 33.513 7.59566 0.98031 2 
34.636 33.513 7.50710 0.97427 2 
37.201 33.513 7.66591 0.97398 2 
39.767 33.513 7.71607 1.01999 2 
42.332 33.513 7.74274 0.92265 2 
44.898 33.513 7.98689 1.09516 2 
47.464 33.513 8.06586 1.02345 2 
50.029 33.513 7.90719 1.11298 2 
52.595 33.513 7.94211 1.03670 2 
55.160 33.513 8.10948 0.90097 2 
57.726 33.513 8.14974 1.04077 2 
60.292 33.513 8.33964 1.10889 2 
62.857 33.513 8.30602 0.91239 2 
65.423 33.513 8.41220 0.96807 2 
67.988 33.513 8.39721 0.98053 2 
70.554 33.513 8.44173 0.91355 2 
73.120 33.513 8.68001 0.82386 2 
75.685 33.513 8.50640 0.94477 2 
78.251 33.513 8.67060 0.71024 2 
80.816 33.513 0.00000 0.00000 0 
83.382 33.513 8.69034 0.46576 2 
85.948 33.513 8.71979 0.35999 2 
88.513 33.513 8.93909 0.28341 2 
91.079 33.513 8.93202 0.08198 2 
93.644 33.513 8.88252 0.31071 2 
96.210 33.513 8.78625 -0.16611 2 
98.776 33.513 8.92317 -0.31361 2 
101.341 33.513 8.67174 -0.31758 2 
103.907 33.513 8.71356 -0.37723 2 
106.472 33.513 8.61661 -0.61678 2 
109.038 33.513 8.28215 -0.32258 2 
111.603 33.513 8.25609 -0.63238 2 
114.169 33.513 7.95458 -0.40722 2 
116.735 33.513 8.22525 -0.21964 2 
119.300 33.513 0.00000 -0.00000 0 
-8.980 30.948 7.14006 0.35502 2 
-6.414 30.948 7.08218 0.28213 2 
-3.848 30.948 7.08609 0.38763 2 
-1.283 30.948 7.02224 0.27642 2 
1.283 30.948 7.23634 0.57025 2 
3.848 30.948 0.00000 -0.00000 0 
6.414 30.948 0.00000 -0.00000 0 
8.980 30.948 0.00000 -0.00000 0 
11.545 30.948 0.00000 -0.00000 0 
14.111 30.948 0.00000 -0.00000 0 
16.676 30.948 0.00000 -0.00000 0 
19.242 30.948 3.85156 0.46591 2 
21.808 30.948 7.70312 0.93183 2 
24.373 30.948 7.22871 0.78201 2 
26.939 30.948 7.37349 1.02054 2 
29.504 30.948 7.50127 0.91368 2 
32.070 30.948 7.37952 1.15909 2 
34.636 30.948 7.51747 1.04988 2 
37.201 30.948 7.56446 0.91620 2 
39.767 30.948 7.57336 0.91047 2 
42.332 30.948 7.77094 1.11032 2 
44.898 30.948 7.80829 0.90183 2 
47.464 30.948 7.92201 1.10412 2 
50.029 30.948 7.82257 0.84167 2 
52.595 30.948 7.81933 1.27987 2 
55.160 30.948 7.96228 0.86386 2 
57.726 30.948 8.28842 1.04230 2 
60.292 30.948 8.35454 0.92663 2 
62.857 30.948 8.42470 1.01321 2 
65.423 30.948 8.48097 0.82584 2 
67.988 30.948 8.45268 0.93360 2 
70.554 30.948 8.55865 0.97977 2 
73.120 30.948 8.53693 0.86150 2 
75.685 30.948 8.52060 0.68968 2 
78.251 30.948 8.86105 0.96510 2 
80.816 30.948 0.00000 0.00000 0 
83.382 30.948 8.82257 0.63887 2 
85.948 30.948 8.87544 0.49312 2 
88.513 30.948 8.80605 0.61841 2 
91.079 30.948 8.85337 0.15459 2 
93.644 30.948 9.05279 -0.03433 2 
96.210 30.948 8.93226 0.01429 2 
98.776 30.948 8.65432 -0.22307 2 
101.341 30.948 8.86078 -0.67491 2 
103.907 30.948 8.62024 -0.51241 2 
106.472 30.948 8.47864 -0.58661 2 
109.038 30.948 8.32249 -0.69373 2 
111.603 30.948 8.13203 -0.83077 2 
114.169 30.948 7.95221 -0.59919 2 
116.735 30.948 7.96098 -0.34309 2 
119.300 30.948 0.00000 -0.00000 0 
-8.980 28.382 7.08608 0.28646 2 
-6.414 28.382 7.06683 0.29014 2 
-3.848 28.382 7.05581 0.31588 2 
-1.283 28.382 7.14605 0.47897 2 
1.283 28.382 7.09970 0.59793 2 
3.848 28.382 6.23363 0.49892 2 
6.414 28.382 0.00000 -0.00000 0 
8.980 28.382 0.00000 -0.00000 0 
11.545 28.382 0.00000 -0.00000 0 
14.111 28.382 0.00000 -0.00000 0 
16.676 28.382 2.93731 0.42258 2 
19.242 28.382 5.42406 0.75925 2 
21.808 28.382 7.46024 1.01001 2 
24.373 28.382 7.17005 0.92681 2 
26.939 28.382 7.28888 0.91803 2 
29.504 28.382 7.27783 0.95750 2 
32.070 28.382 7.56787 1.10052 2 
34.636 28.382 7.43393 0.97981 2 
37.201 28.382 7.54941 1.01873 2 
39.767 28.382 7.52761 1.09727 2 
42.332 28.382 7.79964 1.24183 2 
44.898 28.382 7.73196 1.21994 2 
47.464 28.382 7.95825 1.14673 2 
50.029 28.382 7.78341 1.12340 2 
52.595 28.382 8.39486 1.02043 2 
55.160 28.382 8.36021 0.97601 2 
57.726 28.382 8.14508 1.08821 2 
60.292 28.382 8.13230 1.18584 2 
62.857 28.382 8.52590 0.99173 2 
65.423 28.382 8.48277 0.94419 2 
67.988 28.382 8.43448 0.91178 2 
70.554 28.382 8.56410 0.80272 2 
73.120 28.382 8.68005 0.89388 2 
75.685 28.382 8.89026 0.89462 2 
78.251 28.382 8.83187 0.81856 2 
80.816 28.382 8.97907 0.66025 2 
83.382 28.382 9.03567 0.56790 2 
85.948 28.382 9.09228 0.47556 2 
88.513 28.382 9.22682 0.29432 2 
91.079 28.382 8.86277 0.29373 2 
93.644 28.382 9.34513 0.25114 2 
96.210 28.382 8.83829 -0.14401 2 
98.776 28.382 9.09090 -0.79991 2 
101.341 28.382 8.97694 -0.55381 2 
103.907 28.382 8.71841 -0.78598 2 
106.472 28.382 8.57030 -0.87535 2 
109.038 28.382 8.40117 -1.05237 2 
111.603 28.382 7.99340 -0.73130 2 
114.169 28.382 7.82596 -0.91209 2 
116.735 28.382 8.22447 -0.80810 2 
119.300 28.382 0.00000 -0.00000 0 
-8.980 25.816 6.98288 0.08977 2 
-6.414 25.816 7.14695 0.34112 2 
-3.848 25.816 6.95321 0.50498 2 
-1.283 25.816 6.96983 0.36973 2 
1.283 25.816 6.97994 0.54935 2 
3.848 25.816 7.84500 0.70136 2 
6.414 25.816 0.00000 -0.00000 0 
8.980 25.816 0.00000 -0.00000 0 
11.545 25.816 0.00000 -0.00000 0 
14.111 25.816 0.00000 -0.00000 0 
16.676 25.816 4.40597 0.63387 2 
19.242 25.816 6.52732 0.84970 2 
21.808 25.816 7.08523 0.83839 2 
24.373 25.816 7.17907 1.03867 2 
26.939 25.816 7.27852 1.19040 2 
29.504 25.816 7.42900 1.14969 2 
32.070 25.816 7.34924 1.17922 2 
34.636 25.816 7.52500 1.10918 2 
37.201 25.816 7.58998 1.13996 2 
39.767 25.816 7.74076 1.22560 2 
42.332 25.816 7.77905 1.04348 2 
44.898 25.816 7.69955 1.28972 2 
47.464 25.816 7.90651 1.05280 2 
50.029 25.816 8.27185 1.14113 2 
52.595 25.816 8.15705 1.16265 2 
55.160 25.816 8.11968 1.04387 2 
57.726 25.816 8.13840 1.20305 2 
60.292 25.816 8.38254 1.25725 2 
62.857 25.816 8.40816 1.07460 2 
65.423 25.816 8.36501 1.05283 2 
67.988 25.816 8.59542 1.00126 2 
70.554 25.816 8.89555 0.98424 2 
73.120 25.816 8.74456 0.89895 2 
75.685 25.816 8.69641 0.84986 2 
78.251 25.816 9.05146 0.77005 2 
80.816 25.816 8.75219 0.81322 2 
83.382 25.816 0.00000 0.00000 0 
85.948 25.816 9.22223 0.50596 2 
88.513 25.816 8.94985 0.59433 2 
91.079 25.816 9.23769 0.27390 2 
93.644 25.816 9.24886 -0.06114 2 
96.210 25.816 9.25164 -0.38099 2 
98.776 25.816 9.32584 -0.53539 2 
101.341 25.816 9.03152 -0.52698 2 
103.907 25.816 8.85215 -1.13363 2 
106.472 25.816 8.92887 -1.14171 2 
109.038 25.816 8.21928 -1.20714 2 
111.603 25.816 7.94733 -1.19605 2 
114.169 25.816 7.63625 -1.01927 2 
116.735 25.816 7.92758 -1.03383 2 
119.300 25.816 0.00000 -0.00000 0 
-8.980 23.251 7.02765 0.18072 2 
-6.414 23.251 7.00281 0.14299 2 
-3.848 23.251 7.04699 0.30752 2 
-1.283 23.251 6.86583 0.36432 2 
1.283 23.251 6.94366 0.41308 2 
3.848 23.251 7.20276 0.51881 2 
6.414 23.251 0.00000 -0.00000 0 
8.980 23.251 0.00000 -0.00000 0 
11.545 23.251 0.00000 -0.00000 0 
14.111 23.251 0.00000 -0.00000 0 
16.676 23.251 3.81529 0.47008 2 
19.242 23.251 7.63058 0.94016 2 
21.808 23.251 6.89312 0.97958 2 
24.373 23.251 7.27982 0.87087 2 
26.939 23.251 7.22689 1.02856 2 
29.504 23.251 7.20520 1.20754 2 
32.070 23.251 7.35794 1.25937 2 
34.636 23.251 7.39985 1.29427 2 
37.201 23.251 7.59377 1.37618 2 
39.767 23.251 7.67325 1.16173 2 
42.332 23.251 7.61890 1.21530 2 
44.898 23.251 7.84627 1.23940 2 
47.464 23.251 7.88564 1.09711 2 
50.029 23.251 7.93921 1.44963 2 
52.595 23.251 8.00619 1.16583 2 
55.160 23.251 8.16601 1.30259 2 
57.726 23.251 8.14159 1.19543 2 
60.292 23.251 8.56533 1.03827 2 
62.857 23.251 8.50061 1.00078 2 
65.423 23.251 8.55164 1.44202 2 
67.988 23.251 8.49098 1.04367 2 
70.554 23.251 8.70050 1.10872 2 
73.120 23.251 8.78642 0.91411 2 
75.685 23.251 9.40498 0.95735 2 
78.251 23.251 9.04097 1.01271 2 
80.816 23.251 9.16402 0.80589 2 
83.382 23.251 0.00000 0.00000 0 
85.948 23.251 9.29560 0.73239 2 
88.513 23.251 9.56417 0.62315 2 
91.079 23.251 9.25907 0.23462 2 
93.644 23.251 9.57103 0.04613 2 
96.210 23.251 9.43970 -0.18248 2 
98.776 23.251 9.64582 -0.54870 2 
101.341 23.251 9.35294 -0.98869 2 
103.907 23.251 9.39916 -0.99132 2 
106.472 23.251 8.78351 -1.63085 2 
109.038 23.251 8.44903 -1.63506 2 
111.603 23.251 7.95245 -1.70156 2 
114.169 23.251 7.38410 -1.63326 2 
116.735 23.251 7.55495 -1.62166 2 
119.300 23.251 0.00000 -0.00000 0 
-8.980 20.685 7.04258 0.08642 2 
-6.414 20.685 6.96994 0.18955 2 
-3.848 20.685 6.79359 0.30969 2 
-1.283 20.685 6.80236 0.27338 2 
1.283 20.685 6.80352 0.49533 2 
3.848 20.685 7.37774 0.54402 2 
6.414 20.685 0.00000 -0.00000 0 
8.980 20.685 0.00000 -0.00000 0 
11.545 20.685 0.00000 -0.00000 0 
14.111 20.685 0.00000 -0.00000 0 
16.676 20.685 3.96155 0.53859 2 
19.242 20.685 7.92310 1.07719 2 
21.808 20.685 6.97274 1.15067 2 
24.373 20.685 7.20747 1.27552 2 
26.939 20.685 7.08361 1.19692 2 
29.504 20.685 7.28939 1.17418 2 
32.070 20.685 7.46775 1.27081 2 
34.636 20.685 7.40174 1.27055 2 
37.201 20.685 7.69874 1.44266 2 
39.767 20.685 7.58543 1.36202 2 
42.332 20.685 7.85714 1.50135 2 
44.898 20.685 7.63711 1.53612 2 
47.464 20.685 7.78819 1.40811 2 
50.029 20.685 8.12668 1.18653 2 
52.595 20.685 8.04004 1.31699 2 
55.160 20.685 8.21163 1.36349 2 
57.726 20.685 8.19244 1.34320 2 
60.292 20.685 8.20971 1.27546 2 
62.857 20.685 8.50000 1.34754 2 
65.423 20.685 8.83260 1.40023 2 
67.988 20.685 9.08812 1.21014 2 
70.554 20.685 9.02661 1.43483 2 
73.120 20.685 9.41252 1.18002 2 
75.685 20.685 8.40365 1.08259 2 
78.251 20.685 9.69078 0.97913 2 
80.816 20.685 10.00855 1.04333 2 
83.382 20.685 0.00000 0.00000 0 
85.948 20.685 0.00000 0.00000 0 
88.513 20.685 0.00000 0.00000 0 
91.079 20.685 10.10303 0.45186 2 
93.644 20.685 10.34606 0.64713 2 
96.210 20.685 9.96913 -0.27368 2 
98.776 20.685 10.35668 -0.57598 2 
101.341 20.685 10.12169 -1.08701 2 
103.907 20.685 9.68601 -0.96202 2 
106.472 20.685 9.28946 -2.28740 2 
109.038 20.685 8.57245 -2.55020 2 
111.603 20.685 7.72643 -2.46089 2 
114.169 20.685 7.21322 -2.24901 2 
116.735 20.685 7.18162 -1.81238 2 
119.300 20.685 0.00000 -0.00000 0 
-8.980 18.120 6.93288 0.08420 2 
-6.414 18.120 6.92730 0.17990 2 
-3.848 18.120 6.86540 0.22685 2 
-1.283 18.120 6.88576 0.40118 2 
1.283 18.120 6.57601 0.51048 2 
3.848 18.120 7.12807 0.67164 2 
6.414 18.120 0.00000 -0.00000 0 
8.980 18.120 0.00000 -0.00000 0 
11.545 18.120 0.00000 -0.00000 0 
14.111 18.120 0.00000 -0.00000 0 
16.676 18.120 3.75818 0.58149 2 
19.242 18.120 7.51635 1.16299 2 
21.808 18.120 6.93233 1.15423 2 
24.373 18.120 7.12064 1.47583 2 
26.939 18.120 7.22740 1.26911 2 
29.504 18.120 7.10771 1.42537 2 
32.070 18.120 7.55363 1.55361 2 
34.636 18.120 7.40079 1.54199 2 
37.201 18.120 7.47664 1.51181 2 
39.767 18.120 7.53428 1.31419 2 
42.332 18.120 7.64140 1.44531 2 
44.898 18.120 7.84758 1.44374 2 
47.464 18.120 7.87940 1.29266 2 
50.029 18.120 7.85391 1.40024 2 
52.595 18.120 8.21742 1.39457 2 
55.160 18.120 8.72777 1.30968 2 
57.726 18.120 8.66601 1.30543 2 
60.292 18.120 8.78686 1.64472 2 
62.857 18.120 9.45990 1.35459 2 
65.423 18.120 8.87354 0.97107 2 
67.988 18.120 0.00000 -0.00000 0 
70.554 18.120 0.00000 -0.00000 0 
73.120 18.120 0.00000 -0.00000 0 
75.685 18.120 0.00000 -0.00000 0 
78.251 18.120 0.00000 -0.00000 0 
80.816 18.120 0.00000 -0.00000 0 
83.382 18.120 0.00000 -0.00000 0 
85.948 18.120 0.10733 -0.00872 2 
88.513 18.120 -0.30389 0.62567 2 
91.079 18.120 11.00158 0.71543 2 
93.644 18.120 5.86455 0.63456 2 
96.210 18.120 11.85194 0.64405 2 
98.776 18.120 6.96422 -0.35567 2 
101.341 18.120 8.00635 -0.18776 2 
103.907 18.120 9.97286 -0.93271 2 
106.472 18.120 8.93254 -3.07219 2 
109.038 18.120 8.73864 -3.72257 2 
111.603 18.120 7.57796 -3.40493 2 
114.169 18.120 6.96556 -2.92813 2 
116.735 18.120 6.76910 -2.17434 2 
119.300 18.120 0.00000 -0.00000 0 
-8.980 15.554 6.87296 0.11423 2 
-6.414 15.554 6.79340 0.00373 2 
-3.848 15.554 6.89028 0.19255 2 
-1.283 15.554 6.55439 0.25140 2 
1.283 15.554 6.61058 0.28960 2 
3.848 15.554 6.69929 0.62425 2 
6.414 15.554 0.00000 -0.00000 0 
8.980 15.554 0.00000 -0.00000 0 
11.545 15.554 0.00000 -0.00000 0 
14.111 15.554 0.00000 -0.00000 0 
16.676 15.554 3.58377 0.60629 2 
19.242 15.554 7.16754 1.21259 2 
21.808 15.554 6.75261 1.15239 2 
24.373 15.554 7.11193 1.35349 2 
26.939 15.554 7.03364 1.49224 2 
29.504 15.554 7.22578 1.51036 2 
32.070 15.554 7.25475 1.43074 2 
34.636 15.554 7.37471 1.63862 2 
37.201 15.554 7.34895 1.42816 2 
39.767 15.554 7.80268 1.70488 2 
42.332 15.554 7.90397 1.36885 2 
44.898 15.554 8.19309 1.68289 2 
47.464 15.554 8.13847 1.79466 2 
50.029 15.554 8.35688 1.59142 2 
52.595 15.554 8.47422 1.65408 2 
55.160 15.554 0.00000 -0.00000 0 
57.726 15.554 0.00000 -0.00000 0 
60.292 15.554 0.00000 -0.00000 0 
62.857 15.554 0.00000 -0.00000 0 
65.423 15.554 0.00000 -0.00000 0 
67.988 15.554 0.00000 -0.00000 0 
70.554 15.554 0.00000 -0.00000 0 
73.120 15.554 0.00000 -0.00000 0 
75.685 15.554 0.00000 -0.00000 0 
78.251 15.554 0.00000 -0.00000 0 
80.816 15.554 -0.27704 0.04449 2 
83.382 15.554 -0.14473 -0.22213 2 
85.948 15.554 -0.96191 -0.12864 2 
88.513 15.554 -0.71059 0.88792 2 
91.079 15.554 0.43050 0.65847 2 
93.644 15.554 1.38303 0.62200 2 
96.210 15.554 2.83284 0.51167 2 
98.776 15.554 3.57176 -0.13535 2 
101.341 15.554 5.89101 0.71149 2 
103.907 15.554 6.73894 2.19559 2 
106.472 15.554 8.57561 -3.85699 2 
109.038 15.554 8.42947 -5.26720 2 
111.603 15.554 7.36314 -5.03151 2 
114.169 15.554 6.22157 -3.93834 2 
116.735 15.554 5.96179 -3.53111 2 
119.300 15.554 0.00000 -0.00000 0 
-8.980 12.988 6.80438 -0.08303 2 
-6.414 12.988 6.83578 -0.06726 2 
-3.848 12.988 6.63656 -0.06552 2 
-1.283 12.988 6.57441 0.25770 2 
1.283 12.988 6.37864 0.15096 2 
3.848 12.988 6.51126 0.35001 2 
6.414 12.988 0.00000 -0.00000 0 
8.980 12.988 0.00000 -0.00000 0 
11.545 12.988 0.00000 -0.00000 0 
14.111 12.988 0.00000 -0.00000 0 
16.676 12.988 3.69177 0.72824 2 
19.242 12.988 7.38355 1.45648 2 
21.808 12.988 6.67699 1.53391 2 
24.373 12.988 7.02421 1.61009 2 
26.939 12.988 7.19369 1.62386 2 
29.504 12.988 7.44027 1.68725 2 
32.070 12.988 7.74658 1.78110 2 
34.636 12.988 7.86855 2.00163 2 
37.201 12.988 7.77600 1.94604 2 
39.767 12.988 7.91286 1.67384 2 
42.332 12.988 0.00000 -0.00000 0 
44.898 12.988 0.00000 -0.00000 0 
47.464 12.988 0.00000 -0.00000 0 
50.029 12.988 0.00000 -0.00000 0 
52.595 12.988 0.00000 -0.00000 0 
55.160 12.988 0.00000 -0.00000 0 
57.726 12.988 0.00000 -0.00000 0 
60.292 12.988 0.00000 -0.00000 0 
62.857 12.988 0.00000 -0.00000 0 
65.423 12.988 0.00000 -0.00000 0 
67.988 12.988 0.00000 -0.00000 0 
70.554 12.988 0.00000 -0.00000 0 
73.120 12.988 0.00000 -0.00000 0 
75.685 12.988 -0.25105 -0.17688 2 
78.251 12.988 -0.20290 0.13820 2 
80.816 12.988 -0.55408 0.08897 2 
83.382 12.988 -0.28946 -0.44426 2 
85.948 12.988 -1.39746 -0.03960 2 
88.513 12.988 -1.49831 0.98989 2 
91.079 12.988 -2.19503 0.43055 2 
93.644 12.988 -0.82417 0.63429 2 
96.210 12.988 0.54670 0.83803 2 
98.776 12.988 0.63896 0.64620 2 
101.341 12.988 2.41705 1.18972 2 
103.907 12.988 2.56562 2.03761 2 
106.472 12.988 3.80247 -0.64818 2 
109.038 12.988 5.49521 -4.90809 2 
111.603 12.988 5.10322 -4.93291 2 
114.169 12.988 5.38558 -5.21821 2 
116.735 12.988 5.58775 -4.18354 2 
119.300 12.988 0.00000 -0.00000 0 
-8.980 10.423 6.89365 -0.12799 2 
-6.414 10.423 6.69688 -0.10810 2 
-3.848 10.423 6.51241 -0.08831 2 
-1.283 10.423 6.51177 0.20956 2 
1.283 10.423 6.40554 0.27077 2 
3.848 10.423 6.59479 0.31492 2 
6.414 10.423 3.29740 0.15746 2 
8.980 10.423 0.00000 -0.00000 0 
11.545 10.423 0.00000 -0.00000 0 
14.111 10.423 0.00000 -0.00000 0 
16.676 10.423 2.46118 0.48549 2 
19.242 10.423 4.92236 0.97099 2 
21.808 10.423 7.16341 1.84790 2 
24.373 10.423 7.09206 1.84007 2 
26.939 10.423 7.76535 1.89003 2 
29.504 10.423 7.45026 1.91678 2 
32.070 10.423 0.00000 -0.00000 0 
34.636 10.423 0.00000 -0.00000 0 
37.201 10.423 0.00000 -0.00000 0 
39.767 10.423 0.00000 -0.00000 0 
42.332 10.423 0.00000 -0.00000 0 
44.898 10.423 0.00000 -0.00000 0 
47.464 10.423 0.00000 -0.00000 0 
50.029 10.423 0.00000 -0.00000 0 
52.595 10.423 0.00000 -0.00000 0 
55.160 10.423 0.00000 -0.00000 0 
57.726 10.423 0.00000 -0.00000 0 
60.292 10.423 0.00000 -0.00000 0 
62.857 10.423 0.00000 -0.00000 0 
65.423 10.423 0.00000 -0.00000 0 
67.988 10.423 -0.38131 -0.02075 2 
70.554 10.423 -0.04858 0.14220 2 
73.120 10.423 -0.55549 -0.44087 2 
75.685 10.423 -0.77966 -0.21661 2 
78.251 10.423 -0.26048 -0.80582 2 
80.816 10.423 -0.47875 -0.50482 2 
83.382 10.423 -0.76028 -0.80038 2 
85.948 10.423 -2.07162 0.53420 2 
88.513 10.423 -2.28603 1.09185 2 
91.079 10.423 -2.91753 0.66836 2 
93.644 10.423 -1.92780 0.57913 2 
96.210 10.423 -0.93807 0.48990 2 
98.776 10.423 -1.41733 0.86432 2 
101.341 10.423 -1.05692 1.66795 2 
103.907 10.423 -1.60769 1.87963 2 
106.472 10.423 -3.45483 2.28079 2 
109.038 10.423 2.56094 -4.54899 2 
111.603 10.423 3.07408 -5.19564 2 
114.169 10.423 3.58721 -5.84228 2 
116.735 10.423 3.62243 -4.17593 2 
119.300 10.423 0.00000 -0.00000 0 
-8.980 7.857 6.73722 -0.29267 2 
-6.414 7.857 6.63781 -0.27833 2 
-3.848 7.857 6.55007 -0.06900 2 
-1.283 7.857 6.28493 -0.10906 2 
1.283 7.857 6.00664 0.07642 2 
3.848 7.857 6.25522 0.31270 2 
6.414 7.857 3.12761 0.15635 2 
8.980 7.857 0.00000 -0.00000 0 
11.545 7.857 0.00000 -0.00000 0 
14.111 7.857 0.00000 -0.00000 2 
16.676 7.857 1.64079 0.32366 2 
19.242 7.857 2.46118 0.48549 2 
21.808 7.857 0.00000 -0.00000 0 
24.373 7.857 0.00000 -0.00000 0 
26.939 7.857 0.00000 -0.00000 0 
29.504 7.857 0.00000 -0.00000 0 
32.070 7.857 0.00000 -0.00000 0 
34.636 7.857 0.00000 -0.00000 0 
37.201 7.857 0.00000 -0.00000 0 
39.767 7.857 0.00000 -0.00000 0 
42.332 7.857 0.00000 -0.00000 0 
44.898 7.857 0.00000 -0.00000 0 
47.464 7.857 0.00000 -0.00000 0 
50.029 7.857 0.00000 -0.00000 0 
52.595 7.857 0.00000 -0.00000 0 
55.160 7.857 0.00000 -0.00000 0 
57.726 7.857 0.00000 -0.00000 0 
60.292 7.857 -0.36638 -0.18234 2 
62.857 7.857 -0.15221 -0.21690 2 
65.423 7.857 -0.69883 -0.22454 2 
67.988 7.857 -0.76261 -0.04151 2 
70.554 7.857 -0.73241 -0.55156 2 
73.120 7.857 -0.62295 -0.79148 2 
75.685 7.857 -0.36534 -1.00398 2 
78.251 7.857 -0.32945 -1.15851 2 
80.816 7.857 -0.74292 -1.52914 2 
83.382 7.857 -1.23110 -1.15650 2 
85.948 7.857 -1.83042 0.10811 2 
88.513 7.857 -2.16465 0.87220 2 
91.079 7.857 -2.06169 1.35859 2 
93.644 7.857 -2.86071 1.06264 2 
96.210 7.857 -3.33226 0.95157 2 
98.776 7.857 -3.80381 0.84050 2 
101.341 7.857 -4.32603 0.71927 2 
103.907 7.857 -3.94613 1.10784 2 
106.472 7.857 -3.46407 -1.98485 2 
109.038 7.857 -3.08664 -3.09123 2 
111.603 7.857 -1.08175 -5.12462 2 
114.169 7.857 2.13630 -5.70382 2 
116.735 7.857 1.61344 -3.40681 2 
119.300 7.857 0.09998 -4.22182 2 
-8.980 5.292 6.66445 -0.47547 2 
-6.414 5.292 6.57425 -0.37991 2 
-3.848 5.292 6.42241 -0.41509 2 
-1.283 5.292 6.17106 -0.09159 2 
1.283 5.292 5.88621 -0.29334 2 
3.848 5.292 6.61278 0.06166 2 
6.414 5.292 3.30639 0.03083 2 
8.980 5.292 0.00000 -0.00000 0 
11.545 5.292 0.00000 -0.00000 0 
14.111 5.292 0.00000 -0.00000 0 
16.676 5.292 0.00000 -0.00000 0 
19.242 5.292 0.00000 -0.00000 0 
21.808 5.292 0.00000 -0.00000 0 
24.373 5.292 0.00000 -0.00000 0 
26.939 5.292 0.00000 -0.00000 0 
29.504 5.292 0.00000 -0.00000 0 
32.070 5.292 0.00000 -0.00000 0 
34.636 5.292 0.00000 -0.00000 0 
37.201 5.292 0.00000 -0.00000 0 
39.767 5.292 0.00000 -0.00000 0 
42.332 5.292 0.00000 -0.00000 0 
44.898 5.292 0.00000 -0.00000 0 
47.464 5.292 0.00000 -0.00000 0 
50.029 5.292 0.00000 -0.00000 0 
52.595 5.292 -0.28345 -0.07367 2 
55.160 5.292 -0.68709 -0.29770 2 
57.726 5.292 -0.62209 -0.33142 2 
60.292 5.292 -0.73275 -0.36469 2 
62.857 5.292 -1.06678 -0.34394 2 
65.423 5.292 -0.51056 -0.38724 2 
67.988 5.292 -1.11709 -0.03040 2 
70.554 5.292 -0.98946 -0.23706 2 
73.120 5.292 -0.81665 -0.71854 2 
75.685 5.292 -0.69585 -1.26489 2 
78.251 5.292 -0.35526 -0.78496 2 
80.816 5.292 -0.39169 -1.44472 2 
83.382 5.292 -0.47625 -1.34379 2 
85.948 5.292 -1.53694 0.52491 2 
88.513 5.292 -2.15249 0.28544 2 
91.079 5.292 -1.99912 -0.00369 2 
93.644 5.292 -2.50685 0.18626 2 
96.210 5.292 -3.39121 0.11873 2 
98.776 5.292 -4.27556 0.05119 2 
101.341 5.292 -2.86741 0.20126 2 
103.907 5.292 -4.16813 -0.53498 2 
106.472 5.292 -4.02127 0.01874 2 
109.038 5.292 -2.85068 -1.27740 2 
111.603 5.292 -0.88638 -4.68526 2 
114.169 5.292 -2.44537 -3.98707 2 
116.735 5.292 0.50169 -4.01144 2 
119.300 5.292 0.19835 -3.70903 2 
-8.980 2.726 6.58499 -0.42480 2 
-6.414 2.726 6.43734 -0.62124 2 
-3.848 2.726 6.18938 -0.46021 2 
-1.283 2.726 5.99425 -0.55813 2 
1.283 2.726 6.24621 -0.35588 2 
3.848 2.726 5.69009 -0.29569 2 
6.414 2.726 0.00000 -0.00000 0 
8.980 2.726 0.00000 -0.00000 0 
11.545 2.726 0.00000 -0.00000 0 
14.111 2.726 0.00000 -0.00000 0 
16.676 2.726 0.00000 -0.00000 0 
19.242 2.726 0.00000 -0.00000 0 
21.808 2.726 0.00000 -0.00000 0 
24.373 2.726 0.00000 -0.00000 0 
26.939 2.726 0.00000 -0.00000 0 
29.504 2.726 0.00000 -0.00000 0 
32.070 2.726 0.00000 -0.00000 0 
34.636 2.726 0.00000 -0.00000 0 
37.201 2.726 0.00000 -0.00000 0 
39.767 2.726 0.00000 -0.00000 0 
42.332 2.726 0.00000 -0.00000 0 
44.898 2.726 0.00000 -0.00000 0 
47.464 2.726 -0.37076 -0.19015 2 
50.029 2.726 -0.62324 -0.09358 2 
52.595 2.726 -0.56691 -0.14735 2 
55.160 2.726 -1.37418 -0.59541 2 
57.726 2.726 -1.50598 -0.37373 2 
60.292 2.726 -1.25301 -0.07090 2 
62.857 2.726 -1.02051 -0.44829 2 
65.423 2.726 -0.32229 -0.54993 2 
67.988 2.726 -0.57732 -0.57727 2 
70.554 2.726 -0.82056 -0.71489 2 
73.120 2.726 -0.92820 -0.71030 2 
75.685 2.726 -1.09454 -0.74547 2 
78.251 2.726 -0.61437 -0.78771 2 
80.816 2.726 -0.71891 -1.61203 2 
83.382 2.726 -0.65737 -0.78152 2 
85.948 2.726 -1.38923 -1.19475 2 
88.513 2.726 -2.14032 -0.30132 2 
91.079 2.726 -1.78555 -0.07170 2 
93.644 2.726 -2.45602 -0.79453 2 
96.210 2.726 -2.91741 -0.30674 2 
98.776 2.726 -2.80372 -0.39399 2 
101.341 2.726 -4.55735 -0.29418 2 
103.907 2.726 -4.27945 0.13064 2 
106.472 2.726 -2.93629 -0.17461 2 
109.038 2.726 -2.69129 -0.75884 2 
111.603 2.726 -4.01674 -1.62286 2 
114.169 2.726 -1.38102 -2.70806 2 
116.735 2.726 0.61275 -2.91046 2 
119.300 2.726 -0.06095 -2.73286 2 
-8.980 0.160 6.75139 -0.61068 2 
-6.414 0.160 6.63417 -0.62227 2 
-3.848 0.160 6.50079 -0.75239 2 
-1.283 0.160 6.06321 -0.68697 2 
1.283 0.160 6.22691 -0.82429 2 
3.848 0.160 0.00000 -0.00000 0 
6.414 0.160 0.00000 -0.00000 0 
8.980 0.160 0.00000 -0.00000 0 
11.545 0.160 0.00000 -0.00000 0 
14.111 0.160 0.00000 -0.00000 0 
16.676 0.160 0.00000 -0.00000 0 
19.242 0.160 0.00000 -0.00000 0 
21.808 0.160 0.00000 -0.00000 0 
24.373 0.160 0.00000 -0.00000 0 
26.939 0.160 0.00000 -0.00000 0 
29.504 0.160 0.00000 -0.00000 0 
32.070 0.160 0.00000 -0.00000 0 
34.636 0.160 0.00000 -0.00000 0 
37.201 0.160 0.00000 -0.00000 0 
39.767 0.160 -0.52100 -0.18444 2 
42.332 0.160 -0.67648 -0.43586 2 
44.898 0.160 -0.93490 -0.28458 2 
47.464 0.160 -0.74151 -0.38031 2 
50.029 0.160 -0.94026 -0.80739 2 
52.595 0.160 -1.28856 -0.90180 2 
55.160 0.160 -1.28457 -0.93413 2 
57.726 0.160 -1.40678 -0.72996 2 
60.292 0.160 -0.85150 -0.31069 2 
62.857 0.160 -1.49244 -0.49429 2 
65.423 0.160 -0.46207 -0.59087 2 
67.988 0.160 -0.74527 -0.34928 2 
70.554 0.160 -0.65165 -1.19273 2 
73.120 0.160 -1.03975 -0.70206 2 
75.685 0.160 -1.00442 -0.71033 2 
78.251 0.160 -0.83376 -0.72027 2 
80.816 0.160 -0.84831 -1.51495 2 
83.382 0.160 -0.55208 -1.36081 2 
85.948 0.160 -0.96972 -1.75847 2 
88.513 0.160 -0.89997 -0.79846 2 
91.079 0.160 -2.57363 -1.04111 2 
93.644 0.160 -2.22734 -0.92648 2 
96.210 0.160 -2.07366 -0.27432 2 
98.776 0.160 -1.64671 -0.75657 2 
101.341 0.160 -1.02680 -0.60128 2 
103.907 0.160 -0.36118 -0.34524 2 
106.472 0.160 -1.85131 -0.36796 2 
109.038 0.160 -1.59973 -1.73465 2 
111.603 0.160 -1.92310 -1.41403 2 
114.169 0.160 -0.31666 -1.42904 2 
116.735 0.160 1.25010 -1.93161 2 
119.300 0.160 0.08025 -2.06686 2 
-8.980 -2.405 6.75254 -0.63138 2 
-6.414 -2.405 6.73578 -0.74973 2 
-3.848 -2.405 6.31419 -0.89923 2 
-1.283 -2.405 6.23712 -0.73088 2 
1.283 -2.405 0.00000 -0.00000 0 
3.848 -2.405 0.00000 -0.00000 0 
6.414 -2.405 0.00000 -0.00000 0 
8.980 -2.405 0.00000 -0.00000 0 
11.545 -2.405 0.00000 -0.00000 0 
14.111 -2.405 0.00000 -0.00000 0 
16.676 -2.405 0.00000 -0.00000 0 
19.242 -2.405 0.00000 -0.00000 0 
21.808 -2.405 0.00000 -0.00000 0 
24.373 -2.405 0.00000 -0.00000 0 
26.939 -2.405 0.00000 -0.00000 0 
29.504 -2.405 0.00000 -0.00000 0 
32.070 -2.405 -1.05585 -0.45283 2 
34.636 -2.405 -1.11396 -0.46011 2 
37.201 -2.405 -1.18169 -0.49384 2 
39.767 -2.405 -1.04200 -0.36888 2 
42.332 -2.405 -1.69375 -0.37059 2 
44.898 -2.405 -1.15749 -0.58031 2 
47.464 -2.405 -0.78166 -1.11153 2 
50.029 -2.405 -1.20622 -1.12423 2 
52.595 -2.405 -1.39075 -0.96170 2 
55.160 -2.405 -1.58305 -0.88955 2 
57.726 -2.405 -1.30758 -1.08620 2 
60.292 -2.405 -1.27517 -0.71712 2 
62.857 -2.405 -1.40701 -0.63987 2 
65.423 -2.405 -0.60186 -0.63181 2 
67.988 -2.405 -0.66753 -0.25781 2 
70.554 -2.405 -0.61968 -1.08770 2 
73.120 -2.405 -0.67060 -0.86770 2 
75.685 -2.405 -0.91429 -0.67518 2 
78.251 -2.405 -0.73690 -0.89372 2 
80.816 -2.405 -0.75716 -1.72256 2 
83.382 -2.405 -0.44678 -1.94009 2 
85.948 -2.405 0.12112 -0.93295 2 
88.513 -2.405 -0.84252 -1.03436 2 
91.079 -2.405 -1.37507 -1.38722 2 
93.644 -2.405 -1.99867 -1.05843 2 
96.210 -2.405 -1.83563 -0.60596 2 
98.776 -2.405 -2.03799 -0.77304 2 
101.341 -2.405 -1.33919 -0.75180 2 
103.907 -2.405 -1.14422 -0.89620 2 
106.472 -2.405 -1.41991 -1.44104 2 
109.038 -2.405 -0.64894 -0.95681 2 
111.603 -2.405 0.37853 -1.52554 2 
114.169 -2.405 1.14268 -1.96658 2 
116.735 -2.405 1.10040 -1.65494 2 
119.300 -2.405 0.29402 -0.94210 2 
-8.980 -4.971 6.84495 -0.73582 2 
-6.414 -4.971 6.67861 -0.89781 2 
-3.848 -4.971 6.41955 -0.88978 2 
-1.283 -4.971 6.50364 -1.25498 2 
1.283 -4.971 0.00000 -0.00000 0 
3.848 -4.971 0.00000 -0.00000 0 
6.414 -4.971 0.00000 -0.00000 0 
8.980 -4.971 0.00000 -0.00000 0 
11.545 -4.971 0.00000 -0.00000 0 
14.111 -4.971 0.00000 -0.00000 0 
16.676 -4.971 0.00000 -0.00000 0 
19.242 -4.971 0.00000 -0.00000 0 
21.808 -4.971 0.00000 -0.00000 0 
24.373 -4.971 -0.63100 -0.30899 2 
26.939 -4.971 -1.01952 -0.44243 2 
29.504 -4.971 -1.47753 -0.55572 2 
32.070 -4.971 -1.81476 -0.60218 2 
34.636 -4.971 -1.94168 -0.63335 2 
37.201 -4.971 -2.08370 -0.43214 2 
39.767 -4.971 -2.03857 -0.49392 2 
42.332 -4.971 -1.46017 -0.27469 2 
44.898 -4.971 -1.39291 -0.32304 2 
47.464 -4.971 -1.59986 -1.15147 2 
50.029 -4.971 -1.75770 -1.29777 2 
52.595 -4.971 -2.14853 -0.94129 2 
55.160 -4.971 -2.06859 -0.65860 2 
57.726 -4.971 -1.62939 -0.90473 2 
60.292 -4.971 -1.34774 -0.81756 2 
62.857 -4.971 -1.45267 -0.37567 2 
65.423 -4.971 -0.38502 -0.01429 2 
67.988 -4.971 -0.58980 -0.16635 2 
70.554 -4.971 -0.58771 -0.98267 2 
73.120 -4.971 -0.30145 -1.03335 2 
75.685 -4.971 -1.09404 -1.55310 2 
78.251 -4.971 -0.93736 -1.74636 2 
80.816 -4.971 0.29427 -1.74322 2 
83.382 -4.971 0.79815 -1.84636 2 
85.948 -4.971 0.76416 -0.96530 2 
88.513 -4.971 0.06286 -1.55648 2 
91.079 -4.971 -0.41764 -0.66524 2 
93.644 -4.971 0.15222 -0.77940 2 
96.210 -4.971 -0.16986 -1.09718 2 
98.776 -4.971 -0.66675 -1.20170 2 
101.341 -4.971 -1.65158 -0.90231 2 
103.907 -4.971 -1.23431 -1.55612 2 
106.472 -4.971 -0.81704 -2.20993 2 
109.038 -4.971 0.30184 -0.17896 2 
111.603 -4.971 0.77980 0.35196 2 
114.169 -4.971 2.18423 -0.06383 2 
116.735 -4.971 2.19508 -0.01532 2 
119.300 -4.971 0.16705 -0.87005 2 
-8.980 -7.536 6.98655 -0.85906 2 
-6.414 -7.536 6.94478 -0.94045 2 
-3.848 -7.536 6.80206 -1.19819 2 
-1.283 -7.536 6.65972 -1.27219 2 
1.283 -7.536 6.23493 -1.71160 2 
3.848 -7.536 0.00000 -0.00000 0 
6.414 -7.536 5.64820 -2.46994 2 
8.980 -7.536 6.58252 -4.06173 2 
11.545 -7.536 8.37151 -4.29380 2 
14.111 -7.536 4.51383 -1.60975 2 
16.676 -7.536 0.07467 -0.20593 2 
19.242 -7.536 -0.61948 -0.13964 2 
21.808 -7.536 -0.48496 -0.35112 2 
24.373 -7.536 -1.26200 -0.61799 2 
26.939 -7.536 -2.03904 -0.88486 2 
29.504 -7.536 -0.76886 -1.12312 2 
32.070 -7.536 -2.40121 -0.48374 2 
34.636 -7.536 -2.56899 -0.36271 2 
37.201 -7.536 -2.14626 -0.72615 2 
39.767 -7.536 0.41460 -0.31468 2 
42.332 -7.536 -1.22658 -0.17879 2 
44.898 -7.536 -0.83140 -0.67223 2 
47.464 -7.536 -1.46914 -1.66504 2 
50.029 -7.536 -1.98182 -0.99666 2 
52.595 -7.536 -2.19141 -1.50356 2 
55.160 -7.536 -0.75357 0.10430 2 
57.726 -7.536 -0.88784 -0.19637 2 
60.292 -7.536 -0.74813 -0.34980 2 
62.857 -7.536 -0.53642 0.14026 2 
65.423 -7.536 -0.78697 0.17644 2 
67.988 -7.536 -0.83608 -0.52080 2 
70.554 -7.536 0.31555 -0.49259 2 
73.120 -7.536 0.58860 -1.24313 2 
75.685 -7.536 -0.46361 -1.51491 2 
78.251 -7.536 -0.71794 -1.94933 2 
80.816 -7.536 0.09188 -1.47537 2 
83.382 -7.536 1.23089 -1.54603 2 
85.948 -7.536 0.55765 -1.31662 2 
88.513 -7.536 1.21872 -0.93439 2 
91.079 -7.536 0.89142 -0.22525 2 
93.644 -7.536 1.09106 -0.59872 2 
96.210 -7.536 1.22306 -0.87653 2 
98.776 -7.536 1.04503 -0.34320 2 
101.341 -7.536 1.67011 0.13816 2 
103.907 -7.536 1.39053 -0.42166 2 
106.472 -7.536 3.03333 0.49054 2 
109.038 -7.536 3.57789 1.23008 2 
111.603 -7.536 2.02612 0.72871 2 
114.169 -7.536 2.58380 1.67173 2 
116.735 -7.536 3.28976 1.62431 2 
119.300 -7.536 0.04009 -0.79799 2 
-8.980 -10.102 7.12814 -0.98231 2 
-6.414 -10.102 6.90628 -1.08373 2 
-3.848 -10.102 7.02980 -1.14895 2 
-1.283 -10.102 6.86144 -1.43882 2 
1.283 -10.102 6.76672 -1.59649 2 
3.848 -10.102 6.82952 -2.21859 2 
6.414 -10.102 7.13556 -2.67841 2 
8.980 -10.102 7.34356 -3.13041 2 
11.545 -10.102 8.19103 -3.49775 2 
14.111 -10.102 9.02766 -3.21951 2 
16.676 -10.102 10.21710 -3.01277 2 
19.242 -10.102 4.37522 -1.29963 2 
21.808 -10.102 1.59355 -2.88727 2 
24.373 -10.102 0.47069 -1.52677 2 
26.939 -10.102 3.81086 -1.09894 2 
29.504 -10.102 -0.06018 -1.69051 2 
32.070 -10.102 -0.92552 -0.86614 2 
34.636 -10.102 -1.79086 -0.04176 2 
37.201 -10.102 -0.70950 -1.21567 2 
39.767 -10.102 2.86778 -0.13543 2 
42.332 -10.102 2.06163 -0.54006 2 
44.898 -10.102 -0.16162 -1.00447 2 
47.464 -10.102 1.76599 -1.21505 2 
50.029 -10.102 0.16117 -1.66222 2 
52.595 -10.102 0.42765 -0.04471 2 
55.160 -10.102 0.56144 0.86721 2 
57.726 -10.102 1.00207 1.11081 2 
60.292 -10.102 -0.66732 -0.57919 2 
62.857 -10.102 -0.92255 -0.95811 2 
65.423 -10.102 -0.14214 -0.23230 2 
67.988 -10.102 0.63827 0.49351 2 
70.554 -10.102 0.75239 -1.03855 2 
73.120 -10.102 0.92039 -2.04452 2 
75.685 -10.102 -0.04297 -1.93834 2 
78.251 -10.102 0.22988 -1.62045 2 
80.816 -10.102 -0.11050 -1.20751 2 
83.382 -10.102 0.35192 -1.67207 2 
85.948 -10.102 0.51612 -1.20117 2 
88.513 -10.102 1.90697 -0.20349 2 
91.079 -10.102 2.20049 0.21473 2 
93.644 -10.102 3.17467 -0.26853 2 
96.210 -10.102 2.61598 -0.65588 2 
98.776 -10.102 2.75682 0.51531 2 
101.341 -10.102 2.98455 -0.09342 2 
103.907 -10.102 3.41994 -0.36028 2 
106.472 -10.102 3.35562 1.17336 2 
109.038 -10.102 3.45395 0.60224 2 
111.603 -10.102 3.27244 1.10545 2 
114.169 -10.102 3.46710 1.79210 2 
116.735 -10.102 4.01974 1.66836 2 
119.300 -10.102 0.10415 -0.06549 2 
-8.980 -12.668 7.24312 -0.98863 2 
-6.414 -12.668 7.23331 -1.16866 2 
-3.848 -12.668 7.07788 -1.26712 2 
-1.283 -12.668 7.17121 -1.51113 2 
1.283 -12.668 7.06285 -1.82820 2 
3.848 -12.668 7.15495 -2.02058 2 
6.414 -12.668 7.16394 -2.31977 2 
8.980 -12.668 7.55464 -2.67548 2 
11.545 -12.668 8.01054 -2.70170 2 
14.111 -12.668 8.51232 -2.60862 2 
16.676 -12.668 8.69037 -2.57068 2 
19.242 -12.668 9.36991 -2.45962 2 
21.808 -12.668 5.35670 -2.54097 2 
24.373 -12.668 9.54502 -1.32045 2 
26.939 -12.668 9.66076 -1.31303 2 
29.504 -12.668 8.82189 -1.89737 2 
32.070 -12.668 8.47600 -0.96677 2 
34.636 -12.668 7.71907 -0.52942 2 
37.201 -12.668 6.96214 -0.09207 2 
39.767 -12.668 6.15599 -0.49670 2 
42.332 -12.668 5.34983 -0.90133 2 
44.898 -12.668 4.15685 -0.80393 2 
47.464 -12.668 5.00111 -0.76506 2 
50.029 -12.668 4.16404 -1.57505 2 
52.595 -12.668 4.10620 -0.62540 2 
55.160 -12.668 4.53150 0.87190 2 
57.726 -12.668 5.21981 1.47618 2 
60.292 -12.668 3.57434 0.26532 2 
62.857 -12.668 2.86989 0.30908 2 
65.423 -12.668 4.02703 0.76096 2 
67.988 -12.668 2.79957 -0.57101 2 
70.554 -12.668 2.04075 -0.55696 2 
73.120 -12.668 2.35522 -1.86863 2 
75.685 -12.668 1.43235 -1.33420 2 
78.251 -12.668 1.17771 -1.29157 2 
80.816 -12.668 1.37546 -1.61092 2 
83.382 -12.668 1.64461 -2.34180 2 
85.948 -12.668 2.11460 -0.68433 2 
88.513 -12.668 2.12909 -1.06458 2 
91.079 -12.668 3.01083 -0.12210 2 
93.644 -12.668 3.08976 -0.55089 2 
96.210 -12.668 4.27549 -0.03747 2 
98.776 -12.668 3.45301 -0.23164 2 
101.341 -12.668 4.12296 -0.45869 2 
103.907 -12.668 3.43478 0.13100 2 
106.472 -12.668 4.14614 0.29699 2 
109.038 -12.668 4.06310 0.86844 2 
111.603 -12.668 4.38959 1.13411 2 
114.169 -12.668 4.60297 1.47052 2 
116.735 -12.668 4.83506 1.45669 2 
119.300 -12.668 0.16821 0.66701 2 
-8.980 -15.233 7.35811 -0.99496 2 
-6.414 -15.233 7.23197 -1.15395 2 
-3.848 -15.233 7.19744 -1.30208 2 
-1.283 -15.233 7.12240 -1.41793 2 
1.283 -15.233 7.35508 -1.57309 2 
3.848 -15.233 7.34506 -2.10597 2 
6.414 -15.233 7.47211 -2.20620 2 
8.980 -15.233 7.63780 -2.26820 2 
11.545 -15.233 8.09138 -2.40606 2 
14.111 -15.233 8.56236 -2.42670 2 
16.676 -15.233 8.79725 -2.36354 2 
19.242 -15.233 8.80583 -2.16730 2 
21.808 -15.233 9.11985 -2.19466 2 
24.373 -15.233 9.35233 -1.75656 2 
26.939 -15.233 9.19649 -1.72980 2 
29.504 -15.233 9.70202 -1.82555 2 
32.070 -15.233 10.02655 -1.30400 2 
34.636 -15.233 9.27846 -1.12717 2 
37.201 -15.233 8.53037 -0.95033 2 
39.767 -15.233 8.58421 -1.10646 2 
42.332 -15.233 8.63804 -1.26260 2 
44.898 -15.233 8.47531 -0.60339 2 
47.464 -15.233 6.76825 -0.78525 2 
50.029 -15.233 8.16690 -1.48787 2 
52.595 -15.233 8.33423 -0.30563 2 
55.160 -15.233 8.50155 0.87660 2 
57.726 -15.233 8.36998 0.71337 2 
60.292 -15.233 7.81599 1.10983 2 
62.857 -15.233 6.66232 1.57627 2 
65.423 -15.233 6.10217 0.65553 2 
67.988 -15.233 5.03018 -0.51917 2 
70.554 -15.233 3.79099 -1.70395 2 
73.120 -15.233 3.79005 -1.69273 2 
75.685 -15.233 3.02021 -1.67478 2 
78.251 -15.233 2.85241 -1.87345 2 
80.816 -15.233 2.76774 -2.38986 2 
83.382 -15.233 2.91866 -1.72280 2 
85.948 -15.233 1.96716 0.21210 2 
88.513 -15.233 3.48077 -0.73941 2 
91.079 -15.233 4.28017 0.49302 2 
93.644 -15.233 3.41886 0.11566 2 
96.210 -15.233 3.81485 1.27963 2 
98.776 -15.233 4.90255 0.71539 2 
101.341 -15.233 4.78278 -0.26992 2 
103.907 -15.233 5.88277 0.44686 2 
106.472 -15.233 4.84140 0.32345 2 
109.038 -15.233 6.93877 2.05742 2 
111.603 -15.233 5.50674 1.16276 2 
114.169 -15.233 6.51688 1.65373 2 
116.735 -15.233 7.52702 2.14470 2 
119.300 -15.233 0.23226 1.39951 2 
-8.980 -17.799 7.32334 -0.81510 2 
-6.414 -17.799 7.26950 -1.16396 2 
-3.848 -17.799 7.38328 -1.29373 2 
-1.283 -17.799 7.31316 -1.50560 2 
1.283 -17.799 7.34107 -1.55350 2 
3.848 -17.799 7.40882 -1.73417 2 
6.414 -17.799 7.67664 -1.85396 2 
8.980 -17.799 7.96153 -2.19907 2 
11.545 -17.799 8.22076 -2.18419 2 
14.111 -17.799 8.56094 -2.10688 2 
16.676 -17.799 8.64974 -2.08435 2 
19.242 -17.799 8.81166 -2.17345 2 
21.808 -17.799 8.80157 -1.94133 2 
24.373 -17.799 9.10014 -1.80022 2 
26.939 -17.799 9.18975 -1.55124 2 
29.504 -17.799 9.39047 -1.49176 2 
32.070 -17.799 9.23092 -1.25715 2 
34.636 -17.799 9.42028 -0.90749 2 
37.201 -17.799 9.04713 -1.05446 2 
39.767 -17.799 8.82277 -1.13675 2 
42.332 -17.799 9.52830 -1.18020 2 
44.898 -17.799 9.09716 -0.98807 2 
47.464 -17.799 8.53539 -0.80544 2 
50.029 -17.799 8.90180 -0.58655 2 
52.595 -17.799 9.51358 -0.01695 2 
55.160 -17.799 10.12535 0.55264 2 
57.726 -17.799 9.47773 0.83295 2 
60.292 -17.799 9.82352 0.52317 2 
62.857 -17.799 8.07016 1.05959 2 
65.423 -17.799 8.02186 0.39282 2 
67.988 -17.799 7.53007 -0.75260 2 
70.554 -17.799 5.94048 -1.01993 2 
73.120 -17.799 4.90472 -1.07324 2 
75.685 -17.799 4.60807 -2.01535 2 
78.251 -17.799 4.52711 -2.45532 2 
80.816 -17.799 4.35991 -1.77956 2 
83.382 -17.799 4.19270 -1.10380 2 
85.948 -17.799 3.72097 -0.77294 2 
88.513 -17.799 3.98999 0.59919 2 
91.079 -17.799 5.63345 1.81845 2 
93.644 -17.799 7.95803 1.76265 2 
96.210 -17.799 8.31013 2.05787 2 
98.776 -17.799 7.71346 2.02728 2 
101.341 -17.799 7.16347 -0.01509 2 
103.907 -17.799 8.52543 0.42659 2 
106.472 -17.799 7.99647 1.20008 2 
109.038 -17.799 8.26840 1.99949 2 
111.603 -17.799 9.61265 2.18285 2 
114.169 -17.799 9.45217 1.59021 2 
116.735 -17.799 8.50893 2.15085 2 
119.300 -17.799 0.29632 2.13201 2 
-8.980 -20.364 7.24000 -0.92706 2 
-6.414 -20.364 7.49710 -1.17241 2 
-3.848 -20.364 7.44790 -1.07940 2 
-1.283 -20.364 7.43236 -1.39021 2 
1.283 -20.364 7.44355 -1.41645 2 
3.848 -20.364 7.61657 -1.41380 2 
6.414 -20.364 7.69332 -1.85933 2 
8.980 -20.364 7.97013 -1.86329 2 
11.545 -20.364 8.25126 -1.80009 2 
14.111 -20.364 8.37473 -1.90819 2 
16.676 -20.364 8.57702 -1.87992 2 
19.242 -20.364 8.72506 -1.88502 2 
21.808 -20.364 8.90219 -1.75937 2 
24.373 -20.364 8.90196 -1.65145 2 
26.939 -20.364 9.06965 -1.46985 2 
29.504 -20.364 9.09152 -1.31063 2 
32.070 -20.364 9.27075 -1.23316 2 
34.636 -20.364 9.12299 -0.97854 2 
37.201 -20.364 9.04103 -1.11846 2 
39.767 -20.364 9.13419 -1.20515 2 
42.332 -20.364 9.03934 -1.17928 2 
44.898 -20.364 9.11729 -0.98406 2 
47.464 -20.364 9.16416 -0.87352 2 
50.029 -20.364 9.27882 -1.28579 2 
52.595 -20.364 9.60939 -0.54687 2 
55.160 -20.364 9.89036 0.02121 2 
57.726 -20.364 9.74515 0.07504 2 
60.292 -20.364 8.98782 0.35159 2 
62.857 -20.364 8.76542 0.30962 2 
65.423 -20.364 8.45278 -0.28222 2 
67.988 -20.364 8.01841 -0.77934 2 
70.554 -20.364 8.34197 -1.55508 2 
73.120 -20.364 9.57147 -1.21727 2 
75.685 -20.364 7.15262 -1.86656 2 
78.251 -20.364 4.92518 -2.39083 2 
80.816 -20.364 4.05401 -2.32681 2 
83.382 -20.364 4.89673 -0.78103 2 
85.948 -20.364 5.50566 0.71942 2 
88.513 -20.364 5.26609 0.04855 2 
91.079 -20.364 6.80869 0.91332 2 
93.644 -20.364 8.35129 1.77809 2 
96.210 -20.364 8.13480 1.27989 2 
98.776 -20.364 8.17032 0.44780 2 
101.341 -20.364 9.35545 1.02705 2 
103.907 -20.364 9.84493 1.35123 2 
106.472 -20.364 9.89224 1.39805 2 
109.038 -20.364 9.59802 1.94156 2 
111.603 -20.364 9.36912 1.84841 2 
114.169 -20.364 9.07043 2.00211 2 
116.735 -20.364 9.49084 2.15701 2 
119.300 -20.364 0.00000 -0.00000 0 
-8.980 -22.930 7.15666 -1.03902 2 
-6.414 -22.930 7.38317 -1.08075 2 
-3.848 -22.930 7.56384 -1.18606 2 
-1.283 -22.930 7.62108 -1.15887 2 
1.283 -22.930 7.55416 -1.49531 2 
3.848 -22.930 7.76970 -1.36334 2 
6.414 -22.930 7.95709 -1.54035 2 
8.980 -22.930 7.99576 -1.71665 2 
11.545 -22.930 8.19930 -1.90620 2 
14.111 -22.930 8.34607 -1.66989 2 
16.676 -22.930 8.63550 -1.75194 2 
19.242 -22.930 8.73092 -1.72003 2 
21.808 -22.930 8.75250 -1.63340 2 
24.373 -22.930 8.97230 -1.30527 2 
26.939 -22.930 8.77650 -1.41717 2 
29.504 -22.930 9.01485 -1.39989 2 
32.070 -22.930 9.05272 -1.04569 2 
34.636 -22.930 9.13519 -1.15905 2 
37.201 -22.930 9.19048 -1.02480 2 
39.767 -22.930 9.08757 -0.95239 2 
42.332 -22.930 9.11829 -1.05220 2 
44.898 -22.930 9.26447 -1.07154 2 
47.464 -22.930 9.22967 -0.93877 2 
50.029 -22.930 9.42504 -0.92137 2 
52.595 -22.930 9.42398 -0.90745 2 
55.160 -22.930 9.65536 -0.51022 2 
57.726 -22.930 9.47910 -0.16457 2 
60.292 -22.930 9.15531 -0.29117 2 
62.857 -22.930 8.83987 -0.36949 2 
65.423 -22.930 8.57267 -0.46847 2 
67.988 -22.930 8.64422 -0.94522 2 
70.554 -22.930 8.59375 -0.98825 2 
73.120 -22.930 9.36396 -1.19558 2 
75.685 -22.930 9.69717 -1.71776 2 
78.251 -22.930 7.49518 -1.81456 2 
80.816 -22.930 8.79583 -1.03111 2 
83.382 -22.930 9.32177 -0.18295 2 
85.948 -22.930 9.95202 0.93061 2 
88.513 -22.930 11.10073 0.88443 2 
91.079 -22.930 10.04857 1.17061 2 
93.644 -22.930 8.99640 1.45679 2 
96.210 -22.930 9.19918 0.69914 2 
98.776 -22.930 9.15483 0.30979 2 
101.341 -22.930 9.42444 0.95003 2 
103.907 -22.930 9.59390 1.28934 2 
106.472 -22.930 9.60589 1.40564 2 
109.038 -22.930 9.16424 1.70233 2 
111.603 -22.930 9.22789 1.53196 2 
114.169 -22.930 8.89448 1.74613 2 
116.735 -22.930 9.57885 1.90827 2 
119.300 -22.930 0.00000 -0.00000 0 
-8.980 -25.496 7.36528 -0.95898 2 
-6.414 -25.496 7.67180 -1.11494 2 
-3.848 -25.496 7.59815 -1.22727 2 
-1.283 -25.496 7.76540 -1.22176 2 
1.283 -25.496 7.62403 -1.31004 2 
3.848 -25.496 7.75708 -1.20621 2 
6.414 -25.496 7.98182 -1.55248 2 
8.980 -25.496 8.14182 -1.51117 2 
11.545 -25.496 8.22078 -1.42091 2 
14.111 -25.496 8.34747 -1.64244 2 
16.676 -25.496 8.50338 -1.65792 2 
19.242 -25.496 8.69620 -1.38957 2 
21.808 -25.496 8.85801 -1.54703 2 
24.373 -25.496 8.69171 -1.44127 2 
26.939 -25.496 8.88330 -1.25645 2 
29.504 -25.496 8.92346 -1.12547 2 
32.070 -25.496 8.97799 -1.31096 2 
34.636 -25.496 8.84117 -0.96776 2 
37.201 -25.496 9.19552 -1.01354 2 
39.767 -25.496 8.98632 -0.96933 2 
42.332 -25.496 9.07622 -0.99745 2 
44.898 -25.496 8.92649 -0.91902 2 
47.464 -25.496 9.21794 -0.98715 2 
50.029 -25.496 9.18432 -0.95815 2 
52.595 -25.496 9.32215 -0.75966 2 
55.160 -25.496 9.44972 -0.63820 2 
57.726 -25.496 9.40118 -0.62637 2 
60.292 -25.496 9.23064 -0.46094 2 
62.857 -25.496 9.10014 -0.40605 2 
65.423 -25.496 8.79697 -0.53054 2 
67.988 -25.496 8.99438 -0.92533 2 
70.554 -25.496 8.90572 -0.95839 2 
73.120 -25.496 9.15644 -1.17389 2 
75.685 -25.496 9.67011 -1.15667 2 
78.251 -25.496 10.06519 -1.23829 2 
80.816 -25.496 10.01692 -0.60302 2 
83.382 -25.496 9.71919 -0.12840 2 
85.948 -25.496 10.10628 0.70034 2 
88.513 -25.496 10.29220 0.86106 2 
91.079 -25.496 9.62984 1.28652 2 
93.644 -25.496 9.61124 1.01573 2 
96.210 -25.496 9.42614 0.85535 2 
98.776 -25.496 9.36838 0.66663 2 
101.341 -25.496 9.49343 0.87302 2 
103.907 -25.496 9.38182 1.04117 2 
106.472 -25.496 9.52324 1.15970 2 
109.038 -25.496 9.11868 1.26839 2 
111.603 -25.496 9.03931 1.39156 2 
114.169 -25.496 8.86524 1.52980 2 
116.735 -25.496 8.93672 1.77943 2 
119.300 -25.496 0.00000 -0.00000 0 
-8.980 -28.061 7.57391 -0.87895 2 
-6.414 -28.061 7.61168 -0.97112 2 
-3.848 -28.061 7.56448 -0.97272 2 
-1.283 -28.061 7.65412 -1.15809 2 
1.283 -28.061 7.88971 -1.12632 2 
3.848 -28.061 7.98655 -1.22226 2 
6.414 -28.061 7.88060 -1.30235 2 
8.980 -28.061 8.18836 -1.37799 2 
11.545 -28.061 8.33287 -1.43957 2 
14.111 -28.061 8.43107 -1.33990 2 
16.676 -28.061 8.58954 -1.27880 2 
19.242 -28.061 8.61734 -1.42862 2 
21.808 -28.061 8.71297 -1.23555 2 
24.373 -28.061 8.78953 -1.13346 2 
26.939 -28.061 8.74921 -1.23235 2 
29.504 -28.061 8.87124 -1.09583 2 
32.070 -28.061 8.89244 -0.95307 2 
34.636 -28.061 8.99637 -1.17860 2 
37.201 -28.061 8.93770 -0.88003 2 
39.767 -28.061 8.99418 -0.83458 2 
42.332 -28.061 9.02952 -0.75235 2 
44.898 -28.061 9.09215 -0.99038 2 
47.464 -28.061 9.22285 -0.73724 2 
50.029 -28.061 9.07923 -0.79871 2 
52.595 -28.061 9.21075 -0.73854 2 
55.160 -28.061 9.30797 -0.50421 2 
57.726 -28.061 9.27101 -0.65947 2 
60.292 -28.061 8.91673 -0.41106 2 
62.857 -28.061 9.12705 -0.49742 2 
65.423 -28.061 9.00737 -0.66023 2 
67.988 -28.061 9.01919 -0.78028 2 
70.554 -28.061 9.19935 -0.92025 2 
73.120 -28.061 9.54571 -0.87727 2 
75.685 -28.061 9.47709 -0.83408 2 
78.251 -28.061 9.93377 -0.72409 2 
80.816 -28.061 10.17274 -0.77710 2 
83.382 -28.061 10.11661 -0.07386 2 
85.948 -28.061 9.89186 0.47870 2 
88.513 -28.061 9.80160 0.77158 2 
91.079 -28.061 9.77897 0.98237 2 
93.644 -28.061 9.35294 0.50273 2 
96.210 -28.061 9.41332 0.78187 2 
98.776 -28.061 9.40531 0.87965 2 
101.341 -28.061 9.41692 0.92944 2 
103.907 -28.061 9.26066 0.96057 2 
106.472 -28.061 9.28553 1.00556 2 
109.038 -28.061 9.04540 1.26088 2 
111.603 -28.061 8.91944 1.48238 2 
114.169 -28.061 8.67668 1.29653 2 
116.735 -28.061 9.02046 1.49704 2 
119.300 -28.061 0.00000 -0.00000 0 
-8.980 -30.627 7.65217 -0.91574 2 
-6.414 -30.627 7.66938 -1.07954 2 
-3.848 -30.627 7.73451 -0.97446 2 
-1.283 -30.627 7.88334 -1.04597 2 
1.283 -30.627 7.83147 -0.99895 2 
3.848 -30.627 7.99901 -1.23085 2 
6.414 -30.627 8.06465 -1.29758 2 
8.980 -30.627 8.33875 -1.21406 2 
11.545 -30.627 8.21333 -1.21609 2 
14.111 -30.627 8.28439 -1.40358 2 
16.676 -30.627 8.43531 -1.30276 2 
19.242 -30.627 8.65292 -1.12870 2 
21.808 -30.627 8.60875 -1.50715 2 
24.373 -30.627 8.74256 -1.27551 2 
26.939 -30.627 8.85212 -1.23820 2 
29.504 -30.627 8.83186 -0.96631 2 
32.070 -30.627 8.85924 -0.95009 2 
34.636 -30.627 8.73889 -0.95463 2 
37.201 -30.627 8.91014 -0.92539 2 
39.767 -30.627 8.96141 -0.91752 2 
42.332 -30.627 8.97199 -0.94365 2 
44.898 -30.627 9.00877 -0.80062 2 
47.464 -30.627 8.95099 -0.70802 2 
50.029 -30.627 9.17907 -0.66299 2 
52.595 -30.627 8.98892 -0.60058 2 
55.160 -30.627 9.19330 -0.75214 2 
57.726 -30.627 9.18890 -0.47112 2 
60.292 -30.627 9.19918 -0.46217 2 
62.857 -30.627 8.97692 -0.57572 2 
65.423 -30.627 8.99021 -0.66949 2 
67.988 -30.627 9.11419 -0.67289 2 
70.554 -30.627 9.14098 -0.62414 2 
73.120 -30.627 9.18653 -0.57551 2 
75.685 -30.627 9.50898 -0.77451 2 
78.251 -30.627 9.67159 -0.34842 2 
80.816 -30.627 9.77443 -0.29217 2 
83.382 -30.627 9.83636 -0.13562 2 
85.948 -30.627 9.67744 0.25706 2 
88.513 -30.627 9.66091 0.44747 2 
91.079 -30.627 9.67126 0.56065 2 
93.644 -30.627 9.51479 0.65543 2 
96.210 -30.627 9.17905 0.70505 2 
98.776 -30.627 9.30396 0.77337 2 
101.341 -30.627 9.27961 0.68528 2 
103.907 -30.627 9.10006 0.90660 2 
106.472 -30.627 9.16750 0.95150 2 
109.038 -30.627 9.03208 1.03637 2 
111.603 -30.627 8.89729 1.21799 2 
114.169 -30.627 8.73480 1.32433 2 
116.735 -30.627 8.92103 1.18723 2 
119.300 -30.627 0.00000 -0.00000 0 
-8.980 -33.192 7.87869 -0.93481 2 
-6.414 -33.192 7.76083 -0.84721 2 
-3.848 -33.192 7.75225 -1.07384 2 
-1.283 -33.192 7.99688 -0.91986 2 
1.283 -33.192 7.93365 -1.08564 2 
3.848 -33.192 8.08137 -1.09459 2 
6.414 -33.192 8.29223 -1.19349 2 
8.980 -33.192 8.14579 -1.05284 2 
11.545 -33.192 8.31887 -1.12820 2 
14.111 -33.192 8.46795 -1.10374 2 
16.676 -33.192 8.53902 -1.13051 2 
19.242 -33.192 8.45554 -1.10700 2 
21.808 -33.192 8.69010 -1.29157 2 
24.373 -33.192 8.66732 -1.00722 2 
26.939 -33.192 8.55749 -0.98972 2 
29.504 -33.192 8.90420 -0.96626 2 
32.070 -33.192 8.82097 -1.03727 2 
34.636 -33.192 8.85812 -1.00433 2 
37.201 -33.192 8.84665 -0.97887 2 
39.767 -33.192 8.97793 -0.75298 2 
42.332 -33.192 9.03980 -0.91930 2 
44.898 -33.192 8.94183 -0.79073 2 
47.464 -33.192 8.97194 -0.65131 2 
50.029 -33.192 9.17701 -0.73518 2 
52.595 -33.192 9.16524 -0.63636 2 
55.160 -33.192 8.96221 -0.76196 2 
57.726 -33.192 8.93199 -0.70584 2 
60.292 -33.192 9.15614 -0.58286 2 
62.857 -33.192 9.21016 -0.43443 2 
65.423 -33.192 9.12328 -0.44627 2 
67.988 -33.192 9.00149 -0.54738 2 
70.554 -33.192 9.34523 -0.54209 2 
73.120 -33.192 9.15723 -0.46219 2 
75.685 -33.192 9.48143 -0.50069 2 
78.251 -33.192 9.34095 -0.43873 2 
80.816 -33.192 9.54291 -0.19607 2 
83.382 -33.192 9.61628 0.00804 2 
85.948 -33.192 9.74778 0.22921 2 
88.513 -33.192 9.46015 0.37674 2 
91.079 -33.192 9.35926 0.42741 2 
93.644 -33.192 9.35098 0.65304 2 
96.210 -33.192 9.41208 0.62751 2 
98.776 -33.192 9.20046 0.85321 2 
101.341 -33.192 9.29570 0.78297 2 
103.907 -33.192 9.02240 0.88235 2 
106.472 -33.192 8.97362 0.95436 2 
109.038 -33.192 8.97981 0.95102 2 
111.603 -33.192 8.87082 0.99251 2 
114.169 -33.192 8.75985 1.08083 2 
116.735 -33.192 8.94892 1.10906 2 
119.300 -33.192 0.00000 -0.00000 0 
-8.980 -35.758 7.59554 -0.90613 2 
-6.414 -35.758 7.91328 -0.79059 2 
-3.848 -35.758 7.88750 -0.90111 2 
-1.283 -35.758 7.88085 -0.93520 2 
1.283 -35.758 8.05881 -0.92912 2 
3.848 -35.758 8.01362 -0.90112 2 
6.414 -35.758 8.10843 -1.05779 2 
8.980 -35.758 8.31758 -1.02959 2 
11.545 -35.758 8.33877 -1.03189 2 
14.111 -35.758 8.49952 -1.15982 2 
16.676 -35.758 8.40599 -1.09271 2 
19.242 -35.758 8.75665 -1.15274 2 
21.808 -35.758 8.53028 -0.91430 2 
24.373 -35.758 8.64894 -0.88222 2 
26.939 -35.758 8.87682 -1.11896 2 
29.504 -35.758 8.70392 -0.93959 2 
32.070 -35.758 8.85066 -0.90214 2 
34.636 -35.758 8.93919 -0.72829 2 
37.201 -35.758 8.89555 -0.72010 2 
39.767 -35.758 8.84872 -0.91137 2 
42.332 -35.758 8.89816 -0.87296 2 
44.898 -35.758 8.99387 -0.84890 2 
47.464 -35.758 9.05700 -0.61132 2 
50.029 -35.758 9.00579 -0.85099 2 
52.595 -35.758 9.15382 -0.47191 2 
55.160 -35.758 9.18023 -0.43849 2 
57.726 -35.758 9.02046 -0.57226 2 
60.292 -35.758 8.95776 -0.65693 2 
62.857 -35.758 9.05096 -0.51964 2 
65.423 -35.758 9.07347 -0.62392 2 
67.988 -35.758 9.05272 -0.51933 2 
70.554 -35.758 9.12551 -0.44643 2 
73.120 -35.758 9.02264 -0.36253 2 
75.685 -35.758 9.22539 -0.44280 2 
78.251 -35.758 9.42324 -0.31751 2 
80.816 -35.758 9.30636 -0.30481 2 
83.382 -35.758 9.47528 0.04462 2 
85.948 -35.758 9.39763 0.09128 2 
88.513 -35.758 9.30892 0.26842 2 
91.079 -35.758 9.45390 0.41036 2 
93.644 -35.758 9.22787 0.55577 2 
96.210 -35.758 9.27864 0.51247 2 
98.776 -35.758 9.16739 0.66044 2 
101.341 -35.758 9.04797 0.69127 2 
103.907 -35.758 9.12803 0.74388 2 
106.472 -35.758 8.78636 0.86834 2 
109.038 -35.758 8.88982 0.86567 2 
111.603 -35.758 8.82030 1.08473 2 
114.169 -35.758 8.65217 0.97486 2 
116.735 -35.758 8.87610 1.08516 2 
119.300 -35.758 0.00000 -0.00000 0 
-8.980 -38.324 7.80491 -0.83282 2 
-6.414 -38.324 7.85517 -0.78974 2 
-3.848 -38.324 7.96567 -0.82826 2 
-1.283 -38.324 7.89227 -0.86871 2 
1.283 -38.324 8.02979 -0.91724 2 
3.848 -38.324 8.16241 -0.95402 2 
6.414 -38.324 8.12754 -0.95889 2 
8.980 -38.324 8.17863 -0.95175 2 
11.545 -38.324 8.39880 -0.95208 2 
14.111 -38.324 8.25940 -0.94172 2 
16.676 -38.324 8.60904 -1.05706 2 
19.242 -38.324 8.60107 -0.95873 2 
21.808 -38.324 8.51237 -0.99932 2 
24.373 -38.324 8.69023 -1.02160 2 
26.939 -38.324 8.69774 -0.74970 2 
29.504 -38.324 8.63984 -1.01754 2 
32.070 -38.324 8.79600 -0.91716 2 
34.636 -38.324 8.76416 -0.96760 2 
37.201 -38.324 8.82138 -0.88167 2 
39.767 -38.324 8.87497 -0.75461 2 
42.332 -38.324 8.82227 -0.71711 2 
44.898 -38.324 8.97149 -0.74510 2 
47.464 -38.324 8.88294 -0.73335 2 
50.029 -38.324 8.94595 -0.52589 2 
52.595 -38.324 8.98860 -0.57926 2 
55.160 -38.324 8.97454 -0.61543 2 
57.726 -38.324 9.00209 -0.61136 2 
60.292 -38.324 9.05217 -0.55124 2 
62.857 -38.324 9.18023 -0.43710 2 
65.423 -38.324 9.03162 -0.44451 2 
67.988 -38.324 9.08671 -0.44616 2 
70.554 -38.324 9.17124 -0.44234 2 
73.120 -38.324 9.16181 -0.49513 2 
75.685 -38.324 9.14523 -0.25832 2 
78.251 -38.324 9.22301 -0.04252 2 
80.816 -38.324 9.41650 -0.07580 2 
83.382 -38.324 9.37239 0.05679 2 
85.948 -38.324 9.18099 -0.01029 2 
88.513 -38.324 9.36635 0.43078 2 
91.079 -38.324 9.21810 0.34338 2 
93.644 -38.324 9.23825 0.38195 2 
96.210 -38.324 9.11273 0.44926 2 
98.776 -38.324 8.94729 0.71525 2 
101.341 -38.324 9.03105 0.68043 2 
103.907 -38.324 8.87797 0.79488 2 
106.472 -38.324 9.02399 0.84840 2 
109.038 -38.324 8.83692 0.76067 2 
111.603 -38.324 8.67665 0.92504 2 
114.169 -38.324 8.85197 0.90263 2 
116.735 -38.324 8.80328 1.06126 2 
119.300 -38.324 0.00000 -0.00000 0 
-8.980 -40.889 7.78411 -0.90334 2 
-6.414 -40.889 7.94883 -0.79573 2 
-3.848 -40.889 7.78294 -0.94981 2 
-1.283 -40.889 8.02932 -0.84742 2 
1.283 -40.889 8.09011 -0.88692 2 
3.848 -40.889 8.06067 -0.81123 2 
6.414 -40.889 8.16482 -0.95384 2 
8.980 -40.889 8.16182 -0.83869 2 
11.545 -40.889 8.19373 -0.99099 2 
14.111 -40.889 8.39740 -0.87061 2 
16.676 -40.889 8.44347 -0.85026 2 
19.242 -40.889 8.52499 -0.79033 2 
21.808 -40.889 8.61532 -0.91966 2 
24.373 -40.889 8.65132 -0.85484 2 
26.939 -40.889 8.60399 -0.86926 2 
29.504 -40.889 8.65319 -0.81486 2 
32.070 -40.889 8.70201 -0.83324 2 
34.636 -40.889 8.82658 -0.77492 2 
37.201 -40.889 8.73654 -0.82248 2 
39.767 -40.889 8.78271 -0.74188 2 
42.332 -40.889 8.82194 -0.75881 2 
44.898 -40.889 8.95942 -0.72631 2 
47.464 -40.889 8.91685 -0.63821 2 
50.029 -40.889 8.91682 -0.61591 2 
52.595 -40.889 9.13021 -0.57841 2 
55.160 -40.889 8.80905 -0.41053 2 
57.726 -40.889 9.06992 -0.63523 2 
60.292 -40.889 8.95824 -0.40644 2 
62.857 -40.889 8.85334 -0.35502 2 
65.423 -40.889 8.96834 -0.47161 2 
67.988 -40.889 9.12160 -0.24511 2 
70.554 -40.889 9.11279 -0.39921 2 
73.120 -40.889 9.08658 -0.28130 2 
75.685 -40.889 9.16480 -0.18430 2 
78.251 -40.889 9.11158 -0.13331 2 
80.816 -40.889 9.19627 -0.04643 2 
83.382 -40.889 9.24208 0.08663 2 
85.948 -40.889 9.16738 0.15714 2 
88.513 -40.889 9.05477 0.25998 2 
91.079 -40.889 9.29778 0.33998 2 
93.644 -40.889 9.05543 0.45494 2 
96.210 -40.889 9.00986 0.51540 2 
98.776 -40.889 9.09542 0.62209 2 
101.341 -40.889 8.90341 0.62043 2 
103.907 -40.889 8.99175 0.65795 2 
106.472 -40.889 8.76065 0.71941 2 
109.038 -40.889 8.89984 0.73376 2 
111.603 -40.889 8.79510 0.91652 2 
114.169 -40.889 8.60383 0.85469 2 
116.735 -40.889 8.70264 0.90803 2 
119.300 -40.889 0.00000 -0.00000 0 
-8.980 -43.455 7.87489 -0.66125 2 
-6.414 -43.455 7.99002 -0.80193 2 
-3.848 -43.455 7.95350 -0.92054 2 
-1.283 -43.455 7.96232 -0.82254 2 
1.283 -43.455 8.10350 -0.83895 2 
3.848 -43.455 8.19091 -0.83289 2 
6.414 -43.455 8.16433 -0.89651 2 
8.980 -43.455 8.34891 -0.97511 2 
11.545 -43.455 8.21449 -0.79954 2 
14.111 -43.455 8.48320 -0.93233 2 
16.676 -43.455 8.46656 -0.97247 2 
19.242 -43.455 8.38178 -0.90065 2 
21.808 -43.455 8.65773 -0.89622 2 
24.373 -43.455 8.67339 -0.85180 2 
26.939 -43.455 8.76927 -0.88240 2 
29.504 -43.455 8.69705 -0.72167 2 
32.070 -43.455 8.65749 -0.82704 2 
34.636 -43.455 8.89584 -0.71322 2 
37.201 -43.455 8.78095 -0.78029 2 
39.767 -43.455 8.84577 -0.60554 2 
42.332 -43.455 8.80039 -0.62863 2 
44.898 -43.455 8.64992 -0.68648 2 
47.464 -43.455 8.98341 -0.52364 2 
50.029 -43.455 8.88760 -0.78813 2 
52.595 -43.455 8.83275 -0.50281 2 
55.160 -43.455 8.89570 -0.64768 2 
57.726 -43.455 8.90018 -0.27763 2 
60.292 -43.455 8.79176 -0.28044 2 
62.857 -43.455 8.96416 -0.42387 2 
65.423 -43.455 8.99885 -0.23906 2 
67.988 -43.455 9.08871 -0.60414 2 
70.554 -43.455 8.85937 -0.22947 2 
73.120 -43.455 8.96462 -0.24740 2 
75.685 -43.455 8.93318 -0.20917 2 
78.251 -43.455 8.98741 -0.19790 2 
80.816 -43.455 8.94004 -0.09987 2 
83.382 -43.455 9.08439 0.08542 2 
85.948 -43.455 9.15637 0.15569 2 
88.513 -43.455 9.08584 0.22680 2 
91.079 -43.455 8.97592 0.46500 2 
93.644 -43.455 9.10253 0.36068 2 
96.210 -43.455 8.96813 0.42093 2 
98.776 -43.455 9.01337 0.48605 2 
101.341 -43.455 8.92035 0.60247 2 
103.907 -43.455 8.94653 0.63595 2 
106.472 -43.455 8.85899 0.78361 2 
109.038 -43.455 8.82902 0.80004 2 
111.603 -43.455 8.72675 0.65368 2 
114.169 -43.455 8.52729 0.84785 2 
116.735 -43.455 8.95432 1.02419 2 
119.300 -43.455 0.00000 -0.00000 0 
-8.980 -46.020 8.08977 -0.75565 2 
-6.414 -46.020 7.86434 -0.82416 2 
-3.848 -46.020 7.93331 -0.71574 2 
-1.283 -46.020 8.00579 -0.72903 2 
1.283 -46.020 8.14818 -0.88641 2 
3.848 -46.020 8.08530 -0.78204 2 
6.414 -46.020 8.22055 -0.84812 2 
8.980 -46.020 8.24960 -0.75950 2 
11.545 -46.020 8.29279 -0.90030 2 
14.111 -46.020 8.36129 -0.79702 2 
16.676 -46.020 8.37659 -0.85595 2 
19.242 -46.020 8.49664 -0.85991 2 
21.808 -46.020 8.46390 -0.81871 2 
24.373 -46.020 8.49850 -0.72655 2 
26.939 -46.020 8.55332 -0.83946 2 
29.504 -46.020 8.64345 -0.81566 2 
32.070 -46.020 8.79952 -0.74711 2 
34.636 -46.020 8.70218 -0.77529 2 
37.201 -46.020 8.68326 -0.60388 2 
39.767 -46.020 8.77312 -0.86393 2 
42.332 -46.020 8.77716 -0.62541 2 
44.898 -46.020 8.87748 -0.71357 2 
47.464 -46.020 8.74488 -0.69177 2 
50.029 -46.020 8.89712 -0.52332 2 
52.595 -46.020 8.81247 -0.53518 2 
55.160 -46.020 8.70892 -0.51164 2 
57.726 -46.020 8.94769 -0.43882 2 
60.292 -46.020 9.03519 -0.46766 2 
62.857 -46.020 8.95913 -0.38121 2 
65.423 -46.020 8.82304 -0.39913 2 
67.988 -46.020 8.99234 -0.34297 2 
70.554 -46.020 8.92163 -0.24563 2 
73.120 -46.020 9.07658 -0.22744 2 
75.685 -46.020 9.13553 -0.30335 2 
78.251 -46.020 9.03214 -0.06098 2 
80.816 -46.020 9.16624 -0.00986 2 
83.382 -46.020 9.01617 0.00702 2 
85.948 -46.020 8.93206 0.10019 2 
88.513 -46.020 9.00386 0.24001 2 
91.079 -46.020 9.05955 0.29840 2 
93.644 -46.020 8.91319 0.50976 2 
96.210 -46.020 8.92667 0.43693 2 
98.776 -46.020 8.87335 0.58640 2 
101.341 -46.020 8.94117 0.54261 2 
103.907 -46.020 8.93652 0.53377 2 
106.472 -46.020 8.76989 0.60857 2 
109.038 -46.020 8.77019 0.63707 2 
111.603 -46.020 8.70121 0.78128 2 
114.169 -46.020 8.71628 0.57818 2 
116.735 -46.020 8.77982 0.79901 2 
119.300 -46.020 0.00000 -0.00000 0 
-8.980 -48.586 7.77677 -0.70173 2 
-6.414 -48.586 7.95152 -0.70425 2 
-3.848 -48.586 7.99222 -0.79383 2 
-1.283 -48.586 7.98786 -0.67969 2 
1.283 -48.586 8.15681 -0.90800 2 
3.848 -48.586 8.07763 -0.77280 2 
6.414 -48.586 8.05447 -0.86879 2 
8.980 -48.586 8.25536 -0.99935 2 
11.545 -48.586 8.32066 -0.92723 2 
14.111 -48.586 8.37241 -0.92698 2 
16.676 -48.586 8.41417 -0.75328 2 
19.242 -48.586 8.44471 -0.87952 2 
21.808 -48.586 8.60556 -0.79674 2 
24.373 -48.586 8.58786 -0.72216 2 
26.939 -48.586 8.71163 -0.72196 2 
29.504 -48.586 8.72739 -0.85283 2 
32.070 -48.586 8.55640 -0.74501 2 
34.636 -48.586 8.79068 -0.67830 2 
37.201 -48.586 8.76738 -0.80484 2 
39.767 -48.586 8.71209 -0.57985 2 
42.332 -48.586 8.71053 -0.58182 2 
44.898 -48.586 8.81310 -0.62210 2 
47.464 -48.586 8.89259 -0.42529 2 
50.029 -48.586 8.78802 -0.63442 2 
52.595 -48.586 8.96145 -0.52632 2 
55.160 -48.586 8.74116 -0.54354 2 
57.726 -48.586 8.89100 -0.32130 2 
60.292 -48.586 8.87229 -0.52918 2 
62.857 -48.586 8.88578 -0.28930 2 
65.423 -48.586 8.91434 -0.23357 2 
67.988 -48.586 8.91947 -0.29108 2 
70.554 -48.586 8.90356 -0.13198 2 
73.120 -48.586 8.98715 -0.11768 2 
75.685 -48.586 8.88664 -0.09442 2 
78.251 -48.586 8.97913 0.05309 2 
80.816 -48.586 8.96419 0.05929 2 
83.382 -48.586 8.97650 0.12885 2 
85.948 -48.586 8.94424 0.09159 2 
88.513 -48.586 8.90582 0.23655 2 
91.079 -48.586 8.94136 0.35643 2 
93.644 -48.586 8.89653 0.44913 2 
96.210 -48.586 8.87171 0.37998 2 
98.776 -48.586 8.81197 0.54910 2 
101.341 -48.586 8.72434 0.66648 2 
103.907 -48.586 8.80502 0.58059 2 
106.472 -48.586 8.76187 0.47930 2 
109.038 -48.586 8.78317 0.69782 2 
111.603 -48.586 8.71219 0.57167 2 
114.169 -48.586 8.48707 0.70418 2 
116.735 -48.586 8.76124 0.76084 2 
119.300 -48.586 0.00000 -0.00000 0 
-8.980 -51.152 8.11774 -0.57201 2 
-6.414 -51.152 8.01451 -0.76016 2 
-3.848 -51.152 8.15612 -0.76041 2 
-1.283 -51.152 7.88137 -0.74826 2 
1.283 -51.152 8.17527 -0.67791 2 
3.848 -51.152 8.22895 -0.68874 2 
6.414 -51.152 8.13161 -0.85699 2 
8.980 -51.152 8.21442 -0.71499 2 
11.545 -51.152 8.44471 -0.75352 2 
14.111 -51.152 8.33555 -0.66784 2 
16.676 -51.152 8.43660 -0.89023 2 
19.242 -51.152 8.49698 -0.72529 2 
21.808 -51.152 8.50367 -0.75445 2 
24.373 -51.152 8.49440 -0.79154 2 
26.939 -51.152 8.56979 -0.74960 2 
29.504 -51.152 8.77718 -0.65324 2 
32.070 -51.152 8.63576 -0.77186 2 
34.636 -51.152 8.71781 -0.65320 2 
37.201 -51.152 8.64218 -0.64961 2 
39.767 -51.152 8.70559 -0.58967 2 
42.332 -51.152 8.72882 -0.54783 2 
44.898 -51.152 8.80801 -0.65435 2 
47.464 -51.152 8.74700 -0.52974 2 
50.029 -51.152 8.90692 -0.57917 2 
52.595 -51.152 8.75085 -0.59317 2 
55.160 -51.152 8.90504 -0.49374 2 
57.726 -51.152 8.82270 -0.28410 2 
60.292 -51.152 8.75948 -0.39623 2 
62.857 -51.152 8.89311 -0.28886 2 
65.423 -51.152 8.76567 -0.29680 2 
67.988 -51.152 8.99227 -0.23214 2 
70.554 -51.152 8.90133 -0.33540 2 
73.120 -51.152 8.96162 -0.07968 2 
75.685 -51.152 8.88329 -0.14283 2 
78.251 -51.152 8.89643 -0.01906 2 
80.816 -51.152 8.95703 0.00222 2 
83.382 -51.152 8.77234 0.15291 2 
85.948 -51.152 8.97147 0.15831 2 
88.513 -51.152 8.87818 0.24881 2 
91.079 -51.152 8.93591 0.25658 2 
93.644 -51.152 8.79019 0.28957 2 
96.210 -51.152 8.79164 0.52461 2 
98.776 -51.152 8.80725 0.38633 2 
101.341 -51.152 8.77563 0.51364 2 
103.907 -51.152 8.83362 0.44517 2 
106.472 -51.152 8.66810 0.64072 2 
109.038 -51.152 8.57711 0.57000 2 
111.603 -51.152 8.60976 0.66913 2 
114.169 -51.152 8.92336 0.55079 2 
116.735 -51.152 9.10942 0.93423 2 
119.300 -51.152 0.00000 -0.00000 0 
-8.980 -53.717 8.22940 -0.68325 2 
-6.414 -53.717 8.24214 -0.77094 2 
-3.848 -53.717 8.37969 -0.73427 2 
-1.283 -53.717 8.23715 -0.77398 2 
1.283 -53.717 8.20784 -0.64054 2 
3.848 -53.717 8.23003 -0.78848 2 
6.414 -53.717 8.40483 -0.55179 2 
8.980 -53.717 8.32039 -0.75735 2 
11.545 -53.717 8.46261 -0.82005 2 
14.111 -53.717 8.42509 -0.75620 2 
16.676 -53.717 8.37284 -0.67678 2 
19.242 -53.717 8.56353 -0.86122 2 
21.808 -53.717 8.76548 -0.80984 2 
24.373 -53.717 8.57723 -0.69705 2 
26.939 -53.717 8.67129 -0.75543 2 
29.504 -53.717 8.74893 -0.73985 2 
32.070 -53.717 8.92529 -0.64845 2 
34.636 -53.717 8.49046 -0.65343 2 
37.201 -53.717 8.78652 -0.72926 2 
39.767 -53.717 8.79607 -0.60927 2 
42.332 -53.717 8.90319 -0.58539 2 
44.898 -53.717 9.01030 -0.56151 2 
47.464 -53.717 9.16505 -0.48496 2 
50.029 -53.717 9.11573 -0.40677 2 
52.595 -53.717 9.14181 -0.37857 2 
55.160 -53.717 8.89426 -0.45825 2 
57.726 -53.717 8.78942 -0.40746 2 
60.292 -53.717 8.91049 -0.48584 2 
62.857 -53.717 8.73865 -0.29872 2 
65.423 -53.717 8.83730 -0.34118 2 
67.988 -53.717 8.76166 -0.27333 2 
70.554 -53.717 8.85898 -0.09111 2 
73.120 -53.717 8.85369 -0.08760 2 
75.685 -53.717 8.91537 -0.00110 2 
78.251 -53.717 8.87168 0.00500 2 
80.816 -53.717 8.90879 0.06283 2 
83.382 -53.717 8.90175 0.11939 2 
85.948 -53.717 8.88965 0.01054 2 
88.513 -53.717 8.82123 0.26337 2 
91.079 -53.717 8.81279 0.21995 2 
93.644 -53.717 8.97566 0.32783 2 
96.210 -53.717 9.00875 0.22372 2 
98.776 -53.717 8.93986 0.49166 2 
101.341 -53.717 8.97194 0.47059 2 
103.907 -53.717 8.93958 0.55230 2 
106.472 -53.717 8.94769 0.64411 2 
109.038 -53.717 8.95581 0.73593 2 
111.603 -53.717 8.70319 0.64946 2 
114.169 -53.717 9.16952 0.62116 2 
116.735 -53.717 8.97832 0.52812 2 
119.300 -53.717 0.00000 -0.00000 0 
-8.980 -56.283 0.00000 -0.00000 0 
-6.414 -56.283 0.00000 -0.00000 0 
-3.848 -56.283 0.00000 -0.00000 0 
-1.283 -56.283 0.00000 -0.00000 0 
1.283 -56.283 0.00000 -0.00000 0 
3.848 -56.283 0.00000 -0.00000 0 
6.414 -56.283 0.00000 -0.00000 0 
8.980 -56.283 0.00000 -0.00000 0 
11.545 -56.283 0.00000 -0.00000 0 
14.111 -56.283 0.00000 -0.00000 0 
16.676 -56.283 0.00000 -0.00000 0 
19.242 -56.283 0.00000 -0.00000 0 
21.808 -56.283 0.00000 -0.00000 0 
24.373 -56.283 0.00000 -0.00000 0 
26.939 -56.283 0.00000 -0.00000 0 
29.504 -56.283 0.00000 -0.00000 0 
32.070 -56.283 0.00000 -0.00000 0 
34.636 -56.283 0.00000 -0.00000 0 
37.201 -56.283 0.00000 -0.00000 0 
39.767 -56.283 0.00000 -0.00000 0 
42.332 -56.283 0.00000 -0.00000 0 
44.898 -56.283 0.00000 -0.00000 0 
47.464 -56.283 0.00000 -0.00000 0 
50.029 -56.283 0.00000 -0.00000 0 
52.595 -56.283 0.00000 -0.00000 0 
55.160 -56.283 0.00000 -0.00000 0 
57.726 -56.283 0.00000 -0.00000 0 
60.292 -56.283 8.94035 -0.35686 2 
62.857 -56.283 8.78200 -0.19310 2 
65.423 -56.283 8.91387 -0.19459 2 
67.988 -56.283 8.90923 -0.25057 2 
70.554 -56.283 8.81645 -0.19740 2 
73.120 -56.283 8.80153 -0.11124 2 
75.685 -56.283 8.91485 -0.09946 2 
78.251 -56.283 8.82217 0.12061 2 
80.816 -56.283 8.93937 0.15064 2 
83.382 -56.283 8.91068 0.15531 2 
85.948 -56.283 8.74848 0.08989 2 
88.513 -56.283 8.69263 0.32140 2 
91.079 -56.283 8.89070 0.16902 2 
93.644 -56.283 8.79842 0.11028 2 
96.210 -56.283 8.70615 0.05155 2 
98.776 -56.283 8.61388 -0.00718 1 
101.341 -56.283 8.63032 0.01077 2 
103.907 -56.283 8.64675 0.02872 2 
106.472 -56.283 8.66319 0.04667 2 
109.038 -56.283 8.67963 0.06462 2 
111.603 -56.283 8.69606 0.08258 2 
114.169 -56.283 8.71250 0.10053 2 
116.735 -56.283 0.00000 -0.00000 0 
119.300 -56.283 0.00000 -0.00000 0 
