TITLE = "B00061"
VARIABLES = "X [mm]", "Y [mm]", "Vx [m/s]", "Vy [m/s]", "Flag"
ZONE T="Frame 1", I=51, J=39, F=POINT
-8.980 41.210 7.25636 0.29920 2 
-6.414 41.210 7.23617 0.38651 2 
-3.848 41.210 7.17377 0.34589 2 
-1.283 41.210 7.26696 0.30425 2 
1.283 41.210 7.76374 0.36318 2 
3.848 41.210 0.00000 -0.00000 0 
6.414 41.210 0.00000 -0.00000 0 
8.980 41.210 0.00000 -0.00000 0 
11.545 41.210 0.00000 -0.00000 0 
14.111 41.210 0.00000 -0.00000 0 
16.676 41.210 0.00000 -0.00000 0 
19.242 41.210 4.00283 0.32397 2 
21.808 41.210 8.00567 0.64795 2 
24.373 41.210 7.32016 0.64360 2 
26.939 41.210 7.48979 0.57812 2 
29.504 41.210 7.59682 0.87506 2 
32.070 41.210 7.49334 0.84578 2 
34.636 41.210 7.43795 0.69471 2 
37.201 41.210 7.75450 0.83557 2 
39.767 41.210 7.77216 0.79301 2 
42.332 41.210 7.75158 0.68972 2 
44.898 41.210 7.69411 0.83913 2 
47.464 41.210 8.00357 1.05416 2 
50.029 41.210 7.94301 0.70186 2 
52.595 41.210 8.11003 0.73077 2 
55.160 41.210 8.03653 0.94686 2 
57.726 41.210 8.25460 0.76648 2 
60.292 41.210 8.18605 0.77370 2 
62.857 41.210 8.23114 0.88227 2 
65.423 41.210 8.28581 0.87386 2 
67.988 41.210 8.34047 0.86545 2 
70.554 41.210 8.39514 0.85703 2 
73.120 41.210 8.45883 0.80775 2 
75.685 41.210 8.47820 0.70186 2 
78.251 41.210 8.49757 0.59598 2 
80.816 41.210 0.00000 0.00000 0 
83.382 41.210 8.55263 0.51339 2 
85.948 41.210 8.58833 0.53669 2 
88.513 41.210 8.70748 0.32783 2 
91.079 41.210 8.82663 0.11896 2 
93.644 41.210 8.54397 0.19861 2 
96.210 41.210 8.70153 -0.16586 2 
98.776 41.210 8.71701 -0.08344 2 
101.341 41.210 8.74536 -0.07212 2 
103.907 41.210 8.65489 -0.21651 2 
106.472 41.210 8.63624 0.00885 2 
109.038 41.210 8.66813 -0.23727 2 
111.603 41.210 8.47007 -0.23066 2 
114.169 41.210 8.68591 -0.29194 2 
116.735 41.210 8.57396 -0.49543 2 
119.300 41.210 0.00000 -0.00000 0 
-8.980 38.644 7.07842 0.35519 2 
-6.414 38.644 7.25570 0.28685 2 
-3.848 38.644 7.25844 0.44806 2 
-1.283 38.644 7.16711 0.39848 2 
1.283 38.644 7.54441 0.49952 2 
3.848 38.644 0.00000 -0.00000 0 
6.414 38.644 0.00000 -0.00000 0 
8.980 38.644 0.00000 -0.00000 0 
11.545 38.644 0.00000 -0.00000 0 
14.111 38.644 0.00000 -0.00000 0 
16.676 38.644 0.00000 -0.00000 0 
19.242 38.644 3.90370 0.38685 2 
21.808 38.644 7.80739 0.77370 2 
24.373 38.644 7.35123 0.89454 2 
26.939 38.644 7.46037 0.80937 2 
29.504 38.644 7.48946 0.85506 2 
32.070 38.644 7.59061 0.79583 2 
34.636 38.644 7.50292 1.00431 2 
37.201 38.644 7.61926 0.81408 2 
39.767 38.644 7.72774 0.84895 2 
42.332 38.644 7.76680 0.94969 2 
44.898 38.644 7.92462 0.76188 2 
47.464 38.644 8.03047 0.92397 2 
50.029 38.644 7.92910 0.85252 2 
52.595 38.644 7.89452 0.87441 2 
55.160 38.644 8.17639 0.81894 2 
57.726 38.644 8.13223 1.09003 2 
60.292 38.644 8.34104 0.82233 2 
62.857 38.644 8.40697 0.80973 2 
65.423 38.644 8.40395 0.91988 2 
67.988 38.644 8.35360 0.78844 2 
70.554 38.644 8.53706 0.85152 2 
73.120 38.644 8.37897 0.80674 2 
75.685 38.644 8.29297 0.67935 2 
78.251 38.644 8.69332 0.80694 2 
80.816 38.644 0.00000 0.00000 0 
83.382 38.644 8.69467 0.53308 2 
85.948 38.644 8.79407 0.45016 2 
88.513 38.644 8.65315 0.25012 2 
91.079 38.644 8.81096 0.51959 2 
93.644 38.644 8.92869 0.26386 2 
96.210 38.644 8.71153 0.21838 2 
98.776 38.644 8.87090 -0.12059 2 
101.341 38.644 8.65857 0.06617 2 
103.907 38.644 8.88174 -0.14777 2 
106.472 38.644 8.74778 -0.15528 2 
109.038 38.644 8.53042 -0.29530 2 
111.603 38.644 8.72411 -0.56239 2 
114.169 38.644 8.54434 -0.39356 2 
116.735 38.644 8.81227 -0.64378 2 
119.300 38.644 0.00000 -0.00000 0 
-8.980 36.079 6.99746 0.34879 2 
-6.414 36.079 7.23688 0.29605 2 
-3.848 36.079 7.24099 0.28690 2 
-1.283 36.079 7.08024 0.44964 2 
1.283 36.079 7.90811 0.40674 2 
3.848 36.079 0.00000 -0.00000 0 
6.414 36.079 0.00000 -0.00000 0 
8.980 36.079 0.00000 -0.00000 0 
11.545 36.079 0.00000 -0.00000 0 
14.111 36.079 0.00000 -0.00000 0 
16.676 36.079 0.00000 -0.00000 0 
19.242 36.079 3.93500 0.48549 2 
21.808 36.079 7.86999 0.97099 2 
24.373 36.079 7.27042 0.74962 2 
26.939 36.079 7.48419 0.94784 2 
29.504 36.079 7.39346 0.93686 2 
32.070 36.079 7.54005 0.80827 2 
34.636 36.079 7.50791 0.97592 2 
37.201 36.079 7.64552 0.89997 2 
39.767 36.079 7.66082 1.00296 2 
42.332 36.079 7.70232 0.96113 2 
44.898 36.079 7.75834 0.96550 2 
47.464 36.079 7.90582 0.88652 2 
50.029 36.079 7.82516 1.03634 2 
52.595 36.079 8.02156 0.71431 2 
55.160 36.079 8.07130 1.01460 2 
57.726 36.079 8.09720 0.84236 2 
60.292 36.079 8.18797 0.81031 2 
62.857 36.079 8.31006 0.82160 2 
65.423 36.079 8.29877 1.04717 2 
67.988 36.079 8.31284 0.81178 2 
70.554 36.079 8.67898 0.84600 2 
73.120 36.079 8.47759 0.87471 2 
75.685 36.079 8.75013 0.87106 2 
78.251 36.079 8.66310 0.83735 2 
80.816 36.079 0.00000 0.00000 0 
83.382 36.079 8.63145 0.55178 2 
85.948 36.079 8.73509 0.49082 2 
88.513 36.079 8.71161 0.60584 2 
91.079 36.079 8.75519 0.42501 2 
93.644 36.079 8.90383 0.19801 2 
96.210 36.079 8.72555 0.34793 2 
98.776 36.079 8.83194 0.24910 2 
101.341 36.079 8.93313 -0.13798 2 
103.907 36.079 9.01152 -0.10217 2 
106.472 36.079 8.77608 -0.19418 2 
109.038 36.079 8.74094 -0.30597 2 
111.603 36.079 8.75484 -0.57962 2 
114.169 36.079 8.71760 -0.54886 2 
116.735 36.079 8.79679 -0.74671 2 
119.300 36.079 0.00000 -0.00000 0 
-8.980 33.513 7.19783 0.29972 2 
-6.414 33.513 7.14885 0.35186 2 
-3.848 33.513 7.11217 0.40394 2 
-1.283 33.513 7.10143 0.46107 2 
1.283 33.513 7.44619 0.35107 2 
3.848 33.513 0.00000 -0.00000 0 
6.414 33.513 0.00000 -0.00000 0 
8.980 33.513 0.00000 -0.00000 0 
11.545 33.513 0.00000 -0.00000 0 
14.111 33.513 0.00000 -0.00000 0 
16.676 33.513 0.00000 -0.00000 0 
19.242 33.513 3.66345 0.36531 2 
21.808 33.513 7.32689 0.73063 2 
24.373 33.513 7.26985 0.85939 2 
26.939 33.513 7.35121 0.93132 2 
29.504 33.513 7.46195 0.85587 2 
32.070 33.513 7.47129 0.95983 2 
34.636 33.513 7.51612 1.07917 2 
37.201 33.513 7.78020 0.86131 2 
39.767 33.513 7.76101 0.99863 2 
42.332 33.513 7.83067 1.08002 2 
44.898 33.513 7.75968 0.86087 2 
47.464 33.513 7.90519 0.97729 2 
50.029 33.513 8.11301 1.00794 2 
52.595 33.513 8.00488 0.98010 2 
55.160 33.513 8.12664 1.00181 2 
57.726 33.513 8.18334 1.07630 2 
60.292 33.513 8.10836 0.89645 2 
62.857 33.513 8.35857 0.72276 2 
65.423 33.513 8.43063 0.84668 2 
67.988 33.513 8.46313 1.07008 2 
70.554 33.513 8.43554 0.70052 2 
73.120 33.513 8.66216 0.85193 2 
75.685 33.513 8.53389 0.83983 2 
78.251 33.513 8.68941 0.83818 2 
80.816 33.513 0.00000 0.00000 0 
83.382 33.513 8.71818 0.61401 2 
85.948 33.513 8.72615 0.53313 2 
88.513 33.513 8.97825 0.63033 2 
91.079 33.513 8.74647 0.31255 2 
93.644 33.513 8.71951 0.42872 2 
96.210 33.513 8.87877 0.32427 2 
98.776 33.513 8.80078 -0.11370 2 
101.341 33.513 8.88104 0.02026 2 
103.907 33.513 8.90293 -0.18773 2 
106.472 33.513 8.95490 -0.26578 2 
109.038 33.513 8.94877 -0.52418 2 
111.603 33.513 8.97663 -0.45624 2 
114.169 33.513 8.63900 -0.76066 2 
116.735 33.513 8.92917 -0.86971 2 
119.300 33.513 0.00000 -0.00000 0 
-8.980 30.948 7.13076 0.20645 2 
-6.414 30.948 7.18854 0.34938 2 
-3.848 30.948 7.05899 0.35520 2 
-1.283 30.948 7.00486 0.43416 2 
1.283 30.948 7.53076 0.48327 2 
3.848 30.948 0.00000 -0.00000 0 
6.414 30.948 0.00000 -0.00000 0 
8.980 30.948 0.00000 -0.00000 0 
11.545 30.948 0.00000 -0.00000 0 
14.111 30.948 0.00000 -0.00000 0 
16.676 30.948 0.00000 -0.00000 0 
19.242 30.948 3.74011 0.43183 2 
21.808 30.948 7.48022 0.86366 2 
24.373 30.948 7.44786 0.84741 2 
26.939 30.948 7.38100 0.93992 2 
29.504 30.948 7.42785 0.97481 2 
32.070 30.948 7.42164 0.97388 2 
34.636 30.948 7.54344 1.11514 2 
37.201 30.948 7.56941 1.04490 2 
39.767 30.948 7.77602 1.02506 2 
42.332 30.948 7.44063 1.04400 2 
44.898 30.948 7.95567 1.09788 2 
47.464 30.948 7.84478 1.05100 2 
50.029 30.948 8.03821 0.94193 2 
52.595 30.948 7.92017 1.07970 2 
55.160 30.948 8.21621 0.99549 2 
57.726 30.948 8.24070 0.97196 2 
60.292 30.948 8.44964 1.21480 2 
62.857 30.948 8.11160 0.96406 2 
65.423 30.948 8.44298 0.97797 2 
67.988 30.948 8.56613 0.82979 2 
70.554 30.948 8.50392 1.02015 2 
73.120 30.948 8.47485 0.72231 2 
75.685 30.948 8.77229 0.91940 2 
78.251 30.948 8.81813 0.78400 2 
80.816 30.948 0.00000 0.00000 0 
83.382 30.948 8.80514 0.59754 2 
85.948 30.948 8.90192 0.57859 2 
88.513 30.948 8.65415 0.62054 2 
91.079 30.948 9.00160 0.54584 2 
93.644 30.948 9.02034 0.20040 2 
96.210 30.948 9.01309 0.30022 2 
98.776 30.948 8.97107 0.14219 2 
101.341 30.948 9.04235 -0.03102 2 
103.907 30.948 8.99922 0.06957 2 
106.472 30.948 9.14494 -0.12958 2 
109.038 30.948 9.02342 -0.53677 2 
111.603 30.948 8.97770 -0.64198 2 
114.169 30.948 8.88545 -0.96045 2 
116.735 30.948 9.00936 -0.91550 2 
119.300 30.948 0.00000 -0.00000 0 
-8.980 28.382 7.23692 0.25838 2 
-6.414 28.382 7.06753 0.23246 2 
-3.848 28.382 6.94610 0.41881 2 
-1.283 28.382 7.05074 0.44479 2 
1.283 28.382 7.31821 0.64061 2 
3.848 28.382 5.39131 0.50870 2 
6.414 28.382 0.00000 -0.00000 0 
8.980 28.382 0.00000 -0.00000 0 
11.545 28.382 0.00000 -0.00000 0 
14.111 28.382 0.00000 -0.00000 0 
16.676 28.382 2.05042 0.21567 2 
19.242 28.382 5.26023 0.62610 2 
21.808 28.382 7.57900 1.01562 2 
24.373 28.382 7.18585 1.01871 2 
26.939 28.382 7.24552 1.01629 2 
29.504 28.382 7.32150 0.95192 2 
32.070 28.382 7.43750 1.14746 2 
34.636 28.382 7.56448 1.09974 2 
37.201 28.382 7.57530 1.09474 2 
39.767 28.382 7.77922 1.09357 2 
42.332 28.382 7.83216 1.15608 2 
44.898 28.382 7.92176 1.11651 2 
47.464 28.382 8.10764 1.15852 2 
50.029 28.382 7.82084 1.03132 2 
52.595 28.382 8.07124 1.18643 2 
55.160 28.382 8.12119 1.12868 2 
57.726 28.382 8.26622 1.10617 2 
60.292 28.382 8.18911 1.20365 2 
62.857 28.382 8.31226 0.98859 2 
65.423 28.382 8.29090 1.16392 2 
67.988 28.382 8.40450 0.91483 2 
70.554 28.382 8.72263 0.88155 2 
73.120 28.382 8.53651 0.91187 2 
75.685 28.382 8.65268 0.86977 2 
78.251 28.382 8.85809 0.96739 2 
80.816 28.382 8.82653 0.67761 2 
83.382 28.382 8.73405 0.72592 2 
85.948 28.382 9.01567 0.71145 2 
88.513 28.382 8.87639 0.45854 2 
91.079 28.382 8.90186 0.71112 2 
93.644 28.382 9.14414 0.36498 2 
96.210 28.382 9.03367 0.36569 2 
98.776 28.382 9.06661 0.13030 2 
101.341 28.382 9.02540 0.16592 2 
103.907 28.382 9.29537 -0.11835 2 
106.472 28.382 9.11122 -0.18753 2 
109.038 28.382 9.24932 -0.35915 2 
111.603 28.382 9.10567 -0.92341 2 
114.169 28.382 9.08477 -0.84639 2 
116.735 28.382 9.24087 -0.92004 2 
119.300 28.382 0.00000 -0.00000 0 
-8.980 25.816 6.86401 0.38796 2 
-6.414 25.816 7.10763 0.31072 2 
-3.848 25.816 7.12324 0.38893 2 
-1.283 25.816 7.10673 0.45306 2 
1.283 25.816 6.96188 0.50477 2 
3.848 25.816 6.26777 0.55097 2 
6.414 25.816 0.00000 -0.00000 0 
8.980 25.816 0.00000 -0.00000 0 
11.545 25.816 0.00000 -0.00000 0 
14.111 25.816 0.00000 -0.00000 0 
16.676 25.816 4.10084 0.43133 2 
19.242 25.816 8.20168 0.86267 2 
21.808 25.816 7.08458 1.18953 2 
24.373 25.816 7.13289 1.03727 2 
26.939 25.816 7.45636 1.08611 2 
29.504 25.816 7.35156 1.19893 2 
32.070 25.816 7.40780 1.13499 2 
34.636 25.816 7.38020 1.19290 2 
37.201 25.816 7.62925 1.04171 2 
39.767 25.816 7.48982 1.25129 2 
42.332 25.816 7.87330 1.12313 2 
44.898 25.816 7.63917 1.17277 2 
47.464 25.816 7.96878 1.11712 2 
50.029 25.816 7.93830 1.19303 2 
52.595 25.816 8.26468 1.05023 2 
55.160 25.816 8.20254 1.11949 2 
57.726 25.816 8.27946 1.10107 2 
60.292 25.816 8.24194 1.07408 2 
62.857 25.816 8.33813 1.21429 2 
65.423 25.816 8.49202 1.26792 2 
67.988 25.816 8.71672 0.90827 2 
70.554 25.816 8.53594 1.09085 2 
73.120 25.816 8.73232 1.08256 2 
75.685 25.816 8.92127 0.87613 2 
78.251 25.816 8.83272 1.00282 2 
80.816 25.816 8.94472 0.73874 2 
83.382 25.816 0.00000 0.00000 0 
85.948 25.816 8.77616 0.58542 2 
88.513 25.816 9.05699 0.73669 2 
91.079 25.816 9.07468 0.55335 2 
93.644 25.816 8.89604 0.28286 2 
96.210 25.816 8.95189 0.48401 2 
98.776 25.816 9.27818 0.26909 2 
101.341 25.816 9.15122 0.19339 2 
103.907 25.816 9.48691 0.31104 2 
106.472 25.816 9.32229 -0.36387 2 
109.038 25.816 9.57547 -0.52401 2 
111.603 25.816 9.47593 -0.70808 2 
114.169 25.816 9.42187 -0.99391 2 
116.735 25.816 9.39294 -1.53750 2 
119.300 25.816 0.00000 -0.00000 0 
-8.980 23.251 7.04132 0.09628 2 
-6.414 23.251 6.91804 0.27463 2 
-3.848 23.251 7.14031 0.29288 2 
-1.283 23.251 6.84399 0.29325 2 
1.283 23.251 6.91237 0.41394 2 
3.848 23.251 7.14423 0.59324 2 
6.414 23.251 0.00000 -0.00000 0 
8.980 23.251 0.00000 -0.00000 0 
11.545 23.251 0.00000 -0.00000 0 
14.111 23.251 0.00000 -0.00000 0 
16.676 23.251 -0.94284 -0.07060 2 
19.242 23.251 7.49881 1.16887 2 
21.808 23.251 7.04434 0.99260 2 
24.373 23.251 7.36620 1.03145 2 
26.939 23.251 7.22110 1.17988 2 
29.504 23.251 7.24602 1.22786 2 
32.070 23.251 7.26749 1.17491 2 
34.636 23.251 7.31458 1.37880 2 
37.201 23.251 7.56642 1.36545 2 
39.767 23.251 7.54425 1.24879 2 
42.332 23.251 7.78929 1.23940 2 
44.898 23.251 7.83306 1.24190 2 
47.464 23.251 7.99052 1.40106 2 
50.029 23.251 8.06736 1.22359 2 
52.595 23.251 7.99913 1.17898 2 
55.160 23.251 8.33386 1.31059 2 
57.726 23.251 8.31284 1.03779 2 
60.292 23.251 8.42244 1.18602 2 
62.857 23.251 8.29618 1.03279 2 
65.423 23.251 8.66122 1.10143 2 
67.988 23.251 8.38924 1.21742 2 
70.554 23.251 8.63113 1.24209 2 
73.120 23.251 8.46543 1.04272 2 
75.685 23.251 8.74912 0.88627 2 
78.251 23.251 9.01740 0.84224 2 
80.816 23.251 9.05881 0.93408 2 
83.382 23.251 0.00000 0.00000 0 
85.948 23.251 6.73387 0.56177 2 
88.513 23.251 9.62045 0.63737 2 
91.079 23.251 9.16015 0.61867 2 
93.644 23.251 9.23159 0.65411 2 
96.210 23.251 9.24852 0.41642 2 
98.776 23.251 9.22443 0.41516 2 
101.341 23.251 9.24266 0.12504 2 
103.907 23.251 9.51374 0.32295 2 
106.472 23.251 9.87472 0.02182 2 
109.038 23.251 10.12114 -0.46188 2 
111.603 23.251 9.88077 -0.82483 2 
114.169 23.251 9.75807 -1.36193 2 
116.735 23.251 9.51721 -1.59483 2 
119.300 23.251 0.00000 -0.00000 0 
-8.980 20.685 6.87714 0.04899 2 
-6.414 20.685 6.97294 0.23743 2 
-3.848 20.685 6.82693 0.34104 2 
-1.283 20.685 6.90565 0.21096 2 
1.283 20.685 6.98430 0.39864 2 
3.848 20.685 7.28299 0.49693 2 
6.414 20.685 0.00000 -0.00000 0 
8.980 20.685 0.00000 -0.00000 0 
11.545 20.685 0.00000 -0.00000 0 
14.111 20.685 0.00000 -0.00000 0 
16.676 20.685 3.69106 0.62055 2 
19.242 20.685 7.38212 1.24111 2 
21.808 20.685 6.91077 0.92298 2 
24.373 20.685 7.09447 1.10825 2 
26.939 20.685 7.26230 1.24157 2 
29.504 20.685 7.18051 1.38382 2 
32.070 20.685 7.55817 1.35820 2 
34.636 20.685 7.47990 1.32477 2 
37.201 20.685 7.56253 1.29175 2 
39.767 20.685 7.57242 1.36585 2 
42.332 20.685 7.88753 1.30859 2 
44.898 20.685 7.79793 1.40800 2 
47.464 20.685 7.94494 1.28706 2 
50.029 20.685 7.94483 1.25299 2 
52.595 20.685 8.01467 1.33173 2 
55.160 20.685 8.14334 1.31676 2 
57.726 20.685 8.46875 1.14051 2 
60.292 20.685 8.25249 1.48152 2 
62.857 20.685 8.43893 1.33608 2 
65.423 20.685 8.60818 1.18699 2 
67.988 20.685 9.04217 1.19550 2 
70.554 20.685 8.70661 1.26826 2 
73.120 20.685 4.23272 0.52136 2 
75.685 20.685 8.57698 0.89641 2 
78.251 20.685 8.47383 0.95103 2 
80.816 20.685 9.79846 0.98050 2 
83.382 20.685 0.00000 0.00000 0 
85.948 20.685 0.00000 0.00000 0 
88.513 20.685 0.00000 0.00000 0 
91.079 20.685 9.33609 0.79869 2 
93.644 20.685 6.63748 0.48340 2 
96.210 20.685 9.18823 0.44088 2 
98.776 20.685 9.80920 0.39547 2 
101.341 20.685 10.12878 0.39138 2 
103.907 20.685 9.66148 0.60820 2 
106.472 20.685 9.46163 0.70500 2 
109.038 20.685 10.57741 -0.57286 2 
111.603 20.685 9.61925 -1.12272 2 
114.169 20.685 10.59730 -1.67961 2 
116.735 20.685 10.26823 -2.26337 2 
119.300 20.685 0.00000 -0.00000 0 
-8.980 18.120 6.91905 -0.02754 2 
-6.414 18.120 6.88498 0.14428 2 
-3.848 18.120 6.90326 0.32622 2 
-1.283 18.120 6.54706 0.36884 2 
1.283 18.120 6.68769 0.45966 2 
3.848 18.120 6.73960 0.69273 2 
6.414 18.120 0.00000 -0.00000 0 
8.980 18.120 0.00000 -0.00000 0 
11.545 18.120 0.00000 -0.00000 0 
14.111 18.120 0.00000 -0.00000 0 
16.676 18.120 3.79520 0.57793 2 
19.242 18.120 7.59040 1.15585 2 
21.808 18.120 7.00033 1.19251 2 
24.373 18.120 7.08750 1.39541 2 
26.939 18.120 7.19052 1.24628 2 
29.504 18.120 7.20706 1.40431 2 
32.070 18.120 7.37821 1.53991 2 
34.636 18.120 7.46224 1.38909 2 
37.201 18.120 7.46310 1.40886 2 
39.767 18.120 7.70252 1.47539 2 
42.332 18.120 7.76450 1.64503 2 
44.898 18.120 7.82469 1.36594 2 
47.464 18.120 7.91897 1.63474 2 
50.029 18.120 8.08818 1.40318 2 
52.595 18.120 8.11079 1.61306 2 
55.160 18.120 8.17169 1.07826 2 
57.726 18.120 8.22944 1.52376 2 
60.292 18.120 8.97787 1.03422 2 
62.857 18.120 8.55571 1.58580 2 
65.423 18.120 8.76889 1.37470 2 
67.988 18.120 0.00000 -0.00000 0 
70.554 18.120 0.00000 -0.00000 0 
73.120 18.120 0.00000 -0.00000 0 
75.685 18.120 0.00000 -0.00000 0 
78.251 18.120 0.00000 -0.00000 0 
80.816 18.120 0.00000 -0.00000 0 
83.382 18.120 0.00000 -0.00000 0 
85.948 18.120 -0.18448 0.19594 2 
88.513 18.120 2.13077 0.48372 2 
91.079 18.120 4.44603 0.77150 2 
93.644 18.120 4.04337 0.31269 2 
96.210 18.120 4.41447 0.45087 2 
98.776 18.120 7.69042 1.03293 2 
101.341 18.120 7.41251 0.04366 2 
103.907 18.120 7.13371 1.09658 2 
106.472 18.120 9.04855 1.38819 2 
109.038 18.120 8.93251 0.74614 2 
111.603 18.120 9.35773 -1.42060 2 
114.169 18.120 10.11303 -1.22142 2 
116.735 18.120 9.37456 -2.63351 2 
119.300 18.120 0.00000 -0.00000 0 
-8.980 15.554 6.76293 -0.02110 2 
-6.414 15.554 6.84094 0.17983 2 
-3.848 15.554 6.67256 0.20041 2 
-1.283 15.554 6.73683 0.30071 2 
1.283 15.554 6.61877 0.36051 2 
3.848 15.554 6.80277 0.43341 2 
6.414 15.554 0.00000 -0.00000 0 
8.980 15.554 0.00000 -0.00000 0 
11.545 15.554 0.00000 -0.00000 0 
14.111 15.554 0.00000 -0.00000 0 
16.676 15.554 3.60229 0.63920 2 
19.242 15.554 7.20458 1.27840 2 
21.808 15.554 6.81740 1.51204 2 
24.373 15.554 7.02701 1.48024 2 
26.939 15.554 7.16978 1.48034 2 
29.504 15.554 7.08541 1.54032 2 
32.070 15.554 7.31449 1.52237 2 
34.636 15.554 7.30192 1.51073 2 
37.201 15.554 7.56379 1.56897 2 
39.767 15.554 7.79609 1.53745 2 
42.332 15.554 8.00483 1.37879 2 
44.898 15.554 7.87739 1.65509 2 
47.464 15.554 8.32567 1.63054 2 
50.029 15.554 8.09678 1.57754 2 
52.595 15.554 8.87551 0.94344 2 
55.160 15.554 0.00000 -0.00000 0 
57.726 15.554 0.00000 -0.00000 0 
60.292 15.554 0.00000 -0.00000 0 
62.857 15.554 0.00000 -0.00000 0 
65.423 15.554 0.00000 -0.00000 0 
67.988 15.554 0.00000 -0.00000 0 
70.554 15.554 0.00000 -0.00000 0 
73.120 15.554 0.00000 -0.00000 0 
75.685 15.554 0.00000 -0.00000 0 
78.251 15.554 0.00000 -0.00000 0 
80.816 15.554 -0.63793 0.04070 2 
83.382 15.554 -0.78760 -0.30964 2 
85.948 15.554 -0.86629 -0.03326 2 
88.513 15.554 -0.65516 0.35553 2 
91.079 15.554 -0.44403 0.74431 2 
93.644 15.554 -1.39424 0.53663 2 
96.210 15.554 -0.35930 0.46086 2 
98.776 15.554 0.67565 0.38508 2 
101.341 15.554 2.37155 1.36021 2 
103.907 15.554 4.60593 1.58497 2 
106.472 15.554 4.75281 1.50032 2 
109.038 15.554 7.28761 2.06514 2 
111.603 15.554 7.10962 0.41874 2 
114.169 15.554 7.53599 -1.44054 2 
116.735 15.554 8.17979 -3.43329 2 
119.300 15.554 0.00000 -0.00000 0 
-8.980 12.988 6.90970 -0.02858 2 
-6.414 12.988 6.69834 0.05837 2 
-3.848 12.988 6.84874 0.07612 2 
-1.283 12.988 6.58834 0.28592 2 
1.283 12.988 6.60900 0.26742 2 
3.848 12.988 6.08883 0.25772 2 
6.414 12.988 0.00000 -0.00000 0 
8.980 12.988 0.00000 -0.00000 0 
11.545 12.988 0.00000 -0.00000 0 
14.111 12.988 0.00000 -0.00000 0 
16.676 12.988 3.46166 0.70004 2 
19.242 12.988 6.92333 1.40007 2 
21.808 12.988 6.76705 1.54703 2 
24.373 12.988 7.04705 1.66677 2 
26.939 12.988 7.08165 1.58336 2 
29.504 12.988 7.73916 1.64158 2 
32.070 12.988 7.73787 1.58077 2 
34.636 12.988 3.65096 0.75537 2 
37.201 12.988 8.07774 1.79855 2 
39.767 12.988 3.89804 0.76872 2 
42.332 12.988 0.00000 -0.00000 0 
44.898 12.988 0.00000 -0.00000 0 
47.464 12.988 0.00000 -0.00000 0 
50.029 12.988 0.00000 -0.00000 0 
52.595 12.988 0.00000 -0.00000 0 
55.160 12.988 0.00000 -0.00000 0 
57.726 12.988 0.00000 -0.00000 0 
60.292 12.988 0.00000 -0.00000 0 
62.857 12.988 0.00000 -0.00000 0 
65.423 12.988 0.00000 -0.00000 0 
67.988 12.988 0.00000 -0.00000 0 
70.554 12.988 0.00000 -0.00000 0 
73.120 12.988 0.00000 -0.00000 0 
75.685 12.988 -0.91610 -0.22955 2 
78.251 12.988 -1.59426 -0.57359 2 
80.816 12.988 -1.04326 -0.72740 2 
83.382 12.988 -1.57519 -0.61928 2 
85.948 12.988 -1.76912 -0.10095 2 
88.513 12.988 -2.46148 0.61452 2 
91.079 12.988 -2.08484 1.12487 2 
93.644 12.988 -1.70819 1.63522 2 
96.210 12.988 -0.67314 1.74207 2 
98.776 12.988 0.36191 1.84892 2 
101.341 12.988 0.78538 1.87467 2 
103.907 12.988 2.99393 3.03482 2 
106.472 12.988 4.96070 3.61492 2 
109.038 12.988 6.75163 -0.13887 2 
111.603 12.988 7.33090 2.00293 2 
114.169 12.988 4.99886 0.63922 2 
116.735 12.988 6.27666 -1.22851 2 
119.300 12.988 0.00000 -0.00000 0 
-8.980 10.423 6.79899 -0.40035 2 
-6.414 10.423 6.65025 -0.08117 2 
-3.848 10.423 6.45567 -0.06113 2 
-1.283 10.423 6.45627 0.10509 2 
1.283 10.423 6.40276 0.11790 2 
3.848 10.423 6.30190 0.29242 2 
6.414 10.423 1.62874 0.08178 2 
8.980 10.423 0.00000 -0.00000 0 
11.545 10.423 0.00000 -0.00000 0 
14.111 10.423 0.00000 -0.00000 0 
16.676 10.423 2.76933 0.56003 2 
19.242 10.423 4.61555 0.93338 2 
21.808 10.423 7.20422 1.62509 2 
24.373 10.423 7.41840 1.73521 2 
26.939 10.423 7.69974 1.86901 2 
29.504 10.423 3.86958 0.82079 2 
32.070 10.423 0.00000 -0.00000 0 
34.636 10.423 0.00000 -0.00000 0 
37.201 10.423 0.00000 -0.00000 0 
39.767 10.423 0.00000 -0.00000 0 
42.332 10.423 0.00000 -0.00000 0 
44.898 10.423 0.00000 -0.00000 0 
47.464 10.423 0.00000 -0.00000 0 
50.029 10.423 0.00000 -0.00000 0 
52.595 10.423 0.00000 -0.00000 0 
55.160 10.423 0.00000 -0.00000 0 
57.726 10.423 0.00000 -0.00000 0 
60.292 10.423 0.00000 -0.00000 0 
62.857 10.423 0.00000 -0.00000 0 
65.423 10.423 0.00000 -0.00000 0 
67.988 10.423 -0.43191 0.15675 2 
70.554 10.423 -0.38214 -0.53864 2 
73.120 10.423 -1.03779 -0.33391 2 
75.685 10.423 -1.28200 -0.73281 2 
78.251 10.423 -1.58582 -1.00213 2 
80.816 10.423 -1.84309 -0.99420 2 
83.382 10.423 -1.96785 -0.69453 2 
85.948 10.423 -1.75183 0.44077 2 
88.513 10.423 -2.14773 0.31586 2 
91.079 10.423 -1.90975 1.30276 2 
93.644 10.423 -1.67177 2.28966 2 
96.210 10.423 -0.87328 1.60354 2 
98.776 10.423 -0.70161 1.86589 2 
101.341 10.423 0.39041 3.19026 2 
103.907 10.423 1.38194 4.48468 2 
106.472 10.423 2.09822 4.40363 2 
109.038 10.423 3.40673 2.60040 2 
111.603 10.423 4.21037 1.17433 2 
114.169 10.423 2.41141 -0.23646 2 
116.735 10.423 3.47754 -0.79858 2 
119.300 10.423 0.00000 -0.00000 0 
-8.980 7.857 6.89901 -0.11833 2 
-6.414 7.857 6.65490 -0.44235 2 
-3.848 7.857 6.51056 -0.25176 2 
-1.283 7.857 6.39446 -0.07546 2 
1.283 7.857 6.15584 -0.06839 2 
3.848 7.857 6.51497 0.32711 2 
6.414 7.857 3.25749 0.16356 2 
8.980 7.857 0.00000 -0.00000 0 
11.545 7.857 0.00000 -0.00000 0 
14.111 7.857 0.00000 -0.00000 2 
16.676 7.857 1.38467 0.28001 2 
19.242 7.857 2.30778 0.46669 2 
21.808 7.857 0.00000 -0.00000 0 
24.373 7.857 0.00000 -0.00000 0 
26.939 7.857 0.00000 -0.00000 0 
29.504 7.857 0.00000 -0.00000 0 
32.070 7.857 0.00000 -0.00000 0 
34.636 7.857 0.00000 -0.00000 0 
37.201 7.857 0.00000 -0.00000 0 
39.767 7.857 0.00000 -0.00000 0 
42.332 7.857 0.00000 -0.00000 0 
44.898 7.857 0.00000 -0.00000 0 
47.464 7.857 0.00000 -0.00000 0 
50.029 7.857 0.00000 -0.00000 0 
52.595 7.857 0.00000 -0.00000 0 
55.160 7.857 0.00000 -0.00000 0 
57.726 7.857 0.00000 -0.00000 0 
60.292 7.857 -0.96811 -0.42874 2 
62.857 7.857 -0.54481 -0.24315 2 
65.423 7.857 -1.10729 -0.65966 2 
67.988 7.857 -1.02435 -0.60525 2 
70.554 7.857 -1.19692 -0.50897 2 
73.120 7.857 -1.12691 -1.16240 2 
75.685 7.857 -1.14303 -1.06524 2 
78.251 7.857 -1.57738 -1.43066 2 
80.816 7.857 -0.76178 -1.34861 2 
83.382 7.857 -1.53210 -0.19390 2 
85.948 7.857 -1.07734 0.21863 2 
88.513 7.857 -1.67025 -0.87309 2 
91.079 7.857 -1.81338 0.95695 2 
93.644 7.857 -1.18533 2.42644 2 
96.210 7.857 -1.51659 1.56476 2 
98.776 7.857 -0.69314 2.99816 2 
101.341 7.857 -1.57573 3.93274 2 
103.907 7.857 0.00774 3.98639 2 
106.472 7.857 -0.41017 3.96764 2 
109.038 7.857 0.50240 4.49770 2 
111.603 7.857 0.54726 2.54753 2 
114.169 7.857 2.94012 -0.04019 2 
116.735 7.857 2.17823 -1.93870 2 
119.300 7.857 0.03572 -2.67278 1 
-8.980 5.292 6.53635 -0.32922 2 
-6.414 5.292 6.65180 -0.48113 2 
-3.848 5.292 6.56990 -0.33146 2 
-1.283 5.292 6.25687 -0.10200 2 
1.283 5.292 5.99549 -0.21962 2 
3.848 5.292 6.65619 -0.07101 2 
6.414 5.292 1.62874 0.08178 2 
8.980 5.292 0.00000 -0.00000 0 
11.545 5.292 0.00000 -0.00000 0 
14.111 5.292 0.00000 -0.00000 0 
16.676 5.292 0.00000 -0.00000 0 
19.242 5.292 0.00000 -0.00000 0 
21.808 5.292 0.00000 -0.00000 0 
24.373 5.292 0.00000 -0.00000 0 
26.939 5.292 0.00000 -0.00000 0 
29.504 5.292 0.00000 -0.00000 0 
32.070 5.292 0.00000 -0.00000 0 
34.636 5.292 0.00000 -0.00000 0 
37.201 5.292 0.00000 -0.00000 0 
39.767 5.292 0.00000 -0.00000 0 
42.332 5.292 0.00000 -0.00000 0 
44.898 5.292 0.00000 -0.00000 0 
47.464 5.292 0.00000 -0.00000 0 
50.029 5.292 0.00000 -0.00000 0 
52.595 5.292 -0.33998 -0.18557 2 
55.160 5.292 -1.16443 -0.41395 2 
57.726 5.292 -1.47336 -0.48426 2 
60.292 5.292 -1.93622 -0.85748 2 
62.857 5.292 -1.30408 -0.29890 2 
65.423 5.292 -1.85240 -0.63730 2 
67.988 5.292 -1.68882 -0.37323 2 
70.554 5.292 -1.33997 -0.93401 2 
73.120 5.292 -0.67865 -1.13727 2 
75.685 5.292 -0.69032 -1.35207 2 
78.251 5.292 -0.74639 -0.81761 2 
80.816 5.292 -0.62210 -1.35340 2 
83.382 5.292 0.77856 -0.11264 2 
85.948 5.292 0.13270 0.07137 2 
88.513 5.292 0.15355 0.66038 2 
91.079 5.292 -1.33906 1.02293 2 
93.644 5.292 -0.69890 2.56322 2 
96.210 5.292 -2.07456 2.68522 2 
98.776 5.292 -1.76601 3.11881 2 
101.341 5.292 -1.58404 2.52425 2 
103.907 5.292 -1.30679 2.35118 2 
106.472 5.292 -2.91855 3.53166 2 
109.038 5.292 -1.11743 3.63866 2 
111.603 5.292 -2.38746 3.92273 2 
114.169 5.292 -1.43770 2.34845 2 
116.735 5.292 0.69364 -2.25391 2 
119.300 5.292 -0.04202 -2.96006 1 
-8.980 2.726 6.69649 -0.52778 2 
-6.414 2.726 6.54840 -0.48749 2 
-3.848 2.726 6.26814 -0.47021 2 
-1.283 2.726 6.13244 -0.62245 2 
1.283 2.726 6.31295 -0.32176 2 
3.848 2.726 5.28087 -0.27133 2 
6.414 2.726 0.00000 -0.00000 0 
8.980 2.726 0.00000 -0.00000 0 
11.545 2.726 0.00000 -0.00000 0 
14.111 2.726 0.00000 -0.00000 0 
16.676 2.726 0.00000 -0.00000 0 
19.242 2.726 0.00000 -0.00000 0 
21.808 2.726 0.00000 -0.00000 0 
24.373 2.726 0.00000 -0.00000 0 
26.939 2.726 0.00000 -0.00000 0 
29.504 2.726 0.00000 -0.00000 0 
32.070 2.726 0.00000 -0.00000 0 
34.636 2.726 0.00000 -0.00000 0 
37.201 2.726 0.00000 -0.00000 0 
39.767 2.726 0.00000 -0.00000 0 
42.332 2.726 0.00000 -0.00000 0 
44.898 2.726 0.00000 -0.00000 0 
47.464 2.726 -0.73776 -0.34319 2 
50.029 2.726 -1.18386 -0.33546 2 
52.595 2.726 -0.67997 -0.37114 2 
55.160 2.726 -1.53175 -0.68171 2 
57.726 2.726 -2.19300 -0.81948 2 
60.292 2.726 -1.49319 -0.80321 2 
62.857 2.726 -2.29452 -0.33447 2 
65.423 2.726 -1.50496 -0.08861 2 
67.988 2.726 -1.37093 -0.41180 2 
70.554 2.726 -1.58614 -1.00953 2 
73.120 2.726 -1.36398 -0.09153 2 
75.685 2.726 -0.78323 -0.39253 2 
78.251 2.726 -0.19386 -0.30981 2 
80.816 2.726 -0.10874 0.39110 2 
83.382 2.726 0.26507 -1.41264 2 
85.948 2.726 -0.11880 -0.63430 2 
88.513 2.726 0.76146 1.06511 2 
91.079 2.726 -0.86475 1.08891 2 
93.644 2.726 -0.99751 2.21509 2 
96.210 2.726 -1.24155 1.69378 2 
98.776 2.726 -1.54142 2.23044 2 
101.341 2.726 -1.77478 2.61911 2 
103.907 2.726 -2.38084 3.06255 2 
106.472 2.726 -2.65306 2.53429 2 
109.038 2.726 -2.73725 2.77962 2 
111.603 2.726 -2.88013 3.17127 2 
114.169 2.726 -3.10718 1.49554 2 
116.735 2.726 -1.61866 -2.45753 2 
119.300 2.726 -0.10386 -3.33423 2 
-8.980 0.160 6.78876 -0.79400 2 
-6.414 0.160 6.71951 -0.61708 2 
-3.848 0.160 6.35046 -0.71716 2 
-1.283 0.160 6.28191 -0.69577 2 
1.283 0.160 6.16321 -0.84944 2 
3.848 0.160 0.00000 -0.00000 0 
6.414 0.160 0.00000 -0.00000 0 
8.980 0.160 0.00000 -0.00000 0 
11.545 0.160 0.00000 -0.00000 0 
14.111 0.160 0.00000 -0.00000 0 
16.676 0.160 0.00000 -0.00000 0 
19.242 0.160 0.00000 -0.00000 0 
21.808 0.160 0.00000 -0.00000 0 
24.373 0.160 0.00000 -0.00000 0 
26.939 0.160 0.00000 -0.00000 0 
29.504 0.160 0.00000 -0.00000 0 
32.070 0.160 0.00000 -0.00000 0 
34.636 0.160 0.00000 -0.00000 0 
37.201 0.160 0.00000 -0.00000 0 
39.767 0.160 -0.67905 -0.22306 2 
42.332 0.160 0.02846 -0.19111 2 
44.898 0.160 -1.06533 -0.54322 2 
47.464 0.160 -1.47553 -0.68637 2 
50.029 0.160 -1.88287 -0.80146 2 
52.595 0.160 -2.34196 -0.67947 2 
55.160 0.160 -2.03140 -1.09573 2 
57.726 0.160 -1.96865 -1.15606 2 
60.292 0.160 -1.75850 0.04269 2 
62.857 0.160 -1.24094 -0.92305 2 
65.423 0.160 -2.51706 0.03295 2 
67.988 0.160 -2.04277 -0.03343 2 
70.554 0.160 -1.69662 -0.54398 2 
73.120 0.160 -1.20753 0.77227 2 
75.685 0.160 -0.58652 -0.16431 2 
78.251 0.160 -0.14240 -1.05973 2 
80.816 0.160 -0.62302 -0.73755 2 
83.382 0.160 -0.27126 -0.85331 2 
85.948 0.160 1.09098 0.12455 2 
88.513 0.160 0.81055 -0.07246 2 
91.079 0.160 0.60049 0.30106 2 
93.644 0.160 -0.37392 2.48563 2 
96.210 0.160 -0.79328 2.02249 2 
98.776 0.160 -0.27229 3.05049 2 
101.341 0.160 -2.28066 2.26330 2 
103.907 0.160 -1.88880 2.41872 2 
106.472 0.160 -2.38756 1.53693 2 
109.038 0.160 -2.82405 1.38141 2 
111.603 0.160 -1.62959 0.51467 2 
114.169 0.160 -3.33659 -0.14321 2 
116.735 0.160 -3.29627 -2.29886 2 
119.300 0.160 -0.16571 -3.70840 2 
-8.980 -2.405 6.79016 -0.75580 2 
-6.414 -2.405 6.67719 -0.80423 2 
-3.848 -2.405 6.45973 -0.84688 2 
-1.283 -2.405 6.56645 -0.99327 2 
1.283 -2.405 0.00000 -0.00000 0 
3.848 -2.405 0.00000 -0.00000 0 
6.414 -2.405 0.00000 -0.00000 0 
8.980 -2.405 0.00000 -0.00000 0 
11.545 -2.405 0.00000 -0.00000 0 
14.111 -2.405 0.00000 -0.00000 0 
16.676 -2.405 0.00000 -0.00000 0 
19.242 -2.405 0.00000 -0.00000 0 
21.808 -2.405 0.00000 -0.00000 0 
24.373 -2.405 0.00000 -0.00000 0 
26.939 -2.405 0.00000 -0.00000 0 
29.504 -2.405 0.00000 -0.00000 0 
32.070 -2.405 -0.47213 -0.09131 2 
34.636 -2.405 -0.56783 -0.26819 2 
37.201 -2.405 -0.89690 -0.23356 2 
39.767 -2.405 -1.35809 -0.44612 2 
42.332 -2.405 -1.68883 -0.70746 2 
44.898 -2.405 -1.98820 -0.49685 2 
47.464 -2.405 -1.89641 -0.57716 2 
50.029 -2.405 -2.35962 -0.80029 2 
52.595 -2.405 -1.84598 -0.68115 2 
55.160 -2.405 -1.69144 -0.12728 2 
57.726 -2.405 -0.60219 -0.48746 2 
60.292 -2.405 -0.10762 0.72950 2 
62.857 -2.405 -0.44213 0.41693 2 
65.423 -2.405 0.30619 -0.21932 2 
67.988 -2.405 -0.06220 0.11456 2 
70.554 -2.405 0.24612 -0.32223 2 
73.120 -2.405 0.25073 0.88103 2 
75.685 -2.405 -0.15119 0.28534 2 
78.251 -2.405 0.50971 -1.17166 2 
80.816 -2.405 0.64448 -0.80787 2 
83.382 -2.405 0.46059 -1.90896 2 
85.948 -2.405 0.45860 0.63303 2 
88.513 -2.405 1.30367 0.78831 2 
91.079 -2.405 1.85847 0.68755 2 
93.644 -2.405 1.70472 1.99230 2 
96.210 -2.405 1.60993 1.16376 2 
98.776 -2.405 0.88203 2.87810 2 
101.341 -2.405 0.51916 2.96105 2 
103.907 -2.405 -1.39676 1.77490 2 
106.472 -2.405 -1.16265 1.95286 2 
109.038 -2.405 -2.91084 -0.01680 2 
111.603 -2.405 -2.29001 -0.54291 2 
114.169 -2.405 -1.83569 -1.38031 2 
116.735 -2.405 -2.56043 -2.56301 2 
119.300 -2.405 -0.17583 -3.66543 2 
-8.980 -4.971 6.97055 -0.73973 2 
-6.414 -4.971 6.71591 -0.81954 2 
-3.848 -4.971 6.64663 -0.95709 2 
-1.283 -4.971 6.35176 -1.05446 2 
1.283 -4.971 0.00000 -0.00000 0 
3.848 -4.971 0.00000 -0.00000 0 
6.414 -4.971 0.00000 -0.00000 0 
8.980 -4.971 0.00000 -0.00000 0 
11.545 -4.971 0.00000 -0.00000 0 
14.111 -4.971 0.00000 -0.00000 0 
16.676 -4.971 0.00000 -0.00000 0 
19.242 -4.971 0.00000 -0.00000 0 
21.808 -4.971 0.00000 -0.00000 0 
24.373 -4.971 -0.00198 -0.01033 2 
26.939 -4.971 -0.71839 -0.24461 2 
29.504 -4.971 0.07469 -0.42483 2 
32.070 -4.971 -0.94427 -0.18261 2 
34.636 -4.971 -0.68725 -0.20667 2 
37.201 -4.971 -1.39729 -0.54727 2 
39.767 -4.971 -1.67846 -0.26632 2 
42.332 -4.971 -1.12242 -0.82969 2 
44.898 -4.971 -1.48365 -0.20609 2 
47.464 -4.971 -0.33580 -0.19692 2 
50.029 -4.971 0.11990 0.09164 2 
52.595 -4.971 -0.76413 -1.07192 2 
55.160 -4.971 0.10044 -0.52218 2 
57.726 -4.971 -0.13678 -1.45106 2 
60.292 -4.971 -0.01274 0.02467 2 
62.857 -4.971 1.12906 0.54555 2 
65.423 -4.971 1.47308 0.66201 2 
67.988 -4.971 1.81710 0.77848 2 
70.554 -4.971 1.75844 0.43361 2 
73.120 -4.971 1.70899 0.98979 2 
75.685 -4.971 -0.13560 0.34297 2 
78.251 -4.971 -0.72430 -1.22349 2 
80.816 -4.971 -0.03945 -1.00891 2 
83.382 -4.971 0.19493 -1.33719 2 
85.948 -4.971 1.93364 1.97790 2 
88.513 -4.971 2.35169 1.19376 2 
91.079 -4.971 1.25741 0.50687 2 
93.644 -4.971 2.44637 1.25274 2 
96.210 -4.971 2.57892 1.46504 2 
98.776 -4.971 2.18715 2.44230 2 
101.341 -4.971 0.54067 0.51816 2 
103.907 -4.971 -1.11342 1.44401 2 
106.472 -4.971 0.75488 1.81286 2 
109.038 -4.971 0.14387 0.62977 2 
111.603 -4.971 -1.56368 -1.57908 2 
114.169 -4.971 -1.24010 -1.75995 2 
116.735 -4.971 -1.33155 -3.20568 2 
119.300 -4.971 -0.18594 -3.62246 2 
-8.980 -7.536 7.04460 -0.83311 2 
-6.414 -7.536 6.93342 -1.15100 2 
-3.848 -7.536 6.66682 -1.02730 2 
-1.283 -7.536 6.53232 -1.37125 2 
1.283 -7.536 6.51118 -1.64789 2 
3.848 -7.536 0.00000 -0.00000 0 
6.414 -7.536 7.56540 -0.29709 2 
8.980 -7.536 3.79216 -1.59232 2 
11.545 -7.536 4.14190 -1.72521 2 
14.111 -7.536 -0.25277 0.03320 2 
16.676 -7.536 -0.35043 -0.00322 2 
19.242 -7.536 -0.38053 -0.12931 2 
21.808 -7.536 1.66646 -0.67780 2 
24.373 -7.536 -2.05703 0.10904 2 
26.939 -7.536 -1.43678 -0.48923 2 
29.504 -7.536 0.14937 -0.84966 2 
32.070 -7.536 -0.59448 0.20481 2 
34.636 -7.536 -0.80667 -0.14516 2 
37.201 -7.536 -1.12025 -0.77406 2 
39.767 -7.536 0.03723 0.17160 2 
42.332 -7.536 -0.25196 0.17781 2 
44.898 -7.536 0.79895 -0.31002 2 
47.464 -7.536 0.62454 -0.13170 2 
50.029 -7.536 0.15279 -0.28488 2 
52.595 -7.536 0.32157 -0.98696 2 
55.160 -7.536 1.53345 0.05913 2 
57.726 -7.536 1.10556 -0.18861 2 
60.292 -7.536 2.12195 0.79230 2 
62.857 -7.536 2.26661 0.68645 2 
65.423 -7.536 2.62876 0.52095 2 
67.988 -7.536 2.99090 0.35546 2 
70.554 -7.536 3.10151 0.60003 2 
73.120 -7.536 3.21211 0.84460 2 
75.685 -7.536 1.40868 0.70308 2 
78.251 -7.536 3.43926 0.33547 2 
80.816 -7.536 3.55748 1.11896 2 
83.382 -7.536 4.19538 0.23898 2 
85.948 -7.536 2.89701 1.46038 2 
88.513 -7.536 3.00206 1.28136 2 
91.079 -7.536 3.49342 0.75422 2 
93.644 -7.536 3.58691 1.19703 2 
96.210 -7.536 2.65386 0.66871 2 
98.776 -7.536 3.49228 2.00650 2 
101.341 -7.536 0.34197 0.42090 2 
103.907 -7.536 -0.21930 -0.65545 2 
106.472 -7.536 0.02073 0.32269 2 
109.038 -7.536 1.26960 1.01819 2 
111.603 -7.536 -0.93703 -1.77652 2 
114.169 -7.536 -0.75346 -2.18182 2 
116.735 -7.536 0.87015 -2.67141 2 
119.300 -7.536 -0.19605 -3.57949 2 
-8.980 -10.102 7.09339 -0.96642 2 
-6.414 -10.102 6.98037 -1.01479 2 
-3.848 -10.102 6.90260 -1.22022 2 
-1.283 -10.102 6.85900 -1.54692 2 
1.283 -10.102 6.69476 -1.71153 2 
3.848 -10.102 6.84712 -2.46181 2 
6.414 -10.102 6.95747 -2.93717 2 
8.980 -10.102 7.58432 -3.18463 2 
11.545 -10.102 8.28380 -3.45041 2 
14.111 -10.102 4.18029 -1.34825 2 
16.676 -10.102 9.55210 -2.78089 2 
19.242 -10.102 7.60543 -1.90924 2 
21.808 -10.102 3.33292 -1.35561 2 
24.373 -10.102 3.66766 -0.77121 2 
26.939 -10.102 3.20131 -1.50042 2 
29.504 -10.102 1.41224 -1.41809 2 
32.070 -10.102 0.19535 0.33850 2 
34.636 -10.102 1.02685 -1.35697 2 
37.201 -10.102 1.26804 -0.09580 2 
39.767 -10.102 2.64340 -0.68651 2 
42.332 -10.102 2.16056 -0.80841 2 
44.898 -10.102 1.58217 -0.27670 2 
47.464 -10.102 2.15523 -1.06649 2 
50.029 -10.102 3.28633 -0.76615 2 
52.595 -10.102 1.40726 -0.90201 2 
55.160 -10.102 2.96646 0.64044 2 
57.726 -10.102 0.89668 -0.11499 2 
60.292 -10.102 3.78636 0.63915 2 
62.857 -10.102 1.86077 0.79018 2 
65.423 -10.102 4.36510 0.09566 2 
67.988 -10.102 4.16470 -0.06755 2 
70.554 -10.102 3.52062 -0.04781 2 
73.120 -10.102 2.87653 -0.02808 2 
75.685 -10.102 2.95295 1.06319 2 
78.251 -10.102 3.38981 0.91529 2 
80.816 -10.102 4.41849 1.56070 2 
83.382 -10.102 3.63519 0.44001 2 
85.948 -10.102 3.86038 0.94287 2 
88.513 -10.102 3.65242 1.36897 2 
91.079 -10.102 3.85217 0.57249 2 
93.644 -10.102 3.73228 1.44024 2 
96.210 -10.102 3.87894 0.73680 2 
98.776 -10.102 2.25828 0.51803 2 
101.341 -10.102 0.63763 0.29925 2 
103.907 -10.102 1.85901 -0.31440 2 
106.472 -10.102 1.08280 -0.40254 2 
109.038 -10.102 2.27275 0.30425 2 
111.603 -10.102 2.36986 -0.20553 2 
114.169 -10.102 3.57712 -0.27169 2 
116.735 -10.102 2.51991 -1.06589 2 
119.300 -10.102 -0.10270 -2.70222 2 
-8.980 -12.668 7.14878 -0.94268 2 
-6.414 -12.668 7.19090 -1.06785 2 
-3.848 -12.668 7.16038 -1.33561 2 
-1.283 -12.668 7.08559 -1.45607 2 
1.283 -12.668 7.15827 -1.73853 2 
3.848 -12.668 7.20295 -1.97481 2 
6.414 -12.668 7.14000 -2.31524 2 
8.980 -12.668 7.58789 -2.65500 2 
11.545 -12.668 8.17509 -2.62182 2 
14.111 -12.668 8.61335 -2.72970 2 
16.676 -12.668 9.19260 -2.43172 2 
19.242 -12.668 9.32924 -2.46630 2 
21.808 -12.668 9.96577 -1.89567 2 
24.373 -12.668 9.39234 -1.65146 2 
26.939 -12.668 7.83940 -2.51161 2 
29.504 -12.668 4.07215 -1.44035 2 
32.070 -12.668 4.32540 -1.43682 2 
34.636 -12.668 4.57865 -1.43329 2 
37.201 -12.668 5.59581 -0.69996 2 
39.767 -12.668 5.24958 -1.54462 2 
42.332 -12.668 6.14429 -0.51492 2 
44.898 -12.668 6.55894 0.47411 2 
47.464 -12.668 1.98016 -1.03310 2 
50.029 -12.668 3.80644 0.86082 2 
52.595 -12.668 5.85238 -0.94454 2 
55.160 -12.668 7.80825 0.38681 2 
57.726 -12.668 6.42706 0.62117 2 
60.292 -12.668 5.45076 0.48601 2 
62.857 -12.668 5.24227 0.61945 2 
65.423 -12.668 1.18868 0.14024 2 
67.988 -12.668 2.02601 0.16527 2 
70.554 -12.668 3.64467 -0.04755 2 
73.120 -12.668 5.19832 0.28983 2 
75.685 -12.668 5.12093 1.04570 2 
78.251 -12.668 2.24967 0.87330 2 
80.816 -12.668 2.66233 0.75717 2 
83.382 -12.668 3.07499 0.64104 2 
85.948 -12.668 3.37852 1.51875 2 
88.513 -12.668 4.49094 0.97130 2 
91.079 -12.668 5.22398 1.36677 2 
93.644 -12.668 5.26505 1.22370 2 
96.210 -12.668 6.11081 0.95083 2 
98.776 -12.668 5.06237 0.55980 2 
101.341 -12.668 4.37365 0.61600 2 
103.907 -12.668 3.61955 0.22642 2 
106.472 -12.668 2.86546 -0.16316 2 
109.038 -12.668 3.27589 -0.40969 2 
111.603 -12.668 3.60056 0.10823 2 
114.169 -12.668 3.53962 -0.41140 2 
116.735 -12.668 3.68824 -1.12517 2 
119.300 -12.668 -0.00934 -1.82495 2 
-8.980 -15.233 7.17061 -1.06197 2 
-6.414 -15.233 7.18807 -1.04715 2 
-3.848 -15.233 7.21381 -1.25730 2 
-1.283 -15.233 7.29186 -1.57127 2 
1.283 -15.233 7.25530 -1.64390 2 
3.848 -15.233 7.27550 -2.05678 2 
6.414 -15.233 7.60616 -2.24118 2 
8.980 -15.233 7.82760 -2.28768 2 
11.545 -15.233 8.21727 -2.35204 2 
14.111 -15.233 8.61573 -2.41435 2 
16.676 -15.233 8.79446 -2.29829 2 
19.242 -15.233 9.06114 -2.11119 2 
21.808 -15.233 9.18255 -1.97768 2 
24.373 -15.233 9.27765 -2.00880 2 
26.939 -15.233 8.62144 -2.11270 2 
29.504 -15.233 6.73207 -1.46261 2 
32.070 -15.233 7.22770 -1.44011 2 
34.636 -15.233 8.13044 -1.50961 2 
37.201 -15.233 9.92358 -1.30413 2 
39.767 -15.233 10.02580 -0.76278 2 
42.332 -15.233 10.12803 -0.22144 2 
44.898 -15.233 9.75981 0.13043 2 
47.464 -15.233 5.82698 -0.45735 2 
50.029 -15.233 8.37142 0.37863 2 
52.595 -15.233 8.04259 0.57106 2 
55.160 -15.233 9.01096 0.81471 2 
57.726 -15.233 8.33963 0.21038 2 
60.292 -15.233 7.58375 0.49164 2 
62.857 -15.233 8.62377 0.44871 2 
65.423 -15.233 5.39640 -0.16156 2 
67.988 -15.233 5.91422 -0.15681 2 
70.554 -15.233 6.34187 0.28464 2 
73.120 -15.233 7.52012 0.60773 2 
75.685 -15.233 7.28891 1.02822 2 
78.251 -15.233 8.34448 0.63349 2 
80.816 -15.233 6.69615 0.64675 2 
83.382 -15.233 5.04782 0.66002 2 
85.948 -15.233 3.79562 0.81777 2 
88.513 -15.233 2.54342 0.97552 2 
91.079 -15.233 6.84844 1.38054 2 
93.644 -15.233 7.42625 1.55363 2 
96.210 -15.233 7.93568 1.20618 2 
98.776 -15.233 8.43867 0.42931 2 
101.341 -15.233 8.10966 0.93275 2 
103.907 -15.233 6.37889 0.50449 2 
106.472 -15.233 4.64812 0.07622 2 
109.038 -15.233 4.31316 0.19080 2 
111.603 -15.233 3.97819 0.30537 2 
114.169 -15.233 4.61963 0.20535 2 
116.735 -15.233 4.91375 -1.24742 2 
119.300 -15.233 0.08402 -0.94768 2 
-8.980 -17.799 7.56547 -0.93654 2 
-6.414 -17.799 7.36106 -1.11013 2 
-3.848 -17.799 7.29801 -1.30125 2 
-1.283 -17.799 7.32738 -1.48670 2 
1.283 -17.799 7.47361 -1.58870 2 
3.848 -17.799 7.54479 -1.80710 2 
6.414 -17.799 7.76976 -2.03187 2 
8.980 -17.799 7.96774 -2.20116 2 
11.545 -17.799 8.21223 -2.08680 2 
14.111 -17.799 8.57514 -2.14542 2 
16.676 -17.799 8.75636 -1.99576 2 
19.242 -17.799 8.80603 -2.06222 2 
21.808 -17.799 9.02331 -1.79976 2 
24.373 -17.799 9.24076 -1.67422 2 
26.939 -17.799 9.40349 -1.71378 2 
29.504 -17.799 9.39198 -1.48487 2 
32.070 -17.799 9.48050 -1.37038 2 
34.636 -17.799 9.14386 -1.21754 2 
37.201 -17.799 9.65239 -1.64735 2 
39.767 -17.799 10.25806 -1.09345 2 
42.332 -17.799 10.11294 -0.59370 2 
44.898 -17.799 10.23366 -0.91161 2 
47.464 -17.799 9.67380 0.11839 2 
50.029 -17.799 9.99463 -0.18503 2 
52.595 -17.799 9.92919 -0.34309 2 
55.160 -17.799 10.05551 -0.09224 2 
57.726 -17.799 10.25220 -0.20040 2 
60.292 -17.799 8.61427 0.32804 2 
62.857 -17.799 9.15308 0.01551 2 
65.423 -17.799 9.60411 -0.46336 2 
67.988 -17.799 7.69839 -0.10500 2 
70.554 -17.799 9.03907 0.61682 2 
73.120 -17.799 9.84192 0.92564 2 
75.685 -17.799 9.45689 1.01074 2 
78.251 -17.799 9.37120 0.94053 2 
80.816 -17.799 9.43304 0.40980 2 
83.382 -17.799 7.17255 0.56617 2 
85.948 -17.799 5.92035 0.72392 2 
88.513 -17.799 5.93125 0.93978 2 
91.079 -17.799 8.61427 0.93983 2 
93.644 -17.799 8.98298 0.85308 2 
96.210 -17.799 8.43035 0.50211 2 
98.776 -17.799 8.44749 0.82510 2 
101.341 -17.799 8.76755 0.65095 2 
103.907 -17.799 8.44094 0.68883 2 
106.472 -17.799 8.09657 -0.00395 2 
109.038 -17.799 8.66135 0.28480 2 
111.603 -17.799 6.38535 0.34438 2 
114.169 -17.799 6.88952 0.68481 2 
116.735 -17.799 5.11056 -0.93546 2 
119.300 -17.799 0.17738 -0.07041 2 
-8.980 -20.364 7.23299 -0.98296 2 
-6.414 -20.364 7.43017 -1.07592 2 
-3.848 -20.364 7.42549 -1.15475 2 
-1.283 -20.364 7.51666 -1.36610 2 
1.283 -20.364 7.57064 -1.46464 2 
3.848 -20.364 7.75999 -1.61551 2 
6.414 -20.364 7.78092 -1.80413 2 
8.980 -20.364 8.11948 -1.81698 2 
11.545 -20.364 8.34911 -1.89791 2 
14.111 -20.364 8.50999 -2.07622 2 
16.676 -20.364 8.67048 -1.75417 2 
19.242 -20.364 8.84744 -1.75392 2 
21.808 -20.364 9.04045 -1.68894 2 
24.373 -20.364 8.98907 -1.56371 2 
26.939 -20.364 9.26435 -1.45794 2 
29.504 -20.364 9.30066 -1.39548 2 
32.070 -20.364 9.30063 -1.27905 2 
34.636 -20.364 9.29610 -1.26110 2 
37.201 -20.364 9.46452 -1.31869 2 
39.767 -20.364 9.54486 -1.06160 2 
42.332 -20.364 9.87451 -0.83761 2 
44.898 -20.364 9.88386 -0.66965 2 
47.464 -20.364 9.79581 -0.36656 2 
50.029 -20.364 9.79056 -0.30001 2 
52.595 -20.364 9.59295 -0.45481 2 
55.160 -20.364 9.72318 -0.25249 2 
57.726 -20.364 9.76532 -0.15418 2 
60.292 -20.364 9.64479 0.16444 2 
62.857 -20.364 9.54329 0.16453 2 
65.423 -20.364 9.43133 -0.10475 2 
67.988 -20.364 9.48256 -0.05319 2 
70.554 -20.364 9.76811 0.21997 2 
73.120 -20.364 9.81248 0.32134 2 
75.685 -20.364 9.59030 0.66426 2 
78.251 -20.364 9.28909 0.61423 2 
80.816 -20.364 9.12925 0.55881 2 
83.382 -20.364 9.29729 0.47232 2 
85.948 -20.364 9.30819 0.68818 2 
88.513 -20.364 9.31909 0.90403 2 
91.079 -20.364 8.81105 0.93216 2 
93.644 -20.364 8.61778 0.64092 2 
96.210 -20.364 8.77413 0.49873 2 
98.776 -20.364 8.62078 0.49734 2 
101.341 -20.364 8.72289 0.58845 2 
103.907 -20.364 8.59453 0.33421 2 
106.472 -20.364 8.63432 0.01391 2 
109.038 -20.364 8.76499 0.30317 2 
111.603 -20.364 8.79250 0.38339 2 
114.169 -20.364 8.76471 0.20802 2 
116.735 -20.364 4.48828 -0.04068 2 
119.300 -20.364 0.00000 -0.00000 0 
-8.980 -22.930 7.46402 -0.98740 2 
-6.414 -22.930 7.67464 -1.01036 2 
-3.848 -22.930 7.62782 -1.01301 2 
-1.283 -22.930 7.49652 -1.29673 2 
1.283 -22.930 7.76494 -1.39790 2 
3.848 -22.930 7.90820 -1.36935 2 
6.414 -22.930 7.95599 -1.56116 2 
8.980 -22.930 8.15564 -1.74345 2 
11.545 -22.930 8.42774 -1.71669 2 
14.111 -22.930 8.50881 -1.72063 2 
16.676 -22.930 8.68692 -1.71968 2 
19.242 -22.930 8.79483 -1.64208 2 
21.808 -22.930 8.89337 -1.55530 2 
24.373 -22.930 8.86815 -1.40834 2 
26.939 -22.930 9.13874 -1.36091 2 
29.504 -22.930 9.10629 -1.30594 2 
32.070 -22.930 9.10049 -1.01972 2 
34.636 -22.930 9.43192 -1.16729 2 
37.201 -22.930 9.24077 -0.97795 2 
39.767 -22.930 9.57667 -0.99378 2 
42.332 -22.930 9.64530 -0.89265 2 
44.898 -22.930 9.75647 -0.72907 2 
47.464 -22.930 9.50982 -0.62307 2 
50.029 -22.930 9.63987 -0.49563 2 
52.595 -22.930 9.70556 -0.41433 2 
55.160 -22.930 9.54577 -0.21428 2 
57.726 -22.930 9.55416 -0.15587 2 
60.292 -22.930 9.57284 -0.16839 2 
62.857 -22.930 9.67565 -0.28714 2 
65.423 -22.930 9.29389 -0.07568 2 
67.988 -22.930 9.47513 -0.02648 2 
70.554 -22.930 9.44480 0.14905 2 
73.120 -22.930 9.46993 0.27423 2 
75.685 -22.930 9.25062 0.48272 2 
78.251 -22.930 9.27319 0.46548 2 
80.816 -22.930 9.13474 0.73949 2 
83.382 -22.930 9.03792 0.46036 2 
85.948 -22.930 9.01253 0.60921 2 
88.513 -22.930 8.98448 0.60732 2 
91.079 -22.930 8.87061 0.70051 2 
93.644 -22.930 8.85812 0.72537 2 
96.210 -22.930 8.65556 0.57638 2 
98.776 -22.930 8.73802 0.40693 2 
101.341 -22.930 8.61674 0.31446 2 
103.907 -22.930 8.76096 0.33147 2 
106.472 -22.930 8.71524 0.19920 2 
109.038 -22.930 8.86863 0.32153 2 
111.603 -22.930 8.82616 0.24895 2 
114.169 -22.930 8.79918 -0.01095 2 
116.735 -22.930 4.44954 0.18061 2 
119.300 -22.930 0.00000 -0.00000 0 
-8.980 -25.496 7.63768 -0.88534 2 
-6.414 -25.496 7.49446 -1.10265 2 
-3.848 -25.496 7.63395 -1.07192 2 
-1.283 -25.496 7.72822 -1.15781 2 
1.283 -25.496 7.75479 -1.30645 2 
3.848 -25.496 7.99317 -1.34675 2 
6.414 -25.496 8.07753 -1.49043 2 
8.980 -25.496 8.15058 -1.48540 2 
11.545 -25.496 8.35955 -1.43043 2 
14.111 -25.496 8.55963 -1.46765 2 
16.676 -25.496 8.59167 -1.40903 2 
19.242 -25.496 8.74538 -1.39794 2 
21.808 -25.496 8.77837 -1.44695 2 
24.373 -25.496 8.90589 -1.36514 2 
26.939 -25.496 9.06125 -1.25779 2 
29.504 -25.496 9.17072 -1.16808 2 
32.070 -25.496 9.12325 -0.98725 2 
34.636 -25.496 9.35429 -0.99835 2 
37.201 -25.496 9.25957 -0.83016 2 
39.767 -25.496 9.26880 -0.86765 2 
42.332 -25.496 9.42034 -0.77549 2 
44.898 -25.496 9.31897 -0.76378 2 
47.464 -25.496 9.61306 -0.59093 2 
50.029 -25.496 9.60637 -0.48154 2 
52.595 -25.496 9.53615 -0.44302 2 
55.160 -25.496 9.38924 -0.26319 2 
57.726 -25.496 9.67460 -0.16876 2 
60.292 -25.496 9.51295 -0.03891 2 
62.857 -25.496 9.46023 -0.21269 2 
65.423 -25.496 9.38526 0.06018 2 
67.988 -25.496 9.41341 0.01386 2 
70.554 -25.496 9.38283 0.17099 2 
73.120 -25.496 9.41777 0.31743 2 
75.685 -25.496 9.45928 0.30865 2 
78.251 -25.496 9.04842 0.46785 2 
80.816 -25.496 9.21586 0.41938 2 
83.382 -25.496 9.07135 0.59402 2 
85.948 -25.496 9.15112 0.50913 2 
88.513 -25.496 8.72683 0.58420 2 
91.079 -25.496 8.91181 0.64366 2 
93.644 -25.496 8.81921 0.68163 2 
96.210 -25.496 8.84084 0.60168 2 
98.776 -25.496 8.80111 0.52821 2 
101.341 -25.496 8.75991 0.54335 2 
103.907 -25.496 8.71417 0.42489 2 
106.472 -25.496 8.77258 0.33940 2 
109.038 -25.496 8.74823 0.07549 2 
111.603 -25.496 8.74523 0.45598 2 
114.169 -25.496 8.62393 0.21113 2 
116.735 -25.496 5.33326 0.22370 2 
119.300 -25.496 0.00000 -0.00000 0 
-8.980 -28.061 7.77122 -0.89792 2 
-6.414 -28.061 7.72435 -0.95252 2 
-3.848 -28.061 7.76256 -1.07698 2 
-1.283 -28.061 7.86014 -1.11602 2 
1.283 -28.061 7.78771 -1.11976 2 
3.848 -28.061 7.97556 -1.23639 2 
6.414 -28.061 8.11128 -1.33606 2 
8.980 -28.061 8.16739 -1.39675 2 
11.545 -28.061 8.38083 -1.34131 2 
14.111 -28.061 8.47436 -1.47250 2 
16.676 -28.061 8.64637 -1.41946 2 
19.242 -28.061 8.81531 -1.34068 2 
21.808 -28.061 8.71287 -1.27477 2 
24.373 -28.061 8.86172 -1.17214 2 
26.939 -28.061 8.85111 -1.21416 2 
29.504 -28.061 9.10414 -1.16536 2 
32.070 -28.061 9.03813 -0.95962 2 
34.636 -28.061 9.08944 -0.93003 2 
37.201 -28.061 9.11860 -1.02052 2 
39.767 -28.061 9.30750 -0.73485 2 
42.332 -28.061 9.31470 -0.89008 2 
44.898 -28.061 9.54797 -0.60659 2 
47.464 -28.061 9.35834 -0.51894 2 
50.029 -28.061 9.41358 -0.52853 2 
52.595 -28.061 9.33794 -0.40229 2 
55.160 -28.061 9.54160 -0.36608 2 
57.726 -28.061 9.27150 -0.06350 2 
60.292 -28.061 9.39338 -0.21423 2 
62.857 -28.061 9.29705 -0.07813 2 
65.423 -28.061 9.45435 -0.21418 2 
67.988 -28.061 9.23287 0.26007 2 
70.554 -28.061 9.42934 0.02355 2 
73.120 -28.061 9.14335 0.28040 2 
75.685 -28.061 9.13268 0.46255 2 
78.251 -28.061 9.10240 0.35856 2 
80.816 -28.061 9.07743 0.47951 2 
83.382 -28.061 8.92209 0.45665 2 
85.948 -28.061 9.00737 0.54468 2 
88.513 -28.061 8.99026 0.52487 2 
91.079 -28.061 8.86513 0.52106 2 
93.644 -28.061 8.97656 0.41236 2 
96.210 -28.061 8.83293 0.46894 2 
98.776 -28.061 8.64947 0.41623 2 
101.341 -28.061 8.81670 0.48075 2 
103.907 -28.061 8.66443 0.38673 2 
106.472 -28.061 8.77091 0.31541 2 
109.038 -28.061 8.77183 0.48897 2 
111.603 -28.061 8.70077 0.32948 2 
114.169 -28.061 8.72170 0.43163 2 
116.735 -28.061 6.21697 0.26679 2 
119.300 -28.061 0.00000 -0.00000 0 
-8.980 -30.627 7.83620 -0.83402 2 
-6.414 -30.627 7.73604 -0.76995 2 
-3.848 -30.627 7.75633 -1.00018 2 
-1.283 -30.627 7.88118 -1.05591 2 
1.283 -30.627 7.94320 -1.14610 2 
3.848 -30.627 8.21287 -1.15570 2 
6.414 -30.627 7.98114 -1.14296 2 
8.980 -30.627 8.18407 -1.25481 2 
11.545 -30.627 8.36075 -1.32597 2 
14.111 -30.627 8.48999 -1.26167 2 
16.676 -30.627 8.55666 -1.24188 2 
19.242 -30.627 8.61034 -1.21203 2 
21.808 -30.627 8.81213 -1.11175 2 
24.373 -30.627 8.92144 -1.11242 2 
26.939 -30.627 8.81868 -0.98940 2 
29.504 -30.627 8.91025 -1.02004 2 
32.070 -30.627 9.12188 -0.93409 2 
34.636 -30.627 9.03296 -0.86729 2 
37.201 -30.627 9.16615 -0.90129 2 
39.767 -30.627 9.18069 -0.78054 2 
42.332 -30.627 9.33526 -0.82594 2 
44.898 -30.627 9.10267 -0.66929 2 
47.464 -30.627 9.33649 -0.72176 2 
50.029 -30.627 9.46376 -0.46264 2 
52.595 -30.627 9.33336 -0.50626 2 
55.160 -30.627 9.37535 -0.39812 2 
57.726 -30.627 9.25287 -0.37493 2 
60.292 -30.627 9.36358 -0.28536 2 
62.857 -30.627 9.41540 -0.14585 2 
65.423 -30.627 9.20424 -0.08004 2 
67.988 -30.627 9.27510 0.11172 2 
70.554 -30.627 9.21582 0.24104 2 
73.120 -30.627 9.34187 0.24960 2 
75.685 -30.627 9.15171 0.25852 2 
78.251 -30.627 9.08653 0.35579 2 
80.816 -30.627 8.97907 0.35484 2 
83.382 -30.627 9.08719 0.43978 2 
85.948 -30.627 9.00786 0.27128 2 
88.513 -30.627 8.91773 0.49850 2 
91.079 -30.627 8.82912 0.36858 2 
93.644 -30.627 8.71074 0.48149 2 
96.210 -30.627 8.81281 0.57125 2 
98.776 -30.627 8.82585 0.36931 2 
101.341 -30.627 8.62387 0.56072 2 
103.907 -30.627 8.69609 0.41036 2 
106.472 -30.627 8.80890 0.29839 2 
109.038 -30.627 8.78030 0.27219 2 
111.603 -30.627 8.76404 0.50332 2 
114.169 -30.627 8.86546 0.41434 2 
116.735 -30.627 7.10069 0.30989 2 
119.300 -30.627 0.00000 -0.00000 0 
-8.980 -33.192 7.90117 -0.77012 2 
-6.414 -33.192 7.90550 -1.01633 2 
-3.848 -33.192 7.85674 -0.91033 2 
-1.283 -33.192 7.83586 -0.94768 2 
1.283 -33.192 8.02545 -1.05867 2 
3.848 -33.192 7.94554 -1.20603 2 
6.414 -33.192 8.21411 -1.05211 2 
8.980 -33.192 8.28211 -1.18656 2 
11.545 -33.192 8.45675 -1.10090 2 
14.111 -33.192 8.40271 -1.14748 2 
16.676 -33.192 8.52947 -1.04618 2 
19.242 -33.192 8.56562 -1.08910 2 
21.808 -33.192 8.56340 -1.22737 2 
24.373 -33.192 8.78718 -1.09078 2 
26.939 -33.192 8.76025 -1.09668 2 
29.504 -33.192 8.87216 -1.03485 2 
32.070 -33.192 8.83597 -0.93732 2 
34.636 -33.192 9.03858 -0.96199 2 
37.201 -33.192 9.05584 -0.63207 2 
39.767 -33.192 9.05396 -0.76493 2 
42.332 -33.192 9.02553 -0.66054 2 
44.898 -33.192 9.16252 -0.63466 2 
47.464 -33.192 9.46755 -0.52992 2 
50.029 -33.192 9.11459 -0.45451 2 
52.595 -33.192 9.27350 -0.35117 2 
55.160 -33.192 9.11193 -0.35301 2 
57.726 -33.192 9.27641 -0.23180 2 
60.292 -33.192 9.11216 -0.35056 2 
62.857 -33.192 9.09531 -0.00364 2 
65.423 -33.192 9.20805 -0.12868 2 
67.988 -33.192 9.10067 -0.07515 2 
70.554 -33.192 9.22208 -0.01441 2 
73.120 -33.192 9.18126 0.25973 2 
75.685 -33.192 8.94894 0.02329 2 
78.251 -33.192 9.07390 0.34299 2 
80.816 -33.192 9.06763 0.46393 2 
83.382 -33.192 9.02903 0.29405 2 
85.948 -33.192 8.90634 0.32367 2 
88.513 -33.192 8.90862 0.38852 2 
91.079 -33.192 8.92500 0.38208 2 
93.644 -33.192 8.90762 0.41173 2 
96.210 -33.192 8.86696 0.33453 2 
98.776 -33.192 8.91189 0.49651 2 
101.341 -33.192 8.84068 0.37653 2 
103.907 -33.192 8.77036 0.40016 2 
106.472 -33.192 8.73898 0.44418 2 
109.038 -33.192 8.84643 0.44104 2 
111.603 -33.192 8.83677 0.42074 2 
114.169 -33.192 8.71044 0.56312 2 
116.735 -33.192 7.98441 0.35298 2 
119.300 -33.192 0.00000 -0.00000 0 
-8.980 -35.758 7.73364 -0.89303 2 
-6.414 -35.758 7.93222 -0.83900 2 
-3.848 -35.758 7.81731 -0.91470 2 
-1.283 -35.758 8.08446 -0.93499 2 
1.283 -35.758 8.03713 -0.93781 2 
3.848 -35.758 8.14364 -1.12696 2 
6.414 -35.758 8.18712 -1.03006 2 
8.980 -35.758 8.34842 -1.00655 2 
11.545 -35.758 8.40903 -1.06864 2 
14.111 -35.758 8.47534 -1.01489 2 
16.676 -35.758 8.61525 -1.01010 2 
19.242 -35.758 8.61987 -0.98418 2 
21.808 -35.758 8.67779 -1.11646 2 
24.373 -35.758 8.71223 -0.94608 2 
26.939 -35.758 8.80859 -0.96469 2 
29.504 -35.758 8.89693 -0.90357 2 
32.070 -35.758 8.87894 -0.92501 2 
34.636 -35.758 9.03791 -0.77429 2 
37.201 -35.758 8.98923 -0.80675 2 
39.767 -35.758 9.13027 -0.72650 2 
42.332 -35.758 9.12906 -0.70755 2 
44.898 -35.758 9.14135 -0.70825 2 
47.464 -35.758 8.95281 -0.50279 2 
50.029 -35.758 9.11292 -0.53555 2 
52.595 -35.758 9.20288 -0.44774 2 
55.160 -35.758 9.04260 -0.31002 2 
57.726 -35.758 9.24309 -0.27725 2 
60.292 -35.758 9.20808 -0.25033 2 
62.857 -35.758 9.18683 0.02482 2 
65.423 -35.758 9.17043 -0.19255 2 
67.988 -35.758 9.00404 -0.04840 2 
70.554 -35.758 9.12172 0.14544 2 
73.120 -35.758 9.04900 0.15449 2 
75.685 -35.758 9.10368 0.15504 2 
78.251 -35.758 8.95374 0.12944 2 
80.816 -35.758 9.10673 0.26697 2 
83.382 -35.758 8.86261 0.45642 2 
85.948 -35.758 8.90516 0.42373 2 
88.513 -35.758 8.98181 0.28129 2 
91.079 -35.758 8.89611 0.31673 2 
93.644 -35.758 8.92827 0.52564 2 
96.210 -35.758 8.79423 0.26577 2 
98.776 -35.758 8.86847 0.44076 2 
101.341 -35.758 8.73723 0.40050 2 
103.907 -35.758 8.74302 0.57355 2 
106.472 -35.758 8.65361 0.42055 2 
109.038 -35.758 8.81901 0.38843 2 
111.603 -35.758 8.72236 0.51770 2 
114.169 -35.758 8.87586 0.23323 2 
116.735 -35.758 8.86813 0.39608 2 
119.300 -35.758 0.00000 -0.00000 0 
-8.980 -38.324 7.67209 -0.70611 2 
-6.414 -38.324 7.98828 -0.86111 2 
-3.848 -38.324 7.95085 -0.80300 2 
-1.283 -38.324 7.97714 -0.93005 2 
1.283 -38.324 8.20728 -0.85973 2 
3.848 -38.324 8.13090 -0.96709 2 
6.414 -38.324 8.24812 -0.99841 2 
8.980 -38.324 8.19552 -0.93550 2 
11.545 -38.324 8.35756 -0.95729 2 
14.111 -38.324 8.43560 -1.07447 2 
16.676 -38.324 8.57208 -0.97043 2 
19.242 -38.324 8.46272 -0.96290 2 
21.808 -38.324 8.60872 -0.80741 2 
24.373 -38.324 8.82789 -0.98371 2 
26.939 -38.324 8.83555 -0.79740 2 
29.504 -38.324 8.82682 -0.89711 2 
32.070 -38.324 8.90298 -0.92509 2 
34.636 -38.324 8.88227 -0.75743 2 
37.201 -38.324 9.01625 -0.75122 2 
39.767 -38.324 8.87156 -0.73529 2 
42.332 -38.324 9.03106 -0.51661 2 
44.898 -38.324 9.04712 -0.52234 2 
47.464 -38.324 9.14827 -0.55070 2 
50.029 -38.324 9.16779 -0.40076 2 
52.595 -38.324 8.97952 -0.45164 2 
55.160 -38.324 9.20082 -0.31991 2 
57.726 -38.324 8.89966 -0.34997 2 
60.292 -38.324 9.16030 -0.17236 2 
62.857 -38.324 9.06446 -0.21082 2 
65.423 -38.324 9.02032 -0.05906 2 
67.988 -38.324 9.07230 -0.03964 2 
70.554 -38.324 9.13336 0.14550 2 
73.120 -38.324 8.92523 0.12795 2 
75.685 -38.324 9.15027 0.24925 2 
78.251 -38.324 9.00998 0.33302 2 
80.816 -38.324 8.95821 0.22116 2 
83.382 -38.324 8.99283 0.25956 2 
85.948 -38.324 8.88265 0.35513 2 
88.513 -38.324 8.87944 0.45721 2 
91.079 -38.324 8.90222 0.29558 2 
93.644 -38.324 8.76887 0.27277 2 
96.210 -38.324 8.83663 0.46249 2 
98.776 -38.324 8.89379 0.30959 2 
101.341 -38.324 8.82756 0.43154 2 
103.907 -38.324 8.69404 0.37519 2 
106.472 -38.324 8.81036 0.42042 2 
109.038 -38.324 8.73888 0.55314 2 
111.603 -38.324 8.78270 0.47723 2 
114.169 -38.324 8.58328 0.60069 2 
116.735 -38.324 9.10345 0.55034 2 
119.300 -38.324 0.00000 -0.00000 0 
-8.980 -40.889 8.31926 -0.77159 2 
-6.414 -40.889 7.99684 -0.73981 2 
-3.848 -40.889 8.03281 -0.84373 2 
-1.283 -40.889 7.95472 -0.81536 2 
1.283 -40.889 8.10553 -0.84276 2 
3.848 -40.889 8.25776 -0.86300 2 
6.414 -40.889 8.22653 -0.98129 2 
8.980 -40.889 8.39561 -1.07624 2 
11.545 -40.889 8.38669 -0.79913 2 
14.111 -40.889 8.42102 -0.89811 2 
16.676 -40.889 8.46436 -0.88694 2 
19.242 -40.889 8.66423 -0.88239 2 
21.808 -40.889 8.73089 -0.94360 2 
24.373 -40.889 8.52037 -0.87607 2 
26.939 -40.889 8.84292 -0.89141 2 
29.504 -40.889 8.81490 -0.81264 2 
32.070 -40.889 8.82837 -0.73626 2 
34.636 -40.889 8.81993 -0.79376 2 
37.201 -40.889 8.80615 -0.59776 2 
39.767 -40.889 9.00650 -0.69021 2 
42.332 -40.889 8.85546 -0.75089 2 
44.898 -40.889 9.03733 -0.60805 2 
47.464 -40.889 8.93272 -0.57830 2 
50.029 -40.889 8.99327 -0.57494 2 
52.595 -40.889 9.04825 -0.28054 2 
55.160 -40.889 9.08142 -0.35869 2 
57.726 -40.889 9.04264 -0.47381 2 
60.292 -40.889 8.98645 -0.19141 2 
62.857 -40.889 9.00124 -0.09923 2 
65.423 -40.889 9.04604 -0.00926 2 
67.988 -40.889 9.00899 0.01486 2 
70.554 -40.889 8.95423 -0.12159 2 
73.120 -40.889 9.15643 0.01736 2 
75.685 -40.889 8.90503 0.03142 2 
78.251 -40.889 8.94917 0.05020 2 
80.816 -40.889 8.96913 0.33053 2 
83.382 -40.889 8.85045 0.17001 2 
85.948 -40.889 9.10604 0.27668 2 
88.513 -40.889 8.93597 0.32208 2 
91.079 -40.889 8.81991 0.30526 2 
93.644 -40.889 8.79944 0.30547 2 
96.210 -40.889 8.77523 0.39704 2 
98.776 -40.889 8.79011 0.30872 2 
101.341 -40.889 8.60334 0.40649 2 
103.907 -40.889 8.97509 0.39559 2 
106.472 -40.889 8.70052 0.44000 2 
109.038 -40.889 8.72406 0.37012 2 
111.603 -40.889 8.82355 0.46964 2 
114.169 -40.889 8.73118 0.31794 2 
116.735 -40.889 8.96874 0.51365 2 
119.300 -40.889 0.00000 -0.00000 0 
-8.980 -43.455 8.12903 -0.81915 2 
-6.414 -43.455 8.06117 -0.85470 2 
-3.848 -43.455 8.13677 -0.87875 2 
-1.283 -43.455 8.10993 -0.73468 2 
1.283 -43.455 8.08520 -0.93284 2 
3.848 -43.455 8.27922 -0.82684 2 
6.414 -43.455 8.20950 -0.92571 2 
8.980 -43.455 8.27522 -0.83726 2 
11.545 -43.455 8.39318 -0.98146 2 
14.111 -43.455 8.44124 -0.75211 2 
16.676 -43.455 8.46118 -0.72157 2 
19.242 -43.455 8.71765 -0.89329 2 
21.808 -43.455 8.58900 -0.91562 2 
24.373 -43.455 8.73369 -0.84298 2 
26.939 -43.455 8.87104 -0.76451 2 
29.504 -43.455 8.68991 -0.73252 2 
32.070 -43.455 8.76764 -0.79095 2 
34.636 -43.455 8.93017 -0.71188 2 
37.201 -43.455 8.85519 -0.63706 2 
39.767 -43.455 8.93751 -0.60665 2 
42.332 -43.455 8.87190 -0.48922 2 
44.898 -43.455 8.94295 -0.50977 2 
47.464 -43.455 9.16460 -0.41181 2 
50.029 -43.455 8.97698 -0.40386 2 
52.595 -43.455 8.79141 -0.52972 2 
55.160 -43.455 8.95843 -0.32628 2 
57.726 -43.455 8.82514 -0.07256 2 
60.292 -43.455 9.01351 -0.35548 2 
62.857 -43.455 8.99489 -0.07007 2 
65.423 -43.455 8.88934 -0.12735 2 
67.988 -43.455 9.00536 -0.02494 2 
70.554 -43.455 8.97084 -0.05730 2 
73.120 -43.455 8.94410 0.05702 2 
75.685 -43.455 8.94706 0.12073 2 
78.251 -43.455 8.91764 0.04262 2 
80.816 -43.455 8.88028 0.23734 2 
83.382 -43.455 8.86252 0.19840 2 
85.948 -43.455 8.91986 0.24578 2 
88.513 -43.455 8.81947 0.20301 2 
91.079 -43.455 8.73530 0.23438 2 
93.644 -43.455 8.92998 0.30939 2 
96.210 -43.455 8.88014 0.30531 2 
98.776 -43.455 8.86445 0.41553 2 
101.341 -43.455 8.70748 0.40529 2 
103.907 -43.455 8.71363 0.36276 2 
106.472 -43.455 8.80007 0.44643 2 
109.038 -43.455 8.67665 0.51671 2 
111.603 -43.455 8.72769 0.47285 2 
114.169 -43.455 8.71888 0.43718 2 
116.735 -43.455 8.83402 0.47696 2 
119.300 -43.455 0.00000 -0.00000 0 
-8.980 -46.020 7.85322 -0.58813 2 
-6.414 -46.020 7.91733 -0.81300 2 
-3.848 -46.020 7.99390 -0.73829 2 
-1.283 -46.020 8.03190 -0.81629 2 
1.283 -46.020 8.07147 -0.81629 2 
3.848 -46.020 8.19994 -0.73582 2 
6.414 -46.020 8.27721 -0.79151 2 
8.980 -46.020 8.37721 -0.75707 2 
11.545 -46.020 8.35024 -0.76080 2 
14.111 -46.020 8.43931 -0.93729 2 
16.676 -46.020 8.56535 -0.99672 2 
19.242 -46.020 8.48846 -0.83974 2 
21.808 -46.020 8.62427 -0.72546 2 
24.373 -46.020 8.60651 -0.73588 2 
26.939 -46.020 8.62106 -0.69568 2 
29.504 -46.020 8.72081 -0.73736 2 
32.070 -46.020 8.82242 -0.68156 2 
34.636 -46.020 8.71846 -0.69792 2 
37.201 -46.020 8.72427 -0.60361 2 
39.767 -46.020 8.89891 -0.79352 2 
42.332 -46.020 8.96647 -0.52245 2 
44.898 -46.020 8.79399 -0.59867 2 
47.464 -46.020 8.88383 -0.57084 2 
50.029 -46.020 9.00148 -0.32997 2 
52.595 -46.020 9.00295 -0.49038 2 
55.160 -46.020 8.96856 -0.37620 2 
57.726 -46.020 8.88307 -0.26869 2 
60.292 -46.020 9.01584 -0.29153 2 
62.857 -46.020 8.96145 -0.09990 2 
65.423 -46.020 8.98853 -0.05591 2 
67.988 -46.020 8.95308 -0.19705 2 
70.554 -46.020 8.98420 0.07202 2 
73.120 -46.020 8.87319 0.08677 2 
75.685 -46.020 8.95611 0.20307 2 
78.251 -46.020 8.86584 0.17567 2 
80.816 -46.020 8.97099 0.21286 2 
83.382 -46.020 8.89038 0.30172 2 
85.948 -46.020 8.87580 0.32363 2 
88.513 -46.020 8.72452 0.33015 2 
91.079 -46.020 8.84187 0.42784 2 
93.644 -46.020 8.75249 0.26286 2 
96.210 -46.020 8.64349 0.43546 2 
98.776 -46.020 8.86726 0.36977 2 
101.341 -46.020 8.71824 0.32471 2 
103.907 -46.020 8.78734 0.29546 2 
106.472 -46.020 8.69249 0.39549 2 
109.038 -46.020 8.79059 0.33426 2 
111.603 -46.020 8.78946 0.49673 2 
114.169 -46.020 8.52212 0.53523 2 
116.735 -46.020 9.06022 0.44384 2 
119.300 -46.020 0.00000 -0.00000 0 
-8.980 -48.586 8.23617 -0.83238 2 
-6.414 -48.586 8.07908 -0.71249 2 
-3.848 -48.586 7.98551 -0.77279 2 
-1.283 -48.586 8.11459 -0.80322 2 
1.283 -48.586 8.21261 -0.80970 2 
3.848 -48.586 8.27515 -0.82014 2 
6.414 -48.586 8.25397 -0.74997 2 
8.980 -48.586 8.39364 -0.85593 2 
11.545 -48.586 8.43778 -0.74423 2 
14.111 -48.586 8.43001 -0.85397 2 
16.676 -48.586 8.44065 -0.82306 2 
19.242 -48.586 8.51230 -0.75621 2 
21.808 -48.586 8.71531 -0.80009 2 
24.373 -48.586 8.60598 -0.71825 2 
26.939 -48.586 8.63540 -0.72596 2 
29.504 -48.586 8.72576 -0.72751 2 
32.070 -48.586 8.71436 -0.65522 2 
34.636 -48.586 8.72411 -0.56760 2 
37.201 -48.586 8.84984 -0.56429 2 
39.767 -48.586 8.81406 -0.58912 2 
42.332 -48.586 8.87316 -0.52986 2 
44.898 -48.586 8.99342 -0.25368 2 
47.464 -48.586 8.87999 -0.61790 2 
50.029 -48.586 8.92050 -0.48981 2 
52.595 -48.586 8.93157 -0.38250 2 
55.160 -48.586 8.87485 -0.27191 2 
57.726 -48.586 8.97716 -0.24934 2 
60.292 -48.586 8.76853 -0.10377 2 
62.857 -48.586 8.87894 -0.22837 2 
65.423 -48.586 8.92635 -0.13086 2 
67.988 -48.586 8.92446 -0.13977 2 
70.554 -48.586 8.89474 0.06409 2 
73.120 -48.586 8.84361 0.07219 2 
75.685 -48.586 8.99791 0.26049 2 
78.251 -48.586 8.76414 -0.01881 2 
80.816 -48.586 8.81389 0.22227 2 
83.382 -48.586 8.86126 0.06522 2 
85.948 -48.586 8.74806 0.26258 2 
88.513 -48.586 8.86421 0.25350 2 
91.079 -48.586 8.83448 0.21913 2 
93.644 -48.586 8.81219 0.27277 2 
96.210 -48.586 8.75408 0.31382 2 
98.776 -48.586 8.88633 0.27727 2 
101.341 -48.586 8.80490 0.47598 2 
103.907 -48.586 8.81539 0.39891 2 
106.472 -48.586 8.56087 0.36713 2 
109.038 -48.586 8.72186 0.45322 2 
111.603 -48.586 8.67400 0.41036 2 
114.169 -48.586 8.76743 0.39798 2 
116.735 -48.586 8.64661 0.43505 2 
119.300 -48.586 0.00000 -0.00000 0 
-8.980 -51.152 8.03569 -0.66271 2 
-6.414 -51.152 8.04582 -0.65815 2 
-3.848 -51.152 7.99699 -0.73469 2 
-1.283 -51.152 8.05967 -0.81115 2 
1.283 -51.152 8.26104 -0.80059 2 
3.848 -51.152 8.24839 -0.66128 2 
6.414 -51.152 8.36769 -0.86483 2 
8.980 -51.152 8.32519 -0.76766 2 
11.545 -51.152 8.26310 -0.77510 2 
14.111 -51.152 8.56390 -0.76510 2 
16.676 -51.152 8.36662 -0.69360 2 
19.242 -51.152 8.58273 -0.70734 2 
21.808 -51.152 8.56416 -0.74218 2 
24.373 -51.152 8.55292 -0.75798 2 
26.939 -51.152 8.66379 -0.66481 2 
29.504 -51.152 8.61052 -0.76008 2 
32.070 -51.152 8.67851 -0.65404 2 
34.636 -51.152 8.68996 -0.64219 2 
37.201 -51.152 8.76608 -0.69156 2 
39.767 -51.152 8.68671 -0.54013 2 
42.332 -51.152 8.75048 -0.46546 2 
44.898 -51.152 8.72609 -0.53964 2 
47.464 -51.152 8.78964 -0.34519 2 
50.029 -51.152 8.83486 -0.45159 2 
52.595 -51.152 8.94003 -0.23022 2 
55.160 -51.152 8.85319 -0.40545 2 
57.726 -51.152 8.81400 -0.35637 2 
60.292 -51.152 8.73829 -0.19671 2 
62.857 -51.152 8.94547 -0.19132 2 
65.423 -51.152 8.89338 -0.11557 2 
67.988 -51.152 8.96313 -0.12225 2 
70.554 -51.152 8.80908 -0.06055 2 
73.120 -51.152 8.87834 0.11264 2 
75.685 -51.152 8.81893 0.00007 2 
78.251 -51.152 8.74951 0.09283 2 
80.816 -51.152 8.89483 0.09520 2 
83.382 -51.152 8.78027 0.24211 2 
85.948 -51.152 8.84647 0.20255 2 
88.513 -51.152 8.78769 0.18956 2 
91.079 -51.152 8.78493 0.29506 2 
93.644 -51.152 8.80524 0.22883 2 
96.210 -51.152 8.71245 0.40748 2 
98.776 -51.152 8.72940 0.25975 2 
101.341 -51.152 8.70242 0.41081 2 
103.907 -51.152 8.64882 0.33409 2 
106.472 -51.152 8.77308 0.32910 2 
109.038 -51.152 8.65999 0.39189 2 
111.603 -51.152 8.57986 0.56815 2 
114.169 -51.152 9.03478 0.53047 2 
116.735 -51.152 8.23301 0.42626 1 
119.300 -51.152 0.00000 -0.00000 0 
-8.980 -53.717 8.18639 -0.77045 2 
-6.414 -53.717 8.25328 -0.67746 2 
-3.848 -53.717 8.35533 -0.52145 2 
-1.283 -53.717 8.45911 -0.88719 2 
1.283 -53.717 8.18601 -0.79459 2 
3.848 -53.717 8.32410 -0.77336 2 
6.414 -53.717 8.22698 -0.71881 2 
8.980 -53.717 8.38734 -0.88882 2 
11.545 -53.717 8.64985 -0.67173 2 
14.111 -53.717 8.76304 -0.92378 2 
16.676 -53.717 8.50431 -0.83361 2 
19.242 -53.717 8.95405 -0.66241 2 
21.808 -53.717 8.62450 -0.75697 2 
24.373 -53.717 8.88318 -0.77686 2 
26.939 -53.717 8.88854 -0.53648 2 
29.504 -53.717 9.08934 -0.50097 2 
32.070 -53.717 8.84800 -0.67215 2 
34.636 -53.717 8.95414 -0.60248 2 
37.201 -53.717 9.06029 -0.53281 2 
39.767 -53.717 9.16644 -0.46314 2 
42.332 -53.717 9.30473 -0.35417 2 
44.898 -53.717 8.80089 -0.31072 2 
47.464 -53.717 9.28230 -0.34851 2 
50.029 -53.717 9.12680 -0.31960 2 
52.595 -53.717 9.05454 -0.53538 2 
55.160 -53.717 8.98204 -0.33270 2 
57.726 -53.717 8.79098 -0.23669 2 
60.292 -53.717 8.87876 -0.27073 2 
62.857 -53.717 8.81939 -0.15070 2 
65.423 -53.717 8.81352 -0.16010 2 
67.988 -53.717 8.78063 0.10688 2 
70.554 -53.717 8.82423 -0.06908 2 
73.120 -53.717 8.75839 -0.00819 2 
75.685 -53.717 8.79293 0.15422 2 
78.251 -53.717 8.88808 0.02059 2 
80.816 -53.717 8.82549 0.21137 2 
83.382 -53.717 8.78799 0.38221 2 
85.948 -53.717 8.76265 0.21146 2 
88.513 -53.717 8.80353 0.12558 2 
91.079 -53.717 8.73681 0.24286 2 
93.644 -53.717 8.74936 0.36517 2 
96.210 -53.717 8.65160 0.29287 2 
98.776 -53.717 8.66298 0.36745 2 
101.341 -53.717 8.65749 0.41650 2 
103.907 -53.717 8.68756 0.35081 2 
106.472 -53.717 8.59586 0.50027 2 
109.038 -53.717 8.54016 0.51164 2 
111.603 -53.717 8.63740 0.35758 2 
114.169 -53.717 8.90290 0.73433 2 
116.735 -53.717 8.28737 0.31230 1 
119.300 -53.717 0.00000 -0.00000 0 
-8.980 -56.283 0.00000 -0.00000 0 
-6.414 -56.283 0.00000 -0.00000 0 
-3.848 -56.283 0.00000 -0.00000 0 
-1.283 -56.283 0.00000 -0.00000 0 
1.283 -56.283 0.00000 -0.00000 0 
3.848 -56.283 0.00000 -0.00000 0 
6.414 -56.283 0.00000 -0.00000 0 
8.980 -56.283 0.00000 -0.00000 0 
11.545 -56.283 0.00000 -0.00000 0 
14.111 -56.283 0.00000 -0.00000 0 
16.676 -56.283 0.00000 -0.00000 0 
19.242 -56.283 0.00000 -0.00000 0 
21.808 -56.283 0.00000 -0.00000 0 
24.373 -56.283 0.00000 -0.00000 0 
26.939 -56.283 0.00000 -0.00000 0 
29.504 -56.283 0.00000 -0.00000 0 
32.070 -56.283 0.00000 -0.00000 0 
34.636 -56.283 0.00000 -0.00000 0 
37.201 -56.283 0.00000 -0.00000 0 
39.767 -56.283 8.75053 -0.06821 1 
42.332 -56.283 8.81311 -0.07500 2 
44.898 -56.283 8.87569 -0.08179 2 
47.464 -56.283 8.93827 -0.08858 2 
50.029 -56.283 9.00086 -0.09537 2 
52.595 -56.283 9.06344 -0.10215 2 
55.160 -56.283 9.12602 -0.10894 2 
57.726 -56.283 8.75612 -0.13559 2 
60.292 -56.283 8.91466 -0.20816 2 
62.857 -56.283 8.82288 -0.19596 2 
65.423 -56.283 8.83128 -0.07297 2 
67.988 -56.283 8.86312 0.08354 2 
70.554 -56.283 8.87672 -0.12825 2 
73.120 -56.283 8.81157 -0.10106 2 
75.685 -56.283 8.75278 0.13033 2 
78.251 -56.283 8.77928 0.05499 2 
80.816 -56.283 8.73740 0.06831 2 
83.382 -56.283 8.85756 0.16171 2 
85.948 -56.283 8.74220 0.23604 2 
88.513 -56.283 8.72494 0.24111 2 
91.079 -56.283 8.83358 0.19464 2 
93.644 -56.283 8.67952 0.16098 2 
96.210 -56.283 8.74268 0.25958 2 
98.776 -56.283 8.74209 0.20256 2 
101.341 -56.283 8.68057 0.36967 2 
103.907 -56.283 8.68802 0.30726 2 
106.472 -56.283 8.67511 0.27121 2 
109.038 -56.283 8.76049 0.31221 2 
111.603 -56.283 8.55567 0.33227 2 
114.169 -56.283 8.98941 0.27615 2 
116.735 -56.283 8.47706 0.18643 1 
119.300 -56.283 0.00000 -0.00000 0 
