TITLE = "B00024"
VARIABLES = "X [mm]", "Y [mm]", "Vx [m/s]", "Vy [m/s]", "Flag"
ZONE T="Frame 1", I=51, J=39, F=POINT
-8.980 41.210 7.23411 0.41122 2 
-6.414 41.210 7.20186 0.31881 2 
-3.848 41.210 7.27814 0.42359 2 
-1.283 41.210 7.14620 0.39828 2 
1.283 41.210 7.67651 0.45544 2 
3.848 41.210 0.00000 -0.00000 0 
6.414 41.210 0.00000 -0.00000 0 
8.980 41.210 0.00000 -0.00000 0 
11.545 41.210 0.00000 -0.00000 0 
14.111 41.210 0.00000 -0.00000 0 
16.676 41.210 0.00000 -0.00000 0 
19.242 41.210 3.86693 0.31305 2 
21.808 41.210 7.73387 0.62610 2 
24.373 41.210 7.45606 0.78785 2 
26.939 41.210 7.47908 0.87755 2 
29.504 41.210 7.52186 0.80398 2 
32.070 41.210 7.55394 1.09934 2 
34.636 41.210 7.64218 0.58344 2 
37.201 41.210 7.64680 0.89187 2 
39.767 41.210 7.65012 0.77210 2 
42.332 41.210 7.79053 0.83827 2 
44.898 41.210 7.74343 0.95280 2 
47.464 41.210 7.83953 1.01606 2 
50.029 41.210 7.93563 1.07932 2 
52.595 41.210 7.95337 0.65089 2 
55.160 41.210 8.02047 0.93367 2 
57.726 41.210 8.07635 0.80056 2 
60.292 41.210 8.13222 0.66746 2 
62.857 41.210 8.24447 0.67229 2 
65.423 41.210 8.29508 0.55003 2 
67.988 41.210 8.21610 0.69668 2 
70.554 41.210 8.38228 0.69214 2 
73.120 41.210 8.54846 0.68760 2 
75.685 41.210 8.53493 0.78295 2 
78.251 41.210 8.49848 0.64046 2 
80.816 41.210 0.00000 0.00000 0 
83.382 41.210 8.56204 0.44719 2 
85.948 41.210 8.66204 0.39641 2 
88.513 41.210 8.65216 0.33731 2 
91.079 41.210 8.73514 0.20346 2 
93.644 41.210 8.59278 0.13441 2 
96.210 41.210 8.51274 0.17284 2 
98.776 41.210 8.69793 0.26208 2 
101.341 41.210 8.56115 -0.09659 2 
103.907 41.210 8.56530 0.03911 2 
106.472 41.210 8.61546 0.13114 2 
109.038 41.210 8.52194 -0.27449 2 
111.603 41.210 8.51744 0.07245 2 
114.169 41.210 8.35793 -0.26141 2 
116.735 41.210 8.81873 -0.27336 2 
119.300 41.210 0.00000 -0.00000 0 
-8.980 38.644 7.21281 0.30658 2 
-6.414 38.644 7.27996 0.30752 2 
-3.848 38.644 7.24703 0.37325 2 
-1.283 38.644 7.13329 0.45892 2 
1.283 38.644 7.60637 0.30143 2 
3.848 38.644 0.00000 -0.00000 0 
6.414 38.644 0.00000 -0.00000 0 
8.980 38.644 0.00000 -0.00000 0 
11.545 38.644 0.00000 -0.00000 0 
14.111 38.644 0.00000 -0.00000 0 
16.676 38.644 0.00000 -0.00000 0 
19.242 38.644 3.93169 0.42512 2 
21.808 38.644 7.86337 0.85023 2 
24.373 38.644 7.26984 0.81059 2 
26.939 38.644 7.50447 0.80335 2 
29.504 38.644 7.49182 0.92010 2 
32.070 38.644 7.58310 0.71887 2 
34.636 38.644 7.65010 0.83952 2 
37.201 38.644 7.47260 0.96650 2 
39.767 38.644 7.49450 0.93183 2 
42.332 38.644 7.90413 1.10478 2 
44.898 38.644 7.67906 0.86239 2 
47.464 38.644 8.07853 0.82620 2 
50.029 38.644 8.03464 0.86060 2 
52.595 38.644 8.05643 1.01404 2 
55.160 38.644 8.13001 0.80566 2 
57.726 38.644 8.34809 0.92411 2 
60.292 38.644 8.13225 0.79627 2 
62.857 38.644 8.44670 0.83010 2 
65.423 38.644 8.45053 0.84885 2 
67.988 38.644 8.25998 0.88376 2 
70.554 38.644 8.44038 0.68840 2 
73.120 38.644 8.37562 0.68139 2 
75.685 38.644 8.66363 0.83964 2 
78.251 38.644 8.65941 0.57804 2 
80.816 38.644 0.00000 0.00000 0 
83.382 38.644 8.47877 0.36918 2 
85.948 38.644 8.53862 0.36684 2 
88.513 38.644 8.66896 0.31212 2 
91.079 38.644 8.66166 0.28232 2 
93.644 38.644 8.60856 0.17670 2 
96.210 38.644 8.60935 0.05067 2 
98.776 38.644 8.55718 -0.06240 2 
101.341 38.644 8.55366 0.05211 2 
103.907 38.644 8.54979 0.03353 2 
106.472 38.644 8.69487 -0.09117 2 
109.038 38.644 8.29390 -0.15230 2 
111.603 38.644 8.50448 -0.15737 2 
114.169 38.644 8.50997 -0.24236 2 
116.735 38.644 9.05672 -0.03594 2 
119.300 38.644 0.00000 -0.00000 0 
-8.980 36.079 7.17652 0.36097 2 
-6.414 36.079 7.02979 0.49322 2 
-3.848 36.079 7.26027 0.45716 2 
-1.283 36.079 7.12127 0.40529 2 
1.283 36.079 7.36815 0.59549 2 
3.848 36.079 0.00000 -0.00000 0 
6.414 36.079 0.00000 -0.00000 0 
8.980 36.079 0.00000 -0.00000 0 
11.545 36.079 0.00000 -0.00000 0 
14.111 36.079 0.00000 -0.00000 0 
16.676 36.079 0.00000 -0.00000 0 
19.242 36.079 3.94606 0.38171 2 
21.808 36.079 7.89211 0.76341 2 
24.373 36.079 7.33847 0.85163 2 
26.939 36.079 7.37485 0.78077 2 
29.504 36.079 7.42553 0.77841 2 
32.070 36.079 7.40252 0.94501 2 
34.636 36.079 7.55110 1.03219 2 
37.201 36.079 7.72967 0.80033 2 
39.767 36.079 7.74702 1.02706 2 
42.332 36.079 7.72059 1.01952 2 
44.898 36.079 7.84005 0.96453 2 
47.464 36.079 7.95617 1.04192 2 
50.029 36.079 7.85581 0.96724 2 
52.595 36.079 7.89160 0.87392 2 
55.160 36.079 8.14673 0.95345 2 
57.726 36.079 8.18631 1.06899 2 
60.292 36.079 8.19515 0.96755 2 
62.857 36.079 8.39367 0.82734 2 
65.423 36.079 8.22216 0.80592 2 
67.988 36.079 8.25762 0.93600 2 
70.554 36.079 8.46317 0.87353 2 
73.120 36.079 8.65538 0.66432 2 
75.685 36.079 8.73846 0.76857 2 
78.251 36.079 8.62115 0.63802 2 
80.816 36.079 0.00000 0.00000 0 
83.382 36.079 8.36585 0.72868 2 
85.948 36.079 8.64161 0.33634 2 
88.513 36.079 8.64486 0.55668 2 
91.079 36.079 8.62486 0.37240 2 
93.644 36.079 8.73159 0.08056 2 
96.210 36.079 8.73452 0.13010 2 
98.776 36.079 8.75826 -0.01276 2 
101.341 36.079 8.57738 0.01673 2 
103.907 36.079 8.42821 -0.07351 2 
106.472 36.079 8.45917 -0.23371 2 
109.038 36.079 8.63886 -0.03302 2 
111.603 36.079 8.44675 -0.13422 2 
114.169 36.079 8.69252 -0.27307 2 
116.735 36.079 8.77521 0.10298 2 
119.300 36.079 0.00000 -0.00000 0 
-8.980 33.513 7.15286 0.19552 2 
-6.414 33.513 7.14450 0.37500 2 
-3.848 33.513 7.18175 0.15423 2 
-1.283 33.513 7.15154 0.52407 2 
1.283 33.513 7.38167 0.31679 2 
3.848 33.513 0.00000 -0.00000 0 
6.414 33.513 0.00000 -0.00000 0 
8.980 33.513 0.00000 -0.00000 0 
11.545 33.513 0.00000 -0.00000 0 
14.111 33.513 0.00000 -0.00000 0 
16.676 33.513 0.00000 -0.00000 0 
19.242 33.513 3.87379 0.42472 2 
21.808 33.513 7.74758 0.84944 2 
24.373 33.513 7.38424 0.74601 2 
26.939 33.513 7.43278 0.87274 2 
29.504 33.513 7.36520 0.93073 2 
32.070 33.513 7.53424 0.86512 2 
34.636 33.513 7.48890 0.99349 2 
37.201 33.513 7.64352 1.08951 2 
39.767 33.513 7.66187 0.90570 2 
42.332 33.513 7.78203 1.08013 2 
44.898 33.513 7.92495 1.05384 2 
47.464 33.513 7.92232 1.09574 2 
50.029 33.513 7.98023 0.92640 2 
52.595 33.513 8.26597 1.07156 2 
55.160 33.513 8.07477 0.88838 2 
57.726 33.513 7.95718 0.95100 2 
60.292 33.513 8.13828 1.05795 2 
62.857 33.513 8.32941 1.00031 2 
65.423 33.513 8.49864 0.89845 2 
67.988 33.513 8.26577 1.06787 2 
70.554 33.513 8.55743 0.91728 2 
73.120 33.513 8.74869 0.94420 2 
75.685 33.513 8.57084 0.76853 2 
78.251 33.513 8.69513 0.81066 2 
80.816 33.513 0.00000 0.00000 0 
83.382 33.513 8.55840 0.55509 2 
85.948 33.513 8.55562 0.51639 2 
88.513 33.513 9.09341 0.50978 2 
91.079 33.513 8.69965 0.26801 2 
93.644 33.513 8.68493 0.20976 2 
96.210 33.513 8.69291 0.26137 2 
98.776 33.513 8.70128 0.07001 2 
101.341 33.513 8.87390 -0.11408 2 
103.907 33.513 8.60653 -0.10457 2 
106.472 33.513 8.68218 -0.27299 2 
109.038 33.513 8.52459 -0.04001 2 
111.603 33.513 8.48400 -0.26571 2 
114.169 33.513 8.59972 -0.20288 2 
116.735 33.513 8.81179 0.01143 2 
119.300 33.513 0.00000 -0.00000 0 
-8.980 30.948 6.84452 0.33106 2 
-6.414 30.948 7.22678 0.31037 2 
-3.848 30.948 6.98603 0.45063 2 
-1.283 30.948 7.16808 0.39078 2 
1.283 30.948 7.34391 0.57205 2 
3.848 30.948 0.00000 -0.00000 0 
6.414 30.948 0.00000 -0.00000 0 
8.980 30.948 0.00000 -0.00000 0 
11.545 30.948 0.00000 -0.00000 0 
14.111 30.948 0.00000 -0.00000 0 
16.676 30.948 0.00000 -0.00000 0 
19.242 30.948 1.20934 -0.14521 2 
21.808 30.948 7.62987 0.95722 2 
24.373 30.948 7.26898 0.91770 2 
26.939 30.948 7.14586 0.95464 2 
29.504 30.948 7.52993 1.15701 2 
32.070 30.948 7.39786 0.98390 2 
34.636 30.948 7.53444 1.06101 2 
37.201 30.948 7.58111 0.98594 2 
39.767 30.948 7.69393 1.23661 2 
42.332 30.948 7.86413 1.06241 2 
44.898 30.948 7.57513 1.00911 2 
47.464 30.948 8.03631 1.09112 2 
50.029 30.948 7.93946 1.06843 2 
52.595 30.948 7.90913 1.11979 2 
55.160 30.948 8.12091 1.23842 2 
57.726 30.948 8.33983 1.01280 2 
60.292 30.948 8.14712 0.79512 2 
62.857 30.948 8.47951 0.92928 2 
65.423 30.948 8.23218 0.71545 2 
67.988 30.948 8.43712 0.86032 2 
70.554 30.948 8.65169 0.96104 2 
73.120 30.948 8.46302 0.78947 2 
75.685 30.948 8.68481 0.52367 2 
78.251 30.948 8.77647 0.54847 2 
80.816 30.948 0.00000 0.00000 0 
83.382 30.948 8.86344 0.62202 2 
85.948 30.948 8.96973 0.67118 2 
88.513 30.948 8.83537 0.37338 2 
91.079 30.948 8.85595 0.17120 2 
93.644 30.948 8.87030 0.21230 2 
96.210 30.948 8.92306 -0.09381 2 
98.776 30.948 8.82448 -0.11107 2 
101.341 30.948 8.64012 -0.34134 2 
103.907 30.948 8.66602 -0.20807 2 
106.472 30.948 8.48789 -0.36063 2 
109.038 30.948 8.59905 -0.28166 2 
111.603 30.948 8.54125 -0.09846 2 
114.169 30.948 8.45828 0.04298 2 
116.735 30.948 8.84837 -0.08012 2 
119.300 30.948 0.00000 -0.00000 0 
-8.980 28.382 7.24261 0.27009 2 
-6.414 28.382 7.16085 0.35398 2 
-3.848 28.382 6.99558 0.35770 2 
-1.283 28.382 7.05834 0.44352 2 
1.283 28.382 7.33493 0.55824 2 
3.848 28.382 3.66747 0.27912 2 
6.414 28.382 0.00000 -0.00000 0 
8.980 28.382 0.00000 -0.00000 0 
11.545 28.382 0.00000 -0.00000 0 
14.111 28.382 0.00000 -0.00000 0 
16.676 28.382 2.34747 0.23199 2 
19.242 28.382 5.29962 0.39138 2 
21.808 28.382 7.57155 0.95306 2 
24.373 28.382 7.30372 1.03556 2 
26.939 28.382 7.36163 1.00439 2 
29.504 28.382 7.31001 0.98551 2 
32.070 28.382 7.43301 0.92937 2 
34.636 28.382 7.37262 1.15278 2 
37.201 28.382 7.62978 1.15916 2 
39.767 28.382 7.66928 0.92579 2 
42.332 28.382 7.85675 1.14747 2 
44.898 28.382 7.87712 0.93379 2 
47.464 28.382 7.77279 1.19888 2 
50.029 28.382 7.87814 1.24176 2 
52.595 28.382 7.95679 1.04226 2 
55.160 28.382 8.27041 1.18368 2 
57.726 28.382 8.39376 1.06382 2 
60.292 28.382 8.19088 1.13167 2 
62.857 28.382 8.47172 0.93517 2 
65.423 28.382 8.80625 1.14236 2 
67.988 28.382 8.26602 1.08639 2 
70.554 28.382 8.73600 0.86161 2 
73.120 28.382 8.68926 0.72591 2 
75.685 28.382 8.45360 0.93790 2 
78.251 28.382 9.11992 0.89753 2 
80.816 28.382 8.79934 0.58444 2 
83.382 28.382 8.83669 0.53639 2 
85.948 28.382 8.86275 0.53243 2 
88.513 28.382 8.96470 0.39051 2 
91.079 28.382 9.03361 0.31561 2 
93.644 28.382 8.91766 0.14959 2 
96.210 28.382 8.93860 -0.01782 2 
98.776 28.382 8.80730 -0.12198 2 
101.341 28.382 8.86579 -0.42038 2 
103.907 28.382 8.69045 -0.27132 2 
106.472 28.382 8.52416 -0.38725 2 
109.038 28.382 8.62765 -0.02529 2 
111.603 28.382 8.25668 -0.16895 2 
114.169 28.382 8.45740 -0.05472 2 
116.735 28.382 9.08911 0.22415 2 
119.300 28.382 0.00000 -0.00000 0 
-8.980 25.816 6.95553 0.22693 2 
-6.414 25.816 7.10296 0.13947 2 
-3.848 25.816 7.00172 0.42296 2 
-1.283 25.816 7.00550 0.42633 2 
1.283 25.816 6.93469 0.46554 2 
3.848 25.816 3.46734 0.23277 2 
6.414 25.816 0.00000 -0.00000 0 
8.980 25.816 0.00000 -0.00000 0 
11.545 25.816 0.00000 -0.00000 0 
14.111 25.816 0.00000 -0.00000 0 
16.676 25.816 4.69495 0.46399 2 
19.242 25.816 6.81696 0.71604 2 
21.808 25.816 6.68943 1.09723 2 
24.373 25.816 7.26176 0.94905 2 
26.939 25.816 7.13402 1.06697 2 
29.504 25.816 7.41965 1.09199 2 
32.070 25.816 7.53667 1.22531 2 
34.636 25.816 7.41949 1.15137 2 
37.201 25.816 7.52795 1.26634 2 
39.767 25.816 7.73429 1.09129 2 
42.332 25.816 7.64210 1.27668 2 
44.898 25.816 7.93716 1.30006 2 
47.464 25.816 7.97436 1.22866 2 
50.029 25.816 7.92962 1.20989 2 
52.595 25.816 8.13740 1.08920 2 
55.160 25.816 8.04872 1.10510 2 
57.726 25.816 8.32574 1.34110 2 
60.292 25.816 8.18821 1.02301 2 
62.857 25.816 8.30713 1.25014 2 
65.423 25.816 8.52615 0.85653 2 
67.988 25.816 8.61001 0.76160 2 
70.554 25.816 8.82363 1.16632 2 
73.120 25.816 8.59666 0.99612 2 
75.685 25.816 8.96020 1.11616 2 
78.251 25.816 8.79760 0.75455 2 
80.816 25.816 8.84153 0.59603 2 
83.382 25.816 0.00000 0.00000 0 
85.948 25.816 9.11329 0.67533 2 
88.513 25.816 9.10881 0.52221 2 
91.079 25.816 8.99383 0.29143 2 
93.644 25.816 9.19996 0.06079 2 
96.210 25.816 9.08330 0.03216 2 
98.776 25.816 9.22962 -0.20146 2 
101.341 25.816 8.85773 -0.55136 2 
103.907 25.816 8.81786 -0.70907 2 
106.472 25.816 8.57638 -0.50427 2 
109.038 25.816 8.18884 -0.41293 2 
111.603 25.816 8.26585 -0.06775 2 
114.169 25.816 8.42272 0.33154 2 
116.735 25.816 9.07729 0.22528 2 
119.300 25.816 0.00000 -0.00000 0 
-8.980 23.251 7.07829 0.26491 2 
-6.414 23.251 6.99156 0.31882 2 
-3.848 23.251 6.91673 0.44189 2 
-1.283 23.251 6.83884 0.35461 2 
1.283 23.251 6.88989 0.41185 2 
3.848 23.251 7.11856 0.64856 2 
6.414 23.251 0.00000 -0.00000 0 
8.980 23.251 0.00000 -0.00000 0 
11.545 23.251 0.00000 -0.00000 0 
14.111 23.251 0.00000 -0.00000 0 
16.676 23.251 4.16715 0.52035 2 
19.242 23.251 8.33430 1.04070 2 
21.808 23.251 6.91722 1.19624 2 
24.373 23.251 7.19405 1.15132 2 
26.939 23.251 7.41613 1.16803 2 
29.504 23.251 7.16523 1.19572 2 
32.070 23.251 7.50795 1.15755 2 
34.636 23.251 7.37682 1.12113 2 
37.201 23.251 7.50973 1.25155 2 
39.767 23.251 7.66259 1.21555 2 
42.332 23.251 7.69751 1.41038 2 
44.898 23.251 7.88478 1.10061 2 
47.464 23.251 7.93105 1.35184 2 
50.029 23.251 7.98109 1.17802 2 
52.595 23.251 8.06126 1.21977 2 
55.160 23.251 8.38735 1.30606 2 
57.726 23.251 8.40284 1.17955 2 
60.292 23.251 8.49558 1.36484 2 
62.857 23.251 8.40198 1.16019 2 
65.423 23.251 8.62358 1.18289 2 
67.988 23.251 8.85281 1.18437 2 
70.554 23.251 8.91926 1.02977 2 
73.120 23.251 8.80961 1.05467 2 
75.685 23.251 9.22579 0.71246 2 
78.251 23.251 8.92495 0.86184 2 
80.816 23.251 9.12438 0.92187 2 
83.382 23.251 0.00000 0.00000 0 
85.948 23.251 8.89031 0.70136 2 
88.513 23.251 7.82516 0.46061 2 
91.079 23.251 9.27425 0.37366 2 
93.644 23.251 9.39438 0.03117 2 
96.210 23.251 9.35471 -0.15401 2 
98.776 23.251 9.16732 -0.69892 2 
101.341 23.251 9.04745 -0.75562 2 
103.907 23.251 8.76386 -0.77615 2 
106.472 23.251 8.19128 -0.82523 2 
109.038 23.251 7.90077 -0.39964 2 
111.603 23.251 7.83176 -0.08537 2 
114.169 23.251 7.72659 0.37220 2 
116.735 23.251 9.36009 0.82540 2 
119.300 23.251 0.00000 -0.00000 0 
-8.980 20.685 6.84973 -0.00002 2 
-6.414 20.685 6.98921 0.22644 2 
-3.848 20.685 6.86854 0.21432 2 
-1.283 20.685 6.79510 0.33780 2 
1.283 20.685 6.61922 0.39782 2 
3.848 20.685 6.91966 0.57097 2 
6.414 20.685 0.00000 -0.00000 0 
8.980 20.685 0.00000 -0.00000 0 
11.545 20.685 0.00000 -0.00000 0 
14.111 20.685 0.00000 -0.00000 0 
16.676 20.685 3.63935 0.57671 2 
19.242 20.685 7.27870 1.15343 2 
21.808 20.685 7.03024 0.98071 2 
24.373 20.685 7.09685 1.28309 2 
26.939 20.685 7.08491 1.24716 2 
29.504 20.685 7.26183 1.24682 2 
32.070 20.685 7.36449 1.34718 2 
34.636 20.685 7.74983 1.47688 2 
37.201 20.685 7.63659 1.32250 2 
39.767 20.685 7.66201 1.36774 2 
42.332 20.685 7.69252 1.46556 2 
44.898 20.685 7.60534 1.26153 2 
47.464 20.685 7.87476 1.38996 2 
50.029 20.685 8.15292 1.42102 2 
52.595 20.685 7.93461 1.32817 2 
55.160 20.685 7.95210 1.51667 2 
57.726 20.685 8.34475 1.35450 2 
60.292 20.685 8.33316 1.20212 2 
62.857 20.685 8.55062 1.34239 2 
65.423 20.685 9.13921 1.24364 2 
67.988 20.685 8.42240 1.29377 2 
70.554 20.685 9.64191 1.30662 2 
73.120 20.685 9.19058 1.07605 2 
75.685 20.685 7.69364 0.94107 2 
78.251 20.685 9.51071 1.22833 2 
80.816 20.685 9.92964 1.16701 2 
83.382 20.685 0.00000 0.00000 0 
85.948 20.685 0.00000 0.00000 0 
88.513 20.685 0.00000 0.00000 0 
91.079 20.685 9.99906 0.56421 2 
93.644 20.685 9.75591 0.13494 2 
96.210 20.685 9.79033 -0.43785 2 
98.776 20.685 9.46781 -0.66375 2 
101.341 20.685 9.54903 -0.79670 2 
103.907 20.685 8.98732 -1.43483 2 
106.472 20.685 8.28262 -1.18669 2 
109.038 20.685 7.50291 -0.89141 2 
111.603 20.685 7.27160 0.51549 2 
114.169 20.685 7.42099 1.14702 2 
116.735 20.685 7.83938 1.63013 2 
119.300 20.685 0.00000 -0.00000 0 
-8.980 18.120 6.89392 0.18678 2 
-6.414 18.120 6.87271 0.14069 2 
-3.848 18.120 6.69312 0.25544 2 
-1.283 18.120 6.74824 0.39683 2 
1.283 18.120 6.77897 0.48981 2 
3.848 18.120 6.81123 0.35408 2 
6.414 18.120 0.00000 -0.00000 0 
8.980 18.120 0.00000 -0.00000 0 
11.545 18.120 0.00000 -0.00000 0 
14.111 18.120 0.00000 -0.00000 0 
16.676 18.120 1.87615 -0.36716 2 
19.242 18.120 7.46398 1.10963 2 
21.808 18.120 7.01290 1.24894 2 
24.373 18.120 6.94760 1.08098 2 
26.939 18.120 7.33299 1.19333 2 
29.504 18.120 7.25579 1.54359 2 
32.070 18.120 7.45071 1.38905 2 
34.636 18.120 7.56720 1.43865 2 
37.201 18.120 7.53866 1.43373 2 
39.767 18.120 7.48860 1.47491 2 
42.332 18.120 7.67255 1.34576 2 
44.898 18.120 7.76989 1.38320 2 
47.464 18.120 7.86419 1.43106 2 
50.029 18.120 8.05107 1.26226 2 
52.595 18.120 8.14338 1.41067 2 
55.160 18.120 3.97605 0.75833 2 
57.726 18.120 8.61593 1.38318 2 
60.292 18.120 8.62564 1.48997 2 
62.857 18.120 9.44977 1.42113 2 
65.423 18.120 4.56960 0.62182 2 
67.988 18.120 0.00000 -0.00000 0 
70.554 18.120 0.00000 -0.00000 0 
73.120 18.120 0.00000 -0.00000 0 
75.685 18.120 0.00000 -0.00000 0 
78.251 18.120 0.00000 -0.00000 0 
80.816 18.120 0.00000 -0.00000 0 
83.382 18.120 0.00000 -0.00000 0 
85.948 18.120 0.80386 0.29992 2 
88.513 18.120 3.58717 0.27215 2 
91.079 18.120 10.72387 0.75476 2 
93.644 18.120 11.61782 0.45927 2 
96.210 18.120 9.73536 -0.24398 2 
98.776 18.120 10.22755 -0.58364 2 
101.341 18.120 8.24575 -1.46331 2 
103.907 18.120 6.63075 -1.56476 2 
106.472 18.120 7.02030 -1.95351 2 
109.038 18.120 6.43554 -0.84613 2 
111.603 18.120 6.03863 -0.12836 2 
114.169 18.120 5.54417 1.49423 2 
116.735 18.120 2.94805 1.95909 2 
119.300 18.120 0.35194 2.42395 2 
-8.980 15.554 6.94455 -0.03205 2 
-6.414 15.554 6.80989 0.11762 2 
-3.848 15.554 6.69415 0.17540 2 
-1.283 15.554 6.67817 0.26281 2 
1.283 15.554 6.58267 0.31392 2 
3.848 15.554 6.82233 0.57420 2 
6.414 15.554 0.00000 -0.00000 0 
8.980 15.554 0.00000 -0.00000 0 
11.545 15.554 0.00000 -0.00000 0 
14.111 15.554 0.00000 -0.00000 0 
16.676 15.554 0.11294 -1.31104 2 
19.242 15.554 7.02507 1.31029 2 
21.808 15.554 6.82469 1.41974 2 
24.373 15.554 7.13147 1.40415 2 
26.939 15.554 7.04817 1.66783 2 
29.504 15.554 7.09982 1.48245 2 
32.070 15.554 7.18610 1.62582 2 
34.636 15.554 7.38458 1.40043 2 
37.201 15.554 7.48424 1.69572 2 
39.767 15.554 7.46893 1.61728 2 
42.332 15.554 3.83627 0.67288 2 
44.898 15.554 7.93423 1.59041 2 
47.464 15.554 7.91639 1.49040 2 
50.029 15.554 8.36840 1.43147 2 
52.595 15.554 4.07169 0.70533 2 
55.160 15.554 0.00000 -0.00000 0 
57.726 15.554 0.00000 -0.00000 0 
60.292 15.554 0.00000 -0.00000 0 
62.857 15.554 0.00000 -0.00000 0 
65.423 15.554 0.00000 -0.00000 0 
67.988 15.554 0.00000 -0.00000 0 
70.554 15.554 0.00000 -0.00000 0 
73.120 15.554 0.00000 -0.00000 0 
75.685 15.554 0.00000 -0.00000 0 
78.251 15.554 0.00000 -0.00000 0 
80.816 15.554 -0.79944 -0.29684 2 
83.382 15.554 1.09943 0.44735 2 
85.948 15.554 1.24332 -0.22555 2 
88.513 15.554 0.63283 0.14529 2 
91.079 15.554 2.98092 -0.55578 2 
93.644 15.554 1.14488 1.00423 2 
96.210 15.554 1.78411 -0.44671 2 
98.776 15.554 7.65203 0.16609 2 
101.341 15.554 6.94247 -2.12992 2 
103.907 15.554 4.27418 -1.69469 2 
106.472 15.554 3.26776 -1.50441 2 
109.038 15.554 3.92321 -1.55908 2 
111.603 15.554 4.89581 2.24042 2 
114.169 15.554 2.05748 2.88756 2 
116.735 15.554 1.45551 2.90233 2 
119.300 15.554 0.14574 3.10959 2 
-8.980 12.988 6.70015 0.09058 2 
-6.414 12.988 6.67678 -0.06891 2 
-3.848 12.988 6.75999 0.05502 2 
-1.283 12.988 6.60575 0.19254 2 
1.283 12.988 6.57876 0.37022 2 
3.848 12.988 6.65549 0.44926 2 
6.414 12.988 0.00000 -0.00000 0 
8.980 12.988 0.00000 -0.00000 0 
11.545 12.988 0.00000 -0.00000 0 
14.111 12.988 0.00000 -0.00000 0 
16.676 12.988 3.51254 0.65515 2 
19.242 12.988 5.09669 1.10912 2 
21.808 12.988 6.68084 1.56309 2 
24.373 12.988 6.81757 1.56442 2 
26.939 12.988 7.11200 1.38058 2 
29.504 12.988 7.68931 1.80565 2 
32.070 12.988 7.84508 1.67489 2 
34.636 12.988 7.77663 1.76035 2 
37.201 12.988 7.62042 1.59814 2 
39.767 12.988 3.73446 0.80864 2 
42.332 12.988 0.00000 -0.00000 0 
44.898 12.988 0.00000 -0.00000 0 
47.464 12.988 0.00000 -0.00000 0 
50.029 12.988 0.00000 -0.00000 0 
52.595 12.988 0.00000 -0.00000 0 
55.160 12.988 0.00000 -0.00000 0 
57.726 12.988 0.00000 -0.00000 0 
60.292 12.988 0.00000 -0.00000 0 
62.857 12.988 0.00000 -0.00000 0 
65.423 12.988 0.00000 -0.00000 0 
67.988 12.988 0.00000 -0.00000 0 
70.554 12.988 0.00000 -0.00000 0 
73.120 12.988 0.00000 -0.00000 0 
75.685 12.988 -1.54203 0.15710 2 
78.251 12.988 -0.67656 -0.46498 2 
80.816 12.988 -1.66564 -0.23863 2 
83.382 12.988 -0.62488 0.11369 2 
85.948 12.988 -0.51645 -0.27969 2 
88.513 12.988 -0.63671 -0.12174 2 
91.079 12.988 -2.16242 0.35816 2 
93.644 12.988 -2.08816 0.43567 2 
96.210 12.988 -3.46035 0.91202 2 
98.776 12.988 -1.61771 0.30389 2 
101.341 12.988 -2.78530 -0.52656 2 
103.907 12.988 -1.14023 -1.00064 2 
106.472 12.988 -1.00467 0.70056 2 
109.038 12.988 -0.86912 2.40177 2 
111.603 12.988 0.31170 2.65728 2 
114.169 12.988 1.82659 1.66636 2 
116.735 12.988 1.95712 3.39547 2 
119.300 12.988 -0.06046 3.79524 2 
-8.980 10.423 6.61443 -0.05338 2 
-6.414 10.423 6.55264 -0.21939 2 
-3.848 10.423 6.56459 0.19934 2 
-1.283 10.423 6.48609 0.15224 2 
1.283 10.423 6.16458 0.06020 2 
3.848 10.423 6.48866 0.32431 2 
6.414 10.423 1.58467 0.05410 2 
8.980 10.423 0.00000 -0.00000 0 
11.545 10.423 0.00000 -0.00000 0 
14.111 10.423 0.00000 -0.00000 0 
16.676 10.423 1.11347 0.26052 2 
19.242 10.423 2.22695 0.52103 2 
21.808 10.423 3.34042 0.78155 2 
24.373 10.423 7.25128 1.65282 2 
26.939 10.423 8.00821 2.06256 2 
29.504 10.423 3.84465 0.90283 2 
32.070 10.423 0.00000 -0.00000 0 
34.636 10.423 0.00000 -0.00000 0 
37.201 10.423 0.00000 -0.00000 0 
39.767 10.423 0.00000 -0.00000 0 
42.332 10.423 0.00000 -0.00000 0 
44.898 10.423 0.00000 -0.00000 0 
47.464 10.423 0.00000 -0.00000 0 
50.029 10.423 0.00000 -0.00000 0 
52.595 10.423 0.00000 -0.00000 0 
55.160 10.423 0.00000 -0.00000 0 
57.726 10.423 0.00000 -0.00000 0 
60.292 10.423 0.00000 -0.00000 0 
62.857 10.423 0.00000 -0.00000 0 
65.423 10.423 0.00000 -0.00000 0 
67.988 10.423 -0.95227 -0.34433 2 
70.554 10.423 -0.97086 -0.13540 2 
73.120 10.423 -2.36299 -0.61435 2 
75.685 10.423 -2.03645 -1.18713 2 
78.251 10.423 -2.11625 -1.16932 2 
80.816 10.423 -2.53184 -0.18042 2 
83.382 10.423 -2.34920 -0.21996 2 
85.948 10.423 -2.24330 -0.52977 2 
88.513 10.423 -1.90625 -0.38876 2 
91.079 10.423 -3.55313 -0.37906 2 
93.644 10.423 -3.86352 0.80367 2 
96.210 10.423 -3.30620 1.32607 2 
98.776 10.423 -4.91576 1.11750 2 
101.341 10.423 -4.41908 -0.03741 2 
103.907 10.423 -2.65723 -0.76885 2 
106.472 10.423 -2.41041 -0.47007 2 
109.038 10.423 -1.92929 -0.42992 2 
111.603 10.423 0.38542 0.31133 2 
114.169 10.423 0.65657 1.70946 2 
116.735 10.423 1.38391 3.26950 2 
119.300 10.423 -0.21125 3.94206 2 
-8.980 7.857 6.84133 -0.17452 2 
-6.414 7.857 6.56144 -0.14819 2 
-3.848 7.857 6.47747 -0.20293 2 
-1.283 7.857 6.44467 -0.14973 2 
1.283 7.857 5.98895 -0.02265 2 
3.848 7.857 6.33869 0.21639 2 
6.414 7.857 3.16934 0.10820 2 
8.980 7.857 0.00000 -0.00000 0 
11.545 7.857 0.00000 -0.00000 0 
14.111 7.857 0.00000 -0.00000 2 
16.676 7.857 0.00000 -0.00000 2 
19.242 7.857 0.00000 -0.00000 2 
21.808 7.857 0.00000 -0.00000 0 
24.373 7.857 0.00000 -0.00000 0 
26.939 7.857 0.00000 -0.00000 0 
29.504 7.857 0.00000 -0.00000 0 
32.070 7.857 0.00000 -0.00000 0 
34.636 7.857 0.00000 -0.00000 0 
37.201 7.857 0.00000 -0.00000 0 
39.767 7.857 0.00000 -0.00000 0 
42.332 7.857 0.00000 -0.00000 0 
44.898 7.857 0.00000 -0.00000 0 
47.464 7.857 0.00000 -0.00000 0 
50.029 7.857 0.00000 -0.00000 0 
52.595 7.857 0.00000 -0.00000 0 
55.160 7.857 0.00000 -0.00000 0 
57.726 7.857 0.00000 -0.00000 0 
60.292 7.857 -0.10136 -0.10656 2 
62.857 7.857 -0.67790 -0.04398 2 
65.423 7.857 -0.22658 -0.25414 2 
67.988 7.857 -1.90453 -0.68867 2 
70.554 7.857 -2.33848 -0.73829 2 
73.120 7.857 -1.61948 -0.46736 2 
75.685 7.857 -1.81901 -0.69981 2 
78.251 7.857 -2.31122 -0.98871 2 
80.816 7.857 -3.02330 -0.57896 2 
83.382 7.857 -2.93557 -0.45825 2 
85.948 7.857 -2.20803 -0.23353 2 
88.513 7.857 -2.45967 -0.21181 2 
91.079 7.857 -3.30000 -0.30939 2 
93.644 7.857 -4.23046 0.92415 2 
96.210 7.857 -4.29684 1.15474 2 
98.776 7.857 -5.87557 0.73241 2 
101.341 7.857 -6.05287 0.45174 2 
103.907 7.857 -5.10728 0.23604 2 
106.472 7.857 -4.16170 0.02035 2 
109.038 7.857 -2.02277 -0.84189 2 
111.603 7.857 -0.92852 1.70878 2 
114.169 7.857 -0.28270 1.71637 2 
116.735 7.857 0.81069 3.14353 2 
119.300 7.857 -0.36205 4.08888 2 
-8.980 5.292 6.56015 -0.51908 2 
-6.414 5.292 6.68506 -0.26368 2 
-3.848 5.292 6.35425 -0.27867 2 
-1.283 5.292 6.16111 -0.17977 2 
1.283 5.292 5.98681 -0.22408 2 
3.848 5.292 6.54786 -0.05163 2 
6.414 5.292 1.58467 0.05410 2 
8.980 5.292 0.00000 -0.00000 0 
11.545 5.292 0.00000 -0.00000 0 
14.111 5.292 0.00000 -0.00000 0 
16.676 5.292 0.00000 -0.00000 0 
19.242 5.292 0.00000 -0.00000 0 
21.808 5.292 0.00000 -0.00000 0 
24.373 5.292 0.00000 -0.00000 0 
26.939 5.292 0.00000 -0.00000 0 
29.504 5.292 0.00000 -0.00000 0 
32.070 5.292 0.00000 -0.00000 0 
34.636 5.292 0.00000 -0.00000 0 
37.201 5.292 0.00000 -0.00000 0 
39.767 5.292 0.00000 -0.00000 0 
42.332 5.292 0.00000 -0.00000 0 
44.898 5.292 0.00000 -0.00000 0 
47.464 5.292 0.00000 -0.00000 0 
50.029 5.292 0.00000 -0.00000 0 
52.595 5.292 -0.20696 -0.05262 2 
55.160 5.292 -0.41393 -0.10524 2 
57.726 5.292 -0.66954 -0.14684 2 
60.292 5.292 -0.20273 -0.21312 2 
62.857 5.292 -1.07553 -0.57094 2 
65.423 5.292 -1.94833 -0.92876 2 
67.988 5.292 -2.31912 -0.50759 2 
70.554 5.292 -2.06929 -0.46756 2 
73.120 5.292 -1.65880 -0.61684 2 
75.685 5.292 -2.47466 -0.77866 2 
78.251 5.292 -2.50619 -0.80809 2 
80.816 5.292 -2.09012 -1.21962 2 
83.382 5.292 -2.27610 -0.52296 2 
85.948 5.292 -2.17276 0.06271 2 
88.513 5.292 -2.38343 -0.28849 2 
91.079 5.292 -2.59411 -0.63969 2 
93.644 5.292 -4.74778 -0.29356 2 
96.210 5.292 -5.28747 0.98341 2 
98.776 5.292 -5.54302 -0.22983 2 
101.341 5.292 -5.81974 0.21159 2 
103.907 5.292 -4.00838 0.08196 2 
106.472 5.292 -3.44202 -0.18522 2 
109.038 5.292 -3.63505 0.32595 2 
111.603 5.292 -3.40349 1.61958 2 
114.169 5.292 -3.77701 2.93242 2 
116.735 5.292 -3.21734 1.94337 2 
119.300 5.292 -0.45744 3.69688 2 
-8.980 2.726 6.65575 -0.43653 2 
-6.414 2.726 6.62988 -0.60468 2 
-3.848 2.726 6.26910 -0.50403 2 
-1.283 2.726 6.08165 -0.52847 2 
1.283 2.726 5.56214 -0.36910 2 
3.848 2.726 3.27393 -0.02581 2 
6.414 2.726 0.00000 -0.00000 0 
8.980 2.726 0.00000 -0.00000 0 
11.545 2.726 0.00000 -0.00000 0 
14.111 2.726 0.00000 -0.00000 0 
16.676 2.726 0.00000 -0.00000 0 
19.242 2.726 0.00000 -0.00000 0 
21.808 2.726 0.00000 -0.00000 0 
24.373 2.726 0.00000 -0.00000 0 
26.939 2.726 0.00000 -0.00000 0 
29.504 2.726 0.00000 -0.00000 0 
32.070 2.726 0.00000 -0.00000 0 
34.636 2.726 0.00000 -0.00000 0 
37.201 2.726 0.00000 -0.00000 0 
39.767 2.726 0.00000 -0.00000 0 
42.332 2.726 0.00000 -0.00000 0 
44.898 2.726 0.00000 -0.00000 0 
47.464 2.726 -0.59967 -0.23573 2 
50.029 2.726 -0.73138 -0.28466 2 
52.595 2.726 -1.01811 -0.21467 2 
55.160 2.726 -1.30483 -0.14468 2 
57.726 2.726 -1.78815 -0.02309 2 
60.292 2.726 -1.67294 -0.11749 2 
62.857 2.726 -1.79665 -0.36793 2 
65.423 2.726 -1.92036 -0.61837 2 
67.988 2.726 -1.47158 -0.48741 2 
70.554 2.726 -1.69032 -0.67389 2 
73.120 2.726 -1.86356 -0.94331 2 
75.685 2.726 -1.49261 -0.70206 2 
78.251 2.726 -1.96078 -0.58500 2 
80.816 2.726 -1.13020 -0.99518 2 
83.382 2.726 -1.92388 -0.13054 2 
85.948 2.726 -1.13057 -0.85119 2 
88.513 2.726 -1.58636 -0.97337 2 
91.079 2.726 -1.85672 -0.90236 2 
93.644 2.726 -3.31741 -0.42778 2 
96.210 2.726 -4.08511 0.17524 2 
98.776 2.726 -4.43326 0.17107 2 
101.341 2.726 -5.58661 -0.02855 2 
103.907 2.726 -2.90948 -0.07212 2 
106.472 2.726 -4.11184 0.27315 2 
109.038 2.726 -3.91052 0.88979 2 
111.603 2.726 -2.91396 1.28623 2 
114.169 2.726 -3.60140 0.51046 2 
116.735 2.726 -2.79578 1.50756 2 
119.300 2.726 -0.71336 1.80622 2 
-8.980 0.160 6.73634 -0.58881 2 
-6.414 0.160 6.54151 -0.64995 2 
-3.848 0.160 6.30698 -0.63539 2 
-1.283 0.160 6.39619 -0.69862 2 
1.283 0.160 5.13748 -0.51411 2 
3.848 0.160 0.00000 -0.00000 0 
6.414 0.160 0.00000 -0.00000 0 
8.980 0.160 0.00000 -0.00000 0 
11.545 0.160 0.00000 -0.00000 0 
14.111 0.160 0.00000 -0.00000 0 
16.676 0.160 0.00000 -0.00000 0 
19.242 0.160 0.00000 -0.00000 0 
21.808 0.160 0.00000 -0.00000 0 
24.373 0.160 0.00000 -0.00000 0 
26.939 0.160 0.00000 -0.00000 0 
29.504 0.160 0.00000 -0.00000 0 
32.070 0.160 0.00000 -0.00000 0 
34.636 0.160 0.00000 -0.00000 0 
37.201 0.160 0.00000 -0.00000 0 
39.767 0.160 -0.41215 -0.11812 2 
42.332 0.160 -0.41610 0.12116 2 
44.898 0.160 -0.34984 -0.20360 2 
47.464 0.160 -1.00974 -0.54659 2 
50.029 0.160 -0.85520 -0.30156 2 
52.595 0.160 -1.34611 -0.18293 2 
55.160 0.160 -1.24884 0.22276 2 
57.726 0.160 -0.92145 0.11198 2 
60.292 0.160 -0.96678 0.19097 2 
62.857 0.160 -1.02885 -0.94178 2 
65.423 0.160 -1.61632 -0.32411 2 
67.988 0.160 -2.33606 -0.71156 2 
70.554 0.160 -1.41449 -0.61098 2 
73.120 0.160 -1.28316 -0.89423 2 
75.685 0.160 -0.51056 -0.62545 2 
78.251 0.160 -1.14393 -0.54121 2 
80.816 0.160 -0.13629 -0.23579 2 
83.382 0.160 -0.66397 -0.45478 2 
85.948 0.160 -0.99139 -0.40000 2 
88.513 0.160 -1.34472 -0.81788 2 
91.079 0.160 -1.11933 -1.16502 2 
93.644 0.160 -2.08397 -0.82387 2 
96.210 0.160 -3.04861 -0.48271 2 
98.776 0.160 -4.27245 0.80731 2 
101.341 0.160 -5.04861 0.43615 2 
103.907 0.160 -3.86941 0.39515 2 
106.472 0.160 -4.78165 0.73153 2 
109.038 0.160 -4.18598 1.45362 2 
111.603 0.160 -3.37531 0.44942 2 
114.169 0.160 -4.26432 0.96795 2 
116.735 0.160 -2.37422 1.07175 2 
119.300 0.160 -0.47736 2.21282 2 
-8.980 -2.405 6.73280 -0.74445 2 
-6.414 -2.405 6.64287 -0.75225 2 
-3.848 -2.405 6.53026 -0.71915 2 
-1.283 -2.405 6.58559 -1.00399 2 
1.283 -2.405 0.00000 -0.00000 0 
3.848 -2.405 0.00000 -0.00000 0 
6.414 -2.405 0.00000 -0.00000 0 
8.980 -2.405 0.00000 -0.00000 0 
11.545 -2.405 0.00000 -0.00000 0 
14.111 -2.405 0.00000 -0.00000 0 
16.676 -2.405 0.00000 -0.00000 0 
19.242 -2.405 0.00000 -0.00000 0 
21.808 -2.405 0.00000 -0.00000 0 
24.373 -2.405 0.00000 -0.00000 0 
26.939 -2.405 0.00000 -0.00000 0 
29.504 -2.405 0.00000 -0.00000 0 
32.070 -2.405 -0.18228 -0.06636 2 
34.636 -2.405 -0.36455 -0.13272 2 
37.201 -2.405 -0.76494 -0.23023 2 
39.767 -2.405 -0.82430 -0.23625 2 
42.332 -2.405 -0.89673 -0.43250 2 
44.898 -2.405 -0.42854 0.08762 2 
47.464 -2.405 -0.79529 -0.69553 2 
50.029 -2.405 -0.97902 -0.31846 2 
52.595 -2.405 -1.21463 -0.45109 2 
55.160 -2.405 -1.04950 0.02725 2 
57.726 -2.405 -0.65685 -0.14034 2 
60.292 -2.405 -0.46034 0.40937 2 
62.857 -2.405 -2.00683 -0.23651 2 
65.423 -2.405 -1.98603 -1.03121 2 
67.988 -2.405 -2.08067 0.00039 2 
70.554 -2.405 -0.88630 -0.11385 2 
73.120 -2.405 -0.42369 -0.62579 2 
75.685 -2.405 -0.81648 -0.63101 2 
78.251 -2.405 -0.32708 -0.49741 2 
80.816 -2.405 0.06335 -0.76124 2 
83.382 -2.405 0.59595 -0.77901 2 
85.948 -2.405 0.33646 -0.65968 2 
88.513 -2.405 -1.04465 -1.16364 2 
91.079 -2.405 -1.20169 -0.43257 2 
93.644 -2.405 -1.01485 -0.66045 2 
96.210 -2.405 -2.74052 -1.16591 2 
98.776 -2.405 -3.33192 -0.78861 2 
101.341 -2.405 -4.51061 0.90084 2 
103.907 -2.405 -2.96942 -0.06814 2 
106.472 -2.405 -4.63251 -0.12155 2 
109.038 -2.405 -1.95148 2.39722 2 
111.603 -2.405 -1.79844 3.25272 2 
114.169 -2.405 -2.08995 2.16450 2 
116.735 -2.405 -0.84104 1.87338 2 
119.300 -2.405 -0.24136 2.61942 2 
-8.980 -4.971 6.72066 -0.68814 2 
-6.414 -4.971 6.58366 -0.94075 2 
-3.848 -4.971 6.59535 -0.86186 2 
-1.283 -4.971 6.34647 -1.27663 2 
1.283 -4.971 0.00000 -0.00000 0 
3.848 -4.971 0.00000 -0.00000 0 
6.414 -4.971 0.00000 -0.00000 0 
8.980 -4.971 0.00000 -0.00000 0 
11.545 -4.971 0.00000 -0.00000 0 
14.111 -4.971 0.00000 -0.00000 0 
16.676 -4.971 0.00000 -0.00000 0 
19.242 -4.971 0.00000 -0.00000 0 
21.808 -4.971 0.00000 -0.00000 0 
24.373 -4.971 -0.20038 -0.18166 2 
26.939 -4.971 -0.88687 -0.15101 2 
29.504 -4.971 -0.80623 -0.37415 2 
32.070 -4.971 -1.21899 -0.38694 2 
34.636 -4.971 -0.27015 -0.32903 2 
37.201 -4.971 -1.52988 -0.46046 2 
39.767 -4.971 -1.05463 0.46160 2 
42.332 -4.971 -1.07808 -0.54484 2 
44.898 -4.971 -0.50724 0.37883 2 
47.464 -4.971 0.00530 -0.83441 2 
50.029 -4.971 -0.12674 -0.39948 2 
52.595 -4.971 0.52838 -0.56618 2 
55.160 -4.971 -0.84397 -0.46759 2 
57.726 -4.971 -0.54073 0.17963 2 
60.292 -4.971 -1.07358 -0.90439 2 
62.857 -4.971 -0.20713 -0.66893 2 
65.423 -4.971 -1.22408 0.47537 2 
67.988 -4.971 -0.66688 0.38018 2 
70.554 -4.971 -1.19671 0.71000 2 
73.120 -4.971 -0.65460 -0.08469 2 
75.685 -4.971 -0.28799 -0.05780 2 
78.251 -4.971 0.43715 -0.52315 2 
80.816 -4.971 1.26590 0.27102 2 
83.382 -4.971 1.51971 -0.81787 2 
85.948 -4.971 1.36120 -0.50610 2 
88.513 -4.971 1.95195 -1.52002 2 
91.079 -4.971 0.67199 -0.98851 2 
93.644 -4.971 -0.73317 -1.92994 2 
96.210 -4.971 -2.49484 -0.85567 2 
98.776 -4.971 -1.24049 1.62786 2 
101.341 -4.971 -0.09584 1.82296 2 
103.907 -4.971 0.31771 1.49207 2 
106.472 -4.971 1.06970 1.97449 2 
109.038 -4.971 0.28302 3.34082 2 
111.603 -4.971 -0.36541 3.24379 2 
114.169 -4.971 0.00397 2.50389 2 
116.735 -4.971 0.69214 2.67500 2 
119.300 -4.971 -0.00536 3.02602 2 
-8.980 -7.536 6.78018 -0.87639 2 
-6.414 -7.536 6.94890 -0.93910 2 
-3.848 -7.536 6.63436 -1.04838 2 
-1.283 -7.536 6.63057 -1.30610 2 
1.283 -7.536 6.59139 -1.67699 2 
3.848 -7.536 0.00000 -0.00000 0 
6.414 -7.536 5.15419 -2.00167 2 
8.980 -7.536 5.50281 -2.11694 2 
11.545 -7.536 5.74423 -0.82893 2 
14.111 -7.536 -0.05554 -0.02630 2 
16.676 -7.536 -0.78427 0.29995 2 
19.242 -7.536 -1.00656 -0.36009 2 
21.808 -7.536 -1.65534 -0.41339 2 
24.373 -7.536 0.12478 -1.33681 2 
26.939 -7.536 -1.77374 -0.30201 2 
29.504 -7.536 -0.86778 -0.53325 2 
32.070 -7.536 -0.89410 -0.63682 2 
34.636 -7.536 -0.17574 -0.52534 2 
37.201 -7.536 0.36557 -0.53573 2 
39.767 -7.536 1.83723 0.41946 2 
42.332 -7.536 0.94799 0.59149 2 
44.898 -7.536 0.12840 0.59641 2 
47.464 -7.536 -0.09040 0.07612 2 
50.029 -7.536 0.46182 -0.46529 2 
52.595 -7.536 0.43574 -0.14617 2 
55.160 -7.536 0.81877 -0.50780 2 
57.726 -7.536 2.31137 -0.47268 2 
60.292 -7.536 1.36923 -0.21214 2 
62.857 -7.536 2.02857 -0.75030 2 
65.423 -7.536 2.75341 1.39704 2 
67.988 -7.536 0.74691 0.75997 2 
70.554 -7.536 1.78735 2.40392 2 
73.120 -7.536 1.15190 1.73620 2 
75.685 -7.536 0.73665 -0.02694 2 
78.251 -7.536 0.96603 0.55953 2 
80.816 -7.536 2.08383 0.38107 2 
83.382 -7.536 2.66568 -0.20449 2 
85.948 -7.536 1.91426 -0.86806 2 
88.513 -7.536 2.56824 -1.46550 2 
91.079 -7.536 2.54567 -1.54445 2 
93.644 -7.536 2.12919 -1.55922 2 
96.210 -7.536 -0.26272 -1.43273 2 
98.776 -7.536 1.33418 0.83243 2 
101.341 -7.536 1.53627 0.05217 2 
103.907 -7.536 2.68806 2.62161 2 
106.472 -7.536 1.70985 2.09107 2 
109.038 -7.536 1.42276 1.73163 2 
111.603 -7.536 2.28738 3.43392 2 
114.169 -7.536 2.65653 3.91634 2 
116.735 -7.536 2.04192 2.16024 2 
119.300 -7.536 0.23064 3.43262 2 
-8.980 -10.102 7.06285 -0.86771 2 
-6.414 -10.102 7.03841 -1.00164 2 
-3.848 -10.102 6.85848 -1.04289 2 
-1.283 -10.102 6.90990 -1.41100 2 
1.283 -10.102 6.74314 -1.63448 2 
3.848 -10.102 7.14365 -2.30185 2 
6.414 -10.102 7.19120 -2.70405 2 
8.980 -10.102 6.55880 -2.31442 2 
11.545 -10.102 7.34539 -3.14951 2 
14.111 -10.102 4.21326 -1.33167 2 
16.676 -10.102 9.34763 -2.82840 2 
19.242 -10.102 9.50601 -2.07640 2 
21.808 -10.102 4.11761 -1.38711 2 
24.373 -10.102 0.44994 -2.49197 2 
26.939 -10.102 -0.58901 -0.94095 2 
29.504 -10.102 -0.92932 -0.69235 2 
32.070 -10.102 1.09773 -0.12236 2 
34.636 -10.102 3.62372 -0.16294 2 
37.201 -10.102 4.26145 0.39680 2 
39.767 -10.102 2.53572 -0.94787 2 
42.332 -10.102 0.12373 -0.00791 2 
44.898 -10.102 1.58465 1.25016 2 
47.464 -10.102 3.33658 0.62650 2 
50.029 -10.102 3.31113 0.14984 2 
52.595 -10.102 3.04621 -0.59862 2 
55.160 -10.102 2.53886 -0.95189 2 
57.726 -10.102 1.99504 -1.08800 2 
60.292 -10.102 0.70642 0.30071 2 
62.857 -10.102 5.45934 0.00038 2 
65.423 -10.102 4.73891 1.11356 2 
67.988 -10.102 5.77519 2.48341 2 
70.554 -10.102 4.67349 2.71546 2 
73.120 -10.102 5.20647 1.69018 2 
75.685 -10.102 5.76350 0.90889 2 
78.251 -10.102 1.09880 -0.33804 2 
80.816 -10.102 2.90175 0.49112 2 
83.382 -10.102 3.79124 -0.05144 2 
85.948 -10.102 3.27088 -1.01826 2 
88.513 -10.102 2.32540 -1.66242 2 
91.079 -10.102 2.47117 -1.92913 2 
93.644 -10.102 1.98864 -1.85280 2 
96.210 -10.102 1.96940 -2.00978 2 
98.776 -10.102 2.17375 -2.01250 2 
101.341 -10.102 2.15580 0.49374 2 
103.907 -10.102 2.24642 2.00314 2 
106.472 -10.102 3.50415 3.26585 2 
109.038 -10.102 3.45167 3.76718 2 
111.603 -10.102 3.86268 3.31119 2 
114.169 -10.102 3.94253 3.38478 2 
116.735 -10.102 4.68909 2.77658 2 
119.300 -10.102 0.48208 2.62358 2 
-8.980 -12.668 7.10264 -0.92173 2 
-6.414 -12.668 7.09141 -0.94716 2 
-3.848 -12.668 6.92072 -1.33557 2 
-1.283 -12.668 7.14794 -1.36066 2 
1.283 -12.668 7.17480 -1.80451 2 
3.848 -12.668 7.16356 -1.94783 2 
6.414 -12.668 7.28397 -2.29526 2 
8.980 -12.668 7.61479 -2.51190 2 
11.545 -12.668 7.72133 -2.80402 2 
14.111 -12.668 8.48206 -2.63705 2 
16.676 -12.668 8.89235 -2.46657 2 
19.242 -12.668 8.95861 -2.33260 2 
21.808 -12.668 9.89056 -2.36084 2 
24.373 -12.668 4.99164 -2.28130 2 
26.939 -12.668 9.76573 -1.86405 2 
29.504 -12.668 4.38557 -1.19152 2 
32.070 -12.668 5.84783 -0.70897 2 
34.636 -12.668 6.74529 -0.31384 2 
37.201 -12.668 7.41611 -0.64673 2 
39.767 -12.668 8.08693 -0.97961 2 
42.332 -12.668 5.34282 0.26731 2 
44.898 -12.668 4.28013 1.06285 2 
47.464 -12.668 5.64793 0.71172 2 
50.029 -12.668 5.91052 0.45808 2 
52.595 -12.668 5.26983 -0.70146 2 
55.160 -12.668 5.71433 -0.38204 2 
57.726 -12.668 4.19457 0.00047 2 
60.292 -12.668 7.47921 -0.20198 2 
62.857 -12.668 6.02548 -0.11614 2 
65.423 -12.668 6.72440 0.83007 2 
67.988 -12.668 4.44585 0.95353 2 
70.554 -12.668 6.13487 2.59788 2 
73.120 -12.668 7.01073 1.90197 2 
75.685 -12.668 6.69706 1.42204 2 
78.251 -12.668 7.45887 1.70672 2 
80.816 -12.668 6.90044 1.02048 2 
83.382 -12.668 4.64913 -0.68299 2 
85.948 -12.668 4.06400 -1.26155 2 
88.513 -12.668 2.99422 -1.70271 2 
91.079 -12.668 2.55208 -2.27053 2 
93.644 -12.668 2.38170 -1.69833 2 
96.210 -12.668 2.41137 -0.99154 2 
98.776 -12.668 1.79579 -0.92095 2 
101.341 -12.668 3.10666 -1.71392 2 
103.907 -12.668 3.15245 0.82094 2 
106.472 -12.668 4.10692 1.54290 2 
109.038 -12.668 3.96903 3.09905 2 
111.603 -12.668 4.67628 3.92049 2 
114.169 -12.668 4.37450 3.41219 2 
116.735 -12.668 5.44361 2.36355 2 
119.300 -12.668 0.00000 -0.00000 0 
-8.980 -15.233 7.18064 -0.97595 2 
-6.414 -15.233 7.10254 -1.09980 2 
-3.848 -15.233 7.21198 -1.16932 2 
-1.283 -15.233 7.20145 -1.49856 2 
1.283 -15.233 7.16498 -1.68068 2 
3.848 -15.233 7.35302 -1.93300 2 
6.414 -15.233 7.46510 -2.28002 2 
8.980 -15.233 7.62773 -2.21949 2 
11.545 -15.233 8.09727 -2.45852 2 
14.111 -15.233 8.45658 -2.36789 2 
16.676 -15.233 8.60634 -2.27254 2 
19.242 -15.233 8.91747 -2.15612 2 
21.808 -15.233 9.04719 -2.04496 2 
24.373 -15.233 9.53335 -2.07063 2 
26.939 -15.233 9.38272 -1.65963 2 
29.504 -15.233 9.70046 -1.69070 2 
32.070 -15.233 9.28230 -1.44085 2 
34.636 -15.233 8.86414 -1.19100 2 
37.201 -15.233 8.64126 -1.18965 2 
39.767 -15.233 8.41839 -1.18831 2 
42.332 -15.233 7.92393 -0.92964 2 
44.898 -15.233 8.75243 -1.16620 2 
47.464 -15.233 7.95928 0.79694 2 
50.029 -15.233 7.92998 -0.03865 2 
52.595 -15.233 8.50139 -1.07882 2 
55.160 -15.233 7.37975 -0.86607 2 
57.726 -15.233 9.13582 -0.21702 2 
60.292 -15.233 7.51250 -1.23807 2 
62.857 -15.233 7.87941 0.49800 2 
65.423 -15.233 7.58364 -0.23995 2 
67.988 -15.233 6.77114 1.99720 2 
70.554 -15.233 8.09236 2.61516 2 
73.120 -15.233 8.32887 2.06706 2 
75.685 -15.233 7.72889 1.44491 2 
78.251 -15.233 7.66701 1.00949 2 
80.816 -15.233 6.70275 0.60004 2 
83.382 -15.233 6.44354 -0.54293 2 
85.948 -15.233 6.10071 -2.32650 2 
88.513 -15.233 3.74575 -2.88639 2 
91.079 -15.233 3.34668 -3.14015 2 
93.644 -15.233 2.80428 -2.74050 2 
96.210 -15.233 3.66501 -0.94070 2 
98.776 -15.233 2.59070 0.47473 2 
101.341 -15.233 6.66193 -0.63888 2 
103.907 -15.233 6.86358 1.24740 2 
106.472 -15.233 7.22109 2.48510 2 
109.038 -15.233 7.50283 2.30152 2 
111.603 -15.233 7.70152 3.85579 2 
114.169 -15.233 7.17097 3.03683 2 
116.735 -15.233 6.55874 2.81352 2 
119.300 -15.233 0.00000 -0.00000 0 
-8.980 -17.799 7.19363 -0.95735 2 
-6.414 -17.799 7.17209 -1.08928 2 
-3.848 -17.799 7.46933 -1.18721 2 
-1.283 -17.799 7.22718 -1.42352 2 
1.283 -17.799 7.48065 -1.69256 2 
3.848 -17.799 7.39134 -1.72628 2 
6.414 -17.799 7.79964 -1.98119 2 
8.980 -17.799 7.94101 -2.06039 2 
11.545 -17.799 8.19402 -2.10814 2 
14.111 -17.799 8.38269 -2.06674 2 
16.676 -17.799 8.71166 -2.17726 2 
19.242 -17.799 8.80940 -1.99873 2 
21.808 -17.799 8.82422 -1.90313 2 
24.373 -17.799 8.99556 -1.88487 2 
26.939 -17.799 9.19004 -1.64884 2 
29.504 -17.799 9.32423 -1.46637 2 
32.070 -17.799 9.12867 -1.21859 2 
34.636 -17.799 9.25640 -1.45369 2 
37.201 -17.799 9.24430 -1.65568 2 
39.767 -17.799 9.04493 -1.29259 2 
42.332 -17.799 8.84556 -0.92951 2 
44.898 -17.799 10.03573 -0.09632 2 
47.464 -17.799 8.73190 0.25459 2 
50.029 -17.799 8.96246 -0.34537 2 
52.595 -17.799 9.18163 -0.97926 2 
55.160 -17.799 9.44739 -1.00190 2 
57.726 -17.799 8.98940 -0.71629 2 
60.292 -17.799 8.65557 -1.08455 2 
62.857 -17.799 8.24074 -1.31359 2 
65.423 -17.799 8.82046 0.71642 2 
67.988 -17.799 8.76433 2.22829 2 
70.554 -17.799 9.49077 1.82119 2 
73.120 -17.799 8.56438 1.42264 2 
75.685 -17.799 8.25585 1.09028 2 
78.251 -17.799 7.97569 0.67544 2 
80.816 -17.799 7.03514 -0.06432 2 
83.382 -17.799 6.82046 -0.21700 2 
85.948 -17.799 5.92135 -1.81981 2 
88.513 -17.799 5.50893 -2.66167 2 
91.079 -17.799 5.44363 -2.54164 2 
93.644 -17.799 6.33016 0.56392 2 
96.210 -17.799 8.58585 1.09976 2 
98.776 -17.799 9.40153 0.76796 2 
101.341 -17.799 10.21720 0.43616 2 
103.907 -17.799 9.84748 1.05829 2 
106.472 -17.799 7.40834 1.59187 2 
109.038 -17.799 7.55948 2.03677 2 
111.603 -17.799 7.58003 3.11017 2 
114.169 -17.799 7.39728 2.40558 2 
116.735 -17.799 7.56702 2.46490 2 
119.300 -17.799 0.00000 -0.00000 0 
-8.980 -20.364 7.42878 -0.92156 2 
-6.414 -20.364 7.35368 -1.14286 2 
-3.848 -20.364 7.37741 -1.20470 2 
-1.283 -20.364 7.46799 -1.32056 2 
1.283 -20.364 7.39324 -1.51785 2 
3.848 -20.364 7.55888 -1.65951 2 
6.414 -20.364 7.75498 -1.57536 2 
8.980 -20.364 7.97480 -1.90094 2 
11.545 -20.364 8.23722 -1.85521 2 
14.111 -20.364 8.37299 -1.91563 2 
16.676 -20.364 8.60603 -1.85576 2 
19.242 -20.364 8.83862 -1.82640 2 
21.808 -20.364 8.79849 -1.70271 2 
24.373 -20.364 8.99665 -1.71033 2 
26.939 -20.364 9.13667 -1.51903 2 
29.504 -20.364 9.11192 -1.43160 2 
32.070 -20.364 9.24957 -1.16681 2 
34.636 -20.364 9.27663 -1.31459 2 
37.201 -20.364 9.38731 -1.33026 2 
39.767 -20.364 9.57725 -1.12982 2 
42.332 -20.364 9.76720 -0.92938 2 
44.898 -20.364 9.79762 -0.52847 2 
47.464 -20.364 9.50452 -0.28775 2 
50.029 -20.364 9.25313 -0.45219 2 
52.595 -20.364 9.23202 -0.65434 2 
55.160 -20.364 9.56006 -0.65309 2 
57.726 -20.364 9.51622 -0.79618 2 
60.292 -20.364 9.79863 -0.93104 2 
62.857 -20.364 10.19306 -0.77756 2 
65.423 -20.364 9.40356 0.39380 2 
67.988 -20.364 9.15980 1.37997 2 
70.554 -20.364 9.27982 1.07685 2 
73.120 -20.364 8.92547 0.95282 2 
75.685 -20.364 8.62401 0.81680 2 
78.251 -20.364 8.42221 0.43215 2 
80.816 -20.364 8.24242 -0.02359 2 
83.382 -20.364 7.90031 -0.50293 2 
85.948 -20.364 7.25127 -1.68093 2 
88.513 -20.364 7.27211 -2.43695 2 
91.079 -20.364 7.54058 -1.94313 2 
93.644 -20.364 7.61285 0.12235 2 
96.210 -20.364 9.21354 1.13212 2 
98.776 -20.364 9.46162 0.84952 2 
101.341 -20.364 9.70970 0.56691 2 
103.907 -20.364 9.48083 0.84908 2 
106.472 -20.364 7.59559 0.69863 2 
109.038 -20.364 7.49701 1.16479 2 
111.603 -20.364 7.39842 1.63094 2 
114.169 -20.364 7.43077 2.78650 2 
116.735 -20.364 8.01909 1.62800 2 
119.300 -20.364 0.00000 -0.00000 0 
-8.980 -22.930 7.33636 -0.98469 2 
-6.414 -22.930 7.36132 -1.11778 2 
-3.848 -22.930 7.57380 -1.13590 2 
-1.283 -22.930 7.51687 -1.16942 2 
1.283 -22.930 7.56133 -1.42786 2 
3.848 -22.930 7.71700 -1.39650 2 
6.414 -22.930 7.94553 -1.60512 2 
8.980 -22.930 7.94284 -1.53998 2 
11.545 -22.930 8.28252 -1.55693 2 
14.111 -22.930 8.44716 -1.88790 2 
16.676 -22.930 8.71416 -1.74135 2 
19.242 -22.930 8.71379 -1.77542 2 
21.808 -22.930 8.87412 -1.55764 2 
24.373 -22.930 8.91722 -1.54451 2 
26.939 -22.930 8.97609 -1.36722 2 
29.504 -22.930 8.98611 -1.42642 2 
32.070 -22.930 9.10303 -1.28763 2 
34.636 -22.930 9.29335 -1.22149 2 
37.201 -22.930 9.36831 -1.15348 2 
39.767 -22.930 9.48579 -1.17096 2 
42.332 -22.930 9.43414 -0.80531 2 
44.898 -22.930 9.58863 -0.71789 2 
47.464 -22.930 9.48529 -0.49565 2 
50.029 -22.930 9.42958 -0.70635 2 
52.595 -22.930 9.40676 -0.64483 2 
55.160 -22.930 9.40499 -0.59093 2 
57.726 -22.930 9.69153 -0.60997 2 
60.292 -22.930 9.70003 -0.52887 2 
62.857 -22.930 9.88936 -0.52237 2 
65.423 -22.930 9.98666 0.07118 2 
67.988 -22.930 9.55527 0.53164 2 
70.554 -22.930 9.36307 0.65517 2 
73.120 -22.930 9.10120 0.50242 2 
75.685 -22.930 8.86815 0.52443 2 
78.251 -22.930 8.77354 0.22580 2 
80.816 -22.930 8.52299 -0.08311 2 
83.382 -22.930 8.30243 -0.37404 2 
85.948 -22.930 8.83128 -1.11726 2 
88.513 -22.930 9.52199 -1.45130 2 
91.079 -22.930 10.01909 -1.05191 2 
93.644 -22.930 10.24325 0.46574 2 
96.210 -22.930 9.84123 1.16449 2 
98.776 -22.930 10.00247 0.93538 2 
101.341 -22.930 9.20220 0.69767 2 
103.907 -22.930 9.11419 0.63986 2 
106.472 -22.930 8.23710 0.41169 2 
109.038 -22.930 8.04748 0.90085 2 
111.603 -22.930 8.14727 1.61876 2 
114.169 -22.930 8.24707 2.33668 2 
116.735 -22.930 8.17440 1.80539 2 
119.300 -22.930 0.00000 -0.00000 0 
-8.980 -25.496 7.44843 -0.98426 2 
-6.414 -25.496 7.61089 -0.95676 2 
-3.848 -25.496 7.57636 -1.07704 2 
-1.283 -25.496 7.73334 -1.06102 2 
1.283 -25.496 7.70860 -1.24195 2 
3.848 -25.496 7.78364 -1.44045 2 
6.414 -25.496 7.94006 -1.41227 2 
8.980 -25.496 7.95498 -1.58664 2 
11.545 -25.496 8.20504 -1.62118 2 
14.111 -25.496 8.40009 -1.43913 2 
16.676 -25.496 8.53152 -1.47986 2 
19.242 -25.496 8.48173 -1.57795 2 
21.808 -25.496 8.73198 -1.56034 2 
24.373 -25.496 8.78595 -1.32462 2 
26.939 -25.496 8.90383 -1.24250 2 
29.504 -25.496 9.03770 -1.20757 2 
32.070 -25.496 9.02134 -1.04028 2 
34.636 -25.496 9.23888 -1.14301 2 
37.201 -25.496 9.22033 -0.82536 2 
39.767 -25.496 9.34871 -0.99965 2 
42.332 -25.496 9.36544 -0.82370 2 
44.898 -25.496 9.33318 -0.69159 2 
47.464 -25.496 9.42650 -0.80285 2 
50.029 -25.496 9.28746 -0.43892 2 
52.595 -25.496 9.25340 -0.49634 2 
55.160 -25.496 9.31145 -0.57690 2 
57.726 -25.496 9.50303 -0.46987 2 
60.292 -25.496 9.50694 -0.36925 2 
62.857 -25.496 9.58566 -0.26717 2 
65.423 -25.496 9.65436 0.02892 2 
67.988 -25.496 9.50505 0.19730 2 
70.554 -25.496 9.21461 0.27568 2 
73.120 -25.496 9.23921 0.31921 2 
75.685 -25.496 9.01038 0.41573 2 
78.251 -25.496 8.88523 0.08685 2 
80.816 -25.496 8.79570 -0.18221 2 
83.382 -25.496 8.91660 -0.47836 2 
85.948 -25.496 9.12519 -0.55776 2 
88.513 -25.496 9.28094 -0.75938 2 
91.079 -25.496 9.72309 -0.32279 2 
93.644 -25.496 9.80747 0.23211 2 
96.210 -25.496 9.72066 0.44172 2 
98.776 -25.496 10.13960 0.67738 2 
101.341 -25.496 9.52753 0.89930 2 
103.907 -25.496 9.68163 0.84839 2 
106.472 -25.496 9.89763 0.52526 2 
109.038 -25.496 8.59251 1.13155 2 
111.603 -25.496 8.53744 1.34189 2 
114.169 -25.496 8.52557 1.82699 2 
116.735 -25.496 8.41868 1.74766 2 
119.300 -25.496 0.00000 -0.00000 0 
-8.980 -28.061 7.17667 -0.94982 2 
-6.414 -28.061 7.46839 -1.01002 2 
-3.848 -28.061 7.70917 -0.92752 2 
-1.283 -28.061 7.68477 -1.14697 2 
1.283 -28.061 7.83006 -1.12158 2 
3.848 -28.061 7.85259 -1.28964 2 
6.414 -28.061 8.01277 -1.26546 2 
8.980 -28.061 8.13143 -1.22994 2 
11.545 -28.061 8.27645 -1.49323 2 
14.111 -28.061 8.49547 -1.38505 2 
16.676 -28.061 8.54520 -1.30955 2 
19.242 -28.061 8.82074 -1.40052 2 
21.808 -28.061 8.75586 -1.28664 2 
24.373 -28.061 8.84238 -1.19698 2 
26.939 -28.061 8.87279 -1.26658 2 
29.504 -28.061 9.03377 -1.08672 2 
32.070 -28.061 8.85700 -1.04029 2 
34.636 -28.061 8.96311 -1.11176 2 
37.201 -28.061 9.00022 -0.96758 2 
39.767 -28.061 9.06281 -0.81129 2 
42.332 -28.061 9.29290 -0.75741 2 
44.898 -28.061 9.31493 -0.66853 2 
47.464 -28.061 9.29259 -0.70000 2 
50.029 -28.061 9.18371 -0.69133 2 
52.595 -28.061 9.35866 -0.56026 2 
55.160 -28.061 9.37435 -0.52371 2 
57.726 -28.061 9.54556 -0.53605 2 
60.292 -28.061 9.33799 -0.32910 2 
62.857 -28.061 9.47969 -0.32488 2 
65.423 -28.061 9.35338 -0.01421 2 
67.988 -28.061 9.38703 0.11853 2 
70.554 -28.061 9.24049 0.08936 2 
73.120 -28.061 9.10899 0.21256 2 
75.685 -28.061 8.96799 0.13914 2 
78.251 -28.061 9.01761 -0.05040 2 
80.816 -28.061 8.98545 0.09982 2 
83.382 -28.061 8.84718 -0.16103 2 
85.948 -28.061 9.20297 -0.29984 2 
88.513 -28.061 9.28932 -0.34217 2 
91.079 -28.061 9.38775 -0.27027 2 
93.644 -28.061 9.36071 -0.04337 2 
96.210 -28.061 9.80656 0.24812 2 
98.776 -28.061 9.73787 0.61517 2 
101.341 -28.061 9.68262 0.66779 2 
103.907 -28.061 9.77422 0.72257 2 
106.472 -28.061 9.54736 1.09075 2 
109.038 -28.061 9.13755 1.36225 2 
111.603 -28.061 9.03928 1.29782 2 
114.169 -28.061 8.56168 1.55764 2 
116.735 -28.061 8.96749 1.29831 2 
119.300 -28.061 0.00000 -0.00000 0 
-8.980 -30.627 7.78717 -0.88241 2 
-6.414 -30.627 7.56437 -0.94895 2 
-3.848 -30.627 7.73604 -1.02627 2 
-1.283 -30.627 7.78136 -1.00753 2 
1.283 -30.627 7.87673 -0.98559 2 
3.848 -30.627 8.08360 -1.08400 2 
6.414 -30.627 8.09550 -1.32716 2 
8.980 -30.627 8.16467 -1.25232 2 
11.545 -30.627 8.32670 -1.22398 2 
14.111 -30.627 8.30465 -1.28012 2 
16.676 -30.627 8.49046 -1.31293 2 
19.242 -30.627 8.56751 -1.30154 2 
21.808 -30.627 8.51215 -1.06522 2 
24.373 -30.627 8.82111 -1.09096 2 
26.939 -30.627 8.88509 -1.10586 2 
29.504 -30.627 8.83647 -1.04504 2 
32.070 -30.627 9.05287 -0.99613 2 
34.636 -30.627 8.86511 -0.96057 2 
37.201 -30.627 9.14924 -0.90936 2 
39.767 -30.627 9.13213 -0.80669 2 
42.332 -30.627 9.27402 -0.68006 2 
44.898 -30.627 9.00929 -0.69464 2 
47.464 -30.627 9.17407 -0.74740 2 
50.029 -30.627 9.20878 -0.60975 2 
52.595 -30.627 9.14953 -0.59293 2 
55.160 -30.627 9.30396 -0.36544 2 
57.726 -30.627 9.11870 -0.44388 2 
60.292 -30.627 9.30318 -0.25465 2 
62.857 -30.627 9.27676 -0.33218 2 
65.423 -30.627 9.21923 -0.04709 2 
67.988 -30.627 9.33072 -0.04786 2 
70.554 -30.627 9.11134 -0.02924 2 
73.120 -30.627 9.27244 -0.02648 2 
75.685 -30.627 9.07033 0.11474 2 
78.251 -30.627 8.89707 0.05234 2 
80.816 -30.627 9.01808 -0.15920 2 
83.382 -30.627 9.02316 -0.23347 2 
85.948 -30.627 9.12078 -0.17910 2 
88.513 -30.627 9.14061 -0.02280 2 
91.079 -30.627 9.21307 -0.06958 2 
93.644 -30.627 9.35339 -0.01002 2 
96.210 -30.627 9.30225 0.19873 2 
98.776 -30.627 9.59798 0.41980 2 
101.341 -30.627 9.60724 0.63531 2 
103.907 -30.627 9.31095 0.88672 2 
106.472 -30.627 9.12319 0.91127 2 
109.038 -30.627 9.14805 1.03967 2 
111.603 -30.627 8.86605 1.26288 2 
114.169 -30.627 8.61592 0.99696 2 
116.735 -30.627 8.77402 1.54368 2 
119.300 -30.627 0.00000 -0.00000 0 
-8.980 -33.192 7.64868 -0.86334 2 
-6.414 -33.192 7.67814 -0.86703 2 
-3.848 -33.192 7.82100 -1.01944 2 
-1.283 -33.192 7.84383 -1.00676 2 
1.283 -33.192 8.03812 -0.90395 2 
3.848 -33.192 8.04397 -1.10751 2 
6.414 -33.192 8.07044 -1.02806 2 
8.980 -33.192 8.16869 -1.09565 2 
11.545 -33.192 8.27577 -1.23917 2 
14.111 -33.192 8.33676 -1.09586 2 
16.676 -33.192 8.52279 -1.18191 2 
19.242 -33.192 8.61394 -1.03443 2 
21.808 -33.192 8.64405 -1.29311 2 
24.373 -33.192 8.62654 -0.90785 2 
26.939 -33.192 8.75861 -1.04082 2 
29.504 -33.192 8.85442 -1.04510 2 
32.070 -33.192 8.95101 -0.85547 2 
34.636 -33.192 8.90363 -0.98828 2 
37.201 -33.192 8.93029 -0.83829 2 
39.767 -33.192 9.16508 -0.80518 2 
42.332 -33.192 8.91610 -0.77535 2 
44.898 -33.192 9.24053 -0.65825 2 
47.464 -33.192 9.14125 -0.70054 2 
50.029 -33.192 9.19574 -0.56525 2 
52.595 -33.192 9.05027 -0.53088 2 
55.160 -33.192 9.05873 -0.50010 2 
57.726 -33.192 9.12139 -0.53096 2 
60.292 -33.192 9.26705 -0.38820 2 
62.857 -33.192 9.24258 -0.26187 2 
65.423 -33.192 9.15646 -0.05320 2 
67.988 -33.192 9.07693 -0.19048 2 
70.554 -33.192 9.18573 0.00398 2 
73.120 -33.192 9.15855 0.00973 2 
75.685 -33.192 8.90575 0.05026 2 
78.251 -33.192 9.08682 0.09599 2 
80.816 -33.192 9.04853 0.15204 2 
83.382 -33.192 9.11869 0.04892 2 
85.948 -33.192 9.06762 0.10681 2 
88.513 -33.192 9.03567 0.04505 2 
91.079 -33.192 9.15854 -0.04882 2 
93.644 -33.192 9.43090 0.16858 2 
96.210 -33.192 9.20698 0.37873 2 
98.776 -33.192 9.41640 0.40099 2 
101.341 -33.192 9.07518 0.69834 2 
103.907 -33.192 9.29579 0.84799 2 
106.472 -33.192 9.06196 0.90531 2 
109.038 -33.192 9.07613 0.98507 2 
111.603 -33.192 8.82077 0.80693 2 
114.169 -33.192 8.58425 1.18054 2 
116.735 -33.192 8.99378 0.80348 2 
119.300 -33.192 0.00000 -0.00000 0 
-8.980 -35.758 7.74614 -0.93266 2 
-6.414 -35.758 7.84964 -0.79140 2 
-3.848 -35.758 7.80802 -0.95275 2 
-1.283 -35.758 7.92253 -0.95307 2 
1.283 -35.758 8.01257 -1.05933 2 
3.848 -35.758 8.08579 -0.98235 2 
6.414 -35.758 8.11598 -0.95186 2 
8.980 -35.758 8.32346 -1.04134 2 
11.545 -35.758 8.31993 -1.10101 2 
14.111 -35.758 8.41376 -1.15691 2 
16.676 -35.758 8.47508 -0.91874 2 
19.242 -35.758 8.58579 -0.94711 2 
21.808 -35.758 8.64157 -1.01038 2 
24.373 -35.758 8.59179 -0.95770 2 
26.939 -35.758 8.69580 -1.02055 2 
29.504 -35.758 8.87958 -0.82347 2 
32.070 -35.758 8.71666 -0.82797 2 
34.636 -35.758 8.99324 -1.00448 2 
37.201 -35.758 8.92172 -0.80748 2 
39.767 -35.758 9.00970 -0.90937 2 
42.332 -35.758 8.96510 -0.67161 2 
44.898 -35.758 8.98286 -0.80692 2 
47.464 -35.758 9.25153 -0.55541 2 
50.029 -35.758 9.17840 -0.54028 2 
52.595 -35.758 9.15582 -0.46946 2 
55.160 -35.758 9.17624 -0.54500 2 
57.726 -35.758 9.08899 -0.36362 2 
60.292 -35.758 9.15744 -0.47034 2 
62.857 -35.758 9.07447 -0.14614 2 
65.423 -35.758 9.22401 -0.15720 2 
67.988 -35.758 9.15259 -0.06500 2 
70.554 -35.758 9.10275 -0.20352 2 
73.120 -35.758 9.11191 -0.06592 2 
75.685 -35.758 9.14019 0.04582 2 
78.251 -35.758 9.01595 0.08391 2 
80.816 -35.758 8.95819 0.05289 2 
83.382 -35.758 9.07519 0.04974 2 
85.948 -35.758 9.02741 0.08952 2 
88.513 -35.758 9.08342 0.30976 2 
91.079 -35.758 9.22947 0.37150 2 
93.644 -35.758 8.96746 0.31183 2 
96.210 -35.758 9.19982 0.42808 2 
98.776 -35.758 9.03106 0.58997 2 
101.341 -35.758 9.26802 0.55744 2 
103.907 -35.758 9.06901 0.65337 2 
106.472 -35.758 9.03682 0.67343 2 
109.038 -35.758 8.81582 0.83111 2 
111.603 -35.758 8.93037 0.93522 2 
114.169 -35.758 8.65946 0.96049 2 
116.735 -35.758 9.09971 0.93465 2 
119.300 -35.758 0.00000 -0.00000 0 
-8.980 -38.324 7.82879 -0.78576 2 
-6.414 -38.324 7.82289 -0.97380 2 
-3.848 -38.324 8.00243 -0.78340 2 
-1.283 -38.324 7.91464 -0.96274 2 
1.283 -38.324 7.99763 -0.89853 2 
3.848 -38.324 8.09658 -0.84199 2 
6.414 -38.324 8.20759 -1.06460 2 
8.980 -38.324 8.10380 -0.91176 2 
11.545 -38.324 8.40543 -1.00988 2 
14.111 -38.324 8.42272 -0.92139 2 
16.676 -38.324 8.35617 -0.95775 2 
19.242 -38.324 8.66460 -0.99764 2 
21.808 -38.324 8.63762 -0.95518 2 
24.373 -38.324 8.74738 -0.93336 2 
26.939 -38.324 8.72150 -0.84235 2 
29.504 -38.324 8.82896 -0.92131 2 
32.070 -38.324 8.86836 -0.88510 2 
34.636 -38.324 8.78913 -0.74814 2 
37.201 -38.324 8.94865 -0.68862 2 
39.767 -38.324 8.91166 -0.74867 2 
42.332 -38.324 8.92048 -0.69597 2 
44.898 -38.324 9.07892 -0.61962 2 
47.464 -38.324 8.92326 -0.73730 2 
50.029 -38.324 9.04982 -0.48998 2 
52.595 -38.324 9.11683 -0.56210 2 
55.160 -38.324 8.97737 -0.40211 2 
57.726 -38.324 9.22338 -0.36515 2 
60.292 -38.324 9.01105 -0.27157 2 
62.857 -38.324 9.15412 -0.41654 2 
65.423 -38.324 9.01582 -0.21429 2 
67.988 -38.324 9.06997 -0.01864 2 
70.554 -38.324 8.92165 -0.12391 2 
73.120 -38.324 9.12012 -0.04993 2 
75.685 -38.324 9.06574 -0.14513 2 
78.251 -38.324 9.09911 -0.06096 2 
80.816 -38.324 9.15999 0.10848 2 
83.382 -38.324 9.06275 0.02873 2 
85.948 -38.324 8.99885 0.18912 2 
88.513 -38.324 9.08775 0.13785 2 
91.079 -38.324 9.09087 0.15459 2 
93.644 -38.324 9.17223 0.31159 2 
96.210 -38.324 9.06434 0.44476 2 
98.776 -38.324 9.07983 0.34411 2 
101.341 -38.324 8.97932 0.64992 2 
103.907 -38.324 9.01497 0.66320 2 
106.472 -38.324 8.87258 0.87389 2 
109.038 -38.324 8.82950 0.74581 2 
111.603 -38.324 8.72847 0.79827 2 
114.169 -38.324 8.66421 0.78878 2 
116.735 -38.324 9.02676 0.61991 2 
119.300 -38.324 0.00000 -0.00000 0 
-8.980 -40.889 7.80362 -0.80535 2 
-6.414 -40.889 8.04310 -0.78251 2 
-3.848 -40.889 7.94381 -0.80592 2 
-1.283 -40.889 7.99482 -0.86694 2 
1.283 -40.889 8.05895 -0.85509 2 
3.848 -40.889 8.14856 -0.98271 2 
6.414 -40.889 8.14570 -0.87657 2 
8.980 -40.889 8.27885 -1.01468 2 
11.545 -40.889 8.20415 -0.95740 2 
14.111 -40.889 8.52166 -0.85214 2 
16.676 -40.889 8.47164 -0.95793 2 
19.242 -40.889 8.45754 -1.01489 2 
21.808 -40.889 8.70444 -0.95009 2 
24.373 -40.889 8.67565 -0.80668 2 
26.939 -40.889 8.71598 -0.93356 2 
29.504 -40.889 8.78651 -0.79333 2 
32.070 -40.889 8.79126 -0.62561 2 
34.636 -40.889 8.91598 -0.85457 2 
37.201 -40.889 8.81663 -0.73437 2 
39.767 -40.889 8.80891 -0.73465 2 
42.332 -40.889 9.01003 -0.66409 2 
44.898 -40.889 8.85360 -0.67790 2 
47.464 -40.889 9.06472 -0.59775 2 
50.029 -40.889 8.86690 -0.55764 2 
52.595 -40.889 9.04050 -0.49464 2 
55.160 -40.889 9.10359 -0.45256 2 
57.726 -40.889 9.04755 -0.49774 2 
60.292 -40.889 9.11416 -0.22868 2 
62.857 -40.889 9.03517 -0.24242 2 
65.423 -40.889 8.97905 -0.10184 2 
67.988 -40.889 9.11968 -0.18949 2 
70.554 -40.889 9.04579 -0.04346 2 
73.120 -40.889 9.04560 -0.08846 2 
75.685 -40.889 9.09822 -0.00512 2 
78.251 -40.889 8.98745 0.03459 2 
80.816 -40.889 9.07155 0.02345 2 
83.382 -40.889 8.94253 0.04975 2 
85.948 -40.889 9.01697 0.12061 2 
88.513 -40.889 8.94715 0.15791 2 
91.079 -40.889 9.15264 0.16162 2 
93.644 -40.889 8.95776 0.31434 2 
96.210 -40.889 8.95153 0.41631 2 
98.776 -40.889 8.87122 0.58009 2 
101.341 -40.889 9.00282 0.61473 2 
103.907 -40.889 8.87688 0.61223 2 
106.472 -40.889 8.80256 0.73052 2 
109.038 -40.889 8.86656 0.73126 2 
111.603 -40.889 8.67359 0.80858 2 
114.169 -40.889 8.68107 0.72806 2 
116.735 -40.889 9.12029 0.80839 2 
119.300 -40.889 0.00000 -0.00000 0 
-8.980 -43.455 7.91597 -0.80936 2 
-6.414 -43.455 7.86035 -0.66347 2 
-3.848 -43.455 7.92818 -0.84879 2 
-1.283 -43.455 7.86348 -0.78619 2 
1.283 -43.455 8.08779 -0.90138 2 
3.848 -43.455 8.22551 -0.72084 2 
6.414 -43.455 8.17693 -0.87508 2 
8.980 -43.455 8.22291 -0.86098 2 
11.545 -43.455 8.29580 -0.89843 2 
14.111 -43.455 8.48379 -0.90939 2 
16.676 -43.455 8.43243 -0.92815 2 
19.242 -43.455 8.52154 -0.74207 2 
21.808 -43.455 8.53758 -0.79549 2 
24.373 -43.455 8.60350 -0.93057 2 
26.939 -43.455 8.70168 -0.79895 2 
29.504 -43.455 8.69727 -0.84447 2 
32.070 -43.455 8.68297 -0.75197 2 
34.636 -43.455 8.72235 -0.83567 2 
37.201 -43.455 8.66623 -0.72430 2 
39.767 -43.455 8.94667 -0.55525 2 
42.332 -43.455 8.73427 -0.64694 2 
44.898 -43.455 8.99426 -0.55098 2 
47.464 -43.455 8.86508 -0.62472 2 
50.029 -43.455 9.02286 -0.44901 2 
52.595 -43.455 9.08296 -0.46954 2 
55.160 -43.455 9.01159 -0.27005 2 
57.726 -43.455 8.78520 -0.34515 2 
60.292 -43.455 8.90794 -0.36533 2 
62.857 -43.455 8.98677 -0.27076 2 
65.423 -43.455 8.97300 -0.19837 2 
67.988 -43.455 9.01698 -0.14479 2 
70.554 -43.455 8.96804 -0.13108 2 
73.120 -43.455 9.04142 -0.13695 2 
75.685 -43.455 8.95686 0.03172 2 
78.251 -43.455 9.00153 0.07793 2 
80.816 -43.455 8.94495 0.07571 2 
83.382 -43.455 8.98826 0.10869 2 
85.948 -43.455 9.00824 0.11084 2 
88.513 -43.455 8.98470 0.31846 2 
91.079 -43.455 8.87343 0.31217 2 
93.644 -43.455 8.99035 0.32799 2 
96.210 -43.455 8.93436 0.28102 2 
98.776 -43.455 9.05478 0.52415 2 
101.341 -43.455 8.95131 0.56833 2 
103.907 -43.455 8.94642 0.63725 2 
106.472 -43.455 8.77779 0.57594 2 
109.038 -43.455 8.68802 0.73381 2 
111.603 -43.455 8.63389 0.65532 2 
114.169 -43.455 8.64695 0.75688 2 
116.735 -43.455 9.10475 0.85991 2 
119.300 -43.455 0.00000 -0.00000 0 
-8.980 -46.020 7.71027 -0.65599 2 
-6.414 -46.020 8.10144 -0.79481 2 
-3.848 -46.020 7.80926 -0.77984 2 
-1.283 -46.020 7.98992 -0.77614 2 
1.283 -46.020 8.05573 -0.84323 2 
3.848 -46.020 8.20386 -0.84936 2 
6.414 -46.020 8.19217 -0.84339 2 
8.980 -46.020 8.37836 -0.79652 2 
11.545 -46.020 8.20265 -0.77464 2 
14.111 -46.020 8.44270 -0.92096 2 
16.676 -46.020 8.44233 -0.82728 2 
19.242 -46.020 8.50174 -0.82624 2 
21.808 -46.020 8.55879 -0.69905 2 
24.373 -46.020 8.68696 -0.83785 2 
26.939 -46.020 8.55110 -0.70755 2 
29.504 -46.020 8.73546 -0.79668 2 
32.070 -46.020 8.67330 -0.73579 2 
34.636 -46.020 8.72317 -0.64901 2 
37.201 -46.020 8.81123 -0.73283 2 
39.767 -46.020 8.85099 -0.62955 2 
42.332 -46.020 8.80672 -0.64327 2 
44.898 -46.020 8.83117 -0.51104 2 
47.464 -46.020 8.90542 -0.59962 2 
50.029 -46.020 8.92791 -0.43248 2 
52.595 -46.020 8.78830 -0.49775 2 
55.160 -46.020 9.03596 -0.39486 2 
57.726 -46.020 9.07498 -0.26223 2 
60.292 -46.020 8.87430 -0.23344 2 
62.857 -46.020 9.01649 -0.35631 2 
65.423 -46.020 8.95847 -0.16884 2 
67.988 -46.020 8.98311 -0.21581 2 
70.554 -46.020 8.95496 -0.05202 2 
73.120 -46.020 8.97606 -0.00231 2 
75.685 -46.020 8.92109 0.00317 2 
78.251 -46.020 9.07628 0.02394 2 
80.816 -46.020 8.83611 0.20946 2 
83.382 -46.020 8.98592 0.12190 2 
85.948 -46.020 8.92763 0.27072 2 
88.513 -46.020 8.93623 0.20635 2 
91.079 -46.020 8.87083 0.28836 2 
93.644 -46.020 8.82214 0.25211 2 
96.210 -46.020 8.92397 0.42372 2 
98.776 -46.020 8.93856 0.42942 2 
101.341 -46.020 8.84976 0.53156 2 
103.907 -46.020 8.82190 0.59224 2 
106.472 -46.020 8.85877 0.51605 2 
109.038 -46.020 8.73950 0.59990 2 
111.603 -46.020 8.68245 0.75576 2 
114.169 -46.020 8.46854 0.72075 2 
116.735 -46.020 9.08921 0.91143 2 
119.300 -46.020 0.00000 -0.00000 0 
-8.980 -48.586 7.88928 -0.73167 2 
-6.414 -48.586 8.04592 -0.74661 2 
-3.848 -48.586 8.02184 -0.75363 2 
-1.283 -48.586 8.08277 -0.70946 2 
1.283 -48.586 8.06985 -0.76318 2 
3.848 -48.586 8.16222 -0.79150 2 
6.414 -48.586 8.29289 -0.74633 2 
8.980 -48.586 8.32846 -0.70553 2 
11.545 -48.586 8.25557 -0.92713 2 
14.111 -48.586 8.31349 -0.78382 2 
16.676 -48.586 8.62215 -0.76917 2 
19.242 -48.586 8.48830 -0.78629 2 
21.808 -48.586 8.61485 -0.74025 2 
24.373 -48.586 8.58404 -0.84938 2 
26.939 -48.586 8.62717 -0.86703 2 
29.504 -48.586 8.66323 -0.70125 2 
32.070 -48.586 8.69720 -0.73600 2 
34.636 -48.586 8.70258 -0.73720 2 
37.201 -48.586 8.72687 -0.59368 2 
39.767 -48.586 8.90949 -0.66557 2 
42.332 -48.586 8.80177 -0.60564 2 
44.898 -48.586 8.82389 -0.59119 2 
47.464 -48.586 8.84933 -0.46899 2 
50.029 -48.586 8.83653 -0.35548 2 
52.595 -48.586 8.79875 -0.42281 2 
55.160 -48.586 8.99754 -0.29862 2 
57.726 -48.586 8.87246 -0.33318 2 
60.292 -48.586 9.01919 -0.25535 2 
62.857 -48.586 8.79046 -0.24815 2 
65.423 -48.586 9.01982 -0.11777 2 
67.988 -48.586 8.91975 -0.04162 2 
70.554 -48.586 8.90035 -0.19075 2 
73.120 -48.586 8.91991 -0.02332 2 
75.685 -48.586 8.79390 -0.00285 2 
78.251 -48.586 8.88586 0.05435 2 
80.816 -48.586 9.03085 0.10341 2 
83.382 -48.586 8.80860 0.14605 2 
85.948 -48.586 8.85397 0.14177 2 
88.513 -48.586 8.88021 0.15515 2 
91.079 -48.586 8.83771 0.16520 2 
93.644 -48.586 8.83799 0.24431 2 
96.210 -48.586 8.95521 0.36245 2 
98.776 -48.586 8.82576 0.42013 2 
101.341 -48.586 8.72777 0.52961 2 
103.907 -48.586 8.72469 0.46376 2 
106.472 -48.586 8.66809 0.65419 2 
109.038 -48.586 8.63069 0.68130 2 
111.603 -48.586 8.74857 0.54407 2 
114.169 -48.586 8.61872 0.58892 2 
116.735 -48.586 8.84578 0.72948 2 
119.300 -48.586 0.00000 -0.00000 0 
-8.980 -51.152 7.99451 -0.66969 2 
-6.414 -51.152 8.02800 -0.69667 2 
-3.848 -51.152 8.09314 -0.72642 2 
-1.283 -51.152 8.02522 -0.79066 2 
1.283 -51.152 8.17916 -0.81728 2 
3.848 -51.152 8.19090 -0.81868 2 
6.414 -51.152 8.28423 -0.67934 2 
8.980 -51.152 8.14221 -0.87990 2 
11.545 -51.152 8.34243 -0.70307 2 
14.111 -51.152 8.37283 -0.75228 2 
16.676 -51.152 8.46356 -0.84485 2 
19.242 -51.152 8.40906 -0.81086 2 
21.808 -51.152 8.52872 -0.73824 2 
24.373 -51.152 8.66871 -0.71997 2 
26.939 -51.152 8.54467 -0.56228 2 
29.504 -51.152 8.62661 -0.74026 2 
32.070 -51.152 8.70622 -0.69803 2 
34.636 -51.152 8.77154 -0.59186 2 
37.201 -51.152 8.67188 -0.60848 2 
39.767 -51.152 8.74283 -0.47900 2 
42.332 -51.152 8.84212 -0.51243 2 
44.898 -51.152 8.64231 -0.57191 2 
47.464 -51.152 8.79969 -0.49631 2 
50.029 -51.152 8.76867 -0.37284 2 
52.595 -51.152 8.94171 -0.35872 2 
55.160 -51.152 8.78640 -0.29330 2 
57.726 -51.152 8.83957 -0.37387 2 
60.292 -51.152 8.93578 -0.14219 2 
62.857 -51.152 8.79170 -0.24160 2 
65.423 -51.152 8.85250 -0.11119 2 
67.988 -51.152 8.86538 -0.26612 2 
70.554 -51.152 8.83147 0.01876 2 
73.120 -51.152 8.98185 -0.09825 2 
75.685 -51.152 8.93888 0.08381 2 
78.251 -51.152 8.80535 0.08002 2 
80.816 -51.152 8.75421 0.10749 2 
83.382 -51.152 9.01241 0.10798 2 
85.948 -51.152 8.87373 0.31510 2 
88.513 -51.152 8.93976 0.16796 2 
91.079 -51.152 8.72397 0.33641 2 
93.644 -51.152 8.86043 0.34901 2 
96.210 -51.152 8.78154 0.43801 2 
98.776 -51.152 8.73409 0.45781 2 
101.341 -51.152 8.78322 0.51354 2 
103.907 -51.152 8.78082 0.46343 2 
106.472 -51.152 8.72808 0.54749 2 
109.038 -51.152 8.60241 0.54675 2 
111.603 -51.152 8.64612 0.53311 2 
114.169 -51.152 8.77012 0.62084 2 
116.735 -51.152 9.37519 0.71157 2 
119.300 -51.152 0.00000 -0.00000 0 
-8.980 -53.717 8.09973 -0.60770 2 
-6.414 -53.717 8.03497 -0.81481 2 
-3.848 -53.717 7.93094 -0.74673 2 
-1.283 -53.717 8.18893 -0.79086 2 
1.283 -53.717 8.04541 -0.74277 2 
3.848 -53.717 8.18905 -0.82841 2 
6.414 -53.717 8.18334 -0.87766 2 
8.980 -53.717 8.28190 -0.71007 2 
11.545 -53.717 8.31514 -0.91268 2 
14.111 -53.717 8.44012 -0.81232 2 
16.676 -53.717 8.35866 -0.78451 2 
19.242 -53.717 8.32983 -0.83543 2 
21.808 -53.717 8.49167 -0.74074 2 
24.373 -53.717 8.49341 -0.77117 2 
26.939 -53.717 8.54634 -0.88020 2 
29.504 -53.717 8.58451 -0.62334 2 
32.070 -53.717 8.72141 -0.69182 2 
34.636 -53.717 8.67882 -0.80828 2 
37.201 -53.717 8.74386 -0.58225 2 
39.767 -53.717 8.78843 -0.68367 2 
42.332 -53.717 8.85160 -0.69937 2 
44.898 -53.717 8.78342 -0.57199 2 
47.464 -53.717 8.75411 -0.58073 2 
50.029 -53.717 8.77271 -0.43482 2 
52.595 -53.717 8.77863 -0.42230 2 
55.160 -53.717 8.77653 -0.39563 2 
57.726 -53.717 8.76582 -0.37688 2 
60.292 -53.717 8.67255 -0.32883 2 
62.857 -53.717 8.84135 -0.13491 2 
65.423 -53.717 8.87791 -0.33335 2 
67.988 -53.717 8.89976 0.08045 2 
70.554 -53.717 8.80677 -0.10335 2 
73.120 -53.717 8.91543 -0.10044 2 
75.685 -53.717 8.84403 0.20548 2 
78.251 -53.717 8.92139 -0.07727 2 
80.816 -53.717 8.89478 0.19777 2 
83.382 -53.717 8.81799 0.14461 2 
85.948 -53.717 8.71150 0.20654 2 
88.513 -53.717 8.78928 0.34387 2 
91.079 -53.717 8.82030 0.35087 2 
93.644 -53.717 8.72970 0.31656 2 
96.210 -53.717 8.78474 0.35239 2 
98.776 -53.717 8.81420 0.40733 2 
101.341 -53.717 8.84043 0.40751 2 
103.907 -53.717 8.74877 0.49132 2 
106.472 -53.717 8.84357 0.56860 2 
109.038 -53.717 8.73286 0.59123 2 
111.603 -53.717 8.58004 0.51739 2 
114.169 -53.717 8.70248 0.43048 2 
116.735 -53.717 0.00000 -0.00000 0 
119.300 -53.717 0.00000 -0.00000 0 
-8.980 -56.283 0.00000 -0.00000 0 
-6.414 -56.283 8.13488 -0.47221 2 
-3.848 -56.283 8.16809 -0.45281 2 
-1.283 -56.283 8.20130 -0.43341 2 
1.283 -56.283 8.23451 -0.41401 2 
3.848 -56.283 8.26772 -0.39461 2 
6.414 -56.283 8.30092 -0.37522 2 
8.980 -56.283 8.33396 -0.36928 2 
11.545 -56.283 8.36700 -0.36335 2 
14.111 -56.283 8.40003 -0.35741 2 
16.676 -56.283 8.43307 -0.35148 2 
19.242 -56.283 8.46610 -0.34555 2 
21.808 -56.283 8.49914 -0.33961 2 
24.373 -56.283 8.53218 -0.33368 2 
26.939 -56.283 8.61230 -0.32430 2 
29.504 -56.283 8.69242 -0.31493 2 
32.070 -56.283 8.65410 -0.28690 2 
34.636 -56.283 8.64889 -0.32427 2 
37.201 -56.283 8.64368 -0.36163 2 
39.767 -56.283 8.66425 -0.30124 2 
42.332 -56.283 8.68483 -0.24086 2 
44.898 -56.283 8.70541 -0.18047 2 
47.464 -56.283 8.72598 -0.12008 2 
50.029 -56.283 8.74656 -0.05969 2 
52.595 -56.283 8.72864 -0.07069 2 
55.160 -56.283 8.71073 -0.08168 2 
57.726 -56.283 8.69281 -0.09268 2 
60.292 -56.283 8.88743 -0.13057 2 
62.857 -56.283 8.78121 -0.16990 2 
65.423 -56.283 8.75968 -0.07759 2 
67.988 -56.283 8.85207 -0.00368 2 
70.554 -56.283 8.78998 -0.13341 2 
73.120 -56.283 8.84943 0.05378 2 
75.685 -56.283 8.87951 0.07951 2 
78.251 -56.283 8.88021 0.05703 2 
80.816 -56.283 8.86865 -0.06216 2 
83.382 -56.283 8.83228 -0.00791 2 
85.948 -56.283 8.90808 0.06276 2 
88.513 -56.283 8.85810 0.20522 2 
91.079 -56.283 8.85073 0.19030 2 
93.644 -56.283 8.76857 0.04829 2 
96.210 -56.283 8.81402 0.11938 2 
98.776 -56.283 8.80693 0.12361 2 
101.341 -56.283 8.79984 0.12783 2 
103.907 -56.283 8.79274 0.13206 2 
106.472 -56.283 8.78565 0.13629 2 
109.038 -56.283 8.77856 0.14052 2 
111.603 -56.283 8.77146 0.14475 2 
114.169 -56.283 8.76437 0.14898 2 
116.735 -56.283 8.75727 0.15320 1 
119.300 -56.283 0.00000 -0.00000 0 
