TITLE = "B00031"
VARIABLES = "X [mm]", "Y [mm]", "Vx [m/s]", "Vy [m/s]", "Flag"
ZONE T="Frame 1", I=51, J=39, F=POINT
-8.980 41.210 0.00000 -0.00000 0 
-6.414 41.210 7.27218 0.39855 2 
-3.848 41.210 7.23407 0.50031 2 
-1.283 41.210 7.21022 0.48815 2 
1.283 41.210 3.60511 0.24408 2 
3.848 41.210 0.00000 -0.00000 0 
6.414 41.210 0.00000 -0.00000 0 
8.980 41.210 0.00000 -0.00000 0 
11.545 41.210 0.00000 -0.00000 0 
14.111 41.210 0.00000 -0.00000 0 
16.676 41.210 0.00000 -0.00000 0 
19.242 41.210 3.97906 0.28707 2 
21.808 41.210 7.95813 0.57414 2 
24.373 41.210 7.47815 0.67176 2 
26.939 41.210 7.42244 0.73085 2 
29.504 41.210 7.52038 0.64842 2 
32.070 41.210 7.62382 0.77788 2 
34.636 41.210 7.64237 0.85448 2 
37.201 41.210 7.79289 0.68919 2 
39.767 41.210 7.68649 0.95404 2 
42.332 41.210 7.83354 0.78684 2 
44.898 41.210 7.82472 0.79964 2 
47.464 41.210 7.96023 0.91625 2 
50.029 41.210 8.12067 1.07834 2 
52.595 41.210 7.92045 1.03581 2 
55.160 41.210 8.05102 0.82617 2 
57.726 41.210 8.29371 0.77789 2 
60.292 41.210 8.23648 0.64525 2 
62.857 41.210 8.17718 0.69211 2 
65.423 41.210 8.54879 0.99114 2 
67.988 41.210 8.27807 0.64591 2 
70.554 41.210 8.66949 0.67898 2 
73.120 41.210 8.51662 0.88397 2 
75.685 41.210 8.35895 0.74200 2 
78.251 41.210 8.52000 0.56361 2 
80.816 41.210 0.00000 0.00000 0 
83.382 41.210 8.63707 0.44834 2 
85.948 41.210 8.79151 0.42148 2 
88.513 41.210 8.71931 0.46109 2 
91.079 41.210 8.66977 0.04626 2 
93.644 41.210 8.72696 0.29858 2 
96.210 41.210 8.60049 0.35177 2 
98.776 41.210 8.81913 0.34309 2 
101.341 41.210 8.69632 0.01395 2 
103.907 41.210 8.87327 -0.03907 2 
106.472 41.210 8.87838 -0.39718 2 
109.038 41.210 8.51761 -0.32838 2 
111.603 41.210 8.79056 -0.53764 2 
114.169 41.210 8.69646 -0.30952 2 
116.735 41.210 8.97881 -0.78517 2 
119.300 41.210 0.00000 -0.00000 0 
-8.980 38.644 7.11730 0.29924 2 
-6.414 38.644 7.34711 0.30673 2 
-3.848 38.644 7.23177 0.30631 2 
-1.283 38.644 7.24191 0.51416 2 
1.283 38.644 7.38761 0.50218 2 
3.848 38.644 0.00000 -0.00000 0 
6.414 38.644 0.00000 -0.00000 0 
8.980 38.644 0.00000 -0.00000 0 
11.545 38.644 0.00000 -0.00000 0 
14.111 38.644 0.00000 -0.00000 0 
16.676 38.644 0.00000 -0.00000 0 
19.242 38.644 4.03455 0.38353 2 
21.808 38.644 8.06909 0.76707 2 
24.373 38.644 7.32221 0.73928 2 
26.939 38.644 7.44140 0.90690 2 
29.504 38.644 7.43064 0.85647 2 
32.070 38.644 7.57150 0.73343 2 
34.636 38.644 7.71842 0.87342 2 
37.201 38.644 7.69093 0.85262 2 
39.767 38.644 7.62497 0.80397 2 
42.332 38.644 7.53537 0.94604 2 
44.898 38.644 7.85501 0.83872 2 
47.464 38.644 8.08212 0.79993 2 
50.029 38.644 7.87260 0.88659 2 
52.595 38.644 8.22761 0.77973 2 
55.160 38.644 8.31898 0.75995 2 
57.726 38.644 8.32257 0.75411 2 
60.292 38.644 8.32087 1.14273 2 
62.857 38.644 8.30675 0.73899 2 
65.423 38.644 8.44882 0.85547 2 
67.988 38.644 8.45505 0.74931 2 
70.554 38.644 8.55222 0.67356 2 
73.120 38.644 8.52963 0.59656 2 
75.685 38.644 8.56610 0.69177 2 
78.251 38.644 8.61226 0.54397 2 
80.816 38.644 0.00000 0.00000 0 
83.382 38.644 8.55507 0.45068 2 
85.948 38.644 8.62374 0.42761 2 
88.513 38.644 8.64307 0.25799 2 
91.079 38.644 8.66985 0.31739 2 
93.644 38.644 8.87884 0.53780 2 
96.210 38.644 8.74622 0.02504 2 
98.776 38.644 8.95371 -0.01692 2 
101.341 38.644 8.82701 -0.09765 2 
103.907 38.644 8.68205 -0.16311 2 
106.472 38.644 8.89096 -0.15572 2 
109.038 38.644 8.67181 -0.44204 2 
111.603 38.644 8.81592 -0.49687 2 
114.169 38.644 8.74650 -0.36839 2 
116.735 38.644 8.82660 -0.75926 2 
119.300 38.644 0.00000 -0.00000 0 
-8.980 36.079 7.22036 0.26929 2 
-6.414 36.079 7.25404 0.34795 2 
-3.848 36.079 7.20848 0.29958 2 
-1.283 36.079 7.12116 0.42680 2 
1.283 36.079 7.41510 0.47452 2 
3.848 36.079 0.00000 -0.00000 0 
6.414 36.079 0.00000 -0.00000 0 
8.980 36.079 0.00000 -0.00000 0 
11.545 36.079 0.00000 -0.00000 0 
14.111 36.079 0.00000 -0.00000 0 
16.676 36.079 0.00000 -0.00000 0 
19.242 36.079 1.39699 0.46850 2 
21.808 36.079 7.83199 0.90396 2 
24.373 36.079 7.23773 0.84595 2 
26.939 36.079 7.55415 0.73628 2 
29.504 36.079 7.38032 0.90555 2 
32.070 36.079 7.38869 0.98106 2 
34.636 36.079 7.56077 0.95838 2 
37.201 36.079 7.57656 0.86589 2 
39.767 36.079 7.94219 0.89304 2 
42.332 36.079 7.78381 0.98657 2 
44.898 36.079 8.02408 0.96166 2 
47.464 36.079 7.92350 1.06329 2 
50.029 36.079 7.90025 1.09539 2 
52.595 36.079 8.08292 0.92111 2 
55.160 36.079 8.07269 0.85301 2 
57.726 36.079 8.23907 0.98132 2 
60.292 36.079 8.24582 0.81388 2 
62.857 36.079 8.40417 0.98108 2 
65.423 36.079 8.35746 0.90683 2 
67.988 36.079 8.46893 0.86143 2 
70.554 36.079 8.49945 0.75514 2 
73.120 36.079 8.58021 0.81311 2 
75.685 36.079 8.70589 0.67560 2 
78.251 36.079 8.68975 0.59777 2 
80.816 36.079 0.00000 0.00000 0 
83.382 36.079 8.72551 0.53929 2 
85.948 36.079 8.76868 0.52326 2 
88.513 36.079 8.79015 0.67716 2 
91.079 36.079 8.77525 0.19925 2 
93.644 36.079 8.81589 0.21304 2 
96.210 36.079 8.70504 0.23751 2 
98.776 36.079 8.89835 -0.20799 2 
101.341 36.079 8.76596 0.11386 2 
103.907 36.079 8.94367 -0.19765 2 
106.472 36.079 8.81395 -0.22158 2 
109.038 36.079 8.73604 -0.18971 2 
111.603 36.079 8.94646 -0.29370 2 
114.169 36.079 8.60004 -0.71435 2 
116.735 36.079 8.89865 -0.72772 2 
119.300 36.079 0.00000 -0.00000 0 
-8.980 33.513 7.10067 0.28783 2 
-6.414 33.513 7.19351 0.34205 2 
-3.848 33.513 7.23762 0.43218 2 
-1.283 33.513 6.96390 0.51586 2 
1.283 33.513 7.33678 0.41550 2 
3.848 33.513 0.00000 -0.00000 0 
6.414 33.513 0.00000 -0.00000 0 
8.980 33.513 0.00000 -0.00000 0 
11.545 33.513 0.00000 -0.00000 0 
14.111 33.513 0.00000 -0.00000 0 
16.676 33.513 0.00000 -0.00000 0 
19.242 33.513 3.86322 0.46281 2 
21.808 33.513 7.72645 0.92562 2 
24.373 33.513 7.29918 0.97888 2 
26.939 33.513 7.31303 0.82614 2 
29.504 33.513 7.57994 0.99423 2 
32.070 33.513 7.51867 0.86250 2 
34.636 33.513 7.60078 0.94387 2 
37.201 33.513 7.81612 0.92626 2 
39.767 33.513 7.64556 1.19180 2 
42.332 33.513 7.78218 0.85410 2 
44.898 33.513 7.90559 0.96252 2 
47.464 33.513 8.04528 0.99643 2 
50.029 33.513 7.98796 1.05270 2 
52.595 33.513 8.07775 1.09751 2 
55.160 33.513 8.10024 1.03142 2 
57.726 33.513 8.10443 0.82723 2 
60.292 33.513 8.24887 0.91977 2 
62.857 33.513 8.37843 0.85736 2 
65.423 33.513 8.44554 0.94818 2 
67.988 33.513 8.49860 0.84728 2 
70.554 33.513 8.35056 0.79675 2 
73.120 33.513 8.72478 0.76541 2 
75.685 33.513 8.60015 0.83603 2 
78.251 33.513 8.67789 0.86897 2 
80.816 33.513 0.00000 0.00000 0 
83.382 33.513 8.82437 0.66142 2 
85.948 33.513 8.91362 0.61890 2 
88.513 33.513 9.02843 0.33395 2 
91.079 33.513 8.96403 0.33490 2 
93.644 33.513 8.86392 0.38930 2 
96.210 33.513 8.86361 -0.09487 2 
98.776 33.513 9.00355 0.02909 2 
101.341 33.513 8.84261 0.11586 2 
103.907 33.513 8.92910 -0.15240 2 
106.472 33.513 8.89769 -0.11895 2 
109.038 33.513 8.97826 -0.68782 2 
111.603 33.513 8.86126 -0.29615 2 
114.169 33.513 8.95265 -0.53641 2 
116.735 33.513 8.97070 -0.69617 2 
119.300 33.513 0.00000 -0.00000 0 
-8.980 30.948 7.22344 0.32010 2 
-6.414 30.948 7.16772 0.34875 2 
-3.848 30.948 7.09063 0.31314 2 
-1.283 30.948 7.09545 0.50611 2 
1.283 30.948 7.25845 0.35647 2 
3.848 30.948 0.00000 -0.00000 0 
6.414 30.948 0.00000 -0.00000 0 
8.980 30.948 0.00000 -0.00000 0 
11.545 30.948 0.00000 -0.00000 0 
14.111 30.948 0.00000 -0.00000 0 
16.676 30.948 0.00000 -0.00000 0 
19.242 30.948 3.85009 0.51905 2 
21.808 30.948 7.70018 1.03811 2 
24.373 30.948 7.29531 0.90238 2 
26.939 30.948 7.30070 1.00503 2 
29.504 30.948 7.51643 0.98105 2 
32.070 30.948 7.30081 1.03650 2 
34.636 30.948 7.45370 1.06817 2 
37.201 30.948 7.70147 1.07876 2 
39.767 30.948 7.83085 0.92110 2 
42.332 30.948 7.76669 0.99153 2 
44.898 30.948 7.77184 1.22786 2 
47.464 30.948 7.87745 1.17755 2 
50.029 30.948 8.02182 1.03308 2 
52.595 30.948 8.04775 1.03113 2 
55.160 30.948 8.35030 0.95657 2 
57.726 30.948 8.13178 1.04288 2 
60.292 30.948 8.42389 0.93936 2 
62.857 30.948 8.20104 0.82002 2 
65.423 30.948 8.53878 0.82076 2 
67.988 30.948 8.40848 0.73031 2 
70.554 30.948 8.38366 0.82368 2 
73.120 30.948 8.86585 0.76579 2 
75.685 30.948 8.67888 0.83825 2 
78.251 30.948 8.83779 0.74262 2 
80.816 30.948 0.00000 0.00000 0 
83.382 30.948 8.79496 0.45678 2 
85.948 30.948 8.72707 0.38310 2 
88.513 30.948 8.85174 0.32497 2 
91.079 30.948 8.87988 0.36605 2 
93.644 30.948 9.02242 0.22306 2 
96.210 30.948 8.92949 0.24181 2 
98.776 30.948 9.02439 0.24167 2 
101.341 30.948 9.03595 -0.15581 2 
103.907 30.948 9.10051 -0.18288 2 
106.472 30.948 8.91424 -0.47496 2 
109.038 30.948 9.02316 -0.27047 2 
111.603 30.948 9.02096 -0.58754 2 
114.169 30.948 9.04713 -0.60178 2 
116.735 30.948 9.19330 -0.64830 2 
119.300 30.948 0.00000 -0.00000 0 
-8.980 28.382 7.13519 0.21999 2 
-6.414 28.382 7.11681 0.25560 2 
-3.848 28.382 7.10929 0.39081 2 
-1.283 28.382 6.96224 0.43860 2 
1.283 28.382 7.40885 0.58890 2 
3.848 28.382 0.20736 -0.09638 2 
6.414 28.382 0.00000 -0.00000 0 
8.980 28.382 0.00000 -0.00000 0 
11.545 28.382 0.00000 -0.00000 0 
14.111 28.382 0.00000 -0.00000 0 
16.676 28.382 2.64372 0.39830 2 
19.242 28.382 5.16786 0.75027 2 
21.808 28.382 7.57244 1.05589 2 
24.373 28.382 7.30222 0.95811 2 
26.939 28.382 7.46908 0.93758 2 
29.504 28.382 7.35001 1.05609 2 
32.070 28.382 7.56517 1.04148 2 
34.636 28.382 7.43836 1.16752 2 
37.201 28.382 7.47341 1.10808 2 
39.767 28.382 7.81851 1.32839 2 
42.332 28.382 7.56317 1.10471 2 
44.898 28.382 8.13628 1.13237 2 
47.464 28.382 8.12548 1.22045 2 
50.029 28.382 7.93671 1.13654 2 
52.595 28.382 8.14010 1.24858 2 
55.160 28.382 8.08024 0.99294 2 
57.726 28.382 8.28954 1.26545 2 
60.292 28.382 8.40255 1.05663 2 
62.857 28.382 8.57473 0.99168 2 
65.423 28.382 8.61473 1.24566 2 
67.988 28.382 8.49762 1.10218 2 
70.554 28.382 8.41677 0.85062 2 
73.120 28.382 8.50388 0.87590 2 
75.685 28.382 8.70566 0.86463 2 
78.251 28.382 8.94592 0.86420 2 
80.816 28.382 9.18276 0.97521 2 
83.382 28.382 9.04670 0.73009 2 
85.948 28.382 8.91064 0.48497 2 
88.513 28.382 9.06923 0.57503 2 
91.079 28.382 9.16772 0.40954 2 
93.644 28.382 9.31239 0.31804 2 
96.210 28.382 9.07801 0.10576 2 
98.776 28.382 9.14310 0.08744 2 
101.341 28.382 9.16761 0.15741 2 
103.907 28.382 9.09520 0.02389 2 
106.472 28.382 9.07194 -0.25326 2 
109.038 28.382 9.28602 -0.41905 2 
111.603 28.382 8.96976 -0.51567 2 
114.169 28.382 9.04774 -0.77284 2 
116.735 28.382 9.41590 -0.60043 2 
119.300 28.382 0.00000 -0.00000 0 
-8.980 25.816 7.04353 0.20593 2 
-6.414 25.816 6.94993 0.38692 2 
-3.848 25.816 6.87117 0.40853 2 
-1.283 25.816 7.06094 0.66915 2 
1.283 25.816 7.22732 0.49609 2 
3.848 25.816 7.34448 0.56251 2 
6.414 25.816 0.00000 -0.00000 0 
8.980 25.816 0.00000 -0.00000 0 
11.545 25.816 0.00000 -0.00000 0 
14.111 25.816 0.00000 -0.00000 0 
16.676 25.816 3.96558 0.59746 2 
19.242 25.816 7.93115 1.19491 2 
21.808 25.816 7.15594 1.01839 2 
24.373 25.816 7.28302 1.04834 2 
26.939 25.816 7.38473 0.89676 2 
29.504 25.816 7.19529 1.18011 2 
32.070 25.816 7.39229 1.09001 2 
34.636 25.816 7.58819 1.31561 2 
37.201 25.816 7.55104 1.08004 2 
39.767 25.816 7.56522 1.22206 2 
42.332 25.816 7.78996 1.28722 2 
44.898 25.816 7.66104 1.11506 2 
47.464 25.816 7.81156 1.24837 2 
50.029 25.816 7.78654 1.01404 2 
52.595 25.816 8.01354 1.12385 2 
55.160 25.816 8.24423 1.15629 2 
57.726 25.816 8.31420 1.12280 2 
60.292 25.816 8.05407 1.07399 2 
62.857 25.816 8.18080 0.85632 2 
65.423 25.816 8.48326 0.91780 2 
67.988 25.816 8.51844 1.23701 2 
70.554 25.816 8.57498 0.95861 2 
73.120 25.816 8.70234 1.03107 2 
75.685 25.816 8.80670 0.88137 2 
78.251 25.816 8.72683 0.76985 2 
80.816 25.816 8.90716 0.64900 2 
83.382 25.816 0.00000 0.00000 0 
85.948 25.816 9.31356 0.73384 2 
88.513 25.816 9.14553 0.64404 2 
91.079 25.816 9.20520 0.56363 2 
93.644 25.816 9.04060 0.11849 2 
96.210 25.816 9.13809 0.03134 2 
98.776 25.816 9.04885 0.12203 2 
101.341 25.816 9.17404 -0.02631 2 
103.907 25.816 9.19230 -0.15461 2 
106.472 25.816 9.04260 -0.39683 2 
109.038 25.816 9.28102 -0.24187 2 
111.603 25.816 9.47609 -0.57141 2 
114.169 25.816 9.23141 -0.73722 2 
116.735 25.816 9.55293 -0.68716 2 
119.300 25.816 0.00000 -0.00000 0 
-8.980 23.251 7.16964 0.10002 2 
-6.414 23.251 7.08405 0.22578 2 
-3.848 23.251 6.89784 0.31299 2 
-1.283 23.251 6.93723 0.37000 2 
1.283 23.251 7.04578 0.40328 2 
3.848 23.251 7.39462 0.48416 2 
6.414 23.251 0.00000 -0.00000 0 
8.980 23.251 0.00000 -0.00000 0 
11.545 23.251 0.00000 -0.00000 0 
14.111 23.251 0.00000 -0.00000 0 
16.676 23.251 4.03614 0.53312 2 
19.242 23.251 8.07227 1.06625 2 
21.808 23.251 6.98657 1.15223 2 
24.373 23.251 7.22312 1.13766 2 
26.939 23.251 7.47572 1.32629 2 
29.504 23.251 7.24335 1.15566 2 
32.070 23.251 7.45941 1.24060 2 
34.636 23.251 7.47135 1.20451 2 
37.201 23.251 7.54758 1.25665 2 
39.767 23.251 7.79817 1.28643 2 
42.332 23.251 7.70973 1.38514 2 
44.898 23.251 7.88282 1.16630 2 
47.464 23.251 8.01532 1.31971 2 
50.029 23.251 8.05809 1.27232 2 
52.595 23.251 8.06175 1.44728 2 
55.160 23.251 8.25277 1.16629 2 
57.726 23.251 8.24537 1.30615 2 
60.292 23.251 8.44581 1.03491 2 
62.857 23.251 8.56867 1.31410 2 
65.423 23.251 8.34258 1.27987 2 
67.988 23.251 8.52845 1.13334 2 
70.554 23.251 8.72657 1.29407 2 
73.120 23.251 8.74966 0.94309 2 
75.685 23.251 8.64490 1.00981 2 
78.251 23.251 9.05037 0.75406 2 
80.816 23.251 9.15233 0.89576 2 
83.382 23.251 0.00000 0.00000 0 
85.948 23.251 9.24740 0.70031 2 
88.513 23.251 9.41119 0.61697 2 
91.079 23.251 9.26451 0.35295 2 
93.644 23.251 9.30705 0.09565 2 
96.210 23.251 9.22876 0.25847 2 
98.776 23.251 9.03572 -0.07280 2 
101.341 23.251 9.36313 0.13516 2 
103.907 23.251 9.32566 -0.20477 2 
106.472 23.251 9.19917 -0.39321 2 
109.038 23.251 9.30687 -0.27902 2 
111.603 23.251 9.44637 -0.68388 2 
114.169 23.251 9.55596 -0.70654 2 
116.735 23.251 9.48286 -0.88874 2 
119.300 23.251 0.00000 -0.00000 0 
-8.980 20.685 6.80340 0.10491 2 
-6.414 20.685 6.93603 0.12621 2 
-3.848 20.685 6.97142 0.35820 2 
-1.283 20.685 6.80618 0.44127 2 
1.283 20.685 6.94434 0.49306 2 
3.848 20.685 7.07884 0.47841 2 
6.414 20.685 0.00000 -0.00000 0 
8.980 20.685 0.00000 -0.00000 0 
11.545 20.685 0.00000 -0.00000 0 
14.111 20.685 0.00000 -0.00000 0 
16.676 20.685 3.78562 0.44370 2 
19.242 20.685 7.57125 0.88740 2 
21.808 20.685 7.12444 1.05990 2 
24.373 20.685 7.17678 1.16465 2 
26.939 20.685 7.25909 1.16195 2 
29.504 20.685 7.24280 1.28458 2 
32.070 20.685 7.32813 1.35026 2 
34.636 20.685 7.53057 1.39904 2 
37.201 20.685 7.48400 1.51519 2 
39.767 20.685 7.77627 1.55403 2 
42.332 20.685 7.61817 1.31580 2 
44.898 20.685 7.89299 1.43552 2 
47.464 20.685 7.98141 1.30509 2 
50.029 20.685 8.09793 1.40154 2 
52.595 20.685 8.11169 1.26282 2 
55.160 20.685 8.02515 1.35277 2 
57.726 20.685 8.31716 1.08078 2 
60.292 20.685 8.23786 1.41842 2 
62.857 20.685 8.45762 1.25090 2 
65.423 20.685 8.87331 1.35093 2 
67.988 20.685 9.14575 1.39532 2 
70.554 20.685 9.18055 1.17935 2 
73.120 20.685 9.03774 1.00117 2 
75.685 20.685 9.02205 1.49091 2 
78.251 20.685 8.67817 0.80773 2 
80.816 20.685 10.07127 1.03718 2 
83.382 20.685 0.00000 0.00000 0 
85.948 20.685 0.00000 0.00000 0 
88.513 20.685 0.00000 0.00000 0 
91.079 20.685 9.49183 0.48134 2 
93.644 20.685 9.24136 0.24591 2 
96.210 20.685 9.48893 -0.15188 2 
98.776 20.685 9.18915 -0.09566 2 
101.341 20.685 9.64565 -0.26432 2 
103.907 20.685 9.66333 -0.33669 2 
106.472 20.685 9.57988 -0.45551 2 
109.038 20.685 9.47249 -0.53199 2 
111.603 20.685 9.68209 -0.23709 2 
114.169 20.685 9.24223 -1.47951 2 
116.735 20.685 10.36241 -1.73957 2 
119.300 20.685 0.00000 -0.00000 0 
-8.980 18.120 6.84309 0.00586 2 
-6.414 18.120 6.77761 0.18646 2 
-3.848 18.120 6.85400 0.01722 2 
-1.283 18.120 6.80948 0.17723 2 
1.283 18.120 6.64971 0.41608 2 
3.848 18.120 6.79105 0.71197 2 
6.414 18.120 0.00000 -0.00000 0 
8.980 18.120 0.00000 -0.00000 0 
11.545 18.120 0.00000 -0.00000 0 
14.111 18.120 0.00000 -0.00000 0 
16.676 18.120 3.66986 0.65792 2 
19.242 18.120 7.33972 1.31584 2 
21.808 18.120 6.99912 1.31454 2 
24.373 18.120 7.04285 1.33211 2 
26.939 18.120 7.11534 1.33886 2 
29.504 18.120 7.28304 1.35430 2 
32.070 18.120 7.28297 1.50364 2 
34.636 18.120 7.56590 1.28562 2 
37.201 18.120 7.59009 1.15869 2 
39.767 18.120 7.46262 1.50230 2 
42.332 18.120 7.81608 1.57316 2 
44.898 18.120 7.82616 1.37667 2 
47.464 18.120 7.97459 1.49033 2 
50.029 18.120 7.88012 1.38638 2 
52.595 18.120 8.39336 1.43569 2 
55.160 18.120 8.41390 1.48605 2 
57.726 18.120 4.15858 0.54039 2 
60.292 18.120 8.51950 1.27009 2 
62.857 18.120 9.80812 1.57549 2 
65.423 18.120 4.43666 0.67547 2 
67.988 18.120 0.00000 -0.00000 0 
70.554 18.120 0.00000 -0.00000 0 
73.120 18.120 0.00000 -0.00000 0 
75.685 18.120 0.00000 -0.00000 0 
78.251 18.120 0.00000 -0.00000 0 
80.816 18.120 0.00000 -0.00000 0 
83.382 18.120 0.00000 -0.00000 0 
85.948 18.120 -2.31950 0.20610 2 
88.513 18.120 -4.63900 0.41221 2 
91.079 18.120 9.67909 0.05869 2 
93.644 18.120 10.70579 0.18148 2 
96.210 18.120 5.18881 -0.35862 2 
98.776 18.120 9.46663 -0.14600 2 
101.341 18.120 8.47943 0.10511 2 
103.907 18.120 9.48504 -1.03516 2 
106.472 18.120 8.56936 -1.22451 2 
109.038 18.120 8.85460 -0.26009 2 
111.603 18.120 8.70415 -0.61612 2 
114.169 18.120 8.92850 -2.25249 2 
116.735 18.120 10.87209 -2.00912 2 
119.300 18.120 0.00000 -0.00000 0 
-8.980 15.554 6.78706 0.05192 2 
-6.414 15.554 6.86898 0.20483 2 
-3.848 15.554 6.70140 0.06679 2 
-1.283 15.554 6.65465 0.26880 2 
1.283 15.554 6.57672 0.50066 2 
3.848 15.554 6.78733 0.58048 2 
6.414 15.554 0.00000 -0.00000 0 
8.980 15.554 0.00000 -0.00000 0 
11.545 15.554 0.00000 -0.00000 0 
14.111 15.554 0.00000 -0.00000 0 
16.676 15.554 3.67167 0.53920 2 
19.242 15.554 7.34335 1.07840 2 
21.808 15.554 6.86218 1.40852 2 
24.373 15.554 7.00770 1.32460 2 
26.939 15.554 7.07728 1.44348 2 
29.504 15.554 7.26285 1.50957 2 
32.070 15.554 7.42198 1.54795 2 
34.636 15.554 7.26844 1.66734 2 
37.201 15.554 7.54348 1.65153 2 
39.767 15.554 7.92560 1.67252 2 
42.332 15.554 8.23262 1.28395 2 
44.898 15.554 7.92709 1.67339 2 
47.464 15.554 8.24045 1.44263 2 
50.029 15.554 8.79344 1.43992 2 
52.595 15.554 4.19668 0.71784 2 
55.160 15.554 0.00000 -0.00000 0 
57.726 15.554 0.00000 -0.00000 0 
60.292 15.554 0.00000 -0.00000 0 
62.857 15.554 0.00000 -0.00000 0 
65.423 15.554 0.00000 -0.00000 0 
67.988 15.554 0.00000 -0.00000 0 
70.554 15.554 0.00000 -0.00000 0 
73.120 15.554 0.00000 -0.00000 0 
75.685 15.554 0.00000 -0.00000 0 
78.251 15.554 0.00000 -0.00000 0 
80.816 15.554 0.05635 -0.17897 2 
83.382 15.554 -1.05980 -0.24451 2 
85.948 15.554 -0.74343 -0.58763 2 
88.513 15.554 -0.02942 0.03247 2 
91.079 15.554 4.35957 0.26499 2 
93.644 15.554 4.21964 0.32049 2 
96.210 15.554 0.88869 -0.56537 2 
98.776 15.554 4.31089 -0.53775 2 
101.341 15.554 3.95950 0.17253 2 
103.907 15.554 3.27305 0.00080 2 
106.472 15.554 5.12042 -1.40533 2 
109.038 15.554 6.67260 -1.08681 2 
111.603 15.554 5.55084 -2.70916 2 
114.169 15.554 7.57641 -2.32287 2 
116.735 15.554 7.45766 -3.50524 2 
119.300 15.554 0.00000 -0.00000 0 
-8.980 12.988 6.95292 -0.03390 2 
-6.414 12.988 6.70324 -0.04049 2 
-3.848 12.988 6.81144 0.06384 2 
-1.283 12.988 6.61116 0.26788 2 
1.283 12.988 6.40491 0.38663 2 
3.848 12.988 6.81161 0.49257 2 
6.414 12.988 0.00000 -0.00000 0 
8.980 12.988 0.00000 -0.00000 0 
11.545 12.988 0.00000 -0.00000 0 
14.111 12.988 0.00000 -0.00000 0 
16.676 12.988 -0.27678 0.32106 2 
19.242 12.988 7.63945 1.52717 2 
21.808 12.988 7.25142 1.56346 2 
24.373 12.988 6.91367 1.52823 2 
26.939 12.988 6.89208 1.70277 2 
29.504 12.988 7.47763 1.86149 2 
32.070 12.988 7.92225 1.84776 2 
34.636 12.988 8.00861 1.98244 2 
37.201 12.988 7.91425 1.75634 2 
39.767 12.988 6.72807 1.49684 2 
42.332 12.988 0.00000 -0.00000 0 
44.898 12.988 0.00000 -0.00000 0 
47.464 12.988 0.00000 -0.00000 0 
50.029 12.988 0.00000 -0.00000 0 
52.595 12.988 0.00000 -0.00000 0 
55.160 12.988 0.00000 -0.00000 0 
57.726 12.988 0.00000 -0.00000 0 
60.292 12.988 0.00000 -0.00000 0 
62.857 12.988 0.00000 -0.00000 0 
65.423 12.988 0.00000 -0.00000 0 
67.988 12.988 0.00000 -0.00000 0 
70.554 12.988 0.00000 -0.00000 0 
73.120 12.988 0.00000 -0.00000 0 
75.685 12.988 -1.11662 -0.38057 2 
78.251 12.988 -0.81721 -0.40959 2 
80.816 12.988 -1.56315 -0.32256 2 
83.382 12.988 -2.11960 -0.48901 2 
85.948 12.988 -1.22061 -0.58762 2 
88.513 12.988 -1.08509 0.41430 2 
91.079 12.988 -0.95994 0.47128 2 
93.644 12.988 -2.26651 0.45950 2 
96.210 12.988 -0.48102 -0.46994 2 
98.776 12.988 -0.84486 -0.92950 2 
101.341 12.988 0.87362 -1.06065 2 
103.907 12.988 2.37423 -0.66647 2 
106.472 12.988 3.19267 -1.41167 2 
109.038 12.988 4.49060 -1.91352 2 
111.603 12.988 7.52237 -2.43733 2 
114.169 12.988 6.75193 -1.77230 2 
116.735 12.988 9.46435 0.64711 2 
119.300 12.988 -0.00003 -1.14200 2 
-8.980 10.423 6.79894 -0.12025 2 
-6.414 10.423 6.72988 -0.11876 2 
-3.848 10.423 6.65657 0.01841 2 
-1.283 10.423 6.43051 -0.03623 2 
1.283 10.423 6.23193 0.14270 2 
3.848 10.423 6.64329 0.35577 2 
6.414 10.423 3.32165 0.17789 2 
8.980 10.423 0.00000 -0.00000 0 
11.545 10.423 0.00000 -0.00000 0 
14.111 10.423 0.00000 -0.00000 0 
16.676 10.423 -0.18452 0.21404 2 
19.242 10.423 4.29620 0.86817 2 
21.808 10.423 5.34142 0.97032 2 
24.373 10.423 7.08967 1.69763 2 
26.939 10.423 7.63326 1.71445 2 
29.504 10.423 7.40566 1.64749 2 
32.070 10.423 0.00000 -0.00000 0 
34.636 10.423 0.00000 -0.00000 0 
37.201 10.423 0.00000 -0.00000 0 
39.767 10.423 0.00000 -0.00000 0 
42.332 10.423 0.00000 -0.00000 0 
44.898 10.423 0.00000 -0.00000 0 
47.464 10.423 0.00000 -0.00000 0 
50.029 10.423 0.00000 -0.00000 0 
52.595 10.423 0.00000 -0.00000 0 
55.160 10.423 0.00000 -0.00000 0 
57.726 10.423 0.00000 -0.00000 0 
60.292 10.423 0.00000 -0.00000 0 
62.857 10.423 0.00000 -0.00000 0 
65.423 10.423 0.00000 -0.00000 0 
67.988 10.423 -0.89503 -0.46652 2 
70.554 10.423 -0.09078 -0.22858 2 
73.120 10.423 -2.21665 -1.01105 2 
75.685 10.423 -2.23325 -0.76113 2 
78.251 10.423 -2.24985 -0.51122 2 
80.816 10.423 -1.55649 -0.52511 2 
83.382 10.423 -0.75406 0.14723 2 
85.948 10.423 -1.74603 -0.56023 2 
88.513 10.423 -2.29638 -0.29089 2 
91.079 10.423 -2.56035 -0.90377 2 
93.644 10.423 -1.93756 -0.17041 2 
96.210 10.423 -1.85073 -0.37451 2 
98.776 10.423 -1.95440 -0.50501 2 
101.341 10.423 -0.72844 -0.09766 2 
103.907 10.423 1.64008 -0.06846 2 
106.472 10.423 2.31390 0.22988 2 
109.038 10.423 4.63074 -1.66871 2 
111.603 10.423 4.02002 0.86389 2 
114.169 10.423 3.10342 0.27701 2 
116.735 10.423 4.88312 0.39743 2 
119.300 10.423 -0.05830 -0.25191 2 
-8.980 7.857 6.83679 -0.24109 2 
-6.414 7.857 6.77818 -0.18723 2 
-3.848 7.857 6.61069 -0.11854 2 
-1.283 7.857 6.26261 -0.26236 2 
1.283 7.857 6.11901 -0.06915 2 
3.848 7.857 6.21509 0.34466 2 
6.414 7.857 3.10755 0.17233 2 
8.980 7.857 0.00000 -0.00000 0 
11.545 7.857 0.00000 -0.00000 0 
14.111 7.857 0.00000 -0.00000 2 
16.676 7.857 -0.09226 0.10702 2 
19.242 7.857 -0.04613 0.05351 2 
21.808 7.857 0.00000 -0.00000 0 
24.373 7.857 0.00000 -0.00000 0 
26.939 7.857 0.00000 -0.00000 0 
29.504 7.857 0.00000 -0.00000 0 
32.070 7.857 0.00000 -0.00000 0 
34.636 7.857 0.00000 -0.00000 0 
37.201 7.857 0.00000 -0.00000 0 
39.767 7.857 0.00000 -0.00000 0 
42.332 7.857 0.00000 -0.00000 0 
44.898 7.857 0.00000 -0.00000 0 
47.464 7.857 0.00000 -0.00000 0 
50.029 7.857 0.00000 -0.00000 0 
52.595 7.857 0.00000 -0.00000 0 
55.160 7.857 0.00000 -0.00000 0 
57.726 7.857 0.00000 -0.00000 0 
60.292 7.857 -0.26167 -0.28104 2 
62.857 7.857 -0.43430 -0.14567 2 
65.423 7.857 -0.87106 -0.17317 2 
67.988 7.857 -1.79005 -0.93303 2 
70.554 7.857 -1.78929 -1.11941 2 
73.120 7.857 -1.92881 -1.20926 2 
75.685 7.857 -1.86920 -0.70554 2 
78.251 7.857 -2.03974 -0.31154 2 
80.816 7.857 -1.50710 -0.22274 2 
83.382 7.857 -1.55467 0.18078 2 
85.948 7.857 -1.82951 0.20524 2 
88.513 7.857 -1.80139 -0.91097 2 
91.079 7.857 -2.00074 -0.30614 2 
93.644 7.857 -1.60861 -0.80032 2 
96.210 7.857 -2.78696 0.40655 2 
98.776 7.857 -2.91429 -0.37573 2 
101.341 7.857 -2.33050 0.86532 2 
103.907 7.857 -2.09931 0.94064 2 
106.472 7.857 -2.50919 -0.14452 2 
109.038 7.857 -2.11702 2.15359 2 
111.603 7.857 -1.87242 2.67968 2 
114.169 7.857 -1.25498 1.09947 2 
116.735 7.857 0.30189 0.14775 2 
119.300 7.857 -0.11657 0.63818 2 
-8.980 5.292 6.63885 -0.33846 2 
-6.414 5.292 6.67723 -0.39164 2 
-3.848 5.292 6.49868 -0.34294 2 
-1.283 5.292 6.15736 -0.36025 2 
1.283 5.292 5.77240 -0.18538 2 
3.848 5.292 6.41367 0.23367 2 
6.414 5.292 1.55377 0.08616 2 
8.980 5.292 0.00000 -0.00000 0 
11.545 5.292 0.00000 -0.00000 0 
14.111 5.292 0.00000 -0.00000 0 
16.676 5.292 0.00000 -0.00000 0 
19.242 5.292 0.00000 -0.00000 0 
21.808 5.292 0.00000 -0.00000 0 
24.373 5.292 0.00000 -0.00000 0 
26.939 5.292 0.00000 -0.00000 0 
29.504 5.292 0.00000 -0.00000 0 
32.070 5.292 0.00000 -0.00000 0 
34.636 5.292 0.00000 -0.00000 0 
37.201 5.292 0.00000 -0.00000 0 
39.767 5.292 0.00000 -0.00000 0 
42.332 5.292 0.00000 -0.00000 0 
44.898 5.292 0.00000 -0.00000 0 
47.464 5.292 0.00000 -0.00000 0 
50.029 5.292 0.00000 -0.00000 0 
52.595 5.292 -0.32480 -0.12760 2 
55.160 5.292 -0.51313 -0.40335 2 
57.726 5.292 -0.64162 -0.12423 2 
60.292 5.292 -2.07490 -0.73648 2 
62.857 5.292 -2.42950 -0.71779 2 
65.423 5.292 -1.43014 -0.32247 2 
67.988 5.292 -2.11131 -1.16745 2 
70.554 5.292 -2.26660 -1.06279 2 
73.120 5.292 -1.64098 -1.40748 2 
75.685 5.292 -1.50516 -0.64995 2 
78.251 5.292 -1.29093 -0.23914 2 
80.816 5.292 -1.45772 0.07963 2 
83.382 5.292 -2.35527 0.21434 2 
85.948 5.292 -2.33061 -0.11258 2 
88.513 5.292 -2.30595 -0.43951 2 
91.079 5.292 -3.23466 -0.17788 2 
93.644 5.292 -2.91639 -0.69788 2 
96.210 5.292 -3.29163 -0.52977 2 
98.776 5.292 -3.08242 -0.06764 2 
101.341 5.292 -2.68593 0.78396 2 
103.907 5.292 -2.00040 0.10267 2 
106.472 5.292 -3.16296 0.29575 2 
109.038 5.292 -1.31063 2.49185 2 
111.603 5.292 -1.68123 1.49491 2 
114.169 5.292 -2.28849 2.99515 2 
116.735 5.292 -2.79021 1.45306 2 
119.300 5.292 -0.11552 1.23058 2 
-8.980 2.726 6.69832 -0.47606 2 
-6.414 2.726 6.64254 -0.55584 2 
-3.848 2.726 6.31725 -0.49409 2 
-1.283 2.726 6.07124 -0.54252 2 
1.283 2.726 6.03067 -0.35453 2 
3.848 2.726 3.20683 0.11683 2 
6.414 2.726 0.00000 -0.00000 0 
8.980 2.726 0.00000 -0.00000 0 
11.545 2.726 0.00000 -0.00000 0 
14.111 2.726 0.00000 -0.00000 0 
16.676 2.726 0.00000 -0.00000 0 
19.242 2.726 0.00000 -0.00000 0 
21.808 2.726 0.00000 -0.00000 0 
24.373 2.726 0.00000 -0.00000 0 
26.939 2.726 0.00000 -0.00000 0 
29.504 2.726 0.00000 -0.00000 0 
32.070 2.726 0.00000 -0.00000 0 
34.636 2.726 0.00000 -0.00000 0 
37.201 2.726 0.00000 -0.00000 0 
39.767 2.726 0.00000 -0.00000 0 
42.332 2.726 0.00000 -0.00000 0 
44.898 2.726 0.00000 -0.00000 0 
47.464 2.726 -0.46448 -0.21359 2 
50.029 2.726 -0.11504 -0.15185 2 
52.595 2.726 -0.64960 -0.25520 2 
55.160 2.726 -1.02626 -0.80670 2 
57.726 2.726 -2.64274 -1.04983 2 
60.292 2.726 -2.44153 -0.55901 2 
62.857 2.726 -2.40426 -0.50080 2 
65.423 2.726 -1.98921 -0.47177 2 
67.988 2.726 -1.28056 -0.88072 2 
70.554 2.726 -1.13507 -1.18297 2 
73.120 2.726 -0.89950 -0.73383 2 
75.685 2.726 -0.93806 -0.07237 2 
78.251 2.726 -0.91885 0.02796 2 
80.816 2.726 -1.52716 -0.77226 2 
83.382 2.726 -2.10834 -0.21820 2 
85.948 2.726 -2.05483 0.00010 2 
88.513 2.726 -2.19012 -0.36744 2 
91.079 2.726 -3.94196 -0.34785 2 
93.644 2.726 -4.05082 -0.56984 2 
96.210 2.726 -3.62466 -0.95326 2 
98.776 2.726 -3.33301 -0.12534 2 
101.341 2.726 -3.04135 0.70259 2 
103.907 2.726 -3.97339 1.05549 2 
106.472 2.726 -3.25702 1.62837 2 
109.038 2.726 -2.39848 2.44501 2 
111.603 2.726 -2.71391 1.87578 2 
114.169 2.726 -1.87337 2.82132 2 
116.735 2.726 -2.42798 1.75194 2 
119.300 2.726 -0.07221 1.04588 2 
-8.980 0.160 6.76341 -0.66583 2 
-6.414 0.160 6.60609 -0.75674 2 
-3.848 0.160 6.44913 -0.80367 2 
-1.283 0.160 6.21205 -0.82807 2 
1.283 0.160 6.53263 -0.75927 2 
3.848 0.160 0.00000 -0.00000 0 
6.414 0.160 0.00000 -0.00000 0 
8.980 0.160 0.00000 -0.00000 0 
11.545 0.160 0.00000 -0.00000 0 
14.111 0.160 0.00000 -0.00000 0 
16.676 0.160 0.00000 -0.00000 0 
19.242 0.160 0.00000 -0.00000 0 
21.808 0.160 0.00000 -0.00000 0 
24.373 0.160 0.00000 -0.00000 0 
26.939 0.160 0.00000 -0.00000 0 
29.504 0.160 0.00000 -0.00000 0 
32.070 0.160 0.00000 -0.00000 0 
34.636 0.160 0.00000 -0.00000 0 
37.201 0.160 0.00000 -0.00000 0 
39.767 0.160 -0.69058 -0.32208 2 
42.332 0.160 -0.23293 -0.16569 2 
44.898 0.160 -0.74080 -0.40878 2 
47.464 0.160 -0.92896 -0.42718 2 
50.029 0.160 -1.15894 -0.34566 2 
52.595 0.160 -1.38893 -0.26415 2 
55.160 0.160 -0.99079 -0.53953 2 
57.726 0.160 -1.32670 -0.86120 2 
60.292 0.160 -2.35276 -0.69584 2 
62.857 0.160 -2.39799 -0.93169 2 
65.423 0.160 -1.62131 -0.76360 2 
67.988 0.160 -1.57112 -0.22410 2 
70.554 0.160 -0.99902 -0.64534 2 
73.120 0.160 -0.43851 -0.30369 2 
75.685 0.160 -0.51002 -0.14224 2 
78.251 0.160 -0.83869 -0.26135 2 
80.816 0.160 -1.50066 -0.78975 2 
83.382 0.160 -1.86141 -0.65073 2 
85.948 0.160 -1.77905 0.11278 2 
88.513 0.160 -2.07428 -0.29537 2 
91.079 0.160 -1.34136 -0.58253 2 
93.644 0.160 -1.08673 -0.53069 2 
96.210 0.160 -2.31715 -1.01773 2 
98.776 0.160 -2.28686 -1.06123 2 
101.341 0.160 -2.03055 0.30989 2 
103.907 0.160 -2.45607 1.63430 2 
106.472 0.160 -2.65737 2.46188 2 
109.038 0.160 -3.48634 2.39816 2 
111.603 0.160 -2.86598 2.10207 2 
114.169 0.160 -1.45825 2.64750 2 
116.735 0.160 -1.98224 1.49477 2 
119.300 0.160 0.00228 0.90143 2 
-8.980 -2.405 6.79801 -0.67141 2 
-6.414 -2.405 6.70448 -0.72959 2 
-3.848 -2.405 6.38828 -0.76300 2 
-1.283 -2.405 6.43694 -0.91609 2 
1.283 -2.405 0.00000 -0.00000 0 
3.848 -2.405 0.00000 -0.00000 0 
6.414 -2.405 0.00000 -0.00000 0 
8.980 -2.405 0.00000 -0.00000 0 
11.545 -2.405 0.00000 -0.00000 0 
14.111 -2.405 0.00000 -0.00000 0 
16.676 -2.405 0.00000 -0.00000 0 
19.242 -2.405 0.00000 -0.00000 0 
21.808 -2.405 0.00000 -0.00000 0 
24.373 -2.405 0.00000 -0.00000 0 
26.939 -2.405 0.00000 -0.00000 0 
29.504 -2.405 0.00000 -0.00000 0 
32.070 -2.405 -0.69953 -0.21694 2 
34.636 -2.405 -0.86054 -0.34863 2 
37.201 -2.405 -1.01271 -0.23573 2 
39.767 -2.405 -1.38117 -0.64415 2 
42.332 -2.405 -0.87560 0.09753 2 
44.898 -2.405 -0.70619 0.17798 2 
47.464 -2.405 -1.17446 -0.20099 2 
50.029 -2.405 -1.23083 -0.12606 2 
52.595 -2.405 -1.28721 -0.05114 2 
55.160 -2.405 -0.95532 -0.27236 2 
57.726 -2.405 -1.48950 -0.59953 2 
60.292 -2.405 -1.71786 -1.33737 2 
62.857 -2.405 -2.27584 -1.46131 2 
65.423 -2.405 -2.09228 -0.77691 2 
67.988 -2.405 -1.88670 -0.03652 2 
70.554 -2.405 -0.86297 -0.10772 2 
73.120 -2.405 0.02249 0.12644 2 
75.685 -2.405 -0.08199 -0.21212 2 
78.251 -2.405 -1.18747 -0.71491 2 
80.816 -2.405 -1.47416 -0.80725 2 
83.382 -2.405 -1.00553 -0.75054 2 
85.948 -2.405 -0.81248 -0.17040 2 
88.513 -2.405 -0.80202 -0.67373 2 
91.079 -2.405 -0.08582 -0.29134 2 
93.644 -2.405 0.63037 0.09105 2 
96.210 -2.405 -0.94127 -0.63482 2 
98.776 -2.405 -0.31447 -1.02215 2 
101.341 -2.405 1.24219 0.11197 2 
103.907 -2.405 0.01121 1.93918 2 
106.472 -2.405 -0.36258 2.63957 2 
109.038 -2.405 -0.98760 1.96856 2 
111.603 -2.405 -3.01804 2.32836 2 
114.169 -2.405 -1.81049 1.59141 2 
116.735 -2.405 -1.53650 1.23760 2 
119.300 -2.405 0.07678 0.75698 2 
-8.980 -4.971 6.92020 -0.86355 2 
-6.414 -4.971 6.72646 -0.86362 2 
-3.848 -4.971 6.58604 -1.00512 2 
-1.283 -4.971 6.43379 -1.20064 2 
1.283 -4.971 0.00000 -0.00000 0 
3.848 -4.971 0.00000 -0.00000 0 
6.414 -4.971 0.00000 -0.00000 0 
8.980 -4.971 0.00000 -0.00000 0 
11.545 -4.971 0.00000 -0.00000 0 
14.111 -4.971 0.00000 -0.00000 0 
16.676 -4.971 0.00000 -0.00000 0 
19.242 -4.971 0.00000 -0.00000 0 
21.808 -4.971 0.00000 -0.00000 0 
24.373 -4.971 -0.02450 0.03814 2 
26.939 -4.971 -0.24577 -0.03515 2 
29.504 -4.971 -0.90378 -0.26507 2 
32.070 -4.971 -1.39905 -0.43388 2 
34.636 -4.971 -1.89432 -0.60269 2 
37.201 -4.971 -2.16855 -0.48077 2 
39.767 -4.971 -2.02867 -0.51869 2 
42.332 -4.971 -1.51826 0.36076 2 
44.898 -4.971 -0.67159 0.76473 2 
47.464 -4.971 -0.47359 0.22050 2 
50.029 -4.971 -0.52176 0.20671 2 
52.595 -4.971 -0.41786 0.21722 2 
55.160 -4.971 -0.49646 0.43385 2 
57.726 -4.971 -0.83641 -0.36871 2 
60.292 -4.971 -1.85168 -1.59591 2 
62.857 -4.971 -1.59664 -1.55310 2 
65.423 -4.971 -1.48912 -1.40218 2 
67.988 -4.971 -1.51260 -0.86495 2 
70.554 -4.971 -1.20185 -0.13892 2 
73.120 -4.971 -1.71016 -0.00515 2 
75.685 -4.971 -1.51910 -0.14160 2 
78.251 -4.971 -1.53626 -1.16847 2 
80.816 -4.971 -0.96066 -0.81107 2 
83.382 -4.971 -0.69092 -1.31315 2 
85.948 -4.971 0.15409 -0.45357 2 
88.513 -4.971 1.75615 -0.23074 2 
91.079 -4.971 0.96072 -0.23277 2 
93.644 -4.971 0.16529 -0.23479 2 
96.210 -4.971 0.43460 -0.25190 2 
98.776 -4.971 1.19657 0.16163 2 
101.341 -4.971 1.47822 0.26598 2 
103.907 -4.971 1.04640 1.14978 2 
106.472 -4.971 0.37463 1.94115 2 
109.038 -4.971 -0.32734 0.59242 2 
111.603 -4.971 -1.92377 0.85421 2 
114.169 -4.971 -2.16273 0.53532 2 
116.735 -4.971 -2.32942 0.72086 2 
119.300 -4.971 0.18245 0.65278 2 
-8.980 -7.536 6.84489 -0.87642 2 
-6.414 -7.536 6.89534 -0.88025 2 
-3.848 -7.536 6.74846 -1.09339 2 
-1.283 -7.536 6.70419 -1.28247 2 
1.283 -7.536 6.68477 -1.41718 2 
3.848 -7.536 0.00000 -0.00000 0 
6.414 -7.536 3.47359 -1.46536 2 
8.980 -7.536 3.32925 -1.43414 2 
11.545 -7.536 4.14898 -1.69093 2 
14.111 -7.536 4.55599 -1.52775 2 
16.676 -7.536 -0.60470 0.14499 2 
19.242 -7.536 -1.83181 0.23272 2 
21.808 -7.536 -0.86265 -0.08027 2 
24.373 -7.536 -1.38673 -0.39568 2 
26.939 -7.536 -1.96106 -0.37336 2 
29.504 -7.536 0.08453 -0.88113 2 
32.070 -7.536 -2.82596 -0.67095 2 
34.636 -7.536 -0.87274 -0.10575 2 
37.201 -7.536 -2.38205 -0.77637 2 
39.767 -7.536 -2.67617 -0.39324 2 
42.332 -7.536 -0.48356 1.12612 2 
44.898 -7.536 -0.82150 0.65375 2 
47.464 -7.536 -0.74021 0.06816 2 
50.029 -7.536 0.15935 0.72114 2 
52.595 -7.536 -0.02010 0.11553 2 
55.160 -7.536 0.18713 0.20648 2 
57.726 -7.536 -0.73269 -0.88768 2 
60.292 -7.536 -0.74877 -1.55998 2 
62.857 -7.536 -0.91744 -1.64490 2 
65.423 -7.536 -0.99061 -0.85300 2 
67.988 -7.536 -0.40492 0.00588 2 
70.554 -7.536 0.09939 -0.82538 2 
73.120 -7.536 -0.40483 0.25412 2 
75.685 -7.536 0.62979 0.74624 2 
78.251 -7.536 -1.25790 -1.08290 2 
80.816 -7.536 -0.44716 -0.81490 2 
83.382 -7.536 0.74105 1.49979 2 
85.948 -7.536 1.33576 0.94218 2 
88.513 -7.536 2.86528 -0.24124 2 
91.079 -7.536 2.13722 0.35689 2 
93.644 -7.536 1.15876 -0.40617 2 
96.210 -7.536 2.54049 -0.13162 2 
98.776 -7.536 1.79568 0.19231 2 
101.341 -7.536 1.10752 0.82126 2 
103.907 -7.536 1.61026 0.61417 2 
106.472 -7.536 1.49641 1.43347 2 
109.038 -7.536 -0.39785 0.43827 2 
111.603 -7.536 0.20653 0.46230 2 
114.169 -7.536 1.91702 0.28866 2 
116.735 -7.536 1.02879 1.16212 2 
119.300 -7.536 0.31423 0.97512 2 
-8.980 -10.102 6.99027 -0.88134 2 
-6.414 -10.102 7.07786 -1.06662 2 
-3.848 -10.102 7.01356 -1.11371 2 
-1.283 -10.102 6.91078 -1.34813 2 
1.283 -10.102 6.79112 -1.83756 2 
3.848 -10.102 6.52128 -2.16457 2 
6.414 -10.102 5.38709 -1.80648 2 
8.980 -10.102 6.65850 -2.86829 2 
11.545 -10.102 8.29796 -3.38186 2 
14.111 -10.102 9.11198 -3.05550 2 
16.676 -10.102 9.33074 -2.80622 2 
19.242 -10.102 9.70244 -2.58361 2 
21.808 -10.102 6.92528 -2.21192 2 
24.373 -10.102 4.03862 -1.15817 2 
26.939 -10.102 1.14126 -1.47547 2 
29.504 -10.102 1.07284 -1.49718 2 
32.070 -10.102 2.28641 -0.92607 2 
34.636 -10.102 3.86981 -0.35793 2 
37.201 -10.102 1.67537 -0.75406 2 
39.767 -10.102 1.96038 -0.75794 2 
42.332 -10.102 1.04628 0.97387 2 
44.898 -10.102 2.48336 0.31255 2 
47.464 -10.102 1.68273 0.82559 2 
50.029 -10.102 0.67810 0.79153 2 
52.595 -10.102 -0.02525 -0.88130 2 
55.160 -10.102 0.24485 -0.84657 2 
57.726 -10.102 0.42399 -1.02659 2 
60.292 -10.102 0.35414 -1.52405 2 
62.857 -10.102 0.61949 -1.99741 2 
65.423 -10.102 1.39748 -0.89719 2 
67.988 -10.102 0.85966 -0.17839 2 
70.554 -10.102 2.09024 -0.19922 2 
73.120 -10.102 2.61112 0.68375 2 
75.685 -10.102 0.28753 -0.13264 2 
78.251 -10.102 1.42992 0.68798 2 
80.816 -10.102 2.03316 0.53016 2 
83.382 -10.102 2.84162 0.78056 2 
85.948 -10.102 3.36715 1.02726 2 
88.513 -10.102 2.56748 1.48011 2 
91.079 -10.102 4.65236 1.14309 2 
93.644 -10.102 2.15223 -0.57755 2 
96.210 -10.102 1.57032 0.02523 2 
98.776 -10.102 0.98842 0.62802 2 
101.341 -10.102 1.51120 0.30668 2 
103.907 -10.102 2.01581 0.52366 2 
106.472 -10.102 2.38988 1.60009 2 
109.038 -10.102 0.45658 1.00408 2 
111.603 -10.102 1.19039 0.96448 2 
114.169 -10.102 2.57459 0.44136 2 
116.735 -10.102 3.08495 0.92059 2 
119.300 -10.102 0.45573 0.26563 2 
-8.980 -12.668 7.01488 -1.07656 2 
-6.414 -12.668 7.21844 -1.12829 2 
-3.848 -12.668 7.19949 -1.27116 2 
-1.283 -12.668 7.07416 -1.38682 2 
1.283 -12.668 7.03919 -1.77144 2 
3.848 -12.668 7.10376 -2.15749 2 
6.414 -12.668 7.30059 -2.14760 2 
8.980 -12.668 7.62149 -2.66285 2 
11.545 -12.668 8.35892 -2.81427 2 
14.111 -12.668 8.44963 -2.64923 2 
16.676 -12.668 8.90320 -2.51648 2 
19.242 -12.668 9.21008 -2.36090 2 
21.808 -12.668 8.82966 -2.49885 2 
24.373 -12.668 9.46397 -1.92067 2 
26.939 -12.668 8.77991 -1.65685 2 
29.504 -12.668 6.67290 -1.65398 2 
32.070 -12.668 6.61705 -1.30506 2 
34.636 -12.668 8.61236 -0.61010 2 
37.201 -12.668 5.92384 -0.56249 2 
39.767 -12.668 5.32549 -0.23756 2 
42.332 -12.668 4.85634 0.61524 2 
44.898 -12.668 5.63266 0.99361 2 
47.464 -12.668 6.40897 1.37198 2 
50.029 -12.668 4.02863 0.05685 2 
52.595 -12.668 0.52473 -1.26105 2 
55.160 -12.668 1.51876 -1.04384 2 
57.726 -12.668 1.58552 -1.35093 2 
60.292 -12.668 2.51754 -1.42075 2 
62.857 -12.668 3.44956 -1.49056 2 
65.423 -12.668 2.80701 -1.28724 2 
67.988 -12.668 2.23288 -0.93377 2 
70.554 -12.668 1.62245 -0.94561 2 
73.120 -12.668 3.08427 -0.37286 2 
75.685 -12.668 3.21846 0.53707 2 
78.251 -12.668 2.10537 1.00612 2 
80.816 -12.668 3.98856 1.47545 2 
83.382 -12.668 6.26577 1.91539 2 
85.948 -12.668 5.39854 1.11235 2 
88.513 -12.668 5.61852 1.07439 2 
91.079 -12.668 5.90703 0.89230 2 
93.644 -12.668 6.67277 0.35775 2 
96.210 -12.668 5.32246 0.16921 2 
98.776 -12.668 3.97216 -0.01934 2 
101.341 -12.668 2.90866 0.53087 2 
103.907 -12.668 2.42137 0.43316 2 
106.472 -12.668 3.28336 1.76671 2 
109.038 -12.668 3.06868 1.53010 2 
111.603 -12.668 2.17425 1.46665 2 
114.169 -12.668 3.23216 0.59407 2 
116.735 -12.668 5.14111 0.67907 2 
119.300 -12.668 0.26218 0.17517 2 
-8.980 -15.233 7.57245 -1.04341 2 
-6.414 -15.233 7.13656 -1.14517 2 
-3.848 -15.233 7.20164 -1.23447 2 
-1.283 -15.233 7.15289 -1.38270 2 
1.283 -15.233 7.30734 -1.78143 2 
3.848 -15.233 7.39429 -1.84612 2 
6.414 -15.233 7.50225 -2.22671 2 
8.980 -15.233 7.74855 -2.45511 2 
11.545 -15.233 8.29296 -2.52923 2 
14.111 -15.233 8.47160 -2.37389 2 
16.676 -15.233 8.79532 -2.41828 2 
19.242 -15.233 8.98521 -2.17773 2 
21.808 -15.233 9.11300 -2.18816 2 
24.373 -15.233 9.34187 -1.99916 2 
26.939 -15.233 9.11753 -1.77672 2 
29.504 -15.233 9.64174 -1.79231 2 
32.070 -15.233 8.07374 -1.57624 2 
34.636 -15.233 10.61889 -0.82920 2 
37.201 -15.233 10.17232 -0.37092 2 
39.767 -15.233 7.51513 -0.58582 2 
42.332 -15.233 9.74088 -0.59546 2 
44.898 -15.233 8.80394 -0.04390 2 
47.464 -15.233 7.86700 0.50765 2 
50.029 -15.233 8.08977 -0.66054 2 
52.595 -15.233 4.86246 -1.07699 2 
55.160 -15.233 5.30093 -0.94737 2 
57.726 -15.233 5.52770 -0.77593 2 
60.292 -15.233 5.08947 -1.08193 2 
62.857 -15.233 4.65125 -1.38794 2 
65.423 -15.233 4.21654 -1.67729 2 
67.988 -15.233 6.39948 -1.32867 2 
70.554 -15.233 4.47055 -0.84894 2 
73.120 -15.233 3.69751 -0.96128 2 
75.685 -15.233 4.51831 -1.11102 2 
78.251 -15.233 3.85243 0.01454 2 
80.816 -15.233 3.89229 1.21314 2 
83.382 -15.233 5.81037 1.52304 2 
85.948 -15.233 7.72844 1.83295 2 
88.513 -15.233 7.66702 0.90322 2 
91.079 -15.233 7.32158 1.27227 2 
93.644 -15.233 6.81158 0.42531 2 
96.210 -15.233 6.08764 0.61040 2 
98.776 -15.233 5.49392 0.54114 2 
101.341 -15.233 4.90020 0.47189 2 
103.907 -15.233 4.65814 0.99879 2 
106.472 -15.233 5.14617 0.56853 2 
109.038 -15.233 5.66134 1.88827 2 
111.603 -15.233 5.27477 1.90120 2 
114.169 -15.233 4.95034 1.69220 2 
116.735 -15.233 4.54471 0.53383 2 
119.300 -15.233 0.06862 0.08471 2 
-8.980 -17.799 7.08113 -0.96792 2 
-6.414 -17.799 7.38719 -0.97595 2 
-3.848 -17.799 7.38295 -1.26443 2 
-1.283 -17.799 7.34828 -1.50324 2 
1.283 -17.799 7.36386 -1.58682 2 
3.848 -17.799 7.47641 -1.82626 2 
6.414 -17.799 7.61245 -1.80907 2 
8.980 -17.799 8.00249 -2.16064 2 
11.545 -17.799 8.17419 -2.12606 2 
14.111 -17.799 8.52124 -2.17958 2 
16.676 -17.799 8.65457 -2.02189 2 
19.242 -17.799 8.76891 -1.95825 2 
21.808 -17.799 9.00201 -1.87266 2 
24.373 -17.799 9.06126 -1.70481 2 
26.939 -17.799 9.16928 -1.68903 2 
29.504 -17.799 9.17873 -1.57918 2 
32.070 -17.799 9.53043 -1.84743 2 
34.636 -17.799 9.71813 -0.99133 2 
37.201 -17.799 9.66468 -0.96611 2 
39.767 -17.799 9.70477 -0.93407 2 
42.332 -17.799 9.85789 -0.70260 2 
44.898 -17.799 9.59145 -0.52964 2 
47.464 -17.799 9.32502 -0.35668 2 
50.029 -17.799 8.90662 -0.66698 2 
52.595 -17.799 9.20018 -0.89293 2 
55.160 -17.799 9.08309 -0.85091 2 
57.726 -17.799 7.32325 -0.95965 2 
60.292 -17.799 6.58809 -1.12249 2 
62.857 -17.799 5.85293 -1.28532 2 
65.423 -17.799 4.24723 -0.71610 2 
67.988 -17.799 5.78293 -0.73418 2 
70.554 -17.799 7.31864 -0.75227 2 
73.120 -17.799 9.32505 0.55404 2 
75.685 -17.799 9.40850 -0.48348 2 
78.251 -17.799 9.40460 0.06225 2 
80.816 -17.799 7.61435 1.79687 2 
83.382 -17.799 7.84844 1.71990 2 
85.948 -17.799 8.08254 1.64293 2 
88.513 -17.799 8.42955 1.01800 2 
91.079 -17.799 8.19822 0.65125 2 
93.644 -17.799 8.36055 -0.15307 2 
96.210 -17.799 7.79026 -0.12483 2 
98.776 -17.799 7.12442 0.17818 2 
101.341 -17.799 6.45859 0.48119 2 
103.907 -17.799 6.89491 1.56442 2 
106.472 -17.799 7.89267 1.63249 2 
109.038 -17.799 8.25400 2.24644 2 
111.603 -17.799 6.93635 1.85516 2 
114.169 -17.799 8.15022 1.97314 2 
116.735 -17.799 9.02049 1.55612 2 
119.300 -17.799 0.03005 0.25223 1 
-8.980 -20.364 7.39572 -1.11274 2 
-6.414 -20.364 7.24348 -1.02904 2 
-3.848 -20.364 7.54312 -1.15628 2 
-1.283 -20.364 7.45745 -1.25253 2 
1.283 -20.364 7.52762 -1.47896 2 
3.848 -20.364 7.88868 -1.64621 2 
6.414 -20.364 7.70481 -1.82600 2 
8.980 -20.364 7.84028 -1.90159 2 
11.545 -20.364 8.33230 -1.93852 2 
14.111 -20.364 8.39684 -1.99954 2 
16.676 -20.364 8.66303 -1.92457 2 
19.242 -20.364 8.86126 -1.83583 2 
21.808 -20.364 8.94920 -1.69863 2 
24.373 -20.364 8.97883 -1.76542 2 
26.939 -20.364 9.10149 -1.47793 2 
29.504 -20.364 9.33606 -1.36026 2 
32.070 -20.364 9.29912 -1.34496 2 
34.636 -20.364 9.60954 -1.20779 2 
37.201 -20.364 9.46714 -0.88491 2 
39.767 -20.364 9.64399 -0.76977 2 
42.332 -20.364 9.52789 -0.82015 2 
44.898 -20.364 9.39686 -0.62097 2 
47.464 -20.364 8.98575 -0.62883 2 
50.029 -20.364 9.23621 -0.74437 2 
52.595 -20.364 9.09322 -0.69937 2 
55.160 -20.364 9.25306 -0.82151 2 
57.726 -20.364 9.11880 -1.14337 2 
60.292 -20.364 9.87848 -1.00382 2 
62.857 -20.364 10.63817 -0.86428 2 
65.423 -20.364 9.76355 -0.42952 2 
67.988 -20.364 9.97562 -0.34706 2 
70.554 -20.364 9.77505 -0.52597 2 
73.120 -20.364 9.85046 0.22112 2 
75.685 -20.364 9.20325 -0.17357 2 
78.251 -20.364 10.09378 1.18209 2 
80.816 -20.364 9.62343 1.70871 2 
83.382 -20.364 8.91489 1.51868 2 
85.948 -20.364 8.63885 0.90426 2 
88.513 -20.364 8.65481 0.79728 2 
91.079 -20.364 8.99454 0.42024 2 
93.644 -20.364 8.86836 0.15187 2 
96.210 -20.364 8.56407 0.01076 2 
98.776 -20.364 10.01618 0.02504 2 
101.341 -20.364 7.80857 0.32636 2 
103.907 -20.364 7.91866 0.76977 2 
106.472 -20.364 7.10020 1.21922 2 
109.038 -20.364 8.14404 0.89049 2 
111.603 -20.364 8.59793 1.80911 2 
114.169 -20.364 8.48246 2.05686 2 
116.735 -20.364 8.49042 1.62515 2 
119.300 -20.364 0.00000 -0.00000 0 
-8.980 -22.930 7.53363 -0.82590 2 
-6.414 -22.930 7.57833 -1.08354 2 
-3.848 -22.930 7.48370 -1.22435 2 
-1.283 -22.930 7.52630 -1.12782 2 
1.283 -22.930 7.68190 -1.34559 2 
3.848 -22.930 7.77798 -1.36017 2 
6.414 -22.930 7.86990 -1.51892 2 
8.980 -22.930 8.20618 -1.56649 2 
11.545 -22.930 8.39745 -1.65613 2 
14.111 -22.930 8.59932 -1.74890 2 
16.676 -22.930 8.56117 -1.48566 2 
19.242 -22.930 8.79805 -1.61482 2 
21.808 -22.930 8.84243 -1.55109 2 
24.373 -22.930 8.90674 -1.56811 2 
26.939 -22.930 9.10025 -1.47250 2 
29.504 -22.930 9.00278 -1.26429 2 
32.070 -22.930 9.21540 -1.19697 2 
34.636 -22.930 9.28609 -1.08549 2 
37.201 -22.930 9.33232 -0.97404 2 
39.767 -22.930 9.48398 -0.92192 2 
42.332 -22.930 9.14557 -0.61351 2 
44.898 -22.930 9.18112 -0.75635 2 
47.464 -22.930 9.24839 -0.65381 2 
50.029 -22.930 9.22029 -0.64121 2 
52.595 -22.930 9.02054 -0.85356 2 
55.160 -22.930 9.45130 -0.93753 2 
57.726 -22.930 9.40761 -0.84420 2 
60.292 -22.930 9.71175 -0.96503 2 
62.857 -22.930 9.97990 -0.74204 2 
65.423 -22.930 9.99482 -0.63148 2 
67.988 -22.930 10.20350 -0.71378 2 
70.554 -22.930 10.11623 -0.35260 2 
73.120 -22.930 10.37587 -0.11180 2 
75.685 -22.930 10.06107 0.19050 2 
78.251 -22.930 9.98491 0.85857 2 
80.816 -22.930 9.56631 0.98851 2 
83.382 -22.930 9.09570 0.67666 2 
85.948 -22.930 8.80902 0.76648 2 
88.513 -22.930 8.65097 0.37813 2 
91.079 -22.930 8.85506 0.20562 2 
93.644 -22.930 9.03615 0.06982 2 
96.210 -22.930 9.33788 0.14636 2 
98.776 -22.930 9.54500 0.18210 2 
101.341 -22.930 9.15855 0.17152 2 
103.907 -22.930 8.94241 -0.02487 2 
106.472 -22.930 9.04547 0.99484 2 
109.038 -22.930 8.72239 1.75301 2 
111.603 -22.930 9.16057 1.09227 2 
114.169 -22.930 8.95994 1.93118 2 
116.735 -22.930 9.02847 1.70932 2 
119.300 -22.930 0.00000 -0.00000 0 
-8.980 -25.496 7.44815 -1.02477 2 
-6.414 -25.496 7.58038 -0.95754 2 
-3.848 -25.496 7.59136 -1.10479 2 
-1.283 -25.496 7.80335 -1.12382 2 
1.283 -25.496 7.69694 -1.38663 2 
3.848 -25.496 8.03147 -1.25086 2 
6.414 -25.496 8.03434 -1.45719 2 
8.980 -25.496 8.08570 -1.46615 2 
11.545 -25.496 8.35103 -1.63768 2 
14.111 -25.496 8.20620 -1.55807 2 
16.676 -25.496 8.55095 -1.67918 2 
19.242 -25.496 8.75244 -1.42642 2 
21.808 -25.496 8.77950 -1.20505 2 
24.373 -25.496 8.79612 -1.36420 2 
26.939 -25.496 8.89900 -1.35143 2 
29.504 -25.496 8.97893 -1.10265 2 
32.070 -25.496 9.04797 -1.12005 2 
34.636 -25.496 9.05047 -1.08221 2 
37.201 -25.496 9.12119 -0.94691 2 
39.767 -25.496 9.21995 -0.82397 2 
42.332 -25.496 9.14243 -0.68043 2 
44.898 -25.496 9.30692 -0.89417 2 
47.464 -25.496 9.24482 -0.75957 2 
50.029 -25.496 9.25813 -0.75099 2 
52.595 -25.496 9.02301 -0.77028 2 
55.160 -25.496 9.18431 -0.81668 2 
57.726 -25.496 9.43469 -0.75742 2 
60.292 -25.496 9.56589 -0.51906 2 
62.857 -25.496 9.63279 -0.71216 2 
65.423 -25.496 9.97276 -0.43416 2 
67.988 -25.496 9.65928 -0.51782 2 
70.554 -25.496 10.05276 -0.28815 2 
73.120 -25.496 9.99250 0.28064 2 
75.685 -25.496 9.85646 0.38838 2 
78.251 -25.496 9.67890 0.50644 2 
80.816 -25.496 9.30767 0.59802 2 
83.382 -25.496 9.14599 0.76421 2 
85.948 -25.496 8.86304 0.60615 2 
88.513 -25.496 9.11764 0.36394 2 
91.079 -25.496 9.09269 0.41644 2 
93.644 -25.496 9.24544 0.25099 2 
96.210 -25.496 9.04406 0.30525 2 
98.776 -25.496 9.24265 0.29999 2 
101.341 -25.496 9.38321 0.17670 2 
103.907 -25.496 9.19771 0.32029 2 
106.472 -25.496 9.23587 0.91470 2 
109.038 -25.496 8.91126 1.35864 2 
111.603 -25.496 9.18182 1.28242 2 
114.169 -25.496 8.81081 1.37773 2 
116.735 -25.496 9.33149 1.27843 2 
119.300 -25.496 0.00000 -0.00000 0 
-8.980 -28.061 7.55723 -0.99853 2 
-6.414 -28.061 7.67769 -1.07572 2 
-3.848 -28.061 7.54257 -1.02882 2 
-1.283 -28.061 7.78695 -1.07903 2 
1.283 -28.061 7.83661 -1.16202 2 
3.848 -28.061 8.04284 -1.36178 2 
6.414 -28.061 8.00611 -1.16325 2 
8.980 -28.061 8.27672 -1.40125 2 
11.545 -28.061 8.29760 -1.47837 2 
14.111 -28.061 8.41550 -1.38794 2 
16.676 -28.061 8.62975 -1.19247 2 
19.242 -28.061 8.57159 -1.46290 2 
21.808 -28.061 8.69188 -1.37427 2 
24.373 -28.061 8.77254 -1.35424 2 
26.939 -28.061 8.74721 -1.15779 2 
29.504 -28.061 8.99062 -1.07506 2 
32.070 -28.061 9.04937 -1.19472 2 
34.636 -28.061 8.92877 -1.02500 2 
37.201 -28.061 9.24239 -0.87784 2 
39.767 -28.061 9.16522 -0.92861 2 
42.332 -28.061 9.09445 -0.96556 2 
44.898 -28.061 9.03009 -0.64102 2 
47.464 -28.061 9.20834 -0.73147 2 
50.029 -28.061 9.34426 -0.64500 2 
52.595 -28.061 9.37807 -0.65369 2 
55.160 -28.061 9.30512 -0.83067 2 
57.726 -28.061 9.39946 -0.54921 2 
60.292 -28.061 9.45908 -0.74183 2 
62.857 -28.061 9.43061 -0.69258 2 
65.423 -28.061 9.75442 -0.45135 2 
67.988 -28.061 9.74284 -0.32376 2 
70.554 -28.061 9.75906 -0.08044 2 
73.120 -28.061 9.71550 0.05459 2 
75.685 -28.061 9.59192 0.26228 2 
78.251 -28.061 9.61519 0.49003 2 
80.816 -28.061 9.46486 0.44184 2 
83.382 -28.061 9.15471 0.34267 2 
85.948 -28.061 9.21961 0.53216 2 
88.513 -28.061 9.04304 0.44081 2 
91.079 -28.061 9.08821 0.42006 2 
93.644 -28.061 8.95107 0.36943 2 
96.210 -28.061 9.16325 0.41871 2 
98.776 -28.061 9.31891 0.39846 2 
101.341 -28.061 9.27035 0.61645 2 
103.907 -28.061 9.45302 0.66546 2 
106.472 -28.061 9.42628 0.83457 2 
109.038 -28.061 9.10012 0.96426 2 
111.603 -28.061 9.09467 1.03370 2 
114.169 -28.061 9.09279 1.04898 2 
116.735 -28.061 8.73854 0.99773 2 
119.300 -28.061 0.00000 -0.00000 0 
-8.980 -30.627 7.88657 -0.94281 2 
-6.414 -30.627 7.60950 -0.85365 2 
-3.848 -30.627 7.83845 -1.01478 2 
-1.283 -30.627 7.92069 -1.01011 2 
1.283 -30.627 8.02790 -1.01274 2 
3.848 -30.627 8.03546 -1.14341 2 
6.414 -30.627 8.10950 -1.26034 2 
8.980 -30.627 8.17323 -1.16700 2 
11.545 -30.627 8.29748 -1.34585 2 
14.111 -30.627 8.45665 -1.19351 2 
16.676 -30.627 8.60109 -1.03239 2 
19.242 -30.627 8.74916 -1.42980 2 
21.808 -30.627 8.63170 -1.02082 2 
24.373 -30.627 8.80904 -1.05510 2 
26.939 -30.627 8.80032 -1.09746 2 
29.504 -30.627 8.91772 -1.21283 2 
32.070 -30.627 9.04184 -0.91663 2 
34.636 -30.627 8.99755 -1.03449 2 
37.201 -30.627 9.10969 -0.83802 2 
39.767 -30.627 9.11886 -0.79143 2 
42.332 -30.627 9.10352 -0.81411 2 
44.898 -30.627 9.10980 -0.74505 2 
47.464 -30.627 9.13526 -0.91135 2 
50.029 -30.627 8.97460 -0.72177 2 
52.595 -30.627 9.09858 -0.74131 2 
55.160 -30.627 9.30191 -0.71380 2 
57.726 -30.627 9.28022 -0.61041 2 
60.292 -30.627 9.49247 -0.45276 2 
62.857 -30.627 9.44585 -0.50815 2 
65.423 -30.627 9.38735 -0.45551 2 
67.988 -30.627 9.60445 -0.28486 2 
70.554 -30.627 9.55603 -0.10336 2 
73.120 -30.627 9.51986 -0.19016 2 
75.685 -30.627 9.51326 0.20161 2 
78.251 -30.627 9.57660 0.18389 2 
80.816 -30.627 9.19051 0.27954 2 
83.382 -30.627 9.09380 0.57252 2 
85.948 -30.627 9.25253 0.26541 2 
88.513 -30.627 9.10608 0.40742 2 
91.079 -30.627 9.12947 0.36238 2 
93.644 -30.627 9.24465 0.28169 2 
96.210 -30.627 9.06442 0.51591 2 
98.776 -30.627 9.20184 0.35062 2 
101.341 -30.627 9.44385 0.54801 2 
103.907 -30.627 9.08645 0.65137 2 
106.472 -30.627 9.09233 0.70894 2 
109.038 -30.627 9.28604 0.90304 2 
111.603 -30.627 9.02272 0.94445 2 
114.169 -30.627 8.71875 0.99590 2 
116.735 -30.627 9.38179 1.11572 2 
119.300 -30.627 0.00000 -0.00000 0 
-8.980 -33.192 7.59227 -0.83932 2 
-6.414 -33.192 7.87757 -0.90073 2 
-3.848 -33.192 7.91121 -0.86638 2 
-1.283 -33.192 7.86815 -1.03690 2 
1.283 -33.192 7.99267 -0.99515 2 
3.848 -33.192 8.18516 -1.10012 2 
6.414 -33.192 8.05003 -1.00356 2 
8.980 -33.192 8.21644 -1.11690 2 
11.545 -33.192 8.40254 -1.16953 2 
14.111 -33.192 8.38018 -1.15337 2 
16.676 -33.192 8.47646 -1.21277 2 
19.242 -33.192 8.58579 -1.12376 2 
21.808 -33.192 8.43910 -1.07856 2 
24.373 -33.192 8.98889 -1.18101 2 
26.939 -33.192 8.67510 -1.02516 2 
29.504 -33.192 8.89716 -0.94464 2 
32.070 -33.192 8.91666 -0.90855 2 
34.636 -33.192 8.86710 -0.89653 2 
37.201 -33.192 8.96764 -0.86936 2 
39.767 -33.192 8.97912 -0.82726 2 
42.332 -33.192 9.01881 -0.88052 2 
44.898 -33.192 9.21870 -0.64932 2 
47.464 -33.192 9.08109 -0.46307 2 
50.029 -33.192 9.22434 -0.67691 2 
52.595 -33.192 9.28892 -0.56212 2 
55.160 -33.192 9.20053 -0.65755 2 
57.726 -33.192 9.04856 -0.51976 2 
60.292 -33.192 9.23913 -0.49579 2 
62.857 -33.192 9.29641 -0.47056 2 
65.423 -33.192 9.47186 -0.50732 2 
67.988 -33.192 9.26805 -0.26516 2 
70.554 -33.192 9.40152 -0.02617 2 
73.120 -33.192 9.33884 0.10438 2 
75.685 -33.192 9.31538 -0.01568 2 
78.251 -33.192 9.32405 0.31772 2 
80.816 -33.192 9.18031 0.43707 2 
83.382 -33.192 9.30188 0.17582 2 
85.948 -33.192 9.21295 0.37821 2 
88.513 -33.192 8.98465 0.47769 2 
91.079 -33.192 9.18671 0.45198 2 
93.644 -33.192 9.11977 0.40922 2 
96.210 -33.192 9.01004 0.49915 2 
98.776 -33.192 9.16912 0.41951 2 
101.341 -33.192 8.95685 0.53279 2 
103.907 -33.192 9.20475 0.74451 2 
106.472 -33.192 8.95401 0.60669 2 
109.038 -33.192 9.21612 0.64823 2 
111.603 -33.192 8.80905 0.86205 2 
114.169 -33.192 8.94239 0.84223 2 
116.735 -33.192 9.41380 1.10227 2 
119.300 -33.192 0.00000 -0.00000 0 
-8.980 -35.758 7.80152 -0.79048 2 
-6.414 -35.758 7.83653 -0.89785 2 
-3.848 -35.758 7.88540 -0.93552 2 
-1.283 -35.758 8.15968 -0.83355 2 
1.283 -35.758 7.84684 -1.04712 2 
3.848 -35.758 8.02215 -0.95662 2 
6.414 -35.758 8.32025 -1.05895 2 
8.980 -35.758 8.33094 -1.08356 2 
11.545 -35.758 8.25633 -1.03294 2 
14.111 -35.758 8.51046 -0.96837 2 
16.676 -35.758 8.50943 -1.02248 2 
19.242 -35.758 8.64720 -1.08318 2 
21.808 -35.758 8.66736 -0.99740 2 
24.373 -35.758 8.79049 -0.82656 2 
26.939 -35.758 8.76059 -1.12644 2 
29.504 -35.758 8.81024 -0.89490 2 
32.070 -35.758 8.78391 -1.04117 2 
34.636 -35.758 8.94733 -0.81990 2 
37.201 -35.758 8.76279 -0.72731 2 
39.767 -35.758 9.01596 -0.73351 2 
42.332 -35.758 8.92530 -0.62033 2 
44.898 -35.758 8.83126 -0.70339 2 
47.464 -35.758 9.18202 -0.73979 2 
50.029 -35.758 9.00222 -0.74361 2 
52.595 -35.758 9.13495 -0.54446 2 
55.160 -35.758 9.13052 -0.46843 2 
57.726 -35.758 9.29300 -0.68164 2 
60.292 -35.758 9.19579 -0.40336 2 
62.857 -35.758 9.13711 -0.36052 2 
65.423 -35.758 9.37586 -0.18762 2 
67.988 -35.758 9.32798 -0.22065 2 
70.554 -35.758 9.27299 -0.16750 2 
73.120 -35.758 9.35664 0.04119 2 
75.685 -35.758 9.26914 0.16079 2 
78.251 -35.758 9.19623 0.15854 2 
80.816 -35.758 9.26207 0.21736 2 
83.382 -35.758 9.17886 0.10148 2 
85.948 -35.758 9.01676 0.35628 2 
88.513 -35.758 9.12251 0.43346 2 
91.079 -35.758 8.98852 0.26813 2 
93.644 -35.758 9.13198 0.44691 2 
96.210 -35.758 9.09514 0.50874 2 
98.776 -35.758 9.01234 0.45951 2 
101.341 -35.758 9.11277 0.69092 2 
103.907 -35.758 8.83798 0.50824 2 
106.472 -35.758 9.18421 0.66075 2 
109.038 -35.758 8.81065 0.91016 2 
111.603 -35.758 9.02193 0.74204 2 
114.169 -35.758 8.80891 0.92300 2 
116.735 -35.758 9.31447 0.93740 2 
119.300 -35.758 0.00000 -0.00000 0 
-8.980 -38.324 7.94030 -0.69185 2 
-6.414 -38.324 7.77547 -0.85998 2 
-3.848 -38.324 7.96561 -0.90929 2 
-1.283 -38.324 7.95465 -0.94437 2 
1.283 -38.324 8.16805 -0.99717 2 
3.848 -38.324 8.09864 -0.92592 2 
6.414 -38.324 8.21405 -0.92410 2 
8.980 -38.324 8.32208 -0.99068 2 
11.545 -38.324 8.39754 -1.00652 2 
14.111 -38.324 8.32714 -1.08851 2 
16.676 -38.324 8.53415 -0.94089 2 
19.242 -38.324 8.44777 -0.98305 2 
21.808 -38.324 8.60949 -0.99320 2 
24.373 -38.324 8.73660 -1.02867 2 
26.939 -38.324 8.78634 -0.85827 2 
29.504 -38.324 8.68839 -0.92155 2 
32.070 -38.324 8.80558 -0.85958 2 
34.636 -38.324 8.86464 -0.85717 2 
37.201 -38.324 8.93731 -0.79988 2 
39.767 -38.324 8.75075 -0.63588 2 
42.332 -38.324 9.06032 -0.84390 2 
44.898 -38.324 9.02159 -0.64146 2 
47.464 -38.324 8.99081 -0.71968 2 
50.029 -38.324 9.11270 -0.56891 2 
52.595 -38.324 9.18381 -0.74591 2 
55.160 -38.324 9.12305 -0.44411 2 
57.726 -38.324 9.18457 -0.49967 2 
60.292 -38.324 9.09446 -0.13721 2 
62.857 -38.324 9.30825 -0.42102 2 
65.423 -38.324 9.16079 -0.14502 2 
67.988 -38.324 9.21809 -0.27673 2 
70.554 -38.324 9.22621 -0.27348 2 
73.120 -38.324 9.02340 -0.00430 2 
75.685 -38.324 9.20229 -0.02618 2 
78.251 -38.324 9.15771 0.14668 2 
80.816 -38.324 9.25941 0.04026 2 
83.382 -38.324 9.11352 0.30262 2 
85.948 -38.324 9.15167 0.26838 2 
88.513 -38.324 9.05355 0.31867 2 
91.079 -38.324 9.00668 0.37635 2 
93.644 -38.324 9.07848 0.46827 2 
96.210 -38.324 9.07103 0.33685 2 
98.776 -38.324 9.01847 0.61807 2 
101.341 -38.324 9.12091 0.61617 2 
103.907 -38.324 9.03553 0.55884 2 
106.472 -38.324 8.81381 0.69772 2 
109.038 -38.324 8.80621 0.67918 2 
111.603 -38.324 8.80108 0.80602 2 
114.169 -38.324 8.84874 0.67987 2 
116.735 -38.324 9.08750 1.01390 2 
119.300 -38.324 0.00000 -0.00000 0 
-8.980 -40.889 7.82245 -0.74121 2 
-6.414 -40.889 7.93161 -0.83666 2 
-3.848 -40.889 8.00672 -0.79368 2 
-1.283 -40.889 8.18799 -0.79941 2 
1.283 -40.889 7.96115 -0.84384 2 
3.848 -40.889 8.20775 -0.86471 2 
6.414 -40.889 8.32726 -0.99753 2 
8.980 -40.889 8.04580 -0.88889 2 
11.545 -40.889 8.58395 -0.89018 2 
14.111 -40.889 8.48393 -0.90464 2 
16.676 -40.889 8.53419 -0.88610 2 
19.242 -40.889 8.52735 -1.00796 2 
21.808 -40.889 8.62881 -0.85803 2 
24.373 -40.889 8.71155 -0.93433 2 
26.939 -40.889 8.56478 -1.00035 2 
29.504 -40.889 8.75640 -0.78946 2 
32.070 -40.889 8.81433 -0.87241 2 
34.636 -40.889 8.77086 -0.71985 2 
37.201 -40.889 8.93853 -0.71886 2 
39.767 -40.889 8.86783 -0.88379 2 
42.332 -40.889 8.89929 -0.63260 2 
44.898 -40.889 8.97556 -0.64643 2 
47.464 -40.889 9.03671 -0.63141 2 
50.029 -40.889 8.98295 -0.49699 2 
52.595 -40.889 9.02033 -0.59202 2 
55.160 -40.889 8.98464 -0.31086 2 
57.726 -40.889 9.03171 -0.32961 2 
60.292 -40.889 9.11133 -0.55494 2 
62.857 -40.889 9.10344 -0.24202 2 
65.423 -40.889 9.05579 -0.11327 2 
67.988 -40.889 9.14288 -0.10820 2 
70.554 -40.889 9.05848 -0.16476 2 
73.120 -40.889 9.26394 0.00356 2 
75.685 -40.889 9.23360 0.02087 2 
78.251 -40.889 8.93453 -0.02005 2 
80.816 -40.889 9.25453 0.30046 2 
83.382 -40.889 9.17933 0.34827 2 
85.948 -40.889 9.24389 0.23988 2 
88.513 -40.889 9.01904 0.34326 2 
91.079 -40.889 9.03376 0.40985 2 
93.644 -40.889 9.01588 0.29147 2 
96.210 -40.889 9.08824 0.48482 2 
98.776 -40.889 9.02982 0.49033 2 
101.341 -40.889 8.92723 0.48152 2 
103.907 -40.889 8.84854 0.52572 2 
106.472 -40.889 8.92916 0.66337 2 
109.038 -40.889 8.93724 0.65814 2 
111.603 -40.889 8.82348 0.64621 2 
114.169 -40.889 8.80628 0.75508 2 
116.735 -40.889 9.05610 0.84114 2 
119.300 -40.889 0.00000 -0.00000 0 
-8.980 -43.455 7.84921 -0.78856 2 
-6.414 -43.455 7.98631 -0.85991 2 
-3.848 -43.455 8.02150 -0.79499 2 
-1.283 -43.455 8.01021 -0.87192 2 
1.283 -43.455 8.14343 -0.76097 2 
3.848 -43.455 8.13214 -0.77026 2 
6.414 -43.455 8.05276 -1.00781 2 
8.980 -43.455 8.35570 -0.90268 2 
11.545 -43.455 8.42463 -0.88467 2 
14.111 -43.455 8.39932 -0.86922 2 
16.676 -43.455 8.48064 -0.92892 2 
19.242 -43.455 8.59958 -0.84811 2 
21.808 -43.455 8.45761 -0.80627 2 
24.373 -43.455 8.88133 -0.87638 2 
26.939 -43.455 8.69362 -0.73065 2 
29.504 -43.455 8.71816 -0.83075 2 
32.070 -43.455 8.66930 -0.74628 2 
34.636 -43.455 8.80912 -0.72601 2 
37.201 -43.455 8.71924 -0.74824 2 
39.767 -43.455 8.90908 -0.62449 2 
42.332 -43.455 8.88690 -0.85276 2 
44.898 -43.455 8.92142 -0.49679 2 
47.464 -43.455 8.87410 -0.54595 2 
50.029 -43.455 8.92534 -0.65392 2 
52.595 -43.455 9.00369 -0.38157 2 
55.160 -43.455 8.95264 -0.60072 2 
57.726 -43.455 8.88952 -0.46908 2 
60.292 -43.455 9.14460 -0.34016 2 
62.857 -43.455 9.14277 -0.31774 2 
65.423 -43.455 8.95877 -0.19908 2 
67.988 -43.455 9.18927 -0.20820 2 
70.554 -43.455 9.12216 -0.03772 2 
73.120 -43.455 9.09768 -0.06525 2 
75.685 -43.455 8.94523 -0.00421 2 
78.251 -43.455 9.09205 0.17386 2 
80.816 -43.455 9.09552 0.00799 2 
83.382 -43.455 8.89593 0.31891 2 
85.948 -43.455 9.03405 0.30766 2 
88.513 -43.455 9.00432 0.17458 2 
91.079 -43.455 9.06995 0.39500 2 
93.644 -43.455 8.97015 0.41944 2 
96.210 -43.455 8.90114 0.56305 2 
98.776 -43.455 8.91279 0.61530 2 
101.341 -43.455 8.89808 0.45867 2 
103.907 -43.455 8.97456 0.58126 2 
106.472 -43.455 8.80756 0.64298 2 
109.038 -43.455 8.95692 0.59010 2 
111.603 -43.455 8.82267 0.73098 2 
114.169 -43.455 8.72284 0.69290 2 
116.735 -43.455 9.02469 0.66837 2 
119.300 -43.455 0.00000 -0.00000 0 
-8.980 -46.020 7.85769 -0.76502 2 
-6.414 -46.020 7.95728 -0.74698 2 
-3.848 -46.020 7.96157 -0.86214 2 
-1.283 -46.020 8.03667 -0.81571 2 
1.283 -46.020 8.17689 -0.79895 2 
3.848 -46.020 8.26767 -0.76484 2 
6.414 -46.020 8.29087 -0.85774 2 
8.980 -46.020 8.28937 -0.88523 2 
11.545 -46.020 8.29819 -0.85673 2 
14.111 -46.020 8.41055 -0.87411 2 
16.676 -46.020 8.52715 -0.92988 2 
19.242 -46.020 8.51142 -0.70668 2 
21.808 -46.020 8.62271 -0.83289 2 
24.373 -46.020 8.56162 -0.71260 2 
26.939 -46.020 8.73653 -0.76887 2 
29.504 -46.020 8.71540 -0.68251 2 
32.070 -46.020 8.77372 -0.70883 2 
34.636 -46.020 8.85290 -0.89437 2 
37.201 -46.020 8.80406 -0.60711 2 
39.767 -46.020 8.89402 -0.68437 2 
42.332 -46.020 8.74603 -0.61261 2 
44.898 -46.020 8.79432 -0.62166 2 
47.464 -46.020 8.89810 -0.55059 2 
50.029 -46.020 8.87620 -0.51803 2 
52.595 -46.020 8.83064 -0.37231 2 
55.160 -46.020 8.89400 -0.47452 2 
57.726 -46.020 8.95615 -0.26911 2 
60.292 -46.020 8.88819 -0.30341 2 
62.857 -46.020 8.88595 -0.25821 2 
65.423 -46.020 9.03185 -0.26285 2 
67.988 -46.020 9.05467 -0.14695 2 
70.554 -46.020 8.99269 0.01458 2 
73.120 -46.020 9.05135 -0.13659 2 
75.685 -46.020 9.07390 0.09030 2 
78.251 -46.020 9.06199 0.05583 2 
80.816 -46.020 8.99185 0.07559 2 
83.382 -46.020 8.93698 0.27046 2 
85.948 -46.020 9.17335 0.27645 2 
88.513 -46.020 8.93347 0.30606 2 
91.079 -46.020 8.91913 0.31672 2 
93.644 -46.020 9.01676 0.39902 2 
96.210 -46.020 8.85935 0.25636 2 
98.776 -46.020 8.94985 0.32228 2 
101.341 -46.020 8.83807 0.55415 2 
103.907 -46.020 8.72978 0.40185 2 
106.472 -46.020 8.86605 0.59283 2 
109.038 -46.020 8.76174 0.62483 2 
111.603 -46.020 8.69149 0.59065 2 
114.169 -46.020 8.60581 0.80817 2 
116.735 -46.020 8.99329 0.49560 2 
119.300 -46.020 0.00000 -0.00000 0 
-8.980 -48.586 8.08426 -0.77468 2 
-6.414 -48.586 7.89753 -0.64903 2 
-3.848 -48.586 8.05544 -0.74234 2 
-1.283 -48.586 8.15161 -0.73316 2 
1.283 -48.586 8.26020 -0.87154 2 
3.848 -48.586 8.09235 -0.88654 2 
6.414 -48.586 8.30353 -0.74600 2 
8.980 -48.586 8.25874 -0.78614 2 
11.545 -48.586 8.40804 -0.79924 2 
14.111 -48.586 8.47174 -0.76241 2 
16.676 -48.586 8.45963 -0.79388 2 
19.242 -48.586 8.51101 -0.83965 2 
21.808 -48.586 8.56014 -0.74152 2 
24.373 -48.586 8.59897 -0.83596 2 
26.939 -48.586 8.58823 -0.81114 2 
29.504 -48.586 8.69864 -0.79199 2 
32.070 -48.586 8.72599 -0.73309 2 
34.636 -48.586 8.76487 -0.44984 2 
37.201 -48.586 8.73052 -0.73263 2 
39.767 -48.586 8.76158 -0.66924 2 
42.332 -48.586 8.75939 -0.46917 2 
44.898 -48.586 8.85212 -0.55807 2 
47.464 -48.586 8.92328 -0.68407 2 
50.029 -48.586 9.00755 -0.33501 2 
52.595 -48.586 8.82087 -0.31963 2 
55.160 -48.586 8.94239 -0.40238 2 
57.726 -48.586 8.99949 -0.54964 2 
60.292 -48.586 9.00639 -0.32016 2 
62.857 -48.586 8.97847 -0.22519 2 
65.423 -48.586 8.99643 -0.23242 2 
67.988 -48.586 8.99767 -0.21272 2 
70.554 -48.586 8.89036 -0.06098 2 
73.120 -48.586 9.04991 -0.05721 2 
75.685 -48.586 8.85935 0.01327 2 
78.251 -48.586 8.98104 0.21260 2 
80.816 -48.586 8.99588 0.04961 2 
83.382 -48.586 8.84482 0.12752 2 
85.948 -48.586 8.97845 0.27667 2 
88.513 -48.586 8.88068 0.27367 2 
91.079 -48.586 9.03822 0.38062 2 
93.644 -48.586 8.85344 0.41144 2 
96.210 -48.586 8.96788 0.31032 2 
98.776 -48.586 8.81081 0.44513 2 
101.341 -48.586 8.79006 0.42480 2 
103.907 -48.586 9.06870 0.59733 2 
106.472 -48.586 8.72811 0.62762 2 
109.038 -48.586 8.79072 0.62802 2 
111.603 -48.586 8.71586 0.59211 2 
114.169 -48.586 8.72751 0.55847 2 
116.735 -48.586 8.98478 0.62867 2 
119.300 -48.586 0.00000 -0.00000 0 
-8.980 -51.152 8.01151 -0.67657 2 
-6.414 -51.152 8.03142 -0.79082 2 
-3.848 -51.152 8.10601 -0.81051 2 
-1.283 -51.152 8.05365 -0.64381 2 
1.283 -51.152 8.15818 -0.81987 2 
3.848 -51.152 8.26600 -0.67682 2 
6.414 -51.152 8.28896 -0.75485 2 
8.980 -51.152 8.22590 -0.74198 2 
11.545 -51.152 8.44122 -0.76546 2 
14.111 -51.152 8.45603 -0.81184 2 
16.676 -51.152 8.43273 -0.75991 2 
19.242 -51.152 8.54605 -0.76819 2 
21.808 -51.152 8.54391 -0.67275 2 
24.373 -51.152 8.63511 -0.71431 2 
26.939 -51.152 8.66644 -0.66403 2 
29.504 -51.152 8.82012 -0.52709 2 
32.070 -51.152 8.62373 -0.61678 2 
34.636 -51.152 8.82358 -0.74440 2 
37.201 -51.152 8.74451 -0.61094 2 
39.767 -51.152 8.75610 -0.56398 2 
42.332 -51.152 8.87026 -0.70685 2 
44.898 -51.152 8.62054 -0.59383 2 
47.464 -51.152 9.03927 -0.56021 2 
50.029 -51.152 8.86203 -0.61760 2 
52.595 -51.152 8.81948 -0.52084 2 
55.160 -51.152 8.84820 -0.31215 2 
57.726 -51.152 8.83337 -0.37474 2 
60.292 -51.152 8.90099 -0.32057 2 
62.857 -51.152 8.96199 -0.21270 2 
65.423 -51.152 8.89554 -0.26984 2 
67.988 -51.152 8.91868 -0.11812 2 
70.554 -51.152 8.90037 -0.06330 2 
73.120 -51.152 9.01689 -0.08681 2 
75.685 -51.152 9.06728 0.10131 2 
78.251 -51.152 8.83345 0.02752 2 
80.816 -51.152 8.94831 0.16247 2 
83.382 -51.152 9.02627 0.15476 2 
85.948 -51.152 8.86115 0.25845 2 
88.513 -51.152 8.82386 0.21013 2 
91.079 -51.152 8.81165 0.24375 2 
93.644 -51.152 8.86466 0.43481 2 
96.210 -51.152 8.91159 0.50370 2 
98.776 -51.152 8.80245 0.53206 2 
101.341 -51.152 8.86143 0.29343 2 
103.907 -51.152 8.74741 0.56465 2 
106.472 -51.152 8.81251 0.44033 2 
109.038 -51.152 8.68227 0.55591 2 
111.603 -51.152 8.73436 0.63220 2 
114.169 -51.152 8.78668 0.58440 2 
116.735 -51.152 0.00000 -0.00000 0 
119.300 -51.152 0.00000 -0.00000 0 
-8.980 -53.717 7.96311 -0.75948 2 
-6.414 -53.717 8.18587 -0.65659 2 
-3.848 -53.717 8.12795 -0.88127 2 
-1.283 -53.717 8.11513 -0.70886 2 
1.283 -53.717 8.30917 -0.83477 2 
3.848 -53.717 8.13202 -0.82036 2 
6.414 -53.717 8.39324 -0.78159 2 
8.980 -53.717 8.53367 -0.59186 2 
11.545 -53.717 8.48424 -0.76707 2 
14.111 -53.717 8.43481 -0.94229 2 
16.676 -53.717 8.54100 -0.78006 2 
19.242 -53.717 8.52764 -0.80707 2 
21.808 -53.717 8.71900 -0.61660 2 
24.373 -53.717 8.78865 -0.79059 2 
26.939 -53.717 8.85831 -0.96459 2 
29.504 -53.717 8.63022 -0.66342 2 
32.070 -53.717 8.75700 -0.73731 2 
34.636 -53.717 9.05506 -0.53595 2 
37.201 -53.717 9.04321 -0.58900 2 
39.767 -53.717 9.03135 -0.64205 2 
42.332 -53.717 9.01949 -0.69510 2 
44.898 -53.717 9.04837 -0.62115 2 
47.464 -53.717 9.09053 -0.39248 2 
50.029 -53.717 9.05927 -0.20868 2 
52.595 -53.717 9.19498 -0.21384 2 
55.160 -53.717 9.12947 -0.25732 2 
57.726 -53.717 9.06397 -0.30079 2 
60.292 -53.717 8.99847 -0.34427 2 
62.857 -53.717 8.82327 -0.18411 2 
65.423 -53.717 8.87504 -0.15219 2 
67.988 -53.717 8.90789 -0.07850 2 
70.554 -53.717 8.89386 -0.07905 2 
73.120 -53.717 8.91668 -0.02861 2 
75.685 -53.717 8.70748 0.15319 2 
78.251 -53.717 8.96603 -0.12494 2 
80.816 -53.717 8.84400 0.34275 2 
83.382 -53.717 8.75663 0.19195 2 
85.948 -53.717 8.88271 0.27479 2 
88.513 -53.717 8.91747 0.21487 2 
91.079 -53.717 8.85594 0.39669 2 
93.644 -53.717 9.06361 0.38746 2 
96.210 -53.717 9.06136 0.38524 2 
98.776 -53.717 9.05911 0.38302 2 
101.341 -53.717 8.93212 0.59856 2 
103.907 -53.717 8.87099 0.56581 2 
106.472 -53.717 8.80987 0.53305 2 
109.038 -53.717 8.99106 0.71007 2 
111.603 -53.717 8.78478 0.75574 2 
114.169 -53.717 0.00000 -0.00000 0 
116.735 -53.717 0.00000 -0.00000 0 
119.300 -53.717 0.00000 -0.00000 0 
-8.980 -56.283 0.00000 -0.00000 0 
-6.414 -56.283 0.00000 -0.00000 0 
-3.848 -56.283 0.00000 -0.00000 0 
-1.283 -56.283 0.00000 -0.00000 0 
1.283 -56.283 0.00000 -0.00000 0 
3.848 -56.283 0.00000 -0.00000 0 
6.414 -56.283 0.00000 -0.00000 0 
8.980 -56.283 0.00000 -0.00000 0 
11.545 -56.283 0.00000 -0.00000 0 
14.111 -56.283 0.00000 -0.00000 0 
16.676 -56.283 0.00000 -0.00000 0 
19.242 -56.283 0.00000 -0.00000 0 
21.808 -56.283 0.00000 -0.00000 0 
24.373 -56.283 0.00000 -0.00000 0 
26.939 -56.283 0.00000 -0.00000 0 
29.504 -56.283 0.00000 -0.00000 0 
32.070 -56.283 0.00000 -0.00000 0 
34.636 -56.283 0.00000 -0.00000 0 
37.201 -56.283 0.00000 -0.00000 0 
39.767 -56.283 0.00000 -0.00000 0 
42.332 -56.283 0.00000 -0.00000 0 
44.898 -56.283 0.00000 -0.00000 0 
47.464 -56.283 0.00000 -0.00000 0 
50.029 -56.283 8.73303 -0.01293 1 
52.595 -56.283 8.81489 -0.07476 2 
55.160 -56.283 8.89674 -0.13660 2 
57.726 -56.283 8.97859 -0.19843 2 
60.292 -56.283 9.06045 -0.26026 2 
62.857 -56.283 8.85434 -0.12597 2 
65.423 -56.283 8.79538 -0.16704 2 
67.988 -56.283 8.92967 -0.23499 2 
70.554 -56.283 8.82497 0.01611 2 
73.120 -56.283 8.83563 -0.06005 2 
75.685 -56.283 8.84629 -0.13622 2 
78.251 -56.283 8.85696 -0.21239 2 
80.816 -56.283 8.92649 -0.09395 2 
83.382 -56.283 8.86865 -0.15162 2 
85.948 -56.283 8.90302 0.00995 2 
88.513 -56.283 8.93740 0.17152 2 
91.079 -56.283 8.81041 0.30981 2 
93.644 -56.283 8.74840 0.21084 2 
96.210 -56.283 8.68638 0.11187 2 
98.776 -56.283 8.62437 0.01290 1 
101.341 -56.283 8.63289 0.06719 1 
103.907 -56.283 0.00000 -0.00000 0 
106.472 -56.283 0.00000 -0.00000 0 
109.038 -56.283 0.00000 -0.00000 0 
111.603 -56.283 0.00000 -0.00000 0 
114.169 -56.283 0.00000 -0.00000 0 
116.735 -56.283 0.00000 -0.00000 0 
119.300 -56.283 0.00000 -0.00000 0 
