TITLE = "B00058"
VARIABLES = "X [mm]", "Y [mm]", "Vx [m/s]", "Vy [m/s]", "Flag"
ZONE T="Frame 1", I=51, J=39, F=POINT
-8.980 41.210 7.30698 0.45108 2 
-6.414 41.210 7.34132 0.34422 2 
-3.848 41.210 7.20233 0.36746 2 
-1.283 41.210 7.26091 0.44780 2 
1.283 41.210 7.58989 0.49354 2 
3.848 41.210 0.00000 -0.00000 0 
6.414 41.210 0.00000 -0.00000 0 
8.980 41.210 0.00000 -0.00000 0 
11.545 41.210 0.00000 -0.00000 0 
14.111 41.210 0.00000 -0.00000 0 
16.676 41.210 0.00000 -0.00000 0 
19.242 41.210 4.09005 0.31622 2 
21.808 41.210 8.18010 0.63243 2 
24.373 41.210 7.28428 0.57705 2 
26.939 41.210 7.60686 0.91415 2 
29.504 41.210 7.57170 0.70259 2 
32.070 41.210 7.43687 0.86836 2 
34.636 41.210 7.67948 0.73760 2 
37.201 41.210 7.79813 0.67718 2 
39.767 41.210 7.61063 0.77953 2 
42.332 41.210 7.83822 0.86549 2 
44.898 41.210 7.77333 0.79167 2 
47.464 41.210 7.88504 0.97748 2 
50.029 41.210 8.18433 0.97350 2 
52.595 41.210 8.14694 0.75688 2 
55.160 41.210 8.12024 0.76447 2 
57.726 41.210 8.37737 0.76999 2 
60.292 41.210 8.15405 0.94289 2 
62.857 41.210 8.25088 0.55458 2 
65.423 41.210 8.48658 0.84996 2 
67.988 41.210 8.36871 0.65842 2 
70.554 41.210 8.60163 0.56713 2 
73.120 41.210 8.47432 0.68027 2 
75.685 41.210 8.58469 0.54529 2 
78.251 41.210 8.62596 0.47644 2 
80.816 41.210 0.00000 0.00000 0 
83.382 41.210 8.61323 0.44097 2 
85.948 41.210 8.67620 0.44324 2 
88.513 41.210 8.75759 0.13281 2 
91.079 41.210 8.74149 0.13393 2 
93.644 41.210 8.69538 0.00856 2 
96.210 41.210 8.79452 0.22100 2 
98.776 41.210 8.79909 -0.04472 2 
101.341 41.210 8.62352 0.16560 2 
103.907 41.210 8.84161 -0.28429 2 
106.472 41.210 8.63690 -0.08723 2 
109.038 41.210 8.59988 -0.39676 2 
111.603 41.210 8.55391 -0.56810 2 
114.169 41.210 8.51149 -0.40016 2 
116.735 41.210 8.77912 -0.28935 2 
119.300 41.210 0.00000 -0.00000 0 
-8.980 38.644 7.11248 0.19035 2 
-6.414 38.644 7.17515 0.36707 2 
-3.848 38.644 7.27774 0.35935 2 
-1.283 38.644 7.04560 0.53546 2 
1.283 38.644 7.65500 0.52874 2 
3.848 38.644 0.00000 -0.00000 0 
6.414 38.644 0.00000 -0.00000 0 
8.980 38.644 0.00000 -0.00000 0 
11.545 38.644 0.00000 -0.00000 0 
14.111 38.644 0.00000 -0.00000 0 
16.676 38.644 0.00000 -0.00000 0 
19.242 38.644 3.87764 0.37401 2 
21.808 38.644 7.75529 0.74803 2 
24.373 38.644 7.26935 0.77723 2 
26.939 38.644 7.45545 0.75731 2 
29.504 38.644 7.51934 0.79070 2 
32.070 38.644 7.55513 0.86570 2 
34.636 38.644 7.57525 0.99569 2 
37.201 38.644 7.83774 0.95652 2 
39.767 38.644 7.61331 0.96304 2 
42.332 38.644 7.78266 0.93807 2 
44.898 38.644 7.70367 0.96559 2 
47.464 38.644 7.70552 0.97993 2 
50.029 38.644 7.97028 0.97504 2 
52.595 38.644 7.96076 0.91914 2 
55.160 38.644 8.23802 0.70652 2 
57.726 38.644 8.29858 0.87611 2 
60.292 38.644 8.04658 0.81176 2 
62.857 38.644 8.19433 0.72567 2 
65.423 38.644 8.38800 0.64341 2 
67.988 38.644 8.44305 0.82487 2 
70.554 38.644 8.53588 0.80381 2 
73.120 38.644 8.52288 0.57803 2 
75.685 38.644 8.75724 0.69095 2 
78.251 38.644 8.66315 0.69382 2 
80.816 38.644 0.00000 0.00000 0 
83.382 38.644 8.62563 0.36694 2 
85.948 38.644 8.79644 0.50043 2 
88.513 38.644 8.76973 0.14475 2 
91.079 38.644 8.69187 0.23025 2 
93.644 38.644 8.89623 0.17323 2 
96.210 38.644 8.77023 -0.05742 2 
98.776 38.644 8.82596 0.02694 2 
101.341 38.644 8.78509 -0.19612 2 
103.907 38.644 8.61315 -0.28901 2 
106.472 38.644 8.81308 -0.40295 2 
109.038 38.644 8.70299 -0.51678 2 
111.603 38.644 8.79961 -0.42183 2 
114.169 38.644 8.56778 -0.54094 2 
116.735 38.644 8.82933 -0.78385 2 
119.300 38.644 0.00000 -0.00000 0 
-8.980 36.079 7.20773 0.31313 2 
-6.414 36.079 7.40229 0.32103 2 
-3.848 36.079 7.16416 0.40082 2 
-1.283 36.079 7.20986 0.24611 2 
1.283 36.079 7.49925 0.61818 2 
3.848 36.079 0.00000 -0.00000 0 
6.414 36.079 0.00000 -0.00000 0 
8.980 36.079 0.00000 -0.00000 0 
11.545 36.079 0.00000 -0.00000 0 
14.111 36.079 0.00000 -0.00000 0 
16.676 36.079 0.00000 -0.00000 0 
19.242 36.079 3.88819 0.39171 2 
21.808 36.079 7.78371 0.74669 2 
24.373 36.079 7.28806 0.93056 2 
26.939 36.079 7.45134 0.77774 2 
29.504 36.079 7.48991 0.99238 2 
32.070 36.079 7.38786 0.79263 2 
34.636 36.079 7.47164 0.89849 2 
37.201 36.079 7.64487 0.85640 2 
39.767 36.079 8.05517 0.89908 2 
42.332 36.079 7.77429 1.01344 2 
44.898 36.079 7.81539 1.02109 2 
47.464 36.079 8.17393 0.87149 2 
50.029 36.079 8.08965 0.92578 2 
52.595 36.079 8.07948 0.92659 2 
55.160 36.079 8.20398 1.01609 2 
57.726 36.079 8.07507 0.78726 2 
60.292 36.079 8.59106 0.99440 2 
62.857 36.079 8.46895 0.99738 2 
65.423 36.079 8.32598 0.97233 2 
67.988 36.079 8.49160 0.90718 2 
70.554 36.079 8.39651 0.86523 2 
73.120 36.079 8.62783 0.69161 2 
75.685 36.079 8.67735 0.50281 2 
78.251 36.079 8.68018 0.70045 2 
80.816 36.079 0.00000 0.00000 0 
83.382 36.079 8.65397 0.52732 2 
85.948 36.079 8.76829 0.49678 2 
88.513 36.079 8.76140 0.37251 2 
91.079 36.079 8.95417 0.35788 2 
93.644 36.079 8.81540 0.19955 2 
96.210 36.079 8.95007 0.04095 2 
98.776 36.079 8.91969 0.09192 2 
101.341 36.079 8.87584 -0.25716 2 
103.907 36.079 8.89491 -0.34662 2 
106.472 36.079 8.91328 -0.31570 2 
109.038 36.079 8.64341 -0.45345 2 
111.603 36.079 8.54379 -0.68086 2 
114.169 36.079 8.81758 -0.73776 2 
116.735 36.079 8.90608 -0.46692 2 
119.300 36.079 0.00000 -0.00000 0 
-8.980 33.513 7.13200 0.43829 2 
-6.414 33.513 7.11012 0.33004 2 
-3.848 33.513 7.10822 0.36804 2 
-1.283 33.513 7.04893 0.47481 2 
1.283 33.513 7.45380 0.59207 2 
3.848 33.513 0.00000 -0.00000 0 
6.414 33.513 0.00000 -0.00000 0 
8.980 33.513 0.00000 -0.00000 0 
11.545 33.513 0.00000 -0.00000 0 
14.111 33.513 0.00000 -0.00000 0 
16.676 33.513 0.00000 -0.00000 0 
19.242 33.513 3.89873 0.40940 2 
21.808 33.513 7.79747 0.81879 2 
24.373 33.513 7.28407 0.83516 2 
26.939 33.513 7.36534 0.83987 2 
29.504 33.513 7.48115 0.76745 2 
32.070 33.513 7.46642 1.02282 2 
34.636 33.513 7.49993 1.20972 2 
37.201 33.513 7.66236 0.96481 2 
39.767 33.513 7.61964 1.01202 2 
42.332 33.513 7.70419 0.86687 2 
44.898 33.513 7.90270 0.95660 2 
47.464 33.513 7.92460 0.90508 2 
50.029 33.513 8.04798 0.86700 2 
52.595 33.513 7.93705 0.95145 2 
55.160 33.513 8.39185 0.90192 2 
57.726 33.513 8.14081 0.91221 2 
60.292 33.513 8.41910 0.93156 2 
62.857 33.513 8.22952 0.72815 2 
65.423 33.513 8.66936 0.89741 2 
67.988 33.513 8.58841 0.93705 2 
70.554 33.513 8.74407 0.66580 2 
73.120 33.513 8.59399 0.95763 2 
75.685 33.513 8.60459 0.79223 2 
78.251 33.513 8.74373 0.65870 2 
80.816 33.513 0.00000 0.00000 0 
83.382 33.513 8.73365 0.52030 2 
85.948 33.513 8.68083 0.45008 2 
88.513 33.513 9.04739 0.33327 2 
91.079 33.513 8.83386 0.15351 2 
93.644 33.513 8.88664 0.09989 2 
96.210 33.513 8.89438 0.16254 2 
98.776 33.513 8.99838 -0.37599 2 
101.341 33.513 8.84597 0.01265 2 
103.907 33.513 8.80353 -0.40351 2 
106.472 33.513 9.03006 -0.48725 2 
109.038 33.513 8.80534 -0.71225 2 
111.603 33.513 8.91061 -0.57611 2 
114.169 33.513 8.60459 -0.78548 2 
116.735 33.513 8.85483 -0.90127 2 
119.300 33.513 0.00000 -0.00000 0 
-8.980 30.948 6.97190 0.14347 2 
-6.414 30.948 7.30155 0.21380 2 
-3.848 30.948 7.13541 0.45223 2 
-1.283 30.948 6.91891 0.46438 2 
1.283 30.948 7.40836 0.56595 2 
3.848 30.948 0.00000 -0.00000 0 
6.414 30.948 0.00000 -0.00000 0 
8.980 30.948 0.00000 -0.00000 0 
11.545 30.948 0.00000 -0.00000 0 
14.111 30.948 0.00000 -0.00000 0 
16.676 30.948 0.00000 -0.00000 0 
19.242 30.948 3.78668 0.51036 2 
21.808 30.948 7.57337 1.02072 2 
24.373 30.948 7.18237 0.82328 2 
26.939 30.948 7.37495 0.99900 2 
29.504 30.948 7.44830 1.05753 2 
32.070 30.948 7.66090 0.75417 2 
34.636 30.948 7.57719 1.01680 2 
37.201 30.948 7.56133 1.09607 2 
39.767 30.948 7.89896 0.96314 2 
42.332 30.948 7.55954 1.17557 2 
44.898 30.948 8.01278 1.08121 2 
47.464 30.948 7.91321 1.20612 2 
50.029 30.948 7.91249 1.14474 2 
52.595 30.948 8.19580 1.11919 2 
55.160 30.948 7.96988 1.08958 2 
57.726 30.948 8.21358 1.03893 2 
60.292 30.948 8.31800 1.21302 2 
62.857 30.948 8.33481 0.89652 2 
65.423 30.948 8.48440 0.97356 2 
67.988 30.948 8.76674 0.84870 2 
70.554 30.948 8.40967 0.79511 2 
73.120 30.948 8.97062 0.82540 2 
75.685 30.948 8.55760 0.85216 2 
78.251 30.948 8.78098 0.64545 2 
80.816 30.948 0.00000 0.00000 0 
83.382 30.948 8.87422 0.53216 2 
85.948 30.948 8.97736 0.46036 2 
88.513 30.948 8.74419 0.44526 2 
91.079 30.948 8.90944 0.25731 2 
93.644 30.948 9.26843 0.33892 2 
96.210 30.948 9.12009 0.09200 2 
98.776 30.948 9.18327 -0.15006 2 
101.341 30.948 8.97074 -0.40333 2 
103.907 30.948 9.11972 -0.40052 2 
106.472 30.948 8.84257 -0.27747 2 
109.038 30.948 8.90700 -0.54362 2 
111.603 30.948 9.01592 -0.90351 2 
114.169 30.948 8.76274 -0.60908 2 
116.735 30.948 8.95543 -0.79850 2 
119.300 30.948 0.00000 -0.00000 0 
-8.980 28.382 7.25409 0.29968 2 
-6.414 28.382 6.99346 0.31180 2 
-3.848 28.382 7.18129 0.35702 2 
-1.283 28.382 7.09630 0.32381 2 
1.283 28.382 7.34033 0.53493 2 
3.848 28.382 7.08632 0.51370 2 
6.414 28.382 0.00000 -0.00000 0 
8.980 28.382 0.00000 -0.00000 0 
11.545 28.382 0.00000 -0.00000 0 
14.111 28.382 0.00000 -0.00000 0 
16.676 28.382 3.82382 0.60061 2 
19.242 28.382 7.64764 1.20123 2 
21.808 28.382 7.20978 1.09712 2 
24.373 28.382 7.20182 0.99641 2 
26.939 28.382 7.32706 0.80315 2 
29.504 28.382 7.45591 1.11164 2 
32.070 28.382 7.19768 1.15761 2 
34.636 28.382 7.59769 1.04792 2 
37.201 28.382 7.61071 0.90239 2 
39.767 28.382 7.70541 1.23231 2 
42.332 28.382 7.89148 0.91296 2 
44.898 28.382 7.67926 1.04671 2 
47.464 28.382 7.96584 1.05730 2 
50.029 28.382 8.07596 1.00862 2 
52.595 28.382 8.16764 1.15487 2 
55.160 28.382 7.99025 1.16617 2 
57.726 28.382 8.23542 0.86987 2 
60.292 28.382 8.44925 1.08291 2 
62.857 28.382 8.57822 1.01915 2 
65.423 28.382 8.60874 1.05159 2 
67.988 28.382 8.43271 0.94555 2 
70.554 28.382 8.55706 1.02181 2 
73.120 28.382 8.82322 0.84910 2 
75.685 28.382 8.81417 0.95888 2 
78.251 28.382 8.72826 0.56004 2 
80.816 28.382 9.06350 0.86576 2 
83.382 28.382 9.12838 0.61067 2 
85.948 28.382 9.19327 0.35558 2 
88.513 28.382 9.10575 0.46030 2 
91.079 28.382 9.26387 0.24020 2 
93.644 28.382 9.14622 0.28494 2 
96.210 28.382 9.08181 0.09490 2 
98.776 28.382 9.15135 -0.21834 2 
101.341 28.382 9.19575 -0.20750 2 
103.907 28.382 9.19460 -0.41770 2 
106.472 28.382 9.32599 -0.65746 2 
109.038 28.382 8.91931 -0.70085 2 
111.603 28.382 9.01640 -0.86031 2 
114.169 28.382 8.85045 -0.86118 2 
116.735 28.382 8.90444 -1.25018 2 
119.300 28.382 0.00000 -0.00000 0 
-8.980 25.816 6.96896 0.11381 2 
-6.414 25.816 7.18038 0.27085 2 
-3.848 25.816 6.92540 0.37895 2 
-1.283 25.816 7.11595 0.34359 2 
1.283 25.816 7.00364 0.53891 2 
3.848 25.816 7.27815 0.56552 2 
6.414 25.816 0.00000 -0.00000 0 
8.980 25.816 0.00000 -0.00000 0 
11.545 25.816 0.00000 -0.00000 0 
14.111 25.816 0.00000 -0.00000 0 
16.676 25.816 4.15909 0.51039 2 
19.242 25.816 8.31818 1.02078 2 
21.808 25.816 7.26186 0.91372 2 
24.373 25.816 7.27633 1.02631 2 
26.939 25.816 7.24432 1.06403 2 
29.504 25.816 7.45785 0.99570 2 
32.070 25.816 7.48579 1.16536 2 
34.636 25.816 7.45077 1.16729 2 
37.201 25.816 7.56617 1.19478 2 
39.767 25.816 7.58610 1.18760 2 
42.332 25.816 7.86708 1.22715 2 
44.898 25.816 7.80170 1.20584 2 
47.464 25.816 7.95054 1.27731 2 
50.029 25.816 7.95189 1.42520 2 
52.595 25.816 8.23565 1.05548 2 
55.160 25.816 8.30149 1.13908 2 
57.726 25.816 8.33955 1.37372 2 
60.292 25.816 8.34992 0.92005 2 
62.857 25.816 8.42559 1.02416 2 
65.423 25.816 8.33367 1.08213 2 
67.988 25.816 8.64104 0.80771 2 
70.554 25.816 8.70102 1.05768 2 
73.120 25.816 8.84320 0.87375 2 
75.685 25.816 9.02695 0.83294 2 
78.251 25.816 8.65958 0.78976 2 
80.816 25.816 9.01518 0.68567 2 
83.382 25.816 0.00000 0.00000 0 
85.948 25.816 8.96153 0.69507 2 
88.513 25.816 9.42353 0.56580 2 
91.079 25.816 9.19338 0.16498 2 
93.644 25.816 9.22103 0.19440 2 
96.210 25.816 9.23219 -0.02216 2 
98.776 25.816 9.29608 -0.05079 2 
101.341 25.816 9.30055 -0.29723 2 
103.907 25.816 9.39379 -0.39190 2 
106.472 25.816 9.08185 -0.40584 2 
109.038 25.816 9.39673 -0.67704 2 
111.603 25.816 9.32314 -0.95404 2 
114.169 25.816 8.99377 -1.14571 2 
116.735 25.816 9.16462 -1.34006 2 
119.300 25.816 0.00000 -0.00000 0 
-8.980 23.251 7.05614 0.17492 2 
-6.414 23.251 7.08232 0.32779 2 
-3.848 23.251 6.96114 0.38127 2 
-1.283 23.251 6.86252 0.33299 2 
1.283 23.251 7.02339 0.48516 2 
3.848 23.251 7.57472 0.43223 2 
6.414 23.251 0.00000 -0.00000 0 
8.980 23.251 0.00000 -0.00000 0 
11.545 23.251 0.00000 -0.00000 0 
14.111 23.251 0.00000 -0.00000 0 
16.676 23.251 3.92322 0.51608 2 
19.242 23.251 7.84644 1.03216 2 
21.808 23.251 7.01220 1.04621 2 
24.373 23.251 7.36172 1.16923 2 
26.939 23.251 7.12968 1.19297 2 
29.504 23.251 7.30786 1.26697 2 
32.070 23.251 7.53424 1.25585 2 
34.636 23.251 7.32881 1.12348 2 
37.201 23.251 7.68633 1.21424 2 
39.767 23.251 7.67820 1.34736 2 
42.332 23.251 7.53326 1.31031 2 
44.898 23.251 7.81392 1.20658 2 
47.464 23.251 8.04734 1.35305 2 
50.029 23.251 7.97584 1.14811 2 
52.595 23.251 8.15221 1.24168 2 
55.160 23.251 8.15013 1.29249 2 
57.726 23.251 8.28892 1.22305 2 
60.292 23.251 8.39271 1.16307 2 
62.857 23.251 8.61579 1.44156 2 
65.423 23.251 8.64007 1.33645 2 
67.988 23.251 8.73035 1.04818 2 
70.554 23.251 8.66042 1.21956 2 
73.120 23.251 8.72836 1.05675 2 
75.685 23.251 8.65457 0.91786 2 
78.251 23.251 9.26066 0.72727 2 
80.816 23.251 9.31365 0.78540 2 
83.382 23.251 0.00000 0.00000 0 
85.948 23.251 9.57228 0.64502 2 
88.513 23.251 9.75621 0.43889 2 
91.079 23.251 9.41612 0.35977 2 
93.644 23.251 9.55771 0.22522 2 
96.210 23.251 9.20187 -0.00977 2 
98.776 23.251 9.25342 -0.06239 2 
101.341 23.251 9.44580 -0.20695 2 
103.907 23.251 9.65984 -0.33445 2 
106.472 23.251 9.55500 -0.66214 2 
109.038 23.251 9.63842 -0.88489 2 
111.603 23.251 9.29213 -1.03169 2 
114.169 23.251 9.22327 -1.28860 2 
116.735 23.251 9.58114 -1.46961 2 
119.300 23.251 0.00000 -0.00000 0 
-8.980 20.685 6.97169 0.15904 2 
-6.414 20.685 6.99312 0.36033 2 
-3.848 20.685 7.03398 0.22239 2 
-1.283 20.685 6.94917 0.32095 2 
1.283 20.685 6.69939 0.38977 2 
3.848 20.685 7.08615 0.68872 2 
6.414 20.685 0.00000 -0.00000 0 
8.980 20.685 0.00000 -0.00000 0 
11.545 20.685 0.00000 -0.00000 0 
14.111 20.685 0.00000 -0.00000 0 
16.676 20.685 3.96453 0.50537 2 
19.242 20.685 7.92906 1.01074 2 
21.808 20.685 7.06418 0.96930 2 
24.373 20.685 7.17273 1.26751 2 
26.939 20.685 7.33572 1.20718 2 
29.504 20.685 7.32580 1.15686 2 
32.070 20.685 7.35324 1.30414 2 
34.636 20.685 7.64440 1.41096 2 
37.201 20.685 7.59092 1.25304 2 
39.767 20.685 7.73477 1.26335 2 
42.332 20.685 7.86362 1.35467 2 
44.898 20.685 7.97672 1.36800 2 
47.464 20.685 7.89416 1.27913 2 
50.029 20.685 8.22416 1.34727 2 
52.595 20.685 8.11950 1.34436 2 
55.160 20.685 8.12696 1.25452 2 
57.726 20.685 8.38301 1.39472 2 
60.292 20.685 8.41840 1.22347 2 
62.857 20.685 8.42430 1.29115 2 
65.423 20.685 8.88840 1.09816 2 
67.988 20.685 8.72054 1.42996 2 
70.554 20.685 8.93873 0.95833 2 
73.120 20.685 9.31648 1.38108 2 
75.685 20.685 9.63118 0.85318 2 
78.251 20.685 4.63033 0.36363 2 
80.816 20.685 4.65682 0.39270 2 
83.382 20.685 0.00000 0.00000 0 
85.948 20.685 0.00000 0.00000 0 
88.513 20.685 0.00000 0.00000 0 
91.079 20.685 9.72060 0.05181 2 
93.644 20.685 9.53554 -0.44016 2 
96.210 20.685 9.68549 -0.37332 2 
98.776 20.685 9.00737 -0.15537 2 
101.341 20.685 9.79977 -0.11775 2 
103.907 20.685 9.80108 -0.25865 2 
106.472 20.685 10.14955 -0.51543 2 
109.038 20.685 9.42339 -1.09970 2 
111.603 20.685 9.58477 -1.18823 2 
114.169 20.685 9.33491 -1.47832 2 
116.735 20.685 9.65531 -1.37401 2 
119.300 20.685 0.00000 -0.00000 0 
-8.980 18.120 6.93744 0.18017 2 
-6.414 18.120 6.87408 0.17130 2 
-3.848 18.120 6.80258 0.20279 2 
-1.283 18.120 6.72104 0.28992 2 
1.283 18.120 6.78437 0.52692 2 
3.848 18.120 6.77151 0.43536 2 
6.414 18.120 0.00000 -0.00000 0 
8.980 18.120 0.00000 -0.00000 0 
11.545 18.120 0.00000 -0.00000 0 
14.111 18.120 0.00000 -0.00000 0 
16.676 18.120 0.04422 -0.29671 2 
19.242 18.120 7.24145 1.10397 2 
21.808 18.120 6.77358 1.39452 2 
24.373 18.120 6.95053 1.28288 2 
26.939 18.120 7.24959 1.30878 2 
29.504 18.120 7.37181 1.47988 2 
32.070 18.120 7.45159 1.54825 2 
34.636 18.120 7.43713 1.35088 2 
37.201 18.120 7.58388 1.50859 2 
39.767 18.120 7.45906 1.41325 2 
42.332 18.120 7.68766 1.41360 2 
44.898 18.120 7.97274 1.40571 2 
47.464 18.120 7.79227 1.49681 2 
50.029 18.120 7.97435 1.37992 2 
52.595 18.120 8.29485 1.31092 2 
55.160 18.120 8.66441 1.48697 2 
57.726 18.120 8.62584 1.71439 2 
60.292 18.120 8.86622 1.44426 2 
62.857 18.120 8.62558 1.46018 2 
65.423 18.120 9.38539 1.27712 2 
67.988 18.120 0.00000 -0.00000 0 
70.554 18.120 0.00000 -0.00000 0 
73.120 18.120 0.00000 -0.00000 0 
75.685 18.120 0.00000 -0.00000 0 
78.251 18.120 0.00000 -0.00000 0 
80.816 18.120 0.00000 -0.00000 0 
83.382 18.120 0.00000 -0.00000 0 
85.948 18.120 -0.32988 -0.19769 2 
88.513 18.120 -0.65977 -0.39539 2 
91.079 18.120 4.60038 -0.14482 2 
93.644 18.120 11.44634 -0.48401 2 
96.210 18.120 6.75820 -0.31579 2 
98.776 18.120 9.03701 -0.22253 2 
101.341 18.120 9.87071 -0.54244 2 
103.907 18.120 10.15132 -0.14665 2 
106.472 18.120 7.26225 -0.08610 2 
109.038 18.120 9.20835 -1.31451 2 
111.603 18.120 9.99517 -1.66180 2 
114.169 18.120 9.76613 -1.25207 2 
116.735 18.120 9.72948 -1.27842 2 
119.300 18.120 0.00000 -0.00000 0 
-8.980 15.554 6.83962 0.03583 2 
-6.414 15.554 6.85052 0.11145 2 
-3.848 15.554 6.82579 0.17853 2 
-1.283 15.554 6.74561 0.11089 2 
1.283 15.554 6.54901 0.50856 2 
3.848 15.554 3.27450 0.25428 2 
6.414 15.554 0.00000 -0.00000 0 
8.980 15.554 0.00000 -0.00000 0 
11.545 15.554 0.00000 -0.00000 0 
14.111 15.554 0.00000 -0.00000 0 
16.676 15.554 0.03724 0.15503 2 
19.242 15.554 7.63952 1.22602 2 
21.808 15.554 6.61831 1.37997 2 
24.373 15.554 7.18145 1.43326 2 
26.939 15.554 7.18843 1.48448 2 
29.504 15.554 7.16579 1.67964 2 
32.070 15.554 7.38453 1.42177 2 
34.636 15.554 7.27605 1.52537 2 
37.201 15.554 7.82781 1.64263 2 
39.767 15.554 7.89907 1.61484 2 
42.332 15.554 7.88486 1.45298 2 
44.898 15.554 8.07895 1.71101 2 
47.464 15.554 8.07888 1.74010 2 
50.029 15.554 8.84647 1.73208 2 
52.595 15.554 8.78755 1.38670 2 
55.160 15.554 0.00000 -0.00000 0 
57.726 15.554 0.00000 -0.00000 0 
60.292 15.554 0.00000 -0.00000 0 
62.857 15.554 0.00000 -0.00000 0 
65.423 15.554 0.00000 -0.00000 0 
67.988 15.554 0.00000 -0.00000 0 
70.554 15.554 0.00000 -0.00000 0 
73.120 15.554 0.00000 -0.00000 0 
75.685 15.554 0.00000 -0.00000 0 
78.251 15.554 0.00000 -0.00000 0 
80.816 15.554 -0.77501 -0.48562 2 
83.382 15.554 -0.34280 -0.16947 2 
85.948 15.554 -0.60762 -0.09204 2 
88.513 15.554 -0.81016 0.44450 2 
91.079 15.554 -0.51984 -0.34145 2 
93.644 15.554 1.65553 -0.29986 2 
96.210 15.554 3.83090 -0.25827 2 
98.776 15.554 4.66053 -0.22465 2 
101.341 15.554 5.65633 -0.29483 2 
103.907 15.554 5.17463 -0.22282 2 
106.472 15.554 4.37496 0.34322 2 
109.038 15.554 4.09047 -0.15772 2 
111.603 15.554 5.68470 -0.33204 2 
114.169 15.554 7.94184 -0.31171 2 
116.735 15.554 4.03936 -0.56853 2 
119.300 15.554 0.13688 -0.82535 2 
-8.980 12.988 6.96679 -0.02036 2 
-6.414 12.988 6.59093 -0.02539 2 
-3.848 12.988 6.76813 0.07152 2 
-1.283 12.988 6.64426 0.23621 2 
1.283 12.988 6.43605 0.24988 2 
3.848 12.988 3.21802 0.12494 2 
6.414 12.988 0.00000 -0.00000 0 
8.980 12.988 0.00000 -0.00000 0 
11.545 12.988 0.00000 -0.00000 0 
14.111 12.988 0.00000 -0.00000 0 
16.676 12.988 -0.01500 0.00638 2 
19.242 12.988 5.03291 0.91234 2 
21.808 12.988 7.52645 1.65327 2 
24.373 12.988 6.86820 1.61371 2 
26.939 12.988 7.11399 1.50907 2 
29.504 12.988 7.61757 1.73982 2 
32.070 12.988 7.63479 1.80233 2 
34.636 12.988 7.55641 1.70329 2 
37.201 12.988 7.97932 1.59152 2 
39.767 12.988 3.94953 0.80742 2 
42.332 12.988 0.00000 -0.00000 0 
44.898 12.988 0.00000 -0.00000 0 
47.464 12.988 0.00000 -0.00000 0 
50.029 12.988 0.00000 -0.00000 0 
52.595 12.988 0.00000 -0.00000 0 
55.160 12.988 0.00000 -0.00000 0 
57.726 12.988 0.00000 -0.00000 0 
60.292 12.988 0.00000 -0.00000 0 
62.857 12.988 0.00000 -0.00000 0 
65.423 12.988 0.00000 -0.00000 0 
67.988 12.988 0.00000 -0.00000 0 
70.554 12.988 0.00000 -0.00000 0 
73.120 12.988 0.00000 -0.00000 0 
75.685 12.988 -0.17703 -0.08927 2 
78.251 12.988 -0.99744 -0.22791 2 
80.816 12.988 -0.77744 -0.58302 2 
83.382 12.988 -0.68559 -0.33894 2 
85.948 12.988 -0.57986 -0.03150 2 
88.513 12.988 -0.58649 0.25362 2 
91.079 12.988 -0.50580 -0.11370 2 
93.644 12.988 -0.69622 0.10258 2 
96.210 12.988 -0.88665 0.31886 2 
98.776 12.988 0.28404 -0.22678 2 
101.341 12.988 1.44196 -0.04721 2 
103.907 12.988 0.19793 -0.29899 2 
106.472 12.988 -1.22198 0.06124 2 
109.038 12.988 0.39893 0.93288 2 
111.603 12.988 1.48263 1.51429 2 
114.169 12.988 4.64088 1.05530 2 
116.735 12.988 2.76157 -0.29964 2 
119.300 12.988 -0.18608 0.04513 2 
-8.980 10.423 6.75874 -0.12043 2 
-6.414 10.423 6.63562 -0.11610 2 
-3.848 10.423 6.48950 -0.07917 2 
-1.283 10.423 6.52723 0.04275 2 
1.283 10.423 6.42036 0.03937 2 
3.848 10.423 6.39023 0.22490 2 
6.414 10.423 2.07196 0.04391 2 
8.980 10.423 0.00000 -0.00000 0 
11.545 10.423 0.00000 -0.00000 0 
14.111 10.423 0.00000 -0.00000 0 
16.676 10.423 -0.06723 -0.14226 2 
19.242 10.423 2.47894 0.48786 2 
21.808 10.423 3.76323 0.82664 2 
24.373 10.423 7.19206 2.03449 2 
26.939 10.423 8.16761 2.22280 2 
29.504 10.423 7.31045 1.82486 2 
32.070 10.423 0.00000 -0.00000 0 
34.636 10.423 0.00000 -0.00000 0 
37.201 10.423 0.00000 -0.00000 0 
39.767 10.423 0.00000 -0.00000 0 
42.332 10.423 0.00000 -0.00000 0 
44.898 10.423 0.00000 -0.00000 0 
47.464 10.423 0.00000 -0.00000 0 
50.029 10.423 0.00000 -0.00000 0 
52.595 10.423 0.00000 -0.00000 0 
55.160 10.423 0.00000 -0.00000 0 
57.726 10.423 0.00000 -0.00000 0 
60.292 10.423 0.00000 -0.00000 0 
62.857 10.423 0.00000 -0.00000 0 
65.423 10.423 0.00000 -0.00000 0 
67.988 10.423 -0.92828 -0.32008 2 
70.554 10.423 -0.78558 -0.15481 2 
73.120 10.423 -0.73325 -0.52918 2 
75.685 10.423 -0.94157 -0.31654 2 
78.251 10.423 -1.07372 -0.71567 2 
80.816 10.423 -0.77987 -0.68042 2 
83.382 10.423 -0.92425 -0.35043 2 
85.948 10.423 -0.79864 -0.36929 2 
88.513 10.423 -0.36281 0.06275 2 
91.079 10.423 -0.49175 0.11406 2 
93.644 10.423 -0.27887 -0.14866 2 
96.210 10.423 -0.06598 -0.41139 2 
98.776 10.423 -0.71967 -0.65213 2 
101.341 10.423 -0.33823 -0.60345 2 
103.907 10.423 -0.70512 0.28435 2 
106.472 10.423 -1.57111 1.01190 2 
109.038 10.423 -0.79607 0.54013 2 
111.603 10.423 0.27193 1.48122 2 
114.169 10.423 2.20288 1.40532 2 
116.735 10.423 0.90245 1.29369 2 
119.300 10.423 0.18090 2.42537 2 
-8.980 7.857 6.76300 -0.37644 2 
-6.414 7.857 6.71154 -0.26100 2 
-3.848 7.857 6.45700 -0.18350 2 
-1.283 7.857 6.39432 -0.18771 2 
1.283 7.857 6.17476 0.24507 2 
3.848 7.857 6.21587 0.13173 2 
6.414 7.857 3.10794 0.06587 2 
8.980 7.857 0.00000 -0.00000 0 
11.545 7.857 0.00000 -0.00000 0 
14.111 7.857 0.00000 -0.00000 2 
16.676 7.857 -0.03362 -0.07113 2 
19.242 7.857 -0.02241 -0.04742 2 
21.808 7.857 0.00000 -0.00000 0 
24.373 7.857 0.00000 -0.00000 0 
26.939 7.857 0.00000 -0.00000 0 
29.504 7.857 0.00000 -0.00000 0 
32.070 7.857 0.00000 -0.00000 0 
34.636 7.857 0.00000 -0.00000 0 
37.201 7.857 0.00000 -0.00000 0 
39.767 7.857 0.00000 -0.00000 0 
42.332 7.857 0.00000 -0.00000 0 
44.898 7.857 0.00000 -0.00000 0 
47.464 7.857 0.00000 -0.00000 0 
50.029 7.857 0.00000 -0.00000 0 
52.595 7.857 0.00000 -0.00000 0 
55.160 7.857 0.00000 -0.00000 0 
57.726 7.857 0.00000 -0.00000 0 
60.292 7.857 -0.25118 -0.11484 2 
62.857 7.857 0.09522 -0.29592 2 
65.423 7.857 -1.13719 -0.47776 2 
67.988 7.857 -1.85657 -0.64015 2 
70.554 7.857 -1.44544 -0.70668 2 
73.120 7.857 -1.09256 -0.86762 2 
75.685 7.857 -0.94294 -1.28063 2 
78.251 7.857 -0.70249 -1.02468 2 
80.816 7.857 -0.87287 -0.20124 2 
83.382 7.857 -0.83465 -0.30871 2 
85.948 7.857 -0.56606 -0.36240 2 
88.513 7.857 -0.84307 0.35713 2 
91.079 7.857 -0.72022 0.49616 2 
93.644 7.857 -0.16973 0.64657 2 
96.210 7.857 -0.38560 -0.33872 2 
98.776 7.857 -0.60687 -0.75856 2 
101.341 7.857 -1.00152 -0.56898 2 
103.907 7.857 -1.60818 0.86768 2 
106.472 7.857 -1.89250 0.57111 2 
109.038 7.857 -2.91134 0.44918 2 
111.603 7.857 -0.93577 1.34352 2 
114.169 7.857 -0.23512 1.75534 2 
116.735 7.857 -0.09774 1.74881 2 
119.300 7.857 0.03964 1.74227 2 
-8.980 5.292 6.83193 -0.31882 2 
-6.414 5.292 6.56770 -0.34890 2 
-3.848 5.292 6.41675 -0.17772 2 
-1.283 5.292 6.20768 -0.42285 2 
1.283 5.292 5.85396 -0.05031 2 
3.848 5.292 6.56909 -0.04023 2 
6.414 5.292 1.55397 0.03293 2 
8.980 5.292 0.00000 -0.00000 0 
11.545 5.292 0.00000 -0.00000 0 
14.111 5.292 0.00000 -0.00000 0 
16.676 5.292 0.00000 -0.00000 0 
19.242 5.292 0.00000 -0.00000 0 
21.808 5.292 0.00000 -0.00000 0 
24.373 5.292 0.00000 -0.00000 0 
26.939 5.292 0.00000 -0.00000 0 
29.504 5.292 0.00000 -0.00000 0 
32.070 5.292 0.00000 -0.00000 0 
34.636 5.292 0.00000 -0.00000 0 
37.201 5.292 0.00000 -0.00000 0 
39.767 5.292 0.00000 -0.00000 0 
42.332 5.292 0.00000 -0.00000 0 
44.898 5.292 0.00000 -0.00000 0 
47.464 5.292 0.00000 -0.00000 0 
50.029 5.292 0.00000 -0.00000 0 
52.595 5.292 -0.07241 0.00433 2 
55.160 5.292 -0.42040 -0.11841 2 
57.726 5.292 -0.53531 -0.12131 2 
60.292 5.292 -0.50236 -0.22967 2 
62.857 5.292 -2.24303 -0.60750 2 
65.423 5.292 -1.41677 -0.96089 2 
67.988 5.292 -1.54116 -1.30935 2 
70.554 5.292 -1.37178 -1.40996 2 
73.120 5.292 -1.01209 -1.07819 2 
75.685 5.292 -0.92903 -1.28554 2 
78.251 5.292 -0.61103 -0.70812 2 
80.816 5.292 -0.54118 -0.42607 2 
83.382 5.292 -0.74505 -0.26700 2 
85.948 5.292 -1.19535 0.18711 2 
88.513 5.292 -0.70740 0.58803 2 
91.079 5.292 -0.94869 0.87825 2 
93.644 5.292 -1.92864 0.28305 2 
96.210 5.292 -2.90860 -0.31214 2 
98.776 5.292 -0.95017 -0.12965 2 
101.341 5.292 -1.66480 -0.53450 2 
103.907 5.292 -0.90753 0.31389 2 
106.472 5.292 -2.21388 0.13032 2 
109.038 5.292 -2.50962 0.04943 2 
111.603 5.292 -1.23589 1.15906 2 
114.169 5.292 -1.81016 1.08837 2 
116.735 5.292 -2.38442 1.01768 2 
119.300 5.292 -0.10163 1.05917 2 
-8.980 2.726 6.84308 -0.56956 2 
-6.414 2.726 6.55970 -0.65742 2 
-3.848 2.726 6.40101 -0.57838 2 
-1.283 2.726 6.10442 -0.44246 2 
1.283 2.726 6.21615 -0.51127 2 
3.848 2.726 5.80459 -0.30867 2 
6.414 2.726 0.00000 -0.00000 0 
8.980 2.726 0.00000 -0.00000 0 
11.545 2.726 0.00000 -0.00000 0 
14.111 2.726 0.00000 -0.00000 0 
16.676 2.726 0.00000 -0.00000 0 
19.242 2.726 0.00000 -0.00000 0 
21.808 2.726 0.00000 -0.00000 0 
24.373 2.726 0.00000 -0.00000 0 
26.939 2.726 0.00000 -0.00000 0 
29.504 2.726 0.00000 -0.00000 0 
32.070 2.726 0.00000 -0.00000 0 
34.636 2.726 0.00000 -0.00000 0 
37.201 2.726 0.00000 -0.00000 0 
39.767 2.726 0.00000 -0.00000 0 
42.332 2.726 0.00000 -0.00000 0 
44.898 2.726 0.00000 -0.00000 0 
47.464 2.726 -0.18175 -0.11458 2 
50.029 2.726 0.04721 0.03015 2 
52.595 2.726 -0.14482 0.00867 2 
55.160 2.726 -0.64066 -0.57894 2 
57.726 2.726 -1.09085 -0.79436 2 
60.292 2.726 -1.09927 -0.48524 2 
62.857 2.726 -1.05549 -1.15888 2 
65.423 2.726 -1.69634 -1.44402 2 
67.988 2.726 -1.62167 -1.54419 2 
70.554 2.726 -1.44469 -1.24480 2 
73.120 2.726 -1.06245 -1.24544 2 
75.685 2.726 -0.91512 -1.29046 2 
78.251 2.726 -0.53750 -0.74204 2 
80.816 2.726 -0.54415 -0.73304 2 
83.382 2.726 -0.39094 -0.75608 2 
85.948 2.726 -0.93302 0.48600 2 
88.513 2.726 -0.80370 1.02734 2 
91.079 2.726 -1.84717 0.34029 2 
93.644 2.726 -2.39034 0.07500 2 
96.210 2.726 -2.93351 -0.19028 2 
98.776 2.726 -3.06051 0.53521 2 
101.341 2.726 -1.87695 0.03502 2 
103.907 2.726 -2.34240 -0.27493 2 
106.472 2.726 -1.95531 -0.91758 2 
109.038 2.726 -2.10790 -0.35033 2 
111.603 2.726 -2.07187 0.24188 2 
114.169 2.726 -2.54502 1.18478 2 
116.735 2.726 -1.76552 1.35432 2 
119.300 2.726 0.05248 0.87986 2 
-8.980 0.160 6.68092 -0.67627 2 
-6.414 0.160 6.76785 -0.72530 2 
-3.848 0.160 6.44621 -0.60077 2 
-1.283 0.160 6.43805 -0.72944 2 
1.283 0.160 5.93697 -0.74257 2 
3.848 0.160 0.00000 -0.00000 0 
6.414 0.160 0.00000 -0.00000 0 
8.980 0.160 0.00000 -0.00000 0 
11.545 0.160 0.00000 -0.00000 0 
14.111 0.160 0.00000 -0.00000 0 
16.676 0.160 0.00000 -0.00000 0 
19.242 0.160 0.00000 -0.00000 0 
21.808 0.160 0.00000 -0.00000 0 
24.373 0.160 0.00000 -0.00000 0 
26.939 0.160 0.00000 -0.00000 0 
29.504 0.160 0.00000 -0.00000 0 
32.070 0.160 0.00000 -0.00000 0 
34.636 0.160 0.00000 -0.00000 0 
37.201 0.160 0.00000 -0.00000 0 
39.767 0.160 -0.41074 0.09837 2 
42.332 0.160 -0.13886 0.07821 2 
44.898 0.160 -0.21593 -0.20626 2 
47.464 0.160 -0.36351 -0.22916 2 
50.029 0.160 -0.89945 -0.54570 2 
52.595 0.160 -0.97171 -0.55166 2 
55.160 0.160 -0.90029 -1.10033 2 
57.726 0.160 -1.05744 -1.08013 2 
60.292 0.160 -1.18819 -1.05062 2 
62.857 0.160 -1.29931 -1.36517 2 
65.423 0.160 -1.70864 -1.92607 2 
67.988 0.160 -1.25937 -1.93709 2 
70.554 0.160 -1.44520 -1.80225 2 
73.120 0.160 -0.97993 -1.00209 2 
75.685 0.160 -1.02743 -1.21362 2 
78.251 0.160 -0.86099 -0.93160 2 
80.816 0.160 -0.98137 -0.58594 2 
83.382 0.160 -0.79958 -0.58302 2 
85.948 0.160 -0.52153 0.14988 2 
88.513 0.160 -0.74719 0.87727 2 
91.079 0.160 -2.06799 0.41844 2 
93.644 0.160 -1.82226 -0.06847 2 
96.210 0.160 -2.14674 0.42150 2 
98.776 0.160 -2.45740 0.31124 2 
101.341 0.160 -2.08910 0.60453 2 
103.907 0.160 -3.02218 0.16546 2 
106.472 0.160 -2.51747 0.34367 2 
109.038 0.160 -2.84502 0.38153 2 
111.603 0.160 -3.08375 1.53024 2 
114.169 0.160 -2.99078 1.22578 2 
116.735 0.160 -1.72762 1.30152 2 
119.300 0.160 0.20659 0.70055 2 
-8.980 -2.405 6.87236 -0.72106 2 
-6.414 -2.405 6.68296 -0.72156 2 
-3.848 -2.405 6.48883 -0.84925 2 
-1.283 -2.405 6.30342 -0.82759 2 
1.283 -2.405 0.00000 -0.00000 0 
3.848 -2.405 0.00000 -0.00000 0 
6.414 -2.405 0.00000 -0.00000 0 
8.980 -2.405 0.00000 -0.00000 0 
11.545 -2.405 0.00000 -0.00000 0 
14.111 -2.405 0.00000 -0.00000 0 
16.676 -2.405 0.00000 -0.00000 0 
19.242 -2.405 0.00000 -0.00000 0 
21.808 -2.405 0.00000 -0.00000 0 
24.373 -2.405 0.00000 -0.00000 0 
26.939 -2.405 0.00000 -0.00000 0 
29.504 -2.405 0.00000 -0.00000 0 
32.070 -2.405 -0.49407 -0.15562 2 
34.636 -2.405 -0.66368 -0.16304 2 
37.201 -2.405 -1.00289 -0.17788 2 
39.767 -2.405 -0.82148 0.19675 2 
42.332 -2.405 -0.55521 0.11066 2 
44.898 -2.405 -0.54127 -0.32800 2 
47.464 -2.405 -0.57270 -0.66657 2 
50.029 -2.405 -0.58416 -0.72387 2 
52.595 -2.405 -0.85147 -0.68453 2 
55.160 -2.405 -0.84755 -1.04072 2 
57.726 -2.405 -1.04372 -1.31237 2 
60.292 -2.405 -1.00579 -1.28474 2 
62.857 -2.405 -0.99080 -1.72181 2 
65.423 -2.405 -1.62675 -1.75356 2 
67.988 -2.405 -1.39035 -1.88192 2 
70.554 -2.405 -1.03626 -1.40845 2 
73.120 -2.405 -0.59044 -0.57996 2 
75.685 -2.405 -1.41701 -0.56965 2 
78.251 -2.405 -0.90393 -0.79682 2 
80.816 -2.405 -0.71669 -0.03367 2 
83.382 -2.405 -0.75967 -0.67189 2 
85.948 -2.405 -0.11004 -0.18625 2 
88.513 -2.405 -0.17583 0.73261 2 
91.079 -2.405 -0.25905 -0.26565 2 
93.644 -2.405 -1.25418 -0.21194 2 
96.210 -2.405 -0.82830 0.02368 2 
98.776 -2.405 -1.85429 0.08727 2 
101.341 -2.405 -2.44747 -0.92435 2 
103.907 -2.405 -3.70196 0.60586 2 
106.472 -2.405 -3.07963 1.60493 2 
109.038 -2.405 -3.14383 1.96861 2 
111.603 -2.405 -2.98736 1.92968 2 
114.169 -2.405 -3.43654 1.26678 2 
116.735 -2.405 -2.27072 0.85928 2 
119.300 -2.405 0.36071 0.52124 2 
-8.980 -4.971 6.92311 -0.81506 2 
-6.414 -4.971 6.75219 -0.78133 2 
-3.848 -4.971 6.62831 -0.99709 2 
-1.283 -4.971 6.44092 -1.08049 2 
1.283 -4.971 0.00000 -0.00000 0 
3.848 -4.971 0.00000 -0.00000 0 
6.414 -4.971 0.00000 -0.00000 0 
8.980 -4.971 0.00000 -0.00000 0 
11.545 -4.971 0.00000 -0.00000 0 
14.111 -4.971 0.00000 -0.00000 0 
16.676 -4.971 0.00000 -0.00000 0 
19.242 -4.971 0.00000 -0.00000 0 
21.808 -4.971 0.00000 -0.00000 0 
24.373 -4.971 -0.30417 -0.02880 2 
26.939 -4.971 -0.76244 -0.12746 2 
29.504 -4.971 -0.62195 -0.28166 2 
32.070 -4.971 -0.98814 -0.31124 2 
34.636 -4.971 -0.64929 -0.05972 2 
37.201 -4.971 -1.41601 0.05900 2 
39.767 -4.971 -1.05763 0.22501 2 
42.332 -4.971 -0.97155 0.14311 2 
44.898 -4.971 -0.86660 -0.44974 2 
47.464 -4.971 -0.76478 0.01699 2 
50.029 -4.971 -1.09517 -0.65055 2 
52.595 -4.971 -0.48036 -0.95222 2 
55.160 -4.971 -0.79482 -0.98112 2 
57.726 -4.971 -0.82946 -1.52697 2 
60.292 -4.971 -0.82338 -1.51887 2 
62.857 -4.971 -1.18857 -2.18924 2 
65.423 -4.971 -1.12015 -1.98232 2 
67.988 -4.971 -1.13464 -1.26378 2 
70.554 -4.971 -1.62640 -0.88651 2 
73.120 -4.971 -1.09187 0.01228 2 
75.685 -4.971 -1.27409 0.34241 2 
78.251 -4.971 -1.61829 -0.22322 2 
80.816 -4.971 -0.45202 0.51859 2 
83.382 -4.971 0.20284 0.10076 2 
85.948 -4.971 0.20835 0.09769 2 
88.513 -4.971 0.39553 0.58796 2 
91.079 -4.971 0.47414 0.03548 2 
93.644 -4.971 0.36384 -0.13067 2 
96.210 -4.971 0.49014 -0.37414 2 
98.776 -4.971 -0.63608 -1.22190 2 
101.341 -4.971 -0.50396 -0.26690 2 
103.907 -4.971 -1.24380 -1.58326 2 
106.472 -4.971 -3.05465 0.80639 2 
109.038 -4.971 -1.25629 1.80528 2 
111.603 -4.971 -0.82982 1.87843 2 
114.169 -4.971 -1.94393 0.62925 2 
116.735 -4.971 -2.81382 0.41703 2 
119.300 -4.971 0.40775 0.40661 2 
-8.980 -7.536 6.77045 -0.86473 2 
-6.414 -7.536 7.03704 -0.97503 2 
-3.848 -7.536 6.83049 -1.14092 2 
-1.283 -7.536 6.56694 -1.20454 2 
1.283 -7.536 6.34260 -2.01195 2 
3.848 -7.536 0.00000 -0.00000 0 
6.414 -7.536 5.14766 -2.21285 2 
8.980 -7.536 6.65340 -3.98118 2 
11.545 -7.536 7.46119 -3.86120 2 
14.111 -7.536 -1.26691 0.11458 2 
16.676 -7.536 -0.16773 0.11450 2 
19.242 -7.536 -0.58417 0.00994 2 
21.808 -7.536 -1.22659 0.09871 2 
24.373 -7.536 -1.44948 -0.08825 2 
26.939 -7.536 -1.17329 -0.15986 2 
29.504 -7.536 -1.24391 -0.56332 2 
32.070 -7.536 -0.27935 -0.00921 2 
34.636 -7.536 -0.63491 0.04361 2 
37.201 -7.536 0.01070 -0.18938 2 
39.767 -7.536 -0.58898 0.04431 2 
42.332 -7.536 -0.78591 0.46587 2 
44.898 -7.536 -0.60545 -0.11967 2 
47.464 -7.536 -0.83056 -0.36087 2 
50.029 -7.536 -0.96736 -0.74325 2 
52.595 -7.536 -1.10415 -1.12563 2 
55.160 -7.536 -0.94174 -1.60925 2 
57.726 -7.536 -1.03894 -2.13816 2 
60.292 -7.536 -0.91873 -2.15270 2 
62.857 -7.536 -0.62130 -2.05842 2 
65.423 -7.536 0.37782 -1.33381 2 
67.988 -7.536 -0.96344 -0.35216 2 
70.554 -7.536 -0.15538 0.19243 2 
73.120 -7.536 -0.27381 0.41761 2 
75.685 -7.536 -0.42414 0.69526 2 
78.251 -7.536 0.92501 0.21542 2 
80.816 -7.536 0.70400 0.84494 2 
83.382 -7.536 -0.16817 -0.37822 2 
85.948 -7.536 0.46921 -0.05645 2 
88.513 -7.536 0.80594 0.35415 2 
91.079 -7.536 2.53107 1.11788 2 
93.644 -7.536 2.23668 0.43573 2 
96.210 -7.536 1.15123 -1.19363 2 
98.776 -7.536 1.44215 -1.94673 2 
101.341 -7.536 1.89027 -1.16489 2 
103.907 -7.536 0.12454 -1.77844 2 
106.472 -7.536 2.03922 -0.08070 2 
109.038 -7.536 2.30790 2.14489 2 
111.603 -7.536 1.62484 1.61215 2 
114.169 -7.536 0.40739 0.64099 2 
116.735 -7.536 0.52734 1.72644 2 
119.300 -7.536 0.03453 2.24428 2 
-8.980 -10.102 7.27681 -0.98153 2 
-6.414 -10.102 6.91883 -1.01805 2 
-3.848 -10.102 6.91839 -1.13660 2 
-1.283 -10.102 6.87946 -1.46302 2 
1.283 -10.102 6.79771 -1.69785 2 
3.848 -10.102 6.91009 -2.47879 2 
6.414 -10.102 7.09357 -2.82937 2 
8.980 -10.102 7.51889 -3.14957 2 
11.545 -10.102 8.55137 -3.57342 2 
14.111 -10.102 8.96066 -3.37569 2 
16.676 -10.102 9.47462 -3.26565 2 
19.242 -10.102 9.91822 -2.03902 2 
21.808 -10.102 5.74437 -0.93004 2 
24.373 -10.102 4.69303 -0.18863 2 
26.939 -10.102 4.56084 -1.10359 2 
29.504 -10.102 3.42812 0.05328 2 
32.070 -10.102 1.65420 -1.25451 2 
34.636 -10.102 2.99513 -0.73913 2 
37.201 -10.102 1.43740 -0.43776 2 
39.767 -10.102 -0.12032 -0.13639 2 
42.332 -10.102 1.97755 -0.16664 2 
44.898 -10.102 -0.45721 -0.21825 2 
47.464 -10.102 1.01324 -0.68775 2 
50.029 -10.102 0.70480 -0.72343 2 
52.595 -10.102 0.39636 -0.75910 2 
55.160 -10.102 -0.93761 -1.73568 2 
57.726 -10.102 1.49010 -2.14203 2 
60.292 -10.102 2.95886 -1.57135 2 
62.857 -10.102 2.22391 -0.67264 2 
65.423 -10.102 1.87580 -0.68529 2 
67.988 -10.102 1.51130 1.04000 2 
70.554 -10.102 0.64915 0.28691 2 
73.120 -10.102 1.35215 0.96312 2 
75.685 -10.102 0.42582 1.04811 2 
78.251 -10.102 0.48421 0.78225 2 
80.816 -10.102 0.29891 1.29802 2 
83.382 -10.102 1.49003 1.20058 2 
85.948 -10.102 1.31617 1.18263 2 
88.513 -10.102 -2.10778 1.89611 2 
91.079 -10.102 4.58799 2.20029 2 
93.644 -10.102 4.10952 1.00213 2 
96.210 -10.102 2.51983 -1.23781 2 
98.776 -10.102 3.28405 -0.27610 2 
101.341 -10.102 4.28449 -2.06287 2 
103.907 -10.102 4.34109 -2.22201 2 
106.472 -10.102 5.31619 1.14650 2 
109.038 -10.102 5.87209 2.48451 2 
111.603 -10.102 7.05785 1.65117 2 
114.169 -10.102 6.13161 0.72193 2 
116.735 -10.102 5.82852 1.83780 2 
119.300 -10.102 0.00000 -0.00000 0 
-8.980 -12.668 7.07001 -0.88562 2 
-6.414 -12.668 7.08569 -1.15369 2 
-3.848 -12.668 7.16130 -1.27627 2 
-1.283 -12.668 7.06617 -1.47656 2 
1.283 -12.668 7.16548 -1.84676 2 
3.848 -12.668 7.12629 -2.10672 2 
6.414 -12.668 7.31707 -2.22448 2 
8.980 -12.668 7.56348 -2.77435 2 
11.545 -12.668 8.08208 -2.81660 2 
14.111 -12.668 8.76815 -2.55709 2 
16.676 -12.668 8.99990 -2.53828 2 
19.242 -12.668 9.25116 -2.42269 2 
21.808 -12.668 8.64620 -2.50926 2 
24.373 -12.668 9.91357 -1.65463 2 
26.939 -12.668 10.29498 -2.04732 2 
29.504 -12.668 7.90429 -0.68254 2 
32.070 -12.668 7.37097 -1.80909 2 
34.636 -12.668 5.24751 -2.07145 2 
37.201 -12.668 4.70354 -1.42755 2 
39.767 -12.668 4.15957 -0.78364 2 
42.332 -12.668 4.74101 -0.79914 2 
44.898 -12.668 2.68737 -0.61121 2 
47.464 -12.668 5.23326 -0.70481 2 
50.029 -12.668 3.73499 -0.60122 2 
52.595 -12.668 1.70005 -1.53794 2 
55.160 -12.668 1.51127 -1.43842 2 
57.726 -12.668 1.49490 -1.21260 2 
60.292 -12.668 1.98839 -0.71548 2 
62.857 -12.668 1.86059 -1.59277 2 
65.423 -12.668 5.16505 -0.18653 2 
67.988 -12.668 0.52458 1.27495 2 
70.554 -12.668 1.45367 0.38139 2 
73.120 -12.668 3.78600 1.64882 2 
75.685 -12.668 3.59051 1.54606 2 
78.251 -12.668 4.22899 1.42075 2 
80.816 -12.668 5.90628 1.61446 2 
83.382 -12.668 5.25579 2.17196 2 
85.948 -12.668 6.92224 2.93785 2 
88.513 -12.668 7.74084 2.76558 2 
91.079 -12.668 6.09916 2.86274 2 
93.644 -12.668 6.39783 0.74713 2 
96.210 -12.668 4.59465 -0.44941 2 
98.776 -12.668 6.27853 2.22988 2 
101.341 -12.668 6.57062 -0.45164 2 
103.907 -12.668 6.55974 -0.42552 2 
106.472 -12.668 6.87352 -0.80042 2 
109.038 -12.668 6.00076 0.20400 2 
111.603 -12.668 7.34730 1.96892 2 
114.169 -12.668 8.68142 2.65889 2 
116.735 -12.668 11.12970 1.94916 2 
119.300 -12.668 0.00000 -0.00000 0 
-8.980 -15.233 7.37678 -0.97637 2 
-6.414 -15.233 7.25524 -1.14165 2 
-3.848 -15.233 7.16409 -1.26757 2 
-1.283 -15.233 7.17806 -1.44020 2 
1.283 -15.233 7.31537 -1.83461 2 
3.848 -15.233 7.37541 -2.11048 2 
6.414 -15.233 7.52585 -2.22330 2 
8.980 -15.233 7.84784 -2.24190 2 
11.545 -15.233 8.27433 -2.41718 2 
14.111 -15.233 8.52919 -2.36377 2 
16.676 -15.233 8.85797 -2.35560 2 
19.242 -15.233 8.97907 -2.27612 2 
21.808 -15.233 9.44147 -2.19668 2 
24.373 -15.233 9.36044 -1.75350 2 
26.939 -15.233 9.55207 -1.77869 2 
29.504 -15.233 9.44987 -1.43514 2 
32.070 -15.233 9.83930 -1.98074 2 
34.636 -15.233 9.91000 -1.37210 2 
37.201 -15.233 9.98070 -0.76346 2 
39.767 -15.233 6.69080 -0.76372 2 
42.332 -15.233 8.98598 -1.13802 2 
44.898 -15.233 9.21963 -0.92994 2 
47.464 -15.233 9.45329 -0.72186 2 
50.029 -15.233 6.76519 -0.47901 2 
52.595 -15.233 4.98531 -1.42887 2 
55.160 -15.233 3.59761 -1.08282 2 
57.726 -15.233 6.23296 -0.53104 2 
60.292 -15.233 5.63833 -0.73483 2 
62.857 -15.233 5.34732 -1.27060 2 
65.423 -15.233 8.45431 0.31222 2 
67.988 -15.233 5.11812 0.91318 2 
70.554 -15.233 6.50681 -0.10359 2 
73.120 -15.233 5.90232 1.09878 2 
75.685 -15.233 6.71360 0.84211 2 
78.251 -15.233 7.97377 2.05926 2 
80.816 -15.233 7.74352 2.09728 2 
83.382 -15.233 9.20282 2.32757 2 
85.948 -15.233 8.39807 2.68933 2 
88.513 -15.233 8.09249 2.46353 2 
91.079 -15.233 7.57399 1.83714 2 
93.644 -15.233 7.14848 0.45343 2 
96.210 -15.233 6.66948 0.33899 2 
98.776 -15.233 6.99751 1.41639 2 
101.341 -15.233 6.36981 0.58499 2 
103.907 -15.233 7.02204 1.67454 2 
106.472 -15.233 8.17571 0.29677 2 
109.038 -15.233 8.37242 0.43299 2 
111.603 -15.233 9.08430 2.08467 2 
114.169 -15.233 9.25984 1.11299 2 
116.735 -15.233 10.05475 0.85732 2 
119.300 -15.233 0.00000 -0.00000 0 
-8.980 -17.799 7.41368 -1.01028 2 
-6.414 -17.799 7.33502 -1.06902 2 
-3.848 -17.799 7.23994 -1.42958 2 
-1.283 -17.799 7.36782 -1.29111 2 
1.283 -17.799 7.44942 -1.62698 2 
3.848 -17.799 7.62416 -1.70488 2 
6.414 -17.799 7.78885 -2.01739 2 
8.980 -17.799 8.01337 -2.16664 2 
11.545 -17.799 8.30429 -2.13472 2 
14.111 -17.799 8.58680 -2.28179 2 
16.676 -17.799 8.70819 -2.19611 2 
19.242 -17.799 9.00815 -2.12878 2 
21.808 -17.799 8.97266 -1.88203 2 
24.373 -17.799 9.23271 -1.89239 2 
26.939 -17.799 9.27650 -1.55319 2 
29.504 -17.799 9.44943 -1.44217 2 
32.070 -17.799 9.46703 -1.40406 2 
34.636 -17.799 9.52822 -1.14282 2 
37.201 -17.799 9.58940 -0.88158 2 
39.767 -17.799 9.22203 -0.74379 2 
42.332 -17.799 9.22959 -1.17107 2 
44.898 -17.799 9.37213 -0.97615 2 
47.464 -17.799 9.51467 -0.78123 2 
50.029 -17.799 9.46075 -1.03066 2 
52.595 -17.799 9.59705 -1.11487 2 
55.160 -17.799 8.56050 -1.19745 2 
57.726 -17.799 8.62537 -0.60765 2 
60.292 -17.799 9.28826 -0.75417 2 
62.857 -17.799 8.83404 -0.94843 2 
65.423 -17.799 9.43029 0.02151 2 
67.988 -17.799 9.71166 0.55140 2 
70.554 -17.799 10.08656 -0.57590 2 
73.120 -17.799 10.38612 0.08561 2 
75.685 -17.799 8.63876 1.17078 2 
78.251 -17.799 9.02100 1.95679 2 
80.816 -17.799 8.59765 2.12352 2 
83.382 -17.799 9.06414 2.45835 2 
85.948 -17.799 9.06718 1.99731 2 
88.513 -17.799 8.60047 1.68124 2 
91.079 -17.799 8.13689 1.59050 2 
93.644 -17.799 7.92371 0.99244 2 
96.210 -17.799 8.29963 0.59687 2 
98.776 -17.799 8.17255 0.11947 2 
101.341 -17.799 8.06543 1.51441 2 
103.907 -17.799 8.48345 1.51033 2 
106.472 -17.799 8.90147 1.50626 2 
109.038 -17.799 9.86179 0.51164 2 
111.603 -17.799 10.28828 1.63103 2 
114.169 -17.799 9.84057 1.95319 2 
116.735 -17.799 10.41833 2.36755 2 
119.300 -17.799 0.00000 -0.00000 0 
-8.980 -20.364 7.23185 -1.09790 2 
-6.414 -20.364 7.42523 -1.06590 2 
-3.848 -20.364 7.46049 -1.16491 2 
-1.283 -20.364 7.53541 -1.43717 2 
1.283 -20.364 7.49542 -1.54089 2 
3.848 -20.364 7.68486 -1.63252 2 
6.414 -20.364 7.87156 -1.80169 2 
8.980 -20.364 7.97877 -1.85741 2 
11.545 -20.364 8.38654 -1.97009 2 
14.111 -20.364 8.43799 -1.83954 2 
16.676 -20.364 8.69093 -1.87214 2 
19.242 -20.364 8.74858 -1.91811 2 
21.808 -20.364 9.00515 -1.73958 2 
24.373 -20.364 9.07314 -1.58409 2 
26.939 -20.364 9.24296 -1.51321 2 
29.504 -20.364 9.17381 -1.37007 2 
32.070 -20.364 9.40725 -1.37776 2 
34.636 -20.364 9.41682 -1.05454 2 
37.201 -20.364 9.51166 -0.97159 2 
39.767 -20.364 9.23661 -0.94827 2 
42.332 -20.364 9.30800 -0.99060 2 
44.898 -20.364 9.48488 -0.87824 2 
47.464 -20.364 9.44650 -0.89990 2 
50.029 -20.364 9.71004 -0.97309 2 
52.595 -20.364 9.70766 -0.86180 2 
55.160 -20.364 9.74929 -0.95728 2 
57.726 -20.364 10.05542 -0.89170 2 
60.292 -20.364 9.92572 -1.06659 2 
62.857 -20.364 9.41120 -0.80003 2 
65.423 -20.364 10.40628 -0.26920 2 
67.988 -20.364 10.17622 -0.77485 2 
70.554 -20.364 9.61542 -0.29419 2 
73.120 -20.364 9.96027 -0.17108 2 
75.685 -20.364 9.02794 0.96430 2 
78.251 -20.364 9.61685 1.62804 2 
80.816 -20.364 9.45178 2.14977 2 
83.382 -20.364 9.31264 1.78243 2 
85.948 -20.364 8.78644 1.82068 2 
88.513 -20.364 8.77787 1.53737 2 
91.079 -20.364 8.58627 1.02350 2 
93.644 -20.364 8.47271 0.86810 2 
96.210 -20.364 8.51634 0.49130 2 
98.776 -20.364 9.05337 0.29066 2 
101.341 -20.364 8.90283 1.26962 2 
103.907 -20.364 8.90722 1.10132 2 
106.472 -20.364 8.91161 0.93301 2 
109.038 -20.364 9.51748 0.72062 2 
111.603 -20.364 9.84382 1.40649 2 
114.169 -20.364 9.32889 1.41005 2 
116.735 -20.364 9.64536 1.98544 2 
119.300 -20.364 0.00000 -0.00000 0 
-8.980 -22.930 7.49069 -1.08299 2 
-6.414 -22.930 7.55896 -1.07941 2 
-3.848 -22.930 7.67668 -1.20814 2 
-1.283 -22.930 7.63092 -1.33035 2 
1.283 -22.930 7.66721 -1.48500 2 
3.848 -22.930 7.77492 -1.55540 2 
6.414 -22.930 7.99415 -1.59871 2 
8.980 -22.930 8.11712 -1.73422 2 
11.545 -22.930 8.31419 -1.71444 2 
14.111 -22.930 8.51575 -1.57709 2 
16.676 -22.930 8.70085 -1.72513 2 
19.242 -22.930 8.76850 -1.66233 2 
21.808 -22.930 8.85972 -1.53792 2 
24.373 -22.930 9.02672 -1.52237 2 
26.939 -22.930 9.06590 -1.54609 2 
29.504 -22.930 9.16426 -1.39594 2 
32.070 -22.930 9.22163 -1.02083 2 
34.636 -22.930 9.26897 -1.09366 2 
37.201 -22.930 9.21744 -0.95493 2 
39.767 -22.930 9.22854 -0.97733 2 
42.332 -22.930 9.34649 -0.96262 2 
44.898 -22.930 9.39322 -0.96364 2 
47.464 -22.930 9.44838 -0.89438 2 
50.029 -22.930 9.42191 -0.86188 2 
52.595 -22.930 9.52612 -0.94909 2 
55.160 -22.930 9.86522 -0.83818 2 
57.726 -22.930 9.56409 -0.75875 2 
60.292 -22.930 9.99967 -0.78630 2 
62.857 -22.930 9.98836 -0.65162 2 
65.423 -22.930 10.28654 -0.34631 2 
67.988 -22.930 10.10465 -0.35749 2 
70.554 -22.930 10.41545 -0.30799 2 
73.120 -22.930 10.46121 0.18711 2 
75.685 -22.930 9.61894 0.87012 2 
78.251 -22.930 10.21271 1.29928 2 
80.816 -22.930 9.66388 1.48179 2 
83.382 -22.930 9.29673 1.13221 2 
85.948 -22.930 9.13098 1.40102 2 
88.513 -22.930 8.86835 1.12036 2 
91.079 -22.930 8.80674 1.17046 2 
93.644 -22.930 8.78972 0.70628 2 
96.210 -22.930 8.69436 0.60503 2 
98.776 -22.930 9.22217 0.53248 2 
101.341 -22.930 9.27513 0.45556 2 
103.907 -22.930 9.10885 0.89149 2 
106.472 -22.930 9.30451 0.64261 2 
109.038 -22.930 9.17318 0.92961 2 
111.603 -22.930 9.48561 1.08909 2 
114.169 -22.930 9.30294 1.23413 2 
116.735 -22.930 9.40125 1.53583 2 
119.300 -22.930 0.00000 -0.00000 0 
-8.980 -25.496 7.51823 -0.91440 2 
-6.414 -25.496 7.67727 -0.96800 2 
-3.848 -25.496 7.59284 -1.06850 2 
-1.283 -25.496 7.68601 -1.28851 2 
1.283 -25.496 7.93488 -1.20246 2 
3.848 -25.496 7.87308 -1.43604 2 
6.414 -25.496 8.15390 -1.58205 2 
8.980 -25.496 8.13894 -1.50894 2 
11.545 -25.496 8.32342 -1.53966 2 
14.111 -25.496 8.61798 -1.56421 2 
16.676 -25.496 8.56236 -1.57637 2 
19.242 -25.496 8.68703 -1.57045 2 
21.808 -25.496 8.86938 -1.36945 2 
24.373 -25.496 8.92068 -1.47484 2 
26.939 -25.496 8.98906 -1.23734 2 
29.504 -25.496 9.07520 -1.23781 2 
32.070 -25.496 9.18176 -1.27842 2 
34.636 -25.496 9.09365 -1.09626 2 
37.201 -25.496 9.24827 -1.01206 2 
39.767 -25.496 9.24526 -0.94473 2 
42.332 -25.496 9.31355 -0.85926 2 
44.898 -25.496 9.24239 -0.83933 2 
47.464 -25.496 9.30942 -0.75358 2 
50.029 -25.496 9.42287 -0.81617 2 
52.595 -25.496 9.62869 -0.78445 2 
55.160 -25.496 9.66876 -0.73082 2 
57.726 -25.496 9.67453 -0.74435 2 
60.292 -25.496 9.87960 -0.67161 2 
62.857 -25.496 9.96814 -0.44477 2 
65.423 -25.496 10.16680 -0.42341 2 
67.988 -25.496 10.06512 -0.07644 2 
70.554 -25.496 10.14935 0.16467 2 
73.120 -25.496 10.10845 0.25760 2 
75.685 -25.496 10.20993 0.77593 2 
78.251 -25.496 9.72754 0.83505 2 
80.816 -25.496 9.67087 0.93130 2 
83.382 -25.496 9.42732 0.99012 2 
85.948 -25.496 9.20563 0.99956 2 
88.513 -25.496 8.96138 1.03192 2 
91.079 -25.496 8.91570 0.85054 2 
93.644 -25.496 8.84430 0.77338 2 
96.210 -25.496 8.84132 0.73647 2 
98.776 -25.496 8.98478 0.51149 2 
101.341 -25.496 9.02330 0.74323 2 
103.907 -25.496 9.17613 0.72236 2 
106.472 -25.496 9.05354 0.88123 2 
109.038 -25.496 9.24269 0.77510 2 
111.603 -25.496 9.22856 0.90792 2 
114.169 -25.496 9.11429 1.12181 2 
116.735 -25.496 9.28908 1.26672 2 
119.300 -25.496 0.00000 -0.00000 0 
-8.980 -28.061 7.64328 -0.98452 2 
-6.414 -28.061 7.61292 -1.07350 2 
-3.848 -28.061 7.74707 -1.16449 2 
-1.283 -28.061 7.66440 -1.06449 2 
1.283 -28.061 8.04898 -1.27696 2 
3.848 -28.061 7.79565 -1.17546 2 
6.414 -28.061 8.08230 -1.36196 2 
8.980 -28.061 8.33429 -1.46059 2 
11.545 -28.061 8.29845 -1.40966 2 
14.111 -28.061 8.44115 -1.42933 2 
16.676 -28.061 8.67772 -1.45703 2 
19.242 -28.061 8.69286 -1.32334 2 
21.808 -28.061 8.66816 -1.36659 2 
24.373 -28.061 8.90071 -1.44412 2 
26.939 -28.061 8.92402 -1.20731 2 
29.504 -28.061 8.98652 -1.26100 2 
32.070 -28.061 9.08637 -1.01604 2 
34.636 -28.061 9.06186 -0.96996 2 
37.201 -28.061 9.22872 -0.96251 2 
39.767 -28.061 9.26688 -0.94849 2 
42.332 -28.061 9.19809 -0.86014 2 
44.898 -28.061 9.21568 -0.86375 2 
47.464 -28.061 9.36216 -0.80983 2 
50.029 -28.061 9.42682 -0.86104 2 
52.595 -28.061 9.49266 -0.64285 2 
55.160 -28.061 9.55646 -0.76129 2 
57.726 -28.061 9.80779 -0.53113 2 
60.292 -28.061 9.64443 -0.48525 2 
62.857 -28.061 9.83579 -0.51532 2 
65.423 -28.061 9.78010 -0.30763 2 
67.988 -28.061 9.85776 -0.11341 2 
70.554 -28.061 9.81149 0.15051 2 
73.120 -28.061 10.07976 0.34667 2 
75.685 -28.061 9.69494 0.45907 2 
78.251 -28.061 9.77854 0.64847 2 
80.816 -28.061 9.47284 0.77315 2 
83.382 -28.061 9.30419 0.92033 2 
85.948 -28.061 9.29830 0.80630 2 
88.513 -28.061 9.14452 0.95576 2 
91.079 -28.061 8.93331 0.77777 2 
93.644 -28.061 9.19092 0.80912 2 
96.210 -28.061 8.97558 0.59719 2 
98.776 -28.061 8.90948 0.63166 2 
101.341 -28.061 9.11873 0.64771 2 
103.907 -28.061 9.01826 0.78413 2 
106.472 -28.061 9.12805 0.88650 2 
109.038 -28.061 8.95274 0.89044 2 
111.603 -28.061 8.96141 0.77452 2 
114.169 -28.061 8.80316 1.16334 2 
116.735 -28.061 9.32438 1.19538 2 
119.300 -28.061 0.00000 -0.00000 0 
-8.980 -30.627 7.75382 -0.90016 2 
-6.414 -30.627 7.91073 -1.03388 2 
-3.848 -30.627 7.86258 -1.00803 2 
-1.283 -30.627 7.88601 -1.07893 2 
1.283 -30.627 7.90401 -1.00298 2 
3.848 -30.627 8.10342 -1.12408 2 
6.414 -30.627 8.14028 -1.20058 2 
8.980 -30.627 8.20383 -1.17016 2 
11.545 -30.627 8.53138 -1.12315 2 
14.111 -30.627 8.36705 -1.30064 2 
16.676 -30.627 8.60561 -1.24664 2 
19.242 -30.627 8.55354 -1.20006 2 
21.808 -30.627 8.84877 -0.88180 2 
24.373 -30.627 8.69886 -1.21189 2 
26.939 -30.627 8.89687 -1.10639 2 
29.504 -30.627 8.91408 -1.10038 2 
32.070 -30.627 9.03019 -0.94070 2 
34.636 -30.627 9.04931 -1.04164 2 
37.201 -30.627 8.90914 -0.94837 2 
39.767 -30.627 9.26667 -0.96263 2 
42.332 -30.627 9.17069 -0.89128 2 
44.898 -30.627 9.17105 -0.78967 2 
47.464 -30.627 9.28250 -0.76876 2 
50.029 -30.627 9.52281 -0.81982 2 
52.595 -30.627 9.35904 -0.77247 2 
55.160 -30.627 9.52554 -0.63923 2 
57.726 -30.627 9.59535 -0.41647 2 
60.292 -30.627 9.62271 -0.48135 2 
62.857 -30.627 9.51561 -0.23726 2 
65.423 -30.627 9.66420 -0.28008 2 
67.988 -30.627 9.81092 0.05684 2 
70.554 -30.627 9.83446 0.10455 2 
73.120 -30.627 9.76823 0.23828 2 
75.685 -30.627 9.68071 0.53411 2 
78.251 -30.627 9.47617 0.61861 2 
80.816 -30.627 9.30025 0.68382 2 
83.382 -30.627 9.24448 0.71936 2 
85.948 -30.627 9.16169 0.77244 2 
88.513 -30.627 9.07575 0.78800 2 
91.079 -30.627 9.16469 0.80757 2 
93.644 -30.627 8.90766 0.58587 2 
96.210 -30.627 9.00126 0.65820 2 
98.776 -30.627 8.90703 0.71315 2 
101.341 -30.627 9.01975 0.67932 2 
103.907 -30.627 8.86144 0.74633 2 
106.472 -30.627 8.84020 0.87736 2 
109.038 -30.627 8.89091 0.82579 2 
111.603 -30.627 8.90701 1.05267 2 
114.169 -30.627 9.07614 1.05753 2 
116.735 -30.627 8.93109 1.05001 2 
119.300 -30.627 0.00000 -0.00000 0 
-8.980 -33.192 7.74401 -0.97103 2 
-6.414 -33.192 7.70661 -0.85877 2 
-3.848 -33.192 8.03262 -1.06554 2 
-1.283 -33.192 7.94158 -1.01101 2 
1.283 -33.192 7.97283 -1.16065 2 
3.848 -33.192 8.15802 -1.03171 2 
6.414 -33.192 8.16819 -1.17841 2 
8.980 -33.192 8.33042 -1.22860 2 
11.545 -33.192 8.47486 -1.28901 2 
14.111 -33.192 8.52287 -1.05335 2 
16.676 -33.192 8.62124 -1.18296 2 
19.242 -33.192 8.49145 -1.13236 2 
21.808 -33.192 8.82288 -1.23342 2 
24.373 -33.192 8.81110 -1.20257 2 
26.939 -33.192 8.79433 -1.05151 2 
29.504 -33.192 8.94152 -0.96423 2 
32.070 -33.192 8.99331 -1.08717 2 
34.636 -33.192 8.90540 -0.97443 2 
37.201 -33.192 9.23952 -0.93034 2 
39.767 -33.192 8.94355 -0.88608 2 
42.332 -33.192 9.18696 -0.78911 2 
44.898 -33.192 9.03755 -0.74957 2 
47.464 -33.192 9.23157 -0.76949 2 
50.029 -33.192 9.28399 -0.71232 2 
52.595 -33.192 9.21638 -0.65794 2 
55.160 -33.192 9.51599 -0.55573 2 
57.726 -33.192 9.31612 -0.58933 2 
60.292 -33.192 9.58100 -0.53196 2 
62.857 -33.192 9.34259 -0.35215 2 
65.423 -33.192 9.64106 -0.02450 2 
67.988 -33.192 9.61898 -0.10959 2 
70.554 -33.192 9.57859 0.13690 2 
73.120 -33.192 9.40880 0.26229 2 
75.685 -33.192 9.49671 0.40676 2 
78.251 -33.192 9.36175 0.42273 2 
80.816 -33.192 9.26848 0.66057 2 
83.382 -33.192 9.39956 0.46147 2 
85.948 -33.192 9.01221 0.70520 2 
88.513 -33.192 9.00903 0.51799 2 
91.079 -33.192 9.08481 0.73697 2 
93.644 -33.192 9.01367 0.77102 2 
96.210 -33.192 9.10325 0.67544 2 
98.776 -33.192 8.95137 0.73431 2 
101.341 -33.192 8.84703 0.86937 2 
103.907 -33.192 9.04540 0.70943 2 
106.472 -33.192 8.95544 0.71231 2 
109.038 -33.192 8.95200 0.73484 2 
111.603 -33.192 8.87950 0.82326 2 
114.169 -33.192 8.64939 0.71638 2 
116.735 -33.192 8.82955 1.00399 2 
119.300 -33.192 0.00000 -0.00000 0 
-8.980 -35.758 7.74427 -0.89350 2 
-6.414 -35.758 8.01984 -0.93484 2 
-3.848 -35.758 7.89040 -0.86102 2 
-1.283 -35.758 8.12680 -0.89189 2 
1.283 -35.758 7.95702 -0.96834 2 
3.848 -35.758 8.30143 -1.13176 2 
6.414 -35.758 8.22310 -0.99483 2 
8.980 -35.758 8.20906 -1.05140 2 
11.545 -35.758 8.40293 -1.03384 2 
14.111 -35.758 8.52698 -1.05171 2 
16.676 -35.758 8.65666 -1.04136 2 
19.242 -35.758 8.61892 -1.02108 2 
21.808 -35.758 8.74296 -0.94723 2 
24.373 -35.758 8.89416 -0.95858 2 
26.939 -35.758 8.72563 -1.08207 2 
29.504 -35.758 8.80903 -0.84764 2 
32.070 -35.758 8.93072 -0.84620 2 
34.636 -35.758 8.92524 -0.82763 2 
37.201 -35.758 8.95921 -0.78635 2 
39.767 -35.758 9.00718 -0.75371 2 
42.332 -35.758 9.15597 -0.70692 2 
44.898 -35.758 9.04803 -0.63375 2 
47.464 -35.758 9.21844 -0.66430 2 
50.029 -35.758 9.25711 -0.50930 2 
52.595 -35.758 9.09445 -0.65194 2 
55.160 -35.758 9.44675 -0.50890 2 
57.726 -35.758 9.05038 -0.61418 2 
60.292 -35.758 9.37971 -0.30470 2 
62.857 -35.758 9.34887 -0.25486 2 
65.423 -35.758 9.41527 -0.04161 2 
67.988 -35.758 9.49935 -0.03457 2 
70.554 -35.758 9.25946 -0.00760 2 
73.120 -35.758 9.33546 0.36355 2 
75.685 -35.758 9.41974 0.30602 2 
78.251 -35.758 9.28240 0.34464 2 
80.816 -35.758 9.32945 0.59511 2 
83.382 -35.758 9.05265 0.34709 2 
85.948 -35.758 9.09250 0.57844 2 
88.513 -35.758 9.04851 0.61958 2 
91.079 -35.758 8.98270 0.58534 2 
93.644 -35.758 8.94443 0.70898 2 
96.210 -35.758 8.98224 0.64605 2 
98.776 -35.758 8.97777 0.67821 2 
101.341 -35.758 8.89797 0.73512 2 
103.907 -35.758 8.87848 0.65883 2 
106.472 -35.758 8.91910 0.83565 2 
109.038 -35.758 8.81913 0.77856 2 
111.603 -35.758 8.83117 0.92601 2 
114.169 -35.758 8.79831 0.80805 2 
116.735 -35.758 9.15729 1.15036 2 
119.300 -35.758 0.00000 -0.00000 0 
-8.980 -38.324 7.81631 -0.87986 2 
-6.414 -38.324 7.90997 -0.79189 2 
-3.848 -38.324 8.02968 -1.02490 2 
-1.283 -38.324 7.98751 -0.83918 2 
1.283 -38.324 8.05543 -0.94146 2 
3.848 -38.324 8.23727 -0.93360 2 
6.414 -38.324 8.26849 -0.91319 2 
8.980 -38.324 8.25302 -1.06772 2 
11.545 -38.324 8.40012 -1.01283 2 
14.111 -38.324 8.48272 -1.01529 2 
16.676 -38.324 8.38299 -0.98452 2 
19.242 -38.324 8.65400 -1.07450 2 
21.808 -38.324 8.70350 -0.94124 2 
24.373 -38.324 8.73866 -0.90719 2 
26.939 -38.324 8.83371 -0.93365 2 
29.504 -38.324 8.80120 -0.91541 2 
32.070 -38.324 8.81275 -0.96732 2 
34.636 -38.324 8.89883 -0.82487 2 
37.201 -38.324 8.88909 -0.79725 2 
39.767 -38.324 9.07792 -0.93279 2 
42.332 -38.324 8.88278 -0.70178 2 
44.898 -38.324 9.09932 -0.65534 2 
47.464 -38.324 8.94668 -0.69454 2 
50.029 -38.324 9.17003 -0.47323 2 
52.595 -38.324 9.27760 -0.72127 2 
55.160 -38.324 9.22514 -0.30160 2 
57.726 -38.324 9.28302 -0.27106 2 
60.292 -38.324 9.27476 -0.32268 2 
62.857 -38.324 9.40842 -0.10290 2 
65.423 -38.324 9.28296 -0.17925 2 
67.988 -38.324 9.40764 -0.09835 2 
70.554 -38.324 9.45764 0.09547 2 
73.120 -38.324 9.36673 0.19657 2 
75.685 -38.324 9.22231 0.29557 2 
78.251 -38.324 9.23777 0.30238 2 
80.816 -38.324 9.10643 0.59039 2 
83.382 -38.324 9.21594 0.42150 2 
85.948 -38.324 9.01374 0.41905 2 
88.513 -38.324 9.04580 0.65144 2 
91.079 -38.324 9.04633 0.55417 2 
93.644 -38.324 9.03746 0.63603 2 
96.210 -38.324 9.03151 0.65547 2 
98.776 -38.324 8.97456 0.68842 2 
101.341 -38.324 8.88164 0.73117 2 
103.907 -38.324 8.93371 0.71693 2 
106.472 -38.324 8.92916 0.78832 2 
109.038 -38.324 8.71660 0.82745 2 
111.603 -38.324 8.80747 0.75656 2 
114.169 -38.324 8.64627 0.89719 2 
116.735 -38.324 8.96485 0.88885 2 
119.300 -38.324 0.00000 -0.00000 0 
-8.980 -40.889 7.97576 -0.93523 2 
-6.414 -40.889 7.98064 -0.77931 2 
-3.848 -40.889 8.08508 -0.89913 2 
-1.283 -40.889 8.08374 -0.90988 2 
1.283 -40.889 8.12981 -0.75754 2 
3.848 -40.889 8.21324 -0.96693 2 
6.414 -40.889 8.16257 -0.99635 2 
8.980 -40.889 8.47562 -0.93349 2 
11.545 -40.889 8.42625 -0.95537 2 
14.111 -40.889 8.39026 -0.93856 2 
16.676 -40.889 8.55324 -1.01988 2 
19.242 -40.889 8.56367 -0.78707 2 
21.808 -40.889 8.62139 -0.93736 2 
24.373 -40.889 8.79033 -0.91036 2 
26.939 -40.889 8.76566 -0.96420 2 
29.504 -40.889 8.81250 -0.84403 2 
32.070 -40.889 8.79197 -0.87584 2 
34.636 -40.889 8.83923 -0.70033 2 
37.201 -40.889 9.05527 -0.78017 2 
39.767 -40.889 8.86332 -0.61490 2 
42.332 -40.889 9.04060 -0.75131 2 
44.898 -40.889 9.23041 -0.59808 2 
47.464 -40.889 8.85119 -0.64601 2 
50.029 -40.889 9.14183 -0.54136 2 
52.595 -40.889 8.99558 -0.48525 2 
55.160 -40.889 9.15551 -0.51714 2 
57.726 -40.889 9.00879 -0.51213 2 
60.292 -40.889 9.17136 -0.32701 2 
62.857 -40.889 9.17403 -0.24322 2 
65.423 -40.889 9.30012 -0.14838 2 
67.988 -40.889 9.30541 0.00952 2 
70.554 -40.889 9.14571 -0.11064 2 
73.120 -40.889 9.13226 0.23636 2 
75.685 -40.889 9.26048 0.26810 2 
78.251 -40.889 9.26314 0.07765 2 
80.816 -40.889 9.11013 0.47127 2 
83.382 -40.889 9.05134 0.46653 2 
85.948 -40.889 9.06927 0.48442 2 
88.513 -40.889 9.05840 0.49072 2 
91.079 -40.889 8.89031 0.60125 2 
93.644 -40.889 8.97510 0.45484 2 
96.210 -40.889 8.95706 0.63754 2 
98.776 -40.889 8.92166 0.64768 2 
101.341 -40.889 8.83238 0.62972 2 
103.907 -40.889 8.78229 0.71137 2 
106.472 -40.889 8.84431 0.73528 2 
109.038 -40.889 8.83811 0.73579 2 
111.603 -40.889 8.72596 0.67300 2 
114.169 -40.889 8.66388 0.83016 2 
116.735 -40.889 9.19428 0.82100 2 
119.300 -40.889 0.00000 -0.00000 0 
-8.980 -43.455 7.86975 -0.66062 2 
-6.414 -43.455 8.13466 -0.83878 2 
-3.848 -43.455 8.08627 -0.77438 2 
-1.283 -43.455 8.17827 -0.83754 2 
1.283 -43.455 8.03334 -0.86724 2 
3.848 -43.455 8.22484 -0.89806 2 
6.414 -43.455 8.30073 -0.86843 2 
8.980 -43.455 8.43572 -0.81754 2 
11.545 -43.455 8.49894 -0.83110 2 
14.111 -43.455 8.50797 -0.86421 2 
16.676 -43.455 8.43761 -0.92469 2 
19.242 -43.455 8.59861 -0.87265 2 
21.808 -43.455 8.71816 -0.80850 2 
24.373 -43.455 8.68651 -0.84392 2 
26.939 -43.455 8.73890 -0.63863 2 
29.504 -43.455 8.85817 -0.88637 2 
32.070 -43.455 8.84495 -0.78736 2 
34.636 -43.455 8.86960 -0.76223 2 
37.201 -43.455 8.88353 -0.78283 2 
39.767 -43.455 8.95082 -0.65165 2 
42.332 -43.455 8.94842 -0.58963 2 
44.898 -43.455 8.96626 -0.57322 2 
47.464 -43.455 9.03708 -0.61872 2 
50.029 -43.455 9.00711 -0.39245 2 
52.595 -43.455 9.15878 -0.47519 2 
55.160 -43.455 9.01985 -0.50385 2 
57.726 -43.455 9.02668 -0.18109 2 
60.292 -43.455 9.22629 -0.31777 2 
62.857 -43.455 9.23034 -0.15798 2 
65.423 -43.455 9.14086 -0.14501 2 
67.988 -43.455 9.17657 0.01133 2 
70.554 -43.455 9.18068 0.04037 2 
73.120 -43.455 9.24636 -0.04879 2 
75.685 -43.455 9.03763 0.30925 2 
78.251 -43.455 9.01013 0.27364 2 
80.816 -43.455 9.08068 0.30584 2 
83.382 -43.455 9.02060 0.49865 2 
85.948 -43.455 8.93726 0.51633 2 
88.513 -43.455 9.06121 0.42392 2 
91.079 -43.455 8.99648 0.47851 2 
93.644 -43.455 9.02434 0.46467 2 
96.210 -43.455 8.90792 0.56023 2 
98.776 -43.455 8.82696 0.45214 2 
101.341 -43.455 8.82781 0.69269 2 
103.907 -43.455 8.75605 0.76515 2 
106.472 -43.455 8.88517 0.69861 2 
109.038 -43.455 8.74921 0.72774 2 
111.603 -43.455 8.73020 0.79615 2 
114.169 -43.455 8.61597 0.68383 2 
116.735 -43.455 8.97554 0.95852 2 
119.300 -43.455 0.00000 -0.00000 0 
-8.980 -46.020 8.05351 -0.75628 2 
-6.414 -46.020 7.97570 -0.77161 2 
-3.848 -46.020 8.09020 -0.82860 2 
-1.283 -46.020 8.15154 -0.80975 2 
1.283 -46.020 8.36157 -0.84966 2 
3.848 -46.020 8.25503 -0.92027 2 
6.414 -46.020 8.19812 -0.84760 2 
8.980 -46.020 8.46807 -0.76698 2 
11.545 -46.020 8.42581 -0.92567 2 
14.111 -46.020 8.35528 -0.87827 2 
16.676 -46.020 8.61866 -0.86325 2 
19.242 -46.020 8.59883 -0.92119 2 
21.808 -46.020 8.52563 -0.88783 2 
24.373 -46.020 8.76459 -0.66161 2 
26.939 -46.020 8.74456 -0.91068 2 
29.504 -46.020 8.64922 -0.76506 2 
32.070 -46.020 8.81756 -0.68270 2 
34.636 -46.020 8.74207 -0.74292 2 
37.201 -46.020 8.87746 -0.44448 2 
39.767 -46.020 8.88031 -0.67071 2 
42.332 -46.020 8.86295 -0.63753 2 
44.898 -46.020 8.87699 -0.56906 2 
47.464 -46.020 9.07613 -0.58928 2 
50.029 -46.020 8.91880 -0.47642 2 
52.595 -46.020 9.09520 -0.38298 2 
55.160 -46.020 8.97996 -0.32784 2 
57.726 -46.020 9.07529 -0.46507 2 
60.292 -46.020 9.16497 -0.26284 2 
62.857 -46.020 9.03301 -0.30567 2 
65.423 -46.020 9.04601 -0.10098 2 
67.988 -46.020 9.05744 0.06126 2 
70.554 -46.020 9.04818 0.01960 2 
73.120 -46.020 8.96272 0.07115 2 
75.685 -46.020 9.08557 0.23961 2 
78.251 -46.020 8.96090 0.35600 2 
80.816 -46.020 9.06082 0.25927 2 
83.382 -46.020 8.97827 0.22778 2 
85.948 -46.020 8.96458 0.38795 2 
88.513 -46.020 8.91496 0.43064 2 
91.079 -46.020 8.98724 0.45264 2 
93.644 -46.020 8.77326 0.57753 2 
96.210 -46.020 8.85927 0.55443 2 
98.776 -46.020 8.75162 0.68123 2 
101.341 -46.020 8.95649 0.57365 2 
103.907 -46.020 8.69394 0.64649 2 
106.472 -46.020 8.76682 0.64001 2 
109.038 -46.020 8.66950 0.81352 2 
111.603 -46.020 8.75853 0.64749 2 
114.169 -46.020 8.55855 0.70917 2 
116.735 -46.020 8.96700 0.86353 2 
119.300 -46.020 0.00000 -0.00000 0 
-8.980 -48.586 8.10581 -0.75545 2 
-6.414 -48.586 8.12902 -0.79520 2 
-3.848 -48.586 8.03994 -0.77668 2 
-1.283 -48.586 8.09523 -0.71164 2 
1.283 -48.586 8.26006 -0.81767 2 
3.848 -48.586 8.39863 -0.71853 2 
6.414 -48.586 8.25660 -0.74440 2 
8.980 -48.586 8.22937 -0.89244 2 
11.545 -48.586 8.39333 -0.78156 2 
14.111 -48.586 8.39727 -0.68492 2 
16.676 -48.586 8.66526 -0.83862 2 
19.242 -48.586 8.37159 -0.68450 2 
21.808 -48.586 8.76486 -0.80050 2 
24.373 -48.586 8.74352 -0.78528 2 
26.939 -48.586 8.78340 -0.73338 2 
29.504 -48.586 8.72436 -0.72940 2 
32.070 -48.586 8.68166 -0.79647 2 
34.636 -48.586 8.77449 -0.66984 2 
37.201 -48.586 8.84329 -0.57989 2 
39.767 -48.586 8.75657 -0.61336 2 
42.332 -48.586 8.91138 -0.56163 2 
44.898 -48.586 8.97844 -0.51264 2 
47.464 -48.586 8.77960 -0.50280 2 
50.029 -48.586 8.93373 -0.48639 2 
52.595 -48.586 8.91377 -0.43763 2 
55.160 -48.586 9.06999 -0.28994 2 
57.726 -48.586 8.91881 -0.23183 2 
60.292 -48.586 9.01312 -0.23793 2 
62.857 -48.586 8.99638 -0.21907 2 
65.423 -48.586 9.02104 0.02879 2 
67.988 -48.586 8.98821 0.05315 2 
70.554 -48.586 9.02963 0.03202 2 
73.120 -48.586 9.10647 0.12356 2 
75.685 -48.586 9.10367 0.20465 2 
78.251 -48.586 8.95821 0.21881 2 
80.816 -48.586 8.85245 0.32929 2 
83.382 -48.586 9.02518 0.31087 2 
85.948 -48.586 8.96493 0.37695 2 
88.513 -48.586 8.93787 0.39604 2 
91.079 -48.586 8.89554 0.44088 2 
93.644 -48.586 8.94408 0.30686 2 
96.210 -48.586 8.86365 0.34757 2 
98.776 -48.586 8.81054 0.54770 2 
101.341 -48.586 8.90527 0.59803 2 
103.907 -48.586 8.72661 0.61400 2 
106.472 -48.586 8.74990 0.51014 2 
109.038 -48.586 8.64075 0.62826 2 
111.603 -48.586 8.67323 0.66122 2 
114.169 -48.586 8.66012 0.69199 2 
116.735 -48.586 8.78518 0.92786 2 
119.300 -48.586 0.00000 -0.00000 0 
-8.980 -51.152 8.15811 -0.75462 2 
-6.414 -51.152 7.96185 -0.69817 2 
-3.848 -51.152 8.10644 -0.76329 2 
-1.283 -51.152 8.25464 -0.84212 2 
1.283 -51.152 8.24754 -0.78967 2 
3.848 -51.152 8.21910 -0.74605 2 
6.414 -51.152 8.37722 -0.78005 2 
8.980 -51.152 8.23894 -0.63941 2 
11.545 -51.152 8.39566 -0.82148 2 
14.111 -51.152 8.42307 -0.85596 2 
16.676 -51.152 8.65027 -0.70879 2 
19.242 -51.152 8.70031 -0.75146 2 
21.808 -51.152 8.51735 -0.71619 2 
24.373 -51.152 8.64493 -0.65703 2 
26.939 -51.152 8.63777 -0.67446 2 
29.504 -51.152 8.80231 -0.60509 2 
32.070 -51.152 8.74154 -0.62200 2 
34.636 -51.152 8.84330 -0.60938 2 
37.201 -51.152 8.79142 -0.60880 2 
39.767 -51.152 8.87154 -0.49484 2 
42.332 -51.152 8.83993 -0.44796 2 
44.898 -51.152 8.80223 -0.49754 2 
47.464 -51.152 8.83625 -0.46736 2 
50.029 -51.152 8.97235 -0.44291 2 
52.595 -51.152 8.94018 -0.25761 2 
55.160 -51.152 8.90012 -0.40662 2 
57.726 -51.152 8.93233 -0.34104 2 
60.292 -51.152 8.96221 0.01109 2 
62.857 -51.152 9.10789 -0.35946 2 
65.423 -51.152 9.06577 -0.16379 2 
67.988 -51.152 8.96974 0.11688 2 
70.554 -51.152 9.21034 -0.00702 2 
73.120 -51.152 8.89606 0.06029 2 
75.685 -51.152 8.95799 0.12789 2 
78.251 -51.152 8.75236 0.21539 2 
80.816 -51.152 8.99684 0.20597 2 
83.382 -51.152 9.02551 0.37408 2 
85.948 -51.152 8.87594 0.49094 2 
88.513 -51.152 8.92019 0.43285 2 
91.079 -51.152 9.01991 0.44036 2 
93.644 -51.152 8.89424 0.36350 2 
96.210 -51.152 8.85481 0.69860 2 
98.776 -51.152 8.75887 0.46566 2 
101.341 -51.152 8.66508 0.59145 2 
103.907 -51.152 8.80603 0.56640 2 
106.472 -51.152 8.74804 0.50811 2 
109.038 -51.152 8.72300 0.75473 2 
111.603 -51.152 8.47831 0.61314 2 
114.169 -51.152 8.61459 0.69298 2 
116.735 -51.152 9.00706 0.51060 2 
119.300 -51.152 0.00000 -0.00000 0 
-8.980 -53.717 8.08503 -0.46147 2 
-6.414 -53.717 8.11945 -0.62314 2 
-3.848 -53.717 8.20790 -0.86717 2 
-1.283 -53.717 8.24773 -0.74601 2 
1.283 -53.717 8.01622 -0.69172 2 
3.848 -53.717 8.19568 -0.81560 2 
6.414 -53.717 8.29282 -0.80637 2 
8.980 -53.717 8.27652 -0.76789 2 
11.545 -53.717 8.37970 -0.78765 2 
14.111 -53.717 8.54181 -0.70252 2 
16.676 -53.717 8.40741 -0.77241 2 
19.242 -53.717 8.57576 -0.78609 2 
21.808 -53.717 8.61651 -0.77450 2 
24.373 -53.717 8.66222 -0.73564 2 
26.939 -53.717 8.67571 -0.63912 2 
29.504 -53.717 8.69051 -0.70441 2 
32.070 -53.717 8.68061 -0.71657 2 
34.636 -53.717 8.74215 -0.70146 2 
37.201 -53.717 8.79218 -0.65022 2 
39.767 -53.717 8.77430 -0.69578 2 
42.332 -53.717 8.75246 -0.51489 2 
44.898 -53.717 8.91163 -0.46153 2 
47.464 -53.717 8.83871 -0.56032 2 
50.029 -53.717 8.93849 -0.49570 2 
52.595 -53.717 8.95038 -0.39769 2 
55.160 -53.717 8.79503 -0.44097 2 
57.726 -53.717 8.86820 -0.28489 2 
60.292 -53.717 8.92715 -0.29096 2 
62.857 -53.717 8.90150 -0.17211 2 
65.423 -53.717 8.95403 -0.01319 2 
67.988 -53.717 8.94220 -0.01777 2 
70.554 -53.717 8.86867 0.09171 2 
73.120 -53.717 9.04294 0.09374 2 
75.685 -53.717 8.81247 0.08576 2 
78.251 -53.717 9.08612 0.18625 2 
80.816 -53.717 8.93217 0.23467 2 
83.382 -53.717 8.76794 0.24537 2 
85.948 -53.717 8.96187 0.36660 2 
88.513 -53.717 8.79029 0.35704 2 
91.079 -53.717 8.88378 0.36432 2 
93.644 -53.717 8.78390 0.39964 2 
96.210 -53.717 8.80136 0.41133 2 
98.776 -53.717 8.77424 0.67198 2 
101.341 -53.717 8.68812 0.53508 2 
103.907 -53.717 8.81194 0.59857 2 
106.472 -53.717 8.76940 0.57835 2 
109.038 -53.717 8.53655 0.66351 2 
111.603 -53.717 8.75808 0.55762 2 
114.169 -53.717 8.95333 0.67729 2 
116.735 -53.717 0.00000 -0.00000 0 
119.300 -53.717 0.00000 -0.00000 0 
-8.980 -56.283 0.00000 -0.00000 0 
-6.414 -56.283 0.00000 -0.00000 0 
-3.848 -56.283 0.00000 -0.00000 0 
-1.283 -56.283 0.00000 -0.00000 0 
1.283 -56.283 0.00000 -0.00000 0 
3.848 -56.283 0.00000 -0.00000 0 
6.414 -56.283 0.00000 -0.00000 0 
8.980 -56.283 0.00000 -0.00000 0 
11.545 -56.283 0.00000 -0.00000 0 
14.111 -56.283 0.00000 -0.00000 0 
16.676 -56.283 0.00000 -0.00000 0 
19.242 -56.283 0.00000 -0.00000 0 
21.808 -56.283 0.00000 -0.00000 0 
24.373 -56.283 0.00000 -0.00000 0 
26.939 -56.283 0.00000 -0.00000 0 
29.504 -56.283 0.00000 -0.00000 0 
32.070 -56.283 0.00000 -0.00000 0 
34.636 -56.283 0.00000 -0.00000 0 
37.201 -56.283 0.00000 -0.00000 0 
39.767 -56.283 0.00000 -0.00000 0 
42.332 -56.283 0.00000 -0.00000 0 
44.898 -56.283 0.00000 -0.00000 0 
47.464 -56.283 0.00000 -0.00000 0 
50.029 -56.283 0.00000 -0.00000 0 
52.595 -56.283 8.92610 -0.11229 2 
55.160 -56.283 8.88904 -0.26040 2 
57.726 -56.283 8.84268 -0.16181 2 
60.292 -56.283 8.93562 -0.19546 2 
62.857 -56.283 8.75838 -0.14185 2 
65.423 -56.283 8.95463 -0.07884 2 
67.988 -56.283 8.85709 -0.10609 2 
70.554 -56.283 8.98052 -0.02047 2 
73.120 -56.283 8.97664 0.14959 2 
75.685 -56.283 8.97289 0.08648 2 
78.251 -56.283 8.73220 0.15847 2 
80.816 -56.283 8.87031 0.12095 2 
83.382 -56.283 8.94915 0.22695 2 
85.948 -56.283 8.84935 0.10924 2 
88.513 -56.283 8.83915 0.21727 2 
91.079 -56.283 8.80964 0.21274 2 
93.644 -56.283 8.82052 0.25344 2 
96.210 -56.283 8.63202 0.40955 2 
98.776 -56.283 8.85279 0.26997 2 
101.341 -56.283 8.76310 0.36385 2 
103.907 -56.283 0.00000 -0.00000 0 
106.472 -56.283 0.00000 -0.00000 0 
109.038 -56.283 0.00000 -0.00000 0 
111.603 -56.283 0.00000 -0.00000 0 
114.169 -56.283 0.00000 -0.00000 0 
116.735 -56.283 0.00000 -0.00000 0 
119.300 -56.283 0.00000 -0.00000 0 
