TITLE = "B00086"
VARIABLES = "X [mm]", "Y [mm]", "Vx [m/s]", "Vy [m/s]", "Flag"
ZONE T="Frame 1", I=51, J=39, F=POINT
-8.980 41.210 7.29694 0.19096 2 
-6.414 41.210 7.23227 0.42475 2 
-3.848 41.210 7.08339 0.50074 2 
-1.283 41.210 7.15143 0.34968 2 
1.283 41.210 7.71491 0.60335 2 
3.848 41.210 0.00000 -0.00000 0 
6.414 41.210 0.00000 -0.00000 0 
8.980 41.210 0.00000 -0.00000 0 
11.545 41.210 0.00000 -0.00000 0 
14.111 41.210 0.00000 -0.00000 0 
16.676 41.210 0.00000 -0.00000 0 
19.242 41.210 4.00395 0.49217 2 
21.808 41.210 8.00790 0.98434 2 
24.373 41.210 7.28819 0.57476 2 
26.939 41.210 7.44260 0.71032 2 
29.504 41.210 7.37739 0.73914 2 
32.070 41.210 7.60677 0.66508 2 
34.636 41.210 7.60404 0.63656 2 
37.201 41.210 7.64112 0.71157 2 
39.767 41.210 7.66403 0.60353 2 
42.332 41.210 7.78140 0.87412 2 
44.898 41.210 7.80240 0.79872 2 
47.464 41.210 7.77788 0.88616 2 
50.029 41.210 7.95758 0.80039 2 
52.595 41.210 7.95769 0.78305 2 
55.160 41.210 8.01722 0.88593 2 
57.726 41.210 8.15804 0.93348 2 
60.292 41.210 8.41593 0.75440 2 
62.857 41.210 8.09619 0.88574 2 
65.423 41.210 8.30376 0.58149 2 
67.988 41.210 8.36272 0.63314 2 
70.554 41.210 8.31505 0.59223 2 
73.120 41.210 8.58904 0.65940 2 
75.685 41.210 8.51899 0.40000 2 
78.251 41.210 8.55633 0.48961 2 
80.816 41.210 0.00000 0.00000 0 
83.382 41.210 8.41205 0.45817 2 
85.948 41.210 8.49151 0.35070 2 
88.513 41.210 8.58942 0.36916 2 
91.079 41.210 8.58986 0.51794 2 
93.644 41.210 8.54346 0.24443 2 
96.210 41.210 8.71364 0.08335 2 
98.776 41.210 8.74827 0.27201 2 
101.341 41.210 8.52699 -0.02671 2 
103.907 41.210 8.74324 0.00628 2 
106.472 41.210 8.69950 -0.09910 2 
109.038 41.210 8.61498 -0.01955 2 
111.603 41.210 8.63135 -0.24643 2 
114.169 41.210 8.62467 0.07316 2 
116.735 41.210 8.70582 -0.23757 2 
119.300 41.210 0.00000 -0.00000 0 
-8.980 38.644 7.18026 0.30171 2 
-6.414 38.644 7.15516 0.36863 2 
-3.848 38.644 7.26252 0.19733 2 
-1.283 38.644 7.13999 0.49548 2 
1.283 38.644 7.35749 0.46956 2 
3.848 38.644 0.00000 -0.00000 0 
6.414 38.644 0.00000 -0.00000 0 
8.980 38.644 0.00000 -0.00000 0 
11.545 38.644 0.00000 -0.00000 0 
14.111 38.644 0.00000 -0.00000 0 
16.676 38.644 0.00000 -0.00000 0 
19.242 38.644 3.97530 0.33601 2 
21.808 38.644 7.95060 0.67201 2 
24.373 38.644 7.35817 0.74053 2 
26.939 38.644 7.37877 0.87333 2 
29.504 38.644 7.56668 1.04973 2 
32.070 38.644 7.61421 0.72519 2 
34.636 38.644 7.54174 0.99811 2 
37.201 38.644 7.62869 0.93774 2 
39.767 38.644 7.79932 1.01798 2 
42.332 38.644 7.81146 0.72875 2 
44.898 38.644 7.80270 1.03098 2 
47.464 38.644 7.88044 0.83821 2 
50.029 38.644 8.09406 0.84582 2 
52.595 38.644 8.05229 0.91808 2 
55.160 38.644 8.02570 0.87114 2 
57.726 38.644 8.23814 0.81957 2 
60.292 38.644 8.24808 0.92379 2 
62.857 38.644 8.20569 0.93403 2 
65.423 38.644 8.39930 0.94072 2 
67.988 38.644 8.56029 0.64535 2 
70.554 38.644 8.23575 0.66496 2 
73.120 38.644 8.44910 0.53104 2 
75.685 38.644 8.48568 0.80897 2 
78.251 38.644 8.66069 0.52315 2 
80.816 38.644 0.00000 0.00000 0 
83.382 38.644 8.68568 0.38735 2 
85.948 38.644 8.81194 0.36737 2 
88.513 38.644 8.64373 0.46036 2 
91.079 38.644 8.75155 0.29611 2 
93.644 38.644 8.69245 0.14163 2 
96.210 38.644 8.63665 0.15849 2 
98.776 38.644 8.54534 0.09838 2 
101.341 38.644 8.85854 0.10382 2 
103.907 38.644 8.58027 0.05227 2 
106.472 38.644 8.68148 -0.16869 2 
109.038 38.644 8.72325 -0.10872 2 
111.603 38.644 8.77049 -0.15079 2 
114.169 38.644 8.63705 -0.24860 2 
116.735 38.644 8.90862 -0.47366 2 
119.300 38.644 0.00000 -0.00000 0 
-8.980 36.079 7.23165 0.24665 2 
-6.414 36.079 7.04796 0.52063 2 
-3.848 36.079 7.20073 0.32068 2 
-1.283 36.079 7.18020 0.42791 2 
1.283 36.079 7.51998 0.43353 2 
3.848 36.079 0.00000 -0.00000 0 
6.414 36.079 0.00000 -0.00000 0 
8.980 36.079 0.00000 -0.00000 0 
11.545 36.079 0.00000 -0.00000 0 
14.111 36.079 0.00000 -0.00000 0 
16.676 36.079 0.00000 -0.00000 0 
19.242 36.079 3.87150 0.43470 2 
21.808 36.079 7.74300 0.86941 2 
24.373 36.079 7.33755 0.90778 2 
26.939 36.079 7.47005 0.66979 2 
29.504 36.079 7.54392 0.82686 2 
32.070 36.079 7.42887 0.88821 2 
34.636 36.079 7.57737 0.92520 2 
37.201 36.079 7.62421 0.93243 2 
39.767 36.079 7.62580 0.90992 2 
42.332 36.079 7.78261 0.90670 2 
44.898 36.079 7.73060 0.99258 2 
47.464 36.079 7.95953 1.00858 2 
50.029 36.079 7.89367 0.89426 2 
52.595 36.079 7.93191 0.77775 2 
55.160 36.079 8.12810 1.00174 2 
57.726 36.079 8.23738 1.04413 2 
60.292 36.079 8.24823 0.80250 2 
62.857 36.079 8.31519 0.98232 2 
65.423 36.079 8.41817 0.71314 2 
67.988 36.079 8.23455 1.04793 2 
70.554 36.079 8.71311 0.70153 2 
73.120 36.079 8.42923 0.89556 2 
75.685 36.079 8.62348 0.67366 2 
78.251 36.079 8.55245 0.65561 2 
80.816 36.079 0.00000 0.00000 0 
83.382 36.079 8.53360 0.49144 2 
85.948 36.079 8.65302 0.49540 2 
88.513 36.079 8.82593 0.34500 2 
91.079 36.079 8.71006 0.12762 2 
93.644 36.079 8.79356 0.33485 2 
96.210 36.079 8.79051 0.02557 2 
98.776 36.079 8.68741 0.10824 2 
101.341 36.079 8.96036 -0.06757 2 
103.907 36.079 8.67656 -0.07587 2 
106.472 36.079 8.75231 -0.00514 2 
109.038 36.079 8.68130 -0.18136 2 
111.603 36.079 8.67269 -0.25338 2 
114.169 36.079 8.76335 -0.21867 2 
116.735 36.079 8.94528 -0.43838 2 
119.300 36.079 0.00000 -0.00000 0 
-8.980 33.513 7.10817 0.49323 2 
-6.414 33.513 7.19420 0.20871 2 
-3.848 33.513 7.20616 0.36277 2 
-1.283 33.513 6.97087 0.44825 2 
1.283 33.513 7.52574 0.48837 2 
3.848 33.513 0.00000 -0.00000 0 
6.414 33.513 0.00000 -0.00000 0 
8.980 33.513 0.00000 -0.00000 0 
11.545 33.513 0.00000 -0.00000 0 
14.111 33.513 0.00000 -0.00000 0 
16.676 33.513 0.00000 -0.00000 0 
19.242 33.513 3.93314 0.39497 2 
21.808 33.513 7.86628 0.78993 2 
24.373 33.513 7.22471 0.81589 2 
26.939 33.513 7.38000 0.97956 2 
29.504 33.513 7.56775 1.03957 2 
32.070 33.513 7.40729 0.68917 2 
34.636 33.513 7.52555 1.15869 2 
37.201 33.513 7.64617 0.79203 2 
39.767 33.513 7.57541 1.08292 2 
42.332 33.513 7.83618 1.02585 2 
44.898 33.513 7.85633 0.92771 2 
47.464 33.513 8.01395 1.09911 2 
50.029 33.513 7.95977 0.88565 2 
52.595 33.513 7.94159 1.03841 2 
55.160 33.513 8.21413 1.08686 2 
57.726 33.513 8.11457 0.93801 2 
60.292 33.513 8.22765 0.83639 2 
62.857 33.513 8.24958 0.88678 2 
65.423 33.513 8.18392 1.08213 2 
67.988 33.513 8.53131 0.92960 2 
70.554 33.513 8.41687 0.82763 2 
73.120 33.513 8.65072 0.86269 2 
75.685 33.513 8.47445 0.72375 2 
78.251 33.513 8.83200 0.79884 2 
80.816 33.513 0.00000 0.00000 0 
83.382 33.513 8.73420 0.50722 2 
85.948 33.513 8.75780 0.44133 2 
88.513 33.513 8.76406 0.44324 2 
91.079 33.513 8.61120 0.07274 2 
93.644 33.513 8.82805 0.16629 2 
96.210 33.513 8.84202 0.39387 2 
98.776 33.513 8.66689 -0.03917 2 
101.341 33.513 8.71739 0.13815 2 
103.907 33.513 8.67008 -0.00565 2 
106.472 33.513 8.87076 -0.25757 2 
109.038 33.513 8.73050 0.03194 2 
111.603 33.513 8.91301 -0.38914 2 
114.169 33.513 8.69188 -0.51585 2 
116.735 33.513 9.13757 -0.51371 2 
119.300 33.513 0.00000 -0.00000 0 
-8.980 30.948 7.01006 0.26120 2 
-6.414 30.948 7.22234 0.39811 2 
-3.848 30.948 6.95326 0.41585 2 
-1.283 30.948 7.18087 0.44428 2 
1.283 30.948 7.28717 0.49685 2 
3.848 30.948 0.00000 -0.00000 0 
6.414 30.948 0.00000 -0.00000 0 
8.980 30.948 0.00000 -0.00000 0 
11.545 30.948 0.00000 -0.00000 0 
14.111 30.948 0.00000 -0.00000 0 
16.676 30.948 0.00000 -0.00000 0 
19.242 30.948 3.80634 0.43307 2 
21.808 30.948 7.61268 0.86614 2 
24.373 30.948 7.20087 1.04972 2 
26.939 30.948 7.44633 0.88492 2 
29.504 30.948 7.31105 0.95681 2 
32.070 30.948 7.52390 1.11199 2 
34.636 30.948 7.68573 1.11948 2 
37.201 30.948 7.57445 0.86746 2 
39.767 30.948 7.64000 1.11902 2 
42.332 30.948 7.61310 1.05044 2 
44.898 30.948 7.79216 1.06976 2 
47.464 30.948 7.93175 1.03593 2 
50.029 30.948 7.89903 1.13336 2 
52.595 30.948 8.09875 1.07768 2 
55.160 30.948 8.11594 1.00698 2 
57.726 30.948 8.18798 0.98143 2 
60.292 30.948 8.31522 0.79638 2 
62.857 30.948 8.40707 1.01363 2 
65.423 30.948 8.19449 0.75962 2 
67.988 30.948 8.56663 1.01741 2 
70.554 30.948 8.53817 0.78529 2 
73.120 30.948 8.61584 0.83722 2 
75.685 30.948 8.73854 0.80402 2 
78.251 30.948 8.67186 0.65850 2 
80.816 30.948 0.00000 0.00000 0 
83.382 30.948 8.77779 0.57330 2 
85.948 30.948 8.75790 0.47069 2 
88.513 30.948 8.88418 0.38070 2 
91.079 30.948 8.98744 0.40771 2 
93.644 30.948 8.83243 0.34578 2 
96.210 30.948 9.07993 0.19541 2 
98.776 30.948 8.96301 -0.02900 2 
101.341 30.948 8.80965 -0.00477 2 
103.907 30.948 9.00966 -0.21374 2 
106.472 30.948 8.89430 -0.01822 2 
109.038 30.948 8.80911 -0.04187 2 
111.603 30.948 9.03668 -0.22984 2 
114.169 30.948 9.14170 -0.19723 2 
116.735 30.948 9.49747 -0.30562 2 
119.300 30.948 0.00000 -0.00000 0 
-8.980 28.382 7.05302 0.16619 2 
-6.414 28.382 7.14418 0.32288 2 
-3.848 28.382 7.07994 0.28985 2 
-1.283 28.382 6.95297 0.46998 2 
1.283 28.382 7.49220 0.41498 2 
3.848 28.382 3.72962 0.23490 2 
6.414 28.382 0.00000 -0.00000 0 
8.980 28.382 0.00000 -0.00000 0 
11.545 28.382 0.00000 -0.00000 0 
14.111 28.382 0.00000 -0.00000 0 
16.676 28.382 3.85238 0.44391 2 
19.242 28.382 7.70475 0.88782 2 
21.808 28.382 7.34514 0.82790 2 
24.373 28.382 7.06068 0.87452 2 
26.939 28.382 7.30194 1.02241 2 
29.504 28.382 7.29174 1.09565 2 
32.070 28.382 7.46764 1.04789 2 
34.636 28.382 7.40937 1.03128 2 
37.201 28.382 7.61590 1.01855 2 
39.767 28.382 7.73047 1.19486 2 
42.332 28.382 7.65749 0.82839 2 
44.898 28.382 7.80467 1.12613 2 
47.464 28.382 8.05919 1.26304 2 
50.029 28.382 7.90857 1.07611 2 
52.595 28.382 8.02498 0.96530 2 
55.160 28.382 8.24301 1.15699 2 
57.726 28.382 8.14785 1.09025 2 
60.292 28.382 8.25217 0.93786 2 
62.857 28.382 8.27768 1.03044 2 
65.423 28.382 8.73754 1.01836 2 
67.988 28.382 8.33243 0.72654 2 
70.554 28.382 8.60407 1.01870 2 
73.120 28.382 8.58095 0.81175 2 
75.685 28.382 8.85066 0.87879 2 
78.251 28.382 8.65906 0.65981 2 
80.816 28.382 8.81188 0.67277 2 
83.382 28.382 9.03303 0.61923 2 
85.948 28.382 8.89808 0.55953 2 
88.513 28.382 8.98030 0.38076 2 
91.079 28.382 8.61214 0.30191 2 
93.644 28.382 9.22922 0.13381 2 
96.210 28.382 8.95961 0.03607 2 
98.776 28.382 8.85874 0.19641 2 
101.341 28.382 8.80461 0.06240 2 
103.907 28.382 8.81870 -0.07593 2 
106.472 28.382 8.79578 -0.02212 2 
109.038 28.382 8.91366 -0.14059 2 
111.603 28.382 9.08871 -0.09169 2 
114.169 28.382 8.81359 -0.24414 2 
116.735 28.382 9.21363 -0.63548 2 
119.300 28.382 0.00000 -0.00000 0 
-8.980 25.816 7.12325 0.30710 2 
-6.414 25.816 7.03940 0.30899 2 
-3.848 25.816 6.94156 0.44602 2 
-1.283 25.816 7.02407 0.31958 2 
1.283 25.816 7.07214 0.55878 2 
3.848 25.816 7.45924 0.46981 2 
6.414 25.816 0.00000 -0.00000 0 
8.980 25.816 0.00000 -0.00000 0 
11.545 25.816 0.00000 -0.00000 0 
14.111 25.816 0.00000 -0.00000 0 
16.676 25.816 4.42344 0.61379 2 
19.242 25.816 7.94908 1.08907 2 
21.808 25.816 6.88385 0.85028 2 
24.373 25.816 7.28090 1.04501 2 
26.939 25.816 7.27024 1.09462 2 
29.504 25.816 7.19884 1.10023 2 
32.070 25.816 7.61076 1.20642 2 
34.636 25.816 7.31728 1.30358 2 
37.201 25.816 7.76510 1.18705 2 
39.767 25.816 7.54651 1.31615 2 
42.332 25.816 7.86348 1.19165 2 
44.898 25.816 7.72251 1.06112 2 
47.464 25.816 8.05351 0.96217 2 
50.029 25.816 7.95821 1.24927 2 
52.595 25.816 8.06940 1.28306 2 
55.160 25.816 8.19413 0.95431 2 
57.726 25.816 8.40740 1.23741 2 
60.292 25.816 8.14013 1.05521 2 
62.857 25.816 8.58567 0.94644 2 
65.423 25.816 8.42702 1.18112 2 
67.988 25.816 8.56010 1.00929 2 
70.554 25.816 8.71742 1.22316 2 
73.120 25.816 8.58268 0.99728 2 
75.685 25.816 8.70234 0.79961 2 
78.251 25.816 8.98535 0.96031 2 
80.816 25.816 8.82608 0.66964 2 
83.382 25.816 0.00000 0.00000 0 
85.948 25.816 9.10948 0.64096 2 
88.513 25.816 9.27031 0.46864 2 
91.079 25.816 9.10079 0.26779 2 
93.644 25.816 8.99829 0.10615 2 
96.210 25.816 9.06012 0.14537 2 
98.776 25.816 8.97797 -0.25955 2 
101.341 25.816 9.02461 -0.25230 2 
103.907 25.816 8.77384 -0.05367 2 
106.472 25.816 8.84794 0.08645 2 
109.038 25.816 8.71562 0.14449 2 
111.603 25.816 8.94811 0.21703 2 
114.169 25.816 9.43348 0.15322 2 
116.735 25.816 9.64711 -0.40126 2 
119.300 25.816 0.00000 -0.00000 0 
-8.980 23.251 7.01378 0.16704 2 
-6.414 23.251 7.07842 0.30737 2 
-3.848 23.251 6.89521 0.29971 2 
-1.283 23.251 6.82448 0.50384 2 
1.283 23.251 6.84793 0.38674 2 
3.848 23.251 6.94295 0.54313 2 
6.414 23.251 0.00000 -0.00000 0 
8.980 23.251 0.00000 -0.00000 0 
11.545 23.251 0.00000 -0.00000 0 
14.111 23.251 0.00000 -0.00000 0 
16.676 23.251 4.09670 0.64516 2 
19.242 23.251 8.19341 1.29033 2 
21.808 23.251 6.95938 1.07110 2 
24.373 23.251 7.30800 1.16591 2 
26.939 23.251 7.31804 1.09931 2 
29.504 23.251 7.30636 1.17175 2 
32.070 23.251 7.38320 1.22967 2 
34.636 23.251 7.41642 1.32620 2 
37.201 23.251 7.44434 1.34403 2 
39.767 23.251 7.65655 1.23521 2 
42.332 23.251 7.61215 1.21481 2 
44.898 23.251 7.79786 1.19922 2 
47.464 23.251 8.07189 1.46262 2 
50.029 23.251 7.99578 1.20569 2 
52.595 23.251 8.06998 1.29777 2 
55.160 23.251 8.18513 1.13921 2 
57.726 23.251 8.37946 1.09388 2 
60.292 23.251 8.22556 1.22590 2 
62.857 23.251 8.43816 1.18608 2 
65.423 23.251 8.37388 1.14157 2 
67.988 23.251 8.43010 1.14699 2 
70.554 23.251 8.54721 0.89532 2 
73.120 23.251 8.80611 1.20579 2 
75.685 23.251 8.71271 1.11899 2 
78.251 23.251 9.14032 0.91621 2 
80.816 23.251 9.02467 1.01864 2 
83.382 23.251 0.00000 0.00000 0 
85.948 23.251 8.82172 0.56517 2 
88.513 23.251 9.20553 0.36519 2 
91.079 23.251 9.58933 0.16521 2 
93.644 23.251 9.19621 0.04879 2 
96.210 23.251 9.14779 -0.18270 2 
98.776 23.251 9.25422 -0.21457 2 
101.341 23.251 9.05472 -0.14648 2 
103.907 23.251 8.64681 -0.24093 2 
106.472 23.251 8.57840 0.42133 2 
109.038 23.251 8.77716 0.51498 2 
111.603 23.251 9.14170 0.71117 2 
114.169 23.251 9.87572 0.18260 2 
116.735 23.251 10.56649 -0.35047 2 
119.300 23.251 0.00000 -0.00000 0 
-8.980 20.685 6.82076 0.13384 2 
-6.414 20.685 7.04450 0.19949 2 
-3.848 20.685 6.76383 0.33091 2 
-1.283 20.685 6.86410 0.30504 2 
1.283 20.685 6.82296 0.52087 2 
3.848 20.685 7.04403 0.64510 2 
6.414 20.685 0.00000 -0.00000 0 
8.980 20.685 0.00000 -0.00000 0 
11.545 20.685 0.00000 -0.00000 0 
14.111 20.685 0.00000 -0.00000 0 
16.676 20.685 -0.98076 0.19923 2 
19.242 20.685 7.65862 1.16772 2 
21.808 20.685 7.02142 0.93725 2 
24.373 20.685 7.00877 1.08361 2 
26.939 20.685 7.10346 1.24223 2 
29.504 20.685 7.26495 1.32081 2 
32.070 20.685 7.43435 1.35475 2 
34.636 20.685 7.30323 1.31167 2 
37.201 20.685 7.75628 1.25464 2 
39.767 20.685 7.76558 1.41008 2 
42.332 20.685 7.81507 1.40527 2 
44.898 20.685 7.88641 1.28496 2 
47.464 20.685 8.01823 1.46530 2 
50.029 20.685 8.04430 1.13380 2 
52.595 20.685 8.08953 1.52965 2 
55.160 20.685 8.08929 1.28292 2 
57.726 20.685 8.19444 1.08451 2 
60.292 20.685 8.15284 1.21152 2 
62.857 20.685 8.61886 1.33160 2 
65.423 20.685 8.76096 1.35951 2 
67.988 20.685 9.09235 0.93962 2 
70.554 20.685 8.78224 1.13800 2 
73.120 20.685 8.97372 1.28558 2 
75.685 20.685 4.35636 0.55950 2 
78.251 20.685 8.69976 1.29662 2 
80.816 20.685 10.28545 1.05208 2 
83.382 20.685 0.00000 0.00000 0 
85.948 20.685 0.00000 0.00000 0 
88.513 20.685 0.00000 0.00000 0 
91.079 20.685 9.29866 0.59852 2 
93.644 20.685 9.77569 0.28165 2 
96.210 20.685 9.96208 -0.07460 2 
98.776 20.685 7.75290 -0.12433 2 
101.341 20.685 6.61969 -0.24913 2 
103.907 20.685 8.74997 -0.31192 2 
106.472 20.685 7.91074 0.45183 2 
109.038 20.685 8.52636 0.95328 2 
111.603 20.685 9.14198 1.45472 2 
114.169 20.685 11.04957 0.66508 2 
116.735 20.685 9.20079 -0.02429 2 
119.300 20.685 0.00000 -0.00000 0 
-8.980 18.120 6.88891 0.10253 2 
-6.414 18.120 6.91895 0.15664 2 
-3.848 18.120 6.78900 0.21731 2 
-1.283 18.120 6.72935 0.37664 2 
1.283 18.120 6.65869 0.43120 2 
3.848 18.120 6.77136 0.63206 2 
6.414 18.120 0.00000 -0.00000 0 
8.980 18.120 0.00000 -0.00000 0 
11.545 18.120 0.00000 -0.00000 0 
14.111 18.120 0.00000 -0.00000 0 
16.676 18.120 -0.25803 0.15088 2 
19.242 18.120 7.72748 0.98988 2 
21.808 18.120 6.84529 1.29652 2 
24.373 18.120 7.03699 1.22438 2 
26.939 18.120 7.33686 1.42569 2 
29.504 18.120 7.17535 1.35736 2 
32.070 18.120 7.40070 1.46917 2 
34.636 18.120 7.33421 1.33910 2 
37.201 18.120 7.37001 1.40750 2 
39.767 18.120 7.49850 1.59163 2 
42.332 18.120 7.67795 1.56125 2 
44.898 18.120 7.82787 1.48419 2 
47.464 18.120 8.01167 1.41609 2 
50.029 18.120 7.94306 1.40459 2 
52.595 18.120 7.96391 1.53648 2 
55.160 18.120 4.04465 0.64146 2 
57.726 18.120 8.17902 1.07721 2 
60.292 18.120 8.97667 1.37500 2 
62.857 18.120 8.86911 1.51586 2 
65.423 18.120 7.73266 1.35060 2 
67.988 18.120 0.00000 -0.00000 0 
70.554 18.120 0.00000 -0.00000 0 
73.120 18.120 0.00000 -0.00000 0 
75.685 18.120 0.00000 -0.00000 0 
78.251 18.120 0.00000 -0.00000 0 
80.816 18.120 0.00000 -0.00000 0 
83.382 18.120 0.00000 -0.00000 0 
85.948 18.120 0.04640 0.38310 2 
88.513 18.120 0.72531 0.52186 2 
91.079 18.120 5.08562 0.12974 2 
93.644 18.120 9.44592 -0.26238 2 
96.210 18.120 10.77636 0.03350 2 
98.776 18.120 6.25158 -0.03408 2 
101.341 18.120 4.18466 -0.35178 2 
103.907 18.120 7.03139 -0.56419 2 
106.472 18.120 7.26635 0.49604 2 
109.038 18.120 6.43213 1.32369 2 
111.603 18.120 6.37946 1.36937 2 
114.169 18.120 5.09735 2.56879 2 
116.735 18.120 7.83509 0.30188 2 
119.300 18.120 0.00000 -0.00000 0 
-8.980 15.554 6.83809 0.09728 2 
-6.414 15.554 6.74459 -0.00453 2 
-3.848 15.554 6.61998 0.26579 2 
-1.283 15.554 6.71183 0.20080 2 
1.283 15.554 6.58171 0.38507 2 
3.848 15.554 6.92208 0.61431 2 
6.414 15.554 0.00000 -0.00000 0 
8.980 15.554 0.00000 -0.00000 0 
11.545 15.554 0.00000 -0.00000 0 
14.111 15.554 0.00000 -0.00000 0 
16.676 15.554 -0.96902 0.22113 2 
19.242 15.554 7.10185 1.31599 2 
21.808 15.554 6.74306 1.17702 2 
24.373 15.554 7.13882 1.29464 2 
26.939 15.554 6.91269 1.34702 2 
29.504 15.554 7.16265 1.66938 2 
32.070 15.554 6.82454 1.51312 2 
34.636 15.554 7.41490 1.58483 2 
37.201 15.554 7.42237 1.50997 2 
39.767 15.554 7.91701 1.69067 2 
42.332 15.554 8.13344 1.43055 2 
44.898 15.554 8.11659 1.71787 2 
47.464 15.554 8.00963 1.67561 2 
50.029 15.554 8.41381 1.51872 2 
52.595 15.554 3.98196 0.76824 2 
55.160 15.554 0.00000 -0.00000 0 
57.726 15.554 0.00000 -0.00000 0 
60.292 15.554 0.00000 -0.00000 0 
62.857 15.554 0.00000 -0.00000 0 
65.423 15.554 0.00000 -0.00000 0 
67.988 15.554 0.00000 -0.00000 0 
70.554 15.554 0.00000 -0.00000 0 
73.120 15.554 0.00000 -0.00000 0 
75.685 15.554 0.00000 -0.00000 0 
78.251 15.554 0.00000 -0.00000 0 
80.816 15.554 -0.82633 -0.59295 2 
83.382 15.554 0.86305 0.11773 2 
85.948 15.554 -0.86044 -0.08607 2 
88.513 15.554 -0.22126 0.44590 2 
91.079 15.554 0.61850 0.70302 2 
93.644 15.554 1.45826 0.96014 2 
96.210 15.554 4.11028 0.56199 2 
98.776 15.554 2.04337 0.24430 2 
101.341 15.554 -0.02354 -0.07340 2 
103.907 15.554 -2.04475 0.05746 2 
106.472 15.554 1.55108 0.90462 2 
109.038 15.554 1.82184 2.74085 2 
111.603 15.554 3.61695 1.28402 2 
114.169 15.554 4.91693 3.48212 2 
116.735 15.554 4.84937 1.69180 2 
119.300 15.554 -0.61770 0.72063 2 
-8.980 12.988 6.76755 0.12151 2 
-6.414 12.988 6.77604 -0.08045 2 
-3.848 12.988 6.67218 0.13763 2 
-1.283 12.988 6.49116 0.27863 2 
1.283 12.988 6.41807 0.18899 2 
3.848 12.988 6.40441 0.50880 2 
6.414 12.988 0.00000 -0.00000 0 
8.980 12.988 0.00000 -0.00000 0 
11.545 12.988 0.00000 -0.00000 0 
14.111 12.988 0.00000 -0.00000 0 
16.676 12.988 3.58771 0.68843 2 
19.242 12.988 7.17543 1.37686 2 
21.808 12.988 6.87708 1.59978 2 
24.373 12.988 7.14099 1.72246 2 
26.939 12.988 7.12827 1.63548 2 
29.504 12.988 6.68833 1.59627 2 
32.070 12.988 6.24839 1.55706 2 
34.636 12.988 8.13392 1.80218 2 
37.201 12.988 7.86161 1.68645 2 
39.767 12.988 3.95850 0.84534 2 
42.332 12.988 0.00000 -0.00000 0 
44.898 12.988 0.00000 -0.00000 0 
47.464 12.988 0.00000 -0.00000 0 
50.029 12.988 0.00000 -0.00000 0 
52.595 12.988 0.00000 -0.00000 0 
55.160 12.988 0.00000 -0.00000 0 
57.726 12.988 0.00000 -0.00000 0 
60.292 12.988 0.00000 -0.00000 0 
62.857 12.988 0.00000 -0.00000 0 
65.423 12.988 0.00000 -0.00000 0 
67.988 12.988 0.00000 -0.00000 0 
70.554 12.988 0.00000 -0.00000 0 
73.120 12.988 0.00000 -0.00000 0 
75.685 12.988 -0.81057 -0.52739 2 
78.251 12.988 -1.62891 -0.50114 2 
80.816 12.988 -0.89211 -0.13992 2 
83.382 12.988 -1.88760 -0.55656 2 
85.948 12.988 -1.73560 0.17298 2 
88.513 12.988 -2.45627 0.24544 2 
91.079 12.988 -3.12650 0.95063 2 
93.644 12.988 -3.91873 -0.07617 2 
96.210 12.988 -4.30287 0.93364 2 
98.776 12.988 -4.26730 0.56931 2 
101.341 12.988 -4.23174 0.20498 2 
103.907 12.988 -3.43084 2.01904 2 
106.472 12.988 -1.09157 2.35517 2 
109.038 12.988 1.44702 0.91867 2 
111.603 12.988 2.68937 2.54710 2 
114.169 12.988 2.60934 1.35221 2 
116.735 12.988 1.86366 3.08172 2 
119.300 12.988 -0.04199 1.30521 2 
-8.980 10.423 6.77941 -0.16419 2 
-6.414 10.423 6.59227 -0.05996 2 
-3.848 10.423 6.54623 -0.04670 2 
-1.283 10.423 6.49085 0.13081 2 
1.283 10.423 6.20528 0.36040 2 
3.848 10.423 6.37355 0.46726 2 
6.414 10.423 1.59496 0.06432 2 
8.980 10.423 0.00000 -0.00000 0 
11.545 10.423 0.00000 -0.00000 0 
14.111 10.423 0.00000 -0.00000 0 
16.676 10.423 2.87017 0.55074 2 
19.242 10.423 4.78362 0.91790 2 
21.808 10.423 6.51697 1.45696 2 
24.373 10.423 7.27384 1.92604 2 
26.939 10.423 7.75138 1.96091 2 
29.504 10.423 3.87569 0.98045 2 
32.070 10.423 0.00000 -0.00000 0 
34.636 10.423 0.00000 -0.00000 0 
37.201 10.423 0.00000 -0.00000 0 
39.767 10.423 0.00000 -0.00000 0 
42.332 10.423 0.00000 -0.00000 0 
44.898 10.423 0.00000 -0.00000 0 
47.464 10.423 0.00000 -0.00000 0 
50.029 10.423 0.00000 -0.00000 0 
52.595 10.423 0.00000 -0.00000 0 
55.160 10.423 0.00000 -0.00000 0 
57.726 10.423 0.00000 -0.00000 0 
60.292 10.423 0.00000 -0.00000 0 
62.857 10.423 0.00000 -0.00000 0 
65.423 10.423 0.00000 -0.00000 0 
67.988 10.423 -0.79915 -0.32286 2 
70.554 10.423 -1.22151 -0.63992 2 
73.120 10.423 -0.19015 -0.15363 2 
75.685 10.423 -1.62114 -1.05477 2 
78.251 10.423 -1.90890 -0.42289 2 
80.816 10.423 -1.11674 -0.50545 2 
83.382 10.423 -1.93012 -0.62183 2 
85.948 10.423 -1.98189 -0.97616 2 
88.513 10.423 -2.45137 0.08488 2 
91.079 10.423 -2.76118 1.01164 2 
93.644 10.423 -4.04082 0.67411 2 
96.210 10.423 -3.46292 0.90960 2 
98.776 10.423 -4.28092 0.68047 2 
101.341 10.423 -3.44758 0.48891 2 
103.907 10.423 -3.21111 1.79504 2 
106.472 10.423 -2.52324 2.44403 2 
109.038 10.423 -3.16361 2.31759 2 
111.603 10.423 -1.63194 3.31307 2 
114.169 10.423 0.18356 3.83261 2 
116.735 10.423 1.55451 4.01135 2 
119.300 10.423 0.53372 1.88980 2 
-8.980 7.857 6.66028 -0.20795 2 
-6.414 7.857 6.59057 -0.18103 2 
-3.848 7.857 6.41430 -0.23065 2 
-1.283 7.857 6.41598 0.03650 2 
1.283 7.857 6.13483 0.14125 2 
3.848 7.857 6.37984 0.25729 2 
6.414 7.857 3.18992 0.12865 2 
8.980 7.857 0.00000 -0.00000 0 
11.545 7.857 0.00000 -0.00000 0 
14.111 7.857 -0.08979 0.10589 1 
16.676 7.857 1.43509 0.27537 2 
19.242 7.857 2.39181 0.45895 2 
21.808 7.857 0.00000 -0.00000 0 
24.373 7.857 0.00000 -0.00000 0 
26.939 7.857 0.00000 -0.00000 0 
29.504 7.857 0.00000 -0.00000 0 
32.070 7.857 0.00000 -0.00000 0 
34.636 7.857 0.00000 -0.00000 0 
37.201 7.857 0.00000 -0.00000 0 
39.767 7.857 0.00000 -0.00000 0 
42.332 7.857 0.00000 -0.00000 0 
44.898 7.857 0.00000 -0.00000 0 
47.464 7.857 0.00000 -0.00000 0 
50.029 7.857 0.00000 -0.00000 0 
52.595 7.857 0.00000 -0.00000 0 
55.160 7.857 0.00000 -0.00000 0 
57.726 7.857 0.00000 -0.00000 0 
60.292 7.857 -0.40019 -0.12650 2 
62.857 7.857 -0.35453 -0.06415 2 
65.423 7.857 -1.30634 -0.77204 2 
67.988 7.857 -1.59829 -0.64573 2 
70.554 7.857 -1.69072 -0.50573 2 
73.120 7.857 -0.35284 -0.63282 2 
75.685 7.857 -0.97551 -1.27063 2 
78.251 7.857 -1.50748 -0.68953 2 
80.816 7.857 -1.75280 -0.62135 2 
83.382 7.857 -0.90423 -0.60283 2 
85.948 7.857 -2.23438 -0.94100 2 
88.513 7.857 -0.82977 -0.22869 2 
91.079 7.857 -2.64076 0.41039 2 
93.644 7.857 -2.46602 0.05417 2 
96.210 7.857 -2.62298 0.88555 2 
98.776 7.857 -2.04941 0.17607 2 
101.341 7.857 -1.02711 1.39761 2 
103.907 7.857 -2.81493 1.08023 2 
106.472 7.857 -1.21962 1.65600 2 
109.038 7.857 -2.95197 1.79857 2 
111.603 7.857 -1.38782 3.42271 2 
114.169 7.857 -1.09034 3.57984 2 
116.735 7.857 -0.29109 3.09749 2 
119.300 7.857 -0.00786 2.58345 2 
-8.980 5.292 6.54453 -0.27880 2 
-6.414 5.292 6.63649 -0.44792 2 
-3.848 5.292 6.42795 -0.38411 2 
-1.283 5.292 6.16946 -0.31610 2 
1.283 5.292 5.79820 -0.20856 2 
3.848 5.292 6.22323 0.18999 2 
6.414 5.292 3.11161 0.09500 2 
8.980 5.292 0.00000 -0.00000 0 
11.545 5.292 0.00000 -0.00000 0 
14.111 5.292 0.00000 -0.00000 0 
16.676 5.292 0.00000 -0.00000 0 
19.242 5.292 0.00000 -0.00000 0 
21.808 5.292 0.00000 -0.00000 0 
24.373 5.292 0.00000 -0.00000 0 
26.939 5.292 0.00000 -0.00000 0 
29.504 5.292 0.00000 -0.00000 0 
32.070 5.292 0.00000 -0.00000 0 
34.636 5.292 0.00000 -0.00000 0 
37.201 5.292 0.00000 -0.00000 0 
39.767 5.292 0.00000 -0.00000 0 
42.332 5.292 0.00000 -0.00000 0 
44.898 5.292 0.00000 -0.00000 0 
47.464 5.292 0.00000 -0.00000 0 
50.029 5.292 0.00000 -0.00000 0 
52.595 5.292 -0.07502 0.01226 2 
55.160 5.292 -0.29906 -0.29249 2 
57.726 5.292 -0.50596 -0.24174 2 
60.292 5.292 -0.80038 -0.25301 2 
62.857 5.292 -1.32957 -0.67630 2 
65.423 5.292 -1.29200 -0.81883 2 
67.988 5.292 -1.04237 -0.76495 2 
70.554 5.292 -0.80157 -0.54157 2 
73.120 5.292 -0.51554 -1.11201 2 
75.685 5.292 -1.01492 -0.74044 2 
78.251 5.292 -1.06125 -1.11187 2 
80.816 5.292 -1.31786 -1.02224 2 
83.382 5.292 -0.44055 -0.93431 2 
85.948 5.292 -0.27553 -1.17500 2 
88.513 5.292 -0.57813 -1.03450 2 
91.079 5.292 -1.15000 -0.84316 2 
93.644 5.292 -2.86789 0.43190 2 
96.210 5.292 -1.92070 -0.52583 2 
98.776 5.292 -1.12849 1.79641 2 
101.341 5.292 -0.40793 1.41743 2 
103.907 5.292 -1.61462 0.89599 2 
106.472 5.292 0.08401 0.86796 2 
109.038 5.292 -2.74032 1.27956 2 
111.603 5.292 -1.24515 3.00867 2 
114.169 5.292 -2.36423 3.32707 2 
116.735 5.292 -2.13669 2.18363 2 
119.300 5.292 -0.66336 2.85588 2 
-8.980 2.726 6.58785 -0.51283 2 
-6.414 2.726 6.78477 -0.61594 2 
-3.848 2.726 6.15738 -0.50698 2 
-1.283 2.726 6.14826 -0.34762 2 
1.283 2.726 5.81982 -0.51742 2 
3.848 2.726 6.99556 -0.12854 2 
6.414 2.726 0.00000 -0.00000 0 
8.980 2.726 0.00000 -0.00000 0 
11.545 2.726 0.00000 -0.00000 0 
14.111 2.726 0.00000 -0.00000 0 
16.676 2.726 0.00000 -0.00000 0 
19.242 2.726 0.00000 -0.00000 0 
21.808 2.726 0.00000 -0.00000 0 
24.373 2.726 0.00000 -0.00000 0 
26.939 2.726 0.00000 -0.00000 0 
29.504 2.726 0.00000 -0.00000 0 
32.070 2.726 0.00000 -0.00000 0 
34.636 2.726 0.00000 -0.00000 0 
37.201 2.726 0.00000 -0.00000 0 
39.767 2.726 0.00000 -0.00000 0 
42.332 2.726 0.00000 -0.00000 0 
44.898 2.726 0.00000 -0.00000 0 
47.464 2.726 0.01765 0.01084 2 
50.029 2.726 0.03529 0.02169 2 
52.595 2.726 -0.15004 0.02451 2 
55.160 2.726 -0.59812 -0.58499 2 
57.726 2.726 -0.76869 -0.49873 2 
60.292 2.726 -0.95427 -0.81441 2 
62.857 2.726 -1.79300 -0.75557 2 
65.423 2.726 -1.27766 -0.86561 2 
67.988 2.726 -1.12610 -1.05144 2 
70.554 2.726 -0.50548 -0.94159 2 
73.120 2.726 -0.71737 -1.36521 2 
75.685 2.726 -0.55617 -0.78808 2 
78.251 2.726 -0.62183 -1.33823 2 
80.816 2.726 -0.72215 -1.01591 2 
83.382 2.726 -0.27974 -0.67910 2 
85.948 2.726 0.16266 -0.34228 2 
88.513 2.726 -0.23473 -1.56844 2 
91.079 2.726 -1.13025 -1.70896 2 
93.644 2.726 -2.89915 -0.19279 2 
96.210 2.726 -2.86836 0.30356 2 
98.776 2.726 -1.67001 1.65809 2 
101.341 2.726 -1.01861 1.78892 2 
103.907 2.726 -0.41431 0.71176 2 
106.472 2.726 -0.30166 1.05234 2 
109.038 2.726 -1.26847 0.85394 2 
111.603 2.726 -1.54450 2.36517 2 
114.169 2.726 -2.27745 3.09388 2 
116.735 2.726 -1.65028 2.81583 2 
119.300 2.726 -0.40252 2.88676 2 
-8.980 0.160 6.70732 -0.55632 2 
-6.414 0.160 6.61083 -0.41888 2 
-3.848 0.160 6.36537 -0.68626 2 
-1.283 0.160 6.29784 -0.75200 2 
1.283 0.160 6.17915 -0.88508 2 
3.848 0.160 0.00000 -0.00000 0 
6.414 0.160 0.00000 -0.00000 0 
8.980 0.160 0.00000 -0.00000 0 
11.545 0.160 0.00000 -0.00000 0 
14.111 0.160 0.00000 -0.00000 0 
16.676 0.160 0.00000 -0.00000 0 
19.242 0.160 0.00000 -0.00000 0 
21.808 0.160 0.00000 -0.00000 0 
24.373 0.160 0.00000 -0.00000 0 
26.939 0.160 0.00000 -0.00000 0 
29.504 0.160 0.00000 -0.00000 0 
32.070 0.160 0.00000 -0.00000 0 
34.636 0.160 0.00000 -0.00000 0 
37.201 0.160 0.00000 -0.00000 0 
39.767 0.160 0.06616 0.19094 2 
42.332 0.160 0.28251 0.02338 2 
44.898 0.160 0.27217 0.07830 2 
47.464 0.160 0.22660 0.01317 2 
50.029 0.160 0.18103 -0.05195 2 
52.595 0.160 -0.60245 -0.99001 2 
55.160 0.160 -1.19850 -1.00044 2 
57.726 0.160 -0.83824 -0.65066 2 
60.292 0.160 -0.53788 -0.56918 2 
62.857 0.160 -0.23751 -0.48769 2 
65.423 0.160 -0.30539 -0.31780 2 
67.988 0.160 -0.53764 -1.28931 2 
70.554 0.160 -0.37174 -0.84986 2 
73.120 0.160 -0.02781 -1.02441 2 
75.685 0.160 -0.61530 -0.17041 2 
78.251 0.160 -0.42544 -0.65609 2 
80.816 0.160 0.49444 -0.73050 2 
83.382 0.160 0.35408 -0.84637 2 
85.948 0.160 0.21372 -0.96223 2 
88.513 0.160 0.11817 -1.61791 2 
91.079 0.160 -0.06761 -1.77939 2 
93.644 0.160 -0.24388 -1.45640 2 
96.210 0.160 0.31173 0.56933 2 
98.776 0.160 -0.67523 1.39517 2 
101.341 0.160 -0.80696 1.68220 2 
103.907 0.160 -1.22508 1.05103 2 
106.472 0.160 -0.68733 1.23673 2 
109.038 0.160 0.20338 0.42832 2 
111.603 0.160 -1.02581 1.98764 2 
114.169 0.160 -2.37997 1.52039 2 
116.735 0.160 -1.40504 3.07615 2 
119.300 0.160 -0.14168 2.91764 2 
-8.980 -2.405 6.77979 -0.70765 2 
-6.414 -2.405 6.69375 -0.82122 2 
-3.848 -2.405 6.41487 -0.69590 2 
-1.283 -2.405 6.25156 -0.93960 2 
1.283 -2.405 0.00000 -0.00000 0 
3.848 -2.405 0.00000 -0.00000 0 
6.414 -2.405 0.00000 -0.00000 0 
8.980 -2.405 0.00000 -0.00000 0 
11.545 -2.405 0.00000 -0.00000 0 
14.111 -2.405 0.00000 -0.00000 0 
16.676 -2.405 0.00000 -0.00000 0 
19.242 -2.405 0.00000 -0.00000 0 
21.808 -2.405 0.00000 -0.00000 0 
24.373 -2.405 0.00000 -0.00000 0 
26.939 -2.405 0.00000 -0.00000 0 
29.504 -2.405 0.00000 -0.00000 0 
32.070 -2.405 -0.04706 0.07158 2 
34.636 -2.405 -0.15869 -0.19918 2 
37.201 -2.405 -0.06687 0.16864 2 
39.767 -2.405 0.13231 0.38189 2 
42.332 -2.405 0.38114 0.29876 2 
44.898 -2.405 0.54433 0.15659 2 
47.464 -2.405 0.62883 -0.43846 2 
50.029 -2.405 -1.02108 -0.51568 2 
52.595 -2.405 -1.24977 -0.82481 2 
55.160 -2.405 -1.14112 -0.99545 2 
57.726 -2.405 -1.53705 -0.77664 2 
60.292 -2.405 -1.41456 -0.74789 2 
62.857 -2.405 -1.29206 -0.71915 2 
65.423 -2.405 -0.51093 -0.61564 2 
67.988 -2.405 -0.36004 -0.69496 2 
70.554 -2.405 -0.86860 -0.05765 2 
73.120 -2.405 -0.67423 -0.43286 2 
75.685 -2.405 -0.23380 -0.36050 2 
78.251 -2.405 -0.22904 0.02606 2 
80.816 -2.405 -0.13977 -0.81728 2 
83.382 -2.405 0.06250 -1.19973 2 
85.948 -2.405 0.26477 -1.58219 2 
88.513 -2.405 0.47107 -1.66739 2 
91.079 -2.405 1.01711 -1.40558 2 
93.644 -2.405 1.56316 -1.14377 2 
96.210 -2.405 1.61599 0.31439 2 
98.776 -2.405 0.31955 1.13225 2 
101.341 -2.405 -0.59531 1.57548 2 
103.907 -2.405 -0.46251 0.73466 2 
106.472 -2.405 -0.24162 1.50168 2 
109.038 -2.405 0.70041 0.89731 2 
111.603 -2.405 -1.46929 0.70000 2 
114.169 -2.405 -0.61096 0.12717 2 
116.735 -2.405 -1.15980 3.33647 2 
119.300 -2.405 0.11915 2.94852 2 
-8.980 -4.971 6.80184 -0.77864 2 
-6.414 -4.971 6.78897 -0.82330 2 
-3.848 -4.971 6.35932 -0.95490 2 
-1.283 -4.971 6.47763 -1.00787 2 
1.283 -4.971 0.00000 -0.00000 0 
3.848 -4.971 0.00000 -0.00000 0 
6.414 -4.971 0.00000 -0.00000 0 
8.980 -4.971 0.00000 -0.00000 0 
11.545 -4.971 0.00000 -0.00000 0 
14.111 -4.971 0.00000 -0.00000 0 
16.676 -4.971 0.00000 -0.00000 0 
19.242 -4.971 0.00000 -0.00000 0 
21.808 -4.971 0.00000 -0.00000 0 
24.373 -4.971 -0.02736 0.04822 2 
26.939 -4.971 -0.04104 0.07232 2 
29.504 -4.971 -0.10512 0.13561 2 
32.070 -4.971 -0.09412 0.14315 2 
34.636 -4.971 -0.34802 -0.26842 2 
37.201 -4.971 -0.49733 0.04056 2 
39.767 -4.971 -0.19268 0.33611 2 
42.332 -4.971 -0.05820 0.44404 2 
44.898 -4.971 0.17804 0.01689 2 
47.464 -4.971 -0.27185 -0.75520 2 
50.029 -4.971 -0.89750 -0.84642 2 
52.595 -4.971 -1.05203 -0.75108 2 
55.160 -4.971 -1.32103 -1.04156 2 
57.726 -4.971 -1.38009 -0.84336 2 
60.292 -4.971 -0.28895 -0.17371 2 
62.857 -4.971 -0.74153 -0.24731 2 
65.423 -4.971 -0.71647 -0.91348 2 
67.988 -4.971 -0.18243 -0.10060 2 
70.554 -4.971 0.52090 -0.18776 2 
73.120 -4.971 1.10033 -0.00581 2 
75.685 -4.971 0.83706 -0.53558 2 
78.251 -4.971 0.60455 0.09249 2 
80.816 -4.971 0.35012 -0.34610 2 
83.382 -4.971 0.27922 -1.44705 2 
85.948 -4.971 0.12532 -1.20694 2 
88.513 -4.971 0.22816 -1.04466 2 
91.079 -4.971 0.93449 -0.75438 2 
93.644 -4.971 0.73237 -0.89233 2 
96.210 -4.971 1.58822 -0.50072 2 
98.776 -4.971 1.30151 0.89340 2 
101.341 -4.971 0.75814 1.80911 2 
103.907 -4.971 -0.48642 1.19662 2 
106.472 -4.971 0.94094 1.34640 2 
109.038 -4.971 1.25781 0.89461 2 
111.603 -4.971 0.96889 0.97232 2 
114.169 -4.971 0.67998 1.05003 2 
116.735 -4.971 -0.06963 2.72939 2 
119.300 -4.971 0.57543 2.29802 2 
-8.980 -7.536 6.87534 -0.83744 2 
-6.414 -7.536 6.83437 -1.02659 2 
-3.848 -7.536 6.68186 -1.14040 2 
-1.283 -7.536 6.52540 -1.18422 2 
1.283 -7.536 6.44244 -1.31877 2 
3.848 -7.536 0.00000 -0.00000 0 
6.414 -7.536 6.44502 -3.11302 2 
8.980 -7.536 5.95288 -3.56265 2 
11.545 -7.536 7.67048 -4.09554 2 
14.111 -7.536 0.15956 -0.16608 2 
16.676 -7.536 -0.61922 0.04065 2 
19.242 -7.536 -0.16927 0.08409 2 
21.808 -7.536 3.45646 -0.44436 2 
24.373 -7.536 -0.29845 -0.06201 2 
26.939 -7.536 -0.08209 0.14465 2 
29.504 -7.536 -0.21024 0.27122 2 
32.070 -7.536 0.26655 0.15705 2 
34.636 -7.536 0.38627 -0.65593 2 
37.201 -7.536 0.03297 -0.62236 2 
39.767 -7.536 -0.21536 -0.12040 2 
42.332 -7.536 -0.26282 0.79398 2 
44.898 -7.536 0.59529 0.27816 2 
47.464 -7.536 0.79760 -0.76941 2 
50.029 -7.536 0.12440 -0.41138 2 
52.595 -7.536 0.29944 -0.85033 2 
55.160 -7.536 -0.11368 -1.09017 2 
57.726 -7.536 0.23292 -0.54495 2 
60.292 -7.536 -0.33997 -0.22467 2 
62.857 -7.536 0.77322 -0.54268 2 
65.423 -7.536 1.67281 0.02180 2 
67.988 -7.536 1.22642 -0.19430 2 
70.554 -7.536 1.15111 -0.51547 2 
73.120 -7.536 1.01501 -0.99334 2 
75.685 -7.536 1.90792 -0.71066 2 
78.251 -7.536 1.43814 0.15893 2 
80.816 -7.536 0.84001 0.12507 2 
83.382 -7.536 0.49595 -1.69437 2 
85.948 -7.536 -0.01414 -0.83169 2 
88.513 -7.536 0.48307 0.28874 2 
91.079 -7.536 0.95713 0.38482 2 
93.644 -7.536 1.77804 -0.74398 2 
96.210 -7.536 2.80768 -0.15768 2 
98.776 -7.536 2.28347 0.65455 2 
101.341 -7.536 2.45572 0.95914 2 
103.907 -7.536 -0.01147 0.29775 2 
106.472 -7.536 -0.69128 0.67410 2 
109.038 -7.536 0.95099 1.31599 2 
111.603 -7.536 1.10835 1.00787 2 
114.169 -7.536 1.26571 0.69976 2 
116.735 -7.536 1.47734 1.74846 2 
119.300 -7.536 0.03344 2.27275 2 
-8.980 -10.102 7.09451 -0.84927 2 
-6.414 -10.102 6.93597 -1.07419 2 
-3.848 -10.102 6.95720 -1.13056 2 
-1.283 -10.102 6.87757 -1.50433 2 
1.283 -10.102 6.66417 -1.63173 2 
3.848 -10.102 6.72996 -2.11812 2 
6.414 -10.102 6.66074 -2.46284 2 
8.980 -10.102 7.36964 -3.30287 2 
11.545 -10.102 8.11215 -3.36477 2 
14.111 -10.102 8.67633 -3.11805 2 
16.676 -10.102 9.66838 -2.84942 2 
19.242 -10.102 8.90032 -2.39300 2 
21.808 -10.102 6.91292 -0.88872 2 
24.373 -10.102 1.98113 -1.35823 2 
26.939 -10.102 3.41560 0.95666 2 
29.504 -10.102 4.41065 -0.28296 2 
32.070 -10.102 0.91880 -0.84288 2 
34.636 -10.102 1.96075 -1.16059 2 
37.201 -10.102 0.93397 -0.29855 2 
39.767 -10.102 -0.09281 0.56348 2 
42.332 -10.102 3.11619 0.60778 2 
44.898 -10.102 2.71517 0.52743 2 
47.464 -10.102 1.35491 -0.40050 2 
50.029 -10.102 0.52738 -0.68082 2 
52.595 -10.102 0.93812 -0.82555 2 
55.160 -10.102 0.97968 -1.01821 2 
57.726 -10.102 0.15970 -0.96793 2 
60.292 -10.102 -0.04597 -0.59517 2 
62.857 -10.102 0.92107 0.16550 2 
65.423 -10.102 1.32507 0.08726 2 
67.988 -10.102 2.63527 -0.28801 2 
70.554 -10.102 1.94267 -0.86021 2 
73.120 -10.102 2.15092 -1.07192 2 
75.685 -10.102 2.78168 -1.04447 2 
78.251 -10.102 3.51561 0.08602 2 
80.816 -10.102 1.42230 -1.41809 2 
83.382 -10.102 2.45389 -1.09238 2 
85.948 -10.102 2.95390 -1.01706 2 
88.513 -10.102 3.91426 0.32843 2 
91.079 -10.102 4.11091 1.92753 2 
93.644 -10.102 4.28885 0.97727 2 
96.210 -10.102 4.02715 0.18536 2 
98.776 -10.102 3.16372 1.13987 2 
101.341 -10.102 3.09215 1.49249 2 
103.907 -10.102 1.96130 -0.04985 2 
106.472 -10.102 1.38865 0.73174 2 
109.038 -10.102 -0.07326 0.36646 2 
111.603 -10.102 0.81576 0.74276 2 
114.169 -10.102 1.70477 1.11905 2 
116.735 -10.102 1.69537 1.91794 2 
119.300 -10.102 0.00000 -0.00000 0 
-8.980 -12.668 7.14317 -0.98176 2 
-6.414 -12.668 7.12834 -1.03487 2 
-3.848 -12.668 7.04289 -1.13272 2 
-1.283 -12.668 6.97490 -1.38120 2 
1.283 -12.668 7.09025 -1.78774 2 
3.848 -12.668 7.11069 -1.92056 2 
6.414 -12.668 7.27194 -2.30549 2 
8.980 -12.668 7.52544 -2.55644 2 
11.545 -12.668 8.16516 -2.70180 2 
14.111 -12.668 8.48595 -2.77359 2 
16.676 -12.668 8.74853 -2.30758 2 
19.242 -12.668 8.97493 -2.43875 2 
21.808 -12.668 9.84321 -2.30090 2 
24.373 -12.668 5.66488 -1.62019 2 
26.939 -12.668 6.31503 -0.28804 2 
29.504 -12.668 9.03154 -0.83714 2 
32.070 -12.668 6.48994 -1.20485 2 
34.636 -12.668 6.02137 -1.07341 2 
37.201 -12.668 6.30776 -0.53927 2 
39.767 -12.668 7.34910 0.39756 2 
42.332 -12.668 6.49519 0.42158 2 
44.898 -12.668 7.04252 -0.18221 2 
47.464 -12.668 7.58986 -0.78600 2 
50.029 -12.668 5.92838 -0.98788 2 
52.595 -12.668 5.30301 -1.16119 2 
55.160 -12.668 2.07305 -0.94624 2 
57.726 -12.668 3.15140 -1.47595 2 
60.292 -12.668 3.27493 0.31647 2 
62.857 -12.668 4.08175 0.82625 2 
65.423 -12.668 5.38544 1.15904 2 
67.988 -12.668 4.45728 -0.46266 2 
70.554 -12.668 3.98194 -0.35262 2 
73.120 -12.668 3.50659 -0.24259 2 
75.685 -12.668 3.70558 -0.66769 2 
78.251 -12.668 4.96012 0.68836 2 
80.816 -12.668 4.16223 -0.39627 2 
83.382 -12.668 4.41183 -0.49040 2 
85.948 -12.668 3.77801 0.07613 2 
88.513 -12.668 3.68628 1.43105 2 
91.079 -12.668 3.72911 2.24600 2 
93.644 -12.668 5.51915 1.21123 2 
96.210 -12.668 6.63791 1.38191 2 
98.776 -12.668 7.70515 0.98952 2 
101.341 -12.668 5.14823 0.30654 2 
103.907 -12.668 4.30841 0.54796 2 
106.472 -12.668 3.46859 0.78938 2 
109.038 -12.668 3.64707 1.11576 2 
111.603 -12.668 3.92238 0.10612 2 
114.169 -12.668 4.26155 1.12578 2 
116.735 -12.668 3.17965 1.10317 2 
119.300 -12.668 0.00000 -0.00000 0 
-8.980 -15.233 7.26442 -0.90452 2 
-6.414 -15.233 7.19210 -1.19295 2 
-3.848 -15.233 7.25384 -1.25271 2 
-1.283 -15.233 7.24003 -1.57482 2 
1.283 -15.233 7.22044 -1.56671 2 
3.848 -15.233 7.29506 -1.93258 2 
6.414 -15.233 7.51251 -2.17114 2 
8.980 -15.233 7.65389 -2.27603 2 
11.545 -15.233 7.97072 -2.34622 2 
14.111 -15.233 8.55106 -2.37743 2 
16.676 -15.233 8.66415 -2.27530 2 
19.242 -15.233 8.86012 -2.17023 2 
21.808 -15.233 9.12481 -2.13979 2 
24.373 -15.233 9.34863 -1.88215 2 
26.939 -15.233 9.21446 -1.53274 2 
29.504 -15.233 9.13795 -1.64145 2 
32.070 -15.233 9.02605 -1.75747 2 
34.636 -15.233 9.31974 -1.30613 2 
37.201 -15.233 9.61343 -0.85478 2 
39.767 -15.233 9.74071 -1.23213 2 
42.332 -15.233 9.33687 -0.12789 2 
44.898 -15.233 8.64911 -0.48905 2 
47.464 -15.233 8.32654 -0.86065 2 
50.029 -15.233 9.37877 -0.73918 2 
52.595 -15.233 7.70213 -0.89987 2 
55.160 -15.233 8.91315 -1.30613 2 
57.726 -15.233 7.90409 -1.38351 2 
60.292 -15.233 6.59584 1.22812 2 
62.857 -15.233 7.24244 1.48700 2 
65.423 -15.233 7.98560 1.15779 2 
67.988 -15.233 8.28154 0.36665 2 
70.554 -15.233 7.61061 0.39071 2 
73.120 -15.233 6.93968 0.41477 2 
75.685 -15.233 7.37561 -0.81942 2 
78.251 -15.233 7.86038 0.16846 2 
80.816 -15.233 6.90216 0.62556 2 
83.382 -15.233 6.94497 0.48905 2 
85.948 -15.233 4.60211 1.16932 2 
88.513 -15.233 7.30397 0.98491 2 
91.079 -15.233 6.53207 1.86904 2 
93.644 -15.233 6.74946 1.44518 2 
96.210 -15.233 6.96792 1.77499 2 
98.776 -15.233 7.78515 1.54226 2 
101.341 -15.233 7.68371 0.27806 2 
103.907 -15.233 7.69789 0.26320 2 
106.472 -15.233 7.71207 0.24833 2 
109.038 -15.233 6.70696 0.94691 2 
111.603 -15.233 4.68955 0.43739 2 
114.169 -15.233 4.09283 0.45332 2 
116.735 -15.233 4.66394 0.28839 2 
119.300 -15.233 0.00000 -0.00000 0 
-8.980 -17.799 7.28053 -1.03294 2 
-6.414 -17.799 7.14435 -1.09286 2 
-3.848 -17.799 7.41305 -1.13580 2 
-1.283 -17.799 7.18442 -1.27806 2 
1.283 -17.799 7.36958 -1.54391 2 
3.848 -17.799 7.47601 -1.76754 2 
6.414 -17.799 7.60438 -1.88567 2 
8.980 -17.799 7.88781 -2.11817 2 
11.545 -17.799 8.14056 -2.16843 2 
14.111 -17.799 8.39520 -2.17613 2 
16.676 -17.799 8.63582 -2.22258 2 
19.242 -17.799 8.94800 -2.04420 2 
21.808 -17.799 8.71942 -1.99930 2 
24.373 -17.799 9.09444 -1.81450 2 
26.939 -17.799 9.12953 -1.64913 2 
29.504 -17.799 9.08572 -1.56736 2 
32.070 -17.799 9.35655 -1.68185 2 
34.636 -17.799 9.40440 -1.20386 2 
37.201 -17.799 9.26703 -1.22112 2 
39.767 -17.799 9.53911 -1.22330 2 
42.332 -17.799 9.55623 -0.81113 2 
44.898 -17.799 9.02061 -0.55326 2 
47.464 -17.799 9.06322 -0.93529 2 
50.029 -17.799 9.59691 -1.04455 2 
52.595 -17.799 10.10126 -0.63854 2 
55.160 -17.799 9.58588 -1.02242 2 
57.726 -17.799 10.15343 -0.76209 2 
60.292 -17.799 8.53121 0.60146 2 
62.857 -17.799 9.76973 1.48145 2 
65.423 -17.799 8.89739 1.03099 2 
67.988 -17.799 8.84559 0.02879 2 
70.554 -17.799 9.44496 -0.39521 2 
73.120 -17.799 9.74891 -0.20567 2 
75.685 -17.799 9.58326 -0.26985 2 
78.251 -17.799 9.27249 -0.21272 2 
80.816 -17.799 9.56730 0.43015 2 
83.382 -17.799 9.32249 0.07069 2 
85.948 -17.799 8.86911 1.15652 2 
88.513 -17.799 8.82479 0.71101 2 
91.079 -17.799 9.33503 1.49207 2 
93.644 -17.799 9.52035 1.09027 2 
96.210 -17.799 8.78091 1.44786 2 
98.776 -17.799 8.82763 1.27022 2 
101.341 -17.799 8.69583 0.77871 2 
103.907 -17.799 8.93013 0.56113 2 
106.472 -17.799 8.40956 0.45950 2 
109.038 -17.799 7.90494 0.64829 2 
111.603 -17.799 6.78617 0.65045 2 
114.169 -17.799 5.92064 1.14882 2 
116.735 -17.799 8.70049 1.34801 2 
119.300 -17.799 0.00000 -0.00000 0 
-8.980 -20.364 7.24657 -1.01469 2 
-6.414 -20.364 7.40373 -1.23823 2 
-3.848 -20.364 7.39461 -1.16810 2 
-1.283 -20.364 7.45470 -1.33028 2 
1.283 -20.364 7.51629 -1.43653 2 
3.848 -20.364 7.56152 -1.59509 2 
6.414 -20.364 7.60402 -1.65231 2 
8.980 -20.364 7.91775 -1.79659 2 
11.545 -20.364 8.00230 -1.89527 2 
14.111 -20.364 8.43447 -2.00769 2 
16.676 -20.364 8.44154 -1.91142 2 
19.242 -20.364 8.75831 -2.00759 2 
21.808 -20.364 8.89886 -1.80575 2 
24.373 -20.364 8.85782 -1.64303 2 
26.939 -20.364 8.94155 -1.50338 2 
29.504 -20.364 9.16392 -1.50994 2 
32.070 -20.364 9.12845 -1.35235 2 
34.636 -20.364 9.37367 -1.33142 2 
37.201 -20.364 9.14708 -1.06532 2 
39.767 -20.364 9.31234 -0.90626 2 
42.332 -20.364 9.25194 -0.91476 2 
44.898 -20.364 9.40694 -0.96309 2 
47.464 -20.364 9.10108 -1.03372 2 
50.029 -20.364 9.56175 -1.14361 2 
52.595 -20.364 9.91637 -0.98488 2 
55.160 -20.364 10.25861 -0.73871 2 
57.726 -20.364 10.36473 -0.40145 2 
60.292 -20.364 10.46657 -0.02519 2 
62.857 -20.364 9.93858 0.78792 2 
65.423 -20.364 9.44130 0.52957 2 
67.988 -20.364 9.06273 0.21890 2 
70.554 -20.364 9.49084 -0.08558 2 
73.120 -20.364 9.53949 0.08993 2 
75.685 -20.364 9.60130 0.14725 2 
78.251 -20.364 9.94716 0.14723 2 
80.816 -20.364 9.86198 0.39390 2 
83.382 -20.364 9.53365 0.28051 2 
85.948 -20.364 9.29958 0.95391 2 
88.513 -20.364 9.65358 0.80866 2 
91.079 -20.364 9.45239 1.02378 2 
93.644 -20.364 9.71127 0.84544 2 
96.210 -20.364 9.20130 1.07644 2 
98.776 -20.364 8.84595 1.06524 2 
101.341 -20.364 8.74654 0.83357 2 
103.907 -20.364 8.94535 0.55913 2 
106.472 -20.364 8.81355 0.49856 2 
109.038 -20.364 9.10292 0.34966 2 
111.603 -20.364 7.97002 0.61901 2 
114.169 -20.364 8.72781 0.95417 2 
116.735 -20.364 9.54252 1.49430 2 
119.300 -20.364 0.00000 -0.00000 0 
-8.980 -22.930 7.45490 -1.07183 2 
-6.414 -22.930 7.44088 -0.79125 2 
-3.848 -22.930 7.42919 -1.11455 2 
-1.283 -22.930 7.61415 -1.18247 2 
1.283 -22.930 7.61266 -1.42226 2 
3.848 -22.930 7.79469 -1.35275 2 
6.414 -22.930 7.83944 -1.47822 2 
8.980 -22.930 8.13656 -1.53058 2 
11.545 -22.930 8.22852 -1.81956 2 
14.111 -22.930 8.34965 -1.66153 2 
16.676 -22.930 8.64973 -1.72030 2 
19.242 -22.930 8.62885 -1.66288 2 
21.808 -22.930 8.76142 -1.65455 2 
24.373 -22.930 8.78788 -1.48483 2 
26.939 -22.930 8.83547 -1.46966 2 
29.504 -22.930 9.04694 -1.27061 2 
32.070 -22.930 9.02079 -1.17200 2 
34.636 -22.930 9.13564 -1.22949 2 
37.201 -22.930 9.19425 -1.15697 2 
39.767 -22.930 9.17252 -0.79404 2 
42.332 -22.930 9.13154 -0.95055 2 
44.898 -22.930 9.16528 -0.94606 2 
47.464 -22.930 9.34239 -0.97445 2 
50.029 -22.930 9.47297 -0.96223 2 
52.595 -22.930 9.65120 -0.70880 2 
55.160 -22.930 9.91937 -0.63539 2 
57.726 -22.930 10.15232 -0.46895 2 
60.292 -22.930 9.91792 -0.30175 2 
62.857 -22.930 9.82001 0.33506 2 
65.423 -22.930 9.48407 0.19300 2 
67.988 -22.930 9.49831 0.20475 2 
70.554 -22.930 9.53240 -0.08163 2 
73.120 -22.930 9.47126 0.04046 2 
75.685 -22.930 9.59419 -0.01022 2 
78.251 -22.930 9.77966 0.19965 2 
80.816 -22.930 9.67841 0.24485 2 
83.382 -22.930 9.74481 0.49034 2 
85.948 -22.930 9.73005 0.75131 2 
88.513 -22.930 9.42882 0.62890 2 
91.079 -22.930 9.44398 0.73997 2 
93.644 -22.930 9.39415 0.78488 2 
96.210 -22.930 9.09723 0.93304 2 
98.776 -22.930 9.02116 0.84096 2 
101.341 -22.930 9.05666 0.79891 2 
103.907 -22.930 8.91240 0.75664 2 
106.472 -22.930 8.89502 0.60297 2 
109.038 -22.930 8.89358 0.59479 2 
111.603 -22.930 9.15387 0.58757 2 
114.169 -22.930 9.24500 1.06550 2 
116.735 -22.930 9.15550 1.11473 2 
119.300 -22.930 0.00000 -0.00000 0 
-8.980 -25.496 7.58905 -0.92490 2 
-6.414 -25.496 7.51184 -1.12781 2 
-3.848 -25.496 7.58824 -1.19185 2 
-1.283 -25.496 7.48349 -1.20311 2 
1.283 -25.496 7.74650 -1.23152 2 
3.848 -25.496 7.90166 -1.39329 2 
6.414 -25.496 7.95615 -1.43329 2 
8.980 -25.496 7.95451 -1.62016 2 
11.545 -25.496 8.15838 -1.38469 2 
14.111 -25.496 8.40119 -1.58484 2 
16.676 -25.496 8.46449 -1.33524 2 
19.242 -25.496 8.77310 -1.53232 2 
21.808 -25.496 8.68793 -1.39483 2 
24.373 -25.496 8.79425 -1.38353 2 
26.939 -25.496 8.81198 -1.39321 2 
29.504 -25.496 8.98514 -1.34878 2 
32.070 -25.496 9.10255 -1.16952 2 
34.636 -25.496 9.00329 -1.03712 2 
37.201 -25.496 9.11126 -1.01739 2 
39.767 -25.496 9.05550 -0.94188 2 
42.332 -25.496 9.18624 -0.91190 2 
44.898 -25.496 9.09551 -0.80453 2 
47.464 -25.496 9.32655 -0.92624 2 
50.029 -25.496 9.44522 -1.09214 2 
52.595 -25.496 9.47590 -0.72269 2 
55.160 -25.496 9.91508 -0.73192 2 
57.726 -25.496 9.74014 -0.35829 2 
60.292 -25.496 9.73646 -0.22051 2 
62.857 -25.496 9.63859 -0.14774 2 
65.423 -25.496 9.42611 0.17375 2 
67.988 -25.496 9.25269 -0.07536 2 
70.554 -25.496 9.33612 0.03488 2 
73.120 -25.496 9.53121 0.02420 2 
75.685 -25.496 9.33650 0.10669 2 
78.251 -25.496 9.53706 0.11068 2 
80.816 -25.496 9.76882 0.31218 2 
83.382 -25.496 9.62903 0.39814 2 
85.948 -25.496 9.44139 0.40049 2 
88.513 -25.496 9.30926 0.69742 2 
91.079 -25.496 9.35035 0.70355 2 
93.644 -25.496 9.33980 0.62647 2 
96.210 -25.496 9.28268 0.91504 2 
98.776 -25.496 9.09461 0.70445 2 
101.341 -25.496 8.89549 0.83825 2 
103.907 -25.496 8.83160 0.74619 2 
106.472 -25.496 9.13170 0.80663 2 
109.038 -25.496 8.98843 0.66943 2 
111.603 -25.496 8.98918 0.79001 2 
114.169 -25.496 8.90144 0.82509 2 
116.735 -25.496 9.32952 1.02398 2 
119.300 -25.496 0.00000 -0.00000 0 
-8.980 -28.061 7.56247 -0.98691 2 
-6.414 -28.061 7.59590 -0.95326 2 
-3.848 -28.061 7.61417 -0.94078 2 
-1.283 -28.061 7.65665 -1.17706 2 
1.283 -28.061 7.83803 -1.31526 2 
3.848 -28.061 7.84550 -1.16870 2 
6.414 -28.061 7.97238 -1.29600 2 
8.980 -28.061 7.99151 -1.36438 2 
11.545 -28.061 8.19515 -1.44447 2 
14.111 -28.061 8.37747 -1.55264 2 
16.676 -28.061 8.57595 -1.40635 2 
19.242 -28.061 8.57859 -1.36796 2 
21.808 -28.061 8.69545 -1.21032 2 
24.373 -28.061 8.72720 -1.32114 2 
26.939 -28.061 8.80036 -1.15477 2 
29.504 -28.061 8.88656 -1.10401 2 
32.070 -28.061 8.90756 -1.26226 2 
34.636 -28.061 9.10549 -1.03455 2 
37.201 -28.061 9.04041 -0.97494 2 
39.767 -28.061 9.10344 -0.91449 2 
42.332 -28.061 9.09805 -0.87543 2 
44.898 -28.061 9.27273 -0.93781 2 
47.464 -28.061 9.28050 -0.82733 2 
50.029 -28.061 9.27632 -0.75777 2 
52.595 -28.061 9.34442 -0.80110 2 
55.160 -28.061 9.59493 -0.62685 2 
57.726 -28.061 9.47432 -0.55029 2 
60.292 -28.061 9.48114 -0.54919 2 
62.857 -28.061 9.28219 -0.10604 2 
65.423 -28.061 9.54762 -0.16219 2 
67.988 -28.061 9.26288 -0.32152 2 
70.554 -28.061 9.43569 -0.03518 2 
73.120 -28.061 9.35558 -0.06018 2 
75.685 -28.061 9.38487 0.09421 2 
78.251 -28.061 9.42887 0.10602 2 
80.816 -28.061 9.26287 0.27910 2 
83.382 -28.061 9.35528 0.36742 2 
85.948 -28.061 9.49506 0.39318 2 
88.513 -28.061 9.36691 0.60362 2 
91.079 -28.061 9.25858 0.70868 2 
93.644 -28.061 9.07356 0.52257 2 
96.210 -28.061 9.11409 0.69696 2 
98.776 -28.061 9.08405 0.74882 2 
101.341 -28.061 9.01883 0.74045 2 
103.907 -28.061 8.98371 0.65008 2 
106.472 -28.061 8.90807 0.77560 2 
109.038 -28.061 8.87193 0.76301 2 
111.603 -28.061 8.93122 0.68941 2 
114.169 -28.061 8.76244 0.75265 2 
116.735 -28.061 9.16936 0.89870 2 
119.300 -28.061 0.00000 -0.00000 0 
-8.980 -30.627 7.65014 -0.90882 2 
-6.414 -30.627 7.74057 -0.80698 2 
-3.848 -30.627 7.71398 -1.05342 2 
-1.283 -30.627 7.71245 -1.10815 2 
1.283 -30.627 7.89993 -0.93394 2 
3.848 -30.627 7.96295 -1.12079 2 
6.414 -30.627 8.03161 -1.39846 2 
8.980 -30.627 8.22929 -1.15588 2 
11.545 -30.627 8.31596 -1.18415 2 
14.111 -30.627 8.45566 -1.27412 2 
16.676 -30.627 8.47965 -1.11330 2 
19.242 -30.627 8.49187 -1.26574 2 
21.808 -30.627 8.71098 -1.13847 2 
24.373 -30.627 8.61761 -1.24717 2 
26.939 -30.627 9.01788 -1.07601 2 
29.504 -30.627 8.97679 -1.11872 2 
32.070 -30.627 8.91148 -1.08914 2 
34.636 -30.627 8.79841 -0.92438 2 
37.201 -30.627 9.03771 -0.91110 2 
39.767 -30.627 8.92430 -0.86165 2 
42.332 -30.627 9.18658 -0.83158 2 
44.898 -30.627 9.13699 -0.94495 2 
47.464 -30.627 9.25636 -0.71530 2 
50.029 -30.627 9.28211 -0.84366 2 
52.595 -30.627 9.31774 -0.53820 2 
55.160 -30.627 9.27140 -0.64239 2 
57.726 -30.627 9.59436 -0.46722 2 
60.292 -30.627 9.41723 -0.36409 2 
62.857 -30.627 9.38707 -0.23499 2 
65.423 -30.627 9.24082 -0.16894 2 
67.988 -30.627 9.39776 -0.03044 2 
70.554 -30.627 9.47204 -0.05793 2 
73.120 -30.627 9.29553 0.05636 2 
75.685 -30.627 9.44699 0.17023 2 
78.251 -30.627 9.39365 0.19605 2 
80.816 -30.627 9.41887 0.33032 2 
83.382 -30.627 9.29962 0.39964 2 
85.948 -30.627 9.11667 0.51405 2 
88.513 -30.627 9.29005 0.52876 2 
91.079 -30.627 9.23240 0.56733 2 
93.644 -30.627 9.06562 0.76856 2 
96.210 -30.627 9.10552 0.57258 2 
98.776 -30.627 9.02430 0.74792 2 
101.341 -30.627 9.03029 0.75220 2 
103.907 -30.627 8.81403 0.62587 2 
106.472 -30.627 9.02360 0.81780 2 
109.038 -30.627 8.92151 0.75052 2 
111.603 -30.627 8.97180 0.86557 2 
114.169 -30.627 8.62343 0.68022 2 
116.735 -30.627 9.13606 0.94928 2 
119.300 -30.627 0.00000 -0.00000 0 
-8.980 -33.192 7.50770 -0.73709 2 
-6.414 -33.192 7.92661 -1.06247 2 
-3.848 -33.192 7.88962 -0.98571 2 
-1.283 -33.192 7.74719 -0.97209 2 
1.283 -33.192 7.93658 -1.11137 2 
3.848 -33.192 7.96063 -1.11381 2 
6.414 -33.192 8.08742 -1.09813 2 
8.980 -33.192 8.25801 -1.16964 2 
11.545 -33.192 8.31183 -1.22374 2 
14.111 -33.192 8.36136 -1.21141 2 
16.676 -33.192 8.46407 -1.27997 2 
19.242 -33.192 8.37121 -1.17833 2 
21.808 -33.192 8.60784 -1.27045 2 
24.373 -33.192 8.79556 -1.02878 2 
26.939 -33.192 8.59347 -1.07571 2 
29.504 -33.192 8.89673 -1.06171 2 
32.070 -33.192 8.79662 -0.98422 2 
34.636 -33.192 8.97234 -1.01494 2 
37.201 -33.192 9.02394 -0.75699 2 
39.767 -33.192 8.92942 -0.88912 2 
42.332 -33.192 8.93474 -0.92948 2 
44.898 -33.192 9.10430 -0.83386 2 
47.464 -33.192 9.04117 -0.61405 2 
50.029 -33.192 9.18916 -0.65674 2 
52.595 -33.192 9.19151 -0.50368 2 
55.160 -33.192 9.40474 -0.57520 2 
57.726 -33.192 9.29346 -0.35642 2 
60.292 -33.192 9.21250 -0.45127 2 
62.857 -33.192 9.43148 -0.33013 2 
65.423 -33.192 9.33380 -0.09986 2 
67.988 -33.192 9.23326 -0.20464 2 
70.554 -33.192 9.35938 -0.18994 2 
73.120 -33.192 9.21002 0.00866 2 
75.685 -33.192 9.22121 0.08094 2 
78.251 -33.192 9.28928 0.09401 2 
80.816 -33.192 9.16126 0.17792 2 
83.382 -33.192 9.19885 0.22965 2 
85.948 -33.192 9.42648 0.38344 2 
88.513 -33.192 9.00130 0.41510 2 
91.079 -33.192 9.10234 0.52093 2 
93.644 -33.192 9.01861 0.38461 2 
96.210 -33.192 9.10898 0.69186 2 
98.776 -33.192 8.91699 0.63766 2 
101.341 -33.192 9.10434 0.55746 2 
103.907 -33.192 8.90139 0.58001 2 
106.472 -33.192 8.82876 0.77934 2 
109.038 -33.192 8.80294 0.71665 2 
111.603 -33.192 8.81264 0.89780 2 
114.169 -33.192 8.79722 0.84172 2 
116.735 -33.192 9.10276 0.99986 2 
119.300 -33.192 0.00000 -0.00000 0 
-8.980 -35.758 7.72697 -0.83980 2 
-6.414 -35.758 7.72942 -0.84884 2 
-3.848 -35.758 7.78132 -0.98863 2 
-1.283 -35.758 7.99110 -0.90926 2 
1.283 -35.758 8.04642 -1.09267 2 
3.848 -35.758 8.01419 -0.95563 2 
6.414 -35.758 8.00623 -1.07379 2 
8.980 -35.758 8.21331 -1.13558 2 
11.545 -35.758 8.24566 -1.05789 2 
14.111 -35.758 8.29241 -1.01885 2 
16.676 -35.758 8.37823 -1.08715 2 
19.242 -35.758 8.52657 -1.14085 2 
21.808 -35.758 8.62154 -0.96171 2 
24.373 -35.758 8.73854 -1.16275 2 
26.939 -35.758 8.61671 -1.02680 2 
29.504 -35.758 8.72709 -0.90287 2 
32.070 -35.758 8.86357 -0.93607 2 
34.636 -35.758 8.86169 -0.88517 2 
37.201 -35.758 8.95605 -0.99960 2 
39.767 -35.758 8.78196 -0.91203 2 
42.332 -35.758 8.99301 -0.73082 2 
44.898 -35.758 8.94789 -0.86432 2 
47.464 -35.758 9.20253 -0.77073 2 
50.029 -35.758 9.13481 -0.58959 2 
52.595 -35.758 9.11563 -0.67296 2 
55.160 -35.758 9.17131 -0.43739 2 
57.726 -35.758 9.21347 -0.52469 2 
60.292 -35.758 9.28022 -0.24978 2 
62.857 -35.758 9.27264 -0.25782 2 
65.423 -35.758 9.21291 -0.18485 2 
67.988 -35.758 9.20593 -0.07655 2 
70.554 -35.758 9.16514 -0.22218 2 
73.120 -35.758 9.18918 0.05458 2 
75.685 -35.758 9.35549 -0.05350 2 
78.251 -35.758 9.22223 0.21724 2 
80.816 -35.758 9.25850 0.26666 2 
83.382 -35.758 9.17652 0.25647 2 
85.948 -35.758 9.28620 0.33595 2 
88.513 -35.758 9.11793 0.47166 2 
91.079 -35.758 9.11212 0.37271 2 
93.644 -35.758 9.06084 0.74776 2 
96.210 -35.758 8.97542 0.75741 2 
98.776 -35.758 8.99622 0.64525 2 
101.341 -35.758 8.90801 0.72126 2 
103.907 -35.758 8.93859 0.71383 2 
106.472 -35.758 8.82201 0.66671 2 
109.038 -35.758 8.97210 0.66651 2 
111.603 -35.758 8.76954 0.71461 2 
114.169 -35.758 8.76429 0.80222 2 
116.735 -35.758 9.12471 0.86621 2 
119.300 -35.758 0.00000 -0.00000 0 
-8.980 -38.324 7.74843 -0.84523 2 
-6.414 -38.324 7.90064 -0.83349 2 
-3.848 -38.324 7.84300 -0.81008 2 
-1.283 -38.324 7.87728 -0.82916 2 
1.283 -38.324 7.93188 -0.90248 2 
3.848 -38.324 8.13637 -0.84494 2 
6.414 -38.324 8.20882 -1.00787 2 
8.980 -38.324 8.30043 -1.01884 2 
11.545 -38.324 8.35267 -1.05296 2 
14.111 -38.324 8.36999 -0.93643 2 
16.676 -38.324 8.41871 -0.96031 2 
19.242 -38.324 8.40384 -1.07245 2 
21.808 -38.324 8.54920 -0.93680 2 
24.373 -38.324 8.66936 -0.93812 2 
26.939 -38.324 8.72787 -0.90204 2 
29.504 -38.324 8.72273 -1.02566 2 
32.070 -38.324 8.93502 -0.92801 2 
34.636 -38.324 8.89545 -0.78061 2 
37.201 -38.324 8.79660 -0.85554 2 
39.767 -38.324 8.93100 -0.67877 2 
42.332 -38.324 8.88339 -0.89018 2 
44.898 -38.324 9.02711 -0.68318 2 
47.464 -38.324 8.95686 -0.54316 2 
50.029 -38.324 9.00841 -0.72544 2 
52.595 -38.324 9.07772 -0.38990 2 
55.160 -38.324 9.07450 -0.53558 2 
57.726 -38.324 9.00324 -0.41363 2 
60.292 -38.324 9.15821 -0.37314 2 
62.857 -38.324 9.18621 -0.39738 2 
65.423 -38.324 9.03215 -0.20401 2 
67.988 -38.324 9.24114 -0.17976 2 
70.554 -38.324 9.12798 -0.23618 2 
73.120 -38.324 9.09174 0.20830 2 
75.685 -38.324 9.12953 0.11992 2 
78.251 -38.324 9.16745 0.14434 2 
80.816 -38.324 9.22437 0.06936 2 
83.382 -38.324 9.27680 0.17329 2 
85.948 -38.324 9.06381 0.37784 2 
88.513 -38.324 9.17143 0.37263 2 
91.079 -38.324 8.99934 0.31994 2 
93.644 -38.324 8.76749 0.45913 2 
96.210 -38.324 9.13642 0.43097 2 
98.776 -38.324 8.81565 0.62572 2 
101.341 -38.324 8.85095 0.58107 2 
103.907 -38.324 8.89680 0.61879 2 
106.472 -38.324 8.92143 0.58185 2 
109.038 -38.324 8.77267 0.66890 2 
111.603 -38.324 8.78769 0.91033 2 
114.169 -38.324 8.66515 0.66288 2 
116.735 -38.324 8.81711 0.88402 2 
119.300 -38.324 0.00000 -0.00000 0 
-8.980 -40.889 7.90973 -0.77775 2 
-6.414 -40.889 7.89219 -0.93012 2 
-3.848 -40.889 7.94568 -0.95798 2 
-1.283 -40.889 8.00511 -0.86453 2 
1.283 -40.889 8.08200 -0.93100 2 
3.848 -40.889 8.23839 -0.91040 2 
6.414 -40.889 8.22180 -0.85507 2 
8.980 -40.889 8.24115 -0.87319 2 
11.545 -40.889 8.21904 -0.81795 2 
14.111 -40.889 8.44367 -1.04714 2 
16.676 -40.889 8.39803 -0.93084 2 
19.242 -40.889 8.57793 -0.95546 2 
21.808 -40.889 8.69016 -0.98539 2 
24.373 -40.889 8.70898 -0.87014 2 
26.939 -40.889 8.51436 -0.78185 2 
29.504 -40.889 8.73485 -0.89859 2 
32.070 -40.889 8.70364 -0.82883 2 
34.636 -40.889 8.82118 -0.86671 2 
37.201 -40.889 8.78049 -0.83413 2 
39.767 -40.889 8.91291 -0.81081 2 
42.332 -40.889 8.82334 -0.73881 2 
44.898 -40.889 8.97736 -0.62725 2 
47.464 -40.889 8.89947 -0.47837 2 
50.029 -40.889 9.05271 -0.51789 2 
52.595 -40.889 8.98289 -0.35551 2 
55.160 -40.889 8.97198 -0.70740 2 
57.726 -40.889 9.16454 -0.54370 2 
60.292 -40.889 8.98117 -0.28503 2 
62.857 -40.889 9.09347 -0.20167 2 
65.423 -40.889 9.13994 -0.37470 2 
67.988 -40.889 9.18632 -0.18164 2 
70.554 -40.889 8.97901 -0.26622 2 
73.120 -40.889 9.21593 -0.02248 2 
75.685 -40.889 9.10386 -0.27634 2 
78.251 -40.889 9.06620 0.12519 2 
80.816 -40.889 9.13991 0.09268 2 
83.382 -40.889 8.98433 0.31776 2 
85.948 -40.889 9.08649 0.20765 2 
88.513 -40.889 8.90274 0.40834 2 
91.079 -40.889 9.09426 0.52452 2 
93.644 -40.889 8.91366 0.39767 2 
96.210 -40.889 8.92356 0.50022 2 
98.776 -40.889 9.02440 0.50262 2 
101.341 -40.889 8.72665 0.66275 2 
103.907 -40.889 8.92530 0.68368 2 
106.472 -40.889 8.78636 0.62138 2 
109.038 -40.889 8.80631 0.72624 2 
111.603 -40.889 8.67095 0.70423 2 
114.169 -40.889 8.74599 0.63445 2 
116.735 -40.889 9.09734 0.73894 2 
119.300 -40.889 0.00000 -0.00000 0 
-8.980 -43.455 7.91110 -0.76304 2 
-6.414 -43.455 7.89494 -0.62314 2 
-3.848 -43.455 7.93545 -0.83840 2 
-1.283 -43.455 7.92890 -0.80818 2 
1.283 -43.455 8.04715 -0.87556 2 
3.848 -43.455 8.00602 -0.82768 2 
6.414 -43.455 8.08270 -0.91757 2 
8.980 -43.455 8.18362 -0.93824 2 
11.545 -43.455 8.35109 -0.86303 2 
14.111 -43.455 8.40654 -0.91413 2 
16.676 -43.455 8.29041 -0.78115 2 
19.242 -43.455 8.50707 -0.93422 2 
21.808 -43.455 8.62178 -0.71712 2 
24.373 -43.455 8.55948 -0.94428 2 
26.939 -43.455 8.73766 -0.92176 2 
29.504 -43.455 8.63188 -0.76863 2 
32.070 -43.455 8.82711 -0.78369 2 
34.636 -43.455 8.79970 -0.72236 2 
37.201 -43.455 8.80654 -0.76837 2 
39.767 -43.455 8.83385 -0.75696 2 
42.332 -43.455 8.82883 -0.65973 2 
44.898 -43.455 8.84665 -0.60701 2 
47.464 -43.455 8.99862 -0.67372 2 
50.029 -43.455 8.96681 -0.35258 2 
52.595 -43.455 8.88477 -0.50391 2 
55.160 -43.455 8.98280 -0.39893 2 
57.726 -43.455 9.05306 -0.44031 2 
60.292 -43.455 8.88451 -0.38540 2 
62.857 -43.455 8.98031 -0.19404 2 
65.423 -43.455 9.10247 -0.11017 2 
67.988 -43.455 9.07651 -0.28324 2 
70.554 -43.455 9.06567 -0.05852 2 
73.120 -43.455 8.91991 -0.10071 2 
75.685 -43.455 9.05250 0.07292 2 
78.251 -43.455 8.95967 0.17197 2 
80.816 -43.455 9.04409 0.13519 2 
83.382 -43.455 9.02767 0.10816 2 
85.948 -43.455 9.05671 0.15215 2 
88.513 -43.455 9.04488 0.39045 2 
91.079 -43.455 8.91183 0.19608 2 
93.644 -43.455 9.04916 0.51460 2 
96.210 -43.455 8.96448 0.38452 2 
98.776 -43.455 8.81164 0.38167 2 
101.341 -43.455 8.75268 0.61941 2 
103.907 -43.455 8.73809 0.36844 2 
106.472 -43.455 8.82993 0.65599 2 
109.038 -43.455 8.78813 0.58925 2 
111.603 -43.455 8.79305 0.53281 2 
114.169 -43.455 8.52556 0.68145 2 
116.735 -43.455 9.10602 0.57297 2 
119.300 -43.455 0.00000 -0.00000 0 
-8.980 -46.020 7.91246 -0.74833 2 
-6.414 -46.020 8.00627 -0.80379 2 
-3.848 -46.020 8.13103 -0.88352 2 
-1.283 -46.020 7.90714 -0.74658 2 
1.283 -46.020 8.10316 -0.79219 2 
3.848 -46.020 8.18816 -0.86944 2 
6.414 -46.020 8.22816 -0.90301 2 
8.980 -46.020 8.28533 -0.74981 2 
11.545 -46.020 8.27543 -0.79485 2 
14.111 -46.020 8.26922 -0.86327 2 
16.676 -46.020 8.61816 -0.95557 2 
19.242 -46.020 8.42938 -0.79209 2 
21.808 -46.020 8.53985 -0.80602 2 
24.373 -46.020 8.51784 -0.79524 2 
26.939 -46.020 8.68205 -0.78196 2 
29.504 -46.020 8.61046 -0.84638 2 
32.070 -46.020 8.68538 -0.87313 2 
34.636 -46.020 8.74663 -0.86375 2 
37.201 -46.020 8.78270 -0.54758 2 
39.767 -46.020 8.85334 -0.60358 2 
42.332 -46.020 8.90096 -0.71991 2 
44.898 -46.020 8.88703 -0.65995 2 
47.464 -46.020 8.87866 -0.49171 2 
50.029 -46.020 8.98827 -0.60482 2 
52.595 -46.020 8.93565 -0.45468 2 
55.160 -46.020 8.82186 -0.53067 2 
57.726 -46.020 9.13476 -0.34607 2 
60.292 -46.020 8.77976 -0.31437 2 
62.857 -46.020 9.00660 -0.31570 2 
65.423 -46.020 8.87994 -0.38192 2 
67.988 -46.020 8.98043 0.03889 2 
70.554 -46.020 9.05750 -0.10817 2 
73.120 -46.020 9.00405 -0.11404 2 
75.685 -46.020 8.97386 0.04882 2 
78.251 -46.020 8.94562 0.18539 2 
80.816 -46.020 8.99517 0.20935 2 
83.382 -46.020 9.03704 0.13640 2 
85.948 -46.020 8.88874 0.20508 2 
88.513 -46.020 8.96280 0.47011 2 
91.079 -46.020 8.82303 0.31556 2 
93.644 -46.020 8.89649 0.45207 2 
96.210 -46.020 8.91718 0.39678 2 
98.776 -46.020 8.81600 0.42207 2 
101.341 -46.020 8.83900 0.54770 2 
103.907 -46.020 8.78905 0.60215 2 
106.472 -46.020 8.79223 0.62696 2 
109.038 -46.020 8.65504 0.68757 2 
111.603 -46.020 8.85528 0.60807 2 
114.169 -46.020 8.50359 0.60786 2 
116.735 -46.020 9.11553 0.62243 2 
119.300 -46.020 0.00000 -0.00000 0 
-8.980 -48.586 7.90587 -0.77328 2 
-6.414 -48.586 8.00369 -0.69474 2 
-3.848 -48.586 7.95808 -0.86312 2 
-1.283 -48.586 7.97529 -0.67382 2 
1.283 -48.586 7.93986 -0.75153 2 
3.848 -48.586 8.06589 -0.74527 2 
6.414 -48.586 8.17594 -0.78835 2 
8.980 -48.586 8.30974 -0.76540 2 
11.545 -48.586 8.28151 -0.93265 2 
14.111 -48.586 8.46149 -0.82693 2 
16.676 -48.586 8.23884 -0.71750 2 
19.242 -48.586 8.60812 -0.80315 2 
21.808 -48.586 8.48620 -0.81374 2 
24.373 -48.586 8.64021 -0.76378 2 
26.939 -48.586 8.55209 -0.84409 2 
29.504 -48.586 8.66106 -0.71897 2 
32.070 -48.586 8.62789 -0.61645 2 
34.636 -48.586 8.64737 -0.72329 2 
37.201 -48.586 8.69543 -0.74819 2 
39.767 -48.586 8.79411 -0.68185 2 
42.332 -48.586 8.67046 -0.59646 2 
44.898 -48.586 8.76139 -0.57598 2 
47.464 -48.586 8.77086 -0.46056 2 
50.029 -48.586 8.82081 -0.55302 2 
52.595 -48.586 8.84875 -0.54524 2 
55.160 -48.586 8.87200 -0.34159 2 
57.726 -48.586 8.87649 -0.31634 2 
60.292 -48.586 9.00318 -0.48355 2 
62.857 -48.586 8.87021 -0.22083 2 
65.423 -48.586 8.90963 0.01366 2 
67.988 -48.586 8.96080 -0.22543 2 
70.554 -48.586 8.93291 -0.12692 2 
73.120 -48.586 8.96244 -0.03484 2 
75.685 -48.586 9.05758 0.12935 2 
78.251 -48.586 8.89364 0.21776 2 
80.816 -48.586 8.86422 0.15592 2 
83.382 -48.586 8.97597 0.14257 2 
85.948 -48.586 8.92906 0.30009 2 
88.513 -48.586 8.87175 0.25763 2 
91.079 -48.586 8.93925 0.36799 2 
93.644 -48.586 8.86773 0.38375 2 
96.210 -48.586 8.76858 0.34909 2 
98.776 -48.586 8.69835 0.45305 2 
101.341 -48.586 8.85107 0.42034 2 
103.907 -48.586 8.81209 0.52108 2 
106.472 -48.586 8.71165 0.47593 2 
109.038 -48.586 8.65650 0.72900 2 
111.603 -48.586 8.58530 0.55565 2 
114.169 -48.586 8.64860 0.66357 2 
116.735 -48.586 8.82207 0.54562 2 
119.300 -48.586 0.00000 -0.00000 0 
-8.980 -51.152 7.88365 -0.68513 2 
-6.414 -51.152 7.92250 -0.80810 2 
-3.848 -51.152 7.93602 -0.77032 2 
-1.283 -51.152 7.98022 -0.73508 2 
1.283 -51.152 8.08364 -0.72371 2 
3.848 -51.152 8.15028 -0.77603 2 
6.414 -51.152 8.17370 -0.82779 2 
8.980 -51.152 8.15626 -0.80821 2 
11.545 -51.152 8.20596 -0.86375 2 
14.111 -51.152 8.27869 -0.72266 2 
16.676 -51.152 8.37260 -0.77514 2 
19.242 -51.152 8.57503 -0.71098 2 
21.808 -51.152 8.43324 -0.77896 2 
24.373 -51.152 8.68411 -0.69573 2 
26.939 -51.152 8.45744 -0.61815 2 
29.504 -51.152 8.68007 -0.84844 2 
32.070 -51.152 8.51619 -0.63219 2 
34.636 -51.152 8.65589 -0.67762 2 
37.201 -51.152 8.63681 -0.72876 2 
39.767 -51.152 8.83112 -0.68132 2 
42.332 -51.152 8.80653 -0.46135 2 
44.898 -51.152 8.67542 -0.50205 2 
47.464 -51.152 8.86688 -0.52016 2 
50.029 -51.152 8.92400 -0.47440 2 
52.595 -51.152 9.04779 -0.34838 2 
55.160 -51.152 8.69969 -0.41193 2 
57.726 -51.152 8.94083 -0.17241 2 
60.292 -51.152 8.74620 -0.40465 2 
62.857 -51.152 8.92096 -0.27038 2 
65.423 -51.152 8.94308 -0.23686 2 
67.988 -51.152 8.82915 -0.16520 2 
70.554 -51.152 8.84864 -0.13104 2 
73.120 -51.152 8.75391 0.07583 2 
75.685 -51.152 8.96390 0.03196 2 
78.251 -51.152 8.80224 0.08542 2 
80.816 -51.152 8.89917 0.17103 2 
83.382 -51.152 8.81882 0.27867 2 
85.948 -51.152 8.86847 0.27803 2 
88.513 -51.152 8.82161 0.24276 2 
91.079 -51.152 8.80803 0.17113 2 
93.644 -51.152 8.84470 0.34686 2 
96.210 -51.152 8.86085 0.48886 2 
98.776 -51.152 8.68847 0.25402 2 
101.341 -51.152 8.80854 0.47274 2 
103.907 -51.152 8.69078 0.59695 2 
106.472 -51.152 8.64626 0.54184 2 
109.038 -51.152 8.72895 0.44532 2 
111.603 -51.152 8.78472 0.57738 2 
114.169 -51.152 8.53686 0.63313 2 
116.735 -51.152 8.88033 0.62375 2 
119.300 -51.152 0.00000 -0.00000 0 
-8.980 -53.717 8.08780 -0.93353 2 
-6.414 -53.717 8.07793 -0.79640 2 
-3.848 -53.717 8.16041 -0.68291 2 
-1.283 -53.717 8.24578 -0.87295 2 
1.283 -53.717 8.10369 -0.80933 2 
3.848 -53.717 8.18081 -0.94178 2 
6.414 -53.717 8.18551 -0.76762 2 
8.980 -53.717 8.41501 -0.78232 2 
11.545 -53.717 8.54521 -0.78150 2 
14.111 -53.717 8.38431 -0.91551 2 
16.676 -53.717 8.46875 -0.69011 2 
19.242 -53.717 8.54425 -0.84411 2 
21.808 -53.717 8.48076 -0.73133 2 
24.373 -53.717 8.63147 -0.66103 2 
26.939 -53.717 8.80046 -0.74496 2 
29.504 -53.717 8.66303 -0.74151 2 
32.070 -53.717 8.66142 -0.83119 2 
34.636 -53.717 8.63381 -0.74655 2 
37.201 -53.717 8.67300 -0.60847 2 
39.767 -53.717 8.59652 -0.64847 2 
42.332 -53.717 8.79441 -0.76592 2 
44.898 -53.717 8.73109 -0.56868 2 
47.464 -53.717 8.76672 -0.53204 2 
50.029 -53.717 8.68163 -0.49437 2 
52.595 -53.717 8.71307 -0.58593 2 
55.160 -53.717 8.84693 -0.53051 2 
57.726 -53.717 8.82745 -0.33773 2 
60.292 -53.717 8.94586 -0.50298 2 
62.857 -53.717 8.81789 -0.21077 2 
65.423 -53.717 8.93983 -0.25488 2 
67.988 -53.717 8.84030 -0.21555 2 
70.554 -53.717 8.87903 -0.07373 2 
73.120 -53.717 8.97234 0.23284 2 
75.685 -53.717 8.78498 -0.07205 2 
78.251 -53.717 8.94678 0.04352 2 
80.816 -53.717 8.84476 0.07838 2 
83.382 -53.717 8.81158 0.21466 2 
85.948 -53.717 8.84725 0.36876 2 
88.513 -53.717 8.90567 0.25894 2 
91.079 -53.717 8.85645 0.29949 2 
93.644 -53.717 8.82280 0.41559 2 
96.210 -53.717 8.68416 0.19210 2 
98.776 -53.717 8.89012 0.56365 2 
101.341 -53.717 8.76670 0.47699 2 
103.907 -53.717 8.64549 0.43424 2 
106.472 -53.717 8.73537 0.53226 2 
109.038 -53.717 8.65429 0.57504 2 
111.603 -53.717 8.60570 0.48511 2 
114.169 -53.717 8.68162 0.59081 2 
116.735 -53.717 0.00000 -0.00000 0 
119.300 -53.717 0.00000 -0.00000 0 
-8.980 -56.283 0.00000 -0.00000 0 
-6.414 -56.283 0.00000 -0.00000 0 
-3.848 -56.283 0.00000 -0.00000 0 
-1.283 -56.283 0.00000 -0.00000 0 
1.283 -56.283 0.00000 -0.00000 0 
3.848 -56.283 0.00000 -0.00000 0 
6.414 -56.283 0.00000 -0.00000 0 
8.980 -56.283 0.00000 -0.00000 0 
11.545 -56.283 0.00000 -0.00000 0 
14.111 -56.283 0.00000 -0.00000 0 
16.676 -56.283 0.00000 -0.00000 0 
19.242 -56.283 0.00000 -0.00000 0 
21.808 -56.283 0.00000 -0.00000 0 
24.373 -56.283 0.00000 -0.00000 0 
26.939 -56.283 0.00000 -0.00000 0 
29.504 -56.283 0.00000 -0.00000 0 
32.070 -56.283 8.66559 -0.37246 2 
34.636 -56.283 8.66391 -0.37155 2 
37.201 -56.283 8.66223 -0.37064 2 
39.767 -56.283 8.74986 -0.19563 2 
42.332 -56.283 8.73880 -0.14172 2 
44.898 -56.283 8.76185 -0.14143 2 
47.464 -56.283 8.78490 -0.14114 2 
50.029 -56.283 8.80910 -0.05075 2 
52.595 -56.283 8.83331 0.03963 2 
55.160 -56.283 8.79335 -0.18550 2 
57.726 -56.283 8.91767 -0.12970 2 
60.292 -56.283 8.79210 -0.17920 2 
62.857 -56.283 8.83173 -0.16752 2 
65.423 -56.283 8.67175 -0.17201 2 
67.988 -56.283 8.82346 -0.15540 2 
70.554 -56.283 8.78663 -0.14085 2 
73.120 -56.283 8.77182 -0.16667 2 
75.685 -56.283 8.80461 -0.04038 2 
78.251 -56.283 8.89029 -0.06505 2 
80.816 -56.283 8.75818 0.08495 2 
83.382 -56.283 8.83228 0.17649 2 
85.948 -56.283 8.84553 0.24455 2 
88.513 -56.283 8.78332 0.08808 2 
91.079 -56.283 8.85903 0.30923 2 
93.644 -56.283 8.77709 0.24180 2 
96.210 -56.283 8.82115 0.12976 2 
98.776 -56.283 8.72965 0.00518 2 
101.341 -56.283 8.73301 0.05344 2 
103.907 -56.283 8.73638 0.10170 2 
106.472 -56.283 8.73974 0.14996 2 
109.038 -56.283 8.67733 0.19656 2 
111.603 -56.283 8.61491 0.24316 2 
114.169 -56.283 0.00000 -0.00000 0 
116.735 -56.283 0.00000 -0.00000 0 
119.300 -56.283 0.00000 -0.00000 0 
