TITLE = "B00035"
VARIABLES = "X [mm]", "Y [mm]", "Vx [m/s]", "Vy [m/s]", "Flag"
ZONE T="Frame 1", I=51, J=39, F=POINT
-8.980 41.210 7.22033 0.40828 2 
-6.414 41.210 7.19941 0.29837 2 
-3.848 41.210 7.19337 0.48039 2 
-1.283 41.210 7.03747 0.39719 2 
1.283 41.210 7.54305 0.49845 2 
3.848 41.210 0.00000 -0.00000 0 
6.414 41.210 0.00000 -0.00000 0 
8.980 41.210 0.00000 -0.00000 0 
11.545 41.210 0.00000 -0.00000 0 
14.111 41.210 0.00000 -0.00000 0 
16.676 41.210 0.00000 -0.00000 0 
19.242 41.210 3.86252 0.34200 2 
21.808 41.210 7.72504 0.68400 2 
24.373 41.210 7.45716 0.71305 2 
26.939 41.210 7.35270 0.79153 2 
29.504 41.210 7.54808 0.78586 2 
32.070 41.210 7.37801 0.57218 2 
34.636 41.210 7.64585 0.78020 2 
37.201 41.210 7.53563 0.66396 2 
39.767 41.210 7.78365 0.69839 2 
42.332 41.210 7.68004 0.88129 2 
44.898 41.210 7.89022 0.94483 2 
47.464 41.210 7.88605 0.83584 2 
50.029 41.210 7.79897 0.77510 2 
52.595 41.210 7.93606 0.86926 2 
55.160 41.210 7.85999 0.76599 2 
57.726 41.210 8.07733 0.61687 2 
60.292 41.210 8.12393 0.91155 2 
62.857 41.210 8.36693 0.68056 2 
65.423 41.210 8.15439 0.87394 2 
67.988 41.210 8.33282 0.62304 2 
70.554 41.210 8.33260 0.59648 2 
73.120 41.210 8.35200 0.67074 2 
75.685 41.210 8.34518 0.68818 2 
78.251 41.210 8.45508 0.58708 2 
80.816 41.210 0.00000 0.00000 0 
83.382 41.210 8.43970 0.46049 2 
85.948 41.210 8.53185 0.38715 2 
88.513 41.210 8.59392 0.24425 2 
91.079 41.210 8.44830 0.35613 2 
93.644 41.210 8.74792 0.55243 2 
96.210 41.210 8.61719 0.11538 2 
98.776 41.210 8.62132 0.24702 2 
101.341 41.210 8.57352 0.19619 2 
103.907 41.210 8.61593 0.05109 2 
106.472 41.210 8.63387 0.10280 2 
109.038 41.210 8.62220 0.07769 2 
111.603 41.210 8.77996 -0.04002 2 
114.169 41.210 9.09807 -0.13567 2 
116.735 41.210 0.00000 -0.00000 0 
119.300 41.210 0.00000 -0.00000 0 
-8.980 38.644 7.16949 0.26824 2 
-6.414 38.644 7.19168 0.32181 2 
-3.848 38.644 7.26386 0.26584 2 
-1.283 38.644 7.12321 0.41809 2 
1.283 38.644 7.52808 0.41047 2 
3.848 38.644 0.00000 -0.00000 0 
6.414 38.644 0.00000 -0.00000 0 
8.980 38.644 0.00000 -0.00000 0 
11.545 38.644 0.00000 -0.00000 0 
14.111 38.644 0.00000 -0.00000 0 
16.676 38.644 0.00000 -0.00000 0 
19.242 38.644 3.82289 0.43685 2 
21.808 38.644 7.64578 0.87369 2 
24.373 38.644 7.26009 0.74975 2 
26.939 38.644 7.46484 0.86501 2 
29.504 38.644 7.40013 0.72526 2 
32.070 38.644 7.48074 0.92868 2 
34.636 38.644 7.63035 1.02215 2 
37.201 38.644 7.47169 0.86078 2 
39.767 38.644 7.66867 1.07884 2 
42.332 38.644 7.61275 0.73464 2 
44.898 38.644 7.93147 1.04649 2 
47.464 38.644 7.69604 0.66171 2 
50.029 38.644 7.71073 0.91340 2 
52.595 38.644 8.04861 0.95671 2 
55.160 38.644 8.13829 0.81035 2 
57.726 38.644 8.07960 0.75591 2 
60.292 38.644 8.11788 0.69485 2 
62.857 38.644 8.23670 0.72233 2 
65.423 38.644 8.27389 0.80336 2 
67.988 38.644 8.19427 0.67157 2 
70.554 38.644 8.28642 0.93081 2 
73.120 38.644 8.45034 0.70872 2 
75.685 38.644 8.24600 0.71838 2 
78.251 38.644 8.48276 0.59268 2 
80.816 38.644 0.00000 0.00000 0 
83.382 38.644 8.67354 0.51250 2 
85.948 38.644 8.73512 0.52898 2 
88.513 38.644 8.52003 0.46223 2 
91.079 38.644 8.63740 0.40386 2 
93.644 38.644 8.67089 0.29631 2 
96.210 38.644 8.50810 0.33938 2 
98.776 38.644 8.71176 0.15213 2 
101.341 38.644 8.75306 0.33025 2 
103.907 38.644 8.63146 0.14778 2 
106.472 38.644 8.72564 0.07045 2 
109.038 38.644 8.65889 0.07199 2 
111.603 38.644 8.80521 -0.18120 2 
114.169 38.644 8.61535 -0.31981 2 
116.735 38.644 0.00000 -0.00000 0 
119.300 38.644 0.00000 -0.00000 0 
-8.980 36.079 7.10719 0.35668 2 
-6.414 36.079 7.19708 0.39028 2 
-3.848 36.079 7.02494 0.42061 2 
-1.283 36.079 7.09303 0.32528 2 
1.283 36.079 7.51311 0.32249 2 
3.848 36.079 0.00000 -0.00000 0 
6.414 36.079 0.00000 -0.00000 0 
8.980 36.079 0.00000 -0.00000 0 
11.545 36.079 0.00000 -0.00000 0 
14.111 36.079 0.00000 -0.00000 0 
16.676 36.079 0.00000 -0.00000 0 
19.242 36.079 3.93286 0.36355 2 
21.808 36.079 7.86572 0.72709 2 
24.373 36.079 7.30238 0.86986 2 
26.939 36.079 7.43663 0.82029 2 
29.504 36.079 7.47153 1.06367 2 
32.070 36.079 7.22959 0.89263 2 
34.636 36.079 7.60369 0.85557 2 
37.201 36.079 7.56296 0.94065 2 
39.767 36.079 7.56059 0.90968 2 
42.332 36.079 7.67110 1.10103 2 
44.898 36.079 7.83959 0.87037 2 
47.464 36.079 7.67100 0.89696 2 
50.029 36.079 7.87799 0.86841 2 
52.595 36.079 7.99553 0.94140 2 
55.160 36.079 8.04923 0.97407 2 
57.726 36.079 8.21995 0.95951 2 
60.292 36.079 8.04388 0.97389 2 
62.857 36.079 8.24945 0.89234 2 
65.423 36.079 8.29303 0.88652 2 
67.988 36.079 8.32564 0.67980 2 
70.554 36.079 8.42171 0.82414 2 
73.120 36.079 8.41074 0.79044 2 
75.685 36.079 8.37357 0.74853 2 
78.251 36.079 8.73594 0.83298 2 
80.816 36.079 0.00000 0.00000 0 
83.382 36.079 8.50646 0.62192 2 
85.948 36.079 8.45927 0.54516 2 
88.513 36.079 8.73306 0.44031 2 
91.079 36.079 8.69047 0.46579 2 
93.644 36.079 8.70063 0.34642 2 
96.210 36.079 8.64811 0.31944 2 
98.776 36.079 8.67701 0.44358 2 
101.341 36.079 8.71001 0.17726 2 
103.907 36.079 8.67127 0.21621 2 
106.472 36.079 8.72001 0.23353 2 
109.038 36.079 8.87198 -0.05308 2 
111.603 36.079 8.82432 -0.00812 2 
114.169 36.079 8.87290 -0.11811 2 
116.735 36.079 8.89589 -0.54785 2 
119.300 36.079 0.00000 -0.00000 0 
-8.980 33.513 7.20060 0.24711 2 
-6.414 33.513 7.13386 0.36568 2 
-3.848 33.513 7.23365 0.32924 2 
-1.283 33.513 6.96643 0.47528 2 
1.283 33.513 7.30633 0.53297 2 
3.848 33.513 0.00000 -0.00000 0 
6.414 33.513 0.00000 -0.00000 0 
8.980 33.513 0.00000 -0.00000 0 
11.545 33.513 0.00000 -0.00000 0 
14.111 33.513 0.00000 -0.00000 0 
16.676 33.513 0.00000 -0.00000 0 
19.242 33.513 3.69113 0.43716 2 
21.808 33.513 7.38226 0.87431 2 
24.373 33.513 7.25109 0.86948 2 
26.939 33.513 7.25270 1.00922 2 
29.504 33.513 7.43168 0.77224 2 
32.070 33.513 7.51598 0.99759 2 
34.636 33.513 7.27338 0.91607 2 
37.201 33.513 7.43892 0.93405 2 
39.767 33.513 7.86800 0.94004 2 
42.332 33.513 7.84153 0.95568 2 
44.898 33.513 7.71278 0.95681 2 
47.464 33.513 7.89165 1.03775 2 
50.029 33.513 8.05104 1.02139 2 
52.595 33.513 7.82014 0.97439 2 
55.160 33.513 8.00434 0.93977 2 
57.726 33.513 8.16388 0.94444 2 
60.292 33.513 8.34850 0.77468 2 
62.857 33.513 8.27612 0.95908 2 
65.423 33.513 8.26751 0.71251 2 
67.988 33.513 8.48322 1.02064 2 
70.554 33.513 8.45626 0.70287 2 
73.120 33.513 8.58290 0.74779 2 
75.685 33.513 8.43844 0.60516 2 
78.251 33.513 8.63429 0.96143 2 
80.816 33.513 0.00000 0.00000 0 
83.382 33.513 8.57706 0.56767 2 
85.948 33.513 8.54167 0.46485 2 
88.513 33.513 8.87141 0.63746 2 
91.079 33.513 8.57546 0.33787 2 
93.644 33.513 8.75913 0.46381 2 
96.210 33.513 8.56399 0.38721 2 
98.776 33.513 8.67505 0.28435 2 
101.341 33.513 8.82583 0.39221 2 
103.907 33.513 8.86934 0.19550 2 
106.472 33.513 8.79739 0.22981 2 
109.038 33.513 8.80943 0.06410 2 
111.603 33.513 8.92902 -0.02268 2 
114.169 33.513 8.91006 -0.26379 2 
116.735 33.513 9.20661 -0.41228 2 
119.300 33.513 0.00000 -0.00000 0 
-8.980 30.948 7.16712 0.16302 2 
-6.414 30.948 6.99418 0.27992 2 
-3.848 30.948 7.02755 0.41771 2 
-1.283 30.948 7.15629 0.40786 2 
1.283 30.948 7.33934 0.41537 2 
3.848 30.948 0.00000 -0.00000 0 
6.414 30.948 0.00000 -0.00000 0 
8.980 30.948 0.00000 -0.00000 0 
11.545 30.948 0.00000 -0.00000 0 
14.111 30.948 0.00000 -0.00000 0 
16.676 30.948 0.00000 -0.00000 0 
19.242 30.948 3.83205 0.51938 2 
21.808 30.948 7.66410 1.03876 2 
24.373 30.948 7.14426 0.74912 2 
26.939 30.948 7.22301 0.99754 2 
29.504 30.948 7.44250 0.98039 2 
32.070 30.948 7.41871 0.92877 2 
34.636 30.948 7.67024 0.96642 2 
37.201 30.948 7.49132 1.00491 2 
39.767 30.948 7.48763 1.15916 2 
42.332 30.948 7.74272 1.14735 2 
44.898 30.948 7.69695 0.98460 2 
47.464 30.948 7.84089 1.03614 2 
50.029 30.948 7.86627 0.89547 2 
52.595 30.948 7.87792 1.21094 2 
55.160 30.948 8.05003 0.83031 2 
57.726 30.948 8.09639 1.11638 2 
60.292 30.948 8.09356 1.15500 2 
62.857 30.948 8.44916 0.83854 2 
65.423 30.948 8.50070 0.89532 2 
67.988 30.948 8.51034 1.05335 2 
70.554 30.948 8.41164 0.85934 2 
73.120 30.948 8.54998 0.85803 2 
75.685 30.948 8.65952 0.84298 2 
78.251 30.948 8.68687 0.85288 2 
80.816 30.948 0.00000 0.00000 0 
83.382 30.948 8.70029 0.72732 2 
85.948 30.948 8.69341 0.75798 2 
88.513 30.948 8.90691 0.62218 2 
91.079 30.948 8.81744 0.41931 2 
93.644 30.948 8.69258 0.54158 2 
96.210 30.948 8.73594 0.32026 2 
98.776 30.948 8.84401 0.27059 2 
101.341 30.948 8.68147 0.15589 2 
103.907 30.948 8.78467 0.39363 2 
106.472 30.948 8.86325 -0.04902 2 
109.038 30.948 8.92717 0.14302 2 
111.603 30.948 8.93742 0.16820 2 
114.169 30.948 9.02276 -0.11876 2 
116.735 30.948 9.42200 -0.26630 2 
119.300 30.948 0.00000 -0.00000 0 
-8.980 28.382 7.02160 0.05614 2 
-6.414 28.382 7.20783 0.27485 2 
-3.848 28.382 7.06125 0.39191 2 
-1.283 28.382 6.93268 0.53725 2 
1.283 28.382 7.50563 0.30858 2 
3.848 28.382 3.75282 0.15429 2 
6.414 28.382 0.00000 -0.00000 0 
8.980 28.382 0.00000 -0.00000 0 
11.545 28.382 0.00000 -0.00000 0 
14.111 28.382 0.00000 -0.00000 0 
16.676 28.382 2.63365 0.22965 2 
19.242 28.382 5.18772 0.55189 2 
21.808 28.382 7.66221 0.96670 2 
24.373 28.382 7.19245 1.10173 2 
26.939 28.382 7.41935 0.86524 2 
29.504 28.382 7.32784 1.10219 2 
32.070 28.382 7.62865 0.98002 2 
34.636 28.382 7.35623 1.15022 2 
37.201 28.382 7.55539 1.10158 2 
39.767 28.382 7.71585 1.09409 2 
42.332 28.382 7.59893 1.19741 2 
44.898 28.382 7.88332 1.07820 2 
47.464 28.382 7.80207 1.24890 2 
50.029 28.382 7.84732 1.25497 2 
52.595 28.382 7.95319 0.89543 2 
55.160 28.382 8.17721 1.04078 2 
57.726 28.382 8.15332 0.98557 2 
60.292 28.382 8.39005 1.06112 2 
62.857 28.382 8.36058 0.99659 2 
65.423 28.382 8.39635 1.03045 2 
67.988 28.382 8.35611 1.11077 2 
70.554 28.382 8.63287 0.89939 2 
73.120 28.382 8.62739 0.86417 2 
75.685 28.382 8.53219 0.99179 2 
78.251 28.382 8.56023 0.63273 2 
80.816 28.382 8.93940 0.80789 2 
83.382 28.382 8.86187 0.73897 2 
85.948 28.382 8.78434 0.67004 2 
88.513 28.382 8.82714 0.63693 2 
91.079 28.382 8.76423 0.36468 2 
93.644 28.382 8.63135 0.46002 2 
96.210 28.382 8.90407 0.50472 2 
98.776 28.382 8.74039 0.18900 2 
101.341 28.382 8.48813 0.22291 2 
103.907 28.382 8.85319 0.15934 2 
106.472 28.382 8.82386 0.42207 2 
109.038 28.382 8.92871 0.47209 2 
111.603 28.382 8.98239 -0.03133 2 
114.169 28.382 9.10601 -0.03521 2 
116.735 28.382 9.59459 -0.35659 2 
119.300 28.382 0.00000 -0.00000 0 
-8.980 25.816 7.02269 0.16677 2 
-6.414 25.816 7.03741 0.21701 2 
-3.848 25.816 6.87035 0.35098 2 
-1.283 25.816 6.92292 0.39275 2 
1.283 25.816 6.93710 0.47501 2 
3.848 25.816 3.46855 0.23751 2 
6.414 25.816 0.00000 -0.00000 0 
8.980 25.816 0.00000 -0.00000 0 
11.545 25.816 0.00000 -0.00000 0 
14.111 25.816 0.00000 -0.00000 0 
16.676 25.816 3.95047 0.34448 2 
19.242 25.816 7.90094 0.68896 2 
21.808 25.816 7.06577 0.90035 2 
24.373 25.816 7.33340 1.00636 2 
26.939 25.816 7.21255 1.04663 2 
29.504 25.816 7.18121 1.17614 2 
32.070 25.816 7.37709 1.22505 2 
34.636 25.816 7.53111 1.15920 2 
37.201 25.816 7.49939 1.17097 2 
39.767 25.816 7.53407 1.16693 2 
42.332 25.816 7.71891 1.11721 2 
44.898 25.816 7.63935 1.35454 2 
47.464 25.816 7.90487 1.09805 2 
50.029 25.816 7.93334 1.34100 2 
52.595 25.816 7.93485 1.45228 2 
55.160 25.816 7.90984 1.15237 2 
57.726 25.816 8.24651 1.21922 2 
60.292 25.816 8.13207 1.06292 2 
62.857 25.816 8.53026 0.92429 2 
65.423 25.816 8.25774 1.05689 2 
67.988 25.816 8.46028 0.98575 2 
70.554 25.816 8.35707 1.00066 2 
73.120 25.816 8.70060 0.91795 2 
75.685 25.816 8.54154 1.01955 2 
78.251 25.816 8.75792 0.82585 2 
80.816 25.816 8.82903 0.92541 2 
83.382 25.816 0.00000 0.00000 0 
85.948 25.816 9.04823 0.71165 2 
88.513 25.816 8.86209 0.54220 2 
91.079 25.816 8.58137 0.63354 2 
93.644 25.816 8.81026 0.23385 2 
96.210 25.816 8.82787 0.35093 2 
98.776 25.816 8.77542 0.44059 2 
101.341 25.816 8.69622 0.26789 2 
103.907 25.816 8.66069 0.54350 2 
106.472 25.816 8.90365 0.62483 2 
109.038 25.816 9.16773 0.65947 2 
111.603 25.816 9.50103 0.30542 2 
114.169 25.816 9.30890 0.04071 2 
116.735 25.816 9.56069 -0.42217 2 
119.300 25.816 0.00000 -0.00000 0 
-8.980 23.251 7.04835 0.08051 2 
-6.414 23.251 6.97228 0.14943 2 
-3.848 23.251 7.03976 0.33985 2 
-1.283 23.251 6.84842 0.42699 2 
1.283 23.251 6.85868 0.28987 2 
3.848 23.251 7.10444 0.72678 2 
6.414 23.251 0.00000 -0.00000 0 
8.980 23.251 0.00000 -0.00000 0 
11.545 23.251 0.00000 -0.00000 0 
14.111 23.251 0.00000 -0.00000 0 
16.676 23.251 3.93611 0.60837 2 
19.242 23.251 7.87221 1.21674 2 
21.808 23.251 6.91220 0.98239 2 
24.373 23.251 7.33261 1.08902 2 
26.939 23.251 7.30430 1.18414 2 
29.504 23.251 7.12064 1.18601 2 
32.070 23.251 7.24434 1.16565 2 
34.636 23.251 7.34103 1.30783 2 
37.201 23.251 7.41497 1.30735 2 
39.767 23.251 7.65427 1.01549 2 
42.332 23.251 7.68881 1.39829 2 
44.898 23.251 7.72452 1.20077 2 
47.464 23.251 7.74169 1.16885 2 
50.029 23.251 7.86470 1.24505 2 
52.595 23.251 8.05383 0.98327 2 
55.160 23.251 8.22633 0.96281 2 
57.726 23.251 8.20029 1.19080 2 
60.292 23.251 8.23283 1.10294 2 
62.857 23.251 8.28721 1.23104 2 
65.423 23.251 8.24139 1.29953 2 
67.988 23.251 8.53547 1.10653 2 
70.554 23.251 8.79588 1.07420 2 
73.120 23.251 8.54626 1.03627 2 
75.685 23.251 8.90435 0.92513 2 
78.251 23.251 9.00357 0.87486 2 
80.816 23.251 8.82361 0.83403 2 
83.382 23.251 0.00000 0.00000 0 
85.948 23.251 7.56742 0.57632 2 
88.513 23.251 9.32563 0.58148 2 
91.079 23.251 9.32216 0.51148 2 
93.644 23.251 9.07216 0.16352 2 
96.210 23.251 8.70854 0.34617 2 
98.776 23.251 8.75575 0.30307 2 
101.341 23.251 8.70467 0.16274 2 
103.907 23.251 8.53027 0.56809 2 
106.472 23.251 8.60366 0.92479 2 
109.038 23.251 8.94887 1.06207 2 
111.603 23.251 9.81943 0.45705 2 
114.169 23.251 10.12231 0.14264 2 
116.735 23.251 9.65771 -0.17505 2 
119.300 23.251 0.00000 -0.00000 0 
-8.980 20.685 7.03704 -0.05394 2 
-6.414 20.685 6.77286 0.25507 2 
-3.848 20.685 6.86736 0.27633 2 
-1.283 20.685 6.91140 0.21799 2 
1.283 20.685 6.82188 0.43308 2 
3.848 20.685 7.24342 0.59617 2 
6.414 20.685 0.00000 -0.00000 0 
8.980 20.685 0.00000 -0.00000 0 
11.545 20.685 0.00000 -0.00000 0 
14.111 20.685 0.00000 -0.00000 0 
16.676 20.685 3.75205 0.49569 2 
19.242 20.685 7.50409 0.99137 2 
21.808 20.685 7.01889 1.18414 2 
24.373 20.685 7.04805 1.14591 2 
26.939 20.685 7.17085 1.04126 2 
29.504 20.685 7.26111 1.09825 2 
32.070 20.685 7.27863 1.41664 2 
34.636 20.685 7.46191 1.25756 2 
37.201 20.685 7.47070 1.24969 2 
39.767 20.685 7.73609 1.48266 2 
42.332 20.685 7.63294 1.33431 2 
44.898 20.685 7.80353 1.28408 2 
47.464 20.685 7.82534 1.17345 2 
50.029 20.685 8.01000 1.35622 2 
52.595 20.685 7.93579 1.51589 2 
55.160 20.685 8.19314 1.39734 2 
57.726 20.685 8.39803 1.22018 2 
60.292 20.685 8.45202 1.32547 2 
62.857 20.685 8.34424 1.23415 2 
65.423 20.685 8.47356 1.30397 2 
67.988 20.685 8.87104 1.09585 2 
70.554 20.685 8.84028 1.31569 2 
73.120 20.685 9.27807 0.91325 2 
75.685 20.685 8.94693 1.49701 2 
78.251 20.685 8.80625 1.24804 2 
80.816 20.685 10.09856 1.08049 2 
83.382 20.685 0.00000 0.00000 0 
85.948 20.685 0.00000 0.00000 0 
88.513 20.685 0.00000 0.00000 0 
91.079 20.685 8.69498 0.26207 2 
93.644 20.685 9.33405 0.09319 2 
96.210 20.685 9.46771 0.09206 2 
98.776 20.685 8.74350 -0.04112 2 
101.341 20.685 8.71384 -0.13590 2 
103.907 20.685 7.86975 0.46589 2 
106.472 20.685 7.09432 0.90691 2 
109.038 20.685 8.73001 1.46467 2 
111.603 20.685 9.77618 0.22755 2 
114.169 20.685 8.86572 -0.98337 2 
116.735 20.685 10.36098 -0.12650 2 
119.300 20.685 0.00000 -0.00000 0 
-8.980 18.120 6.97075 0.18543 2 
-6.414 18.120 6.81604 0.14080 2 
-3.848 18.120 6.78223 0.12119 2 
-1.283 18.120 6.74414 0.24851 2 
1.283 18.120 6.61896 0.46485 2 
3.848 18.120 6.91790 0.48284 2 
6.414 18.120 0.00000 -0.00000 0 
8.980 18.120 0.00000 -0.00000 0 
11.545 18.120 0.00000 -0.00000 0 
14.111 18.120 0.00000 -0.00000 0 
16.676 18.120 3.75778 0.55741 2 
19.242 18.120 7.51556 1.11483 2 
21.808 18.120 6.98750 1.35413 2 
24.373 18.120 7.03600 1.16543 2 
26.939 18.120 7.07800 1.43155 2 
29.504 18.120 7.15826 1.35266 2 
32.070 18.120 7.30837 1.50951 2 
34.636 18.120 7.33431 1.49461 2 
37.201 18.120 7.43427 1.39158 2 
39.767 18.120 7.58295 1.48039 2 
42.332 18.120 7.73223 1.34782 2 
44.898 18.120 7.69198 1.40513 2 
47.464 18.120 7.77787 1.50998 2 
50.029 18.120 7.99620 1.35058 2 
52.595 18.120 8.38969 1.38998 2 
55.160 18.120 8.14242 1.75956 2 
57.726 18.120 8.45113 1.33511 2 
60.292 18.120 8.35306 1.14218 2 
62.857 18.120 8.98328 1.31818 2 
65.423 18.120 9.76568 0.91196 2 
67.988 18.120 0.00000 -0.00000 0 
70.554 18.120 0.00000 -0.00000 0 
73.120 18.120 0.00000 -0.00000 0 
75.685 18.120 0.00000 -0.00000 0 
78.251 18.120 0.00000 -0.00000 0 
80.816 18.120 0.00000 -0.00000 0 
83.382 18.120 0.00000 -0.00000 0 
85.948 18.120 2.70595 0.17992 2 
88.513 18.120 1.54215 0.34837 2 
91.079 18.120 4.13988 0.50036 2 
93.644 18.120 4.18695 0.58649 2 
96.210 18.120 7.33268 -0.13122 2 
98.776 18.120 9.20504 0.21998 2 
101.341 18.120 7.77786 0.18313 2 
103.907 18.120 6.35068 0.14629 2 
106.472 18.120 5.58498 0.88903 2 
109.038 18.120 6.69386 2.27911 2 
111.603 18.120 4.94158 2.05243 2 
114.169 18.120 6.31383 3.39290 2 
116.735 18.120 8.70854 2.84840 2 
119.300 18.120 0.00000 -0.00000 0 
-8.980 15.554 6.80250 -0.01563 2 
-6.414 15.554 6.81137 0.04476 2 
-3.848 15.554 6.70953 0.07214 2 
-1.283 15.554 6.66220 0.46418 2 
1.283 15.554 6.72807 0.29499 2 
3.848 15.554 3.36404 0.14749 2 
6.414 15.554 0.00000 -0.00000 0 
8.980 15.554 0.00000 -0.00000 0 
11.545 15.554 0.00000 -0.00000 0 
14.111 15.554 0.00000 -0.00000 0 
16.676 15.554 3.49376 0.66795 2 
19.242 15.554 6.98751 1.33591 2 
21.808 15.554 6.75314 1.28413 2 
24.373 15.554 7.08382 1.54424 2 
26.939 15.554 7.06659 1.29336 2 
29.504 15.554 7.05786 1.45731 2 
32.070 15.554 7.35765 1.60449 2 
34.636 15.554 7.34184 1.36170 2 
37.201 15.554 7.29078 1.54337 2 
39.767 15.554 7.44695 1.57903 2 
42.332 15.554 7.70988 1.46356 2 
44.898 15.554 7.94338 1.35036 2 
47.464 15.554 7.99839 1.58678 2 
50.029 15.554 8.39924 1.77295 2 
52.595 15.554 8.18150 1.57670 2 
55.160 15.554 0.00000 -0.00000 0 
57.726 15.554 0.00000 -0.00000 0 
60.292 15.554 0.00000 -0.00000 0 
62.857 15.554 0.00000 -0.00000 0 
65.423 15.554 0.00000 -0.00000 0 
67.988 15.554 0.00000 -0.00000 0 
70.554 15.554 0.00000 -0.00000 0 
73.120 15.554 0.00000 -0.00000 0 
75.685 15.554 0.00000 -0.00000 0 
78.251 15.554 0.00000 -0.00000 0 
80.816 15.554 -1.49194 -0.08980 2 
83.382 15.554 -1.17499 0.36015 2 
85.948 15.554 -0.67470 -0.08113 2 
88.513 15.554 -0.88932 0.12125 2 
91.079 15.554 -0.41522 0.73864 2 
93.644 15.554 1.30351 0.49166 2 
96.210 15.554 -0.31422 0.73189 2 
98.776 15.554 3.68801 0.18637 2 
101.341 15.554 2.86340 -0.25608 2 
103.907 15.554 2.03880 -0.69853 2 
106.472 15.554 3.40422 1.48795 2 
109.038 15.554 4.65770 3.09356 2 
111.603 15.554 5.19201 3.11186 2 
114.169 15.554 7.39405 1.66931 2 
116.735 15.554 7.63571 2.01735 2 
119.300 15.554 0.00000 -0.00000 0 
-8.980 12.988 6.86967 -0.13046 2 
-6.414 12.988 6.64652 -0.24251 2 
-3.848 12.988 6.65264 0.11224 2 
-1.283 12.988 6.43681 0.12098 2 
1.283 12.988 6.29524 0.33311 2 
3.848 12.988 3.14762 0.16656 2 
6.414 12.988 0.00000 -0.00000 0 
8.980 12.988 0.00000 -0.00000 0 
11.545 12.988 0.00000 -0.00000 0 
14.111 12.988 0.00000 -0.00000 0 
16.676 12.988 3.48005 0.67849 2 
19.242 12.988 6.96010 1.35699 2 
21.808 12.988 6.92685 1.55213 2 
24.373 12.988 6.85728 1.39892 2 
26.939 12.988 7.34598 1.58752 2 
29.504 12.988 7.61487 1.59119 2 
32.070 12.988 7.50283 1.47376 2 
34.636 12.988 7.89559 1.75426 2 
37.201 12.988 7.78856 1.50135 2 
39.767 12.988 8.55921 1.80575 2 
42.332 12.988 0.00000 -0.00000 0 
44.898 12.988 0.00000 -0.00000 0 
47.464 12.988 0.00000 -0.00000 0 
50.029 12.988 0.00000 -0.00000 0 
52.595 12.988 0.00000 -0.00000 0 
55.160 12.988 0.00000 -0.00000 0 
57.726 12.988 0.00000 -0.00000 0 
60.292 12.988 0.00000 -0.00000 0 
62.857 12.988 0.00000 -0.00000 0 
65.423 12.988 0.00000 -0.00000 0 
67.988 12.988 0.00000 -0.00000 0 
70.554 12.988 0.00000 -0.00000 0 
73.120 12.988 0.00000 -0.00000 0 
75.685 12.988 0.90475 -0.19630 2 
78.251 12.988 -1.68966 -0.20235 2 
80.816 12.988 -2.98388 -0.17961 2 
83.382 12.988 -1.95938 0.39827 2 
85.948 12.988 -1.68128 0.85046 2 
88.513 12.988 -1.96463 0.82705 2 
91.079 12.988 -1.46096 0.23926 2 
93.644 12.988 -1.57993 0.39683 2 
96.210 12.988 -2.65054 1.05620 2 
98.776 12.988 -1.82903 0.15277 2 
101.341 12.988 0.24202 -0.00870 2 
103.907 12.988 2.31308 -0.17017 2 
106.472 12.988 0.46274 1.92277 2 
109.038 12.988 2.89068 3.84352 2 
111.603 12.988 4.49246 2.53370 2 
114.169 12.988 6.28271 2.19174 2 
116.735 12.988 7.95117 2.16171 2 
119.300 12.988 0.00000 -0.00000 0 
-8.980 10.423 6.64281 -0.16574 2 
-6.414 10.423 6.59460 -0.06394 2 
-3.848 10.423 6.43017 -0.10248 2 
-1.283 10.423 6.41388 0.07066 2 
1.283 10.423 6.19504 0.12968 2 
3.848 10.423 6.40378 0.30666 2 
6.414 10.423 3.20189 0.15333 2 
8.980 10.423 0.00000 -0.00000 0 
11.545 10.423 0.00000 -0.00000 0 
14.111 10.423 0.00000 -0.00000 0 
16.676 10.423 2.32003 0.45233 2 
19.242 10.423 4.64007 0.90466 2 
21.808 10.423 6.98849 1.84308 2 
24.373 10.423 7.14911 1.83187 2 
26.939 10.423 7.62538 1.88168 2 
29.504 10.423 6.09642 1.53149 2 
32.070 10.423 0.00000 -0.00000 0 
34.636 10.423 0.00000 -0.00000 0 
37.201 10.423 0.00000 -0.00000 0 
39.767 10.423 0.00000 -0.00000 0 
42.332 10.423 0.00000 -0.00000 0 
44.898 10.423 0.00000 -0.00000 0 
47.464 10.423 0.00000 -0.00000 0 
50.029 10.423 0.00000 -0.00000 0 
52.595 10.423 0.00000 -0.00000 0 
55.160 10.423 0.00000 -0.00000 0 
57.726 10.423 0.00000 -0.00000 0 
60.292 10.423 0.00000 -0.00000 0 
62.857 10.423 0.00000 -0.00000 0 
65.423 10.423 0.00000 -0.00000 0 
67.988 10.423 -1.61883 -0.40919 2 
70.554 10.423 -1.65367 -0.93385 2 
73.120 10.423 -1.45175 -0.71928 2 
75.685 10.423 -3.29398 -0.74223 2 
78.251 10.423 -3.37931 -0.40470 2 
80.816 10.423 -2.12150 0.34657 2 
83.382 10.423 -2.74377 0.43640 2 
85.948 10.423 -1.82161 0.53658 2 
88.513 10.423 -2.44976 -0.05537 2 
91.079 10.423 -2.49852 -0.16491 2 
93.644 10.423 -2.56516 1.45808 2 
96.210 10.423 -1.99691 1.02199 2 
98.776 10.423 -2.21043 0.64616 2 
101.341 10.423 -0.94492 0.77893 2 
103.907 10.423 -1.51854 -0.13052 2 
106.472 10.423 -1.10100 3.83952 2 
109.038 10.423 1.12366 4.59349 2 
111.603 10.423 3.79291 1.95554 2 
114.169 10.423 5.17136 2.71418 2 
116.735 10.423 7.23501 2.89800 2 
119.300 10.423 0.00000 -0.00000 0 
-8.980 7.857 6.82205 -0.36216 2 
-6.414 7.857 6.49001 -0.22926 2 
-3.848 7.857 6.35960 -0.20197 2 
-1.283 7.857 6.25467 -0.23550 2 
1.283 7.857 6.04546 0.07362 2 
3.848 7.857 6.32882 0.13796 2 
6.414 7.857 3.16441 0.06898 2 
8.980 7.857 0.00000 -0.00000 0 
11.545 7.857 0.00000 -0.00000 0 
14.111 7.857 0.00000 -0.00000 2 
16.676 7.857 1.54669 0.30155 2 
19.242 7.857 2.32003 0.45233 2 
21.808 7.857 0.00000 -0.00000 0 
24.373 7.857 0.00000 -0.00000 0 
26.939 7.857 0.00000 -0.00000 0 
29.504 7.857 0.00000 -0.00000 0 
32.070 7.857 0.00000 -0.00000 0 
34.636 7.857 0.00000 -0.00000 0 
37.201 7.857 0.00000 -0.00000 0 
39.767 7.857 0.00000 -0.00000 0 
42.332 7.857 0.00000 -0.00000 0 
44.898 7.857 0.00000 -0.00000 0 
47.464 7.857 0.00000 -0.00000 0 
50.029 7.857 0.00000 -0.00000 0 
52.595 7.857 0.00000 -0.00000 0 
55.160 7.857 0.00000 -0.00000 0 
57.726 7.857 0.00000 -0.00000 0 
60.292 7.857 -1.53602 -0.67220 2 
62.857 7.857 -3.41618 -0.93013 2 
65.423 7.857 -1.10387 -0.30569 2 
67.988 7.857 -1.95695 -0.67601 2 
70.554 7.857 -2.04428 -1.00745 2 
73.120 7.857 -1.82550 -0.85389 2 
75.685 7.857 -3.03197 -0.67000 2 
78.251 7.857 -3.46869 -0.56394 2 
80.816 7.857 -2.63298 0.27220 2 
83.382 7.857 -2.59491 0.61109 2 
85.948 7.857 -3.05822 0.28252 2 
88.513 7.857 -3.01177 -0.31722 2 
91.079 7.857 -2.15606 -0.38623 2 
93.644 7.857 -2.26731 1.60537 2 
96.210 7.857 -0.66229 0.73361 2 
98.776 7.857 -0.82618 0.59452 2 
101.341 7.857 -0.24417 0.83337 2 
103.907 7.857 -1.31877 2.64065 2 
106.472 7.857 -0.26659 2.37121 2 
109.038 7.857 -0.77797 4.11860 2 
111.603 7.857 1.05043 3.12888 2 
114.169 7.857 2.53343 2.64024 2 
116.735 7.857 3.52138 2.67629 2 
119.300 7.857 0.00000 -0.00000 0 
-8.980 5.292 6.53409 -0.32889 2 
-6.414 5.292 6.65547 -0.53770 2 
-3.848 5.292 6.42576 -0.42962 2 
-1.283 5.292 6.08042 -0.35404 2 
1.283 5.292 5.78726 -0.03389 2 
3.848 5.292 6.14910 -0.10307 2 
6.414 5.292 3.07455 -0.05154 2 
8.980 5.292 0.00000 -0.00000 0 
11.545 5.292 0.00000 -0.00000 0 
14.111 5.292 0.00000 -0.00000 0 
16.676 5.292 0.00000 -0.00000 0 
19.242 5.292 0.00000 -0.00000 0 
21.808 5.292 0.00000 -0.00000 0 
24.373 5.292 0.00000 -0.00000 0 
26.939 5.292 0.00000 -0.00000 0 
29.504 5.292 0.00000 -0.00000 0 
32.070 5.292 0.00000 -0.00000 0 
34.636 5.292 0.00000 -0.00000 0 
37.201 5.292 0.00000 -0.00000 0 
39.767 5.292 0.00000 -0.00000 0 
42.332 5.292 0.00000 -0.00000 0 
44.898 5.292 0.00000 -0.00000 0 
47.464 5.292 0.00000 -0.00000 0 
50.029 5.292 0.00000 -0.00000 0 
52.595 5.292 -0.26652 -0.12610 2 
55.160 5.292 -1.32033 -0.43929 2 
57.726 5.292 -1.61567 -0.87660 2 
60.292 5.292 -2.12877 -0.80758 2 
62.857 5.292 -2.94323 -0.99554 2 
65.423 5.292 -2.20774 -0.61139 2 
67.988 5.292 -2.32132 -0.84621 2 
70.554 5.292 -2.43490 -1.08104 2 
73.120 5.292 -2.19924 -0.98850 2 
75.685 5.292 -2.76996 -0.59777 2 
78.251 5.292 -3.63782 -0.49430 2 
80.816 5.292 -3.02928 0.63384 2 
83.382 5.292 -2.04178 0.27880 2 
85.948 5.292 -2.55292 -0.85268 2 
88.513 5.292 -2.38939 -0.94790 2 
91.079 5.292 -3.21237 0.22647 2 
93.644 5.292 -1.96946 1.75266 2 
96.210 5.292 -1.19279 1.15558 2 
98.776 5.292 -0.41613 0.55849 2 
101.341 5.292 -0.43452 1.25958 2 
103.907 5.292 -0.91661 1.92451 2 
106.472 5.292 -0.80618 1.44709 2 
109.038 5.292 -2.67960 3.64372 2 
111.603 5.292 -1.69204 4.30222 2 
114.169 5.292 -0.89284 4.53705 2 
116.735 5.292 -0.19226 2.45458 2 
119.300 5.292 0.00000 -0.00000 0 
-8.980 2.726 6.56196 -0.59361 2 
-6.414 2.726 6.56619 -0.39372 2 
-3.848 2.726 6.45110 -0.58060 2 
-1.283 2.726 6.13853 -0.45810 2 
1.283 2.726 5.87192 -0.50826 2 
3.848 2.726 2.93596 -0.25413 2 
6.414 2.726 0.00000 -0.00000 0 
8.980 2.726 0.00000 -0.00000 0 
11.545 2.726 0.00000 -0.00000 0 
14.111 2.726 0.00000 -0.00000 0 
16.676 2.726 0.00000 -0.00000 0 
19.242 2.726 0.00000 -0.00000 0 
21.808 2.726 0.00000 -0.00000 0 
24.373 2.726 0.00000 -0.00000 0 
26.939 2.726 0.00000 -0.00000 0 
29.504 2.726 0.00000 -0.00000 0 
32.070 2.726 0.00000 -0.00000 0 
34.636 2.726 0.00000 -0.00000 0 
37.201 2.726 0.00000 -0.00000 0 
39.767 2.726 0.00000 -0.00000 0 
42.332 2.726 0.00000 -0.00000 0 
44.898 2.726 0.00000 -0.00000 0 
47.464 2.726 -0.72311 -0.32739 2 
50.029 2.726 -0.50919 -0.09693 2 
52.595 2.726 -0.53304 -0.25220 2 
55.160 2.726 -2.64066 -0.87857 2 
57.726 2.726 -2.69164 -1.16939 2 
60.292 2.726 -2.72152 -0.94297 2 
62.857 2.726 -2.47027 -1.06094 2 
65.423 2.726 -1.96147 -0.48866 2 
67.988 2.726 -2.30249 -0.68459 2 
70.554 2.726 -1.92372 -0.90289 2 
73.120 2.726 -1.74923 -0.52240 2 
75.685 2.726 -1.37148 -1.08775 2 
78.251 2.726 -3.34412 -0.82797 2 
80.816 2.726 -3.13417 0.40526 2 
83.382 2.726 -0.99569 0.09333 2 
85.948 2.726 -2.59361 -0.63221 2 
88.513 2.726 -2.97371 -0.53679 2 
91.079 2.726 -3.35380 -0.44137 2 
93.644 2.726 -1.49702 0.91766 2 
96.210 2.726 -0.53112 0.52900 2 
98.776 2.726 -0.24040 0.78504 2 
101.341 2.726 -0.62488 1.68579 2 
103.907 2.726 -0.75576 1.70898 2 
106.472 2.726 -0.88664 1.73217 2 
109.038 2.726 -0.82633 3.27375 2 
111.603 2.726 -0.57051 4.29973 2 
114.169 2.726 -2.41499 3.41249 2 
116.735 2.726 -1.28372 3.09556 2 
119.300 2.726 0.00000 -0.00000 0 
-8.980 0.160 6.75838 -0.56484 2 
-6.414 0.160 6.61040 -0.63580 2 
-3.848 0.160 6.38524 -0.69330 2 
-1.283 0.160 5.90729 -0.79548 2 
1.283 0.160 6.10180 -0.66977 2 
3.848 0.160 0.00000 -0.00000 0 
6.414 0.160 0.00000 -0.00000 0 
8.980 0.160 0.00000 -0.00000 0 
11.545 0.160 0.00000 -0.00000 0 
14.111 0.160 0.00000 -0.00000 0 
16.676 0.160 0.00000 -0.00000 0 
19.242 0.160 0.00000 -0.00000 0 
21.808 0.160 0.00000 -0.00000 0 
24.373 0.160 0.00000 -0.00000 0 
26.939 0.160 0.00000 -0.00000 0 
29.504 0.160 0.00000 -0.00000 0 
32.070 0.160 0.00000 -0.00000 0 
34.636 0.160 0.00000 -0.00000 0 
37.201 0.160 0.00000 -0.00000 0 
39.767 0.160 -1.10068 -0.27044 2 
42.332 0.160 -1.06709 -0.72746 2 
44.898 0.160 -2.12974 -0.75205 2 
47.464 0.160 -1.44622 -0.65478 2 
50.029 0.160 -2.02550 -1.20369 2 
52.595 0.160 -1.10280 -0.56113 2 
55.160 0.160 -2.55973 -1.02227 2 
57.726 0.160 -2.21381 -0.89542 2 
60.292 0.160 -2.20628 -0.78186 2 
62.857 0.160 -1.82882 -0.93450 2 
65.423 0.160 -1.88416 -0.54545 2 
67.988 0.160 -1.75251 -0.98109 2 
70.554 0.160 -1.76049 -1.07473 2 
73.120 0.160 -1.86410 -0.90167 2 
75.685 0.160 -1.79481 -1.30918 2 
78.251 0.160 -1.10878 -0.29709 2 
80.816 0.160 -2.08837 0.63645 2 
83.382 0.160 0.05040 -0.09213 2 
85.948 0.160 -2.63430 -0.41174 2 
88.513 0.160 -2.49579 -0.32138 2 
91.079 0.160 -2.35728 -0.23102 2 
93.644 0.160 -1.32126 -0.35252 2 
96.210 0.160 0.31979 0.11085 2 
98.776 0.160 0.17722 1.51260 2 
101.341 0.160 -0.28297 1.47128 2 
103.907 0.160 -1.83372 1.55910 2 
106.472 0.160 -1.13703 1.82447 2 
109.038 0.160 -0.24334 2.99617 2 
111.603 0.160 -0.94711 4.24322 2 
114.169 0.160 0.51558 4.64453 2 
116.735 0.160 -2.37518 3.73654 2 
119.300 0.160 -0.68436 5.08990 2 
-8.980 -2.405 6.93443 -0.74607 2 
-6.414 -2.405 6.68805 -0.93594 2 
-3.848 -2.405 6.41281 -0.85446 2 
-1.283 -2.405 6.21288 -0.89185 2 
1.283 -2.405 0.00000 -0.00000 0 
3.848 -2.405 0.00000 -0.00000 0 
6.414 -2.405 0.00000 -0.00000 0 
8.980 -2.405 0.00000 -0.00000 0 
11.545 -2.405 0.00000 -0.00000 0 
14.111 -2.405 0.00000 -0.00000 0 
16.676 -2.405 0.00000 -0.00000 0 
19.242 -2.405 0.00000 -0.00000 0 
21.808 -2.405 0.00000 -0.00000 0 
24.373 -2.405 0.00000 -0.00000 0 
26.939 -2.405 0.00000 -0.00000 0 
29.504 -2.405 0.00000 -0.00000 0 
32.070 -2.405 -0.25440 0.11497 2 
34.636 -2.405 -0.71073 0.11111 2 
37.201 -2.405 -1.63566 -0.54770 2 
39.767 -2.405 -2.20136 -0.54089 2 
42.332 -2.405 -2.78278 -0.36559 2 
44.898 -2.405 -2.38021 -0.80619 2 
47.464 -2.405 -2.30594 -1.13769 2 
50.029 -2.405 -2.39550 -0.81300 2 
52.595 -2.405 -1.67256 -0.87006 2 
55.160 -2.405 -1.80993 -0.56484 2 
57.726 -2.405 -1.26232 -0.81245 2 
60.292 -2.405 -1.58181 -1.21577 2 
62.857 -2.405 -1.68821 -1.33769 2 
65.423 -2.405 -1.49054 -1.68883 2 
67.988 -2.405 -1.71676 -1.32011 2 
70.554 -2.405 -1.84786 -1.30053 2 
73.120 -2.405 -1.97897 -1.28094 2 
75.685 -2.405 -2.03579 -0.08774 2 
78.251 -2.405 -1.12125 -0.05911 2 
80.816 -2.405 -1.04258 0.86764 2 
83.382 -2.405 -1.12460 -0.69849 2 
85.948 -2.405 0.05907 -0.16059 2 
88.513 -2.405 -1.32770 0.12238 2 
91.079 -2.405 -2.13068 0.79684 2 
93.644 -2.405 -0.78734 0.67036 2 
96.210 -2.405 0.97931 1.33940 2 
98.776 -2.405 0.51912 1.29808 2 
101.341 -2.405 0.05894 1.25676 2 
103.907 -2.405 -1.58372 1.65468 2 
106.472 -2.405 -1.38742 1.91676 2 
109.038 -2.405 -0.32398 2.20735 2 
111.603 -2.405 -1.32371 4.18671 2 
114.169 -2.405 0.16153 4.66637 2 
116.735 -2.405 1.23946 3.89855 2 
119.300 -2.405 -0.63311 2.38935 2 
-8.980 -4.971 6.70377 -0.84664 2 
-6.414 -4.971 6.80128 -0.81441 2 
-3.848 -4.971 6.51813 -0.89882 2 
-1.283 -4.971 6.28524 -1.19542 2 
1.283 -4.971 0.00000 -0.00000 0 
3.848 -4.971 0.00000 -0.00000 0 
6.414 -4.971 0.00000 -0.00000 0 
8.980 -4.971 0.00000 -0.00000 0 
11.545 -4.971 0.00000 -0.00000 0 
14.111 -4.971 0.00000 -0.00000 0 
16.676 -4.971 0.00000 -0.00000 0 
19.242 -4.971 0.00000 -0.00000 0 
21.808 -4.971 0.00000 -0.00000 0 
24.373 -4.971 -0.83521 -0.12370 2 
26.939 -4.971 -1.25282 -0.18556 2 
29.504 -4.971 -1.41494 -0.36049 2 
32.070 -4.971 -0.61677 -0.69725 2 
34.636 -4.971 -1.06655 -0.95758 2 
37.201 -4.971 -1.81108 -0.37259 2 
39.767 -4.971 -1.67335 -0.72121 2 
42.332 -4.971 -1.87199 -0.76329 2 
44.898 -4.971 -2.63068 -0.86033 2 
47.464 -4.971 -2.36294 -0.78684 2 
50.029 -4.971 -1.80324 -0.65515 2 
52.595 -4.971 -1.81290 -0.49249 2 
55.160 -4.971 -1.24844 -1.21719 2 
57.726 -4.971 -1.19948 -1.45355 2 
60.292 -4.971 -1.08655 -1.21283 2 
62.857 -4.971 -1.58816 -2.19217 2 
65.423 -4.971 -1.53936 -2.42169 2 
67.988 -4.971 -1.66425 -2.19329 2 
70.554 -4.971 -1.59416 -1.69679 2 
73.120 -4.971 -1.52407 -1.20030 2 
75.685 -4.971 -1.76710 0.10571 2 
78.251 -4.971 -0.55761 -0.27744 2 
80.816 -4.971 -1.16121 0.95316 2 
83.382 -4.971 0.30352 -0.47393 2 
85.948 -4.971 0.65559 2.06745 2 
88.513 -4.971 0.68980 -0.10595 2 
91.079 -4.971 0.59522 -0.20157 2 
93.644 -4.971 -0.38875 0.92835 2 
96.210 -4.971 0.55865 1.55039 2 
98.776 -4.971 0.47975 1.29631 2 
101.341 -4.971 0.40084 1.04224 2 
103.907 -4.971 -0.10030 1.15716 2 
106.472 -4.971 -0.60145 1.27208 2 
109.038 -4.971 -0.40463 1.41852 2 
111.603 -4.971 -0.28226 3.68103 2 
114.169 -4.971 -0.74206 3.83197 2 
116.735 -4.971 1.25760 3.67769 2 
119.300 -4.971 0.51312 2.47748 2 
-8.980 -7.536 7.18364 -0.75539 2 
-6.414 -7.536 6.71193 -0.98479 2 
-3.848 -7.536 6.75935 -1.13250 2 
-1.283 -7.536 6.48064 -1.30700 2 
1.283 -7.536 6.43570 -1.45266 2 
3.848 -7.536 0.00000 -0.00000 0 
6.414 -7.536 5.66453 -2.70075 2 
8.980 -7.536 6.75880 -3.60560 2 
11.545 -7.536 5.68237 -3.42689 2 
14.111 -7.536 4.64280 -1.71035 2 
16.676 -7.536 -0.37048 0.19878 2 
19.242 -7.536 -1.24211 0.16863 2 
21.808 -7.536 -1.32991 -0.31977 2 
24.373 -7.536 -1.91777 -0.34544 2 
26.939 -7.536 -2.50564 -0.37111 2 
29.504 -7.536 -1.42685 -0.62592 2 
32.070 -7.536 -1.62219 -0.71290 2 
34.636 -7.536 -1.07903 -0.38126 2 
37.201 -7.536 -1.27590 -0.33327 2 
39.767 -7.536 -1.93739 -0.58736 2 
42.332 -7.536 -1.73695 -0.53655 2 
44.898 -7.536 -1.11524 -1.07333 2 
47.464 -7.536 -2.08421 -0.55921 2 
50.029 -7.536 -1.37389 -0.29264 2 
52.595 -7.536 -1.18208 -0.31939 2 
55.160 -7.536 -1.46887 -1.13813 2 
57.726 -7.536 -1.40162 -1.68840 2 
60.292 -7.536 -0.77811 -1.52822 2 
62.857 -7.536 -0.95585 -1.71157 2 
65.423 -7.536 -0.82743 -2.46947 2 
67.988 -7.536 -0.29302 -1.30099 2 
70.554 -7.536 0.12997 0.51236 2 
73.120 -7.536 1.79017 0.80629 2 
75.685 -7.536 1.76386 0.78834 2 
78.251 -7.536 1.73755 0.77039 2 
80.816 -7.536 3.41180 1.14970 2 
83.382 -7.536 2.02005 1.74475 2 
85.948 -7.536 2.02084 2.45309 2 
88.513 -7.536 1.11933 1.68606 2 
91.079 -7.536 1.42256 0.20047 2 
93.644 -7.536 2.24991 1.23183 2 
96.210 -7.536 1.13183 0.71967 2 
98.776 -7.536 1.29408 1.63822 2 
101.341 -7.536 -0.16070 1.04191 2 
103.907 -7.536 0.22061 2.35262 2 
106.472 -7.536 0.60192 3.66333 2 
109.038 -7.536 0.39930 2.95310 2 
111.603 -7.536 0.82994 1.82822 2 
114.169 -7.536 1.24093 1.82253 2 
116.735 -7.536 0.01765 0.90895 2 
119.300 -7.536 0.09056 2.10199 2 
-8.980 -10.102 6.83091 -1.09111 2 
-6.414 -10.102 7.15106 -0.94113 2 
-3.848 -10.102 6.97448 -1.42255 2 
-1.283 -10.102 6.75896 -1.40234 2 
1.283 -10.102 6.71994 -1.87209 2 
3.848 -10.102 6.84424 -2.35911 2 
6.414 -10.102 6.92972 -2.64722 2 
8.980 -10.102 7.14948 -3.13869 2 
11.545 -10.102 6.82199 -3.09555 2 
14.111 -10.102 9.28560 -3.42070 2 
16.676 -10.102 8.88763 -2.87261 2 
19.242 -10.102 9.31342 -2.28123 2 
21.808 -10.102 4.00436 0.84700 2 
24.373 -10.102 -0.78026 -1.80206 2 
26.939 -10.102 3.96808 -0.57680 2 
29.504 -10.102 -1.43876 -0.89134 2 
32.070 -10.102 -2.29312 -1.11751 2 
34.636 -10.102 -0.59108 -1.05452 2 
37.201 -10.102 -0.73382 -1.06942 2 
39.767 -10.102 0.16127 -0.32955 2 
42.332 -10.102 1.76294 -0.62122 2 
44.898 -10.102 0.08645 -0.65606 2 
47.464 -10.102 -0.45419 -1.25608 2 
50.029 -10.102 0.96395 -0.11557 2 
52.595 -10.102 0.44862 -0.33497 2 
55.160 -10.102 -0.77383 -0.74703 2 
57.726 -10.102 -0.37062 -1.20315 2 
60.292 -10.102 -0.34823 -1.92607 2 
62.857 -10.102 -0.09921 -1.87257 2 
65.423 -10.102 -0.11550 -2.51725 2 
67.988 -10.102 1.07821 -0.40869 2 
70.554 -10.102 2.41007 1.19702 2 
73.120 -10.102 2.53934 0.87241 2 
75.685 -10.102 3.18099 0.36832 2 
78.251 -10.102 3.82263 -0.13578 2 
80.816 -10.102 2.58193 0.60858 2 
83.382 -10.102 3.73659 3.96343 2 
85.948 -10.102 2.37848 3.42266 2 
88.513 -10.102 3.71477 3.56002 2 
91.079 -10.102 4.25389 1.23407 2 
93.644 -10.102 2.32165 0.32041 2 
96.210 -10.102 2.91604 0.57957 2 
98.776 -10.102 0.38590 0.80716 2 
101.341 -10.102 1.20754 0.11872 2 
103.907 -10.102 1.05663 3.03244 2 
106.472 -10.102 3.61045 3.38761 2 
109.038 -10.102 3.91988 2.70955 2 
111.603 -10.102 4.20474 1.76488 2 
114.169 -10.102 1.47030 -0.25183 2 
116.735 -10.102 3.20637 1.30451 2 
119.300 -10.102 0.42877 -0.00692 2 
-8.980 -12.668 7.17608 -0.86544 2 
-6.414 -12.668 7.09554 -0.94136 2 
-3.848 -12.668 7.00251 -1.25713 2 
-1.283 -12.668 7.09725 -1.41754 2 
1.283 -12.668 7.05094 -1.78719 2 
3.848 -12.668 7.11220 -2.05354 2 
6.414 -12.668 7.29948 -2.37415 2 
8.980 -12.668 7.54017 -2.67178 2 
11.545 -12.668 7.96161 -2.76420 2 
14.111 -12.668 8.52058 -2.73996 2 
16.676 -12.668 8.82124 -2.58508 2 
19.242 -12.668 8.99160 -2.31244 2 
21.808 -12.668 9.20759 -2.76638 2 
24.373 -12.668 4.27731 -2.06841 2 
26.939 -12.668 10.44180 -0.78248 2 
29.504 -12.668 8.10390 -1.23742 2 
32.070 -12.668 3.21896 -1.42305 2 
34.636 -12.668 2.80122 -0.58302 2 
37.201 -12.668 4.15255 -0.80436 2 
39.767 -12.668 4.93429 -0.52927 2 
42.332 -12.668 5.26283 -0.70589 2 
44.898 -12.668 4.22734 -1.21282 2 
47.464 -12.668 4.15867 -0.84460 2 
50.029 -12.668 3.40912 -0.63809 2 
52.595 -12.668 3.75391 -0.61441 2 
55.160 -12.668 4.20604 -1.29032 2 
57.726 -12.668 1.85029 -0.99788 2 
60.292 -12.668 3.47477 -1.64439 2 
62.857 -12.668 1.52640 -1.19418 2 
65.423 -12.668 2.38339 -0.83957 2 
67.988 -12.668 2.42221 -0.22081 2 
70.554 -12.668 2.47964 0.42430 2 
73.120 -12.668 2.63410 0.23249 2 
75.685 -12.668 3.50766 0.43129 2 
78.251 -12.668 3.76814 0.50087 2 
80.816 -12.668 3.76502 0.53030 2 
83.382 -12.668 5.51233 4.06458 2 
85.948 -12.668 4.92558 3.59825 2 
88.513 -12.668 5.52537 3.65539 2 
91.079 -12.668 3.72516 1.33228 2 
93.644 -12.668 2.94844 1.00016 2 
96.210 -12.668 3.21821 0.36277 2 
98.776 -12.668 3.26522 1.69190 2 
101.341 -12.668 2.92165 0.97933 2 
103.907 -12.668 2.60432 3.54617 2 
106.472 -12.668 2.71785 3.05774 2 
109.038 -12.668 3.38531 3.86538 2 
111.603 -12.668 3.62791 3.40080 2 
114.169 -12.668 3.35228 -1.09569 2 
116.735 -12.668 2.98776 -0.82411 2 
119.300 -12.668 0.37033 0.62764 2 
-8.980 -15.233 7.25554 -0.94918 2 
-6.414 -15.233 7.22287 -1.26409 2 
-3.848 -15.233 7.31031 -1.34934 2 
-1.283 -15.233 7.20772 -1.54471 2 
1.283 -15.233 7.11792 -1.71918 2 
3.848 -15.233 7.27377 -1.98411 2 
6.414 -15.233 7.58932 -2.19293 2 
8.980 -15.233 7.72263 -2.33323 2 
11.545 -15.233 8.31399 -2.43318 2 
14.111 -15.233 8.47043 -2.45225 2 
16.676 -15.233 8.71761 -2.41423 2 
19.242 -15.233 8.75048 -2.32868 2 
21.808 -15.233 9.00294 -2.33308 2 
24.373 -15.233 9.33488 -2.33475 2 
26.939 -15.233 9.38820 -1.44041 2 
29.504 -15.233 9.34991 -1.84892 2 
32.070 -15.233 8.73105 -1.72859 2 
34.636 -15.233 8.72571 -1.43092 2 
37.201 -15.233 9.03892 -0.53929 2 
39.767 -15.233 9.70731 -0.72899 2 
42.332 -15.233 7.41425 -0.78349 2 
44.898 -15.233 8.62876 -0.33331 2 
47.464 -15.233 8.77153 -0.43311 2 
50.029 -15.233 5.85429 -1.16061 2 
52.595 -15.233 5.51833 -1.20559 2 
55.160 -15.233 5.18237 -1.25057 2 
57.726 -15.233 4.07121 -0.79262 2 
60.292 -15.233 7.29778 -1.36272 2 
62.857 -15.233 5.39925 -1.60349 2 
65.423 -15.233 6.04202 -1.12517 2 
67.988 -15.233 6.32003 0.24126 2 
70.554 -15.233 6.04930 0.51946 2 
73.120 -15.233 2.72885 -0.40743 2 
75.685 -15.233 4.98718 -0.12998 2 
78.251 -15.233 4.06984 -0.09474 2 
80.816 -15.233 4.94810 0.45203 2 
83.382 -15.233 4.21468 2.90352 2 
85.948 -15.233 6.72940 3.26673 2 
88.513 -15.233 6.99679 3.32494 2 
91.079 -15.233 6.32438 2.11656 2 
93.644 -15.233 6.33786 0.18235 2 
96.210 -15.233 5.92553 1.02227 2 
98.776 -15.233 3.67196 1.05277 2 
101.341 -15.233 1.41839 1.08326 2 
103.907 -15.233 3.67451 3.95662 2 
106.472 -15.233 5.84892 3.75858 2 
109.038 -15.233 4.10033 4.17377 2 
111.603 -15.233 2.29518 2.55502 2 
114.169 -15.233 4.36403 -0.94780 2 
116.735 -15.233 3.75228 -0.38181 2 
119.300 -15.233 0.66207 -0.69178 2 
-8.980 -17.799 7.14831 -1.10421 2 
-6.414 -17.799 7.15886 -1.04372 2 
-3.848 -17.799 7.32499 -1.28031 2 
-1.283 -17.799 7.24315 -1.33005 2 
1.283 -17.799 7.45111 -1.53786 2 
3.848 -17.799 7.50261 -1.87685 2 
6.414 -17.799 7.64289 -2.03284 2 
8.980 -17.799 7.82938 -2.11793 2 
11.545 -17.799 8.17022 -2.14778 2 
14.111 -17.799 8.44151 -2.31212 2 
16.676 -17.799 8.50860 -2.19919 2 
19.242 -17.799 9.04299 -2.14969 2 
21.808 -17.799 8.94179 -2.07449 2 
24.373 -17.799 9.14028 -2.03178 2 
26.939 -17.799 9.07610 -1.52155 2 
29.504 -17.799 9.35484 -1.69787 2 
32.070 -17.799 9.63355 -1.60781 2 
34.636 -17.799 9.72959 -1.29091 2 
37.201 -17.799 9.72450 -1.00993 2 
39.767 -17.799 9.35815 -0.86983 2 
42.332 -17.799 9.56567 -0.86109 2 
44.898 -17.799 9.62606 -0.77748 2 
47.464 -17.799 9.53836 -0.95826 2 
50.029 -17.799 9.09431 -1.04484 2 
52.595 -17.799 7.64486 -0.98434 2 
55.160 -17.799 7.46521 -1.04198 2 
57.726 -17.799 9.28800 -0.38271 2 
60.292 -17.799 9.24676 -1.50673 2 
62.857 -17.799 10.76552 -0.93555 2 
65.423 -17.799 10.22632 -0.29445 2 
67.988 -17.799 10.21785 0.70333 2 
70.554 -17.799 9.61895 0.61462 2 
73.120 -17.799 8.53749 0.27444 2 
75.685 -17.799 7.89822 0.53568 2 
78.251 -17.799 7.70116 1.39833 2 
80.816 -17.799 7.42694 0.64276 2 
83.382 -17.799 8.64224 1.67064 2 
85.948 -17.799 8.53323 2.93520 2 
88.513 -17.799 8.08785 2.60763 2 
91.079 -17.799 7.66562 2.32431 2 
93.644 -17.799 7.40730 1.11131 2 
96.210 -17.799 7.07354 0.31131 2 
98.776 -17.799 5.95825 0.54534 2 
101.341 -17.799 4.84295 0.77938 2 
103.907 -17.799 6.32788 2.41484 2 
106.472 -17.799 7.04161 2.81239 2 
109.038 -17.799 6.86223 3.71827 2 
111.603 -17.799 4.62280 1.34817 2 
114.169 -17.799 6.06935 -0.66578 2 
116.735 -17.799 3.05577 2.20604 2 
119.300 -17.799 0.10393 -1.57044 2 
-8.980 -20.364 7.50975 -0.95503 2 
-6.414 -20.364 7.34121 -1.03410 2 
-3.848 -20.364 7.52774 -1.34587 2 
-1.283 -20.364 7.33546 -1.41989 2 
1.283 -20.364 7.36337 -1.46781 2 
3.848 -20.364 7.65792 -1.78885 2 
6.414 -20.364 7.72102 -1.77806 2 
8.980 -20.364 8.04230 -1.98682 2 
11.545 -20.364 8.21146 -2.03073 2 
14.111 -20.364 8.31976 -1.92307 2 
16.676 -20.364 8.66098 -1.87845 2 
19.242 -20.364 8.67120 -2.02951 2 
21.808 -20.364 8.76585 -1.80114 2 
24.373 -20.364 8.88093 -1.60707 2 
26.939 -20.364 9.15999 -1.58487 2 
29.504 -20.364 9.20825 -1.53085 2 
32.070 -20.364 9.31640 -1.39026 2 
34.636 -20.364 9.49970 -1.25900 2 
37.201 -20.364 9.40114 -1.06914 2 
39.767 -20.364 9.35279 -0.96441 2 
42.332 -20.364 9.51926 -1.10091 2 
44.898 -20.364 9.35924 -0.81280 2 
47.464 -20.364 9.47928 -0.87036 2 
50.029 -20.364 9.41740 -0.87869 2 
52.595 -20.364 9.77138 -0.76310 2 
55.160 -20.364 9.74806 -0.83338 2 
57.726 -20.364 9.23450 -0.75030 2 
60.292 -20.364 9.67653 -1.08206 2 
62.857 -20.364 10.73268 -0.72595 2 
65.423 -20.364 10.22694 -0.25797 2 
67.988 -20.364 10.06162 0.35000 2 
70.554 -20.364 10.05244 0.18495 2 
73.120 -20.364 11.00633 0.33870 2 
75.685 -20.364 11.07545 0.95839 2 
78.251 -20.364 9.13758 1.27678 2 
80.816 -20.364 9.35217 1.66418 2 
83.382 -20.364 10.10821 2.09367 2 
85.948 -20.364 9.28303 2.34847 2 
88.513 -20.364 8.62627 2.19340 2 
91.079 -20.364 8.32111 1.47715 2 
93.644 -20.364 8.13670 1.17029 2 
96.210 -20.364 7.79035 0.74014 2 
98.776 -20.364 8.02893 0.60781 2 
101.341 -20.364 8.26752 0.47549 2 
103.907 -20.364 8.15718 1.14308 2 
106.472 -20.364 8.04683 1.81066 2 
109.038 -20.364 7.21004 2.38363 2 
111.603 -20.364 7.57291 1.55729 2 
114.169 -20.364 7.77467 -0.38376 2 
116.735 -20.364 7.54049 0.59575 2 
119.300 -20.364 0.00000 -0.00000 0 
-8.980 -22.930 7.49800 -0.94031 2 
-6.414 -22.930 7.47102 -1.11933 2 
-3.848 -22.930 7.46404 -1.19257 2 
-1.283 -22.930 7.57138 -1.35035 2 
1.283 -22.930 7.65069 -1.44824 2 
3.848 -22.930 7.79359 -1.41754 2 
6.414 -22.930 7.88444 -1.66308 2 
8.980 -22.930 7.96717 -1.66141 2 
11.545 -22.930 8.27261 -1.77051 2 
14.111 -22.930 8.48450 -1.78364 2 
16.676 -22.930 8.61713 -1.92290 2 
19.242 -22.930 8.75225 -1.72433 2 
21.808 -22.930 8.81583 -1.67022 2 
24.373 -22.930 8.95702 -1.59189 2 
26.939 -22.930 8.90946 -1.44341 2 
29.504 -22.930 9.13779 -1.33105 2 
32.070 -22.930 9.07204 -1.24318 2 
34.636 -22.930 9.22799 -1.09049 2 
37.201 -22.930 9.25047 -1.01679 2 
39.767 -22.930 9.27965 -1.01473 2 
42.332 -22.930 9.39296 -0.82198 2 
44.898 -22.930 9.38759 -0.94737 2 
47.464 -22.930 9.28812 -0.83721 2 
50.029 -22.930 9.43239 -0.85214 2 
52.595 -22.930 9.43054 -0.68477 2 
55.160 -22.930 9.61814 -0.68950 2 
57.726 -22.930 9.35271 -0.65236 2 
60.292 -22.930 9.77794 -0.92545 2 
62.857 -22.930 10.19519 -0.65459 2 
65.423 -22.930 10.22756 -0.22148 2 
67.988 -22.930 9.86509 -0.05054 2 
70.554 -22.930 9.94150 -0.38437 2 
73.120 -22.930 10.41846 0.18021 2 
75.685 -22.930 10.49623 0.66772 2 
78.251 -22.930 10.57400 1.15523 2 
80.816 -22.930 10.10151 1.57336 2 
83.382 -22.930 9.62072 1.45866 2 
85.948 -22.930 9.10638 1.76053 2 
88.513 -22.930 8.79328 1.43817 2 
91.079 -22.930 8.58670 1.31239 2 
93.644 -22.930 8.36317 0.97373 2 
96.210 -22.930 8.38179 0.96301 2 
98.776 -22.930 8.62484 0.70630 2 
101.341 -22.930 8.72820 0.79633 2 
103.907 -22.930 8.14645 1.04740 2 
106.472 -22.930 7.75847 1.17887 2 
109.038 -22.930 7.55785 1.04900 2 
111.603 -22.930 7.42018 0.92167 2 
114.169 -22.930 7.53694 0.96934 2 
116.735 -22.930 7.31638 0.27548 2 
119.300 -22.930 0.00000 -0.00000 0 
-8.980 -25.496 7.59228 -0.96839 2 
-6.414 -25.496 7.60058 -0.98582 2 
-3.848 -25.496 7.54009 -1.13044 2 
-1.283 -25.496 7.58043 -1.23161 2 
1.283 -25.496 7.87284 -1.16134 2 
3.848 -25.496 7.73647 -1.34503 2 
6.414 -25.496 8.03630 -1.39997 2 
8.980 -25.496 8.17318 -1.54107 2 
11.545 -25.496 8.14629 -1.55552 2 
14.111 -25.496 8.44143 -1.63693 2 
16.676 -25.496 8.60572 -1.55218 2 
19.242 -25.496 8.58964 -1.65947 2 
21.808 -25.496 8.81885 -1.43634 2 
24.373 -25.496 8.79120 -1.39598 2 
26.939 -25.496 8.94376 -1.31170 2 
29.504 -25.496 8.90000 -1.54031 2 
32.070 -25.496 9.12338 -1.20804 2 
34.636 -25.496 9.27152 -1.16841 2 
37.201 -25.496 9.17635 -1.12529 2 
39.767 -25.496 9.20093 -0.80995 2 
42.332 -25.496 9.15174 -0.91569 2 
44.898 -25.496 9.24637 -0.98829 2 
47.464 -25.496 9.28930 -0.77485 2 
50.029 -25.496 9.41149 -0.73172 2 
52.595 -25.496 9.30406 -0.85436 2 
55.160 -25.496 9.40811 -0.55551 2 
57.726 -25.496 9.67099 -0.81354 2 
60.292 -25.496 9.77228 -0.53138 2 
62.857 -25.496 9.80205 -0.55190 2 
65.423 -25.496 9.81869 -0.43038 2 
67.988 -25.496 10.06812 -0.24929 2 
70.554 -25.496 9.72691 0.08594 2 
73.120 -25.496 10.13357 0.18201 2 
75.685 -25.496 10.25469 0.27842 2 
78.251 -25.496 10.16501 0.87351 2 
80.816 -25.496 9.80292 1.10866 2 
83.382 -25.496 9.32995 1.22318 2 
85.948 -25.496 9.24872 1.30425 2 
88.513 -25.496 8.90006 1.34186 2 
91.079 -25.496 8.69320 1.15678 2 
93.644 -25.496 8.56736 0.90403 2 
96.210 -25.496 8.44523 1.07655 2 
98.776 -25.496 8.30653 0.73651 2 
101.341 -25.496 8.23652 0.89695 2 
103.907 -25.496 8.16265 0.78694 2 
106.472 -25.496 7.90719 0.79905 2 
109.038 -25.496 7.68234 0.63360 2 
111.603 -25.496 7.87950 0.44517 2 
114.169 -25.496 8.25874 0.53898 2 
116.735 -25.496 7.81166 -0.08193 2 
119.300 -25.496 0.00000 -0.00000 0 
-8.980 -28.061 7.50439 -0.99947 2 
-6.414 -28.061 7.54003 -0.85890 2 
-3.848 -28.061 7.73557 -1.12877 2 
-1.283 -28.061 7.64952 -1.10385 2 
1.283 -28.061 7.83861 -1.18889 2 
3.848 -28.061 7.91900 -1.31973 2 
6.414 -28.061 8.08933 -1.46025 2 
8.980 -28.061 8.19589 -1.35035 2 
11.545 -28.061 8.13164 -1.44098 2 
14.111 -28.061 8.46431 -1.47551 2 
16.676 -28.061 8.41859 -1.38512 2 
19.242 -28.061 8.65969 -1.46408 2 
21.808 -28.061 8.69231 -1.32826 2 
24.373 -28.061 8.76207 -1.36517 2 
26.939 -28.061 8.92241 -1.28400 2 
29.504 -28.061 8.89782 -1.07256 2 
32.070 -28.061 9.03642 -1.00792 2 
34.636 -28.061 8.94027 -1.14561 2 
37.201 -28.061 9.02419 -0.94446 2 
39.767 -28.061 9.13236 -1.12578 2 
42.332 -28.061 9.14895 -0.75816 2 
44.898 -28.061 9.29780 -0.73437 2 
47.464 -28.061 9.29031 -0.88857 2 
50.029 -28.061 9.20627 -0.66578 2 
52.595 -28.061 9.47064 -0.78987 2 
55.160 -28.061 9.57010 -0.75223 2 
57.726 -28.061 9.28491 -0.56013 2 
60.292 -28.061 9.57180 -0.66234 2 
62.857 -28.061 9.70979 -0.47926 2 
65.423 -28.061 9.73488 -0.33182 2 
67.988 -28.061 9.64296 -0.12365 2 
70.554 -28.061 9.89976 -0.02202 2 
73.120 -28.061 10.01120 0.00161 2 
75.685 -28.061 9.78572 0.45777 2 
78.251 -28.061 9.75034 0.64960 2 
80.816 -28.061 9.63134 0.71783 2 
83.382 -28.061 9.45722 0.69492 2 
85.948 -28.061 9.25870 0.98238 2 
88.513 -28.061 8.75434 0.83083 2 
91.079 -28.061 8.73887 0.93824 2 
93.644 -28.061 8.69663 0.96776 2 
96.210 -28.061 8.61449 0.72115 2 
98.776 -28.061 8.45159 0.81133 2 
101.341 -28.061 8.32387 0.74730 2 
103.907 -28.061 8.24262 0.63918 2 
106.472 -28.061 8.16312 0.51299 2 
109.038 -28.061 7.78895 0.51649 2 
111.603 -28.061 7.98657 0.23332 2 
114.169 -28.061 8.05662 0.20950 2 
116.735 -28.061 8.06561 -0.18348 2 
119.300 -28.061 0.00000 -0.00000 0 
-8.980 -30.627 7.68449 -0.86258 2 
-6.414 -30.627 7.66460 -0.92880 2 
-3.848 -30.627 7.92075 -0.94055 2 
-1.283 -30.627 7.66903 -1.12978 2 
1.283 -30.627 8.05817 -1.20156 2 
3.848 -30.627 8.11576 -1.19732 2 
6.414 -30.627 8.01502 -1.10036 2 
8.980 -30.627 8.09335 -1.45046 2 
11.545 -30.627 8.30558 -1.28450 2 
14.111 -30.627 8.51393 -1.17569 2 
16.676 -30.627 8.63188 -1.43791 2 
19.242 -30.627 8.55925 -1.26882 2 
21.808 -30.627 8.77207 -1.27485 2 
24.373 -30.627 8.80553 -1.18257 2 
26.939 -30.627 8.57697 -1.32147 2 
29.504 -30.627 8.87564 -1.00728 2 
32.070 -30.627 8.94780 -1.27662 2 
34.636 -30.627 8.95505 -1.08526 2 
37.201 -30.627 9.11244 -1.06583 2 
39.767 -30.627 9.06598 -0.77598 2 
42.332 -30.627 9.29289 -0.82018 2 
44.898 -30.627 9.11537 -0.74596 2 
47.464 -30.627 9.19910 -0.94389 2 
50.029 -30.627 9.21022 -0.63302 2 
52.595 -30.627 9.25646 -0.58134 2 
55.160 -30.627 9.27508 -0.63745 2 
57.726 -30.627 9.37781 -0.64018 2 
60.292 -30.627 9.57362 -0.40152 2 
62.857 -30.627 9.58431 -0.43989 2 
65.423 -30.627 9.62890 -0.29886 2 
67.988 -30.627 9.67864 -0.29567 2 
70.554 -30.627 9.60144 0.01359 2 
73.120 -30.627 9.65509 0.17186 2 
75.685 -30.627 9.65432 0.51073 2 
78.251 -30.627 9.37894 0.60260 2 
80.816 -30.627 9.37448 0.70961 2 
83.382 -30.627 9.31284 0.69466 2 
85.948 -30.627 9.01631 0.73688 2 
88.513 -30.627 8.99728 0.92822 2 
91.079 -30.627 8.77697 0.77580 2 
93.644 -30.627 8.63954 0.74297 2 
96.210 -30.627 8.56709 0.81472 2 
98.776 -30.627 8.57209 0.72640 2 
101.341 -30.627 8.30629 0.69528 2 
103.907 -30.627 8.34984 0.62637 2 
106.472 -30.627 8.03903 0.44251 2 
109.038 -30.627 8.08710 0.53184 2 
111.603 -30.627 8.16082 0.29060 2 
114.169 -30.627 8.03337 0.32258 2 
116.735 -30.627 8.24517 0.06753 2 
119.300 -30.627 0.00000 -0.00000 0 
-8.980 -33.192 7.67507 -0.80047 2 
-6.414 -33.192 7.84848 -0.97058 2 
-3.848 -33.192 7.71609 -0.96201 2 
-1.283 -33.192 7.87951 -1.01488 2 
1.283 -33.192 7.99843 -1.03242 2 
3.848 -33.192 8.00348 -1.09551 2 
6.414 -33.192 8.14694 -1.09570 2 
8.980 -33.192 8.30603 -1.07001 2 
11.545 -33.192 8.32271 -1.13708 2 
14.111 -33.192 8.33947 -1.25566 2 
16.676 -33.192 8.42534 -1.17120 2 
19.242 -33.192 8.70648 -1.16433 2 
21.808 -33.192 8.49209 -1.26064 2 
24.373 -33.192 8.71650 -1.06993 2 
26.939 -33.192 8.89644 -1.10933 2 
29.504 -33.192 8.86282 -1.02511 2 
32.070 -33.192 8.85486 -1.01976 2 
34.636 -33.192 8.93270 -1.03603 2 
37.201 -33.192 8.95195 -0.71825 2 
39.767 -33.192 9.12619 -0.93826 2 
42.332 -33.192 8.93754 -0.87822 2 
44.898 -33.192 9.03957 -0.75399 2 
47.464 -33.192 9.06289 -0.62882 2 
50.029 -33.192 9.29147 -0.80556 2 
52.595 -33.192 9.19378 -0.54296 2 
55.160 -33.192 9.35384 -0.57524 2 
57.726 -33.192 9.15284 -0.54065 2 
60.292 -33.192 9.41040 -0.60549 2 
62.857 -33.192 9.44386 -0.19814 2 
65.423 -33.192 9.43522 -0.08931 2 
67.988 -33.192 9.55167 -0.25098 2 
70.554 -33.192 9.31788 0.09614 2 
73.120 -33.192 9.51835 0.10082 2 
75.685 -33.192 9.37347 0.06833 2 
78.251 -33.192 9.44045 0.42691 2 
80.816 -33.192 9.36629 0.72412 2 
83.382 -33.192 9.17814 0.63431 2 
85.948 -33.192 9.07945 0.73107 2 
88.513 -33.192 8.91864 0.60734 2 
91.079 -33.192 8.88473 0.60032 2 
93.644 -33.192 8.74515 0.61490 2 
96.210 -33.192 8.66140 0.62807 2 
98.776 -33.192 8.42937 0.74107 2 
101.341 -33.192 8.50829 0.65952 2 
103.907 -33.192 8.39890 0.52451 2 
106.472 -33.192 8.37529 0.45480 2 
109.038 -33.192 8.31766 0.52977 2 
111.603 -33.192 8.29392 0.32017 2 
114.169 -33.192 8.11271 0.20783 2 
116.735 -33.192 8.42473 0.31854 2 
119.300 -33.192 0.00000 -0.00000 0 
-8.980 -35.758 7.88739 -0.74007 2 
-6.414 -35.758 7.83875 -0.79003 2 
-3.848 -35.758 7.80922 -0.97217 2 
-1.283 -35.758 7.93844 -0.91741 2 
1.283 -35.758 8.08764 -1.00018 2 
3.848 -35.758 8.09545 -0.98477 2 
6.414 -35.758 8.18500 -1.12547 2 
8.980 -35.758 8.25587 -1.12938 2 
11.545 -35.758 8.38074 -1.06859 2 
14.111 -35.758 8.47327 -1.02105 2 
16.676 -35.758 8.59294 -1.22565 2 
19.242 -35.758 8.52391 -1.08137 2 
21.808 -35.758 8.65555 -1.03097 2 
24.373 -35.758 8.64695 -1.10433 2 
26.939 -35.758 8.76981 -0.93855 2 
29.504 -35.758 8.77645 -1.02934 2 
32.070 -35.758 8.94268 -0.94990 2 
34.636 -35.758 8.90028 -0.86035 2 
37.201 -35.758 8.98278 -0.91667 2 
39.767 -35.758 8.93641 -0.77447 2 
42.332 -35.758 9.11646 -0.65840 2 
44.898 -35.758 9.12371 -0.65382 2 
47.464 -35.758 9.06332 -0.76231 2 
50.029 -35.758 9.21160 -0.66788 2 
52.595 -35.758 9.12455 -0.56256 2 
55.160 -35.758 9.10108 -0.56729 2 
57.726 -35.758 9.14883 -0.29337 2 
60.292 -35.758 9.27460 -0.42200 2 
62.857 -35.758 9.26228 -0.20281 2 
65.423 -35.758 9.43951 -0.23222 2 
67.988 -35.758 9.31241 0.05611 2 
70.554 -35.758 9.25926 -0.00004 2 
73.120 -35.758 9.31510 0.02307 2 
75.685 -35.758 9.39464 0.33540 2 
78.251 -35.758 9.27286 0.23711 2 
80.816 -35.758 9.23190 0.47837 2 
83.382 -35.758 9.15999 0.46730 2 
85.948 -35.758 8.82017 0.60387 2 
88.513 -35.758 8.97662 0.88162 2 
91.079 -35.758 8.86312 0.82744 2 
93.644 -35.758 8.63764 0.62428 2 
96.210 -35.758 8.72778 0.60357 2 
98.776 -35.758 8.67615 0.63405 2 
101.341 -35.758 8.49854 0.59130 2 
103.907 -35.758 8.53112 0.53979 2 
106.472 -35.758 8.38116 0.51863 2 
109.038 -35.758 8.28809 0.36077 2 
111.603 -35.758 8.30750 0.39862 2 
114.169 -35.758 8.40962 0.42567 2 
116.735 -35.758 8.48699 0.31989 2 
119.300 -35.758 0.00000 -0.00000 0 
-8.980 -38.324 7.83603 -0.88440 2 
-6.414 -38.324 7.78451 -0.88324 2 
-3.848 -38.324 7.84780 -0.72425 2 
-1.283 -38.324 8.00696 -0.90230 2 
1.283 -38.324 7.98789 -0.94305 2 
3.848 -38.324 8.15598 -1.06063 2 
6.414 -38.324 8.27962 -1.03010 2 
8.980 -38.324 8.21055 -0.96432 2 
11.545 -38.324 8.39899 -1.12938 2 
14.111 -38.324 8.36600 -1.02034 2 
16.676 -38.324 8.43757 -1.00529 2 
19.242 -38.324 8.62930 -1.02587 2 
21.808 -38.324 8.54628 -0.95057 2 
24.373 -38.324 8.75824 -0.89726 2 
26.939 -38.324 8.70706 -0.83492 2 
29.504 -38.324 8.82553 -1.06626 2 
32.070 -38.324 8.80143 -0.90275 2 
34.636 -38.324 8.86175 -0.84817 2 
37.201 -38.324 8.96791 -0.91752 2 
39.767 -38.324 8.94976 -0.90340 2 
42.332 -38.324 9.12912 -0.70930 2 
44.898 -38.324 8.87964 -0.72870 2 
47.464 -38.324 9.15368 -0.56144 2 
50.029 -38.324 9.06306 -0.73331 2 
52.595 -38.324 9.11097 -0.38700 2 
55.160 -38.324 9.29793 -0.63337 2 
57.726 -38.324 9.25667 -0.37943 2 
60.292 -38.324 9.16613 -0.37466 2 
62.857 -38.324 9.33008 -0.19763 2 
65.423 -38.324 9.14327 -0.17974 2 
67.988 -38.324 9.23001 -0.14369 2 
70.554 -38.324 9.37645 0.07672 2 
73.120 -38.324 9.23416 0.15105 2 
75.685 -38.324 9.31311 0.37834 2 
78.251 -38.324 9.12584 0.30980 2 
80.816 -38.324 9.06404 0.35691 2 
83.382 -38.324 9.11958 0.50186 2 
85.948 -38.324 8.85319 0.60905 2 
88.513 -38.324 9.03006 0.51984 2 
91.079 -38.324 8.87633 0.53863 2 
93.644 -38.324 8.62215 0.61783 2 
96.210 -38.324 8.73158 0.60652 2 
98.776 -38.324 8.64613 0.55648 2 
101.341 -38.324 8.68111 0.55802 2 
103.907 -38.324 8.48684 0.65779 2 
106.472 -38.324 8.42282 0.47473 2 
109.038 -38.324 8.24091 0.60232 2 
111.603 -38.324 8.48897 0.34973 2 
114.169 -38.324 8.11800 0.44757 2 
116.735 -38.324 8.54924 0.32125 2 
119.300 -38.324 0.00000 -0.00000 0 
-8.980 -40.889 7.92096 -0.72532 2 
-6.414 -40.889 7.91315 -0.93650 2 
-3.848 -40.889 7.99432 -0.84281 2 
-1.283 -40.889 7.95919 -0.96744 2 
1.283 -40.889 8.08367 -0.88158 2 
3.848 -40.889 8.06285 -0.92453 2 
6.414 -40.889 8.21896 -0.88710 2 
8.980 -40.889 8.22986 -0.90298 2 
11.545 -40.889 8.32441 -1.05444 2 
14.111 -40.889 8.47365 -0.90920 2 
16.676 -40.889 8.58434 -1.00697 2 
19.242 -40.889 8.44959 -0.85022 2 
21.808 -40.889 8.66170 -1.04109 2 
24.373 -40.889 8.78052 -0.84162 2 
26.939 -40.889 8.66255 -0.89399 2 
29.504 -40.889 8.67376 -0.83368 2 
32.070 -40.889 8.70235 -0.88305 2 
34.636 -40.889 8.89429 -0.88055 2 
37.201 -40.889 8.79939 -0.74164 2 
39.767 -40.889 8.95830 -0.70615 2 
42.332 -40.889 8.74440 -0.73860 2 
44.898 -40.889 8.95678 -0.60785 2 
47.464 -40.889 8.93763 -0.54010 2 
50.029 -40.889 8.99158 -0.62669 2 
52.595 -40.889 9.01792 -0.44200 2 
55.160 -40.889 9.24744 -0.47586 2 
57.726 -40.889 9.04684 -0.29405 2 
60.292 -40.889 9.05012 -0.35418 2 
62.857 -40.889 9.12137 -0.40878 2 
65.423 -40.889 9.11033 -0.16564 2 
67.988 -40.889 9.15223 -0.19781 2 
70.554 -40.889 9.15074 0.13353 2 
73.120 -40.889 9.02244 0.13632 2 
75.685 -40.889 9.18345 0.22036 2 
78.251 -40.889 8.94667 0.25293 2 
80.816 -40.889 9.09674 0.44115 2 
83.382 -40.889 8.95219 0.55498 2 
85.948 -40.889 8.88952 0.45358 2 
88.513 -40.889 8.90770 0.46731 2 
91.079 -40.889 8.85305 0.53062 2 
93.644 -40.889 8.67399 0.50490 2 
96.210 -40.889 8.68918 0.57058 2 
98.776 -40.889 8.65704 0.40591 2 
101.341 -40.889 8.62019 0.59608 2 
103.907 -40.889 8.53457 0.52157 2 
106.472 -40.889 8.42498 0.33426 2 
109.038 -40.889 8.66008 0.26582 2 
111.603 -40.889 8.50092 0.41498 2 
114.169 -40.889 8.65226 0.27096 2 
116.735 -40.889 8.61150 0.32261 2 
119.300 -40.889 0.00000 -0.00000 0 
-8.980 -43.455 7.88114 -0.78274 2 
-6.414 -43.455 7.83805 -0.85131 2 
-3.848 -43.455 7.87435 -0.82646 2 
-1.283 -43.455 7.96891 -0.68379 2 
1.283 -43.455 8.13248 -0.89163 2 
3.848 -43.455 8.26650 -0.76975 2 
6.414 -43.455 8.19003 -0.98910 2 
8.980 -43.455 8.34860 -0.93353 2 
11.545 -43.455 8.39070 -0.89873 2 
14.111 -43.455 8.37695 -0.92837 2 
16.676 -43.455 8.35109 -0.83396 2 
19.242 -43.455 8.52785 -0.99587 2 
21.808 -43.455 8.68470 -0.76798 2 
24.373 -43.455 8.53786 -0.86336 2 
26.939 -43.455 8.79662 -0.81399 2 
29.504 -43.455 8.77270 -0.87471 2 
32.070 -43.455 8.77994 -0.75753 2 
34.636 -43.455 8.90466 -0.73089 2 
37.201 -43.455 8.84783 -0.72411 2 
39.767 -43.455 8.80560 -0.68569 2 
42.332 -43.455 8.91983 -0.62006 2 
44.898 -43.455 9.04913 -0.71078 2 
47.464 -43.455 8.98659 -0.54634 2 
50.029 -43.455 8.91002 -0.59598 2 
52.595 -43.455 8.96977 -0.52012 2 
55.160 -43.455 9.03051 -0.53824 2 
57.726 -43.455 8.93130 -0.36808 2 
60.292 -43.455 9.18743 -0.25807 2 
62.857 -43.455 9.12651 -0.29834 2 
65.423 -43.455 9.17429 -0.21208 2 
67.988 -43.455 8.93062 0.00169 2 
70.554 -43.455 9.12754 0.02939 2 
73.120 -43.455 9.01735 0.05998 2 
75.685 -43.455 8.89942 0.19970 2 
78.251 -43.455 8.91047 0.34233 2 
80.816 -43.455 8.92417 0.22528 2 
83.382 -43.455 8.93871 0.33894 2 
85.948 -43.455 8.76126 0.60835 2 
88.513 -43.455 8.83906 0.38244 2 
91.079 -43.455 8.82038 0.49565 2 
93.644 -43.455 8.62610 0.53057 2 
96.210 -43.455 8.75237 0.51055 2 
98.776 -43.455 8.56927 0.53139 2 
101.341 -43.455 8.60726 0.41169 2 
103.907 -43.455 8.45737 0.48509 2 
106.472 -43.455 8.76058 0.33767 2 
109.038 -43.455 8.43402 0.44878 2 
111.603 -43.455 8.26851 0.41451 2 
114.169 -43.455 8.33845 0.48359 2 
116.735 -43.455 8.70353 0.48442 2 
119.300 -43.455 0.00000 -0.00000 0 
-8.980 -46.020 8.04952 -0.67705 2 
-6.414 -46.020 7.96267 -0.70101 2 
-3.848 -46.020 7.99087 -0.82058 2 
-1.283 -46.020 8.03533 -0.83892 2 
1.283 -46.020 8.11090 -0.70406 2 
3.848 -46.020 8.01708 -0.91212 2 
6.414 -46.020 8.04331 -0.76186 2 
8.980 -46.020 8.21196 -0.71015 2 
11.545 -46.020 8.35220 -0.89520 2 
14.111 -46.020 8.36766 -0.82460 2 
16.676 -46.020 8.52106 -0.86288 2 
19.242 -46.020 8.38692 -0.85768 2 
21.808 -46.020 8.51292 -0.80275 2 
24.373 -46.020 8.64121 -0.83957 2 
26.939 -46.020 8.60736 -0.92982 2 
29.504 -46.020 8.73711 -0.75241 2 
32.070 -46.020 8.64809 -0.85818 2 
34.636 -46.020 8.69471 -0.59385 2 
37.201 -46.020 8.78250 -0.64241 2 
39.767 -46.020 8.83511 -0.76486 2 
42.332 -46.020 8.82789 -0.72181 2 
44.898 -46.020 8.94015 -0.61151 2 
47.464 -46.020 8.89467 -0.43276 2 
50.029 -46.020 8.94006 -0.42340 2 
52.595 -46.020 9.04849 -0.56491 2 
55.160 -46.020 8.91068 -0.34094 2 
57.726 -46.020 9.04166 -0.38555 2 
60.292 -46.020 8.89876 -0.18646 2 
62.857 -46.020 9.01683 -0.17872 2 
65.423 -46.020 9.03504 -0.35575 2 
67.988 -46.020 9.03071 0.02048 2 
70.554 -46.020 9.00429 0.02329 2 
73.120 -46.020 8.98744 0.01765 2 
75.685 -46.020 9.09162 0.16239 2 
78.251 -46.020 8.90247 0.17791 2 
80.816 -46.020 8.96320 0.39554 2 
83.382 -46.020 8.89979 0.22580 2 
85.948 -46.020 8.93324 0.36417 2 
88.513 -46.020 8.72879 0.50519 2 
91.079 -46.020 8.72066 0.32869 2 
93.644 -46.020 8.79284 0.43188 2 
96.210 -46.020 8.80824 0.56894 2 
98.776 -46.020 8.51754 0.41944 2 
101.341 -46.020 8.53876 0.41080 2 
103.907 -46.020 8.52326 0.49066 2 
106.472 -46.020 8.53026 0.37731 2 
109.038 -46.020 8.51465 0.42385 2 
111.603 -46.020 8.63201 0.28009 2 
114.169 -46.020 8.33324 0.51716 2 
116.735 -46.020 8.58365 0.58697 2 
119.300 -46.020 0.00000 -0.00000 0 
-8.980 -48.586 7.76516 -0.82691 2 
-6.414 -48.586 8.17442 -0.70408 2 
-3.848 -48.586 7.96785 -0.80557 2 
-1.283 -48.586 8.03508 -0.70772 2 
1.283 -48.586 8.00015 -0.89277 2 
3.848 -48.586 8.13667 -0.82428 2 
6.414 -48.586 8.34341 -0.81091 2 
8.980 -48.586 8.30377 -0.86903 2 
11.545 -48.586 8.27302 -0.84464 2 
14.111 -48.586 8.28154 -0.86170 2 
16.676 -48.586 8.51223 -0.83651 2 
19.242 -48.586 8.43909 -0.86558 2 
21.808 -48.586 8.56167 -0.75533 2 
24.373 -48.586 8.64739 -0.73564 2 
26.939 -48.586 8.63134 -0.77323 2 
29.504 -48.586 8.80493 -0.79627 2 
32.070 -48.586 8.70150 -0.66028 2 
34.636 -48.586 8.72835 -0.67417 2 
37.201 -48.586 8.91241 -0.51731 2 
39.767 -48.586 8.71363 -0.71127 2 
42.332 -48.586 8.82466 -0.57844 2 
44.898 -48.586 8.74498 -0.65035 2 
47.464 -48.586 8.89540 -0.48370 2 
50.029 -48.586 9.00274 -0.53508 2 
52.595 -48.586 8.92146 -0.40258 2 
55.160 -48.586 8.87728 -0.49566 2 
57.726 -48.586 8.87632 -0.15957 2 
60.292 -48.586 8.92533 -0.43016 2 
62.857 -48.586 8.96379 -0.20073 2 
65.423 -48.586 8.94231 -0.16011 2 
67.988 -48.586 8.87485 -0.14961 2 
70.554 -48.586 9.03317 -0.06051 2 
73.120 -48.586 9.06153 0.05119 2 
75.685 -48.586 8.85406 0.16674 2 
78.251 -48.586 8.93173 0.30487 2 
80.816 -48.586 8.83477 0.23251 2 
83.382 -48.586 8.81748 0.42147 2 
85.948 -48.586 8.84377 0.34512 2 
88.513 -48.586 8.85011 0.38690 2 
91.079 -48.586 8.83655 0.48734 2 
93.644 -48.586 8.76258 0.43537 2 
96.210 -48.586 8.59070 0.49628 2 
98.776 -48.586 8.72472 0.40609 2 
101.341 -48.586 8.59374 0.48261 2 
103.907 -48.586 8.64251 0.62828 2 
106.472 -48.586 8.55405 0.35839 2 
109.038 -48.586 8.34881 0.29905 2 
111.603 -48.586 8.53193 0.50422 2 
114.169 -48.586 8.48153 0.22986 2 
116.735 -48.586 8.46378 0.68952 2 
119.300 -48.586 0.00000 -0.00000 0 
-8.980 -51.152 7.94976 -0.69786 2 
-6.414 -51.152 8.11185 -0.76702 2 
-3.848 -51.152 8.15762 -0.81431 2 
-1.283 -51.152 7.96414 -0.79617 2 
1.283 -51.152 8.20918 -0.72945 2 
3.848 -51.152 8.15270 -0.75191 2 
6.414 -51.152 8.19511 -0.81182 2 
8.980 -51.152 8.36139 -0.70260 2 
11.545 -51.152 8.41502 -0.84503 2 
14.111 -51.152 8.28223 -0.80371 2 
16.676 -51.152 8.51082 -0.78784 2 
19.242 -51.152 8.61190 -0.74429 2 
21.808 -51.152 8.67456 -0.76454 2 
24.373 -51.152 8.56105 -0.67043 2 
26.939 -51.152 8.63651 -0.80526 2 
29.504 -51.152 8.62816 -0.65981 2 
32.070 -51.152 8.66693 -0.76905 2 
34.636 -51.152 8.76022 -0.67617 2 
37.201 -51.152 8.65581 -0.66604 2 
39.767 -51.152 8.82914 -0.57117 2 
42.332 -51.152 8.90874 -0.65987 2 
44.898 -51.152 8.76526 -0.45638 2 
47.464 -51.152 8.92959 -0.42334 2 
50.029 -51.152 8.80152 -0.36666 2 
52.595 -51.152 8.86078 -0.47366 2 
55.160 -51.152 8.92723 -0.28330 2 
57.726 -51.152 8.94469 -0.30818 2 
60.292 -51.152 8.97266 -0.22780 2 
62.857 -51.152 8.91227 -0.11184 2 
65.423 -51.152 8.97227 -0.15420 2 
67.988 -51.152 8.88079 0.03593 2 
70.554 -51.152 9.03163 0.00565 2 
73.120 -51.152 8.84196 -0.04569 2 
75.685 -51.152 8.94172 0.12023 2 
78.251 -51.152 8.93638 0.15137 2 
80.816 -51.152 8.82734 0.25176 2 
83.382 -51.152 8.82274 0.31595 2 
85.948 -51.152 8.79834 0.34977 2 
88.513 -51.152 8.72703 0.32349 2 
91.079 -51.152 8.76808 0.38733 2 
93.644 -51.152 8.75691 0.37783 2 
96.210 -51.152 8.63701 0.41819 2 
98.776 -51.152 8.57264 0.56190 2 
101.341 -51.152 8.62081 0.18614 2 
103.907 -51.152 8.53436 0.40234 2 
106.472 -51.152 8.56244 0.44076 2 
109.038 -51.152 8.54464 0.38588 2 
111.603 -51.152 8.44854 0.45670 2 
114.169 -51.152 8.59116 0.38705 2 
116.735 -51.152 0.00000 -0.00000 0 
119.300 -51.152 0.00000 -0.00000 0 
-8.980 -53.717 8.14363 -0.65348 2 
-6.414 -53.717 8.09663 -0.67967 2 
-3.848 -53.717 8.08023 -0.80435 2 
-1.283 -53.717 8.16477 -0.65477 2 
1.283 -53.717 8.21234 -0.77943 2 
3.848 -53.717 8.15668 -0.81171 2 
6.414 -53.717 8.22432 -0.72812 2 
8.980 -53.717 8.29376 -0.85142 2 
11.545 -53.717 8.36989 -0.77973 2 
14.111 -53.717 8.52722 -0.76270 2 
16.676 -53.717 8.50889 -0.67427 2 
19.242 -53.717 8.35640 -0.73957 2 
21.808 -53.717 8.53504 -0.87836 2 
24.373 -53.717 8.45448 -0.70560 2 
26.939 -53.717 8.52726 -0.57398 2 
29.504 -53.717 8.65381 -0.62891 2 
32.070 -53.717 8.68834 -0.79159 2 
34.636 -53.717 8.68408 -0.64445 2 
37.201 -53.717 8.67129 -0.69124 2 
39.767 -53.717 8.78314 -0.86243 2 
42.332 -53.717 8.64596 -0.56475 2 
44.898 -53.717 8.80096 -0.48939 2 
47.464 -53.717 8.88078 -0.62382 2 
50.029 -53.717 8.82496 -0.50888 2 
52.595 -53.717 8.75639 -0.32141 2 
55.160 -53.717 8.85510 -0.30967 2 
57.726 -53.717 8.76262 -0.45687 2 
60.292 -53.717 8.91049 -0.22234 2 
62.857 -53.717 8.73890 -0.20082 2 
65.423 -53.717 8.91513 -0.05365 2 
67.988 -53.717 8.77082 -0.10568 2 
70.554 -53.717 8.90708 0.12877 2 
73.120 -53.717 8.78526 0.07918 2 
75.685 -53.717 8.68923 -0.02999 2 
78.251 -53.717 8.88991 0.19024 2 
80.816 -53.717 8.85646 0.35196 2 
83.382 -53.717 8.74982 0.29597 2 
85.948 -53.717 8.77374 0.33921 2 
88.513 -53.717 8.64199 0.29696 2 
91.079 -53.717 8.87105 0.43596 2 
93.644 -53.717 8.62932 0.43434 2 
96.210 -53.717 8.47674 0.34283 2 
98.776 -53.717 8.78324 0.48422 2 
101.341 -53.717 8.58188 0.47151 2 
103.907 -53.717 8.58178 0.41100 2 
106.472 -53.717 8.65388 0.54594 2 
109.038 -53.717 8.58103 0.37380 2 
111.603 -53.717 8.55820 0.33998 2 
114.169 -53.717 8.76894 0.40493 2 
116.735 -53.717 0.00000 -0.00000 0 
119.300 -53.717 0.00000 -0.00000 0 
-8.980 -56.283 0.00000 -0.00000 0 
-6.414 -56.283 0.00000 -0.00000 0 
-3.848 -56.283 8.30215 -0.49371 2 
-1.283 -56.283 8.09218 -0.48117 2 
1.283 -56.283 8.12924 -0.50816 2 
3.848 -56.283 8.10703 -0.59139 2 
6.414 -56.283 8.19303 -0.48123 2 
8.980 -56.283 8.21211 -0.56353 2 
11.545 -56.283 8.32189 -0.50451 2 
14.111 -56.283 8.37504 -0.53223 2 
16.676 -56.283 8.34262 -0.51591 2 
19.242 -56.283 8.50169 -0.51510 2 
21.808 -56.283 8.66076 -0.51430 2 
24.373 -56.283 8.59538 -0.50840 2 
26.939 -56.283 8.50272 -0.57290 2 
29.504 -56.283 8.76302 -0.41345 2 
32.070 -56.283 8.70717 -0.44342 2 
34.636 -56.283 8.66525 -0.48970 2 
37.201 -56.283 8.70698 -0.37075 2 
39.767 -56.283 8.74871 -0.25180 2 
42.332 -56.283 8.79045 -0.13284 2 
44.898 -56.283 8.76166 -0.19155 2 
47.464 -56.283 8.73288 -0.25026 2 
50.029 -56.283 8.84759 -0.34100 2 
52.595 -56.283 8.85779 -0.04976 2 
55.160 -56.283 8.81164 -0.11223 2 
57.726 -56.283 8.90758 -0.04995 2 
60.292 -56.283 8.64993 -0.13278 2 
62.857 -56.283 8.77359 0.05360 2 
65.423 -56.283 8.84538 -0.10409 2 
67.988 -56.283 8.92655 0.02750 2 
70.554 -56.283 8.78366 0.03563 2 
73.120 -56.283 8.79143 0.03917 2 
75.685 -56.283 8.77872 0.01624 2 
78.251 -56.283 8.72761 0.03206 2 
80.816 -56.283 8.78831 0.08048 2 
83.382 -56.283 8.79979 0.02919 2 
85.948 -56.283 8.78425 0.08868 2 
88.513 -56.283 8.67255 0.10459 2 
91.079 -56.283 8.62612 0.09813 2 
93.644 -56.283 8.57969 0.09166 2 
96.210 -56.283 8.79628 0.10691 2 
98.776 -56.283 8.75114 0.09694 2 
101.341 -56.283 8.70600 0.08697 2 
103.907 -56.283 8.50602 0.03492 2 
106.472 -56.283 8.53797 0.19745 2 
109.038 -56.283 8.50865 0.14994 2 
111.603 -56.283 8.47933 0.10243 2 
114.169 -56.283 8.88928 -0.03347 2 
116.735 -56.283 0.00000 -0.00000 0 
119.300 -56.283 0.00000 -0.00000 0 
