TITLE = "B00051"
VARIABLES = "X [mm]", "Y [mm]", "Vx [m/s]", "Vy [m/s]", "Flag"
ZONE T="Frame 1", I=51, J=39, F=POINT
-8.980 41.210 7.33376 0.15963 2 
-6.414 41.210 7.26466 0.30888 2 
-3.848 41.210 7.27560 0.42445 2 
-1.283 41.210 7.16818 0.55029 2 
1.283 41.210 7.62345 0.38581 2 
3.848 41.210 0.00000 -0.00000 0 
6.414 41.210 0.00000 -0.00000 0 
8.980 41.210 0.00000 -0.00000 0 
11.545 41.210 0.00000 -0.00000 0 
14.111 41.210 0.00000 -0.00000 0 
16.676 41.210 0.00000 -0.00000 0 
19.242 41.210 3.99090 0.31959 2 
21.808 41.210 7.98179 0.63918 2 
24.373 41.210 7.43486 0.67509 2 
26.939 41.210 7.50173 0.84523 2 
29.504 41.210 7.46785 0.54168 2 
32.070 41.210 7.60173 0.76920 2 
34.636 41.210 7.78016 0.64976 2 
37.201 41.210 7.71702 0.55841 2 
39.767 41.210 7.60420 0.74147 2 
42.332 41.210 7.72778 0.72407 2 
44.898 41.210 7.81381 0.60453 2 
47.464 41.210 7.87855 0.60176 2 
50.029 41.210 7.84969 0.79308 2 
52.595 41.210 7.93496 0.66668 2 
55.160 41.210 8.01343 0.74605 2 
57.726 41.210 8.09191 0.82542 2 
60.292 41.210 8.25182 0.67619 2 
62.857 41.210 8.21968 0.73351 2 
65.423 41.210 8.22536 0.54682 2 
67.988 41.210 8.42544 0.61399 2 
70.554 41.210 8.37639 0.66069 2 
73.120 41.210 8.56263 0.55235 2 
75.685 41.210 8.38063 0.54493 2 
78.251 41.210 8.68285 0.69469 2 
80.816 41.210 0.00000 0.00000 0 
83.382 41.210 8.54926 0.62945 2 
85.948 41.210 8.50694 0.45712 2 
88.513 41.210 8.46463 0.28479 2 
91.079 41.210 8.58569 0.27628 2 
93.644 41.210 8.72348 0.19375 2 
96.210 41.210 8.76901 0.19035 2 
98.776 41.210 8.63497 0.03421 2 
101.341 41.210 8.62272 0.04845 2 
103.907 41.210 8.66316 -0.18136 2 
106.472 41.210 8.63978 -0.14909 2 
109.038 41.210 8.48563 -0.25804 2 
111.603 41.210 8.60678 -0.21990 2 
114.169 41.210 8.75359 -0.08407 2 
116.735 41.210 0.00000 -0.00000 0 
119.300 41.210 0.00000 -0.00000 0 
-8.980 38.644 7.08978 0.28013 2 
-6.414 38.644 7.24417 0.43075 2 
-3.848 38.644 7.25334 0.45529 2 
-1.283 38.644 7.13128 0.55785 2 
1.283 38.644 7.89635 0.41099 2 
3.848 38.644 0.00000 -0.00000 0 
6.414 38.644 0.00000 -0.00000 0 
8.980 38.644 0.00000 -0.00000 0 
11.545 38.644 0.00000 -0.00000 0 
14.111 38.644 0.00000 -0.00000 0 
16.676 38.644 0.00000 -0.00000 0 
19.242 38.644 3.85142 0.37675 2 
21.808 38.644 7.70283 0.75350 2 
24.373 38.644 7.38109 0.74022 2 
26.939 38.644 7.38047 0.76210 2 
29.504 38.644 7.56081 0.74688 2 
32.070 38.644 7.51418 0.99800 2 
34.636 38.644 7.49169 0.75603 2 
37.201 38.644 7.71760 0.90158 2 
39.767 38.644 7.71343 0.79221 2 
42.332 38.644 7.64703 0.89276 2 
44.898 38.644 7.97278 0.90955 2 
47.464 38.644 7.81079 0.95086 2 
50.029 38.644 7.88206 0.81625 2 
52.595 38.644 7.93885 0.84575 2 
55.160 38.644 8.12658 0.80643 2 
57.726 38.644 8.02919 0.86811 2 
60.292 38.644 8.27404 0.86169 2 
62.857 38.644 8.19252 0.69253 2 
65.423 38.644 8.38170 0.63363 2 
67.988 38.644 8.37911 0.70074 2 
70.554 38.644 8.55518 0.77498 2 
73.120 38.644 8.60099 0.61310 2 
75.685 38.644 8.40667 0.61356 2 
78.251 38.644 8.53755 0.53160 2 
80.816 38.644 0.00000 0.00000 0 
83.382 38.644 8.60201 0.39636 2 
85.948 38.644 8.66896 0.37643 2 
88.513 38.644 8.70747 0.39699 2 
91.079 38.644 8.73831 0.31059 2 
93.644 38.644 8.67866 0.11521 2 
96.210 38.644 8.74467 -0.09927 2 
98.776 38.644 8.56394 0.09750 2 
101.341 38.644 8.67915 -0.06965 2 
103.907 38.644 8.48987 -0.21864 2 
106.472 38.644 8.59588 -0.16505 2 
109.038 38.644 8.47138 -0.17120 2 
111.603 38.644 8.71831 -0.13570 2 
114.169 38.644 8.57644 -0.31870 2 
116.735 38.644 8.83961 -0.16469 2 
119.300 38.644 0.00000 -0.00000 0 
-8.980 36.079 7.23336 0.27238 2 
-6.414 36.079 7.24396 0.29195 2 
-3.848 36.079 7.26134 0.46900 2 
-1.283 36.079 6.96801 0.46121 2 
1.283 36.079 7.40407 0.43927 2 
3.848 36.079 0.00000 -0.00000 0 
6.414 36.079 0.00000 -0.00000 0 
8.980 36.079 0.00000 -0.00000 0 
11.545 36.079 0.00000 -0.00000 0 
14.111 36.079 0.00000 -0.00000 0 
16.676 36.079 0.00000 -0.00000 0 
19.242 36.079 3.80681 0.37069 2 
21.808 36.079 7.61362 0.74138 2 
24.373 36.079 7.33407 0.78860 2 
26.939 36.079 7.42850 1.01223 2 
29.504 36.079 7.54036 0.82446 2 
32.070 36.079 7.47423 0.90346 2 
34.636 36.079 7.70748 0.98785 2 
37.201 36.079 7.68142 0.86212 2 
39.767 36.079 7.52958 1.05915 2 
42.332 36.079 7.84011 0.98454 2 
44.898 36.079 7.73348 0.95281 2 
47.464 36.079 7.88400 0.86369 2 
50.029 36.079 8.07161 1.10610 2 
52.595 36.079 8.03173 0.98897 2 
55.160 36.079 8.24666 0.93436 2 
57.726 36.079 8.25221 0.90426 2 
60.292 36.079 8.08327 0.83381 2 
62.857 36.079 8.33923 0.76421 2 
65.423 36.079 8.39143 0.99796 2 
67.988 36.079 8.49094 0.78102 2 
70.554 36.079 8.57693 0.70011 2 
73.120 36.079 8.44168 0.89280 2 
75.685 36.079 8.36964 0.70362 2 
78.251 36.079 8.80804 0.67694 2 
80.816 36.079 0.00000 0.00000 0 
83.382 36.079 8.68401 0.51241 2 
85.948 36.079 8.67239 0.47621 2 
88.513 36.079 8.86399 0.35250 2 
91.079 36.079 8.70066 0.21687 2 
93.644 36.079 8.80166 0.34719 2 
96.210 36.079 8.75635 0.16874 2 
98.776 36.079 8.65641 -0.06285 2 
101.341 36.079 8.87555 0.01837 2 
103.907 36.079 8.75019 -0.14139 2 
106.472 36.079 8.75806 -0.12759 2 
109.038 36.079 8.56867 -0.19556 2 
111.603 36.079 8.48056 -0.41726 2 
114.169 36.079 8.51707 -0.29103 2 
116.735 36.079 9.04679 -0.40121 2 
119.300 36.079 0.00000 -0.00000 0 
-8.980 33.513 7.06132 0.39122 2 
-6.414 33.513 7.07328 0.26613 2 
-3.848 33.513 7.30231 0.38345 2 
-1.283 33.513 7.08451 0.50569 2 
1.283 33.513 7.67683 0.42838 2 
3.848 33.513 0.00000 -0.00000 0 
6.414 33.513 0.00000 -0.00000 0 
8.980 33.513 0.00000 -0.00000 0 
11.545 33.513 0.00000 -0.00000 0 
14.111 33.513 0.00000 -0.00000 0 
16.676 33.513 0.00000 -0.00000 0 
19.242 33.513 3.85059 0.44860 2 
21.808 33.513 7.70118 0.89720 2 
24.373 33.513 7.41481 0.76305 2 
26.939 33.513 7.31967 0.94001 2 
29.504 33.513 7.53122 0.95389 2 
32.070 33.513 7.55099 0.90583 2 
34.636 33.513 7.55872 0.83733 2 
37.201 33.513 7.49258 0.91163 2 
39.767 33.513 7.81094 0.88002 2 
42.332 33.513 7.81736 1.00825 2 
44.898 33.513 8.07503 1.01858 2 
47.464 33.513 7.93650 1.00750 2 
50.029 33.513 7.99808 1.10860 2 
52.595 33.513 7.93527 0.85671 2 
55.160 33.513 8.16774 0.99982 2 
57.726 33.513 8.13958 0.93937 2 
60.292 33.513 8.43107 0.97783 2 
62.857 33.513 8.31622 0.76498 2 
65.423 33.513 8.36995 1.04498 2 
67.988 33.513 8.45325 0.78478 2 
70.554 33.513 8.46824 0.76373 2 
73.120 33.513 8.72339 0.63796 2 
75.685 33.513 8.76609 0.74001 2 
78.251 33.513 8.69664 0.73890 2 
80.816 33.513 0.00000 0.00000 0 
83.382 33.513 8.82149 0.54757 2 
85.948 33.513 8.96024 0.53053 2 
88.513 33.513 8.90918 0.28073 2 
91.079 33.513 8.74782 0.32458 2 
93.644 33.513 8.71325 0.12439 2 
96.210 33.513 8.74437 0.02422 2 
98.776 33.513 8.70777 0.01677 2 
101.341 33.513 8.83836 -0.05396 2 
103.907 33.513 8.72765 -0.20146 2 
106.472 33.513 8.50724 -0.41773 2 
109.038 33.513 8.73705 -0.35801 2 
111.603 33.513 8.55975 -0.23001 2 
114.169 33.513 8.44039 -0.39402 2 
116.735 33.513 9.01350 -0.33992 2 
119.300 33.513 0.00000 -0.00000 0 
-8.980 30.948 7.03512 0.06281 2 
-6.414 30.948 7.22877 0.34998 2 
-3.848 30.948 7.08107 0.30456 2 
-1.283 30.948 7.05615 0.40918 2 
1.283 30.948 7.57832 0.40678 2 
3.848 30.948 0.00000 -0.00000 0 
6.414 30.948 0.00000 -0.00000 0 
8.980 30.948 0.00000 -0.00000 0 
11.545 30.948 0.00000 -0.00000 0 
14.111 30.948 0.00000 -0.00000 0 
16.676 30.948 0.00000 -0.00000 0 
19.242 30.948 3.92260 0.46770 2 
21.808 30.948 7.84521 0.93541 2 
24.373 30.948 7.24401 0.86646 2 
26.939 30.948 7.37595 0.86962 2 
29.504 30.948 7.23047 0.91347 2 
32.070 30.948 7.36730 0.94813 2 
34.636 30.948 7.72490 0.98334 2 
37.201 30.948 7.79573 1.02503 2 
39.767 30.948 7.58551 1.02768 2 
42.332 30.948 7.76522 1.17747 2 
44.898 30.948 7.69637 0.99598 2 
47.464 30.948 7.81269 1.00992 2 
50.029 30.948 7.81889 1.00905 2 
52.595 30.948 8.20218 1.07925 2 
55.160 30.948 8.19133 0.97103 2 
57.726 30.948 8.22121 0.95706 2 
60.292 30.948 8.44543 0.94996 2 
62.857 30.948 8.37317 0.95896 2 
65.423 30.948 8.45460 0.78853 2 
67.988 30.948 8.53045 0.86553 2 
70.554 30.948 8.74595 1.00157 2 
73.120 30.948 8.72865 0.76863 2 
75.685 30.948 8.73240 0.72892 2 
78.251 30.948 8.68801 0.74895 2 
80.816 30.948 0.00000 0.00000 0 
83.382 30.948 8.73773 0.59582 2 
85.948 30.948 8.78172 0.43104 2 
88.513 30.948 8.85695 0.15893 2 
91.079 30.948 8.99476 0.57983 2 
93.644 30.948 8.66710 0.03405 2 
96.210 30.948 9.20125 -0.01887 2 
98.776 30.948 8.94445 -0.16379 2 
101.341 30.948 8.89051 -0.16253 2 
103.907 30.948 8.73451 -0.31953 2 
106.472 30.948 8.72165 -0.33435 2 
109.038 30.948 8.78953 -0.42407 2 
111.603 30.948 8.48645 -0.25870 2 
114.169 30.948 8.66043 -0.35554 2 
116.735 30.948 8.98020 -0.27862 2 
119.300 30.948 0.00000 -0.00000 0 
-8.980 28.382 6.94771 0.19964 2 
-6.414 28.382 7.07877 0.18423 2 
-3.848 28.382 7.07531 0.42467 2 
-1.283 28.382 6.95825 0.40230 2 
1.283 28.382 7.47981 0.38518 2 
3.848 28.382 5.85849 0.60328 2 
6.414 28.382 0.00000 -0.00000 0 
8.980 28.382 0.00000 -0.00000 0 
11.545 28.382 0.00000 -0.00000 0 
14.111 28.382 0.00000 -0.00000 0 
16.676 28.382 3.74923 0.46917 2 
19.242 28.382 7.49845 0.93834 2 
21.808 28.382 7.70422 0.82726 2 
24.373 28.382 7.12415 0.91226 2 
26.939 28.382 7.37225 1.07512 2 
29.504 28.382 7.57022 1.02545 2 
32.070 28.382 7.34317 1.09432 2 
34.636 28.382 7.48072 1.20146 2 
37.201 28.382 7.74551 1.27772 2 
39.767 28.382 7.64578 1.09360 2 
42.332 28.382 7.65638 1.16868 2 
44.898 28.382 7.84663 0.94614 2 
47.464 28.382 7.88086 1.13206 2 
50.029 28.382 7.96823 1.12370 2 
52.595 28.382 8.08935 1.20487 2 
55.160 28.382 8.31864 1.05910 2 
57.726 28.382 8.20940 1.10035 2 
60.292 28.382 8.37787 1.00391 2 
62.857 28.382 8.43996 0.97904 2 
65.423 28.382 8.56685 0.92858 2 
67.988 28.382 8.50205 1.00938 2 
70.554 28.382 8.63687 0.94459 2 
73.120 28.382 8.73391 0.89929 2 
75.685 28.382 8.69870 0.71783 2 
78.251 28.382 8.93560 0.74695 2 
80.816 28.382 8.94745 0.72536 2 
83.382 28.382 8.90043 0.73961 2 
85.948 28.382 8.85340 0.75386 2 
88.513 28.382 8.89513 0.41158 2 
91.079 28.382 8.87220 0.35422 2 
93.644 28.382 9.12923 0.10558 2 
96.210 28.382 8.92166 0.04100 2 
98.776 28.382 8.97524 -0.23109 2 
101.341 28.382 8.97477 -0.21685 2 
103.907 28.382 8.65873 -0.41352 2 
106.472 28.382 8.51171 -0.36344 2 
109.038 28.382 8.45638 -0.32493 2 
111.603 28.382 8.61566 -0.23337 2 
114.169 28.382 8.68319 -0.22192 2 
116.735 28.382 8.94129 0.08408 2 
119.300 28.382 0.00000 -0.00000 0 
-8.980 25.816 6.86030 0.33647 2 
-6.414 25.816 7.03850 0.28609 2 
-3.848 25.816 6.85768 0.26374 2 
-1.283 25.816 7.07993 0.42187 2 
1.283 25.816 6.90737 0.46945 2 
3.848 25.816 7.70533 0.73724 2 
6.414 25.816 0.00000 -0.00000 0 
8.980 25.816 0.00000 -0.00000 0 
11.545 25.816 0.00000 -0.00000 0 
14.111 25.816 0.00000 -0.00000 0 
16.676 25.816 3.75374 0.61436 2 
19.242 25.816 7.50747 1.22872 2 
21.808 25.816 7.04248 0.88575 2 
24.373 25.816 7.36542 1.10861 2 
26.939 25.816 7.29696 0.89424 2 
29.504 25.816 7.26050 1.12373 2 
32.070 25.816 7.39983 1.17746 2 
34.636 25.816 7.50045 1.13108 2 
37.201 25.816 7.67247 1.09170 2 
39.767 25.816 7.59252 1.27401 2 
42.332 25.816 7.80928 1.18430 2 
44.898 25.816 7.60782 1.27357 2 
47.464 25.816 7.85574 1.08622 2 
50.029 25.816 8.03614 1.19068 2 
52.595 25.816 8.06530 1.19678 2 
55.160 25.816 8.15017 1.07779 2 
57.726 25.816 8.06732 1.09485 2 
60.292 25.816 8.45061 1.16047 2 
62.857 25.816 8.19327 1.05835 2 
65.423 25.816 8.67910 1.06862 2 
67.988 25.816 8.37182 1.09612 2 
70.554 25.816 8.50063 0.80891 2 
73.120 25.816 8.65398 0.92847 2 
75.685 25.816 8.90255 1.16353 2 
78.251 25.816 8.91368 0.77556 2 
80.816 25.816 8.96113 0.73162 2 
83.382 25.816 0.00000 0.00000 0 
85.948 25.816 9.33996 0.52642 2 
88.513 25.816 9.39656 0.61876 2 
91.079 25.816 9.16326 0.33872 2 
93.644 25.816 8.98314 0.16510 2 
96.210 25.816 9.03955 -0.01382 2 
98.776 25.816 9.10040 -0.30450 2 
101.341 25.816 9.18832 -0.53320 2 
103.907 25.816 8.87508 -0.41089 2 
106.472 25.816 8.84342 -0.59055 2 
109.038 25.816 8.42306 -0.29501 2 
111.603 25.816 8.38997 -0.02835 2 
114.169 25.816 8.52742 0.21761 2 
116.735 25.816 8.87324 0.05479 2 
119.300 25.816 0.00000 -0.00000 0 
-8.980 23.251 6.97199 0.22127 2 
-6.414 23.251 6.89424 0.27223 2 
-3.848 23.251 7.05076 0.44184 2 
-1.283 23.251 6.90209 0.40568 2 
1.283 23.251 6.92769 0.36341 2 
3.848 23.251 7.22010 0.52845 2 
6.414 23.251 0.00000 -0.00000 0 
8.980 23.251 0.00000 -0.00000 0 
11.545 23.251 0.00000 -0.00000 0 
14.111 23.251 0.00000 -0.00000 0 
16.676 23.251 3.90145 0.47877 2 
19.242 23.251 7.80289 0.95754 2 
21.808 23.251 6.93515 1.10463 2 
24.373 23.251 7.15206 0.90017 2 
26.939 23.251 7.16424 1.28284 2 
29.504 23.251 7.44860 1.22039 2 
32.070 23.251 7.48730 1.30474 2 
34.636 23.251 7.25887 1.30097 2 
37.201 23.251 7.61796 1.17715 2 
39.767 23.251 7.54507 1.24116 2 
42.332 23.251 7.74011 1.38723 2 
44.898 23.251 7.84849 1.31239 2 
47.464 23.251 7.86263 1.19307 2 
50.029 23.251 7.95743 1.27819 2 
52.595 23.251 8.16002 1.13790 2 
55.160 23.251 8.13478 1.27175 2 
57.726 23.251 8.38100 1.24395 2 
60.292 23.251 8.33725 1.22023 2 
62.857 23.251 8.37858 1.23754 2 
65.423 23.251 8.35439 1.04885 2 
67.988 23.251 8.69715 1.30663 2 
70.554 23.251 8.15805 0.94687 2 
73.120 23.251 8.74935 1.07872 2 
75.685 23.251 8.90650 1.15112 2 
78.251 23.251 8.89040 0.92265 2 
80.816 23.251 9.30000 0.93253 2 
83.382 23.251 0.00000 0.00000 0 
85.948 23.251 8.86763 0.45509 2 
88.513 23.251 9.18067 0.49158 2 
91.079 23.251 9.32352 0.20407 2 
93.644 23.251 9.36836 0.23033 2 
96.210 23.251 9.44033 -0.01116 2 
98.776 23.251 9.43048 -0.12388 2 
101.341 23.251 9.43862 -0.40810 2 
103.907 23.251 9.09489 -0.65283 2 
106.472 23.251 8.63996 -0.79674 2 
109.038 23.251 8.13702 -0.62819 2 
111.603 23.251 7.79483 0.17735 2 
114.169 23.251 8.21984 1.12418 2 
116.735 23.251 8.64888 1.70827 2 
119.300 23.251 -0.14509 -0.87748 2 
-8.980 20.685 7.07780 -0.05030 2 
-6.414 20.685 6.97620 0.12231 2 
-3.848 20.685 6.84562 0.17483 2 
-1.283 20.685 6.90623 0.41531 2 
1.283 20.685 6.81516 0.45009 2 
3.848 20.685 7.00648 0.46675 2 
6.414 20.685 0.00000 -0.00000 0 
8.980 20.685 0.00000 -0.00000 0 
11.545 20.685 0.00000 -0.00000 0 
14.111 20.685 0.00000 -0.00000 0 
16.676 20.685 3.93310 0.54444 2 
19.242 20.685 7.86621 1.08888 2 
21.808 20.685 7.03707 1.13240 2 
24.373 20.685 7.17114 1.17158 2 
26.939 20.685 7.26436 1.31528 2 
29.504 20.685 7.22630 1.25207 2 
32.070 20.685 7.24548 1.30935 2 
34.636 20.685 7.56107 1.30136 2 
37.201 20.685 7.61414 1.30726 2 
39.767 20.685 7.64433 1.33874 2 
42.332 20.685 7.69822 1.31899 2 
44.898 20.685 7.81039 1.61449 2 
47.464 20.685 7.91836 1.14213 2 
50.029 20.685 8.07203 1.36684 2 
52.595 20.685 7.97009 1.47218 2 
55.160 20.685 8.18063 1.29375 2 
57.726 20.685 8.39747 1.48930 2 
60.292 20.685 8.43066 1.29863 2 
62.857 20.685 8.61193 1.15377 2 
65.423 20.685 8.90160 1.48201 2 
67.988 20.685 4.34858 0.65331 2 
70.554 20.685 7.81547 1.08483 2 
73.120 20.685 9.65657 0.89545 2 
75.685 20.685 9.36179 1.13237 2 
78.251 20.685 8.49129 0.91439 2 
80.816 20.685 4.65000 0.46627 2 
83.382 20.685 0.00000 0.00000 0 
85.948 20.685 0.00000 0.00000 0 
88.513 20.685 0.00000 0.00000 0 
91.079 20.685 9.72119 0.52881 2 
93.644 20.685 9.96184 0.05484 2 
96.210 20.685 9.82065 -0.03544 2 
98.776 20.685 9.63456 0.22873 2 
101.341 20.685 9.37217 -0.34813 2 
103.907 20.685 8.89118 -0.73434 2 
106.472 20.685 8.13424 -0.73414 2 
109.038 20.685 7.37729 -0.73395 2 
111.603 20.685 7.41694 0.70091 2 
114.169 20.685 4.84796 2.59017 2 
116.735 20.685 4.56534 3.82737 2 
119.300 20.685 0.04360 1.63252 2 
-8.980 18.120 6.92813 0.08813 2 
-6.414 18.120 6.85237 0.19688 2 
-3.848 18.120 6.84220 0.18988 2 
-1.283 18.120 6.81394 0.28077 2 
1.283 18.120 6.66190 0.45560 2 
3.848 18.120 7.01048 0.55913 2 
6.414 18.120 0.00000 -0.00000 0 
8.980 18.120 0.00000 -0.00000 0 
11.545 18.120 0.00000 -0.00000 0 
14.111 18.120 0.00000 -0.00000 0 
16.676 18.120 3.56560 0.50669 2 
19.242 18.120 7.13120 1.01338 2 
21.808 18.120 6.81421 1.07446 2 
24.373 18.120 7.12640 1.58449 2 
26.939 18.120 7.06534 1.37110 2 
29.504 18.120 7.11629 1.51589 2 
32.070 18.120 7.30046 1.31580 2 
34.636 18.120 7.41309 1.47767 2 
37.201 18.120 7.50228 1.51284 2 
39.767 18.120 7.54686 1.27120 2 
42.332 18.120 7.83648 1.39223 2 
44.898 18.120 7.81656 1.38401 2 
47.464 18.120 7.92129 1.60285 2 
50.029 18.120 8.03057 1.30213 2 
52.595 18.120 8.05871 1.31244 2 
55.160 18.120 8.54255 1.37109 2 
57.726 18.120 8.60446 1.27156 2 
60.292 18.120 8.60059 1.52070 2 
62.857 18.120 8.88615 1.40929 2 
65.423 18.120 4.45080 0.74101 2 
67.988 18.120 0.00000 -0.00000 0 
70.554 18.120 0.00000 -0.00000 0 
73.120 18.120 0.00000 -0.00000 0 
75.685 18.120 0.00000 -0.00000 0 
78.251 18.120 0.00000 -0.00000 0 
80.816 18.120 0.00000 -0.00000 0 
83.382 18.120 0.00000 -0.00000 0 
85.948 18.120 0.13708 -0.00467 2 
88.513 18.120 0.27416 -0.00933 2 
91.079 18.120 5.19229 0.00903 2 
93.644 18.120 10.11041 0.02740 2 
96.210 18.120 7.69578 0.27207 2 
98.776 18.120 6.47671 0.27624 2 
101.341 18.120 5.74072 -0.41425 2 
103.907 18.120 6.38963 -1.05740 2 
106.472 18.120 6.57577 -0.96013 2 
109.038 18.120 6.76190 -0.86285 2 
111.603 18.120 3.30187 2.11369 2 
114.169 18.120 2.62279 3.73353 2 
116.735 18.120 4.31027 4.06044 2 
119.300 18.120 0.23229 4.14253 2 
-8.980 15.554 6.94078 -0.03597 2 
-6.414 15.554 6.83597 0.06378 2 
-3.848 15.554 6.80461 0.09800 2 
-1.283 15.554 6.70660 0.21528 2 
1.283 15.554 6.59238 0.44741 2 
3.848 15.554 6.74008 0.41104 2 
6.414 15.554 0.00000 -0.00000 0 
8.980 15.554 0.00000 -0.00000 0 
11.545 15.554 0.00000 -0.00000 0 
14.111 15.554 0.00000 -0.00000 0 
16.676 15.554 0.49921 1.79048 2 
19.242 15.554 7.34767 1.18347 2 
21.808 15.554 6.72064 1.39826 2 
24.373 15.554 6.95883 1.37113 2 
26.939 15.554 7.12643 1.39380 2 
29.504 15.554 7.17218 1.44811 2 
32.070 15.554 7.28758 1.58846 2 
34.636 15.554 7.30146 1.43041 2 
37.201 15.554 7.56397 1.71353 2 
39.767 15.554 7.77565 1.56189 2 
42.332 15.554 8.01219 1.72123 2 
44.898 15.554 7.86569 1.37820 2 
47.464 15.554 8.04321 1.82745 2 
50.029 15.554 8.03392 1.50921 2 
52.595 15.554 4.02936 0.65622 2 
55.160 15.554 0.00000 -0.00000 0 
57.726 15.554 0.00000 -0.00000 0 
60.292 15.554 0.00000 -0.00000 0 
62.857 15.554 0.00000 -0.00000 0 
65.423 15.554 0.00000 -0.00000 0 
67.988 15.554 0.00000 -0.00000 0 
70.554 15.554 0.00000 -0.00000 0 
73.120 15.554 0.00000 -0.00000 0 
75.685 15.554 0.00000 -0.00000 0 
78.251 15.554 0.00000 -0.00000 0 
80.816 15.554 0.59179 -0.47869 2 
83.382 15.554 2.00119 0.22453 2 
85.948 15.554 -0.74233 -0.12922 2 
88.513 15.554 -1.01868 0.92910 2 
91.079 15.554 0.40816 0.36186 2 
93.644 15.554 1.83501 -0.20538 2 
96.210 15.554 2.73094 0.22093 2 
98.776 15.554 10.26714 -0.63231 2 
101.341 15.554 6.36505 -0.49507 2 
103.907 15.554 5.01797 -1.63741 2 
106.472 15.554 3.48974 -1.02809 2 
109.038 15.554 1.96150 -0.41878 2 
111.603 15.554 1.79624 2.00181 2 
114.169 15.554 2.27920 2.25390 2 
116.735 15.554 4.24577 2.94776 2 
119.300 15.554 0.06903 3.89433 2 
-8.980 12.988 6.86279 -0.13622 2 
-6.414 12.988 6.72372 -0.15013 2 
-3.848 12.988 6.66173 0.17387 2 
-1.283 12.988 6.60463 0.18966 2 
1.283 12.988 6.40960 0.24990 2 
3.848 12.988 6.55085 0.39630 2 
6.414 12.988 0.00000 -0.00000 0 
8.980 12.988 0.00000 -0.00000 0 
11.545 12.988 0.00000 -0.00000 0 
14.111 12.988 0.00000 -0.00000 0 
16.676 12.988 3.35828 0.82198 2 
19.242 12.988 6.71655 1.64397 2 
21.808 12.988 7.31156 1.46868 2 
24.373 12.988 6.95383 1.49194 2 
26.939 12.988 6.92490 1.72372 2 
29.504 12.988 7.46325 1.72530 2 
32.070 12.988 7.32587 1.87629 2 
34.636 12.988 7.95086 1.53052 2 
37.201 12.988 7.81236 1.61052 2 
39.767 12.988 7.90338 1.55283 2 
42.332 12.988 0.00000 -0.00000 0 
44.898 12.988 0.00000 -0.00000 0 
47.464 12.988 0.00000 -0.00000 0 
50.029 12.988 0.00000 -0.00000 0 
52.595 12.988 0.00000 -0.00000 0 
55.160 12.988 0.00000 -0.00000 0 
57.726 12.988 0.00000 -0.00000 0 
60.292 12.988 0.00000 -0.00000 0 
62.857 12.988 0.00000 -0.00000 0 
65.423 12.988 0.00000 -0.00000 0 
67.988 12.988 0.00000 -0.00000 0 
70.554 12.988 0.00000 -0.00000 0 
73.120 12.988 0.00000 -0.00000 0 
75.685 12.988 -0.65752 -0.35619 2 
78.251 12.988 -1.17251 -0.31559 2 
80.816 12.988 -1.52877 -0.49421 2 
83.382 12.988 -0.49201 -0.20210 2 
85.948 12.988 -3.38228 0.45755 2 
88.513 12.988 -2.12384 0.92375 2 
91.079 12.988 -1.49094 0.82956 2 
93.644 12.988 -1.09139 0.59863 2 
96.210 12.988 -2.23390 0.16979 2 
98.776 12.988 -2.07481 -0.99926 2 
101.341 12.988 -0.33371 -0.69866 2 
103.907 12.988 0.89419 -0.14510 2 
106.472 12.988 0.53019 -1.35787 2 
109.038 12.988 -1.22119 1.28175 2 
111.603 12.988 0.98109 0.92938 2 
114.169 12.988 1.78100 2.29661 2 
116.735 12.988 2.80765 2.71906 2 
119.300 12.988 -0.09424 3.64614 2 
-8.980 10.423 6.62004 -0.26853 2 
-6.414 10.423 6.60549 -0.15527 2 
-3.848 10.423 6.50324 -0.03777 2 
-1.283 10.423 6.47720 -0.00596 2 
1.283 10.423 6.20769 0.13023 2 
3.848 10.423 6.42690 0.28503 2 
6.414 10.423 1.57574 0.04344 2 
8.980 10.423 0.00000 -0.00000 0 
11.545 10.423 0.00000 -0.00000 0 
14.111 10.423 0.00000 -0.00000 0 
16.676 10.423 2.68662 0.65759 2 
19.242 10.423 4.47770 1.09598 2 
21.808 10.423 3.65578 0.73434 2 
24.373 10.423 7.39518 1.87436 2 
26.939 10.423 7.17283 2.02510 2 
29.504 10.423 8.42109 1.70833 2 
32.070 10.423 0.00000 -0.00000 0 
34.636 10.423 0.00000 -0.00000 0 
37.201 10.423 0.00000 -0.00000 0 
39.767 10.423 0.00000 -0.00000 0 
42.332 10.423 0.00000 -0.00000 0 
44.898 10.423 0.00000 -0.00000 0 
47.464 10.423 0.00000 -0.00000 0 
50.029 10.423 0.00000 -0.00000 0 
52.595 10.423 0.00000 -0.00000 0 
55.160 10.423 0.00000 -0.00000 0 
57.726 10.423 0.00000 -0.00000 0 
60.292 10.423 0.00000 -0.00000 0 
62.857 10.423 0.00000 -0.00000 0 
65.423 10.423 0.00000 -0.00000 0 
67.988 10.423 -0.57712 -0.04846 2 
70.554 10.423 -0.18843 -0.10912 2 
73.120 10.423 -0.91494 -0.43432 2 
75.685 10.423 -1.60696 -0.77501 2 
78.251 10.423 -1.70760 -1.07915 2 
80.816 10.423 -1.51404 0.10024 2 
83.382 10.423 -2.98522 -0.62874 2 
85.948 10.423 -3.21240 1.08246 2 
88.513 10.423 -3.22900 0.91841 2 
91.079 10.423 -2.39219 0.43315 2 
93.644 10.423 -2.15151 0.49808 2 
96.210 10.423 -2.68186 0.46406 2 
98.776 10.423 -2.63383 -0.17862 2 
101.341 10.423 -1.15434 -0.24031 2 
103.907 10.423 -3.22960 1.34721 2 
106.472 10.423 -3.15582 0.12695 2 
109.038 10.423 -3.12162 1.40225 2 
111.603 10.423 -2.16508 1.37490 2 
114.169 10.423 -1.45806 2.32914 2 
116.735 10.423 -1.36357 3.10147 2 
119.300 10.423 -0.25750 3.39795 2 
-8.980 7.857 6.51267 -0.24259 2 
-6.414 7.857 6.59778 -0.24884 2 
-3.848 7.857 6.49201 -0.19962 2 
-1.283 7.857 6.35199 -0.13281 2 
1.283 7.857 6.03370 -0.04111 2 
3.848 7.857 6.30295 0.17376 2 
6.414 7.857 3.15147 0.08688 2 
8.980 7.857 0.00000 -0.00000 0 
11.545 7.857 0.00000 -0.00000 0 
14.111 7.857 0.00000 -0.00000 2 
16.676 7.857 1.34331 0.32879 2 
19.242 7.857 2.23885 0.54799 2 
21.808 7.857 0.00000 -0.00000 0 
24.373 7.857 0.00000 -0.00000 0 
26.939 7.857 0.00000 -0.00000 0 
29.504 7.857 0.00000 -0.00000 0 
32.070 7.857 0.00000 -0.00000 0 
34.636 7.857 0.00000 -0.00000 0 
37.201 7.857 0.00000 -0.00000 0 
39.767 7.857 0.00000 -0.00000 0 
42.332 7.857 0.00000 -0.00000 0 
44.898 7.857 0.00000 -0.00000 0 
47.464 7.857 0.00000 -0.00000 0 
50.029 7.857 0.00000 -0.00000 0 
52.595 7.857 0.00000 -0.00000 0 
55.160 7.857 0.00000 -0.00000 0 
57.726 7.857 0.00000 -0.00000 0 
60.292 7.857 -0.80967 -0.26377 2 
62.857 7.857 -1.13066 -0.45921 2 
65.423 7.857 -1.77265 -0.85008 2 
67.988 7.857 -1.15424 -0.09692 2 
70.554 7.857 -1.21983 -0.66985 2 
73.120 7.857 -1.60712 -0.93722 2 
75.685 7.857 -1.50260 -0.82016 2 
78.251 7.857 -1.17678 -0.84892 2 
80.816 7.857 -1.49931 0.69469 2 
83.382 7.857 -2.18536 0.34413 2 
85.948 7.857 -2.88064 0.32022 2 
88.513 7.857 -2.51175 -0.22836 2 
91.079 7.857 -3.29344 0.03674 2 
93.644 7.857 -3.21163 0.39753 2 
96.210 7.857 -3.12982 0.75833 2 
98.776 7.857 -3.19285 0.64202 2 
101.341 7.857 -1.97498 0.21803 2 
103.907 7.857 -2.68681 1.22757 2 
106.472 7.857 -2.25240 1.28540 2 
109.038 7.857 -0.89531 1.21076 2 
111.603 7.857 -0.90678 1.28199 2 
114.169 7.857 -1.59441 1.55610 2 
116.735 7.857 -1.01481 3.88335 2 
119.300 7.857 -0.42077 3.14976 2 
-8.980 5.292 6.82145 -0.39163 2 
-6.414 5.292 6.61610 -0.34581 2 
-3.848 5.292 6.31504 -0.33428 2 
-1.283 5.292 6.24052 -0.27248 2 
1.283 5.292 5.95326 -0.22872 2 
3.848 5.292 6.24428 -0.03404 2 
6.414 5.292 1.57574 0.04344 2 
8.980 5.292 0.00000 -0.00000 0 
11.545 5.292 0.00000 -0.00000 0 
14.111 5.292 0.00000 -0.00000 0 
16.676 5.292 0.00000 -0.00000 0 
19.242 5.292 0.00000 -0.00000 0 
21.808 5.292 0.00000 -0.00000 0 
24.373 5.292 0.00000 -0.00000 0 
26.939 5.292 0.00000 -0.00000 0 
29.504 5.292 0.00000 -0.00000 0 
32.070 5.292 0.00000 -0.00000 0 
34.636 5.292 0.00000 -0.00000 0 
37.201 5.292 0.00000 -0.00000 0 
39.767 5.292 0.00000 -0.00000 0 
42.332 5.292 0.00000 -0.00000 0 
44.898 5.292 0.00000 -0.00000 0 
47.464 5.292 0.00000 -0.00000 0 
50.029 5.292 0.00000 -0.00000 0 
52.595 5.292 -0.21199 -0.12610 2 
55.160 5.292 -0.89751 -0.38325 2 
57.726 5.292 -0.29494 0.04515 2 
60.292 5.292 -1.61933 -0.52754 2 
62.857 5.292 -1.68431 -0.56861 2 
65.423 5.292 -1.87205 -0.60784 2 
67.988 5.292 -1.10793 -0.80626 2 
70.554 5.292 -1.12727 -0.62397 2 
73.120 5.292 -1.12778 -0.67457 2 
75.685 5.292 -1.39824 -0.86532 2 
78.251 5.292 -0.64595 -0.61870 2 
80.816 5.292 -0.50679 0.41179 2 
83.382 5.292 -0.31134 0.64504 2 
85.948 5.292 -2.11315 -0.05928 2 
88.513 5.292 -3.27181 0.24756 2 
91.079 5.292 -2.29297 0.06780 2 
93.644 5.292 -1.21149 0.38283 2 
96.210 5.292 -0.50788 1.06920 2 
98.776 5.292 -0.35339 1.24021 2 
101.341 5.292 -1.05233 0.64192 2 
103.907 5.292 -0.96405 0.43247 2 
106.472 5.292 -0.02651 1.74633 2 
109.038 5.292 1.33101 1.01927 2 
111.603 5.292 -0.21633 0.87191 2 
114.169 5.292 0.41927 3.80671 2 
116.735 5.292 0.38710 3.98789 2 
119.300 5.292 0.03289 2.81362 2 
-8.980 2.726 6.78467 -0.49860 2 
-6.414 2.726 6.69329 -0.58025 2 
-3.848 2.726 6.42129 -0.52076 2 
-1.283 2.726 6.06602 -0.58885 2 
1.283 2.726 6.18272 -0.50642 2 
3.848 2.726 6.23428 -0.15833 2 
6.414 2.726 0.00000 -0.00000 0 
8.980 2.726 0.00000 -0.00000 0 
11.545 2.726 0.00000 -0.00000 0 
14.111 2.726 0.00000 -0.00000 0 
16.676 2.726 0.00000 -0.00000 0 
19.242 2.726 0.00000 -0.00000 0 
21.808 2.726 0.00000 -0.00000 0 
24.373 2.726 0.00000 -0.00000 0 
26.939 2.726 0.00000 -0.00000 0 
29.504 2.726 0.00000 -0.00000 0 
32.070 2.726 0.00000 -0.00000 0 
34.636 2.726 0.00000 -0.00000 0 
37.201 2.726 0.00000 -0.00000 0 
39.767 2.726 0.00000 -0.00000 0 
42.332 2.726 0.00000 -0.00000 0 
44.898 2.726 0.00000 -0.00000 0 
47.464 2.726 -0.56165 -0.19523 2 
50.029 2.726 -0.59413 -0.09000 2 
52.595 2.726 -0.42398 -0.25220 2 
55.160 2.726 -1.79502 -0.76650 2 
57.726 2.726 -2.31678 -0.83280 2 
60.292 2.726 -1.85765 -1.13713 2 
62.857 2.726 -1.66095 -0.32820 2 
65.423 2.726 -1.97145 -0.36559 2 
67.988 2.726 -0.93021 -0.88627 2 
70.554 2.726 -1.03471 -0.57809 2 
73.120 2.726 -0.64844 -0.41193 2 
75.685 2.726 -0.58249 -0.30392 2 
78.251 2.726 -0.33103 0.10015 2 
80.816 2.726 0.52746 0.32331 2 
83.382 2.726 0.57665 0.20815 2 
85.948 2.726 0.21026 0.62860 2 
88.513 2.726 0.02207 0.44899 2 
91.079 2.726 -1.29249 0.09886 2 
93.644 2.726 -1.43032 -0.35950 2 
96.210 2.726 -0.13644 1.68918 2 
98.776 2.726 -0.14209 1.66055 2 
101.341 2.726 -0.12967 1.06581 2 
103.907 2.726 0.52391 0.89798 2 
106.472 2.726 1.13526 0.25036 2 
109.038 2.726 2.68891 0.34800 2 
111.603 2.726 0.47412 0.46182 2 
114.169 2.726 2.73389 3.14400 2 
116.735 2.726 2.58026 3.08515 2 
119.300 2.726 0.27582 2.74420 2 
-8.980 0.160 6.56190 -0.64197 2 
-6.414 0.160 6.56744 -0.70799 2 
-3.848 0.160 6.55724 -0.59219 2 
-1.283 0.160 6.11286 -0.76509 2 
1.283 0.160 6.46117 -0.68789 2 
3.848 0.160 0.00000 -0.00000 0 
6.414 0.160 0.00000 -0.00000 0 
8.980 0.160 0.00000 -0.00000 0 
11.545 0.160 0.00000 -0.00000 0 
14.111 0.160 0.00000 -0.00000 0 
16.676 0.160 0.00000 -0.00000 0 
19.242 0.160 0.00000 -0.00000 0 
21.808 0.160 0.00000 -0.00000 0 
24.373 0.160 0.00000 -0.00000 0 
26.939 0.160 0.00000 -0.00000 0 
29.504 0.160 0.00000 -0.00000 0 
32.070 0.160 0.00000 -0.00000 0 
34.636 0.160 0.00000 -0.00000 0 
37.201 0.160 0.00000 -0.00000 0 
39.767 0.160 -0.75861 -0.28759 2 
42.332 0.160 -0.13925 -0.26284 2 
44.898 0.160 -1.28970 -0.34586 2 
47.464 0.160 -1.12329 -0.39046 2 
50.029 0.160 -1.24523 -0.26559 2 
52.595 0.160 -1.48191 -0.30400 2 
55.160 0.160 -1.84889 -0.81062 2 
57.726 0.160 -1.50337 -0.62303 2 
60.292 0.160 -1.46406 -0.45443 2 
62.857 0.160 -1.18306 -0.67495 2 
65.423 0.160 -1.46360 -0.89008 2 
67.988 0.160 -0.75249 -0.96629 2 
70.554 0.160 -1.35123 -0.55245 2 
73.120 0.160 -0.35250 -0.52493 2 
75.685 0.160 0.28797 0.05998 2 
78.251 0.160 0.44005 0.40345 2 
80.816 0.160 0.78479 0.19940 2 
83.382 0.160 1.09359 -0.16350 2 
85.948 0.160 0.80708 0.35082 2 
88.513 0.160 0.47991 0.28192 2 
91.079 0.160 -0.18466 -0.30004 2 
93.644 0.160 1.05955 -0.02756 2 
96.210 0.160 2.06899 1.37398 2 
98.776 0.160 1.68836 1.19766 2 
101.341 0.160 3.32256 1.70430 2 
103.907 0.160 2.74300 1.27819 2 
106.472 0.160 1.72062 0.40043 2 
109.038 0.160 2.28739 1.77994 2 
111.603 0.160 4.29822 3.66889 2 
114.169 0.160 2.51640 1.20138 2 
116.735 0.160 4.77342 2.18241 2 
119.300 0.160 0.26455 1.95407 2 
-8.980 -2.405 6.67061 -0.75607 2 
-6.414 -2.405 6.55312 -0.91263 2 
-3.848 -2.405 6.41087 -0.84952 2 
-1.283 -2.405 6.34347 -1.01580 2 
1.283 -2.405 0.00000 -0.00000 0 
3.848 -2.405 0.00000 -0.00000 0 
6.414 -2.405 0.00000 -0.00000 0 
8.980 -2.405 0.00000 -0.00000 0 
11.545 -2.405 0.00000 -0.00000 0 
14.111 -2.405 0.00000 -0.00000 0 
16.676 -2.405 0.00000 -0.00000 0 
19.242 -2.405 0.00000 -0.00000 0 
21.808 -2.405 0.00000 -0.00000 0 
24.373 -2.405 0.00000 -0.00000 0 
26.939 -2.405 0.00000 -0.00000 0 
29.504 -2.405 0.00000 -0.00000 0 
32.070 -2.405 0.09491 -0.11332 2 
34.636 -2.405 -0.14595 0.09754 2 
37.201 -2.405 -0.59531 -0.18520 2 
39.767 -2.405 -1.51722 -0.57518 2 
42.332 -2.405 -2.07043 -0.38389 2 
44.898 -2.405 -2.46485 -0.39751 2 
47.464 -2.405 -1.36015 -0.30902 2 
50.029 -2.405 -1.89633 -0.44118 2 
52.595 -2.405 -0.81129 -0.09625 2 
55.160 -2.405 -1.29963 -0.86369 2 
57.726 -2.405 -1.36396 -0.75988 2 
60.292 -2.405 -1.43615 -1.02743 2 
62.857 -2.405 -0.47263 -0.87167 2 
65.423 -2.405 -0.51044 -1.33407 2 
67.988 -2.405 -0.61845 -0.59785 2 
70.554 -2.405 -0.72646 0.13837 2 
73.120 -2.405 0.59198 0.30758 2 
75.685 -2.405 1.65204 0.98914 2 
78.251 -2.405 0.61566 0.19518 2 
80.816 -2.405 1.10469 -0.69137 2 
83.382 -2.405 1.12365 0.09736 2 
85.948 -2.405 1.39874 -0.29213 2 
88.513 -2.405 0.44145 0.74080 2 
91.079 -2.405 0.77623 0.04325 2 
93.644 -2.405 2.15881 0.68437 2 
96.210 -2.405 2.41619 0.08356 2 
98.776 -2.405 2.89288 0.77237 2 
101.341 -2.405 4.58447 1.14942 2 
103.907 -2.405 4.96210 1.65841 2 
106.472 -2.405 5.33973 2.16740 2 
109.038 -2.405 5.56451 3.39169 2 
111.603 -2.405 4.69344 2.79138 2 
114.169 -2.405 4.79865 1.11407 2 
116.735 -2.405 6.43274 1.69803 2 
119.300 -2.405 0.00000 -0.00000 0 
-8.980 -4.971 7.02437 -0.81812 2 
-6.414 -4.971 6.82537 -0.79716 2 
-3.848 -4.971 6.60614 -0.91980 2 
-1.283 -4.971 6.34470 -1.23344 2 
1.283 -4.971 0.00000 -0.00000 0 
3.848 -4.971 0.00000 -0.00000 0 
6.414 -4.971 0.00000 -0.00000 0 
8.980 -4.971 0.00000 -0.00000 0 
11.545 -4.971 0.00000 -0.00000 0 
14.111 -4.971 0.00000 -0.00000 0 
16.676 -4.971 0.00000 -0.00000 0 
19.242 -4.971 0.00000 -0.00000 0 
21.808 -4.971 0.00000 -0.00000 0 
24.373 -4.971 -0.06196 -0.10302 2 
26.939 -4.971 -0.33939 -0.10080 2 
29.504 -4.971 -0.61683 -0.09858 2 
32.070 -4.971 -0.39371 -0.06846 2 
34.636 -4.971 -1.63662 -0.51217 2 
37.201 -4.971 -1.49646 -0.81179 2 
39.767 -4.971 -2.02496 -0.60386 2 
42.332 -4.971 -1.73743 -0.82392 2 
44.898 -4.971 -1.17367 -0.27379 2 
47.464 -4.971 -1.59701 -0.22759 2 
50.029 -4.971 -0.86884 -0.05805 2 
52.595 -4.971 -0.14068 0.11150 2 
55.160 -4.971 -0.82044 -0.78486 2 
57.726 -4.971 0.37152 -0.45923 2 
60.292 -4.971 -1.13891 -0.28331 2 
62.857 -4.971 -0.70659 -1.14988 2 
65.423 -4.971 -0.20516 -1.24700 2 
67.988 -4.971 1.10663 -0.63485 2 
70.554 -4.971 2.41841 -0.02269 2 
73.120 -4.971 1.75182 -0.15376 2 
75.685 -4.971 2.39084 0.81174 2 
78.251 -4.971 1.08441 -1.09369 2 
80.816 -4.971 1.42459 -1.58214 2 
83.382 -4.971 0.88020 -0.73875 2 
85.948 -4.971 1.29905 -1.45704 2 
88.513 -4.971 0.53236 0.82140 2 
91.079 -4.971 1.32932 0.68930 2 
93.644 -4.971 2.52927 0.57418 2 
96.210 -4.971 3.57960 1.07616 2 
98.776 -4.971 3.02579 0.73132 2 
101.341 -4.971 3.75614 1.54913 2 
103.907 -4.971 4.72055 2.73019 2 
106.472 -4.971 5.68496 3.91125 2 
109.038 -4.971 7.01624 3.32361 2 
111.603 -4.971 5.69023 3.40882 2 
114.169 -4.971 5.57476 1.41723 2 
116.735 -4.971 8.09207 1.21365 2 
119.300 -4.971 0.00000 -0.00000 0 
-8.980 -7.536 7.04828 -0.84453 2 
-6.414 -7.536 6.81656 -1.10712 2 
-3.848 -7.536 6.73258 -1.13032 2 
-1.283 -7.536 6.72502 -1.28014 2 
1.283 -7.536 6.46236 -1.77524 2 
3.848 -7.536 0.00000 -0.00000 0 
6.414 -7.536 5.36299 -2.34623 2 
8.980 -7.536 4.06194 -1.63840 2 
11.545 -7.536 2.76089 -0.93056 2 
14.111 -7.536 2.87636 -0.87588 2 
16.676 -7.536 -0.17442 0.07688 2 
19.242 -7.536 -0.66307 0.05932 2 
21.808 -7.536 -1.12711 -0.20833 2 
24.373 -7.536 -1.28386 -0.37978 2 
26.939 -7.536 -1.25876 -0.28847 2 
29.504 -7.536 -1.23366 -0.19716 2 
32.070 -7.536 -0.88233 -0.02361 2 
34.636 -7.536 -1.57997 -0.98193 2 
37.201 -7.536 -1.95135 -1.01309 2 
39.767 -7.536 -1.73182 -1.09088 2 
42.332 -7.536 -0.07822 -0.75150 2 
44.898 -7.536 0.74417 -0.02806 2 
47.464 -7.536 -0.05233 -0.30650 2 
50.029 -7.536 0.97040 -0.16086 2 
52.595 -7.536 1.11574 -0.06687 2 
55.160 -7.536 -0.34125 -0.70603 2 
57.726 -7.536 2.10700 -0.15858 2 
60.292 -7.536 1.30184 -0.33968 2 
62.857 -7.536 2.30089 -0.15761 2 
65.423 -7.536 3.08086 -0.20995 2 
67.988 -7.536 3.66987 0.05395 2 
70.554 -7.536 5.32018 0.71708 2 
73.120 -7.536 2.82163 0.91500 2 
75.685 -7.536 2.51817 1.25890 2 
78.251 -7.536 1.76411 -1.25888 2 
80.816 -7.536 2.34821 -1.77285 2 
83.382 -7.536 1.66859 -0.94340 2 
85.948 -7.536 1.95898 -0.58558 2 
88.513 -7.536 2.40402 -0.29998 2 
91.079 -7.536 0.08606 1.05012 2 
93.644 -7.536 2.77264 1.91496 2 
96.210 -7.536 2.45051 0.54403 2 
98.776 -7.536 1.88807 2.59273 2 
101.341 -7.536 4.10348 1.58788 2 
103.907 -7.536 4.28083 3.02646 2 
106.472 -7.536 5.90436 3.37570 2 
109.038 -7.536 7.08008 3.33355 2 
111.603 -7.536 7.40567 3.15186 2 
114.169 -7.536 7.13080 2.76475 2 
116.735 -7.536 8.08195 2.85347 2 
119.300 -7.536 0.00000 -0.00000 0 
-8.980 -10.102 7.10346 -1.07860 2 
-6.414 -10.102 7.14794 -1.12308 2 
-3.848 -10.102 7.00023 -1.19772 2 
-1.283 -10.102 6.79388 -1.54941 2 
1.283 -10.102 6.85383 -1.73609 2 
3.848 -10.102 7.12408 -2.46089 2 
6.414 -10.102 7.14002 -2.75509 2 
8.980 -10.102 6.33090 -2.30810 2 
11.545 -10.102 5.52178 -1.86112 2 
14.111 -10.102 5.75271 -1.75175 2 
16.676 -10.102 9.42361 -2.95553 2 
19.242 -10.102 9.44000 -2.24615 2 
21.808 -10.102 4.83682 -2.98890 2 
24.373 -10.102 1.70609 0.17640 2 
26.939 -10.102 0.51051 -0.09235 2 
29.504 -10.102 -0.68508 -0.36111 2 
32.070 -10.102 -0.08647 -0.54384 2 
34.636 -10.102 0.61093 -1.64579 2 
37.201 -10.102 0.01190 -1.43102 2 
39.767 -10.102 -0.58714 -1.21624 2 
42.332 -10.102 0.73450 -0.17536 2 
44.898 -10.102 2.63082 0.10711 2 
47.464 -10.102 1.49235 -0.38542 2 
50.029 -10.102 2.80964 -0.26368 2 
52.595 -10.102 2.37216 -0.24524 2 
55.160 -10.102 3.15273 0.19165 2 
57.726 -10.102 3.62560 0.23580 2 
60.292 -10.102 3.74258 -0.39604 2 
62.857 -10.102 2.64529 -0.89201 2 
65.423 -10.102 5.00441 -0.60305 2 
67.988 -10.102 4.91191 1.06307 2 
70.554 -10.102 5.68715 0.04349 2 
73.120 -10.102 6.05271 1.21066 2 
75.685 -10.102 4.71464 1.67992 2 
78.251 -10.102 2.80279 -1.20841 2 
80.816 -10.102 2.52896 -2.07266 2 
83.382 -10.102 4.56577 -1.59096 2 
85.948 -10.102 5.91017 1.97093 2 
88.513 -10.102 6.32202 0.07344 2 
91.079 -10.102 6.97080 1.87089 2 
93.644 -10.102 7.05757 3.02866 2 
96.210 -10.102 6.32757 2.00981 2 
98.776 -10.102 7.00065 2.10386 2 
101.341 -10.102 5.58178 2.10741 2 
103.907 -10.102 6.43561 2.60302 2 
106.472 -10.102 6.57182 3.49866 2 
109.038 -10.102 7.18116 2.54616 2 
111.603 -10.102 7.79900 2.93970 2 
114.169 -10.102 7.36383 2.43062 2 
116.735 -10.102 7.45702 1.95540 2 
119.300 -10.102 0.00000 -0.00000 0 
-8.980 -12.668 7.20933 -1.00596 2 
-6.414 -12.668 7.09741 -0.98388 2 
-3.848 -12.668 6.99288 -1.18329 2 
-1.283 -12.668 7.20828 -1.43319 2 
1.283 -12.668 7.16503 -1.88718 2 
3.848 -12.668 7.04709 -2.06799 2 
6.414 -12.668 7.26237 -2.38909 2 
8.980 -12.668 7.57198 -2.71791 2 
11.545 -12.668 8.28267 -2.79168 2 
14.111 -12.668 8.62907 -2.62763 2 
16.676 -12.668 9.05606 -2.64607 2 
19.242 -12.668 9.30268 -2.49379 2 
21.808 -12.668 7.00825 -2.51032 2 
24.373 -12.668 9.63069 -1.78893 2 
26.939 -12.668 7.47211 -1.43782 2 
29.504 -12.668 5.31354 -1.08671 2 
32.070 -12.668 6.49243 -0.57441 2 
34.636 -12.668 2.53680 -1.42607 2 
37.201 -12.668 2.14204 -1.46129 2 
39.767 -12.668 1.74727 -1.49651 2 
42.332 -12.668 5.13639 -0.13581 2 
44.898 -12.668 4.51747 0.24228 2 
47.464 -12.668 4.62595 -0.16478 2 
50.029 -12.668 4.15055 -1.06556 2 
52.595 -12.668 4.59280 0.14150 2 
55.160 -12.668 4.69368 -0.14094 2 
57.726 -12.668 5.10732 -0.37511 2 
60.292 -12.668 4.50096 -1.07373 2 
62.857 -12.668 5.22286 -0.04577 2 
65.423 -12.668 4.64194 0.35870 2 
67.988 -12.668 6.42389 0.84603 2 
70.554 -12.668 8.20584 1.33336 2 
73.120 -12.668 8.02804 0.55299 2 
75.685 -12.668 7.33155 0.94158 2 
78.251 -12.668 5.65105 -0.46384 2 
80.816 -12.668 6.44813 -1.59950 2 
83.382 -12.668 9.03239 0.06423 2 
85.948 -12.668 8.93484 2.44047 2 
88.513 -12.668 8.03579 1.67452 2 
91.079 -12.668 9.21088 2.01382 2 
93.644 -12.668 9.11694 2.60158 2 
96.210 -12.668 8.81264 2.12809 2 
98.776 -12.668 8.45173 2.46429 2 
101.341 -12.668 7.22268 2.27987 2 
103.907 -12.668 8.59038 2.17959 2 
106.472 -12.668 8.06845 2.66042 2 
109.038 -12.668 7.75631 2.16996 2 
111.603 -12.668 7.51419 1.88875 2 
114.169 -12.668 7.55111 1.91176 2 
116.735 -12.668 7.89403 1.56335 2 
119.300 -12.668 0.00000 -0.00000 0 
-8.980 -15.233 7.27333 -1.00478 2 
-6.414 -15.233 7.20797 -1.17852 2 
-3.848 -15.233 7.23675 -1.31909 2 
-1.283 -15.233 7.19785 -1.57056 2 
1.283 -15.233 7.24931 -1.60978 2 
3.848 -15.233 7.36968 -2.06702 2 
6.414 -15.233 7.53134 -2.33060 2 
8.980 -15.233 7.81347 -2.35592 2 
11.545 -15.233 8.26358 -2.40135 2 
14.111 -15.233 8.54478 -2.50452 2 
16.676 -15.233 8.61997 -2.26290 2 
19.242 -15.233 9.06202 -2.25961 2 
21.808 -15.233 9.17968 -2.03175 2 
24.373 -15.233 9.27462 -2.00427 2 
26.939 -15.233 9.63205 -2.16007 2 
29.504 -15.233 10.02898 -1.51786 2 
32.070 -15.233 9.66847 -0.96501 2 
34.636 -15.233 8.92443 -1.73924 2 
37.201 -15.233 6.81415 -1.67530 2 
39.767 -15.233 5.95405 -1.34837 2 
42.332 -15.233 7.65231 -0.41486 2 
44.898 -15.233 9.82757 -0.01437 2 
47.464 -15.233 7.25853 -0.41786 2 
50.029 -15.233 8.27914 -0.63814 2 
52.595 -15.233 7.09915 -0.41506 2 
55.160 -15.233 6.33802 -0.72688 2 
57.726 -15.233 6.02301 -1.34360 2 
60.292 -15.233 7.61873 -0.56261 2 
62.857 -15.233 7.39876 0.38548 2 
65.423 -15.233 6.95385 0.53717 2 
67.988 -15.233 7.07074 0.27511 2 
70.554 -15.233 7.19915 0.93820 2 
73.120 -15.233 9.49535 1.13892 2 
75.685 -15.233 9.33371 1.51360 2 
78.251 -15.233 8.67622 -0.25727 2 
80.816 -15.233 8.95597 -0.78057 2 
83.382 -15.233 9.16347 0.20263 2 
85.948 -15.233 8.41575 1.03006 2 
88.513 -15.233 9.55573 1.95802 2 
91.079 -15.233 9.69385 1.96062 2 
93.644 -15.233 9.64700 2.44594 2 
96.210 -15.233 9.48782 2.31797 2 
98.776 -15.233 9.33250 2.29148 2 
101.341 -15.233 8.86358 2.45232 2 
103.907 -15.233 8.44651 2.38030 2 
106.472 -15.233 7.98564 2.16094 2 
109.038 -15.233 8.19746 1.89513 2 
111.603 -15.233 7.86074 1.70204 2 
114.169 -15.233 7.60350 1.28243 2 
116.735 -15.233 8.25472 1.32670 2 
119.300 -15.233 0.00000 -0.00000 0 
-8.980 -17.799 7.30976 -1.15501 2 
-6.414 -17.799 7.38619 -1.11014 2 
-3.848 -17.799 7.38854 -1.18081 2 
-1.283 -17.799 7.38627 -1.41195 2 
1.283 -17.799 7.43647 -1.67728 2 
3.848 -17.799 7.46528 -1.81301 2 
6.414 -17.799 7.74004 -1.84307 2 
8.980 -17.799 7.99832 -2.21798 2 
11.545 -17.799 8.24408 -2.30475 2 
14.111 -17.799 8.69596 -2.23860 2 
16.676 -17.799 8.72815 -2.12945 2 
19.242 -17.799 8.78528 -2.07368 2 
21.808 -17.799 8.90778 -2.04099 2 
24.373 -17.799 9.24680 -1.84338 2 
26.939 -17.799 9.36731 -1.85402 2 
29.504 -17.799 9.52714 -1.40403 2 
32.070 -17.799 9.44318 -1.33896 2 
34.636 -17.799 9.28341 -1.38642 2 
37.201 -17.799 9.77076 -1.79015 2 
39.767 -17.799 10.16083 -1.20023 2 
42.332 -17.799 10.16823 -0.69391 2 
44.898 -17.799 10.04232 -0.74997 2 
47.464 -17.799 9.89111 -0.67094 2 
50.029 -17.799 9.55195 -0.75123 2 
52.595 -17.799 9.60549 -0.97161 2 
55.160 -17.799 8.87255 -1.25753 2 
57.726 -17.799 8.29800 -0.95866 2 
60.292 -17.799 8.20873 0.58695 2 
62.857 -17.799 9.57466 0.81674 2 
65.423 -17.799 9.26575 0.71565 2 
67.988 -17.799 8.52224 0.27659 2 
70.554 -17.799 9.50359 0.42201 2 
73.120 -17.799 10.26240 0.57361 2 
75.685 -17.799 10.20277 0.87437 2 
78.251 -17.799 9.90505 0.41355 2 
80.816 -17.799 9.70767 -0.20637 2 
83.382 -17.799 10.04126 0.81189 2 
85.948 -17.799 10.13568 0.22815 2 
88.513 -17.799 10.44297 2.32028 2 
91.079 -17.799 10.13736 2.11082 2 
93.644 -17.799 9.64095 2.16655 2 
96.210 -17.799 9.39366 2.13602 2 
98.776 -17.799 9.10222 2.06542 2 
101.341 -17.799 8.70437 2.28066 2 
103.907 -17.799 8.51658 1.99346 2 
106.472 -17.799 8.36219 1.80787 2 
109.038 -17.799 8.26701 1.59510 2 
111.603 -17.799 8.09274 1.65217 2 
114.169 -17.799 8.04938 1.26479 2 
116.735 -17.799 8.43835 1.18243 2 
119.300 -17.799 0.00000 -0.00000 0 
-8.980 -20.364 7.52560 -0.95748 2 
-6.414 -20.364 7.32620 -1.07412 2 
-3.848 -20.364 7.31578 -1.36928 2 
-1.283 -20.364 7.51718 -1.43006 2 
1.283 -20.364 7.52066 -1.41972 2 
3.848 -20.364 7.77656 -1.77102 2 
6.414 -20.364 7.91143 -1.83700 2 
8.980 -20.364 8.02508 -1.88257 2 
11.545 -20.364 8.45332 -1.82915 2 
14.111 -20.364 8.49841 -2.04764 2 
16.676 -20.364 8.77495 -1.93626 2 
19.242 -20.364 8.80068 -1.83242 2 
21.808 -20.364 9.02620 -1.82266 2 
24.373 -20.364 9.09595 -1.77239 2 
26.939 -20.364 9.27827 -1.61378 2 
29.504 -20.364 9.32385 -1.35630 2 
32.070 -20.364 9.35810 -1.39047 2 
34.636 -20.364 9.38422 -1.35459 2 
37.201 -20.364 9.38624 -1.28596 2 
39.767 -20.364 9.77055 -0.97647 2 
42.332 -20.364 9.82951 -0.96257 2 
44.898 -20.364 9.56584 -0.77122 2 
47.464 -20.364 9.60556 -0.70906 2 
50.029 -20.364 9.45567 -0.86485 2 
52.595 -20.364 9.45043 -0.98316 2 
55.160 -20.364 9.69677 -1.08533 2 
57.726 -20.364 10.57299 -0.57373 2 
60.292 -20.364 10.39958 -0.02171 2 
62.857 -20.364 10.15721 0.18562 2 
65.423 -20.364 10.21001 0.10427 2 
67.988 -20.364 9.97374 0.27808 2 
70.554 -20.364 9.96042 0.12090 2 
73.120 -20.364 9.95003 0.12626 2 
75.685 -20.364 10.16343 0.32690 2 
78.251 -20.364 10.21342 0.53750 2 
80.816 -20.364 10.45937 0.36784 2 
83.382 -20.364 10.65290 0.71184 2 
85.948 -20.364 10.56740 0.93492 2 
88.513 -20.364 10.24889 1.41434 2 
91.079 -20.364 10.01977 1.67800 2 
93.644 -20.364 9.54566 1.73587 2 
96.210 -20.364 9.48474 1.87831 2 
98.776 -20.364 9.18988 1.92851 2 
101.341 -20.364 8.94308 1.97978 2 
103.907 -20.364 8.64033 1.70214 2 
106.472 -20.364 8.46349 1.78102 2 
109.038 -20.364 8.35779 1.68977 2 
111.603 -20.364 8.17748 1.29365 2 
114.169 -20.364 8.14846 1.17313 2 
116.735 -20.364 8.71471 1.06585 2 
119.300 -20.364 0.00000 -0.00000 0 
-8.980 -22.930 7.56241 -0.99150 2 
-6.414 -22.930 7.61570 -1.03205 2 
-3.848 -22.930 7.62132 -1.20810 2 
-1.283 -22.930 7.53146 -1.35631 2 
1.283 -22.930 7.64047 -1.51031 2 
3.848 -22.930 7.82798 -1.55278 2 
6.414 -22.930 7.89276 -1.63411 2 
8.980 -22.930 8.31749 -1.74145 2 
11.545 -22.930 8.23904 -1.81952 2 
14.111 -22.930 8.57234 -1.82690 2 
16.676 -22.930 8.67488 -1.60412 2 
19.242 -22.930 8.77538 -1.72158 2 
21.808 -22.930 8.81076 -1.59760 2 
24.373 -22.930 8.92401 -1.53971 2 
26.939 -22.930 9.06867 -1.45541 2 
29.504 -22.930 9.09367 -1.38385 2 
32.070 -22.930 9.24714 -1.33016 2 
34.636 -22.930 9.28721 -1.09502 2 
37.201 -22.930 9.45508 -1.03502 2 
39.767 -22.930 9.47891 -0.96556 2 
42.332 -22.930 9.69920 -0.89853 2 
44.898 -22.930 9.41567 -0.71328 2 
47.464 -22.930 9.57004 -0.73984 2 
50.029 -22.930 9.67029 -0.66256 2 
52.595 -22.930 9.70694 -0.72441 2 
55.160 -22.930 9.73678 -0.77153 2 
57.726 -22.930 10.08824 -0.65626 2 
60.292 -22.930 10.01412 -0.31922 2 
62.857 -22.930 10.03512 -0.13711 2 
65.423 -22.930 9.73882 -0.02607 2 
67.988 -22.930 9.92088 0.10214 2 
70.554 -22.930 9.80548 0.10943 2 
73.120 -22.930 9.82592 0.02184 2 
75.685 -22.930 10.14638 0.04335 2 
78.251 -22.930 10.26782 0.46584 2 
80.816 -22.930 10.28918 0.57080 2 
83.382 -22.930 10.30717 0.73896 2 
85.948 -22.930 10.20991 0.91549 2 
88.513 -22.930 9.96056 1.03719 2 
91.079 -22.930 9.77618 1.42627 2 
93.644 -22.930 9.67501 1.38649 2 
96.210 -22.930 9.29539 1.49010 2 
98.776 -22.930 9.19902 1.76854 2 
101.341 -22.930 8.87236 1.52636 2 
103.907 -22.930 8.82038 1.70302 2 
106.472 -22.930 8.50547 1.59842 2 
109.038 -22.930 8.33585 1.30032 2 
111.603 -22.930 8.38750 1.45756 2 
114.169 -22.930 8.18604 1.06234 2 
116.735 -22.930 8.33903 1.13100 2 
119.300 -22.930 0.00000 -0.00000 0 
-8.980 -25.496 7.39851 -0.93408 2 
-6.414 -25.496 7.59107 -1.26309 2 
-3.848 -25.496 7.66143 -1.05791 2 
-1.283 -25.496 7.73844 -1.31715 2 
1.283 -25.496 7.91019 -1.25541 2 
3.848 -25.496 7.90087 -1.38235 2 
6.414 -25.496 8.09499 -1.39348 2 
8.980 -25.496 8.19542 -1.60763 2 
11.545 -25.496 8.32701 -1.51896 2 
14.111 -25.496 8.53508 -1.57474 2 
16.676 -25.496 8.62672 -1.61906 2 
19.242 -25.496 8.79649 -1.51820 2 
21.808 -25.496 8.79472 -1.42872 2 
24.373 -25.496 8.82780 -1.47545 2 
26.939 -25.496 9.02030 -1.29124 2 
29.504 -25.496 9.16458 -1.24112 2 
32.070 -25.496 9.06862 -1.38465 2 
34.636 -25.496 9.18537 -1.03202 2 
37.201 -25.496 9.24716 -1.06252 2 
39.767 -25.496 9.42192 -1.03522 2 
42.332 -25.496 9.50461 -0.57977 2 
44.898 -25.496 9.46149 -0.90761 2 
47.464 -25.496 9.33730 -0.64695 2 
50.029 -25.496 9.46464 -0.74932 2 
52.595 -25.496 9.69786 -0.66049 2 
55.160 -25.496 9.50455 -0.73225 2 
57.726 -25.496 9.65211 -0.49082 2 
60.292 -25.496 9.91284 -0.29951 2 
62.857 -25.496 9.83426 -0.36259 2 
65.423 -25.496 9.99002 -0.05589 2 
67.988 -25.496 9.55629 -0.10300 2 
70.554 -25.496 9.93554 0.05529 2 
73.120 -25.496 9.82660 0.25820 2 
75.685 -25.496 9.87132 0.36046 2 
78.251 -25.496 9.98273 0.42222 2 
80.816 -25.496 10.06147 0.44068 2 
83.382 -25.496 9.92796 0.62538 2 
85.948 -25.496 9.70756 0.78185 2 
88.513 -25.496 9.97232 1.06336 2 
91.079 -25.496 9.65073 1.25984 2 
93.644 -25.496 9.50711 1.20063 2 
96.210 -25.496 9.37938 1.37862 2 
98.776 -25.496 8.96847 1.24527 2 
101.341 -25.496 8.82615 1.49771 2 
103.907 -25.496 8.80617 1.49454 2 
106.472 -25.496 8.60072 1.32495 2 
109.038 -25.496 8.60305 1.32032 2 
111.603 -25.496 8.55457 1.21625 2 
114.169 -25.496 8.38877 1.08438 2 
116.735 -25.496 8.66213 1.07367 2 
119.300 -25.496 0.00000 -0.00000 0 
-8.980 -28.061 7.62040 -1.00531 2 
-6.414 -28.061 7.78470 -0.81821 2 
-3.848 -28.061 7.77302 -1.07874 2 
-1.283 -28.061 7.92059 -0.97402 2 
1.283 -28.061 7.94539 -1.16777 2 
3.848 -28.061 8.04726 -1.34345 2 
6.414 -28.061 8.06147 -1.37317 2 
8.980 -28.061 8.20377 -1.28658 2 
11.545 -28.061 8.43114 -1.51645 2 
14.111 -28.061 8.52527 -1.40510 2 
16.676 -28.061 8.64157 -1.40093 2 
19.242 -28.061 8.76643 -1.41517 2 
21.808 -28.061 8.85214 -1.41029 2 
24.373 -28.061 8.88822 -1.22693 2 
26.939 -28.061 8.98335 -1.28743 2 
29.504 -28.061 8.87675 -1.16519 2 
32.070 -28.061 9.25782 -1.00235 2 
34.636 -28.061 9.18254 -0.96624 2 
37.201 -28.061 9.21321 -0.89813 2 
39.767 -28.061 9.36401 -1.01910 2 
42.332 -28.061 9.25566 -0.94073 2 
44.898 -28.061 9.53924 -0.80437 2 
47.464 -28.061 9.40825 -0.85923 2 
50.029 -28.061 9.47646 -0.58070 2 
52.595 -28.061 9.73139 -0.67901 2 
55.160 -28.061 9.53346 -0.54284 2 
57.726 -28.061 9.90214 -0.61644 2 
60.292 -28.061 9.66635 -0.49495 2 
62.857 -28.061 9.59295 -0.19471 2 
65.423 -28.061 9.75934 -0.11176 2 
67.988 -28.061 9.84124 0.06322 2 
70.554 -28.061 9.67008 0.05720 2 
73.120 -28.061 9.87614 0.16172 2 
75.685 -28.061 9.91973 0.17704 2 
78.251 -28.061 9.82755 0.34495 2 
80.816 -28.061 9.71655 0.61606 2 
83.382 -28.061 9.89595 0.74574 2 
85.948 -28.061 9.95621 0.97596 2 
88.513 -28.061 9.52258 0.93824 2 
91.079 -28.061 9.53849 1.07865 2 
93.644 -28.061 9.27358 1.04168 2 
96.210 -28.061 9.13227 1.08073 2 
98.776 -28.061 8.96892 1.25572 2 
101.341 -28.061 8.71151 1.35679 2 
103.907 -28.061 8.80029 0.95963 2 
106.472 -28.061 8.51286 1.30420 2 
109.038 -28.061 8.57882 1.12465 2 
111.603 -28.061 8.45231 1.07971 2 
114.169 -28.061 8.43576 0.91336 2 
116.735 -28.061 8.65962 1.17544 2 
119.300 -28.061 0.00000 -0.00000 0 
-8.980 -30.627 7.60876 -0.83787 2 
-6.414 -30.627 7.71927 -0.95377 2 
-3.848 -30.627 7.86375 -1.03125 2 
-1.283 -30.627 7.79355 -1.08007 2 
1.283 -30.627 7.95837 -1.17303 2 
3.848 -30.627 7.96837 -1.22505 2 
6.414 -30.627 8.25917 -1.26030 2 
8.980 -30.627 8.21168 -1.25527 2 
11.545 -30.627 8.48882 -1.38558 2 
14.111 -30.627 8.40868 -1.34820 2 
16.676 -30.627 8.70838 -1.30650 2 
19.242 -30.627 8.74055 -1.25509 2 
21.808 -30.627 8.64984 -1.12456 2 
24.373 -30.627 8.93871 -1.14857 2 
26.939 -30.627 8.88421 -1.10650 2 
29.504 -30.627 9.00993 -1.15947 2 
32.070 -30.627 9.08443 -1.06900 2 
34.636 -30.627 8.97932 -1.11652 2 
37.201 -30.627 9.16363 -0.92399 2 
39.767 -30.627 9.08422 -0.86444 2 
42.332 -30.627 9.31864 -0.99966 2 
44.898 -30.627 9.28977 -0.66083 2 
47.464 -30.627 9.29109 -0.64736 2 
50.029 -30.627 9.35058 -0.71373 2 
52.595 -30.627 9.47299 -0.48677 2 
55.160 -30.627 9.54151 -0.31492 2 
57.726 -30.627 9.43504 -0.49639 2 
60.292 -30.627 9.53249 -0.38043 2 
62.857 -30.627 9.54497 -0.37280 2 
65.423 -30.627 9.53034 -0.00197 2 
67.988 -30.627 9.60491 0.09706 2 
70.554 -30.627 9.64256 0.02595 2 
73.120 -30.627 9.72011 0.18336 2 
75.685 -30.627 9.59714 0.19569 2 
78.251 -30.627 9.78106 0.43844 2 
80.816 -30.627 9.46827 0.43927 2 
83.382 -30.627 9.64131 0.69401 2 
85.948 -30.627 9.49309 0.73990 2 
88.513 -30.627 9.35980 0.69170 2 
91.079 -30.627 9.41737 0.77634 2 
93.644 -30.627 9.31618 1.13008 2 
96.210 -30.627 9.12618 1.03731 2 
98.776 -30.627 9.05591 1.04351 2 
101.341 -30.627 8.85020 1.23108 2 
103.907 -30.627 8.72310 1.03186 2 
106.472 -30.627 8.89928 1.06461 2 
109.038 -30.627 8.63190 1.23430 2 
111.603 -30.627 8.53687 0.89840 2 
114.169 -30.627 8.44904 1.18341 2 
116.735 -30.627 8.92743 0.87565 2 
119.300 -30.627 0.00000 -0.00000 0 
-8.980 -33.192 7.86808 -0.90822 2 
-6.414 -33.192 7.77860 -1.01979 2 
-3.848 -33.192 7.85995 -1.05748 2 
-1.283 -33.192 7.98990 -0.99204 2 
1.283 -33.192 8.05478 -0.97525 2 
3.848 -33.192 8.01948 -1.10523 2 
6.414 -33.192 8.06310 -1.04572 2 
8.980 -33.192 8.42573 -1.21295 2 
11.545 -33.192 8.31148 -1.17370 2 
14.111 -33.192 8.57343 -1.26763 2 
16.676 -33.192 8.49696 -1.12430 2 
19.242 -33.192 8.64816 -1.09808 2 
21.808 -33.192 8.73489 -1.45400 2 
24.373 -33.192 8.78436 -1.05819 2 
26.939 -33.192 8.74103 -1.10010 2 
29.504 -33.192 9.11856 -1.08298 2 
32.070 -33.192 8.95961 -0.83805 2 
34.636 -33.192 9.14369 -0.97781 2 
37.201 -33.192 9.12681 -0.82908 2 
39.767 -33.192 9.28501 -0.77757 2 
42.332 -33.192 9.20623 -0.83126 2 
44.898 -33.192 9.25097 -0.80558 2 
47.464 -33.192 9.21967 -0.59874 2 
50.029 -33.192 9.38380 -0.68671 2 
52.595 -33.192 9.33337 -0.55031 2 
55.160 -33.192 9.46624 -0.53778 2 
57.726 -33.192 9.37820 -0.28285 2 
60.292 -33.192 9.56277 -0.32443 2 
62.857 -33.192 9.55804 -0.18903 2 
65.423 -33.192 9.35100 -0.30673 2 
67.988 -33.192 9.54185 -0.10965 2 
70.554 -33.192 9.51369 0.01674 2 
73.120 -33.192 9.60018 0.12875 2 
75.685 -33.192 9.48500 0.27365 2 
78.251 -33.192 9.67013 0.39434 2 
80.816 -33.192 9.34189 0.55250 2 
83.382 -33.192 9.53650 0.69725 2 
85.948 -33.192 9.57959 0.60250 2 
88.513 -33.192 9.10775 0.89538 2 
91.079 -33.192 9.34361 0.87251 2 
93.644 -33.192 9.11230 0.67892 2 
96.210 -33.192 8.98410 0.92916 2 
98.776 -33.192 8.98557 0.96708 2 
101.341 -33.192 8.76754 1.03877 2 
103.907 -33.192 8.86851 1.02750 2 
106.472 -33.192 8.63599 1.07288 2 
109.038 -33.192 8.69358 0.95739 2 
111.603 -33.192 8.67143 0.87568 2 
114.169 -33.192 8.54414 0.74858 2 
116.735 -33.192 8.71968 0.99727 2 
119.300 -33.192 0.00000 -0.00000 0 
-8.980 -35.758 7.83544 -0.80953 2 
-6.414 -35.758 7.76071 -0.94250 2 
-3.848 -35.758 7.85369 -0.95764 2 
-1.283 -35.758 7.89177 -0.94117 2 
1.283 -35.758 8.06124 -0.95313 2 
3.848 -35.758 8.23117 -0.98474 2 
6.414 -35.758 8.13212 -1.00203 2 
8.980 -35.758 8.34679 -1.07387 2 
11.545 -35.758 8.51429 -1.11788 2 
14.111 -35.758 8.39953 -1.05871 2 
16.676 -35.758 8.68837 -1.14252 2 
19.242 -35.758 8.72338 -1.10533 2 
21.808 -35.758 8.81957 -0.99634 2 
24.373 -35.758 8.61833 -1.00245 2 
26.939 -35.758 8.74921 -0.99969 2 
29.504 -35.758 8.93108 -0.93695 2 
32.070 -35.758 8.94509 -1.01904 2 
34.636 -35.758 8.92542 -0.83149 2 
37.201 -35.758 9.02595 -0.81411 2 
39.767 -35.758 9.11774 -0.96156 2 
42.332 -35.758 9.14838 -0.72840 2 
44.898 -35.758 9.29340 -0.72736 2 
47.464 -35.758 9.13745 -0.58129 2 
50.029 -35.758 9.22871 -0.79164 2 
52.595 -35.758 9.25003 -0.41966 2 
55.160 -35.758 9.31616 -0.42076 2 
57.726 -35.758 9.36039 -0.33066 2 
60.292 -35.758 9.35783 -0.31057 2 
62.857 -35.758 9.38953 -0.17899 2 
65.423 -35.758 9.48971 -0.31761 2 
67.988 -35.758 9.63197 0.00976 2 
70.554 -35.758 9.43215 0.01341 2 
73.120 -35.758 9.39042 0.20463 2 
75.685 -35.758 9.45232 0.04738 2 
78.251 -35.758 9.32553 0.34952 2 
80.816 -35.758 9.26403 0.37889 2 
83.382 -35.758 9.44559 0.65422 2 
85.948 -35.758 9.17846 0.58750 2 
88.513 -35.758 9.32585 0.72397 2 
91.079 -35.758 9.25289 0.74989 2 
93.644 -35.758 9.22221 0.87521 2 
96.210 -35.758 9.07532 0.90166 2 
98.776 -35.758 8.88689 0.89640 2 
101.341 -35.758 8.87720 1.01193 2 
103.907 -35.758 8.87834 0.94117 2 
106.472 -35.758 8.86323 0.99197 2 
109.038 -35.758 8.68239 0.93162 2 
111.603 -35.758 8.56755 1.00002 2 
114.169 -35.758 8.49041 0.98162 2 
116.735 -35.758 8.76066 0.95428 2 
119.300 -35.758 0.00000 -0.00000 0 
-8.980 -38.324 7.94096 -0.78155 2 
-6.414 -38.324 7.91528 -0.86741 2 
-3.848 -38.324 7.82782 -0.93057 2 
-1.283 -38.324 8.16204 -0.95251 2 
1.283 -38.324 8.11631 -1.04235 2 
3.848 -38.324 8.29251 -1.01696 2 
6.414 -38.324 8.35404 -1.01437 2 
8.980 -38.324 8.30613 -1.09233 2 
11.545 -38.324 8.37225 -1.01224 2 
14.111 -38.324 8.50844 -1.05152 2 
16.676 -38.324 8.66564 -1.03520 2 
19.242 -38.324 8.73767 -0.86597 2 
21.808 -38.324 8.77439 -0.93727 2 
24.373 -38.324 8.88986 -0.85460 2 
26.939 -38.324 8.90822 -1.05500 2 
29.504 -38.324 8.82984 -0.94905 2 
32.070 -38.324 8.89340 -0.80710 2 
34.636 -38.324 9.09120 -0.88056 2 
37.201 -38.324 8.98633 -0.69857 2 
39.767 -38.324 8.91037 -0.67159 2 
42.332 -38.324 9.24905 -0.67797 2 
44.898 -38.324 9.10719 -0.68425 2 
47.464 -38.324 9.28149 -0.62394 2 
50.029 -38.324 9.24740 -0.40631 2 
52.595 -38.324 9.01892 -0.41297 2 
55.160 -38.324 9.23366 -0.34751 2 
57.726 -38.324 9.22101 -0.34821 2 
60.292 -38.324 9.22331 -0.40056 2 
62.857 -38.324 9.32336 -0.14613 2 
65.423 -38.324 9.21838 -0.17556 2 
67.988 -38.324 9.43202 -0.04635 2 
70.554 -38.324 9.31382 0.05962 2 
73.120 -38.324 9.44411 0.17858 2 
75.685 -38.324 9.35034 0.36531 2 
78.251 -38.324 9.15520 0.30768 2 
80.816 -38.324 9.50584 0.46362 2 
83.382 -38.324 9.03512 0.78481 2 
85.948 -38.324 9.18158 0.64480 2 
88.513 -38.324 9.21109 0.78030 2 
91.079 -38.324 8.96172 0.65513 2 
93.644 -38.324 8.94878 0.89490 2 
96.210 -38.324 9.01645 0.77940 2 
98.776 -38.324 8.82915 0.73854 2 
101.341 -38.324 8.85181 0.86049 2 
103.907 -38.324 8.83489 0.94131 2 
106.472 -38.324 8.63392 0.84918 2 
109.038 -38.324 8.64504 0.95477 2 
111.603 -38.324 8.58043 0.83631 2 
114.169 -38.324 8.71752 0.81854 2 
116.735 -38.324 8.80163 0.91130 2 
119.300 -38.324 0.00000 -0.00000 0 
-8.980 -40.889 8.05204 -0.88447 2 
-6.414 -40.889 7.89999 -0.78168 2 
-3.848 -40.889 8.10915 -0.87247 2 
-1.283 -40.889 7.94495 -0.77756 2 
1.283 -40.889 8.18265 -0.87556 2 
3.848 -40.889 8.18569 -0.91434 2 
6.414 -40.889 8.29574 -1.02376 2 
8.980 -40.889 8.22714 -1.09181 2 
11.545 -40.889 8.43170 -0.89352 2 
14.111 -40.889 8.48836 -0.98742 2 
16.676 -40.889 8.51325 -0.98898 2 
19.242 -40.889 8.69341 -0.86361 2 
21.808 -40.889 8.73891 -1.08996 2 
24.373 -40.889 8.67472 -0.77340 2 
26.939 -40.889 8.85973 -0.79408 2 
29.504 -40.889 8.81867 -0.96466 2 
32.070 -40.889 8.86616 -0.72172 2 
34.636 -40.889 8.87230 -0.77997 2 
37.201 -40.889 8.97774 -0.74049 2 
39.767 -40.889 9.07343 -0.80097 2 
42.332 -40.889 9.10463 -0.62226 2 
44.898 -40.889 9.05277 -0.67591 2 
47.464 -40.889 9.09021 -0.46869 2 
50.029 -40.889 9.00771 -0.51529 2 
52.595 -40.889 9.25428 -0.46676 2 
55.160 -40.889 9.25113 -0.42223 2 
57.726 -40.889 9.07985 -0.18317 2 
60.292 -40.889 9.28674 -0.12064 2 
62.857 -40.889 9.28462 -0.14228 2 
65.423 -40.889 9.20356 -0.09651 2 
67.988 -40.889 9.20693 0.02945 2 
70.554 -40.889 9.22645 0.17617 2 
73.120 -40.889 9.20285 -0.00073 2 
75.685 -40.889 9.22351 0.30912 2 
78.251 -40.889 9.19907 0.35521 2 
80.816 -40.889 9.22277 0.35823 2 
83.382 -40.889 9.31676 0.40257 2 
85.948 -40.889 9.19363 0.63251 2 
88.513 -40.889 9.13979 0.48265 2 
91.079 -40.889 9.11666 0.74299 2 
93.644 -40.889 8.98226 0.71900 2 
96.210 -40.889 8.90047 0.67387 2 
98.776 -40.889 8.97007 0.86438 2 
101.341 -40.889 8.79514 0.83140 2 
103.907 -40.889 8.62478 0.68476 2 
106.472 -40.889 8.80859 0.90186 2 
109.038 -40.889 8.56085 0.90087 2 
111.603 -40.889 8.62583 0.75927 2 
114.169 -40.889 8.65606 0.98390 2 
116.735 -40.889 8.84261 0.86831 2 
119.300 -40.889 0.00000 -0.00000 0 
-8.980 -43.455 7.99664 -0.78106 2 
-6.414 -43.455 8.03276 -0.81714 2 
-3.848 -43.455 8.11607 -0.80968 2 
-1.283 -43.455 8.04337 -0.80502 2 
1.283 -43.455 8.15735 -0.82059 2 
3.848 -43.455 8.20040 -0.90331 2 
6.414 -43.455 8.39429 -0.88091 2 
8.980 -43.455 8.36354 -0.82929 2 
11.545 -43.455 8.31107 -0.97317 2 
14.111 -43.455 8.54143 -0.83365 2 
16.676 -43.455 8.45064 -0.82514 2 
19.242 -43.455 8.64997 -0.94426 2 
21.808 -43.455 8.59313 -0.88222 2 
24.373 -43.455 8.83801 -0.82814 2 
26.939 -43.455 8.80669 -0.68554 2 
29.504 -43.455 8.75803 -0.85059 2 
32.070 -43.455 8.85942 -0.76244 2 
34.636 -43.455 8.91932 -0.68555 2 
37.201 -43.455 8.90789 -0.67541 2 
39.767 -43.455 8.80503 -0.62175 2 
42.332 -43.455 8.99606 -0.73236 2 
44.898 -43.455 9.00374 -0.61156 2 
47.464 -43.455 8.98005 -0.58587 2 
50.029 -43.455 9.00490 -0.55427 2 
52.595 -43.455 9.24078 -0.53582 2 
55.160 -43.455 8.87493 -0.36846 2 
57.726 -43.455 9.30668 -0.41755 2 
60.292 -43.455 9.24934 -0.43120 2 
62.857 -43.455 9.15330 -0.12951 2 
65.423 -43.455 9.12443 -0.03929 2 
67.988 -43.455 9.20414 0.09882 2 
70.554 -43.455 9.27161 0.03625 2 
73.120 -43.455 9.09172 0.24100 2 
75.685 -43.455 9.12680 0.13806 2 
78.251 -43.455 9.23997 0.39183 2 
80.816 -43.455 9.10191 0.45921 2 
83.382 -43.455 9.12684 0.37978 2 
85.948 -43.455 9.01122 0.61178 2 
88.513 -43.455 9.03146 0.47531 2 
91.079 -43.455 9.07445 0.67753 2 
93.644 -43.455 8.92855 0.62982 2 
96.210 -43.455 8.90558 0.82777 2 
98.776 -43.455 8.81933 0.69575 2 
101.341 -43.455 8.73810 0.66763 2 
103.907 -43.455 8.82502 0.83613 2 
106.472 -43.455 8.74893 0.90373 2 
109.038 -43.455 8.72129 0.76172 2 
111.603 -43.455 8.66082 0.72082 2 
114.169 -43.455 8.57308 0.78544 2 
116.735 -43.455 8.73831 0.88598 2 
119.300 -43.455 0.00000 -0.00000 0 
-8.980 -46.020 7.99728 -0.72046 2 
-6.414 -46.020 8.04665 -0.79632 2 
-3.848 -46.020 7.99972 -0.79506 2 
-1.283 -46.020 8.06369 -0.80719 2 
1.283 -46.020 8.22276 -0.80679 2 
3.848 -46.020 8.11653 -0.87913 2 
6.414 -46.020 8.33436 -0.84049 2 
8.980 -46.020 8.42354 -0.78041 2 
11.545 -46.020 8.36388 -0.84629 2 
14.111 -46.020 8.47982 -0.82553 2 
16.676 -46.020 8.58217 -0.86282 2 
19.242 -46.020 8.64312 -0.64196 2 
21.808 -46.020 8.62844 -0.89769 2 
24.373 -46.020 8.67872 -0.82228 2 
26.939 -46.020 8.77550 -0.77784 2 
29.504 -46.020 8.72721 -0.74180 2 
32.070 -46.020 8.81474 -0.80939 2 
34.636 -46.020 8.87008 -0.76222 2 
37.201 -46.020 8.84362 -0.79274 2 
39.767 -46.020 8.99593 -0.54243 2 
42.332 -46.020 8.88511 -0.46048 2 
44.898 -46.020 8.81871 -0.60930 2 
47.464 -46.020 9.06178 -0.51741 2 
50.029 -46.020 8.91425 -0.56275 2 
52.595 -46.020 9.02096 -0.40139 2 
55.160 -46.020 9.12201 -0.39700 2 
57.726 -46.020 9.03988 -0.11446 2 
60.292 -46.020 8.94503 -0.27200 2 
62.857 -46.020 9.09176 -0.25413 2 
65.423 -46.020 9.16819 0.01905 2 
67.988 -46.020 9.06922 -0.06577 2 
70.554 -46.020 9.09941 0.21487 2 
73.120 -46.020 9.08130 0.05740 2 
75.685 -46.020 9.07590 0.09386 2 
78.251 -46.020 9.03950 0.45176 2 
80.816 -46.020 9.00789 0.30956 2 
83.382 -46.020 9.17583 0.40243 2 
85.948 -46.020 8.98737 0.42910 2 
88.513 -46.020 9.02555 0.48961 2 
91.079 -46.020 9.04639 0.58452 2 
93.644 -46.020 8.87195 0.73357 2 
96.210 -46.020 8.92330 0.74675 2 
98.776 -46.020 8.95631 0.63630 2 
101.341 -46.020 8.82713 0.72111 2 
103.907 -46.020 8.67569 0.74675 2 
106.472 -46.020 8.68175 0.73371 2 
109.038 -46.020 8.68562 0.82855 2 
111.603 -46.020 8.63578 0.86515 2 
114.169 -46.020 8.50383 0.52933 2 
116.735 -46.020 8.83601 0.75038 2 
119.300 -46.020 0.00000 -0.00000 0 
-8.980 -48.586 8.14973 -0.84572 2 
-6.414 -48.586 8.05273 -0.78637 2 
-3.848 -48.586 8.11582 -0.81456 2 
-1.283 -48.586 8.29364 -0.77512 2 
1.283 -48.586 8.21774 -0.73694 2 
3.848 -48.586 8.26391 -0.77670 2 
6.414 -48.586 8.29166 -0.79266 2 
8.980 -48.586 8.50335 -0.84136 2 
11.545 -48.586 8.44093 -0.77793 2 
14.111 -48.586 8.45717 -0.82085 2 
16.676 -48.586 8.66274 -0.72977 2 
19.242 -48.586 8.59848 -0.80808 2 
21.808 -48.586 8.63484 -0.76432 2 
24.373 -48.586 8.76515 -0.81864 2 
26.939 -48.586 8.70828 -0.69228 2 
29.504 -48.586 8.71872 -0.81914 2 
32.070 -48.586 8.76159 -0.58287 2 
34.636 -48.586 8.83527 -0.60111 2 
37.201 -48.586 8.78894 -0.59184 2 
39.767 -48.586 8.80083 -0.76325 2 
42.332 -48.586 8.99684 -0.46617 2 
44.898 -48.586 8.94378 -0.60167 2 
47.464 -48.586 8.98091 -0.56309 2 
50.029 -48.586 8.95204 -0.37554 2 
52.595 -48.586 8.97405 -0.35916 2 
55.160 -48.586 8.96598 -0.13270 2 
57.726 -48.586 9.10187 -0.33388 2 
60.292 -48.586 9.12793 -0.24962 2 
62.857 -48.586 8.93048 -0.18688 2 
65.423 -48.586 9.06463 -0.16585 2 
67.988 -48.586 9.10811 -0.04335 2 
70.554 -48.586 9.23669 0.08373 2 
73.120 -48.586 8.96463 -0.02353 2 
75.685 -48.586 8.98048 0.14653 2 
78.251 -48.586 9.10376 0.42859 2 
80.816 -48.586 8.95927 0.21362 2 
83.382 -48.586 8.99844 0.46351 2 
85.948 -48.586 9.01811 0.48882 2 
88.513 -48.586 9.03371 0.42695 2 
91.079 -48.586 8.81030 0.58065 2 
93.644 -48.586 8.95059 0.60129 2 
96.210 -48.586 8.92421 0.69933 2 
98.776 -48.586 8.75758 0.67954 2 
101.341 -48.586 8.70440 0.64097 2 
103.907 -48.586 8.79144 0.65206 2 
106.472 -48.586 8.71560 0.66616 2 
109.038 -48.586 8.69161 0.71850 2 
111.603 -48.586 8.66920 0.60793 2 
114.169 -48.586 8.46247 0.85130 2 
116.735 -48.586 8.93371 0.61478 2 
119.300 -48.586 0.00000 -0.00000 0 
-8.980 -51.152 8.13097 -0.76538 2 
-6.414 -51.152 8.07004 -0.69131 2 
-3.848 -51.152 8.12341 -0.77152 2 
-1.283 -51.152 8.08056 -0.66255 2 
1.283 -51.152 8.20410 -0.75887 2 
3.848 -51.152 8.14795 -0.83969 2 
6.414 -51.152 8.15117 -0.80757 2 
8.980 -51.152 8.26670 -0.72230 2 
11.545 -51.152 8.48020 -0.86054 2 
14.111 -51.152 8.46837 -0.72915 2 
16.676 -51.152 8.47450 -0.74756 2 
19.242 -51.152 8.61436 -0.73469 2 
21.808 -51.152 8.67685 -0.83503 2 
24.373 -51.152 8.59533 -0.62883 2 
26.939 -51.152 8.71553 -0.69140 2 
29.504 -51.152 8.57138 -0.65442 2 
32.070 -51.152 8.72127 -0.54138 2 
34.636 -51.152 8.83810 -0.71142 2 
37.201 -51.152 8.76313 -0.57936 2 
39.767 -51.152 8.88576 -0.39584 2 
42.332 -51.152 8.89714 -0.52968 2 
44.898 -51.152 8.74911 -0.55109 2 
47.464 -51.152 8.95270 -0.35871 2 
50.029 -51.152 9.00099 -0.54424 2 
52.595 -51.152 8.93600 -0.25547 2 
55.160 -51.152 8.98568 -0.40840 2 
57.726 -51.152 8.92573 -0.27751 2 
60.292 -51.152 8.87680 -0.04011 2 
62.857 -51.152 9.15154 -0.13847 2 
65.423 -51.152 8.94008 -0.10015 2 
67.988 -51.152 8.98317 -0.01835 2 
70.554 -51.152 8.96686 0.25078 2 
73.120 -51.152 8.95216 0.16558 2 
75.685 -51.152 8.95355 0.27314 2 
78.251 -51.152 9.02133 0.29078 2 
80.816 -51.152 8.91493 0.40326 2 
83.382 -51.152 8.78792 0.26260 2 
85.948 -51.152 9.07186 0.36954 2 
88.513 -51.152 8.83363 0.59832 2 
91.079 -51.152 8.93262 0.49476 2 
93.644 -51.152 8.90555 0.41971 2 
96.210 -51.152 8.72252 0.56980 2 
98.776 -51.152 8.62692 0.58728 2 
101.341 -51.152 8.77375 0.61697 2 
103.907 -51.152 8.79773 0.60732 2 
106.472 -51.152 8.57607 0.66949 2 
109.038 -51.152 8.65892 0.53345 2 
111.603 -51.152 8.63972 0.65789 2 
114.169 -51.152 8.47071 0.51904 2 
116.735 -51.152 8.73859 0.85202 2 
119.300 -51.152 0.00000 -0.00000 0 
-8.980 -53.717 8.20780 -0.69553 2 
-6.414 -53.717 8.26968 -0.73305 2 
-3.848 -53.717 8.13674 -0.61424 2 
-1.283 -53.717 8.17159 -0.85544 2 
1.283 -53.717 8.44241 -0.82885 2 
3.848 -53.717 8.19719 -0.76000 2 
6.414 -53.717 8.32099 -0.77036 2 
8.980 -53.717 8.28770 -0.83016 2 
11.545 -53.717 8.46696 -0.79575 2 
14.111 -53.717 8.45528 -0.79366 2 
16.676 -53.717 8.44479 -0.64723 2 
19.242 -53.717 8.63901 -0.85201 2 
21.808 -53.717 8.58378 -0.76734 2 
24.373 -53.717 8.61394 -0.83895 2 
26.939 -53.717 8.71748 -0.68135 2 
29.504 -53.717 8.84356 -0.77671 2 
32.070 -53.717 8.77067 -0.75358 2 
34.636 -53.717 8.80818 -0.49600 2 
37.201 -53.717 8.76389 -0.63659 2 
39.767 -53.717 8.64120 -0.54232 2 
42.332 -53.717 8.74582 -0.57650 2 
44.898 -53.717 8.88868 -0.53604 2 
47.464 -53.717 8.91878 -0.49170 2 
50.029 -53.717 8.95025 -0.49466 2 
52.595 -53.717 8.96074 -0.27376 2 
55.160 -53.717 8.94896 -0.31392 2 
57.726 -53.717 8.86339 -0.36040 2 
60.292 -53.717 8.86341 -0.21460 2 
62.857 -53.717 8.89823 -0.23208 2 
65.423 -53.717 9.00339 -0.05804 2 
67.988 -53.717 8.97481 0.06388 2 
70.554 -53.717 8.91693 0.10741 2 
73.120 -53.717 9.05276 0.15613 2 
75.685 -53.717 8.91461 0.25408 2 
78.251 -53.717 8.95073 0.24222 2 
80.816 -53.717 9.03629 0.43907 2 
83.382 -53.717 8.83914 0.43935 2 
85.948 -53.717 8.93392 0.33385 2 
88.513 -53.717 8.91212 0.58313 2 
91.079 -53.717 8.74786 0.58104 2 
93.644 -53.717 8.87628 0.63004 2 
96.210 -53.717 8.85227 0.65919 2 
98.776 -53.717 8.78352 0.77276 2 
101.341 -53.717 8.82062 0.68496 2 
103.907 -53.717 8.85184 0.67630 2 
106.472 -53.717 8.67537 0.67248 2 
109.038 -53.717 8.60474 0.85348 2 
111.603 -53.717 8.67482 0.65470 2 
114.169 -53.717 8.61317 0.70682 2 
116.735 -53.717 0.00000 -0.00000 0 
119.300 -53.717 0.00000 -0.00000 0 
-8.980 -56.283 0.00000 -0.00000 0 
-6.414 -56.283 0.00000 -0.00000 0 
-3.848 -56.283 0.00000 -0.00000 0 
-1.283 -56.283 0.00000 -0.00000 0 
1.283 -56.283 0.00000 -0.00000 0 
3.848 -56.283 0.00000 -0.00000 0 
6.414 -56.283 0.00000 -0.00000 0 
8.980 -56.283 0.00000 -0.00000 0 
11.545 -56.283 0.00000 -0.00000 0 
14.111 -56.283 0.00000 -0.00000 0 
16.676 -56.283 0.00000 -0.00000 0 
19.242 -56.283 0.00000 -0.00000 0 
21.808 -56.283 0.00000 -0.00000 0 
24.373 -56.283 0.00000 -0.00000 0 
26.939 -56.283 0.00000 -0.00000 0 
29.504 -56.283 0.00000 -0.00000 0 
32.070 -56.283 0.00000 -0.00000 0 
34.636 -56.283 8.71561 -0.18363 2 
37.201 -56.283 8.76052 -0.18720 2 
39.767 -56.283 8.80542 -0.19077 2 
42.332 -56.283 8.85032 -0.19434 2 
44.898 -56.283 8.82793 -0.18848 2 
47.464 -56.283 8.80555 -0.18261 2 
50.029 -56.283 8.78316 -0.17675 2 
52.595 -56.283 8.95113 -0.23965 2 
55.160 -56.283 8.94630 -0.15372 2 
57.726 -56.283 8.80034 -0.17120 2 
60.292 -56.283 8.99733 -0.18272 2 
62.857 -56.283 8.80084 -0.09338 2 
65.423 -56.283 8.87253 -0.18568 2 
67.988 -56.283 8.93227 -0.15113 2 
70.554 -56.283 8.89609 -0.11859 2 
73.120 -56.283 8.88831 0.14029 2 
75.685 -56.283 8.84405 0.22484 2 
78.251 -56.283 8.94579 0.07095 2 
80.816 -56.283 8.95762 0.22982 2 
83.382 -56.283 8.82285 0.25610 2 
85.948 -56.283 8.87595 0.29685 2 
88.513 -56.283 8.79347 0.46324 2 
91.079 -56.283 8.83544 0.36833 2 
93.644 -56.283 8.81352 0.33031 2 
96.210 -56.283 8.79160 0.29229 2 
98.776 -56.283 8.76968 0.25427 2 
101.341 -56.283 8.74776 0.21625 2 
103.907 -56.283 8.72584 0.17823 2 
106.472 -56.283 8.70393 0.14021 2 
109.038 -56.283 8.68201 0.10219 2 
111.603 -56.283 8.66009 0.06417 2 
114.169 -56.283 0.00000 -0.00000 0 
116.735 -56.283 0.00000 -0.00000 0 
119.300 -56.283 0.00000 -0.00000 0 
