TITLE = "B00049"
VARIABLES = "X [mm]", "Y [mm]", "Vx [m/s]", "Vy [m/s]", "Flag"
ZONE T="Frame 1", I=51, J=39, F=POINT
-8.980 41.210 7.15263 0.26923 2 
-6.414 41.210 7.30452 0.26409 2 
-3.848 41.210 7.30130 0.41803 2 
-1.283 41.210 7.15286 0.44601 2 
1.283 41.210 7.77901 0.36979 2 
3.848 41.210 0.00000 -0.00000 0 
6.414 41.210 0.00000 -0.00000 0 
8.980 41.210 0.00000 -0.00000 0 
11.545 41.210 0.00000 -0.00000 0 
14.111 41.210 0.00000 -0.00000 0 
16.676 41.210 0.00000 -0.00000 0 
19.242 41.210 3.85953 0.38128 2 
21.808 41.210 7.71906 0.76255 2 
24.373 41.210 7.41473 0.75323 2 
26.939 41.210 7.50403 0.77140 2 
29.504 41.210 7.49534 0.60439 2 
32.070 41.210 7.59070 0.92957 2 
34.636 41.210 7.72789 0.84655 2 
37.201 41.210 7.52061 0.74179 2 
39.767 41.210 7.72745 0.84531 2 
42.332 41.210 7.88357 0.86663 2 
44.898 41.210 7.80024 0.70706 2 
47.464 41.210 7.98958 0.99399 2 
50.029 41.210 7.95468 0.79031 2 
52.595 41.210 7.99294 1.01976 2 
55.160 41.210 8.10956 0.75256 2 
57.726 41.210 8.02685 0.62634 2 
60.292 41.210 8.31239 0.76421 2 
62.857 41.210 8.26641 0.70144 2 
65.423 41.210 8.20168 0.73003 2 
67.988 41.210 8.28404 0.71856 2 
70.554 41.210 8.26683 0.68333 2 
73.120 41.210 8.37406 0.70813 2 
75.685 41.210 8.48128 0.73294 2 
78.251 41.210 8.52220 0.48408 2 
80.816 41.210 0.00000 0.00000 0 
83.382 41.210 8.56078 0.40818 2 
85.948 41.210 8.63003 0.40809 2 
88.513 41.210 8.60672 0.17615 2 
91.079 41.210 8.61200 0.15000 2 
93.644 41.210 8.68571 0.04952 2 
96.210 41.210 8.62636 0.04217 2 
98.776 41.210 8.58970 0.20678 2 
101.341 41.210 8.61326 -0.05463 2 
103.907 41.210 8.43388 -0.15660 2 
106.472 41.210 8.51629 0.11420 2 
109.038 41.210 8.48058 0.08856 2 
111.603 41.210 8.44487 0.06292 2 
114.169 41.210 8.47380 0.12639 2 
116.735 41.210 8.64719 -0.38064 2 
119.300 41.210 0.00000 -0.00000 0 
-8.980 38.644 7.26257 0.33039 2 
-6.414 38.644 7.30354 0.37994 2 
-3.848 38.644 7.06622 0.38271 2 
-1.283 38.644 7.22170 0.35050 2 
1.283 38.644 7.38245 0.48109 2 
3.848 38.644 0.00000 -0.00000 0 
6.414 38.644 0.00000 -0.00000 0 
8.980 38.644 0.00000 -0.00000 0 
11.545 38.644 0.00000 -0.00000 0 
14.111 38.644 0.00000 -0.00000 0 
16.676 38.644 0.00000 -0.00000 0 
19.242 38.644 1.40830 -0.43954 2 
21.808 38.644 7.96071 0.99197 2 
24.373 38.644 7.36549 0.86779 2 
26.939 38.644 7.34303 0.65269 2 
29.504 38.644 7.58608 0.83196 2 
32.070 38.644 7.56871 1.00525 2 
34.636 38.644 7.52637 0.83385 2 
37.201 38.644 7.67550 0.94831 2 
39.767 38.644 7.73770 0.89142 2 
42.332 38.644 7.72408 0.84965 2 
44.898 38.644 7.82596 0.94632 2 
47.464 38.644 7.93696 0.77722 2 
50.029 38.644 8.21219 0.93619 2 
52.595 38.644 8.10698 0.94513 2 
55.160 38.644 8.12102 0.84551 2 
57.726 38.644 8.02538 0.84948 2 
60.292 38.644 8.15350 0.90824 2 
62.857 38.644 8.17455 0.95755 2 
65.423 38.644 8.53037 0.71414 2 
67.988 38.644 8.48761 0.76649 2 
70.554 38.644 8.27147 0.77269 2 
73.120 38.644 8.55818 0.48596 2 
75.685 38.644 8.56862 0.78322 2 
78.251 38.644 8.53998 0.25943 2 
80.816 38.644 0.00000 0.00000 0 
83.382 38.644 8.64210 0.37008 2 
85.948 38.644 8.77842 0.48187 2 
88.513 38.644 8.64829 0.54067 2 
91.079 38.644 8.84620 0.32060 2 
93.644 38.644 8.63841 0.26175 2 
96.210 38.644 8.67677 0.26804 2 
98.776 38.644 8.61934 0.16295 2 
101.341 38.644 8.47407 -0.28076 2 
103.907 38.644 8.45947 -0.28339 2 
106.472 38.644 8.41253 -0.15624 2 
109.038 38.644 8.37012 -0.18393 2 
111.603 38.644 8.47078 -0.17206 2 
114.169 38.644 8.36362 -0.21243 2 
116.735 38.644 8.64240 -0.28898 2 
119.300 38.644 0.00000 -0.00000 0 
-8.980 36.079 7.05570 0.40652 2 
-6.414 36.079 7.18737 0.46138 2 
-3.848 36.079 7.22712 0.37244 2 
-1.283 36.079 7.21337 0.39988 2 
1.283 36.079 7.67803 0.55349 2 
3.848 36.079 0.00000 -0.00000 0 
6.414 36.079 0.00000 -0.00000 0 
8.980 36.079 0.00000 -0.00000 0 
11.545 36.079 0.00000 -0.00000 0 
14.111 36.079 0.00000 -0.00000 0 
16.676 36.079 0.00000 -0.00000 0 
19.242 36.079 3.94377 0.36413 2 
21.808 36.079 7.88755 0.72826 2 
24.373 36.079 7.29557 0.97623 2 
26.939 36.079 7.47293 0.88240 2 
29.504 36.079 7.49058 0.80944 2 
32.070 36.079 7.37263 0.99641 2 
34.636 36.079 7.78333 0.79193 2 
37.201 36.079 7.62351 0.87850 2 
39.767 36.079 7.80495 0.91428 2 
42.332 36.079 7.48841 1.01697 2 
44.898 36.079 7.79624 1.01551 2 
47.464 36.079 7.94423 0.95459 2 
50.029 36.079 7.99561 0.97379 2 
52.595 36.079 7.87969 0.87822 2 
55.160 36.079 8.21426 0.84840 2 
57.726 36.079 8.27536 0.90974 2 
60.292 36.079 8.24020 0.73702 2 
62.857 36.079 8.40769 0.91129 2 
65.423 36.079 8.35845 0.97900 2 
67.988 36.079 8.50838 0.84220 2 
70.554 36.079 8.51913 0.75433 2 
73.120 36.079 8.42177 0.75799 2 
75.685 36.079 8.69848 0.61756 2 
78.251 36.079 8.42346 0.73533 2 
80.816 36.079 0.00000 0.00000 0 
83.382 36.079 8.53622 0.35311 2 
85.948 36.079 8.83310 0.36740 2 
88.513 36.079 8.76473 0.35672 2 
91.079 36.079 8.73552 0.30196 2 
93.644 36.079 8.59349 0.23558 2 
96.210 36.079 8.57064 -0.09133 2 
98.776 36.079 8.76403 -0.17917 2 
101.341 36.079 8.72692 0.00387 2 
103.907 36.079 8.53540 -0.03109 2 
106.472 36.079 8.34672 -0.09571 2 
109.038 36.079 8.53825 -0.09410 2 
111.603 36.079 8.49974 -0.13310 2 
114.169 36.079 8.49552 -0.10556 2 
116.735 36.079 8.63762 -0.19731 2 
119.300 36.079 0.00000 -0.00000 0 
-8.980 33.513 7.14845 0.29107 2 
-6.414 33.513 7.10702 0.31661 2 
-3.848 33.513 7.22396 0.48440 2 
-1.283 33.513 7.11787 0.41015 2 
1.283 33.513 7.52841 0.55105 2 
3.848 33.513 0.00000 -0.00000 0 
6.414 33.513 0.00000 -0.00000 0 
8.980 33.513 0.00000 -0.00000 0 
11.545 33.513 0.00000 -0.00000 0 
14.111 33.513 0.00000 -0.00000 0 
16.676 33.513 0.00000 -0.00000 0 
19.242 33.513 3.79452 0.41323 2 
21.808 33.513 7.58904 0.82647 2 
24.373 33.513 7.37221 0.96205 2 
26.939 33.513 7.39597 0.88198 2 
29.504 33.513 7.49918 0.83076 2 
32.070 33.513 7.44550 1.04288 2 
34.636 33.513 7.58261 0.99556 2 
37.201 33.513 7.62352 1.02755 2 
39.767 33.513 7.61046 0.91022 2 
42.332 33.513 7.64154 1.23708 2 
44.898 33.513 7.91793 0.93177 2 
47.464 33.513 7.87135 0.94819 2 
50.029 33.513 8.00173 0.84510 2 
52.595 33.513 8.16077 0.94670 2 
55.160 33.513 8.09885 0.92460 2 
57.726 33.513 8.02059 0.90615 2 
60.292 33.513 8.32839 0.96624 2 
62.857 33.513 8.15960 0.87142 2 
65.423 33.513 8.41092 0.88265 2 
67.988 33.513 8.38773 0.82779 2 
70.554 33.513 8.50812 0.78205 2 
73.120 33.513 8.72999 0.79415 2 
75.685 33.513 8.34947 0.67007 2 
78.251 33.513 8.76481 0.69470 2 
80.816 33.513 0.00000 0.00000 0 
83.382 33.513 8.60849 0.49450 2 
85.948 33.513 8.59494 0.44763 2 
88.513 33.513 8.87914 0.53179 2 
91.079 33.513 8.90060 0.07249 2 
93.644 33.513 8.74292 0.23970 2 
96.210 33.513 8.85723 -0.03789 2 
98.776 33.513 8.65560 -0.04289 2 
101.341 33.513 8.60052 -0.39879 2 
103.907 33.513 8.74067 -0.14280 2 
106.472 33.513 8.67048 -0.21153 2 
109.038 33.513 8.43894 -0.31136 2 
111.603 33.513 8.25624 -0.09639 2 
114.169 33.513 8.40085 -0.07234 2 
116.735 33.513 8.56063 -0.00457 2 
119.300 33.513 0.00000 -0.00000 0 
-8.980 30.948 7.02755 0.31930 2 
-6.414 30.948 7.18321 0.28084 2 
-3.848 30.948 7.15132 0.25962 2 
-1.283 30.948 7.14126 0.56490 2 
1.283 30.948 7.30219 0.64791 2 
3.848 30.948 0.00000 -0.00000 0 
6.414 30.948 0.00000 -0.00000 0 
8.980 30.948 0.00000 -0.00000 0 
11.545 30.948 0.00000 -0.00000 0 
14.111 30.948 0.00000 -0.00000 0 
16.676 30.948 0.00000 -0.00000 0 
19.242 30.948 3.93227 0.52938 2 
21.808 30.948 7.86455 1.05875 2 
24.373 30.948 7.09959 0.96171 2 
26.939 30.948 7.38480 1.04122 2 
29.504 30.948 7.46621 1.00782 2 
32.070 30.948 7.38833 1.15700 2 
34.636 30.948 7.62454 0.96064 2 
37.201 30.948 7.45485 1.06380 2 
39.767 30.948 7.49037 0.98137 2 
42.332 30.948 7.76774 1.03030 2 
44.898 30.948 7.93386 1.19101 2 
47.464 30.948 7.87811 1.13559 2 
50.029 30.948 7.98053 1.02145 2 
52.595 30.948 8.03675 1.02170 2 
55.160 30.948 8.24447 0.90567 2 
57.726 30.948 8.24800 0.96353 2 
60.292 30.948 8.34918 0.98004 2 
62.857 30.948 8.45470 1.08457 2 
65.423 30.948 8.23497 0.95342 2 
67.988 30.948 8.54335 0.78785 2 
70.554 30.948 8.62072 0.77218 2 
73.120 30.948 8.40427 0.93155 2 
75.685 30.948 8.82114 0.75771 2 
78.251 30.948 8.84454 0.72372 2 
80.816 30.948 0.00000 0.00000 0 
83.382 30.948 8.88790 0.43621 2 
85.948 30.948 8.92348 0.40964 2 
88.513 30.948 8.83541 0.32991 2 
91.079 30.948 8.99155 0.42502 2 
93.644 30.948 8.89236 0.24381 2 
96.210 30.948 8.84715 -0.04242 2 
98.776 30.948 8.78490 0.03310 2 
101.341 30.948 8.62797 -0.35783 2 
103.907 30.948 8.51320 -0.49948 2 
106.472 30.948 8.42564 -0.24029 2 
109.038 30.948 8.06754 -0.30582 2 
111.603 30.948 8.32477 -0.05609 2 
114.169 30.948 8.23051 0.11230 2 
116.735 30.948 8.48364 0.18817 2 
119.300 30.948 0.00000 -0.00000 0 
-8.980 28.382 7.12496 0.32665 2 
-6.414 28.382 7.04720 0.26325 2 
-3.848 28.382 7.02770 0.30561 2 
-1.283 28.382 6.99314 0.41764 2 
1.283 28.382 7.51549 0.64171 2 
3.848 28.382 3.57579 0.32031 2 
6.414 28.382 0.00000 -0.00000 0 
8.980 28.382 0.00000 -0.00000 0 
11.545 28.382 0.00000 -0.00000 0 
14.111 28.382 0.00000 -0.00000 0 
16.676 28.382 3.77973 0.57282 2 
19.242 28.382 7.55946 1.14565 2 
21.808 28.382 7.63988 0.92848 2 
24.373 28.382 7.29881 1.04315 2 
26.939 28.382 7.28534 0.89159 2 
29.504 28.382 7.36660 0.94024 2 
32.070 28.382 7.38027 0.92998 2 
34.636 28.382 7.53178 1.22696 2 
37.201 28.382 7.47670 1.01412 2 
39.767 28.382 7.70820 1.33156 2 
42.332 28.382 7.59701 1.14077 2 
44.898 28.382 7.94759 1.18255 2 
47.464 28.382 7.94736 1.10789 2 
50.029 28.382 7.85618 1.25450 2 
52.595 28.382 8.23856 1.09846 2 
55.160 28.382 8.16019 1.17673 2 
57.726 28.382 8.15804 1.05400 2 
60.292 28.382 8.38055 1.09906 2 
62.857 28.382 8.50226 1.14476 2 
65.423 28.382 8.63222 1.00557 2 
67.988 28.382 8.45189 0.99791 2 
70.554 28.382 8.44951 0.91061 2 
73.120 28.382 8.92318 0.98753 2 
75.685 28.382 8.60060 0.81206 2 
78.251 28.382 8.76196 0.74592 2 
80.816 28.382 8.91828 0.70031 2 
83.382 28.382 9.01851 0.56143 2 
85.948 28.382 9.11873 0.42255 2 
88.513 28.382 9.12639 0.15283 2 
91.079 28.382 8.80702 0.27111 2 
93.644 28.382 9.00192 -0.06632 2 
96.210 28.382 8.96701 -0.23027 2 
98.776 28.382 8.93713 -0.29400 2 
101.341 28.382 8.69438 -0.43902 2 
103.907 28.382 8.65762 -0.63411 2 
106.472 28.382 8.22207 -0.51696 2 
109.038 28.382 8.41122 -0.34867 2 
111.603 28.382 8.13751 -0.45291 2 
114.169 28.382 8.13368 -0.00299 2 
116.735 28.382 8.44811 -0.10268 2 
119.300 28.382 0.00000 -0.00000 0 
-8.980 25.816 7.03747 0.26258 2 
-6.414 25.816 7.10404 0.41724 2 
-3.848 25.816 7.01776 0.35712 2 
-1.283 25.816 7.02719 0.37307 2 
1.283 25.816 7.25363 0.56803 2 
3.848 25.816 7.15158 0.64063 2 
6.414 25.816 0.00000 -0.00000 0 
8.980 25.816 0.00000 -0.00000 0 
11.545 25.816 0.00000 -0.00000 0 
14.111 25.816 0.00000 -0.00000 0 
16.676 25.816 4.13318 0.42415 2 
19.242 25.816 8.26635 0.84829 2 
21.808 25.816 7.17950 1.03679 2 
24.373 25.816 7.12110 1.07451 2 
26.939 25.816 7.52440 1.05468 2 
29.504 25.816 7.34858 1.19155 2 
32.070 25.816 7.45597 1.12850 2 
34.636 25.816 7.40501 1.08477 2 
37.201 25.816 7.46418 1.19124 2 
39.767 25.816 7.70054 1.08631 2 
42.332 25.816 7.75776 1.18367 2 
44.898 25.816 7.65261 1.19021 2 
47.464 25.816 8.01660 1.08018 2 
50.029 25.816 7.88458 1.12084 2 
52.595 25.816 8.12050 1.19603 2 
55.160 25.816 8.14394 1.03989 2 
57.726 25.816 8.09528 1.22627 2 
60.292 25.816 8.46239 1.01277 2 
62.857 25.816 8.46928 1.10864 2 
65.423 25.816 8.55645 0.90126 2 
67.988 25.816 8.56831 1.03862 2 
70.554 25.816 8.56090 0.94063 2 
73.120 25.816 8.70351 0.82908 2 
75.685 25.816 8.80412 0.95596 2 
78.251 25.816 8.86558 0.68834 2 
80.816 25.816 8.90459 0.74459 2 
83.382 25.816 0.00000 0.00000 0 
85.948 25.816 8.92263 0.60020 2 
88.513 25.816 9.11777 0.43918 2 
91.079 25.816 9.27937 0.17819 2 
93.644 25.816 9.20999 0.04858 2 
96.210 25.816 9.17615 -0.36930 2 
98.776 25.816 9.03088 -0.48973 2 
101.341 25.816 8.70143 -0.68509 2 
103.907 25.816 8.53768 -0.76420 2 
106.472 25.816 8.42940 -0.70202 2 
109.038 25.816 8.09483 -0.48111 2 
111.603 25.816 7.69337 -0.30740 2 
114.169 25.816 7.99900 0.00724 2 
116.735 25.816 8.27622 0.36464 2 
119.300 25.816 0.00000 -0.00000 0 
-8.980 23.251 7.03542 0.12426 2 
-6.414 23.251 6.95769 0.21481 2 
-3.848 23.251 6.93623 0.27567 2 
-1.283 23.251 6.92227 0.34609 2 
1.283 23.251 7.11031 0.48780 2 
3.848 23.251 7.29055 0.62633 2 
6.414 23.251 0.00000 -0.00000 0 
8.980 23.251 0.00000 -0.00000 0 
11.545 23.251 0.00000 -0.00000 0 
14.111 23.251 0.00000 -0.00000 0 
16.676 23.251 3.84266 0.56123 2 
19.242 23.251 7.68533 1.12246 2 
21.808 23.251 7.07779 1.01993 2 
24.373 23.251 7.23622 1.01707 2 
26.939 23.251 7.15052 0.99368 2 
29.504 23.251 7.36254 1.24778 2 
32.070 23.251 7.34825 1.13766 2 
34.636 23.251 7.48123 1.33367 2 
37.201 23.251 7.55472 1.25076 2 
39.767 23.251 7.77406 1.09916 2 
42.332 23.251 7.86566 1.40172 2 
44.898 23.251 7.80162 1.22397 2 
47.464 23.251 7.83448 1.16019 2 
50.029 23.251 8.13957 1.31343 2 
52.595 23.251 8.01720 1.44669 2 
55.160 23.251 8.23959 1.40275 2 
57.726 23.251 8.33953 1.15272 2 
60.292 23.251 8.32092 1.08956 2 
62.857 23.251 8.31752 1.18162 2 
65.423 23.251 8.64971 1.33261 2 
67.988 23.251 8.51455 1.08734 2 
70.554 23.251 8.49770 1.04654 2 
73.120 23.251 8.85871 1.10006 2 
75.685 23.251 8.92679 1.03687 2 
78.251 23.251 8.93964 0.71435 2 
80.816 23.251 9.12344 0.93566 2 
83.382 23.251 0.00000 0.00000 0 
85.948 23.251 9.78939 0.74229 2 
88.513 23.251 6.89765 0.46676 2 
91.079 23.251 9.48066 0.34753 2 
93.644 23.251 9.63460 -0.09665 2 
96.210 23.251 9.44737 -0.38284 2 
98.776 23.251 9.34155 -1.06300 2 
101.341 23.251 8.94197 -0.83776 2 
103.907 23.251 8.43178 -1.02396 2 
106.472 23.251 7.83080 -1.06701 2 
109.038 23.251 7.82664 -0.68826 2 
111.603 23.251 7.51229 -0.48419 2 
114.169 23.251 7.34281 -0.26807 2 
116.735 23.251 7.82689 0.52170 2 
119.300 23.251 0.00000 -0.00000 0 
-8.980 20.685 6.88534 0.31547 2 
-6.414 20.685 6.88310 0.11248 2 
-3.848 20.685 7.00099 0.18907 2 
-1.283 20.685 6.85382 0.27895 2 
1.283 20.685 6.79552 0.45054 2 
3.848 20.685 6.93295 0.61066 2 
6.414 20.685 0.00000 -0.00000 0 
8.980 20.685 0.00000 -0.00000 0 
11.545 20.685 0.00000 -0.00000 0 
14.111 20.685 0.00000 -0.00000 0 
16.676 20.685 3.83143 0.50965 2 
19.242 20.685 7.66287 1.01931 2 
21.808 20.685 7.02181 1.20843 2 
24.373 20.685 7.16250 1.22553 2 
26.939 20.685 7.17105 1.29862 2 
29.504 20.685 7.19831 1.21098 2 
32.070 20.685 7.55722 1.26295 2 
34.636 20.685 7.37529 1.18111 2 
37.201 20.685 7.64091 1.42738 2 
39.767 20.685 7.65050 1.35212 2 
42.332 20.685 7.75680 1.27747 2 
44.898 20.685 7.87878 1.41536 2 
47.464 20.685 7.87155 1.39499 2 
50.029 20.685 8.07072 1.30166 2 
52.595 20.685 8.12992 1.38281 2 
55.160 20.685 8.29110 1.28305 2 
57.726 20.685 8.28541 1.05803 2 
60.292 20.685 8.42372 1.25618 2 
62.857 20.685 8.69089 1.04689 2 
65.423 20.685 8.50956 1.49524 2 
67.988 20.685 4.25727 0.54367 2 
70.554 20.685 9.35826 1.07929 2 
73.120 20.685 8.90846 1.26713 2 
75.685 20.685 9.17823 0.95624 2 
78.251 20.685 4.46982 0.35717 2 
80.816 20.685 9.72285 0.67809 2 
83.382 20.685 0.00000 0.00000 0 
85.948 20.685 0.00000 0.00000 0 
88.513 20.685 0.00000 0.00000 0 
91.079 20.685 10.49045 0.29399 2 
93.644 20.685 10.49774 -0.43870 2 
96.210 20.685 10.07857 -0.60717 2 
98.776 20.685 9.58625 -1.17207 2 
101.341 20.685 9.26506 -1.68757 2 
103.907 20.685 8.56734 -1.88030 2 
106.472 20.685 7.80881 -1.56496 2 
109.038 20.685 7.55311 -1.15848 2 
111.603 20.685 7.31581 -0.77944 2 
114.169 20.685 7.04726 -0.39086 2 
116.735 20.685 7.77472 -0.35041 2 
119.300 20.685 0.00000 -0.00000 0 
-8.980 18.120 6.82628 0.04696 2 
-6.414 18.120 6.85587 0.30525 2 
-3.848 18.120 6.70102 0.31303 2 
-1.283 18.120 6.93703 0.36753 2 
1.283 18.120 6.70674 0.55198 2 
3.848 18.120 6.64608 0.47846 2 
6.414 18.120 0.00000 -0.00000 0 
8.980 18.120 0.00000 -0.00000 0 
11.545 18.120 0.00000 -0.00000 0 
14.111 18.120 0.00000 -0.00000 0 
16.676 18.120 3.67788 0.55683 2 
19.242 18.120 7.35575 1.11366 2 
21.808 18.120 7.16007 1.15357 2 
24.373 18.120 6.96100 1.30190 2 
26.939 18.120 7.21817 1.27692 2 
29.504 18.120 7.31338 1.31935 2 
32.070 18.120 7.36076 1.36354 2 
34.636 18.120 7.39635 1.49995 2 
37.201 18.120 7.74860 1.45055 2 
39.767 18.120 7.48476 1.43004 2 
42.332 18.120 7.79939 1.35849 2 
44.898 18.120 7.75522 1.56317 2 
47.464 18.120 8.07832 1.37024 2 
50.029 18.120 8.01812 1.43474 2 
52.595 18.120 8.27235 1.40155 2 
55.160 18.120 8.33245 1.36398 2 
57.726 18.120 8.46227 1.36969 2 
60.292 18.120 8.55145 1.42886 2 
62.857 18.120 8.60958 1.36101 2 
65.423 18.120 4.25478 0.74762 2 
67.988 18.120 0.00000 -0.00000 0 
70.554 18.120 0.00000 -0.00000 0 
73.120 18.120 0.00000 -0.00000 0 
75.685 18.120 0.00000 -0.00000 0 
78.251 18.120 0.00000 -0.00000 0 
80.816 18.120 0.00000 -0.00000 0 
83.382 18.120 0.00000 0.00000 0 
85.948 18.120 2.60320 0.60890 2 
88.513 18.120 2.51171 0.72558 2 
91.079 18.120 6.35157 0.29583 2 
93.644 18.120 11.92138 0.54135 2 
96.210 18.120 10.86187 -0.70107 2 
98.776 18.120 10.84694 -1.67464 2 
101.341 18.120 10.20538 -3.02741 2 
103.907 18.120 7.96713 -2.92224 2 
106.472 18.120 7.62076 -2.24816 2 
109.038 18.120 7.67817 -1.40861 2 
111.603 18.120 6.88278 -1.38077 2 
114.169 18.120 6.70801 -0.83436 2 
116.735 18.120 7.31023 -0.67027 2 
119.300 18.120 0.00000 -0.00000 0 
-8.980 15.554 6.93716 0.06059 2 
-6.414 15.554 6.77882 0.12038 2 
-3.848 15.554 6.76064 0.17388 2 
-1.283 15.554 6.74142 0.20232 2 
1.283 15.554 6.61584 0.39225 2 
3.848 15.554 6.56219 0.59113 2 
6.414 15.554 0.00000 -0.00000 0 
8.980 15.554 0.00000 -0.00000 0 
11.545 15.554 0.00000 -0.00000 0 
14.111 15.554 0.00000 -0.00000 0 
16.676 15.554 3.61198 0.68187 2 
19.242 15.554 7.22396 1.36373 2 
21.808 15.554 6.82722 1.30634 2 
24.373 15.554 7.10814 1.37281 2 
26.939 15.554 7.03793 1.43023 2 
29.504 15.554 7.18593 1.56848 2 
32.070 15.554 7.33628 1.48563 2 
34.636 15.554 7.34987 1.70636 2 
37.201 15.554 7.60980 1.46549 2 
39.767 15.554 7.90133 1.68817 2 
42.332 15.554 7.70117 1.75963 2 
44.898 15.554 8.11038 1.44846 2 
47.464 15.554 8.14535 1.72039 2 
50.029 15.554 8.71785 1.58232 2 
52.595 15.554 4.13617 0.70078 2 
55.160 15.554 0.00000 -0.00000 0 
57.726 15.554 0.00000 -0.00000 0 
60.292 15.554 0.00000 -0.00000 0 
62.857 15.554 0.00000 -0.00000 0 
65.423 15.554 0.00000 -0.00000 0 
67.988 15.554 0.00000 -0.00000 0 
70.554 15.554 0.00000 -0.00000 0 
73.120 15.554 0.00000 -0.00000 0 
75.685 15.554 0.00000 -0.00000 0 
78.251 15.554 0.00000 -0.00000 0 
80.816 15.554 -1.71524 -0.43260 2 
83.382 15.554 1.20275 0.22602 2 
85.948 15.554 0.57874 0.78866 2 
88.513 15.554 0.34589 0.95682 2 
91.079 15.554 2.21268 0.29768 2 
93.644 15.554 5.49528 0.74381 2 
96.210 15.554 3.71958 1.70163 2 
98.776 15.554 13.49380 -1.14570 2 
101.341 15.554 8.80761 -3.77341 2 
103.907 15.554 6.41232 -4.54189 2 
106.472 15.554 6.52620 -2.88307 2 
109.038 15.554 5.11973 -3.63163 2 
111.603 15.554 5.66676 -2.75221 2 
114.169 15.554 6.18864 -1.23560 2 
116.735 15.554 8.72431 -0.73358 2 
119.300 15.554 0.00000 -0.00000 0 
-8.980 12.988 6.91608 -0.09296 2 
-6.414 12.988 6.84384 -0.04203 2 
-3.848 12.988 6.72737 0.12013 2 
-1.283 12.988 6.62927 0.26983 2 
1.283 12.988 6.54279 0.29551 2 
3.848 12.988 6.82758 0.48013 2 
6.414 12.988 0.00000 -0.00000 0 
8.980 12.988 0.00000 -0.00000 0 
11.545 12.988 0.00000 -0.00000 0 
14.111 12.988 0.00000 -0.00000 0 
16.676 12.988 3.57498 0.69471 2 
19.242 12.988 7.14996 1.38941 2 
21.808 12.988 6.92280 1.32818 2 
24.373 12.988 6.95844 1.59798 2 
26.939 12.988 7.10773 1.47976 2 
29.504 12.988 7.55438 1.64848 2 
32.070 12.988 7.97009 1.75005 2 
34.636 12.988 7.75370 1.68856 2 
37.201 12.988 7.70546 1.70849 2 
39.767 12.988 7.62063 1.76464 2 
42.332 12.988 0.00000 -0.00000 0 
44.898 12.988 0.00000 -0.00000 0 
47.464 12.988 0.00000 -0.00000 0 
50.029 12.988 0.00000 -0.00000 0 
52.595 12.988 0.00000 -0.00000 0 
55.160 12.988 0.00000 -0.00000 0 
57.726 12.988 0.00000 -0.00000 0 
60.292 12.988 0.00000 -0.00000 0 
62.857 12.988 0.00000 -0.00000 0 
65.423 12.988 0.00000 -0.00000 0 
67.988 12.988 0.00000 -0.00000 0 
70.554 12.988 0.00000 -0.00000 0 
73.120 12.988 0.00000 -0.00000 0 
75.685 12.988 -0.16820 -0.14368 2 
78.251 12.988 -1.57406 -0.48961 2 
80.816 12.988 -2.04582 -0.56570 2 
83.382 12.988 -0.25992 0.07949 2 
85.948 12.988 -1.86129 1.09398 2 
88.513 12.988 -1.47953 0.84873 2 
91.079 12.988 -0.66120 0.91430 2 
93.644 12.988 -0.93082 0.94627 2 
96.210 12.988 -0.16810 1.16250 2 
98.776 12.988 -1.21403 -2.76879 2 
101.341 12.988 0.96470 -3.65532 2 
103.907 12.988 1.79988 -4.08338 2 
106.472 12.988 2.90098 -2.83291 2 
109.038 12.988 3.38914 -3.68984 2 
111.603 12.988 3.47295 -2.91102 2 
114.169 12.988 4.86707 -2.57693 2 
116.735 12.988 3.61015 2.99795 2 
119.300 12.988 0.10557 -0.14874 2 
-8.980 10.423 6.86015 -0.08341 2 
-6.414 10.423 6.61881 -0.05937 2 
-3.848 10.423 6.54388 -0.12670 2 
-1.283 10.423 6.44099 0.14431 2 
1.283 10.423 6.44593 0.31406 2 
3.848 10.423 6.47978 0.44553 2 
6.414 10.423 3.23989 0.22276 2 
8.980 10.423 0.00000 -0.00000 0 
11.545 10.423 0.00000 -0.00000 0 
14.111 10.423 0.00000 -0.00000 0 
16.676 10.423 2.38332 0.46314 2 
19.242 10.423 4.76664 0.92627 2 
21.808 10.423 6.59038 1.62461 2 
24.373 10.423 7.54298 1.78199 2 
26.939 10.423 7.64411 1.96395 2 
29.504 10.423 6.21102 2.09518 2 
32.070 10.423 0.00000 -0.00000 0 
34.636 10.423 0.00000 -0.00000 0 
37.201 10.423 0.00000 -0.00000 0 
39.767 10.423 0.00000 -0.00000 0 
42.332 10.423 0.00000 -0.00000 0 
44.898 10.423 0.00000 -0.00000 0 
47.464 10.423 0.00000 -0.00000 0 
50.029 10.423 0.00000 -0.00000 0 
52.595 10.423 0.00000 -0.00000 0 
55.160 10.423 0.00000 -0.00000 0 
57.726 10.423 0.00000 -0.00000 0 
60.292 10.423 0.00000 -0.00000 0 
62.857 10.423 0.00000 -0.00000 0 
65.423 10.423 0.00000 -0.00000 0 
67.988 10.423 -0.08034 -0.10007 2 
70.554 10.423 -0.42632 -0.19166 2 
73.120 10.423 -2.20083 -0.33360 2 
75.685 10.423 -2.74363 -0.46737 2 
78.251 10.423 -2.71771 -0.39826 2 
80.816 10.423 -2.69180 -0.32915 2 
83.382 10.423 -1.72259 -0.06704 2 
85.948 10.423 -3.30418 0.03575 2 
88.513 10.423 -3.70519 0.23580 2 
91.079 10.423 -3.53508 1.53093 2 
93.644 10.423 -3.37202 1.65683 2 
96.210 10.423 -4.05578 0.62336 2 
98.776 10.423 -3.46707 -0.33826 2 
101.341 10.423 -2.01076 -2.60237 2 
103.907 10.423 -2.81255 -3.62487 2 
106.472 10.423 -0.28308 -3.20924 2 
109.038 10.423 2.24640 -2.79362 2 
111.603 10.423 2.67543 -2.85494 2 
114.169 10.423 3.45991 -0.29786 2 
116.735 10.423 1.51362 -0.65767 2 
119.300 10.423 0.28012 1.55833 2 
-8.980 7.857 6.64392 -0.38085 2 
-6.414 7.857 6.60971 -0.09835 2 
-3.848 7.857 6.45248 -0.16803 2 
-1.283 7.857 6.41216 -0.17202 2 
1.283 7.857 6.14932 -0.06775 2 
3.848 7.857 6.28037 0.35392 2 
6.414 7.857 3.14019 0.17696 2 
8.980 7.857 0.00000 -0.00000 0 
11.545 7.857 0.00000 -0.00000 0 
14.111 7.857 0.00000 -0.00000 2 
16.676 7.857 1.58888 0.30876 2 
19.242 7.857 2.38332 0.46314 2 
21.808 7.857 0.00000 -0.00000 0 
24.373 7.857 0.00000 -0.00000 0 
26.939 7.857 0.00000 -0.00000 0 
29.504 7.857 0.00000 -0.00000 0 
32.070 7.857 0.00000 -0.00000 0 
34.636 7.857 0.00000 -0.00000 0 
37.201 7.857 0.00000 -0.00000 0 
39.767 7.857 0.00000 -0.00000 0 
42.332 7.857 0.00000 -0.00000 0 
44.898 7.857 0.00000 -0.00000 0 
47.464 7.857 0.00000 -0.00000 0 
50.029 7.857 0.00000 -0.00000 0 
52.595 7.857 0.00000 -0.00000 0 
55.160 7.857 0.00000 -0.00000 0 
57.726 7.857 0.00000 -0.00000 0 
60.292 7.857 -0.70172 -0.27604 2 
62.857 7.857 -0.90211 -0.30074 2 
65.423 7.857 -1.10251 -0.32544 2 
67.988 7.857 -0.16068 -0.20014 2 
70.554 7.857 -1.18655 -0.73385 2 
73.120 7.857 -2.11140 -0.11208 2 
75.685 7.857 -2.36567 -0.27275 2 
78.251 7.857 -2.33559 -0.33198 2 
80.816 7.857 -2.52451 -0.28202 2 
83.382 7.857 -2.92827 -0.25122 2 
85.948 7.857 -2.61520 -0.04998 2 
88.513 7.857 -2.87007 0.01553 2 
91.079 7.857 -3.50030 1.06190 2 
93.644 7.857 -2.57766 0.19874 2 
96.210 7.857 -3.66894 -0.90888 2 
98.776 7.857 -4.05263 -0.24054 2 
101.341 7.857 -3.91128 -1.29948 2 
103.907 7.857 -2.58604 -2.06240 2 
106.472 7.857 -1.47646 -1.60117 2 
109.038 7.857 -0.58255 0.08422 2 
111.603 7.857 0.06880 -0.10152 2 
114.169 7.857 2.05243 0.92611 2 
116.735 7.857 -0.66431 1.92950 2 
119.300 7.857 0.24342 1.97388 2 
-8.980 5.292 6.74748 -0.32647 2 
-6.414 5.292 6.42694 -0.48065 2 
-3.848 5.292 6.50392 -0.27868 2 
-1.283 5.292 6.12580 -0.33439 2 
1.283 5.292 5.97976 -0.03179 2 
3.848 5.292 6.70102 0.14802 2 
6.414 5.292 3.35051 0.07401 2 
8.980 5.292 0.00000 -0.00000 0 
11.545 5.292 0.00000 -0.00000 0 
14.111 5.292 0.00000 -0.00000 0 
16.676 5.292 0.00000 -0.00000 0 
19.242 5.292 0.00000 -0.00000 0 
21.808 5.292 0.00000 -0.00000 0 
24.373 5.292 0.00000 -0.00000 0 
26.939 5.292 0.00000 -0.00000 0 
29.504 5.292 0.00000 -0.00000 0 
32.070 5.292 0.00000 -0.00000 0 
34.636 5.292 0.00000 -0.00000 0 
37.201 5.292 0.00000 -0.00000 0 
39.767 5.292 0.00000 -0.00000 0 
42.332 5.292 0.00000 -0.00000 0 
44.898 5.292 0.00000 -0.00000 0 
47.464 5.292 0.00000 -0.00000 0 
50.029 5.292 0.00000 -0.00000 0 
52.595 5.292 -0.53665 -0.05685 2 
55.160 5.292 -1.07329 -0.11369 2 
57.726 5.292 -0.96584 -0.18962 2 
60.292 5.292 -1.40344 -0.55208 2 
62.857 5.292 -1.42256 -0.64145 2 
65.423 5.292 -1.44168 -0.73082 2 
67.988 5.292 -0.96508 -0.67515 2 
70.554 5.292 -1.94678 -1.27605 2 
73.120 5.292 -2.02196 0.10944 2 
75.685 5.292 -1.98772 -0.07813 2 
78.251 5.292 -1.95348 -0.26571 2 
80.816 5.292 -2.09237 -0.03191 2 
83.382 5.292 -2.23126 0.20188 2 
85.948 5.292 -1.92622 -0.13570 2 
88.513 5.292 -2.03495 -0.20475 2 
91.079 5.292 -1.76471 1.11224 2 
93.644 5.292 -0.66775 0.34168 2 
96.210 5.292 -1.71951 0.74026 2 
98.776 5.292 -4.63820 -0.14282 2 
101.341 5.292 -2.54422 -1.18549 2 
103.907 5.292 -1.78925 -1.22418 2 
106.472 5.292 -1.03428 -1.26287 2 
109.038 5.292 0.14122 1.80836 2 
111.603 5.292 1.38548 1.39813 2 
114.169 5.292 0.64495 2.15008 2 
116.735 5.292 0.16955 1.64722 2 
119.300 5.292 0.20673 2.38942 2 
-8.980 2.726 6.79676 -0.53607 2 
-6.414 2.726 6.58465 -0.56063 2 
-3.848 2.726 6.39066 -0.43182 2 
-1.283 2.726 6.23794 -0.51653 2 
1.283 2.726 6.39189 -0.60272 2 
3.848 2.726 5.49751 -0.21919 2 
6.414 2.726 0.00000 -0.00000 0 
8.980 2.726 0.00000 -0.00000 0 
11.545 2.726 0.00000 -0.00000 0 
14.111 2.726 0.00000 -0.00000 0 
16.676 2.726 0.00000 -0.00000 0 
19.242 2.726 0.00000 -0.00000 0 
21.808 2.726 0.00000 -0.00000 0 
24.373 2.726 0.00000 -0.00000 0 
26.939 2.726 0.00000 -0.00000 0 
29.504 2.726 0.00000 -0.00000 0 
32.070 2.726 0.00000 -0.00000 0 
34.636 2.726 0.00000 -0.00000 0 
37.201 2.726 0.00000 -0.00000 0 
39.767 2.726 0.00000 -0.00000 0 
42.332 2.726 0.00000 -0.00000 0 
44.898 2.726 0.00000 -0.00000 0 
47.464 2.726 -0.57027 -0.29360 2 
50.029 2.726 -1.48580 -0.18384 2 
52.595 2.726 -1.65844 -0.47932 2 
55.160 2.726 -1.83108 -0.77481 2 
57.726 2.726 -2.49667 -0.70426 2 
60.292 2.726 -1.48115 -0.61904 2 
62.857 2.726 -1.75572 -0.73950 2 
65.423 2.726 -1.78084 -1.13620 2 
67.988 2.726 -1.76948 -1.15017 2 
70.554 2.726 -0.96885 -0.30128 2 
73.120 2.726 -1.42005 0.16347 2 
75.685 2.726 -0.28118 -0.60130 2 
78.251 2.726 0.35727 -0.64563 2 
80.816 2.726 -1.94320 -0.03126 2 
83.382 2.726 -0.53270 0.79818 2 
85.948 2.726 -2.04301 0.05544 2 
88.513 2.726 -0.14773 0.66687 2 
91.079 2.726 -0.51506 1.11012 2 
93.644 2.726 -0.78218 -0.16176 2 
96.210 2.726 -1.81820 -0.14447 2 
98.776 2.726 -1.82367 -1.12266 2 
101.341 2.726 0.63543 -0.45152 2 
103.907 2.726 0.80784 -0.54811 2 
106.472 2.726 0.98026 -0.64470 2 
109.038 2.726 1.68051 2.73349 2 
111.603 2.726 2.02125 2.09233 2 
114.169 2.726 1.57532 1.92480 2 
116.735 2.726 2.22308 2.25237 2 
119.300 2.726 0.04807 2.29072 2 
-8.980 0.160 6.71110 -0.57825 2 
-6.414 0.160 6.71652 -0.59203 2 
-3.848 0.160 6.49227 -0.71402 2 
-1.283 0.160 6.35009 -0.69867 2 
1.283 0.160 6.52809 -0.87022 2 
3.848 0.160 0.00000 -0.00000 0 
6.414 0.160 0.00000 -0.00000 0 
8.980 0.160 0.00000 -0.00000 0 
11.545 0.160 0.00000 -0.00000 0 
14.111 0.160 0.00000 -0.00000 0 
16.676 0.160 0.00000 -0.00000 0 
19.242 0.160 0.00000 -0.00000 0 
21.808 0.160 0.00000 -0.00000 0 
24.373 0.160 0.00000 -0.00000 0 
26.939 0.160 0.00000 -0.00000 0 
29.504 0.160 0.00000 -0.00000 0 
32.070 0.160 0.00000 -0.00000 0 
34.636 0.160 0.00000 -0.00000 0 
37.201 0.160 0.00000 -0.00000 0 
39.767 0.160 -0.51488 -0.26705 2 
42.332 0.160 -0.76185 -0.19069 2 
44.898 0.160 -0.84861 -0.38404 2 
47.464 0.160 -1.14054 -0.58720 2 
50.029 0.160 -1.12997 -0.28746 2 
52.595 0.160 -2.34757 -0.39236 2 
55.160 0.160 -2.23065 -0.15920 2 
57.726 0.160 -2.64588 -0.77406 2 
60.292 0.160 -2.02198 -0.86585 2 
62.857 0.160 -1.40595 -0.22614 2 
65.423 0.160 -1.34077 -0.71955 2 
67.988 0.160 -0.57141 -1.17553 2 
70.554 0.160 -0.56297 -1.11275 2 
73.120 0.160 -0.81814 0.21749 2 
75.685 0.160 -0.07338 -0.94538 2 
78.251 0.160 1.50303 -0.39956 2 
80.816 0.160 0.47498 2.02180 2 
83.382 0.160 1.16586 1.39448 2 
85.948 0.160 0.48734 0.53275 2 
88.513 0.160 -1.80121 1.13129 2 
91.079 0.160 0.62731 1.70596 2 
93.644 0.160 0.89473 0.46664 2 
96.210 0.160 1.48565 0.76982 2 
98.776 0.160 2.98278 0.71214 2 
101.341 0.160 0.50059 0.85599 2 
103.907 0.160 1.51505 1.32589 2 
106.472 0.160 1.44725 0.59649 2 
109.038 0.160 2.12673 2.43156 2 
111.603 0.160 1.41842 1.47935 2 
114.169 0.160 1.59839 2.05604 2 
116.735 0.160 1.54771 2.36375 2 
119.300 0.160 0.36027 2.33905 2 
-8.980 -2.405 6.75881 -0.76128 2 
-6.414 -2.405 6.76436 -0.86918 2 
-3.848 -2.405 6.48816 -0.79035 2 
-1.283 -2.405 6.48791 -0.95164 2 
1.283 -2.405 0.00000 -0.00000 0 
3.848 -2.405 0.00000 -0.00000 0 
6.414 -2.405 0.00000 -0.00000 0 
8.980 -2.405 0.00000 -0.00000 0 
11.545 -2.405 0.00000 -0.00000 0 
14.111 -2.405 0.00000 -0.00000 0 
16.676 -2.405 0.00000 -0.00000 0 
19.242 -2.405 0.00000 -0.00000 0 
21.808 -2.405 0.00000 -0.00000 0 
24.373 -2.405 0.00000 -0.00000 0 
26.939 -2.405 0.00000 -0.00000 0 
29.504 -2.405 0.00000 -0.00000 0 
32.070 -2.405 -0.24917 0.07363 2 
34.636 -2.405 -0.49834 0.14726 2 
37.201 -2.405 -0.43531 -0.04240 2 
39.767 -2.405 -1.02976 -0.53410 2 
42.332 -2.405 -1.52370 -0.38138 2 
44.898 -2.405 -1.00473 -0.14108 2 
47.464 -2.405 -1.08580 -0.41377 2 
50.029 -2.405 -0.77414 -0.39108 2 
52.595 -2.405 -0.09121 -0.00353 2 
55.160 -2.405 -0.19922 0.16436 2 
57.726 -2.405 -1.12478 -0.40490 2 
60.292 -2.405 -1.08970 -1.19972 2 
62.857 -2.405 -1.05618 0.28723 2 
65.423 -2.405 -1.32928 -0.72110 2 
67.988 -2.405 -1.40886 -1.01637 2 
70.554 -2.405 -0.62155 -0.76587 2 
73.120 -2.405 0.32606 -0.76453 2 
75.685 -2.405 0.74915 1.17883 2 
78.251 -2.405 2.64880 -0.15349 2 
80.816 -2.405 2.50333 1.79903 2 
83.382 -2.405 2.15121 1.63682 2 
85.948 -2.405 2.09569 0.86009 2 
88.513 -2.405 3.60242 0.64732 2 
91.079 -2.405 1.76968 2.30181 2 
93.644 -2.405 2.57164 1.09503 2 
96.210 -2.405 1.41982 0.36849 2 
98.776 -2.405 2.20829 1.06500 2 
101.341 -2.405 2.23626 1.34738 2 
103.907 -2.405 1.40346 1.71258 2 
106.472 -2.405 1.91423 1.83767 2 
109.038 -2.405 2.44456 1.40419 2 
111.603 -2.405 1.00199 1.30319 2 
114.169 -2.405 1.57005 1.15308 2 
116.735 -2.405 1.54106 2.32538 2 
119.300 -2.405 0.24298 1.89126 2 
-8.980 -4.971 6.92918 -0.81163 2 
-6.414 -4.971 6.89261 -0.89301 2 
-3.848 -4.971 6.68710 -0.82925 2 
-1.283 -4.971 6.43326 -1.26809 2 
1.283 -4.971 0.00000 -0.00000 0 
3.848 -4.971 0.00000 -0.00000 0 
6.414 -4.971 0.00000 -0.00000 0 
8.980 -4.971 0.00000 -0.00000 0 
11.545 -4.971 0.00000 -0.00000 0 
14.111 -4.971 0.00000 -0.00000 0 
16.676 -4.971 0.00000 -0.00000 0 
19.242 -4.971 0.00000 -0.00000 0 
21.808 -4.971 0.00000 -0.00000 0 
24.373 -4.971 -0.05671 -0.16752 2 
26.939 -4.971 -0.45478 -0.21738 2 
29.504 -4.971 -1.15206 -0.21019 2 
32.070 -4.971 -1.26415 -0.38237 2 
34.636 -4.971 -1.37625 -0.55455 2 
37.201 -4.971 -1.20727 -0.59295 2 
39.767 -4.971 -0.07707 -0.79331 2 
42.332 -4.971 -0.01308 -0.20679 2 
44.898 -4.971 -1.18661 -0.43362 2 
47.464 -4.971 0.26105 -0.53196 2 
50.029 -4.971 -0.59792 -0.53824 2 
52.595 -4.971 -0.18167 -0.22860 2 
55.160 -4.971 0.14498 -0.36874 2 
57.726 -4.971 0.59669 -0.08427 2 
60.292 -4.971 0.75700 0.15233 2 
62.857 -4.971 0.29860 0.46980 2 
65.423 -4.971 0.76434 0.50585 2 
67.988 -4.971 1.02653 -0.35672 2 
70.554 -4.971 1.31378 0.40318 2 
73.120 -4.971 3.01194 0.82458 2 
75.685 -4.971 3.05200 0.84945 2 
78.251 -4.971 4.78677 0.86481 2 
80.816 -4.971 4.53169 1.57625 2 
83.382 -4.971 3.90152 1.60541 2 
85.948 -4.971 3.70404 1.18742 2 
88.513 -4.971 3.16891 1.52444 2 
91.079 -4.971 2.91205 2.89765 2 
93.644 -4.971 4.24855 1.72343 2 
96.210 -4.971 2.62069 0.53299 2 
98.776 -4.971 3.24562 0.41294 2 
101.341 -4.971 2.36230 1.23006 2 
103.907 -4.971 2.37261 0.71533 2 
106.472 -4.971 2.61016 0.75277 2 
109.038 -4.971 2.76238 0.37683 2 
111.603 -4.971 2.12435 0.87823 2 
114.169 -4.971 1.68302 0.92164 2 
116.735 -4.971 1.02957 1.20032 2 
119.300 -4.971 0.12568 1.44347 2 
-8.980 -7.536 6.99302 -0.92345 2 
-6.414 -7.536 6.81564 -0.82739 2 
-3.848 -7.536 6.80034 -1.12241 2 
-1.283 -7.536 6.69416 -1.26843 2 
1.283 -7.536 6.50559 -1.63277 2 
3.848 -7.536 0.00000 -0.00000 0 
6.414 -7.536 5.36042 -1.78163 2 
8.980 -7.536 6.13345 -3.77699 2 
11.545 -7.536 2.81388 -1.84481 2 
14.111 -7.536 -0.50568 0.08738 2 
16.676 -7.536 0.12212 0.01684 2 
19.242 -7.536 -0.14122 0.08138 2 
21.808 -7.536 -0.11342 -0.33503 2 
24.373 -7.536 -0.51149 -0.38489 2 
26.939 -7.536 -0.90956 -0.43475 2 
29.504 -7.536 -1.30764 -0.48461 2 
32.070 -7.536 -1.21362 -0.48269 2 
34.636 -7.536 -1.11780 -0.63877 2 
37.201 -7.536 -1.10893 -1.04274 2 
39.767 -7.536 -1.18056 -0.85137 2 
42.332 -7.536 0.57241 -0.69090 2 
44.898 -7.536 1.09016 -0.67053 2 
47.464 -7.536 1.60790 -0.65015 2 
50.029 -7.536 0.20050 -0.46784 2 
52.595 -7.536 0.93863 -0.50127 2 
55.160 -7.536 0.48917 -0.90183 2 
57.726 -7.536 1.38251 -0.36249 2 
60.292 -7.536 1.75679 0.62607 2 
62.857 -7.536 1.85647 0.26025 2 
65.423 -7.536 2.42051 0.57876 2 
67.988 -7.536 1.75909 0.30376 2 
70.554 -7.536 2.60639 1.07079 2 
73.120 -7.536 3.34966 0.73076 2 
75.685 -7.536 3.47853 0.27721 2 
78.251 -7.536 3.14865 1.20630 2 
80.816 -7.536 3.44242 0.84582 2 
83.382 -7.536 4.87943 1.41417 2 
85.948 -7.536 4.60198 1.66565 2 
88.513 -7.536 5.63854 2.52054 2 
91.079 -7.536 4.39330 2.44750 2 
93.644 -7.536 4.16532 1.81721 2 
96.210 -7.536 3.82157 0.69748 2 
98.776 -7.536 3.20034 -0.39537 2 
101.341 -7.536 2.48835 1.11274 2 
103.907 -7.536 1.77031 -0.20562 2 
106.472 -7.536 2.53654 0.18798 2 
109.038 -7.536 3.30277 0.58158 2 
111.603 -7.536 2.11166 0.57437 2 
114.169 -7.536 2.03255 1.15655 2 
116.735 -7.536 0.94859 0.75525 2 
119.300 -7.536 0.00839 0.99569 2 
-8.980 -10.102 6.99258 -0.83143 2 
-6.414 -10.102 7.17507 -1.02293 2 
-3.848 -10.102 6.96192 -1.20447 2 
-1.283 -10.102 6.84043 -1.33033 2 
1.283 -10.102 6.92657 -1.66963 2 
3.848 -10.102 6.99645 -2.20478 2 
6.414 -10.102 7.23279 -2.84465 2 
8.980 -10.102 6.79816 -2.91182 2 
11.545 -10.102 7.94009 -3.03777 2 
14.111 -10.102 9.08202 -3.16372 2 
16.676 -10.102 9.28743 -2.74953 2 
19.242 -10.102 9.86755 -2.61993 2 
21.808 -10.102 4.58897 -1.41194 2 
24.373 -10.102 4.38514 -0.38539 2 
26.939 -10.102 3.98706 -0.43525 2 
29.504 -10.102 1.67756 -0.46674 2 
32.070 -10.102 0.03023 -0.30497 2 
34.636 -10.102 2.33744 -0.74430 2 
37.201 -10.102 1.76524 -1.10883 2 
39.767 -10.102 0.61198 -1.43393 2 
42.332 -10.102 1.15790 -1.17502 2 
44.898 -10.102 2.12363 -0.81687 2 
47.464 -10.102 3.08935 -0.45872 2 
50.029 -10.102 2.70046 -0.54370 2 
52.595 -10.102 2.31157 -0.62867 2 
55.160 -10.102 3.75012 -0.59649 2 
57.726 -10.102 1.87548 -0.49563 2 
60.292 -10.102 4.82116 0.52812 2 
62.857 -10.102 3.41434 0.05071 2 
65.423 -10.102 4.18978 0.52962 2 
67.988 -10.102 3.48996 0.12098 2 
70.554 -10.102 2.66548 -0.05884 2 
73.120 -10.102 3.68738 0.63693 2 
75.685 -10.102 3.05395 0.17397 2 
78.251 -10.102 4.16324 1.06241 2 
80.816 -10.102 3.69421 0.50493 2 
83.382 -10.102 4.57882 0.01875 2 
85.948 -10.102 3.46771 1.79229 2 
88.513 -10.102 5.83035 1.86240 2 
91.079 -10.102 7.27375 2.92209 2 
93.644 -10.102 6.94431 2.91169 2 
96.210 -10.102 4.40183 2.88683 2 
98.776 -10.102 5.38609 -0.80006 2 
101.341 -10.102 5.04860 0.37754 2 
103.907 -10.102 4.03599 -0.03926 2 
106.472 -10.102 4.22921 0.44043 2 
109.038 -10.102 4.42244 0.92013 2 
111.603 -10.102 3.52051 0.98265 2 
114.169 -10.102 2.90777 1.11492 2 
116.735 -10.102 1.31305 0.77202 2 
119.300 -10.102 -0.10890 0.54790 2 
-8.980 -12.668 7.18102 -0.89839 2 
-6.414 -12.668 7.21199 -1.23118 2 
-3.848 -12.668 7.10593 -1.12982 2 
-1.283 -12.668 7.22041 -1.49900 2 
1.283 -12.668 7.06981 -1.77174 2 
3.848 -12.668 7.17074 -2.09261 2 
6.414 -12.668 7.25801 -2.33716 2 
8.980 -12.668 7.75384 -2.76325 2 
11.545 -12.668 8.20017 -2.77335 2 
14.111 -12.668 8.56705 -2.53737 2 
16.676 -12.668 8.87450 -2.34695 2 
19.242 -12.668 9.42873 -2.18675 2 
21.808 -12.668 9.60643 -2.52597 2 
24.373 -12.668 9.24506 -1.48086 2 
26.939 -12.668 8.88369 -0.43575 2 
29.504 -12.668 8.32969 -2.09437 2 
32.070 -12.668 7.06118 -1.47210 2 
34.636 -12.668 5.79267 -0.84983 2 
37.201 -12.668 6.94967 -0.23159 2 
39.767 -12.668 5.14884 -0.78429 2 
42.332 -12.668 3.48973 -0.60527 2 
44.898 -12.668 5.97476 -1.04895 2 
47.464 -12.668 6.18975 -0.29056 2 
50.029 -12.668 6.56198 -0.06801 2 
52.595 -12.668 7.75319 0.00623 2 
55.160 -12.668 7.01106 -0.29115 2 
57.726 -12.668 7.84393 0.01586 2 
60.292 -12.668 7.88553 0.43017 2 
62.857 -12.668 7.52477 0.66389 2 
65.423 -12.668 7.16401 0.89762 2 
67.988 -12.668 6.65707 0.42772 2 
70.554 -12.668 6.16564 0.01710 2 
73.120 -12.668 5.10079 -0.12313 2 
75.685 -12.668 6.26992 -0.46973 2 
78.251 -12.668 5.78677 -0.32636 2 
80.816 -12.668 5.56276 0.23488 2 
83.382 -12.668 6.25086 -0.12164 2 
85.948 -12.668 5.04299 0.83536 2 
88.513 -12.668 5.55956 0.48429 2 
91.079 -12.668 5.90352 1.26732 2 
93.644 -12.668 7.05510 2.64713 2 
96.210 -12.668 6.75869 2.63104 2 
98.776 -12.668 6.04176 -0.20495 2 
101.341 -12.668 5.07655 0.25609 2 
103.907 -12.668 4.63217 0.32770 2 
106.472 -12.668 4.18779 0.39931 2 
109.038 -12.668 5.54211 1.25867 2 
111.603 -12.668 5.89584 0.89854 2 
114.169 -12.668 6.24956 0.53841 2 
116.735 -12.668 1.16676 0.84719 2 
119.300 -12.668 -0.08243 0.74185 2 
-8.980 -15.233 7.21003 -0.94672 2 
-6.414 -15.233 7.23876 -0.99769 2 
-3.848 -15.233 7.25153 -1.28838 2 
-1.283 -15.233 7.20874 -1.29609 2 
1.283 -15.233 7.29379 -1.82655 2 
3.848 -15.233 7.33190 -1.91446 2 
6.414 -15.233 7.54324 -2.01798 2 
8.980 -15.233 7.90810 -2.33031 2 
11.545 -15.233 8.23005 -2.51432 2 
14.111 -15.233 8.68206 -2.38661 2 
16.676 -15.233 8.82558 -2.29304 2 
19.242 -15.233 8.94092 -2.14019 2 
21.808 -15.233 9.18600 -2.13278 2 
24.373 -15.233 9.31217 -1.76978 2 
26.939 -15.233 9.43833 -1.40678 2 
29.504 -15.233 9.20840 -1.66735 2 
32.070 -15.233 9.97150 -1.55591 2 
34.636 -15.233 10.73460 -1.44448 2 
37.201 -15.233 10.10785 -0.13335 2 
39.767 -15.233 9.68569 -0.13465 2 
42.332 -15.233 10.02755 -0.05636 2 
44.898 -15.233 9.73690 -0.49325 2 
47.464 -15.233 9.29015 -0.12239 2 
50.029 -15.233 8.00747 -0.05132 2 
52.595 -15.233 9.30747 0.05279 2 
55.160 -15.233 8.29172 -0.50005 2 
57.726 -15.233 8.81769 0.70959 2 
60.292 -15.233 9.69169 0.93665 2 
62.857 -15.233 9.05654 0.83751 2 
65.423 -15.233 8.42140 0.73837 2 
67.988 -15.233 9.12208 0.96551 2 
70.554 -15.233 9.66581 0.09305 2 
73.120 -15.233 8.10587 0.48961 2 
75.685 -15.233 7.92857 0.13068 2 
78.251 -15.233 7.75127 -0.22824 2 
80.816 -15.233 6.86225 0.00062 2 
83.382 -15.233 7.92290 -0.26203 2 
85.948 -15.233 9.15997 0.61770 2 
88.513 -15.233 7.55686 0.05277 2 
91.079 -15.233 7.44480 1.45514 2 
93.644 -15.233 8.14652 2.08299 2 
96.210 -15.233 8.54381 1.53518 2 
98.776 -15.233 8.05773 0.84774 2 
101.341 -15.233 7.45489 -0.04747 2 
103.907 -15.233 7.64267 0.02614 2 
106.472 -15.233 9.59291 0.32100 2 
109.038 -15.233 8.72039 1.71207 2 
111.603 -15.233 8.60760 0.96009 2 
114.169 -15.233 8.49480 0.20810 2 
116.735 -15.233 5.34105 1.65070 2 
119.300 -15.233 -0.05596 0.93580 1 
-8.980 -17.799 7.24409 -0.97607 2 
-6.414 -17.799 7.33892 -1.15527 2 
-3.848 -17.799 7.28522 -1.20405 2 
-1.283 -17.799 7.38808 -1.51622 2 
1.283 -17.799 7.41316 -1.63229 2 
3.848 -17.799 7.52074 -1.75409 2 
6.414 -17.799 7.73904 -1.84996 2 
8.980 -17.799 7.94883 -2.00290 2 
11.545 -17.799 8.12431 -2.04275 2 
14.111 -17.799 8.47746 -2.18123 2 
16.676 -17.799 8.66036 -2.04983 2 
19.242 -17.799 8.85784 -2.13850 2 
21.808 -17.799 9.02617 -1.90671 2 
24.373 -17.799 9.04286 -1.71774 2 
26.939 -17.799 9.31769 -1.57208 2 
29.504 -17.799 9.34690 -1.52445 2 
32.070 -17.799 9.50513 -1.74602 2 
34.636 -17.799 10.14679 -1.23149 2 
37.201 -17.799 9.92654 -0.73477 2 
39.767 -17.799 10.24140 -0.69084 2 
42.332 -17.799 10.07433 -0.53336 2 
44.898 -17.799 9.92506 -0.09932 2 
47.464 -17.799 9.86938 -0.19674 2 
50.029 -17.799 9.45296 -0.03463 2 
52.595 -17.799 9.34919 -0.49656 2 
55.160 -17.799 9.57237 -0.70894 2 
57.726 -17.799 9.70001 -0.08259 2 
60.292 -17.799 9.78286 0.48961 2 
62.857 -17.799 9.92101 0.63455 2 
65.423 -17.799 9.67879 0.57911 2 
67.988 -17.799 9.39201 0.64372 2 
70.554 -17.799 9.28139 0.38093 2 
73.120 -17.799 9.01657 0.33336 2 
75.685 -17.799 9.36618 0.10162 2 
78.251 -17.799 9.71578 -0.13012 2 
80.816 -17.799 7.95192 0.63871 2 
83.382 -17.799 7.99371 0.32154 2 
85.948 -17.799 9.41809 0.68720 2 
88.513 -17.799 8.72109 0.38256 2 
91.079 -17.799 9.18598 1.04701 2 
93.644 -17.799 9.23795 1.51886 2 
96.210 -17.799 8.90116 1.33477 2 
98.776 -17.799 9.10965 0.88882 2 
101.341 -17.799 9.12928 0.57896 2 
103.907 -17.799 9.14649 0.36312 2 
106.472 -17.799 9.21673 1.40155 2 
109.038 -17.799 9.22498 1.33077 2 
111.603 -17.799 9.39196 0.70686 2 
114.169 -17.799 9.85216 1.81099 2 
116.735 -17.799 9.51533 2.45421 2 
119.300 -17.799 0.00000 -0.00000 0 
-8.980 -20.364 7.12401 -1.00682 2 
-6.414 -20.364 7.55209 -1.00379 2 
-3.848 -20.364 7.41319 -1.10066 2 
-1.283 -20.364 7.45696 -1.22721 2 
1.283 -20.364 7.47368 -1.60877 2 
3.848 -20.364 7.66679 -1.71665 2 
6.414 -20.364 7.85901 -1.71670 2 
8.980 -20.364 8.03247 -1.93480 2 
11.545 -20.364 8.37911 -1.94187 2 
14.111 -20.364 8.55864 -1.90012 2 
16.676 -20.364 8.73290 -1.79954 2 
19.242 -20.364 8.77320 -1.69847 2 
21.808 -20.364 8.96633 -1.62514 2 
24.373 -20.364 8.99542 -1.65243 2 
26.939 -20.364 9.22649 -1.55065 2 
29.504 -20.364 9.24986 -1.32573 2 
32.070 -20.364 9.26367 -1.27253 2 
34.636 -20.364 9.55899 -1.01850 2 
37.201 -20.364 9.79346 -0.89576 2 
39.767 -20.364 9.67411 -0.80646 2 
42.332 -20.364 9.71226 -0.60318 2 
44.898 -20.364 9.58627 -0.52314 2 
47.464 -20.364 9.54871 -0.41198 2 
50.029 -20.364 9.53380 -0.28536 2 
52.595 -20.364 9.54639 -0.50277 2 
55.160 -20.364 9.70764 -0.48002 2 
57.726 -20.364 9.75040 -0.36685 2 
60.292 -20.364 9.87404 0.04256 2 
62.857 -20.364 9.85681 0.16494 2 
65.423 -20.364 9.72188 0.38109 2 
67.988 -20.364 9.40411 0.32643 2 
70.554 -20.364 9.52537 0.32809 2 
73.120 -20.364 9.52544 0.24578 2 
75.685 -20.364 9.43662 0.05534 2 
78.251 -20.364 9.85557 0.28874 2 
80.816 -20.364 9.68239 0.39497 2 
83.382 -20.364 9.67930 0.57584 2 
85.948 -20.364 9.67621 0.75670 2 
88.513 -20.364 9.39597 0.87480 2 
91.079 -20.364 9.24196 0.88807 2 
93.644 -20.364 9.37630 1.26138 2 
96.210 -20.364 9.22668 0.98305 2 
98.776 -20.364 8.96574 1.08835 2 
101.341 -20.364 9.05730 0.93402 2 
103.907 -20.364 9.14610 0.81656 2 
106.472 -20.364 9.16223 0.97553 2 
109.038 -20.364 9.20473 0.91636 2 
111.603 -20.364 9.21253 0.96216 2 
114.169 -20.364 9.05932 1.78208 2 
116.735 -20.364 9.30900 2.15374 2 
119.300 -20.364 0.00000 -0.00000 0 
-8.980 -22.930 7.23188 -1.04598 2 
-6.414 -22.930 7.56260 -1.07726 2 
-3.848 -22.930 7.65309 -1.15721 2 
-1.283 -22.930 7.66330 -1.37680 2 
1.283 -22.930 7.72098 -1.36158 2 
3.848 -22.930 7.72308 -1.58725 2 
6.414 -22.930 7.95638 -1.51163 2 
8.980 -22.930 8.12667 -1.65483 2 
11.545 -22.930 8.36184 -1.61577 2 
14.111 -22.930 8.48645 -1.65944 2 
16.676 -22.930 8.63177 -1.65834 2 
19.242 -22.930 8.76588 -1.64753 2 
21.808 -22.930 8.88277 -1.46894 2 
24.373 -22.930 8.99844 -1.38794 2 
26.939 -22.930 9.01971 -1.26119 2 
29.504 -22.930 9.21338 -1.33027 2 
32.070 -22.930 9.36792 -1.17535 2 
34.636 -22.930 9.27029 -1.00905 2 
37.201 -22.930 9.52757 -0.83378 2 
39.767 -22.930 9.59577 -0.73474 2 
42.332 -22.930 9.71486 -0.76027 2 
44.898 -22.930 9.67265 -0.63354 2 
47.464 -22.930 9.54618 -0.45328 2 
50.029 -22.930 9.41250 -0.55041 2 
52.595 -22.930 9.47457 -0.29654 2 
55.160 -22.930 9.56541 -0.38857 2 
57.726 -22.930 9.50822 -0.17081 2 
60.292 -22.930 9.66084 -0.08961 2 
62.857 -22.930 9.60837 0.12122 2 
65.423 -22.930 9.37813 0.02727 2 
67.988 -22.930 9.50294 0.15097 2 
70.554 -22.930 9.48550 0.25900 2 
73.120 -22.930 9.54365 0.24398 2 
75.685 -22.930 9.37035 0.29751 2 
78.251 -22.930 9.50983 0.40609 2 
80.816 -22.930 9.41504 0.37309 2 
83.382 -22.930 9.60155 0.46370 2 
85.948 -22.930 9.43818 0.74072 2 
88.513 -22.930 9.39446 0.74152 2 
91.079 -22.930 9.29793 0.72913 2 
93.644 -22.930 9.28809 0.93798 2 
96.210 -22.930 9.06968 0.93542 2 
98.776 -22.930 9.18640 0.81646 2 
101.341 -22.930 9.01931 0.95427 2 
103.907 -22.930 9.11128 1.04160 2 
106.472 -22.930 9.09243 0.86202 2 
109.038 -22.930 9.21124 1.02223 2 
111.603 -22.930 9.03309 1.21747 2 
114.169 -22.930 8.90177 1.31948 2 
116.735 -22.930 9.10267 1.85327 2 
119.300 -22.930 0.00000 -0.00000 0 
-8.980 -25.496 7.51467 -0.94963 2 
-6.414 -25.496 7.61110 -1.00002 2 
-3.848 -25.496 7.59273 -1.01602 2 
-1.283 -25.496 7.64458 -1.06812 2 
1.283 -25.496 7.72255 -1.32068 2 
3.848 -25.496 7.86636 -1.27582 2 
6.414 -25.496 7.97891 -1.44165 2 
8.980 -25.496 8.23252 -1.44816 2 
11.545 -25.496 8.41055 -1.40660 2 
14.111 -25.496 8.50180 -1.56977 2 
16.676 -25.496 8.60310 -1.45684 2 
19.242 -25.496 8.80397 -1.27477 2 
21.808 -25.496 8.86381 -1.43983 2 
24.373 -25.496 8.93539 -1.21501 2 
26.939 -25.496 9.07230 -1.28625 2 
29.504 -25.496 9.15089 -1.10269 2 
32.070 -25.496 9.11434 -1.00743 2 
34.636 -25.496 9.27130 -0.88263 2 
37.201 -25.496 9.32597 -0.89532 2 
39.767 -25.496 9.35543 -0.69433 2 
42.332 -25.496 9.26130 -0.72350 2 
44.898 -25.496 9.53297 -0.62007 2 
47.464 -25.496 9.42550 -0.46670 2 
50.029 -25.496 9.30813 -0.51729 2 
52.595 -25.496 9.46502 -0.35141 2 
55.160 -25.496 9.50617 -0.44209 2 
57.726 -25.496 9.56137 -0.09680 2 
60.292 -25.496 9.53721 -0.11784 2 
62.857 -25.496 9.59881 -0.15333 2 
65.423 -25.496 9.54974 0.12827 2 
67.988 -25.496 9.37545 0.26522 2 
70.554 -25.496 9.38710 0.04214 2 
73.120 -25.496 9.35886 0.33482 2 
75.685 -25.496 9.23846 0.36229 2 
78.251 -25.496 9.39788 0.44794 2 
80.816 -25.496 9.34659 0.27880 2 
83.382 -25.496 9.34995 0.49429 2 
85.948 -25.496 9.46710 0.55768 2 
88.513 -25.496 9.33640 0.55169 2 
91.079 -25.496 9.17092 0.77728 2 
93.644 -25.496 9.29318 0.77145 2 
96.210 -25.496 9.23680 0.73384 2 
98.776 -25.496 9.08018 0.83860 2 
101.341 -25.496 9.08685 0.71107 2 
103.907 -25.496 9.07031 0.99026 2 
106.472 -25.496 9.00532 1.04366 2 
109.038 -25.496 8.97140 1.12540 2 
111.603 -25.496 8.99431 1.37590 2 
114.169 -25.496 8.72741 1.20106 2 
116.735 -25.496 8.81800 1.52750 2 
119.300 -25.496 0.00000 -0.00000 0 
-8.980 -28.061 7.72381 -1.00027 2 
-6.414 -28.061 7.59019 -0.81423 2 
-3.848 -28.061 7.85244 -0.95306 2 
-1.283 -28.061 7.82882 -1.22659 2 
1.283 -28.061 7.75315 -1.28932 2 
3.848 -28.061 8.10909 -1.21966 2 
6.414 -28.061 8.07917 -1.15329 2 
8.980 -28.061 8.16541 -1.32186 2 
11.545 -28.061 8.48022 -1.48084 2 
14.111 -28.061 8.47494 -1.26911 2 
16.676 -28.061 8.58679 -1.27210 2 
19.242 -28.061 8.71954 -1.30320 2 
21.808 -28.061 8.82546 -1.17159 2 
24.373 -28.061 8.81770 -1.17770 2 
26.939 -28.061 8.87400 -1.14526 2 
29.504 -28.061 9.07567 -1.04459 2 
32.070 -28.061 9.16535 -0.91653 2 
34.636 -28.061 9.26745 -0.93714 2 
37.201 -28.061 9.16654 -0.83515 2 
39.767 -28.061 9.26472 -0.82631 2 
42.332 -28.061 9.36245 -0.65963 2 
44.898 -28.061 9.25891 -0.68031 2 
47.464 -28.061 9.33613 -0.66457 2 
50.029 -28.061 9.32415 -0.32226 2 
52.595 -28.061 9.40487 -0.43887 2 
55.160 -28.061 9.26633 -0.26196 2 
57.726 -28.061 9.31379 -0.09931 2 
60.292 -28.061 9.37407 -0.27924 2 
62.857 -28.061 9.46178 0.05838 2 
65.423 -28.061 9.30450 -0.00911 2 
67.988 -28.061 9.26697 0.14547 2 
70.554 -28.061 9.38874 0.20857 2 
73.120 -28.061 9.43900 0.18359 2 
75.685 -28.061 9.36998 0.39512 2 
78.251 -28.061 9.35790 0.23703 2 
80.816 -28.061 9.33600 0.46801 2 
83.382 -28.061 9.37350 0.56570 2 
85.948 -28.061 9.27971 0.48180 2 
88.513 -28.061 9.23300 0.77949 2 
91.079 -28.061 9.18626 0.61106 2 
93.644 -28.061 9.15472 0.72612 2 
96.210 -28.061 9.07645 0.78939 2 
98.776 -28.061 9.18301 0.76252 2 
101.341 -28.061 9.02525 0.93080 2 
103.907 -28.061 9.07804 0.71611 2 
106.472 -28.061 9.01971 0.96171 2 
109.038 -28.061 8.87071 1.02375 2 
111.603 -28.061 8.83313 1.12849 2 
114.169 -28.061 8.67222 1.31792 2 
116.735 -28.061 9.03904 1.04798 2 
119.300 -28.061 0.00000 -0.00000 0 
-8.980 -30.627 7.43523 -0.98772 2 
-6.414 -30.627 7.82077 -0.92315 2 
-3.848 -30.627 7.67783 -0.97086 2 
-1.283 -30.627 7.82469 -1.01215 2 
1.283 -30.627 7.98262 -0.93995 2 
3.848 -30.627 8.07723 -1.10313 2 
6.414 -30.627 8.02622 -1.22093 2 
8.980 -30.627 8.27212 -1.26277 2 
11.545 -30.627 8.39020 -1.23813 2 
14.111 -30.627 8.43207 -1.23383 2 
16.676 -30.627 8.60582 -1.13387 2 
19.242 -30.627 8.64589 -1.23007 2 
21.808 -30.627 8.89775 -1.04281 2 
24.373 -30.627 8.86671 -1.09728 2 
26.939 -30.627 8.85106 -1.01680 2 
29.504 -30.627 8.96139 -1.05013 2 
32.070 -30.627 8.98697 -0.86171 2 
34.636 -30.627 9.03716 -0.94565 2 
37.201 -30.627 9.16301 -0.77963 2 
39.767 -30.627 9.20404 -0.79085 2 
42.332 -30.627 9.26414 -0.61679 2 
44.898 -30.627 9.19824 -0.64770 2 
47.464 -30.627 9.16738 -0.48658 2 
50.029 -30.627 9.44987 -0.47105 2 
52.595 -30.627 9.21117 -0.34254 2 
55.160 -30.627 9.30399 -0.37365 2 
57.726 -30.627 9.34492 -0.13970 2 
60.292 -30.627 9.36373 -0.22028 2 
62.857 -30.627 9.33546 -0.07909 2 
65.423 -30.627 9.31107 -0.10266 2 
67.988 -30.627 9.35426 0.13459 2 
70.554 -30.627 9.32423 0.17545 2 
73.120 -30.627 9.31315 0.17830 2 
75.685 -30.627 9.27030 0.21694 2 
78.251 -30.627 9.34845 0.28701 2 
80.816 -30.627 9.34073 0.30829 2 
83.382 -30.627 9.17906 0.39477 2 
85.948 -30.627 9.15984 0.60311 2 
88.513 -30.627 9.05494 0.46675 2 
91.079 -30.627 9.16714 0.65643 2 
93.644 -30.627 9.12347 0.61145 2 
96.210 -30.627 9.09081 0.78259 2 
98.776 -30.627 8.87063 0.76759 2 
101.341 -30.627 8.93043 0.82319 2 
103.907 -30.627 8.90025 0.85723 2 
106.472 -30.627 8.81287 0.95120 2 
109.038 -30.627 8.78485 0.89335 2 
111.603 -30.627 8.53900 1.13049 2 
114.169 -30.627 8.67387 1.04856 2 
116.735 -30.627 8.66348 1.22912 2 
119.300 -30.627 0.00000 -0.00000 0 
-8.980 -33.192 7.67866 -0.76962 2 
-6.414 -33.192 7.88617 -0.86615 2 
-3.848 -33.192 7.96547 -0.92918 2 
-1.283 -33.192 7.88483 -1.06471 2 
1.283 -33.192 7.98583 -1.06119 2 
3.848 -33.192 8.27128 -1.03363 2 
6.414 -33.192 8.25147 -1.09729 2 
8.980 -33.192 8.29172 -1.03141 2 
11.545 -33.192 8.43476 -1.13502 2 
14.111 -33.192 8.44178 -1.10428 2 
16.676 -33.192 8.48755 -1.22208 2 
19.242 -33.192 8.63109 -1.04885 2 
21.808 -33.192 8.58448 -1.15049 2 
24.373 -33.192 8.92458 -0.85169 2 
26.939 -33.192 8.83267 -0.89575 2 
29.504 -33.192 8.91214 -0.93957 2 
32.070 -33.192 8.95320 -0.83318 2 
34.636 -33.192 9.07716 -0.82099 2 
37.201 -33.192 8.88384 -0.76866 2 
39.767 -33.192 9.08002 -0.68913 2 
42.332 -33.192 9.19202 -0.61709 2 
44.898 -33.192 9.12301 -0.53113 2 
47.464 -33.192 9.04483 -0.55203 2 
50.029 -33.192 9.09727 -0.54526 2 
52.595 -33.192 9.11051 -0.51299 2 
55.160 -33.192 9.21962 -0.34395 2 
57.726 -33.192 9.35740 -0.15411 2 
60.292 -33.192 9.08518 -0.33274 2 
62.857 -33.192 9.39752 -0.08291 2 
65.423 -33.192 9.25391 -0.07453 2 
67.988 -33.192 9.11053 0.14756 2 
70.554 -33.192 9.31983 0.07082 2 
73.120 -33.192 9.20291 0.15147 2 
75.685 -33.192 9.19426 0.17718 2 
78.251 -33.192 9.15940 0.29079 2 
80.816 -33.192 9.14574 0.41728 2 
83.382 -33.192 9.10420 0.45497 2 
85.948 -33.192 9.14427 0.45921 2 
88.513 -33.192 9.20891 0.51679 2 
91.079 -33.192 9.18519 0.57223 2 
93.644 -33.192 9.06836 0.53833 2 
96.210 -33.192 9.07165 0.68778 2 
98.776 -33.192 9.00490 0.79533 2 
101.341 -33.192 9.00496 0.83275 2 
103.907 -33.192 8.84239 0.75258 2 
106.472 -33.192 8.84451 0.90231 2 
109.038 -33.192 8.80879 0.95796 2 
111.603 -33.192 8.83664 0.96975 2 
114.169 -33.192 8.61911 0.94260 2 
116.735 -33.192 8.84492 1.39991 2 
119.300 -33.192 0.00000 -0.00000 0 
-8.980 -35.758 7.73476 -0.86335 2 
-6.414 -35.758 7.82706 -0.85704 2 
-3.848 -35.758 7.95081 -0.81671 2 
-1.283 -35.758 7.95427 -0.91049 2 
1.283 -35.758 8.07050 -0.95985 2 
3.848 -35.758 8.04088 -1.04961 2 
6.414 -35.758 8.18996 -0.97110 2 
8.980 -35.758 8.21716 -0.94508 2 
11.545 -35.758 8.38377 -1.23742 2 
14.111 -35.758 8.49334 -0.96517 2 
16.676 -35.758 8.54930 -0.93845 2 
19.242 -35.758 8.65889 -1.09721 2 
21.808 -35.758 8.59112 -1.04681 2 
24.373 -35.758 8.73011 -0.93474 2 
26.939 -35.758 8.84334 -1.07026 2 
29.504 -35.758 8.80831 -0.83136 2 
32.070 -35.758 8.95048 -0.87717 2 
34.636 -35.758 8.88636 -0.74790 2 
37.201 -35.758 8.98547 -0.72373 2 
39.767 -35.758 9.03832 -0.72412 2 
42.332 -35.758 8.94339 -0.73770 2 
44.898 -35.758 9.19175 -0.71491 2 
47.464 -35.758 9.19737 -0.35218 2 
50.029 -35.758 9.14496 -0.53112 2 
52.595 -35.758 9.03396 -0.16925 2 
55.160 -35.758 9.19205 -0.20589 2 
57.726 -35.758 9.22024 -0.40096 2 
60.292 -35.758 9.14616 -0.22147 2 
62.857 -35.758 9.13657 0.00401 2 
65.423 -35.758 9.15432 -0.09769 2 
67.988 -35.758 9.16918 -0.03878 2 
70.554 -35.758 9.20429 0.15269 2 
73.120 -35.758 9.24988 0.14289 2 
75.685 -35.758 9.17512 0.24785 2 
78.251 -35.758 9.01325 0.19962 2 
80.816 -35.758 9.09893 0.12103 2 
83.382 -35.758 9.10240 0.50674 2 
85.948 -35.758 8.90247 0.38352 2 
88.513 -35.758 9.04148 0.54230 2 
91.079 -35.758 8.96123 0.64877 2 
93.644 -35.758 8.97720 0.64551 2 
96.210 -35.758 8.96908 0.67230 2 
98.776 -35.758 8.96644 0.62391 2 
101.341 -35.758 8.85699 0.73232 2 
103.907 -35.758 8.75538 0.80188 2 
106.472 -35.758 8.73653 0.89517 2 
109.038 -35.758 8.76281 0.80039 2 
111.603 -35.758 8.70973 0.90472 2 
114.169 -35.758 8.55151 0.77502 2 
116.735 -35.758 8.85673 1.11507 2 
119.300 -35.758 0.00000 -0.00000 0 
-8.980 -38.324 7.70953 -0.79059 2 
-6.414 -38.324 7.86524 -0.80249 2 
-3.848 -38.324 7.86276 -1.00033 2 
-1.283 -38.324 7.97874 -0.85532 2 
1.283 -38.324 8.08610 -0.89695 2 
3.848 -38.324 8.28081 -0.97151 2 
6.414 -38.324 8.22013 -0.98624 2 
8.980 -38.324 8.39726 -1.00120 2 
11.545 -38.324 8.38573 -0.85142 2 
14.111 -38.324 8.58155 -0.96143 2 
16.676 -38.324 8.57326 -0.91734 2 
19.242 -38.324 8.61539 -0.95581 2 
21.808 -38.324 8.68476 -0.78145 2 
24.373 -38.324 8.71594 -0.99743 2 
26.939 -38.324 8.73480 -0.83753 2 
29.504 -38.324 8.81903 -0.79042 2 
32.070 -38.324 8.83990 -0.89552 2 
34.636 -38.324 8.92068 -0.81869 2 
37.201 -38.324 8.99469 -0.72185 2 
39.767 -38.324 8.92264 -0.55015 2 
42.332 -38.324 9.08538 -0.64485 2 
44.898 -38.324 9.07581 -0.57508 2 
47.464 -38.324 8.93725 -0.55363 2 
50.029 -38.324 9.03498 -0.51103 2 
52.595 -38.324 9.13935 -0.44671 2 
55.160 -38.324 9.05340 -0.53092 2 
57.726 -38.324 9.12429 -0.10758 2 
60.292 -38.324 8.98289 -0.20428 2 
62.857 -38.324 9.06269 -0.16428 2 
65.423 -38.324 9.13249 -0.08093 2 
67.988 -38.324 9.19043 0.02318 2 
70.554 -38.324 9.10552 0.05571 2 
73.120 -38.324 8.96415 -0.04109 2 
75.685 -38.324 9.14171 0.33936 2 
78.251 -38.324 9.06062 0.23290 2 
80.816 -38.324 9.26481 0.36244 2 
83.382 -38.324 9.04457 0.44277 2 
85.948 -38.324 9.11180 0.39991 2 
88.513 -38.324 8.93819 0.43182 2 
91.079 -38.324 8.91534 0.55444 2 
93.644 -38.324 9.03161 0.64502 2 
96.210 -38.324 8.93670 0.46954 2 
98.776 -38.324 8.83715 0.71213 2 
101.341 -38.324 8.97297 0.70266 2 
103.907 -38.324 8.91104 0.64938 2 
106.472 -38.324 8.76540 0.68251 2 
109.038 -38.324 8.78573 0.85604 2 
111.603 -38.324 8.56439 0.86714 2 
114.169 -38.324 8.59455 0.83989 2 
116.735 -38.324 8.85664 0.93634 2 
119.300 -38.324 0.00000 -0.00000 0 
-8.980 -40.889 7.95136 -0.78784 2 
-6.414 -40.889 8.01346 -0.80199 2 
-3.848 -40.889 8.00377 -0.65678 2 
-1.283 -40.889 8.12087 -0.85679 2 
1.283 -40.889 8.21218 -0.79974 2 
3.848 -40.889 8.14143 -0.89494 2 
6.414 -40.889 8.31049 -0.87722 2 
8.980 -40.889 8.24469 -0.92061 2 
11.545 -40.889 8.31294 -0.90249 2 
14.111 -40.889 8.48353 -0.84545 2 
16.676 -40.889 8.49045 -0.91329 2 
19.242 -40.889 8.64425 -0.96403 2 
21.808 -40.889 8.60565 -0.90528 2 
24.373 -40.889 8.73747 -0.76958 2 
26.939 -40.889 8.77144 -0.78654 2 
29.504 -40.889 8.88375 -0.79486 2 
32.070 -40.889 8.65637 -0.69493 2 
34.636 -40.889 8.90528 -0.72080 2 
37.201 -40.889 8.94516 -0.69479 2 
39.767 -40.889 8.91509 -0.58328 2 
42.332 -40.889 8.97978 -0.64349 2 
44.898 -40.889 8.85049 -0.50104 2 
47.464 -40.889 9.02705 -0.42391 2 
50.029 -40.889 9.00242 -0.40278 2 
52.595 -40.889 9.18432 -0.31554 2 
55.160 -40.889 8.97051 -0.23341 2 
57.726 -40.889 9.04803 -0.25002 2 
60.292 -40.889 9.08606 -0.28175 2 
62.857 -40.889 9.19444 -0.16841 2 
65.423 -40.889 9.02804 0.11760 2 
67.988 -40.889 9.03984 -0.00317 2 
70.554 -40.889 9.01801 -0.04454 2 
73.120 -40.889 9.14638 0.12627 2 
75.685 -40.889 8.96399 0.23545 2 
78.251 -40.889 8.99875 0.28195 2 
80.816 -40.889 8.95332 0.26022 2 
83.382 -40.889 8.97258 0.37915 2 
85.948 -40.889 8.98540 0.55578 2 
88.513 -40.889 9.04269 0.23536 2 
91.079 -40.889 8.91092 0.56042 2 
93.644 -40.889 8.96883 0.65691 2 
96.210 -40.889 8.80555 0.50937 2 
98.776 -40.889 8.90406 0.63348 2 
101.341 -40.889 8.75650 0.62454 2 
103.907 -40.889 8.80781 0.88103 2 
106.472 -40.889 8.79154 0.77302 2 
109.038 -40.889 8.68746 0.70418 2 
111.603 -40.889 8.65118 0.71989 2 
114.169 -40.889 8.44891 0.66261 2 
116.735 -40.889 8.76672 0.88839 2 
119.300 -40.889 0.00000 -0.00000 0 
-8.980 -43.455 7.85196 -0.79154 2 
-6.414 -43.455 7.97922 -0.78507 2 
-3.848 -43.455 8.04202 -0.77189 2 
-1.283 -43.455 8.02413 -0.80930 2 
1.283 -43.455 8.12605 -0.81809 2 
3.848 -43.455 8.22709 -0.83507 2 
6.414 -43.455 8.29414 -0.87589 2 
8.980 -43.455 8.22360 -0.85748 2 
11.545 -43.455 8.39309 -0.81518 2 
14.111 -43.455 8.33155 -0.90520 2 
16.676 -43.455 8.61188 -0.78190 2 
19.242 -43.455 8.41498 -0.86041 2 
21.808 -43.455 8.58231 -0.91041 2 
24.373 -43.455 8.68010 -0.76596 2 
26.939 -43.455 8.69362 -0.72167 2 
29.504 -43.455 8.74609 -0.75321 2 
32.070 -43.455 8.72393 -0.75039 2 
34.636 -43.455 8.79183 -0.63939 2 
37.201 -43.455 8.89566 -0.68239 2 
39.767 -43.455 8.81124 -0.62796 2 
42.332 -43.455 8.77354 -0.43047 2 
44.898 -43.455 9.01610 -0.45685 2 
47.464 -43.455 8.89824 -0.49586 2 
50.029 -43.455 8.96800 -0.45743 2 
52.595 -43.455 8.89218 -0.25949 2 
55.160 -43.455 9.06642 -0.34976 2 
57.726 -43.455 8.99633 -0.28717 2 
60.292 -43.455 8.98576 -0.15521 2 
62.857 -43.455 8.95174 -0.20331 2 
65.423 -43.455 8.96317 -0.13898 2 
67.988 -43.455 9.00147 0.11280 2 
70.554 -43.455 9.00375 0.12128 2 
73.120 -43.455 8.87483 0.16584 2 
75.685 -43.455 9.00005 0.20282 2 
78.251 -43.455 8.98568 0.20015 2 
80.816 -43.455 9.09078 0.30516 2 
83.382 -43.455 8.84998 0.24403 2 
85.948 -43.455 8.88340 0.43270 2 
88.513 -43.455 8.91654 0.35711 2 
91.079 -43.455 8.89807 0.62784 2 
93.644 -43.455 8.74651 0.53303 2 
96.210 -43.455 8.81691 0.64031 2 
98.776 -43.455 8.76580 0.61793 2 
101.341 -43.455 8.75171 0.58815 2 
103.907 -43.455 8.78622 0.63179 2 
106.472 -43.455 8.70205 0.67412 2 
109.038 -43.455 8.72437 0.69324 2 
111.603 -43.455 8.65098 0.71634 2 
114.169 -43.455 8.60015 0.84197 2 
116.735 -43.455 8.67679 0.84044 2 
119.300 -43.455 0.00000 -0.00000 0 
-8.980 -46.020 7.92930 -0.68172 2 
-6.414 -46.020 7.88747 -0.74496 2 
-3.848 -46.020 8.01763 -0.85114 2 
-1.283 -46.020 8.10253 -0.79889 2 
1.283 -46.020 8.17067 -0.75972 2 
3.848 -46.020 8.31139 -0.75280 2 
6.414 -46.020 8.21665 -0.88417 2 
8.980 -46.020 8.34528 -0.82916 2 
11.545 -46.020 8.46822 -0.85786 2 
14.111 -46.020 8.40378 -0.76187 2 
16.676 -46.020 8.53094 -0.90837 2 
19.242 -46.020 8.57393 -0.91857 2 
21.808 -46.020 8.53614 -0.68229 2 
24.373 -46.020 8.65133 -0.84799 2 
26.939 -46.020 8.73587 -0.80161 2 
29.504 -46.020 8.72567 -0.66854 2 
32.070 -46.020 8.76120 -0.74141 2 
34.636 -46.020 8.81292 -0.68160 2 
37.201 -46.020 8.74432 -0.58080 2 
39.767 -46.020 8.87521 -0.65964 2 
42.332 -46.020 8.96983 -0.59759 2 
44.898 -46.020 8.85409 -0.46699 2 
47.464 -46.020 8.84651 -0.39718 2 
50.029 -46.020 8.89987 -0.48072 2 
52.595 -46.020 8.83556 -0.23098 2 
55.160 -46.020 8.95829 -0.22989 2 
57.726 -46.020 8.96576 -0.30763 2 
60.292 -46.020 8.99760 -0.06202 2 
62.857 -46.020 8.98945 -0.30484 2 
65.423 -46.020 8.97422 0.01931 2 
67.988 -46.020 8.91031 -0.07281 2 
70.554 -46.020 8.99650 0.06457 2 
73.120 -46.020 8.88339 0.13262 2 
75.685 -46.020 8.99172 0.02769 2 
78.251 -46.020 9.06039 0.08578 2 
80.816 -46.020 8.90244 0.34067 2 
83.382 -46.020 9.07360 0.36875 2 
85.948 -46.020 9.09290 0.25648 2 
88.513 -46.020 8.95356 0.40044 2 
91.079 -46.020 8.68895 0.35387 2 
93.644 -46.020 8.90065 0.43769 2 
96.210 -46.020 8.80060 0.57339 2 
98.776 -46.020 8.82320 0.51212 2 
101.341 -46.020 8.68195 0.61884 2 
103.907 -46.020 8.78333 0.47274 2 
106.472 -46.020 8.60274 0.72511 2 
109.038 -46.020 8.73195 0.73891 2 
111.603 -46.020 8.47497 0.65621 2 
114.169 -46.020 8.52201 0.70754 2 
116.735 -46.020 8.85488 0.76952 2 
119.300 -46.020 0.00000 -0.00000 0 
-8.980 -48.586 8.08670 -0.69503 2 
-6.414 -48.586 8.01781 -0.83247 2 
-3.848 -48.586 8.08694 -0.77881 2 
-1.283 -48.586 8.12963 -0.79426 2 
1.283 -48.586 8.11837 -0.75671 2 
3.848 -48.586 8.13291 -0.77979 2 
6.414 -48.586 8.36024 -0.75527 2 
8.980 -48.586 8.38340 -0.83025 2 
11.545 -48.586 8.38593 -0.73089 2 
14.111 -48.586 8.41839 -0.85685 2 
16.676 -48.586 8.42469 -0.71262 2 
19.242 -48.586 8.58327 -0.67234 2 
21.808 -48.586 8.61885 -0.74729 2 
24.373 -48.586 8.62407 -0.60695 2 
26.939 -48.586 8.78058 -0.76337 2 
29.504 -48.586 8.75633 -0.59806 2 
32.070 -48.586 8.68633 -0.65537 2 
34.636 -48.586 8.76547 -0.63215 2 
37.201 -48.586 8.81949 -0.67270 2 
39.767 -48.586 8.78977 -0.51047 2 
42.332 -48.586 8.72215 -0.42213 2 
44.898 -48.586 8.84970 -0.54262 2 
47.464 -48.586 8.89717 -0.34586 2 
50.029 -48.586 8.90008 -0.35911 2 
52.595 -48.586 8.91046 -0.29193 2 
55.160 -48.586 8.86471 -0.47150 2 
57.726 -48.586 9.02744 -0.09933 2 
60.292 -48.586 8.72515 -0.16747 2 
62.857 -48.586 8.91991 -0.04369 2 
65.423 -48.586 8.88081 -0.06501 2 
67.988 -48.586 8.93681 -0.08395 2 
70.554 -48.586 8.89928 -0.04341 2 
73.120 -48.586 8.94936 0.16666 2 
75.685 -48.586 9.03100 0.08742 2 
78.251 -48.586 8.85434 0.12632 2 
80.816 -48.586 8.85621 0.27348 2 
83.382 -48.586 8.96318 0.40859 2 
85.948 -48.586 8.97349 0.35103 2 
88.513 -48.586 8.79469 0.34190 2 
91.079 -48.586 8.82280 0.47647 2 
93.644 -48.586 8.77728 0.41156 2 
96.210 -48.586 8.85894 0.54386 2 
98.776 -48.586 8.78740 0.63319 2 
101.341 -48.586 8.90803 0.51303 2 
103.907 -48.586 8.61731 0.55126 2 
106.472 -48.586 8.73875 0.55593 2 
109.038 -48.586 8.71692 0.50140 2 
111.603 -48.586 8.54220 0.70274 2 
114.169 -48.586 8.54667 0.73805 2 
116.735 -48.586 8.71320 0.79962 2 
119.300 -48.586 0.00000 -0.00000 0 
-8.980 -51.152 8.00878 -0.67292 2 
-6.414 -51.152 8.08341 -0.60439 2 
-3.848 -51.152 8.10486 -0.63525 2 
-1.283 -51.152 8.06936 -0.75620 2 
1.283 -51.152 8.09794 -0.69897 2 
3.848 -51.152 8.08621 -0.72462 2 
6.414 -51.152 8.28989 -0.74461 2 
8.980 -51.152 8.37760 -0.74794 2 
11.545 -51.152 8.50156 -0.71825 2 
14.111 -51.152 8.25077 -0.68295 2 
16.676 -51.152 8.37824 -0.87027 2 
19.242 -51.152 8.51995 -0.60546 2 
21.808 -51.152 8.53753 -0.75395 2 
24.373 -51.152 8.56087 -0.64956 2 
26.939 -51.152 8.74662 -0.80773 2 
29.504 -51.152 8.66533 -0.57666 2 
32.070 -51.152 8.72416 -0.56211 2 
34.636 -51.152 8.66745 -0.63955 2 
37.201 -51.152 8.80030 -0.53096 2 
39.767 -51.152 8.86475 -0.45196 2 
42.332 -51.152 8.82289 -0.49620 2 
44.898 -51.152 8.75608 -0.47602 2 
47.464 -51.152 8.66737 -0.37134 2 
50.029 -51.152 8.91915 -0.33934 2 
52.595 -51.152 8.77665 -0.34040 2 
55.160 -51.152 8.91275 -0.12888 2 
57.726 -51.152 8.86698 -0.17363 2 
60.292 -51.152 8.93265 -0.24799 2 
62.857 -51.152 8.83882 -0.09977 2 
65.423 -51.152 8.86068 -0.08032 2 
67.988 -51.152 8.89853 0.01552 2 
70.554 -51.152 8.84980 0.08908 2 
73.120 -51.152 8.88634 0.06929 2 
75.685 -51.152 8.77590 0.05910 2 
78.251 -51.152 8.89512 0.12147 2 
80.816 -51.152 8.92439 0.25418 2 
83.382 -51.152 8.80719 0.24340 2 
85.948 -51.152 8.73138 0.21975 2 
88.513 -51.152 8.85251 0.42797 2 
91.079 -51.152 8.88667 0.19692 2 
93.644 -51.152 8.69886 0.44705 2 
96.210 -51.152 8.72774 0.37830 2 
98.776 -51.152 8.68431 0.48354 2 
101.341 -51.152 8.76559 0.54939 2 
103.907 -51.152 8.69149 0.58641 2 
106.472 -51.152 8.63977 0.55485 2 
109.038 -51.152 8.60870 0.61558 2 
111.603 -51.152 8.50730 0.64249 2 
114.169 -51.152 8.46549 0.68015 2 
116.735 -51.152 8.57151 0.82971 2 
119.300 -51.152 0.00000 -0.00000 0 
-8.980 -53.717 8.07081 -0.69858 2 
-6.414 -53.717 8.02711 -0.88076 2 
-3.848 -53.717 8.09860 -0.85199 2 
-1.283 -53.717 8.17009 -0.82322 2 
1.283 -53.717 8.26866 -0.79647 2 
3.848 -53.717 8.39571 -0.69283 2 
6.414 -53.717 8.43035 -0.74564 2 
8.980 -53.717 8.46058 -0.76297 2 
11.545 -53.717 8.39763 -0.80182 2 
14.111 -53.717 8.62708 -0.72362 2 
16.676 -53.717 8.77649 -0.73039 2 
19.242 -53.717 8.80807 -0.77705 2 
21.808 -53.717 8.60340 -0.60466 2 
24.373 -53.717 8.72020 -0.70383 2 
26.939 -53.717 8.85040 -0.67685 2 
29.504 -53.717 8.67501 -0.64702 2 
32.070 -53.717 9.00803 -0.63491 2 
34.636 -53.717 8.94012 -0.54220 2 
37.201 -53.717 8.88798 -0.55113 2 
39.767 -53.717 8.83584 -0.56005 2 
42.332 -53.717 8.97886 -0.63924 2 
44.898 -53.717 9.03085 -0.58781 2 
47.464 -53.717 9.08284 -0.53638 2 
50.029 -53.717 8.82268 -0.24327 2 
52.595 -53.717 8.73954 -0.29869 2 
55.160 -53.717 8.86184 -0.29145 2 
57.726 -53.717 8.63684 -0.26188 2 
60.292 -53.717 8.88543 -0.12694 2 
62.857 -53.717 8.82611 -0.07773 2 
65.423 -53.717 8.93075 -0.09086 2 
67.988 -53.717 8.75273 -0.05274 2 
70.554 -53.717 8.84822 0.10197 2 
73.120 -53.717 8.89584 -0.06294 2 
75.685 -53.717 8.89630 0.12417 2 
78.251 -53.717 8.77584 0.19062 2 
80.816 -53.717 8.83597 0.19085 2 
83.382 -53.717 8.84769 0.40193 2 
85.948 -53.717 8.77295 0.29547 2 
88.513 -53.717 8.79390 0.49999 2 
91.079 -53.717 8.74232 0.36157 2 
93.644 -53.717 8.90685 0.55005 2 
96.210 -53.717 8.66107 0.55874 2 
98.776 -53.717 8.69561 0.63015 2 
101.341 -53.717 8.57855 0.66464 2 
103.907 -53.717 8.56081 0.64882 2 
106.472 -53.717 8.51576 0.66587 2 
109.038 -53.717 8.58325 0.67530 2 
111.603 -53.717 8.56083 0.76541 2 
114.169 -53.717 8.54039 0.61063 2 
116.735 -53.717 0.00000 -0.00000 0 
119.300 -53.717 0.00000 -0.00000 0 
-8.980 -56.283 0.00000 -0.00000 0 
-6.414 -56.283 0.00000 -0.00000 0 
-3.848 -56.283 0.00000 -0.00000 0 
-1.283 -56.283 0.00000 -0.00000 0 
1.283 -56.283 0.00000 -0.00000 0 
3.848 -56.283 0.00000 -0.00000 0 
6.414 -56.283 0.00000 -0.00000 0 
8.980 -56.283 0.00000 -0.00000 0 
11.545 -56.283 0.00000 -0.00000 0 
14.111 -56.283 0.00000 -0.00000 0 
16.676 -56.283 0.00000 -0.00000 0 
19.242 -56.283 0.00000 -0.00000 0 
21.808 -56.283 0.00000 -0.00000 0 
24.373 -56.283 0.00000 -0.00000 0 
26.939 -56.283 0.00000 -0.00000 0 
29.504 -56.283 0.00000 -0.00000 0 
32.070 -56.283 0.00000 -0.00000 0 
34.636 -56.283 0.00000 -0.00000 0 
37.201 -56.283 0.00000 -0.00000 0 
39.767 -56.283 0.00000 -0.00000 0 
42.332 -56.283 0.00000 -0.00000 0 
44.898 -56.283 0.00000 -0.00000 0 
47.464 -56.283 8.99194 -0.27886 2 
50.029 -56.283 8.74213 -0.28579 2 
52.595 -56.283 8.89984 -0.32889 2 
55.160 -56.283 8.74299 -0.21125 2 
57.726 -56.283 8.84034 -0.12556 2 
60.292 -56.283 8.79796 -0.19228 2 
62.857 -56.283 8.75558 -0.25901 2 
65.423 -56.283 8.81912 -0.00772 2 
67.988 -56.283 8.88960 -0.19877 2 
70.554 -56.283 8.75241 -0.14767 2 
73.120 -56.283 8.88607 -0.06081 2 
75.685 -56.283 8.68709 0.12430 2 
78.251 -56.283 8.81964 0.10561 2 
80.816 -56.283 8.78598 0.22186 2 
83.382 -56.283 8.75043 0.28474 2 
85.948 -56.283 8.73665 0.21517 2 
88.513 -56.283 8.73681 0.36785 2 
91.079 -56.283 8.70745 0.32457 2 
93.644 -56.283 0.00000 -0.00000 0 
96.210 -56.283 0.00000 -0.00000 0 
98.776 -56.283 0.00000 -0.00000 0 
101.341 -56.283 0.00000 -0.00000 0 
103.907 -56.283 0.00000 -0.00000 0 
106.472 -56.283 0.00000 -0.00000 0 
109.038 -56.283 0.00000 -0.00000 0 
111.603 -56.283 0.00000 -0.00000 0 
114.169 -56.283 0.00000 -0.00000 0 
116.735 -56.283 0.00000 -0.00000 0 
119.300 -56.283 0.00000 -0.00000 0 
