TITLE = "B00093"
VARIABLES = "X [mm]", "Y [mm]", "Vx [m/s]", "Vy [m/s]", "Flag"
ZONE T="Frame 1", I=51, J=39, F=POINT
-8.980 41.210 7.21857 0.15909 2 
-6.414 41.210 7.28799 0.42134 2 
-3.848 41.210 7.26642 0.30470 2 
-1.283 41.210 7.17734 0.33113 2 
1.283 41.210 7.78453 0.41374 2 
3.848 41.210 0.00000 -0.00000 0 
6.414 41.210 0.00000 -0.00000 0 
8.980 41.210 0.00000 -0.00000 0 
11.545 41.210 0.00000 -0.00000 0 
14.111 41.210 0.00000 -0.00000 0 
16.676 41.210 0.00000 -0.00000 0 
19.242 41.210 3.88780 0.36449 2 
21.808 41.210 7.77559 0.72898 2 
24.373 41.210 7.43040 0.76313 2 
26.939 41.210 7.57663 0.79491 2 
29.504 41.210 7.45710 0.72349 2 
32.070 41.210 7.55899 0.81787 2 
34.636 41.210 7.83844 0.87468 2 
37.201 41.210 7.68486 0.85133 2 
39.767 41.210 7.76774 0.72713 2 
42.332 41.210 7.78069 0.80553 2 
44.898 41.210 7.84187 0.77041 2 
47.464 41.210 7.97274 0.78109 2 
50.029 41.210 8.04921 0.71661 2 
52.595 41.210 8.06188 0.75614 2 
55.160 41.210 8.07455 0.79566 2 
57.726 41.210 8.08722 0.83518 2 
60.292 41.210 8.31750 0.80514 2 
62.857 41.210 8.30434 0.53566 2 
65.423 41.210 8.27378 0.52809 2 
67.988 41.210 8.36252 0.72000 2 
70.554 41.210 8.56309 0.71240 2 
73.120 41.210 8.43677 0.44695 2 
75.685 41.210 8.64704 0.40331 2 
78.251 41.210 8.57568 0.48712 2 
80.816 41.210 0.00000 0.00000 0 
83.382 41.210 8.58255 0.42534 2 
85.948 41.210 8.63501 0.35093 2 
88.513 41.210 8.63684 0.19485 2 
91.079 41.210 8.66048 0.19206 2 
93.644 41.210 8.61339 -0.00189 2 
96.210 41.210 8.59598 0.02138 2 
98.776 41.210 8.59939 -0.26280 2 
101.341 41.210 8.57483 -0.28516 2 
103.907 41.210 8.51637 -0.37117 2 
106.472 41.210 8.41037 -0.58467 2 
109.038 41.210 8.32081 -0.50601 2 
111.603 41.210 8.35105 -0.59688 2 
114.169 41.210 8.21304 -0.40520 2 
116.735 41.210 8.47179 -0.64507 2 
119.300 41.210 0.00000 -0.00000 0 
-8.980 38.644 7.09088 0.37875 2 
-6.414 38.644 7.26325 0.32915 2 
-3.848 38.644 7.20871 0.25710 2 
-1.283 38.644 7.29701 0.48472 2 
1.283 38.644 7.52086 0.44724 2 
3.848 38.644 0.00000 -0.00000 0 
6.414 38.644 0.00000 -0.00000 0 
8.980 38.644 0.00000 -0.00000 0 
11.545 38.644 0.00000 -0.00000 0 
14.111 38.644 0.00000 -0.00000 0 
16.676 38.644 0.00000 -0.00000 0 
19.242 38.644 4.01931 0.42515 2 
21.808 38.644 8.03862 0.85030 2 
24.373 38.644 7.23363 0.70892 2 
26.939 38.644 7.54876 0.75929 2 
29.504 38.644 7.51115 0.87351 2 
32.070 38.644 7.43138 0.81672 2 
34.636 38.644 7.50145 0.89628 2 
37.201 38.644 7.67419 0.87250 2 
39.767 38.644 7.64838 0.89300 2 
42.332 38.644 7.84534 0.79354 2 
44.898 38.644 7.93285 0.86258 2 
47.464 38.644 8.05310 0.85320 2 
50.029 38.644 7.79848 0.91512 2 
52.595 38.644 8.12873 0.86966 2 
55.160 38.644 7.82910 0.86128 2 
57.726 38.644 8.25935 0.90174 2 
60.292 38.644 8.30057 0.73959 2 
62.857 38.644 8.20664 0.55824 2 
65.423 38.644 8.56947 0.92926 2 
67.988 38.644 8.42894 0.64885 2 
70.554 38.644 8.57920 0.78146 2 
73.120 38.644 8.51020 0.59452 2 
75.685 38.644 8.58513 0.69886 2 
78.251 38.644 8.58022 0.49095 2 
80.816 38.644 0.00000 0.00000 0 
83.382 38.644 8.82592 0.40201 2 
85.948 38.644 8.96427 0.41704 2 
88.513 38.644 8.64062 0.09994 2 
91.079 38.644 8.92526 0.16159 2 
93.644 38.644 8.73913 -0.16083 2 
96.210 38.644 8.79788 -0.04893 2 
98.776 38.644 8.99298 0.07739 2 
101.341 38.644 8.59910 -0.38415 2 
103.907 38.644 8.72561 -0.47100 2 
106.472 38.644 8.60159 -0.52453 2 
109.038 38.644 8.62905 -0.58038 2 
111.603 38.644 8.35578 -0.61322 2 
114.169 38.644 8.13544 -0.62706 2 
116.735 38.644 8.65271 -0.60878 2 
119.300 38.644 0.00000 -0.00000 0 
-8.980 36.079 7.22646 0.37930 2 
-6.414 36.079 7.06277 0.33665 2 
-3.848 36.079 7.29519 0.60769 2 
-1.283 36.079 7.18146 0.21800 2 
1.283 36.079 7.66801 0.54245 2 
3.848 36.079 0.00000 -0.00000 0 
6.414 36.079 0.00000 -0.00000 0 
8.980 36.079 0.00000 -0.00000 0 
11.545 36.079 0.00000 -0.00000 0 
14.111 36.079 0.00000 -0.00000 0 
16.676 36.079 0.00000 -0.00000 0 
19.242 36.079 3.90143 0.36708 2 
21.808 36.079 7.80287 0.73417 2 
24.373 36.079 7.22889 0.84441 2 
26.939 36.079 7.30237 0.81006 2 
29.504 36.079 7.44005 0.71242 2 
32.070 36.079 7.57647 0.87643 2 
34.636 36.079 7.70527 0.94901 2 
37.201 36.079 7.62695 1.03437 2 
39.767 36.079 7.68349 0.86448 2 
42.332 36.079 7.58899 0.84269 2 
44.898 36.079 7.90655 0.85995 2 
47.464 36.079 7.97890 0.93137 2 
50.029 36.079 7.90561 0.74764 2 
52.595 36.079 8.10702 1.04190 2 
55.160 36.079 7.92424 0.91038 2 
57.726 36.079 8.27046 0.98156 2 
60.292 36.079 8.16917 0.87846 2 
62.857 36.079 8.24892 0.86836 2 
65.423 36.079 8.30699 0.83774 2 
67.988 36.079 8.45647 0.86994 2 
70.554 36.079 8.57133 0.61968 2 
73.120 36.079 8.68386 0.72162 2 
75.685 36.079 8.62375 0.43761 2 
78.251 36.079 8.62828 0.76099 2 
80.816 36.079 0.00000 0.00000 0 
83.382 36.079 8.68900 0.31271 2 
85.948 36.079 8.69167 0.20762 2 
88.513 36.079 8.81523 0.12321 2 
91.079 36.079 8.80933 0.26833 2 
93.644 36.079 8.97491 0.09582 2 
96.210 36.079 8.73682 -0.02332 2 
98.776 36.079 8.81259 -0.33269 2 
101.341 36.079 8.83701 -0.36645 2 
103.907 36.079 8.93987 -0.45020 2 
106.472 36.079 8.67486 -0.51186 2 
109.038 36.079 8.49724 -0.95702 2 
111.603 36.079 8.41282 -0.73615 2 
114.169 36.079 8.29567 -0.78009 2 
116.735 36.079 8.37516 -1.06558 2 
119.300 36.079 0.00000 -0.00000 0 
-8.980 33.513 7.08049 0.25587 2 
-6.414 33.513 7.26909 0.19987 2 
-3.848 33.513 7.16861 0.21700 2 
-1.283 33.513 7.15282 0.45092 2 
1.283 33.513 7.52164 0.54083 2 
3.848 33.513 0.00000 -0.00000 0 
6.414 33.513 0.00000 -0.00000 0 
8.980 33.513 0.00000 -0.00000 0 
11.545 33.513 0.00000 -0.00000 0 
14.111 33.513 0.00000 -0.00000 0 
16.676 33.513 0.00000 -0.00000 0 
19.242 33.513 3.95994 0.46798 2 
21.808 33.513 7.91989 0.93597 2 
24.373 33.513 7.33706 0.93447 2 
26.939 33.513 7.49317 0.96075 2 
29.504 33.513 7.43129 0.94731 2 
32.070 33.513 7.50323 1.00644 2 
34.636 33.513 7.35800 0.91554 2 
37.201 33.513 7.75091 1.03992 2 
39.767 33.513 7.91087 0.84710 2 
42.332 33.513 7.80223 1.01793 2 
44.898 33.513 7.86079 1.00885 2 
47.464 33.513 7.99776 0.96918 2 
50.029 33.513 7.99026 0.96085 2 
52.595 33.513 8.22957 0.92780 2 
55.160 33.513 8.01939 0.95948 2 
57.726 33.513 8.15126 0.94706 2 
60.292 33.513 8.38999 0.80957 2 
62.857 33.513 8.35137 0.80869 2 
65.423 33.513 8.45419 0.80496 2 
67.988 33.513 8.58893 0.72430 2 
70.554 33.513 8.53777 0.88407 2 
73.120 33.513 8.79260 0.79525 2 
75.685 33.513 8.65353 0.70526 2 
78.251 33.513 8.67892 0.52466 2 
80.816 33.513 0.00000 0.00000 0 
83.382 33.513 8.79056 0.45206 2 
85.948 33.513 8.92564 0.51598 2 
88.513 33.513 8.95965 0.06001 2 
91.079 33.513 9.08961 0.21323 2 
93.644 33.513 8.85912 -0.18804 2 
96.210 33.513 8.96192 -0.12670 2 
98.776 33.513 9.06204 -0.27898 2 
101.341 33.513 8.77764 -0.52025 2 
103.907 33.513 8.68645 -0.61782 2 
106.472 33.513 9.06116 -0.70247 2 
109.038 33.513 8.77546 -0.74263 2 
111.603 33.513 8.36053 -1.05945 2 
114.169 33.513 8.35700 -0.87508 2 
116.735 33.513 8.37718 -1.13771 2 
119.300 33.513 0.00000 -0.00000 0 
-8.980 30.948 7.09691 0.32419 2 
-6.414 30.948 7.13512 0.30250 2 
-3.848 30.948 7.12256 0.48538 2 
-1.283 30.948 6.99235 0.39417 2 
1.283 30.948 7.47321 0.52762 2 
3.848 30.948 0.00000 -0.00000 0 
6.414 30.948 0.00000 -0.00000 0 
8.980 30.948 0.00000 -0.00000 0 
11.545 30.948 0.00000 -0.00000 0 
14.111 30.948 0.00000 -0.00000 0 
16.676 30.948 0.00000 -0.00000 0 
19.242 30.948 3.81368 0.41916 2 
21.808 30.948 7.62735 0.83832 2 
24.373 30.948 7.19498 0.89337 2 
26.939 30.948 7.40200 0.97912 2 
29.504 30.948 7.45012 0.90941 2 
32.070 30.948 7.43880 0.94511 2 
34.636 30.948 7.54057 1.00570 2 
37.201 30.948 7.67881 0.86475 2 
39.767 30.948 7.64159 1.16086 2 
42.332 30.948 7.67135 1.14198 2 
44.898 30.948 7.93503 1.03297 2 
47.464 30.948 7.93934 1.01215 2 
50.029 30.948 8.08295 1.13451 2 
52.595 30.948 8.05321 1.02269 2 
55.160 30.948 8.07252 0.99839 2 
57.726 30.948 8.09088 1.00623 2 
60.292 30.948 8.20784 0.79736 2 
62.857 30.948 8.33167 0.91900 2 
65.423 30.948 8.43992 0.87420 2 
67.988 30.948 8.52923 0.85658 2 
70.554 30.948 8.58310 0.87826 2 
73.120 30.948 8.72768 0.64678 2 
75.685 30.948 8.67186 0.57063 2 
78.251 30.948 8.97677 0.77502 2 
80.816 30.948 0.00000 0.00000 0 
83.382 30.948 8.92009 0.42272 2 
85.948 30.948 9.05168 0.29470 2 
88.513 30.948 8.92712 0.19183 2 
91.079 30.948 9.03031 -0.02491 2 
93.644 30.948 9.07878 0.15364 2 
96.210 30.948 9.14490 -0.14758 2 
98.776 30.948 9.03308 -0.51657 2 
101.341 30.948 9.21024 -0.55659 2 
103.907 30.948 8.76821 -0.68641 2 
106.472 30.948 8.81821 -0.91742 2 
109.038 30.948 8.85502 -0.96638 2 
111.603 30.948 8.79871 -0.88692 2 
114.169 30.948 8.37904 -1.23772 2 
116.735 30.948 8.64118 -1.20146 2 
119.300 30.948 0.00000 -0.00000 0 
-8.980 28.382 7.13032 0.17873 2 
-6.414 28.382 7.14284 0.24226 2 
-3.848 28.382 7.05074 0.38086 2 
-1.283 28.382 7.04713 0.45458 2 
1.283 28.382 7.59466 0.49331 2 
3.848 28.382 6.30777 0.48117 2 
6.414 28.382 0.00000 -0.00000 0 
8.980 28.382 0.00000 -0.00000 0 
11.545 28.382 0.00000 -0.00000 0 
14.111 28.382 0.00000 -0.00000 0 
16.676 28.382 2.83052 0.37147 2 
19.242 28.382 5.37316 0.71380 2 
21.808 28.382 7.62793 1.02698 2 
24.373 28.382 7.23796 1.02823 2 
26.939 28.382 7.32603 0.89603 2 
29.504 28.382 7.30997 0.98975 2 
32.070 28.382 7.47563 0.99854 2 
34.636 28.382 7.52914 1.09262 2 
37.201 28.382 7.50929 1.16557 2 
39.767 28.382 7.65709 0.98039 2 
42.332 28.382 7.71498 1.06215 2 
44.898 28.382 7.80910 1.16850 2 
47.464 28.382 8.12624 1.12591 2 
50.029 28.382 7.96862 1.28406 2 
52.595 28.382 8.21065 1.06227 2 
55.160 28.382 8.26737 0.97544 2 
57.726 28.382 8.46803 1.08477 2 
60.292 28.382 8.40797 0.95126 2 
62.857 28.382 8.29251 1.08713 2 
65.423 28.382 8.62975 0.91995 2 
67.988 28.382 8.44575 0.88916 2 
70.554 28.382 8.76620 0.86964 2 
73.120 28.382 8.76438 0.85117 2 
75.685 28.382 8.64707 0.99464 2 
78.251 28.382 8.81668 0.51342 2 
80.816 28.382 9.05633 0.67652 2 
83.382 28.382 9.01187 0.63055 2 
85.948 28.382 8.96742 0.58459 2 
88.513 28.382 9.26037 0.45532 2 
91.079 28.382 9.06879 0.21390 2 
93.644 28.382 9.22922 -0.02551 2 
96.210 28.382 9.13181 -0.15930 2 
98.776 28.382 9.22740 -0.54203 2 
101.341 28.382 9.07106 -0.50264 2 
103.907 28.382 9.02551 -0.81943 2 
106.472 28.382 9.22146 -0.79468 2 
109.038 28.382 9.06272 -1.10997 2 
111.603 28.382 8.62236 -1.30723 2 
114.169 28.382 8.35414 -1.63982 2 
116.735 28.382 8.39419 -1.42522 2 
119.300 28.382 0.00000 -0.00000 0 
-8.980 25.816 7.07225 0.05112 2 
-6.414 25.816 7.16527 0.27117 2 
-3.848 25.816 6.85096 0.35374 2 
-1.283 25.816 7.10396 0.50907 2 
1.283 25.816 7.03446 0.31516 2 
3.848 25.816 7.62252 0.70917 2 
6.414 25.816 0.00000 -0.00000 0 
8.980 25.816 0.00000 -0.00000 0 
11.545 25.816 0.00000 -0.00000 0 
14.111 25.816 0.00000 -0.00000 0 
16.676 25.816 4.24578 0.55721 2 
19.242 25.816 8.49155 1.11442 2 
21.808 25.816 6.99550 0.99289 2 
24.373 25.816 7.22335 1.08726 2 
26.939 25.816 7.16429 1.10058 2 
29.504 25.816 7.47004 1.12712 2 
32.070 25.816 7.43172 1.08968 2 
34.636 25.816 7.42192 1.00435 2 
37.201 25.816 7.61778 1.06389 2 
39.767 25.816 7.79487 1.18453 2 
42.332 25.816 7.76759 1.15781 2 
44.898 25.816 7.77718 1.26349 2 
47.464 25.816 7.96666 1.23988 2 
50.029 25.816 8.03433 1.06570 2 
52.595 25.816 7.92212 1.06271 2 
55.160 25.816 8.30872 1.00570 2 
57.726 25.816 8.23147 1.15635 2 
60.292 25.816 8.47213 1.22082 2 
62.857 25.816 8.42243 0.99351 2 
65.423 25.816 8.48675 1.21847 2 
67.988 25.816 8.58302 0.87114 2 
70.554 25.816 8.76010 1.06249 2 
73.120 25.816 8.87386 1.16314 2 
75.685 25.816 8.90537 0.80893 2 
78.251 25.816 9.10282 0.73854 2 
80.816 25.816 9.20733 0.83098 2 
83.382 25.816 0.00000 0.00000 0 
85.948 25.816 9.25859 0.54646 2 
88.513 25.816 9.18874 0.32104 2 
91.079 25.816 9.32910 0.24923 2 
93.644 25.816 9.38245 0.02414 2 
96.210 25.816 9.28047 -0.15167 2 
98.776 25.816 9.40248 -0.50044 2 
101.341 25.816 9.46177 -0.78980 2 
103.907 25.816 9.58214 -0.70448 2 
106.472 25.816 9.14116 -1.23183 2 
109.038 25.816 9.18747 -1.32290 2 
111.603 25.816 9.00589 -1.72033 2 
114.169 25.816 8.68598 -1.68010 2 
116.735 25.816 8.53076 -2.05571 2 
119.300 25.816 0.00000 -0.00000 0 
-8.980 23.251 6.99275 0.08429 2 
-6.414 23.251 6.95522 0.35413 2 
-3.848 23.251 7.23867 0.20337 2 
-1.283 23.251 6.79507 0.50176 2 
1.283 23.251 6.93113 0.52711 2 
3.848 23.251 7.30045 0.31559 2 
6.414 23.251 0.00000 -0.00000 0 
8.980 23.251 0.00000 -0.00000 0 
11.545 23.251 0.00000 -0.00000 0 
14.111 23.251 0.00000 -0.00000 0 
16.676 23.251 3.80561 0.53560 2 
19.242 23.251 7.61122 1.07120 2 
21.808 23.251 7.04678 1.02838 2 
24.373 23.251 7.21772 0.96065 2 
26.939 23.251 7.18304 1.11197 2 
29.504 23.251 7.40826 1.15309 2 
32.070 23.251 7.54646 1.00720 2 
34.636 23.251 7.39382 1.33102 2 
37.201 23.251 7.41574 1.27385 2 
39.767 23.251 7.63559 1.12986 2 
42.332 23.251 7.85823 1.31074 2 
44.898 23.251 7.87135 1.25204 2 
47.464 23.251 7.93618 1.40318 2 
50.029 23.251 8.10887 1.00701 2 
52.595 23.251 8.30909 1.22510 2 
55.160 23.251 8.22907 1.26910 2 
57.726 23.251 8.32082 1.19285 2 
60.292 23.251 8.34140 1.26743 2 
62.857 23.251 8.52032 1.15866 2 
65.423 23.251 8.50713 1.14555 2 
67.988 23.251 8.68641 1.12732 2 
70.554 23.251 8.70370 1.07448 2 
73.120 23.251 8.73318 0.88558 2 
75.685 23.251 8.97602 0.83831 2 
78.251 23.251 9.05977 1.00638 2 
80.816 23.251 9.20515 0.69843 2 
83.382 23.251 0.00000 0.00000 0 
85.948 23.251 7.11392 0.46930 2 
88.513 23.251 7.89226 0.30017 2 
91.079 23.251 9.51878 0.18735 2 
93.644 23.251 9.35220 -0.07245 2 
96.210 23.251 9.80208 -0.42398 2 
98.776 23.251 9.64493 -0.38436 2 
101.341 23.251 9.66711 -0.61565 2 
103.907 23.251 9.91590 -0.85654 2 
106.472 23.251 9.66493 -1.06229 2 
109.038 23.251 9.85264 -1.68368 2 
111.603 23.251 9.21951 -1.95809 2 
114.169 23.251 8.53078 -2.38825 2 
116.735 23.251 8.79637 -2.67423 2 
119.300 23.251 0.00000 -0.00000 0 
-8.980 20.685 6.85597 0.01174 2 
-6.414 20.685 7.08772 0.31124 2 
-3.848 20.685 6.91669 0.07595 2 
-1.283 20.685 6.81079 0.41446 2 
1.283 20.685 6.86222 0.31833 2 
3.848 20.685 7.16154 0.81502 2 
6.414 20.685 0.00000 -0.00000 0 
8.980 20.685 0.00000 -0.00000 0 
11.545 20.685 0.00000 -0.00000 0 
14.111 20.685 0.00000 -0.00000 0 
16.676 20.685 3.79957 0.50604 2 
19.242 20.685 7.59914 1.01209 2 
21.808 20.685 7.03268 1.10633 2 
24.373 20.685 7.07720 1.16478 2 
26.939 20.685 7.21679 1.21938 2 
29.504 20.685 7.39340 1.36046 2 
32.070 20.685 7.44731 1.28951 2 
34.636 20.685 7.52437 1.14894 2 
37.201 20.685 7.58469 1.19614 2 
39.767 20.685 7.58030 1.39205 2 
42.332 20.685 7.83208 1.26005 2 
44.898 20.685 7.88381 1.38401 2 
47.464 20.685 7.99192 1.27929 2 
50.029 20.685 8.07396 1.54506 2 
52.595 20.685 7.98385 1.24903 2 
55.160 20.685 8.29566 1.35995 2 
57.726 20.685 8.27851 1.25432 2 
60.292 20.685 8.51078 1.15546 2 
62.857 20.685 8.58994 1.23857 2 
65.423 20.685 8.61301 1.19771 2 
67.988 20.685 8.83317 0.96194 2 
70.554 20.685 8.70913 1.29641 2 
73.120 20.685 9.23293 1.05308 2 
75.685 20.685 9.15308 1.44473 2 
78.251 20.685 9.17317 0.88705 2 
80.816 20.685 8.84285 0.99440 2 
83.382 20.685 0.00000 0.00000 0 
85.948 20.685 0.00000 0.00000 0 
88.513 20.685 0.00000 0.00000 0 
91.079 20.685 10.36326 -0.04091 2 
93.644 20.685 10.51231 0.05816 2 
96.210 20.685 9.78035 -0.47553 2 
98.776 20.685 9.92362 -0.62189 2 
101.341 20.685 9.59473 -0.59350 2 
103.907 20.685 9.90897 -0.43464 2 
106.472 20.685 10.18974 -1.25059 2 
109.038 20.685 10.13239 -1.61115 2 
111.603 20.685 9.91932 -2.64584 2 
114.169 20.685 8.77158 -3.14933 2 
116.735 20.685 8.16072 -3.30561 2 
119.300 20.685 0.00000 -0.00000 0 
-8.980 18.120 6.87862 -0.08425 2 
-6.414 18.120 6.87276 0.10547 2 
-3.848 18.120 6.85501 0.21485 2 
-1.283 18.120 6.63958 0.22247 2 
1.283 18.120 6.80280 0.46033 2 
3.848 18.120 6.90768 0.47719 2 
6.414 18.120 0.00000 -0.00000 0 
8.980 18.120 0.00000 -0.00000 0 
11.545 18.120 0.00000 -0.00000 0 
14.111 18.120 0.00000 -0.00000 0 
16.676 18.120 3.79850 0.60844 2 
19.242 18.120 7.59700 1.21689 2 
21.808 18.120 6.97074 1.20335 2 
24.373 18.120 7.15052 1.31862 2 
26.939 18.120 7.13806 1.19092 2 
29.504 18.120 7.31527 1.23145 2 
32.070 18.120 7.33751 1.53171 2 
34.636 18.120 7.47412 1.62197 2 
37.201 18.120 7.55266 1.48733 2 
39.767 18.120 7.69970 1.58125 2 
42.332 18.120 7.77507 1.49734 2 
44.898 18.120 8.00202 1.43875 2 
47.464 18.120 8.00123 1.40167 2 
50.029 18.120 8.01337 1.36506 2 
52.595 18.120 8.24162 1.59007 2 
55.160 18.120 8.49017 0.99250 2 
57.726 18.120 8.34818 1.26203 2 
60.292 18.120 8.77409 1.49956 2 
62.857 18.120 8.57062 1.15510 2 
65.423 18.120 4.30650 0.59886 2 
67.988 18.120 0.00000 -0.00000 0 
70.554 18.120 0.00000 -0.00000 0 
73.120 18.120 0.00000 -0.00000 0 
75.685 18.120 0.00000 -0.00000 0 
78.251 18.120 0.00000 -0.00000 0 
80.816 18.120 0.00000 -0.00000 0 
83.382 18.120 0.00000 -0.00000 0 
85.948 18.120 2.35184 0.13961 2 
88.513 18.120 2.03695 0.42978 2 
91.079 18.120 11.57989 0.26564 2 
93.644 18.120 10.01520 -0.52678 2 
96.210 18.120 10.56525 -0.67733 2 
98.776 18.120 10.21693 -0.89427 2 
101.341 18.120 9.12871 -0.35663 2 
103.907 18.120 9.41832 -0.39760 2 
106.472 18.120 9.70793 -0.43857 2 
109.038 18.120 10.41215 -1.53862 2 
111.603 18.120 10.33146 -3.07622 2 
114.169 18.120 9.22385 -4.05271 2 
116.735 18.120 8.27857 -4.06918 2 
119.300 18.120 0.00000 -0.00000 0 
-8.980 15.554 6.88951 0.05944 2 
-6.414 15.554 6.70509 -0.08905 2 
-3.848 15.554 6.68106 0.17933 2 
-1.283 15.554 6.66732 0.31481 2 
1.283 15.554 6.65832 0.38093 2 
3.848 15.554 6.67855 0.45207 2 
6.414 15.554 0.00000 -0.00000 0 
8.980 15.554 0.00000 -0.00000 0 
11.545 15.554 0.00000 -0.00000 0 
14.111 15.554 0.00000 -0.00000 0 
16.676 15.554 3.64298 0.65287 2 
19.242 15.554 7.28597 1.30573 2 
21.808 15.554 6.84885 1.21925 2 
24.373 15.554 7.02661 1.34436 2 
26.939 15.554 7.08231 1.54627 2 
29.504 15.554 7.13915 1.61241 2 
32.070 15.554 7.36364 1.64821 2 
34.636 15.554 7.43596 1.58568 2 
37.201 15.554 7.48980 1.45310 2 
39.767 15.554 8.09756 1.57674 2 
42.332 15.554 7.70825 1.61278 2 
44.898 15.554 8.02241 1.78749 2 
47.464 15.554 8.08546 1.65896 2 
50.029 15.554 8.16907 1.67732 2 
52.595 15.554 4.12081 0.79504 2 
55.160 15.554 0.00000 -0.00000 0 
57.726 15.554 0.00000 -0.00000 0 
60.292 15.554 0.00000 -0.00000 0 
62.857 15.554 0.00000 -0.00000 0 
65.423 15.554 0.00000 -0.00000 0 
67.988 15.554 0.00000 -0.00000 0 
70.554 15.554 0.00000 -0.00000 0 
73.120 15.554 0.00000 -0.00000 0 
75.685 15.554 0.00000 -0.00000 0 
78.251 15.554 0.00000 -0.00000 0 
80.816 15.554 -1.22656 -0.59230 2 
83.382 15.554 1.21700 0.49142 2 
85.948 15.554 -0.26557 -0.11292 2 
88.513 15.554 0.52600 -0.52552 2 
91.079 15.554 4.17022 -0.12771 2 
93.644 15.554 5.38623 -0.80855 2 
96.210 15.554 6.60224 -1.48940 2 
98.776 15.554 7.20415 -0.59544 2 
101.341 15.554 6.87503 -0.89857 2 
103.907 15.554 6.74152 -0.00882 2 
106.472 15.554 7.68544 -0.63056 2 
109.038 15.554 9.22173 -2.01466 2 
111.603 15.554 10.40204 -4.25340 2 
114.169 15.554 9.01754 -5.67228 2 
116.735 15.554 7.61677 -5.62670 2 
119.300 15.554 0.00000 -0.00000 0 
-8.980 12.988 6.95209 -0.16840 2 
-6.414 12.988 6.69491 0.04883 2 
-3.848 12.988 6.70308 0.08146 2 
-1.283 12.988 6.47612 0.17633 2 
1.283 12.988 6.59218 0.12491 2 
3.848 12.988 3.29609 0.06245 2 
6.414 12.988 0.00000 -0.00000 0 
8.980 12.988 0.00000 -0.00000 0 
11.545 12.988 0.00000 -0.00000 0 
14.111 12.988 0.00000 -0.00000 0 
16.676 12.988 3.45027 0.69245 2 
19.242 12.988 6.90055 1.38491 2 
21.808 12.988 7.16225 1.49699 2 
24.373 12.988 7.08208 1.65658 2 
26.939 12.988 7.08322 1.54749 2 
29.504 12.988 5.50233 1.27061 2 
32.070 12.988 7.40747 1.44874 2 
34.636 12.988 7.75340 1.74487 2 
37.201 12.988 8.32725 1.77311 2 
39.767 12.988 7.25410 1.70012 2 
42.332 12.988 0.00000 -0.00000 0 
44.898 12.988 0.00000 -0.00000 0 
47.464 12.988 0.00000 -0.00000 0 
50.029 12.988 0.00000 -0.00000 0 
52.595 12.988 0.00000 -0.00000 0 
55.160 12.988 0.00000 -0.00000 0 
57.726 12.988 0.00000 -0.00000 0 
60.292 12.988 0.00000 -0.00000 0 
62.857 12.988 0.00000 -0.00000 0 
65.423 12.988 0.00000 -0.00000 0 
67.988 12.988 0.00000 -0.00000 0 
70.554 12.988 0.00000 -0.00000 0 
73.120 12.988 0.00000 -0.00000 0 
75.685 12.988 0.37372 -0.17841 2 
78.251 12.988 -1.43234 -0.51430 2 
80.816 12.988 -1.98655 -0.21873 2 
83.382 12.988 -0.57514 -0.67618 2 
85.948 12.988 0.25186 -0.37699 2 
88.513 12.988 0.45009 -1.05542 2 
91.079 12.988 -0.81323 0.33028 2 
93.644 12.988 0.77179 -0.42909 2 
96.210 12.988 2.35680 -1.18846 2 
98.776 12.988 4.19137 -0.29660 2 
101.341 12.988 4.62134 -1.44050 2 
103.907 12.988 3.41041 0.96073 2 
106.472 12.988 4.70756 0.36051 2 
109.038 12.988 4.72608 -1.42167 2 
111.603 12.988 8.47805 -4.73909 2 
114.169 12.988 8.74705 -7.97742 2 
116.735 12.988 6.57676 -6.89356 2 
119.300 12.988 0.00000 -0.00000 0 
-8.980 10.423 6.71082 -0.21136 2 
-6.414 10.423 6.70913 -0.22480 2 
-3.848 10.423 6.49612 -0.00876 2 
-1.283 10.423 6.49691 0.07860 2 
1.283 10.423 6.28158 0.07910 2 
3.848 10.423 4.26470 0.06084 2 
6.414 10.423 1.62813 0.02585 2 
8.980 10.423 0.00000 -0.00000 0 
11.545 10.423 0.00000 -0.00000 0 
14.111 10.423 0.00000 -0.00000 0 
16.676 10.423 2.30018 0.46164 2 
19.242 10.423 4.60037 0.92327 2 
21.808 10.423 6.41142 1.55900 2 
24.373 10.423 7.55640 1.83552 2 
26.939 10.423 7.83356 1.98746 2 
29.504 10.423 3.86551 0.92881 2 
32.070 10.423 0.00000 -0.00000 0 
34.636 10.423 0.00000 -0.00000 0 
37.201 10.423 0.00000 -0.00000 0 
39.767 10.423 0.00000 -0.00000 0 
42.332 10.423 0.00000 -0.00000 0 
44.898 10.423 0.00000 -0.00000 0 
47.464 10.423 0.00000 -0.00000 0 
50.029 10.423 0.00000 -0.00000 0 
52.595 10.423 0.00000 -0.00000 0 
55.160 10.423 0.00000 -0.00000 0 
57.726 10.423 0.00000 -0.00000 0 
60.292 10.423 0.00000 -0.00000 0 
62.857 10.423 0.00000 -0.00000 0 
65.423 10.423 0.00000 -0.00000 0 
67.988 10.423 -0.44191 -0.20975 2 
70.554 10.423 -0.52176 -0.17349 2 
73.120 10.423 -1.01542 -0.45092 2 
75.685 10.423 -2.58562 -0.53180 2 
78.251 10.423 -3.07436 -0.32714 2 
80.816 10.423 -2.82856 0.05534 2 
83.382 10.423 -2.11870 -0.50857 2 
85.948 10.423 0.49473 -0.68854 2 
88.513 10.423 -1.28621 -0.92523 2 
91.079 10.423 -0.38186 -1.44416 2 
93.644 10.423 0.44839 0.42663 2 
96.210 10.423 0.02228 -0.32110 2 
98.776 10.423 -0.40382 -1.06883 2 
101.341 10.423 2.22676 -1.10338 2 
103.907 10.423 1.74480 -0.40808 2 
106.472 10.423 5.71918 1.39515 2 
109.038 10.423 1.57993 -0.35858 2 
111.603 10.423 5.98164 -6.01937 2 
114.169 10.423 4.95584 -6.94087 2 
116.735 10.423 5.38119 -7.90538 2 
119.300 10.423 0.00000 -0.00000 0 
-8.980 7.857 6.68397 -0.37749 2 
-6.414 7.857 6.65044 -0.23843 2 
-3.848 7.857 6.54291 -0.22590 2 
-1.283 7.857 6.35016 -0.06855 2 
1.283 7.857 6.02187 0.08049 2 
3.848 7.857 6.51251 0.10341 2 
6.414 7.857 3.25626 0.05171 2 
8.980 7.857 0.00000 -0.00000 0 
11.545 7.857 0.00000 -0.00000 0 
14.111 7.857 0.00000 -0.00000 2 
16.676 7.857 1.53346 0.30776 2 
19.242 7.857 2.30018 0.46164 2 
21.808 7.857 0.00000 -0.00000 0 
24.373 7.857 0.00000 -0.00000 0 
26.939 7.857 0.00000 -0.00000 0 
29.504 7.857 0.00000 -0.00000 0 
32.070 7.857 0.00000 -0.00000 0 
34.636 7.857 0.00000 -0.00000 0 
37.201 7.857 0.00000 -0.00000 0 
39.767 7.857 0.00000 -0.00000 0 
42.332 7.857 0.00000 -0.00000 0 
44.898 7.857 0.00000 -0.00000 0 
47.464 7.857 0.00000 -0.00000 0 
50.029 7.857 0.00000 -0.00000 0 
52.595 7.857 0.00000 -0.00000 0 
55.160 7.857 0.00000 -0.00000 0 
57.726 7.857 0.00000 -0.00000 0 
60.292 7.857 -0.37710 -0.12627 2 
62.857 7.857 -0.06182 -0.07861 2 
65.423 7.857 -0.93026 -0.55562 2 
67.988 7.857 -0.88382 -0.41950 2 
70.554 7.857 -1.15253 -0.59345 2 
73.120 7.857 -2.03084 -0.90185 2 
75.685 7.857 -2.89528 -0.81550 2 
78.251 7.857 -2.80507 -0.19477 2 
80.816 7.857 -2.50379 -0.26772 2 
83.382 7.857 -2.31849 -0.85222 2 
85.948 7.857 -2.67051 -0.82363 2 
88.513 7.857 -1.67401 -0.49008 2 
91.079 7.857 -1.25060 0.73788 2 
93.644 7.857 0.05048 2.43974 2 
96.210 7.857 -0.05301 2.37309 2 
98.776 7.857 0.11439 1.15888 2 
101.341 7.857 -0.32564 0.96317 2 
103.907 7.857 -1.36391 3.51476 2 
106.472 7.857 1.20983 2.61416 2 
109.038 7.857 1.05590 1.40376 2 
111.603 7.857 1.47635 -4.05539 2 
114.169 7.857 2.54777 -7.10910 2 
116.735 7.857 3.18181 -7.13470 2 
119.300 7.857 0.00000 -0.00000 0 
-8.980 5.292 6.61873 -0.40159 2 
-6.414 5.292 6.57260 -0.41446 2 
-3.848 5.292 6.23890 -0.36387 2 
-1.283 5.292 6.20437 -0.23035 2 
1.283 5.292 5.86019 -0.30305 2 
3.848 5.292 6.29992 -0.01977 2 
6.414 5.292 3.14996 -0.00988 2 
8.980 5.292 0.00000 -0.00000 0 
11.545 5.292 0.00000 -0.00000 0 
14.111 5.292 0.00000 -0.00000 0 
16.676 5.292 0.00000 -0.00000 0 
19.242 5.292 0.00000 -0.00000 0 
21.808 5.292 0.00000 -0.00000 0 
24.373 5.292 0.00000 -0.00000 0 
26.939 5.292 0.00000 -0.00000 0 
29.504 5.292 0.00000 -0.00000 0 
32.070 5.292 0.00000 -0.00000 0 
34.636 5.292 0.00000 -0.00000 0 
37.201 5.292 0.00000 -0.00000 0 
39.767 5.292 0.00000 -0.00000 0 
42.332 5.292 0.00000 -0.00000 0 
44.898 5.292 0.00000 -0.00000 0 
47.464 5.292 0.00000 -0.00000 0 
50.029 5.292 0.00000 -0.00000 0 
52.595 5.292 -0.35068 -0.18944 2 
55.160 5.292 -0.75164 -0.35050 2 
57.726 5.292 -0.68534 -0.37699 2 
60.292 5.292 -0.75419 -0.25254 2 
62.857 5.292 -1.45735 -0.73547 2 
65.423 5.292 -1.82090 -0.61304 2 
67.988 5.292 -1.18377 -0.53898 2 
70.554 5.292 -1.78330 -1.01341 2 
73.120 5.292 -2.10560 -0.67505 2 
75.685 5.292 -2.42791 -0.33668 2 
78.251 5.292 -2.60043 -0.68589 2 
80.816 5.292 -2.28423 -0.09103 2 
83.382 5.292 -1.69600 -1.09176 2 
85.948 5.292 -2.04704 -0.64852 2 
88.513 5.292 -2.06181 -0.05493 2 
91.079 5.292 -1.38317 1.69565 2 
93.644 5.292 -0.34742 4.45286 2 
96.210 5.292 -0.13307 3.57167 2 
98.776 5.292 0.63259 3.38659 2 
101.341 5.292 -0.44672 1.95695 2 
103.907 5.292 -1.34225 3.60326 2 
106.472 5.292 -3.29169 2.59483 2 
109.038 5.292 -0.58365 -2.01003 2 
111.603 5.292 0.22842 -4.78884 2 
114.169 5.292 -0.28567 -5.77466 2 
116.735 5.292 0.98243 -6.36402 2 
119.300 5.292 0.17451 -4.80533 2 
-8.980 2.726 6.79588 -0.55221 2 
-6.414 2.726 6.52944 -0.55708 2 
-3.848 2.726 6.43187 -0.59052 2 
-1.283 2.726 6.13457 -0.56429 2 
1.283 2.726 6.09075 -0.45331 2 
3.848 2.726 6.43289 -0.18135 2 
6.414 2.726 0.00000 -0.00000 0 
8.980 2.726 0.00000 -0.00000 0 
11.545 2.726 0.00000 -0.00000 0 
14.111 2.726 0.00000 -0.00000 0 
16.676 2.726 0.00000 -0.00000 0 
19.242 2.726 0.00000 -0.00000 0 
21.808 2.726 0.00000 -0.00000 0 
24.373 2.726 0.00000 -0.00000 0 
26.939 2.726 0.00000 -0.00000 0 
29.504 2.726 0.00000 -0.00000 0 
32.070 2.726 0.00000 -0.00000 0 
34.636 2.726 0.00000 -0.00000 0 
37.201 2.726 0.00000 -0.00000 0 
39.767 2.726 0.00000 -0.00000 0 
42.332 2.726 0.00000 -0.00000 0 
44.898 2.726 0.00000 -0.00000 0 
47.464 2.726 -0.04532 -0.04778 2 
50.029 2.726 -0.02928 0.20112 2 
52.595 2.726 -0.70137 -0.37887 2 
55.160 2.726 -1.50328 -0.70101 2 
57.726 2.726 -1.82164 -0.46478 2 
60.292 2.726 -1.40681 -0.55838 2 
62.857 2.726 -1.59678 -0.86627 2 
65.423 2.726 -1.62168 -0.59097 2 
67.988 2.726 -1.48373 -0.65845 2 
70.554 2.726 -1.82644 -0.93768 2 
73.120 2.726 -1.79816 -0.64069 2 
75.685 2.726 -2.04933 -0.15934 2 
78.251 2.726 -2.19341 -0.59493 2 
80.816 2.726 -2.83477 -0.39707 2 
83.382 2.726 -1.00942 -0.84515 2 
85.948 2.726 -1.42261 -0.05875 2 
88.513 2.726 -1.10109 0.68519 2 
91.079 2.726 -0.77958 1.42912 2 
93.644 2.726 -0.49635 3.09969 2 
96.210 2.726 -0.21313 4.77025 2 
98.776 2.726 0.06266 3.83094 2 
101.341 2.726 -0.56780 2.95073 2 
103.907 2.726 -1.32060 3.69176 2 
106.472 2.726 -3.54147 2.87244 2 
109.038 2.726 -3.46612 0.71771 2 
111.603 2.726 -1.46921 -3.90932 2 
114.169 2.726 -1.11474 -4.09474 2 
116.735 2.726 -0.77222 -4.55651 2 
119.300 2.726 0.30316 -3.99503 2 
-8.980 0.160 6.61591 -0.68792 2 
-6.414 0.160 6.79429 -0.67240 2 
-3.848 0.160 6.35777 -0.77759 2 
-1.283 0.160 6.09393 -0.67844 2 
1.283 0.160 6.68048 -0.77344 2 
3.848 0.160 0.00000 -0.00000 0 
6.414 0.160 0.00000 -0.00000 0 
8.980 0.160 0.00000 -0.00000 0 
11.545 0.160 0.00000 -0.00000 0 
14.111 0.160 0.00000 -0.00000 0 
16.676 0.160 0.00000 -0.00000 0 
19.242 0.160 0.00000 -0.00000 0 
21.808 0.160 0.00000 -0.00000 0 
24.373 0.160 0.00000 -0.00000 0 
26.939 0.160 0.00000 -0.00000 0 
29.504 0.160 0.00000 -0.00000 0 
32.070 0.160 0.00000 -0.00000 0 
34.636 0.160 0.00000 -0.00000 0 
37.201 0.160 0.00000 -0.00000 0 
39.767 0.160 -0.36168 -0.07814 2 
42.332 0.160 -0.31529 -0.01084 2 
44.898 0.160 0.08502 0.08768 2 
47.464 0.160 -0.09065 -0.09556 2 
50.029 0.160 -0.27903 -0.13566 2 
52.595 0.160 -0.96966 -0.53680 2 
55.160 0.160 -1.67881 -0.75909 2 
57.726 0.160 -1.96775 -0.68340 2 
60.292 0.160 -2.04199 -0.33687 2 
62.857 0.160 -1.55056 -0.10496 2 
65.423 0.160 -1.73648 -0.13201 2 
67.988 0.160 -1.85433 -0.87684 2 
70.554 0.160 -1.86959 -0.86195 2 
73.120 0.160 -1.49072 -0.60633 2 
75.685 0.160 -1.67074 0.01800 2 
78.251 0.160 -1.29186 -0.76601 2 
80.816 0.160 -1.82220 -0.64100 2 
83.382 0.160 -0.32284 -0.59853 2 
85.948 0.160 -0.27514 0.35759 2 
88.513 0.160 -1.12385 -1.47267 2 
91.079 0.160 -1.34466 0.99032 2 
93.644 0.160 -0.69115 2.52356 2 
96.210 0.160 -0.41202 3.61855 2 
98.776 0.160 -0.50727 4.27529 2 
101.341 0.160 -0.16330 4.54018 2 
103.907 0.160 0.94029 3.97531 2 
106.472 0.160 -3.79126 3.15006 2 
109.038 0.160 -4.78731 1.46458 2 
111.603 0.160 -3.16684 -3.02981 2 
114.169 0.160 -0.52506 -2.04333 2 
116.735 0.160 -0.35325 0.72294 2 
119.300 0.160 0.43157 -0.45920 2 
-8.980 -2.405 6.80308 -0.65637 2 
-6.414 -2.405 6.70063 -0.75922 2 
-3.848 -2.405 6.43766 -0.82150 2 
-1.283 -2.405 6.24435 -0.84761 2 
1.283 -2.405 0.00000 -0.00000 0 
3.848 -2.405 0.00000 -0.00000 0 
6.414 -2.405 0.00000 -0.00000 0 
8.980 -2.405 0.00000 -0.00000 0 
11.545 -2.405 0.00000 -0.00000 0 
14.111 -2.405 0.00000 -0.00000 0 
16.676 -2.405 0.00000 -0.00000 0 
19.242 -2.405 0.00000 -0.00000 0 
21.808 -2.405 0.00000 -0.00000 0 
24.373 -2.405 0.00000 -0.00000 0 
26.939 -2.405 0.00000 -0.00000 0 
29.504 -2.405 0.00000 -0.00000 0 
32.070 -2.405 -0.68165 -0.21898 2 
34.636 -2.405 -0.86224 -0.31424 2 
37.201 -2.405 -1.19884 -0.25616 2 
39.767 -2.405 -0.72337 -0.15627 2 
42.332 -2.405 -0.44521 -0.18928 2 
44.898 -2.405 -0.16705 -0.22229 2 
47.464 -2.405 -0.15402 0.17072 2 
50.029 -2.405 -0.52879 -0.47244 2 
52.595 -2.405 -1.28662 -0.47985 2 
55.160 -2.405 -2.04446 -0.48726 2 
57.726 -2.405 -1.62110 -0.45026 2 
60.292 -2.405 -1.78241 -0.62247 2 
62.857 -2.405 -0.88321 -0.00867 2 
65.423 -2.405 -1.11742 -0.21123 2 
67.988 -2.405 -0.48888 -0.20111 2 
70.554 -2.405 0.38869 -0.31751 2 
73.120 -2.405 -0.75647 -0.29782 2 
75.685 -2.405 -0.97138 -0.35799 2 
78.251 -2.405 -0.22807 -0.71431 2 
80.816 -2.405 -0.93067 -1.03395 2 
83.382 -2.405 -0.30151 -0.45077 2 
85.948 -2.405 -0.89562 -0.86694 2 
88.513 -2.405 -1.10858 0.00115 2 
91.079 -2.405 -0.57729 0.74046 2 
93.644 -2.405 -0.51567 1.81011 2 
96.210 -2.405 -0.02894 3.22274 2 
98.776 -2.405 1.37770 4.03866 2 
101.341 -2.405 1.20847 5.37743 2 
103.907 -2.405 2.47237 4.04827 2 
106.472 -2.405 -1.23881 3.21357 2 
109.038 -2.405 1.81546 0.74994 2 
111.603 -2.405 1.84556 -0.09716 2 
114.169 -2.405 0.06462 0.00808 2 
116.735 -2.405 4.20586 0.62037 2 
119.300 -2.405 0.01396 1.26671 2 
-8.980 -4.971 6.74539 -0.83784 2 
-6.414 -4.971 6.72796 -0.94058 2 
-3.848 -4.971 6.54104 -0.99324 2 
-1.283 -4.971 6.31527 -1.24119 2 
1.283 -4.971 0.00000 -0.00000 0 
3.848 -4.971 0.00000 -0.00000 0 
6.414 -4.971 0.00000 -0.00000 0 
8.980 -4.971 0.00000 -0.00000 0 
11.545 -4.971 0.00000 -0.00000 0 
14.111 -4.971 0.00000 -0.00000 0 
16.676 -4.971 0.00000 -0.00000 0 
19.242 -4.971 0.00000 -0.00000 0 
21.808 -4.971 0.00000 -0.00000 0 
24.373 -4.971 -0.60833 -0.15833 2 
26.939 -4.971 -0.44272 0.01747 2 
29.504 -4.971 -1.20286 -0.55259 2 
32.070 -4.971 -1.36329 -0.43795 2 
34.636 -4.971 -1.51248 -0.18696 2 
37.201 -4.971 -1.29177 -0.03180 2 
39.767 -4.971 -0.30724 -0.26788 2 
42.332 -4.971 -0.36318 -0.40008 2 
44.898 -4.971 -0.41912 -0.53227 2 
47.464 -4.971 0.13404 0.14399 2 
50.029 -4.971 0.28311 -0.47795 2 
52.595 -4.971 -0.13769 -0.59523 2 
55.160 -4.971 -0.12480 -0.76013 2 
57.726 -4.971 -1.27445 -0.21712 2 
60.292 -4.971 -0.85568 -0.06607 2 
62.857 -4.971 -0.21587 0.08762 2 
65.423 -4.971 -0.53024 -0.42167 2 
67.988 -4.971 1.44170 -0.62672 2 
70.554 -4.971 -0.06837 -0.51342 2 
73.120 -4.971 0.81965 -0.13718 2 
75.685 -4.971 0.09110 -0.42466 2 
78.251 -4.971 -0.05463 -0.66921 2 
80.816 -4.971 -0.03913 -1.42691 2 
83.382 -4.971 -0.87365 -1.36909 2 
85.948 -4.971 -0.20806 -2.25484 2 
88.513 -4.971 0.28671 -1.36417 2 
91.079 -4.971 0.19008 0.49061 2 
93.644 -4.971 -0.71158 1.21814 2 
96.210 -4.971 0.93612 3.58284 2 
98.776 -4.971 3.26267 3.80204 2 
101.341 -4.971 2.58024 6.21469 2 
103.907 -4.971 4.00444 4.12123 2 
106.472 -4.971 1.31363 3.27708 2 
109.038 -4.971 6.07070 4.41558 2 
111.603 -4.971 6.85795 2.83549 2 
114.169 -4.971 6.37310 2.21957 2 
116.735 -4.971 6.67383 1.73736 2 
119.300 -4.971 0.10768 2.01158 2 
-8.980 -7.536 7.04370 -0.94847 2 
-6.414 -7.536 7.00271 -0.97866 2 
-3.848 -7.536 6.80158 -1.07933 2 
-1.283 -7.536 6.58708 -1.25762 2 
1.283 -7.536 6.52131 -1.79050 2 
3.848 -7.536 0.00000 -0.00000 0 
6.414 -7.536 5.20272 -2.46552 2 
8.980 -7.536 6.15316 -4.04094 2 
11.545 -7.536 5.13186 -2.49235 2 
14.111 -7.536 4.62121 -1.71806 2 
16.676 -7.536 -0.72466 0.09386 2 
19.242 -7.536 0.03114 0.15639 2 
21.808 -7.536 -0.35895 -0.01234 2 
24.373 -7.536 -1.21666 -0.31665 2 
26.939 -7.536 -1.54670 -0.55142 2 
29.504 -7.536 -1.45525 -1.00054 2 
32.070 -7.536 -0.67187 -0.61636 2 
34.636 -7.536 -1.32872 -0.60060 2 
37.201 -7.536 -1.17532 -0.35710 2 
39.767 -7.536 0.10888 -0.37949 2 
42.332 -7.536 0.15301 -0.15328 2 
44.898 -7.536 0.19714 0.07294 2 
47.464 -7.536 0.42210 0.11726 2 
50.029 -7.536 0.49368 -0.77293 2 
52.595 -7.536 0.71252 -1.08612 2 
55.160 -7.536 1.79485 -1.03301 2 
57.726 -7.536 2.67552 0.17823 2 
60.292 -7.536 1.13443 -0.24901 2 
62.857 -7.536 1.48707 0.42513 2 
65.423 -7.536 0.05695 -0.63210 2 
67.988 -7.536 0.32978 -0.60957 2 
70.554 -7.536 -0.52542 -0.70933 2 
73.120 -7.536 0.98673 -0.44546 2 
75.685 -7.536 1.38786 -0.35554 2 
78.251 -7.536 0.82980 -1.42186 2 
80.816 -7.536 1.40352 -1.42436 2 
83.382 -7.536 -1.38655 -0.90561 2 
85.948 -7.536 0.42123 -2.12430 2 
88.513 -7.536 2.65799 0.51512 2 
91.079 -7.536 3.83015 0.85037 2 
93.644 -7.536 4.88751 0.83186 2 
96.210 -7.536 4.15020 5.69251 2 
98.776 -7.536 2.98698 3.51092 2 
101.341 -7.536 4.19345 4.62381 2 
103.907 -7.536 5.53651 4.19418 2 
106.472 -7.536 3.86607 3.34058 2 
109.038 -7.536 6.38706 3.86694 2 
111.603 -7.536 7.34206 3.49223 2 
114.169 -7.536 6.48050 3.60603 2 
116.735 -7.536 7.37640 2.85816 2 
119.300 -7.536 0.00000 -0.00000 0 
-8.980 -10.102 6.95871 -0.97319 2 
-6.414 -10.102 7.00032 -1.00571 2 
-3.848 -10.102 7.03845 -1.30695 2 
-1.283 -10.102 6.85562 -1.59835 2 
1.283 -10.102 6.85756 -1.70628 2 
3.848 -10.102 6.96982 -2.30225 2 
6.414 -10.102 7.23641 -2.69651 2 
8.980 -10.102 7.30799 -3.16293 2 
11.545 -10.102 6.69954 -2.63512 2 
14.111 -10.102 6.80121 -2.21906 2 
16.676 -10.102 8.51198 -2.70727 2 
19.242 -10.102 10.01527 -2.49509 2 
21.808 -10.102 -0.71789 -0.02468 2 
24.373 -10.102 0.91962 -0.78902 2 
26.939 -10.102 3.70827 -0.83870 2 
29.504 -10.102 3.67262 -1.42355 2 
32.070 -10.102 -0.04657 -0.57884 2 
34.636 -10.102 3.47667 -0.64359 2 
37.201 -10.102 2.02902 -0.56015 2 
39.767 -10.102 2.76411 0.02547 2 
42.332 -10.102 3.05238 -0.09749 2 
44.898 -10.102 2.96637 -0.35495 2 
47.464 -10.102 3.85197 -0.31743 2 
50.029 -10.102 2.34224 -0.42732 2 
52.595 -10.102 3.47082 0.45851 2 
55.160 -10.102 2.19011 0.03334 2 
57.726 -10.102 2.23722 -0.27627 2 
60.292 -10.102 3.12453 -0.43195 2 
62.857 -10.102 3.19002 0.76263 2 
65.423 -10.102 2.76788 0.06449 2 
67.988 -10.102 0.76624 -1.08142 2 
70.554 -10.102 0.92488 -0.37452 2 
73.120 -10.102 1.15382 -0.75374 2 
75.685 -10.102 2.68462 -0.28643 2 
78.251 -10.102 1.71424 -2.17450 2 
80.816 -10.102 2.50425 -1.61754 2 
83.382 -10.102 1.58227 -2.06699 2 
85.948 -10.102 3.22667 -0.58196 2 
88.513 -10.102 3.04943 -0.71864 2 
91.079 -10.102 2.81652 0.64404 2 
93.644 -10.102 0.75967 2.72369 2 
96.210 -10.102 3.80440 4.48956 2 
98.776 -10.102 2.71130 3.21980 2 
101.341 -10.102 4.61837 3.29240 2 
103.907 -10.102 4.11231 2.40938 2 
106.472 -10.102 5.52490 3.09654 2 
109.038 -10.102 6.89681 3.78514 2 
111.603 -10.102 7.51524 3.14840 2 
114.169 -10.102 7.35161 3.39948 2 
116.735 -10.102 7.94805 3.56161 2 
119.300 -10.102 0.00000 -0.00000 0 
-8.980 -12.668 6.96124 -1.11087 2 
-6.414 -12.668 7.15186 -1.12269 2 
-3.848 -12.668 7.08912 -1.15682 2 
-1.283 -12.668 7.01343 -1.44300 2 
1.283 -12.668 7.20425 -1.91265 2 
3.848 -12.668 7.19285 -2.08195 2 
6.414 -12.668 7.27651 -2.33005 2 
8.980 -12.668 7.79749 -2.69217 2 
11.545 -12.668 8.26722 -2.77788 2 
14.111 -12.668 8.98121 -2.72007 2 
16.676 -12.668 9.27007 -2.51870 2 
19.242 -12.668 9.56880 -2.36157 2 
21.808 -12.668 4.23596 -1.01367 2 
24.373 -12.668 9.91040 -1.23554 2 
26.939 -12.668 8.96324 -1.12599 2 
29.504 -12.668 8.80050 -1.84657 2 
32.070 -12.668 8.69054 -0.35632 2 
34.636 -12.668 8.28206 -0.68658 2 
37.201 -12.668 7.53182 -0.39841 2 
39.767 -12.668 6.78158 -0.11025 2 
42.332 -12.668 6.09393 -0.55387 2 
44.898 -12.668 5.73561 -0.78283 2 
47.464 -12.668 3.84238 0.46263 2 
50.029 -12.668 4.19081 -0.08172 2 
52.595 -12.668 6.39364 0.42137 2 
55.160 -12.668 5.71287 -0.19445 2 
57.726 -12.668 5.73488 -0.08436 2 
60.292 -12.668 4.38952 -0.05031 2 
62.857 -12.668 4.40882 0.99284 2 
65.423 -12.668 4.17413 0.55289 2 
67.988 -12.668 3.98430 -0.17622 2 
70.554 -12.668 4.87462 0.02108 2 
73.120 -12.668 3.54240 -0.17936 2 
75.685 -12.668 3.95151 0.59224 2 
78.251 -12.668 1.97578 -1.62500 2 
80.816 -12.668 3.60499 -1.81073 2 
83.382 -12.668 5.39399 -1.48000 2 
85.948 -12.668 4.78885 -0.71817 2 
88.513 -12.668 5.96152 -0.19288 2 
91.079 -12.668 6.18747 1.21318 2 
93.644 -12.668 3.80356 2.41974 2 
96.210 -12.668 5.03075 3.49059 2 
98.776 -12.668 5.99702 4.09611 2 
101.341 -12.668 4.78802 1.85712 2 
103.907 -12.668 5.86880 1.95506 2 
106.472 -12.668 7.18372 2.85249 2 
109.038 -12.668 7.37643 3.43473 2 
111.603 -12.668 7.68843 2.80458 2 
114.169 -12.668 8.22272 3.19294 2 
116.735 -12.668 8.51927 2.80797 2 
119.300 -12.668 0.00000 -0.00000 0 
-8.980 -15.233 7.20625 -1.02690 2 
-6.414 -15.233 7.27465 -1.11491 2 
-3.848 -15.233 7.23038 -1.33494 2 
-1.283 -15.233 7.25340 -1.51872 2 
1.283 -15.233 7.33615 -1.75069 2 
3.848 -15.233 7.35851 -2.01549 2 
6.414 -15.233 7.49103 -2.33992 2 
8.980 -15.233 7.85986 -2.30392 2 
11.545 -15.233 8.28585 -2.43675 2 
14.111 -15.233 8.59591 -2.48339 2 
16.676 -15.233 8.89458 -2.35045 2 
19.242 -15.233 9.12234 -2.22805 2 
21.808 -15.233 9.18981 -2.00266 2 
24.373 -15.233 9.25727 -1.77728 2 
26.939 -15.233 9.13012 -1.74478 2 
29.504 -15.233 9.47509 -1.99051 2 
32.070 -15.233 9.31997 -0.91507 2 
34.636 -15.233 9.76724 -0.76734 2 
37.201 -15.233 9.87073 -0.51039 2 
39.767 -15.233 9.17722 -0.99949 2 
42.332 -15.233 9.96042 -0.99278 2 
44.898 -15.233 9.30128 -0.12357 2 
47.464 -15.233 9.59990 -0.22137 2 
50.029 -15.233 9.37699 0.16338 2 
52.595 -15.233 8.01399 0.19922 2 
55.160 -15.233 9.23564 -0.42225 2 
57.726 -15.233 9.23255 0.10754 2 
60.292 -15.233 7.28986 -0.15508 2 
62.857 -15.233 6.74852 -0.47789 2 
65.423 -15.233 5.58037 1.04128 2 
67.988 -15.233 7.20236 0.72899 2 
70.554 -15.233 8.82435 0.41669 2 
73.120 -15.233 9.03828 1.08793 2 
75.685 -15.233 7.80215 0.86961 2 
78.251 -15.233 6.52933 -0.97310 2 
80.816 -15.233 5.07993 -0.83785 2 
83.382 -15.233 6.21855 -1.70870 2 
85.948 -15.233 5.93864 -1.41490 2 
88.513 -15.233 7.40650 -0.07003 2 
91.079 -15.233 6.35878 0.06322 2 
93.644 -15.233 6.58653 -0.08950 2 
96.210 -15.233 6.98741 3.81755 2 
98.776 -15.233 8.52875 3.70890 2 
101.341 -15.233 8.13133 2.32480 2 
103.907 -15.233 7.62529 1.50075 2 
106.472 -15.233 7.95268 3.14259 2 
109.038 -15.233 7.66385 3.05596 2 
111.603 -15.233 8.06710 2.34316 2 
114.169 -15.233 8.07420 2.33083 2 
116.735 -15.233 8.79383 2.47686 2 
119.300 -15.233 0.00000 -0.00000 0 
-8.980 -17.799 7.36624 -0.90053 2 
-6.414 -17.799 7.25559 -1.18155 2 
-3.848 -17.799 7.35489 -1.38018 2 
-1.283 -17.799 7.33442 -1.35591 2 
1.283 -17.799 7.36386 -1.61158 2 
3.848 -17.799 7.57398 -1.87680 2 
6.414 -17.799 7.68773 -2.02384 2 
8.980 -17.799 8.06144 -2.19872 2 
11.545 -17.799 8.33636 -2.24369 2 
14.111 -17.799 8.37332 -2.19997 2 
16.676 -17.799 8.73814 -2.13081 2 
19.242 -17.799 9.03135 -2.03923 2 
21.808 -17.799 9.16129 -1.90742 2 
24.373 -17.799 9.20561 -1.68988 2 
26.939 -17.799 9.22964 -1.61427 2 
29.504 -17.799 9.42656 -1.69946 2 
32.070 -17.799 9.42453 -1.04525 2 
34.636 -17.799 9.88061 -1.00095 2 
37.201 -17.799 9.64130 -0.88332 2 
39.767 -17.799 9.58454 -0.93010 2 
42.332 -17.799 9.90171 -1.10333 2 
44.898 -17.799 9.76334 -0.61915 2 
47.464 -17.799 9.88095 -0.45626 2 
50.029 -17.799 9.97380 -0.14007 2 
52.595 -17.799 9.63434 -0.02293 2 
55.160 -17.799 9.45577 -0.32863 2 
57.726 -17.799 9.93248 -0.48627 2 
60.292 -17.799 10.19021 -0.25985 2 
62.857 -17.799 8.41854 -0.30859 2 
65.423 -17.799 10.12190 0.54567 2 
67.988 -17.799 9.60433 0.56801 2 
70.554 -17.799 9.08676 0.59035 2 
73.120 -17.799 9.11143 0.19156 2 
75.685 -17.799 8.60202 0.58251 2 
78.251 -17.799 8.59435 0.02674 2 
80.816 -17.799 8.56495 -0.65725 2 
83.382 -17.799 7.99980 -1.32258 2 
85.948 -17.799 5.76083 -0.28237 2 
88.513 -17.799 8.08444 -0.84821 2 
91.079 -17.799 8.13868 -1.30259 2 
93.644 -17.799 9.97548 2.15570 2 
96.210 -17.799 8.56814 3.05230 2 
98.776 -17.799 8.25070 2.59362 2 
101.341 -17.799 8.70861 2.38732 2 
103.907 -17.799 9.03033 1.28345 2 
106.472 -17.799 8.50111 2.49985 2 
109.038 -17.799 8.63442 2.68616 2 
111.603 -17.799 8.42957 2.30706 2 
114.169 -17.799 8.08335 1.85390 2 
116.735 -17.799 8.60248 2.02955 2 
119.300 -17.799 0.00000 -0.00000 0 
-8.980 -20.364 7.47490 -0.98559 2 
-6.414 -20.364 7.55081 -0.99296 2 
-3.848 -20.364 7.36326 -1.22878 2 
-1.283 -20.364 7.49970 -1.46475 2 
1.283 -20.364 7.53514 -1.56007 2 
3.848 -20.364 7.84185 -1.61230 2 
6.414 -20.364 7.90155 -1.79137 2 
8.980 -20.364 8.10863 -1.98209 2 
11.545 -20.364 8.36544 -1.92236 2 
14.111 -20.364 8.38978 -1.91581 2 
16.676 -20.364 8.82895 -1.87887 2 
19.242 -20.364 8.85730 -1.94428 2 
21.808 -20.364 8.93928 -1.79533 2 
24.373 -20.364 9.12045 -1.69092 2 
26.939 -20.364 9.23830 -1.49971 2 
29.504 -20.364 9.37802 -1.40841 2 
32.070 -20.364 9.52909 -1.17543 2 
34.636 -20.364 9.68383 -1.01609 2 
37.201 -20.364 9.54277 -0.98340 2 
39.767 -20.364 9.51937 -0.96221 2 
42.332 -20.364 9.68752 -0.93049 2 
44.898 -20.364 9.97190 -0.67767 2 
47.464 -20.364 9.89628 -0.58534 2 
50.029 -20.364 9.84903 -0.62470 2 
52.595 -20.364 9.56138 -0.42543 2 
55.160 -20.364 9.61027 -0.53763 2 
57.726 -20.364 9.93768 -0.28837 2 
60.292 -20.364 9.95942 -0.23437 2 
62.857 -20.364 10.08855 -0.13929 2 
65.423 -20.364 10.15570 0.19879 2 
67.988 -20.364 9.71893 0.42411 2 
70.554 -20.364 9.47999 0.41668 2 
73.120 -20.364 9.40969 0.42716 2 
75.685 -20.364 9.25214 0.34952 2 
78.251 -20.364 8.95772 -0.29305 2 
80.816 -20.364 8.73769 -0.57773 2 
83.382 -20.364 9.78104 -0.93646 2 
85.948 -20.364 9.29189 -0.35442 2 
88.513 -20.364 10.04047 0.09135 2 
91.079 -20.364 10.25372 0.57582 2 
93.644 -20.364 10.60679 1.36029 2 
96.210 -20.364 9.13725 2.24623 2 
98.776 -20.364 9.26682 1.65887 2 
101.341 -20.364 9.05582 1.93132 2 
103.907 -20.364 9.26053 1.92165 2 
106.472 -20.364 9.04954 1.85711 2 
109.038 -20.364 8.78485 2.08816 2 
111.603 -20.364 8.44000 1.75226 2 
114.169 -20.364 8.50842 1.72386 2 
116.735 -20.364 9.00003 1.58572 2 
119.300 -20.364 0.00000 -0.00000 0 
-8.980 -22.930 7.38291 -1.05972 2 
-6.414 -22.930 7.61084 -1.11608 2 
-3.848 -22.930 7.55414 -1.12580 2 
-1.283 -22.930 7.70869 -1.29211 2 
1.283 -22.930 7.77562 -1.47300 2 
3.848 -22.930 7.73334 -1.44678 2 
6.414 -22.930 8.00299 -1.58329 2 
8.980 -22.930 8.30632 -1.77222 2 
11.545 -22.930 8.35762 -1.86132 2 
14.111 -22.930 8.54235 -1.73246 2 
16.676 -22.930 8.69808 -1.61527 2 
19.242 -22.930 8.83643 -1.79371 2 
21.808 -22.930 8.90122 -1.70057 2 
24.373 -22.930 8.98057 -1.40013 2 
26.939 -22.930 9.17655 -1.38938 2 
29.504 -22.930 9.29601 -1.33769 2 
32.070 -22.930 9.34648 -1.20362 2 
34.636 -22.930 9.43127 -1.03054 2 
37.201 -22.930 9.48569 -1.00661 2 
39.767 -22.930 9.41353 -0.87711 2 
42.332 -22.930 9.58074 -0.78732 2 
44.898 -22.930 9.60531 -0.76678 2 
47.464 -22.930 9.66089 -0.52598 2 
50.029 -22.930 9.53096 -0.68674 2 
52.595 -22.930 9.61698 -0.49223 2 
55.160 -22.930 9.65400 -0.43447 2 
57.726 -22.930 9.81808 -0.41792 2 
60.292 -22.930 9.78370 -0.24528 2 
62.857 -22.930 9.94710 0.12514 2 
65.423 -22.930 9.76655 0.30541 2 
67.988 -22.930 9.66927 0.37605 2 
70.554 -22.930 9.68065 0.15089 2 
73.120 -22.930 9.35982 0.19833 2 
75.685 -22.930 9.22865 0.23818 2 
78.251 -22.930 9.14506 0.24465 2 
80.816 -22.930 9.18818 -0.12919 2 
83.382 -22.930 9.27042 -0.48091 2 
85.948 -22.930 10.24394 -0.24403 2 
88.513 -22.930 10.25215 0.23256 2 
91.079 -22.930 10.32583 0.46927 2 
93.644 -22.930 9.58174 0.90967 2 
96.210 -22.930 9.93797 1.22150 2 
98.776 -22.930 9.51863 1.71053 2 
101.341 -22.930 9.42048 1.46734 2 
103.907 -22.930 8.91956 1.68307 2 
106.472 -22.930 8.86084 1.57431 2 
109.038 -22.930 8.76468 1.72147 2 
111.603 -22.930 8.70063 1.60181 2 
114.169 -22.930 8.74293 1.32584 2 
116.735 -22.930 8.56895 1.54902 2 
119.300 -22.930 0.00000 -0.00000 0 
-8.980 -25.496 7.45424 -0.95357 2 
-6.414 -25.496 7.63714 -1.02520 2 
-3.848 -25.496 7.69591 -1.16294 2 
-1.283 -25.496 7.73079 -1.17465 2 
1.283 -25.496 7.74842 -1.27436 2 
3.848 -25.496 7.95640 -1.29794 2 
6.414 -25.496 7.99951 -1.57914 2 
8.980 -25.496 8.14746 -1.49145 2 
11.545 -25.496 8.35148 -1.60987 2 
14.111 -25.496 8.52448 -1.49302 2 
16.676 -25.496 8.60661 -1.55227 2 
19.242 -25.496 8.79285 -1.54070 2 
21.808 -25.496 8.90058 -1.49300 2 
24.373 -25.496 8.96117 -1.33293 2 
26.939 -25.496 9.06124 -1.21055 2 
29.504 -25.496 9.15909 -1.09433 2 
32.070 -25.496 9.18701 -1.08193 2 
34.636 -25.496 9.42322 -0.95547 2 
37.201 -25.496 9.36889 -0.83997 2 
39.767 -25.496 9.30106 -0.90039 2 
42.332 -25.496 9.41349 -0.81264 2 
44.898 -25.496 9.56412 -0.78171 2 
47.464 -25.496 9.36655 -0.68893 2 
50.029 -25.496 9.43692 -0.34353 2 
52.595 -25.496 9.60014 -0.57757 2 
55.160 -25.496 9.59038 -0.45079 2 
57.726 -25.496 9.82116 -0.24190 2 
60.292 -25.496 9.79020 -0.25604 2 
62.857 -25.496 9.61964 -0.14925 2 
65.423 -25.496 9.70639 0.02277 2 
67.988 -25.496 9.44350 0.20570 2 
70.554 -25.496 9.49069 0.26928 2 
73.120 -25.496 9.44892 0.13345 2 
75.685 -25.496 9.30138 0.23539 2 
78.251 -25.496 9.33637 -0.01384 2 
80.816 -25.496 9.44946 0.02797 2 
83.382 -25.496 9.53987 -0.00719 2 
85.948 -25.496 9.69670 0.11202 2 
88.513 -25.496 9.82189 0.30194 2 
91.079 -25.496 9.93858 0.46237 2 
93.644 -25.496 10.05172 0.83055 2 
96.210 -25.496 9.55182 1.17453 2 
98.776 -25.496 9.33658 1.29402 2 
101.341 -25.496 9.08323 1.28537 2 
103.907 -25.496 9.14767 1.19558 2 
106.472 -25.496 8.98897 1.50485 2 
109.038 -25.496 8.59083 1.38843 2 
111.603 -25.496 8.85464 1.28941 2 
114.169 -25.496 8.56181 1.33677 2 
116.735 -25.496 8.60386 1.47777 2 
119.300 -25.496 0.00000 -0.00000 0 
-8.980 -28.061 7.72596 -0.89693 2 
-6.414 -28.061 7.81041 -0.99805 2 
-3.848 -28.061 7.69385 -1.05987 2 
-1.283 -28.061 7.75346 -1.02751 2 
1.283 -28.061 7.83620 -1.31202 2 
3.848 -28.061 7.98239 -1.27829 2 
6.414 -28.061 8.23996 -1.22690 2 
8.980 -28.061 8.29036 -1.45976 2 
11.545 -28.061 8.28617 -1.44291 2 
14.111 -28.061 8.59472 -1.38561 2 
16.676 -28.061 8.60533 -1.31636 2 
19.242 -28.061 8.63852 -1.32690 2 
21.808 -28.061 8.84993 -1.28095 2 
24.373 -28.061 8.88912 -1.26716 2 
26.939 -28.061 9.03671 -1.09273 2 
29.504 -28.061 9.10689 -1.15260 2 
32.070 -28.061 9.09085 -0.93471 2 
34.636 -28.061 9.31701 -0.89187 2 
37.201 -28.061 9.15691 -0.97597 2 
39.767 -28.061 9.30539 -0.80363 2 
42.332 -28.061 9.39464 -0.77427 2 
44.898 -28.061 9.31907 -0.64806 2 
47.464 -28.061 9.48340 -0.66141 2 
50.029 -28.061 9.40352 -0.62126 2 
52.595 -28.061 9.61717 -0.46885 2 
55.160 -28.061 9.52406 -0.48280 2 
57.726 -28.061 9.35050 -0.20897 2 
60.292 -28.061 9.56661 -0.16022 2 
62.857 -28.061 9.41454 -0.15226 2 
65.423 -28.061 9.69954 0.06329 2 
67.988 -28.061 9.52135 0.16223 2 
70.554 -28.061 9.48638 0.09714 2 
73.120 -28.061 9.34836 0.19153 2 
75.685 -28.061 9.27366 0.16855 2 
78.251 -28.061 9.30156 0.09982 2 
80.816 -28.061 9.33078 0.16965 2 
83.382 -28.061 9.53519 0.22544 2 
85.948 -28.061 9.65782 0.31862 2 
88.513 -28.061 9.55066 0.46558 2 
91.079 -28.061 9.62831 0.74620 2 
93.644 -28.061 9.47411 0.89716 2 
96.210 -28.061 9.43590 0.81176 2 
98.776 -28.061 9.31039 1.10989 2 
101.341 -28.061 9.16677 1.10242 2 
103.907 -28.061 9.02524 1.29745 2 
106.472 -28.061 8.94263 1.10670 2 
109.038 -28.061 8.97843 1.26753 2 
111.603 -28.061 8.74043 1.24918 2 
114.169 -28.061 8.55569 1.13191 2 
116.735 -28.061 8.63876 1.40653 2 
119.300 -28.061 0.00000 -0.00000 0 
-8.980 -30.627 7.89166 -0.91770 2 
-6.414 -30.627 7.79855 -1.03682 2 
-3.848 -30.627 7.84760 -1.00917 2 
-1.283 -30.627 7.87630 -1.08332 2 
1.283 -30.627 8.10729 -1.12088 2 
3.848 -30.627 8.06791 -1.22562 2 
6.414 -30.627 8.18985 -1.32583 2 
8.980 -30.627 8.29260 -1.40931 2 
11.545 -30.627 8.45852 -1.23760 2 
14.111 -30.627 8.53977 -1.28720 2 
16.676 -30.627 8.61102 -1.18509 2 
19.242 -30.627 8.70257 -1.49165 2 
21.808 -30.627 8.79821 -1.13000 2 
24.373 -30.627 8.84176 -1.20255 2 
26.939 -30.627 8.90206 -1.05130 2 
29.504 -30.627 8.97321 -1.03064 2 
32.070 -30.627 9.13167 -1.04963 2 
34.636 -30.627 9.02112 -0.87446 2 
37.201 -30.627 9.18613 -0.96362 2 
39.767 -30.627 9.09183 -0.81724 2 
42.332 -30.627 9.42652 -0.78076 2 
44.898 -30.627 9.41830 -0.67148 2 
47.464 -30.627 9.13546 -0.48098 2 
50.029 -30.627 9.30846 -0.59716 2 
52.595 -30.627 9.45607 -0.52904 2 
55.160 -30.627 9.27698 -0.27723 2 
57.726 -30.627 9.48415 -0.39623 2 
60.292 -30.627 9.47995 -0.19898 2 
62.857 -30.627 9.43742 -0.19112 2 
65.423 -30.627 9.39021 -0.13584 2 
67.988 -30.627 9.30333 -0.01147 2 
70.554 -30.627 9.31384 0.07483 2 
73.120 -30.627 9.39598 0.09593 2 
75.685 -30.627 9.27351 0.21836 2 
78.251 -30.627 9.22428 0.26546 2 
80.816 -30.627 9.31960 0.11838 2 
83.382 -30.627 9.37256 0.27488 2 
85.948 -30.627 9.46047 0.45518 2 
88.513 -30.627 9.62763 0.46607 2 
91.079 -30.627 9.41080 0.53321 2 
93.644 -30.627 9.39035 0.61999 2 
96.210 -30.627 9.31471 0.97779 2 
98.776 -30.627 9.37724 0.88440 2 
101.341 -30.627 9.12029 1.07414 2 
103.907 -30.627 9.02909 1.07049 2 
106.472 -30.627 8.91753 1.11564 2 
109.038 -30.627 8.73671 1.11006 2 
111.603 -30.627 8.74729 0.97533 2 
114.169 -30.627 8.68865 1.17059 2 
116.735 -30.627 8.67367 1.33529 2 
119.300 -30.627 0.00000 -0.00000 0 
-8.980 -33.192 7.59464 -0.81107 2 
-6.414 -33.192 7.87273 -0.91505 2 
-3.848 -33.192 7.96720 -1.00946 2 
-1.283 -33.192 7.94852 -0.94480 2 
1.283 -33.192 7.92154 -1.06081 2 
3.848 -33.192 8.06362 -1.10546 2 
6.414 -33.192 8.03343 -1.00705 2 
8.980 -33.192 8.42019 -1.17605 2 
11.545 -33.192 8.41192 -1.15832 2 
14.111 -33.192 8.49219 -1.11612 2 
16.676 -33.192 8.72205 -1.27227 2 
19.242 -33.192 8.69618 -1.07238 2 
21.808 -33.192 8.65892 -1.07461 2 
24.373 -33.192 8.81559 -1.05292 2 
26.939 -33.192 8.79009 -1.00459 2 
29.504 -33.192 8.84255 -1.05188 2 
32.070 -33.192 9.00606 -0.84068 2 
34.636 -33.192 9.07136 -0.81513 2 
37.201 -33.192 8.93667 -0.85200 2 
39.767 -33.192 9.18441 -0.65952 2 
42.332 -33.192 9.00312 -0.68929 2 
44.898 -33.192 9.20137 -0.55195 2 
47.464 -33.192 9.16565 -0.58213 2 
50.029 -33.192 9.23077 -0.49675 2 
52.595 -33.192 9.28814 -0.40368 2 
55.160 -33.192 9.32001 -0.46220 2 
57.726 -33.192 9.42168 -0.38244 2 
60.292 -33.192 9.36700 -0.18476 2 
62.857 -33.192 9.40665 -0.23582 2 
65.423 -33.192 9.33134 0.01817 2 
67.988 -33.192 9.37964 -0.08007 2 
70.554 -33.192 9.32672 0.05957 2 
73.120 -33.192 9.23890 0.07764 2 
75.685 -33.192 9.30974 0.08790 2 
78.251 -33.192 9.28608 0.25675 2 
80.816 -33.192 9.39255 0.41085 2 
83.382 -33.192 9.17476 0.31536 2 
85.948 -33.192 9.48404 0.23637 2 
88.513 -33.192 9.16170 0.38115 2 
91.079 -33.192 9.38008 0.68215 2 
93.644 -33.192 9.18468 0.64482 2 
96.210 -33.192 9.21998 0.72192 2 
98.776 -33.192 9.08842 0.96647 2 
101.341 -33.192 9.12299 0.94753 2 
103.907 -33.192 9.02536 0.80327 2 
106.472 -33.192 8.73237 1.07822 2 
109.038 -33.192 8.90118 1.17282 2 
111.603 -33.192 8.73203 1.06836 2 
114.169 -33.192 8.59446 1.10727 2 
116.735 -33.192 8.92851 0.93812 2 
119.300 -33.192 0.00000 -0.00000 0 
-8.980 -35.758 7.76875 -0.86955 2 
-6.414 -35.758 7.96066 -0.84998 2 
-3.848 -35.758 7.97357 -1.02261 2 
-1.283 -35.758 7.96720 -0.93473 2 
1.283 -35.758 8.18550 -0.92710 2 
3.848 -35.758 8.09461 -1.05197 2 
6.414 -35.758 8.34721 -0.96597 2 
8.980 -35.758 8.31234 -1.04463 2 
11.545 -35.758 8.42102 -0.97291 2 
14.111 -35.758 8.53677 -1.00576 2 
16.676 -35.758 8.37758 -1.01339 2 
19.242 -35.758 8.65141 -1.01941 2 
21.808 -35.758 8.76939 -0.99273 2 
24.373 -35.758 8.85314 -0.93317 2 
26.939 -35.758 8.76135 -1.05212 2 
29.504 -35.758 8.91814 -0.85085 2 
32.070 -35.758 8.89981 -0.89750 2 
34.636 -35.758 8.97940 -0.84014 2 
37.201 -35.758 9.00542 -0.83423 2 
39.767 -35.758 9.17667 -0.75758 2 
42.332 -35.758 9.06178 -0.64617 2 
44.898 -35.758 9.14053 -0.77695 2 
47.464 -35.758 9.24255 -0.69899 2 
50.029 -35.758 9.11469 -0.52438 2 
52.595 -35.758 9.27283 -0.34553 2 
55.160 -35.758 9.40296 -0.40994 2 
57.726 -35.758 9.18384 -0.38947 2 
60.292 -35.758 9.31464 -0.17223 2 
62.857 -35.758 9.27736 -0.03874 2 
65.423 -35.758 9.27349 -0.06336 2 
67.988 -35.758 9.19412 -0.09729 2 
70.554 -35.758 9.34226 0.03881 2 
73.120 -35.758 9.31306 0.20998 2 
75.685 -35.758 9.26623 0.10374 2 
78.251 -35.758 9.22395 0.15479 2 
80.816 -35.758 9.28227 0.05468 2 
83.382 -35.758 9.16379 0.38264 2 
85.948 -35.758 9.35334 0.40581 2 
88.513 -35.758 9.23869 0.62079 2 
91.079 -35.758 9.10687 0.51505 2 
93.644 -35.758 9.18799 0.69040 2 
96.210 -35.758 9.20346 0.78789 2 
98.776 -35.758 8.97936 0.72432 2 
101.341 -35.758 8.98371 0.74183 2 
103.907 -35.758 8.86838 0.83364 2 
106.472 -35.758 8.78171 0.79016 2 
109.038 -35.758 8.72807 1.09048 2 
111.603 -35.758 8.81677 0.86589 2 
114.169 -35.758 8.57704 0.86205 2 
116.735 -35.758 8.87292 1.02798 2 
119.300 -35.758 0.00000 -0.00000 0 
-8.980 -38.324 7.81146 -0.80512 2 
-6.414 -38.324 7.91081 -0.75769 2 
-3.848 -38.324 8.10315 -0.92994 2 
-1.283 -38.324 7.95177 -0.94513 2 
1.283 -38.324 8.23449 -0.95293 2 
3.848 -38.324 8.13664 -0.98389 2 
6.414 -38.324 8.22093 -0.85272 2 
8.980 -38.324 8.26344 -1.17598 2 
11.545 -38.324 8.47186 -1.10572 2 
14.111 -38.324 8.50750 -0.97322 2 
16.676 -38.324 8.47279 -1.08386 2 
19.242 -38.324 8.64449 -1.05780 2 
21.808 -38.324 8.67121 -0.95605 2 
24.373 -38.324 8.77978 -0.92364 2 
26.939 -38.324 8.81472 -0.85822 2 
29.504 -38.324 8.72689 -0.79732 2 
32.070 -38.324 8.97324 -0.80699 2 
34.636 -38.324 8.98117 -0.86715 2 
37.201 -38.324 8.93716 -0.77044 2 
39.767 -38.324 8.99660 -0.70549 2 
42.332 -38.324 9.11234 -0.75559 2 
44.898 -38.324 9.10814 -0.56608 2 
47.464 -38.324 9.19074 -0.42800 2 
50.029 -38.324 9.09374 -0.46243 2 
52.595 -38.324 9.14317 -0.38231 2 
55.160 -38.324 9.12984 -0.36614 2 
57.726 -38.324 9.18945 -0.35268 2 
60.292 -38.324 9.11416 -0.16870 2 
62.857 -38.324 9.16005 -0.10760 2 
65.423 -38.324 9.16665 -0.26549 2 
67.988 -38.324 9.21827 -0.00240 2 
70.554 -38.324 9.11233 0.08726 2 
73.120 -38.324 9.32184 -0.02755 2 
75.685 -38.324 9.21258 0.31115 2 
78.251 -38.324 9.18674 0.24892 2 
80.816 -38.324 9.26841 0.44203 2 
83.382 -38.324 9.06052 0.33360 2 
85.948 -38.324 9.16451 0.65562 2 
88.513 -38.324 9.14445 0.45542 2 
91.079 -38.324 9.12958 0.51863 2 
93.644 -38.324 8.96981 0.68666 2 
96.210 -38.324 9.09673 0.60700 2 
98.776 -38.324 8.92384 0.71957 2 
101.341 -38.324 8.93125 0.80060 2 
103.907 -38.324 8.95060 0.85478 2 
106.472 -38.324 8.73180 0.95714 2 
109.038 -38.324 8.75923 0.89123 2 
111.603 -38.324 8.76341 0.82200 2 
114.169 -38.324 8.66968 0.94643 2 
116.735 -38.324 8.81734 1.11783 2 
119.300 -38.324 0.00000 -0.00000 0 
-8.980 -40.889 7.92000 -0.84719 2 
-6.414 -40.889 7.92397 -0.77427 2 
-3.848 -40.889 8.04185 -0.84446 2 
-1.283 -40.889 8.15556 -0.94358 2 
1.283 -40.889 8.17079 -0.79646 2 
3.848 -40.889 8.16601 -0.92426 2 
6.414 -40.889 8.27062 -0.88469 2 
8.980 -40.889 8.24716 -0.87249 2 
11.545 -40.889 8.64189 -0.93074 2 
14.111 -40.889 8.44364 -0.79059 2 
16.676 -40.889 8.65069 -0.96801 2 
19.242 -40.889 8.57993 -0.84476 2 
21.808 -40.889 8.64817 -0.87909 2 
24.373 -40.889 8.69243 -0.90376 2 
26.939 -40.889 8.74037 -0.88670 2 
29.504 -40.889 8.96755 -0.93721 2 
32.070 -40.889 8.90780 -0.80710 2 
34.636 -40.889 8.95670 -0.69163 2 
37.201 -40.889 8.97178 -0.68199 2 
39.767 -40.889 8.93352 -0.70522 2 
42.332 -40.889 9.10277 -0.57314 2 
44.898 -40.889 9.04846 -0.67461 2 
47.464 -40.889 9.21382 -0.58971 2 
50.029 -40.889 9.04330 -0.48073 2 
52.595 -40.889 9.08709 -0.26196 2 
55.160 -40.889 9.16510 -0.35924 2 
57.726 -40.889 9.13471 -0.32340 2 
60.292 -40.889 9.18464 -0.09268 2 
62.857 -40.889 9.08026 -0.05217 2 
65.423 -40.889 9.09912 0.04206 2 
67.988 -40.889 9.03867 -0.04588 2 
70.554 -40.889 9.09748 -0.06608 2 
73.120 -40.889 9.09061 0.22616 2 
75.685 -40.889 9.21138 -0.00034 2 
78.251 -40.889 9.08594 0.28893 2 
80.816 -40.889 9.14765 0.33515 2 
83.382 -40.889 9.24516 0.26553 2 
85.948 -40.889 8.93912 0.43620 2 
88.513 -40.889 9.05316 0.32784 2 
91.079 -40.889 8.98590 0.59296 2 
93.644 -40.889 9.19342 0.54338 2 
96.210 -40.889 8.96784 0.76850 2 
98.776 -40.889 8.89944 0.59402 2 
101.341 -40.889 8.83247 0.82027 2 
103.907 -40.889 8.84290 0.81717 2 
106.472 -40.889 8.74619 0.69166 2 
109.038 -40.889 8.74183 0.79104 2 
111.603 -40.889 8.69619 0.84480 2 
114.169 -40.889 8.63310 0.71207 2 
116.735 -40.889 8.76175 1.20769 2 
119.300 -40.889 0.00000 -0.00000 0 
-8.980 -43.455 7.80205 -0.86122 2 
-6.414 -43.455 7.96720 -0.68387 2 
-3.848 -43.455 8.03838 -0.86117 2 
-1.283 -43.455 8.12027 -0.85863 2 
1.283 -43.455 8.16095 -0.76524 2 
3.848 -43.455 8.17516 -0.89903 2 
6.414 -43.455 8.36238 -0.92892 2 
8.980 -43.455 8.36709 -0.87935 2 
11.545 -43.455 8.28892 -0.87049 2 
14.111 -43.455 8.56829 -0.87351 2 
16.676 -43.455 8.53516 -0.87221 2 
19.242 -43.455 8.62088 -0.84761 2 
21.808 -43.455 8.70060 -0.75385 2 
24.373 -43.455 8.75411 -0.87059 2 
26.939 -43.455 8.80068 -0.83661 2 
29.504 -43.455 8.76030 -0.76241 2 
32.070 -43.455 8.79297 -0.78271 2 
34.636 -43.455 8.87950 -0.75811 2 
37.201 -43.455 8.88740 -0.63076 2 
39.767 -43.455 8.81292 -0.64113 2 
42.332 -43.455 8.86936 -0.57051 2 
44.898 -43.455 8.93536 -0.49642 2 
47.464 -43.455 8.89923 -0.52220 2 
50.029 -43.455 8.95285 -0.39345 2 
52.595 -43.455 9.05814 -0.40694 2 
55.160 -43.455 8.97146 -0.28134 2 
57.726 -43.455 9.14798 -0.08564 2 
60.292 -43.455 9.00581 -0.26398 2 
62.857 -43.455 9.04646 -0.13550 2 
65.423 -43.455 9.11743 -0.15019 2 
67.988 -43.455 9.11507 -0.04440 2 
70.554 -43.455 9.11569 -0.05098 2 
73.120 -43.455 9.10779 -0.07285 2 
75.685 -43.455 9.01657 0.20092 2 
78.251 -43.455 9.10801 0.18151 2 
80.816 -43.455 9.11963 0.29491 2 
83.382 -43.455 8.95544 0.43086 2 
85.948 -43.455 8.95292 0.39455 2 
88.513 -43.455 9.12046 0.50021 2 
91.079 -43.455 8.93346 0.66969 2 
93.644 -43.455 8.95434 0.56022 2 
96.210 -43.455 8.91760 0.60562 2 
98.776 -43.455 9.00668 0.76422 2 
101.341 -43.455 8.84752 0.70595 2 
103.907 -43.455 8.92044 0.84215 2 
106.472 -43.455 8.92852 0.73961 2 
109.038 -43.455 8.69968 0.74292 2 
111.603 -43.455 8.74072 0.75183 2 
114.169 -43.455 8.62401 0.94040 2 
116.735 -43.455 0.00000 -0.00000 0 
119.300 -43.455 0.00000 -0.00000 0 
-8.980 -46.020 7.99996 -0.83027 2 
-6.414 -46.020 8.02239 -0.73666 2 
-3.848 -46.020 8.10553 -0.77995 2 
-1.283 -46.020 8.00538 -0.83758 2 
1.283 -46.020 8.25333 -0.80991 2 
3.848 -46.020 8.35509 -0.77224 2 
6.414 -46.020 8.17211 -0.82828 2 
8.980 -46.020 8.42826 -0.86709 2 
11.545 -46.020 8.34965 -0.82249 2 
14.111 -46.020 8.52875 -0.87990 2 
16.676 -46.020 8.56807 -0.77643 2 
19.242 -46.020 8.54735 -0.89580 2 
21.808 -46.020 8.71953 -0.75893 2 
24.373 -46.020 8.70900 -0.75919 2 
26.939 -46.020 8.62851 -0.70974 2 
29.504 -46.020 8.79723 -0.65101 2 
32.070 -46.020 8.83866 -0.72152 2 
34.636 -46.020 8.86067 -0.71397 2 
37.201 -46.020 8.87354 -0.46454 2 
39.767 -46.020 8.81551 -0.85515 2 
42.332 -46.020 8.84123 -0.52980 2 
44.898 -46.020 8.86059 -0.59381 2 
47.464 -46.020 9.07064 -0.42960 2 
50.029 -46.020 8.94693 -0.46000 2 
52.595 -46.020 8.92034 -0.43764 2 
55.160 -46.020 9.02732 -0.26995 2 
57.726 -46.020 9.10911 -0.29408 2 
60.292 -46.020 8.98947 -0.21701 2 
62.857 -46.020 9.02985 -0.19393 2 
65.423 -46.020 9.05411 -0.03570 2 
67.988 -46.020 9.05270 -0.12083 2 
70.554 -46.020 9.15071 0.00787 2 
73.120 -46.020 8.95966 0.27644 2 
75.685 -46.020 9.03660 0.15104 2 
78.251 -46.020 9.07197 0.12525 2 
80.816 -46.020 9.05437 0.31785 2 
83.382 -46.020 9.00307 0.26793 2 
85.948 -46.020 8.97244 0.43988 2 
88.513 -46.020 8.94054 0.47226 2 
91.079 -46.020 9.02908 0.41477 2 
93.644 -46.020 8.79282 0.50851 2 
96.210 -46.020 8.90948 0.67200 2 
98.776 -46.020 8.84585 0.62440 2 
101.341 -46.020 8.81420 0.75279 2 
103.907 -46.020 8.72493 0.62358 2 
106.472 -46.020 8.78405 0.72120 2 
109.038 -46.020 8.73869 0.72732 2 
111.603 -46.020 8.72382 0.63236 2 
114.169 -46.020 8.58594 0.78537 2 
116.735 -46.020 0.00000 -0.00000 0 
119.300 -46.020 0.00000 -0.00000 0 
-8.980 -48.586 7.99543 -0.69324 2 
-6.414 -48.586 8.18594 -0.73267 2 
-3.848 -48.586 8.05867 -0.78818 2 
-1.283 -48.586 8.12250 -0.75467 2 
1.283 -48.586 8.26916 -0.76822 2 
3.848 -48.586 8.15130 -0.85612 2 
6.414 -48.586 8.33381 -0.77485 2 
8.980 -48.586 8.36997 -0.89288 2 
11.545 -48.586 8.48751 -0.74733 2 
14.111 -48.586 8.47332 -0.71268 2 
16.676 -48.586 8.54993 -0.83555 2 
19.242 -48.586 8.52066 -0.74168 2 
21.808 -48.586 8.55152 -0.82989 2 
24.373 -48.586 8.66064 -0.72948 2 
26.939 -48.586 8.64298 -0.87704 2 
29.504 -48.586 8.68026 -0.69009 2 
32.070 -48.586 8.62047 -0.65121 2 
34.636 -48.586 8.78877 -0.78413 2 
37.201 -48.586 8.92170 -0.68494 2 
39.767 -48.586 8.83077 -0.48828 2 
42.332 -48.586 9.03487 -0.59457 2 
44.898 -48.586 8.87591 -0.66437 2 
47.464 -48.586 8.85959 -0.36082 2 
50.029 -48.586 8.92258 -0.43599 2 
52.595 -48.586 8.99941 -0.22256 2 
55.160 -48.586 9.00396 -0.42868 2 
57.726 -48.586 8.83990 -0.29383 2 
60.292 -48.586 9.00625 -0.17234 2 
62.857 -48.586 8.92994 -0.08803 2 
65.423 -48.586 8.89710 -0.08748 2 
67.988 -48.586 8.96234 -0.09606 2 
70.554 -48.586 8.92359 0.23613 2 
73.120 -48.586 9.03246 0.05783 2 
75.685 -48.586 8.92150 0.09251 2 
78.251 -48.586 8.94382 0.16542 2 
80.816 -48.586 8.94983 0.22092 2 
83.382 -48.586 9.01425 0.28670 2 
85.948 -48.586 8.83874 0.55507 2 
88.513 -48.586 8.86558 0.31011 2 
91.079 -48.586 8.92976 0.39784 2 
93.644 -48.586 8.85974 0.61295 2 
96.210 -48.586 8.81906 0.62717 2 
98.776 -48.586 8.73279 0.49443 2 
101.341 -48.586 8.89676 0.72482 2 
103.907 -48.586 8.82663 0.52818 2 
106.472 -48.586 8.68081 0.72047 2 
109.038 -48.586 8.68906 0.71945 2 
111.603 -48.586 8.63728 0.76683 2 
114.169 -48.586 8.77973 0.58645 2 
116.735 -48.586 0.00000 -0.00000 0 
119.300 -48.586 0.00000 -0.00000 0 
-8.980 -51.152 7.99850 -0.65485 2 
-6.414 -51.152 8.01135 -0.79345 2 
-3.848 -51.152 8.14148 -0.69127 2 
-1.283 -51.152 8.09656 -0.81752 2 
1.283 -51.152 8.28811 -0.81274 2 
3.848 -51.152 8.33300 -0.65740 2 
6.414 -51.152 8.29152 -0.79561 2 
8.980 -51.152 8.32303 -0.74892 2 
11.545 -51.152 8.52155 -0.78338 2 
14.111 -51.152 8.40927 -0.76371 2 
16.676 -51.152 8.52510 -0.83051 2 
19.242 -51.152 8.50644 -0.74547 2 
21.808 -51.152 8.62166 -0.71485 2 
24.373 -51.152 8.73690 -0.59315 2 
26.939 -51.152 8.61099 -0.74985 2 
29.504 -51.152 8.72673 -0.63862 2 
32.070 -51.152 8.75522 -0.54035 2 
34.636 -51.152 8.80395 -0.45766 2 
37.201 -51.152 8.73924 -0.66403 2 
39.767 -51.152 8.74670 -0.47551 2 
42.332 -51.152 8.74276 -0.57777 2 
44.898 -51.152 8.87627 -0.46450 2 
47.464 -51.152 8.82819 -0.36787 2 
50.029 -51.152 8.89295 -0.53142 2 
52.595 -51.152 9.00161 -0.25232 2 
55.160 -51.152 8.87903 -0.30480 2 
57.726 -51.152 8.94048 -0.29470 2 
60.292 -51.152 8.91113 -0.21142 2 
62.857 -51.152 8.77103 -0.19947 2 
65.423 -51.152 8.95261 -0.05165 2 
67.988 -51.152 8.94950 0.01549 2 
70.554 -51.152 8.83528 0.08558 2 
73.120 -51.152 8.98098 -0.08688 2 
75.685 -51.152 8.88980 0.21972 2 
78.251 -51.152 8.96586 0.20418 2 
80.816 -51.152 8.95113 0.23573 2 
83.382 -51.152 8.89543 0.27045 2 
85.948 -51.152 8.86186 0.16989 2 
88.513 -51.152 8.79547 0.47322 2 
91.079 -51.152 8.85556 0.43336 2 
93.644 -51.152 8.86806 0.48510 2 
96.210 -51.152 8.79732 0.51510 2 
98.776 -51.152 8.83497 0.42959 2 
101.341 -51.152 8.80053 0.61148 2 
103.907 -51.152 8.69617 0.61497 2 
106.472 -51.152 8.65472 0.71414 2 
109.038 -51.152 8.57336 0.62797 2 
111.603 -51.152 8.47907 0.76809 2 
114.169 -51.152 8.75040 0.71112 2 
116.735 -51.152 0.00000 -0.00000 0 
119.300 -51.152 0.00000 -0.00000 0 
-8.980 -53.717 0.00000 -0.00000 0 
-6.414 -53.717 8.25149 -0.67170 2 
-3.848 -53.717 8.30481 -0.75367 2 
-1.283 -53.717 8.11862 -0.71086 2 
1.283 -53.717 8.16246 -0.66033 2 
3.848 -53.717 8.27595 -0.98513 2 
6.414 -53.717 8.30440 -0.72118 2 
8.980 -53.717 8.31988 -0.87035 2 
11.545 -53.717 8.35103 -0.86020 2 
14.111 -53.717 8.48409 -0.80421 2 
16.676 -53.717 8.53831 -0.71925 2 
19.242 -53.717 8.61069 -0.79015 2 
21.808 -53.717 8.52471 -0.90755 2 
24.373 -53.717 8.67214 -0.67428 2 
26.939 -53.717 8.61526 -0.77549 2 
29.504 -53.717 8.75188 -0.68431 2 
32.070 -53.717 8.71610 -0.72335 2 
34.636 -53.717 8.78579 -0.71623 2 
37.201 -53.717 8.79107 -0.52415 2 
39.767 -53.717 8.85590 -0.62868 2 
42.332 -53.717 8.82387 -0.55715 2 
44.898 -53.717 8.86797 -0.46093 2 
47.464 -53.717 8.82530 -0.46975 2 
50.029 -53.717 8.75195 -0.25356 2 
52.595 -53.717 8.87596 -0.44459 2 
55.160 -53.717 8.81704 -0.26981 2 
57.726 -53.717 8.93705 -0.27259 2 
60.292 -53.717 8.95965 -0.26827 2 
62.857 -53.717 8.96280 -0.20935 2 
65.423 -53.717 8.98187 -0.09381 2 
67.988 -53.717 8.83043 -0.00420 2 
70.554 -53.717 8.95423 0.14127 2 
73.120 -53.717 8.86961 0.16841 2 
75.685 -53.717 8.83366 0.12256 2 
78.251 -53.717 8.88037 0.22689 2 
80.816 -53.717 8.99989 0.28622 2 
83.382 -53.717 8.79431 0.29517 2 
85.948 -53.717 8.80567 0.33811 2 
88.513 -53.717 8.86367 0.34833 2 
91.079 -53.717 8.96759 0.53149 2 
93.644 -53.717 9.06408 0.63880 2 
96.210 -53.717 9.13117 0.68565 2 
98.776 -53.717 8.79383 0.25681 2 
101.341 -53.717 8.88904 0.58482 2 
103.907 -53.717 8.99990 0.41132 2 
106.472 -53.717 9.18766 0.63930 2 
109.038 -53.717 8.95242 0.76428 2 
111.603 -53.717 8.82733 0.59332 2 
114.169 -53.717 9.39514 0.79407 2 
116.735 -53.717 0.00000 -0.00000 0 
119.300 -53.717 0.00000 -0.00000 0 
-8.980 -56.283 0.00000 -0.00000 0 
-6.414 -56.283 0.00000 -0.00000 0 
-3.848 -56.283 0.00000 -0.00000 0 
-1.283 -56.283 0.00000 -0.00000 0 
1.283 -56.283 0.00000 -0.00000 0 
3.848 -56.283 0.00000 -0.00000 0 
6.414 -56.283 0.00000 -0.00000 0 
8.980 -56.283 0.00000 -0.00000 0 
11.545 -56.283 0.00000 -0.00000 0 
14.111 -56.283 0.00000 -0.00000 0 
16.676 -56.283 0.00000 -0.00000 0 
19.242 -56.283 0.00000 -0.00000 0 
21.808 -56.283 0.00000 -0.00000 0 
24.373 -56.283 0.00000 -0.00000 0 
26.939 -56.283 0.00000 -0.00000 0 
29.504 -56.283 0.00000 -0.00000 0 
32.070 -56.283 0.00000 -0.00000 0 
34.636 -56.283 0.00000 -0.00000 0 
37.201 -56.283 0.00000 -0.00000 0 
39.767 -56.283 8.73715 -0.25599 2 
42.332 -56.283 8.76604 -0.40535 2 
44.898 -56.283 8.72228 -0.31106 2 
47.464 -56.283 8.83324 -0.29346 2 
50.029 -56.283 8.79895 -0.19645 2 
52.595 -56.283 8.88646 -0.28387 2 
55.160 -56.283 8.91407 -0.09232 2 
57.726 -56.283 8.85034 -0.07150 2 
60.292 -56.283 8.75483 -0.21354 2 
62.857 -56.283 8.87848 -0.22636 2 
65.423 -56.283 8.86210 -0.10132 2 
67.988 -56.283 8.83940 -0.08504 2 
70.554 -56.283 8.94998 0.12111 2 
73.120 -56.283 8.83214 0.18182 2 
75.685 -56.283 8.85720 0.20604 2 
78.251 -56.283 8.86645 0.08301 2 
80.816 -56.283 8.87570 -0.04001 2 
83.382 -56.283 8.92439 -0.00809 2 
85.948 -56.283 8.94474 -0.05550 2 
88.513 -56.283 8.82578 -0.05454 2 
91.079 -56.283 9.03081 0.18559 2 
93.644 -56.283 8.93811 0.15173 2 
96.210 -56.283 8.84540 0.11788 2 
98.776 -56.283 8.75270 0.08403 1 
101.341 -56.283 0.00000 -0.00000 0 
103.907 -56.283 0.00000 -0.00000 0 
106.472 -56.283 0.00000 -0.00000 0 
109.038 -56.283 0.00000 -0.00000 0 
111.603 -56.283 0.00000 -0.00000 0 
114.169 -56.283 0.00000 -0.00000 0 
116.735 -56.283 0.00000 -0.00000 0 
119.300 -56.283 0.00000 -0.00000 0 
