TITLE = "B00002"
VARIABLES = "X [mm]", "Y [mm]", "Vx [m/s]", "Vy [m/s]", "Flag"
ZONE T="Frame 1", I=51, J=39, F=POINT
-8.980 41.210 7.42148 0.31463 2 
-6.414 41.210 7.33914 0.41747 2 
-3.848 41.210 7.18829 0.33870 2 
-1.283 41.210 7.13601 0.41824 2 
1.283 41.210 7.64744 0.15594 2 
3.848 41.210 0.00000 -0.00000 0 
6.414 41.210 0.00000 -0.00000 0 
8.980 41.210 0.00000 -0.00000 0 
11.545 41.210 0.00000 -0.00000 0 
14.111 41.210 0.00000 -0.00000 0 
16.676 41.210 0.00000 -0.00000 0 
19.242 41.210 2.44367 0.22587 2 
21.808 41.210 4.88734 0.45173 2 
24.373 41.210 7.33100 0.67760 2 
26.939 41.210 7.42795 0.82667 2 
29.504 41.210 7.58189 0.75506 2 
32.070 41.210 7.51548 0.84103 2 
34.636 41.210 7.71902 0.77909 2 
37.201 41.210 7.55542 0.91530 2 
39.767 41.210 7.75770 0.61585 2 
42.332 41.210 7.84486 0.82854 2 
44.898 41.210 7.71968 0.80020 2 
47.464 41.210 7.83516 0.96299 2 
50.029 41.210 7.92022 0.66096 2 
52.595 41.210 8.11595 0.73198 2 
55.160 41.210 8.08176 0.75396 2 
57.726 41.210 8.10461 0.70439 2 
60.292 41.210 8.34151 0.86861 2 
62.857 41.210 8.27986 0.65055 2 
65.423 41.210 8.37824 0.97552 2 
67.988 41.210 8.18741 0.62690 2 
70.554 41.210 8.46309 0.87267 2 
73.120 41.210 8.41892 0.85390 2 
75.685 41.210 8.37475 0.83513 2 
78.251 41.210 8.47763 0.27834 2 
80.816 41.210 0.00000 0.00000 0 
83.382 41.210 8.62425 0.37481 2 
85.948 41.210 8.72004 0.27207 2 
88.513 41.210 8.68374 0.41759 2 
91.079 41.210 8.62657 0.29957 2 
93.644 41.210 8.63250 0.18108 2 
96.210 41.210 8.63844 0.06259 2 
98.776 41.210 8.49500 0.08645 2 
101.341 41.210 8.57569 -0.16552 2 
103.907 41.210 8.79343 0.09433 2 
106.472 41.210 8.62992 -0.10502 2 
109.038 41.210 8.62274 -0.24035 2 
111.603 41.210 8.51000 -0.37804 2 
114.169 41.210 8.81404 -0.12739 2 
116.735 41.210 8.38298 -0.60811 2 
119.300 41.210 0.00000 -0.00000 0 
-8.980 38.644 7.18715 0.34940 2 
-6.414 38.644 7.27711 0.39799 2 
-3.848 38.644 7.30383 0.44647 2 
-1.283 38.644 7.08438 0.47659 2 
1.283 38.644 8.11432 0.54729 2 
3.848 38.644 0.00000 -0.00000 0 
6.414 38.644 0.00000 -0.00000 0 
8.980 38.644 0.00000 -0.00000 0 
11.545 38.644 0.00000 -0.00000 0 
14.111 38.644 0.00000 -0.00000 0 
16.676 38.644 0.00000 -0.00000 0 
19.242 38.644 3.77919 0.43138 2 
21.808 38.644 7.55837 0.86275 2 
24.373 38.644 7.25736 0.87306 2 
26.939 38.644 7.42915 0.92446 2 
29.504 38.644 7.50046 0.93240 2 
32.070 38.644 7.53956 0.79985 2 
34.636 38.644 7.55854 0.84248 2 
37.201 38.644 7.61732 0.89506 2 
39.767 38.644 7.77997 0.79537 2 
42.332 38.644 7.69106 0.94475 2 
44.898 38.644 7.86380 0.90396 2 
47.464 38.644 8.04486 0.91152 2 
50.029 38.644 7.81718 0.85582 2 
52.595 38.644 8.10455 0.85838 2 
55.160 38.644 8.20730 0.83443 2 
57.726 38.644 8.16514 1.07394 2 
60.292 38.644 8.33207 0.75975 2 
62.857 38.644 8.24847 0.95140 2 
65.423 38.644 8.56877 0.71968 2 
67.988 38.644 8.43909 0.67294 2 
70.554 38.644 8.31607 0.77167 2 
73.120 38.644 8.60044 0.65759 2 
75.685 38.644 8.42308 0.56722 2 
78.251 38.644 8.69733 0.50613 2 
80.816 38.644 0.00000 0.00000 0 
83.382 38.644 8.59741 0.41371 2 
85.948 38.644 8.64736 0.47440 2 
88.513 38.644 8.69803 0.30940 2 
91.079 38.644 8.58212 0.40576 2 
93.644 38.644 8.76457 0.35319 2 
96.210 38.644 8.74848 0.19227 2 
98.776 38.644 8.79516 -0.02162 2 
101.341 38.644 8.69972 0.06491 2 
103.907 38.644 8.81015 -0.19898 2 
106.472 38.644 8.60302 -0.16979 2 
109.038 38.644 8.58927 -0.24538 2 
111.603 38.644 8.64893 -0.31479 2 
114.169 38.644 8.25476 -0.64327 2 
116.735 38.644 8.71974 -0.04655 2 
119.300 38.644 0.00000 -0.00000 0 
-8.980 36.079 7.07289 0.29522 2 
-6.414 36.079 7.09767 0.30100 2 
-3.848 36.079 7.15881 0.33499 2 
-1.283 36.079 7.14389 0.35661 2 
1.283 36.079 7.58867 0.48969 2 
3.848 36.079 0.00000 -0.00000 0 
6.414 36.079 0.00000 -0.00000 0 
8.980 36.079 0.00000 -0.00000 0 
11.545 36.079 0.00000 -0.00000 0 
14.111 36.079 0.00000 -0.00000 0 
16.676 36.079 0.00000 -0.00000 0 
19.242 36.079 3.84409 0.41261 2 
21.808 36.079 7.68819 0.82523 2 
24.373 36.079 7.30328 0.91075 2 
26.939 36.079 7.44752 0.86924 2 
29.504 36.079 7.51932 0.87153 2 
32.070 36.079 7.45409 0.94728 2 
34.636 36.079 7.67894 0.84875 2 
37.201 36.079 7.47590 0.97718 2 
39.767 36.079 7.77954 0.94563 2 
42.332 36.079 7.86280 0.77229 2 
44.898 36.079 7.76445 1.00371 2 
47.464 36.079 7.76770 0.85841 2 
50.029 36.079 7.82351 1.05775 2 
52.595 36.079 7.95465 0.87755 2 
55.160 36.079 8.25747 0.89060 2 
57.726 36.079 8.21117 0.87270 2 
60.292 36.079 8.25156 0.89896 2 
62.857 36.079 8.41892 0.78018 2 
65.423 36.079 8.38983 0.92318 2 
67.988 36.079 8.22834 0.71712 2 
70.554 36.079 8.46422 0.73017 2 
73.120 36.079 8.56795 0.91204 2 
75.685 36.079 8.74739 0.64171 2 
78.251 36.079 8.42884 0.69046 2 
80.816 36.079 0.00000 0.00000 0 
83.382 36.079 8.69986 0.32502 2 
85.948 36.079 8.81970 0.24161 2 
88.513 36.079 8.85196 0.42067 2 
91.079 36.079 8.77882 0.36943 2 
93.644 36.079 8.90761 0.38179 2 
96.210 36.079 8.66108 0.35979 2 
98.776 36.079 8.85820 0.11663 2 
101.341 36.079 8.80453 -0.10266 2 
103.907 36.079 8.75989 -0.18647 2 
106.472 36.079 8.71988 -0.22594 2 
109.038 36.079 8.63694 -0.33615 2 
111.603 36.079 8.69666 -0.28854 2 
114.169 36.079 8.57581 -0.22091 2 
116.735 36.079 9.03938 -0.63852 2 
119.300 36.079 0.00000 -0.00000 0 
-8.980 33.513 7.09715 0.32268 2 
-6.414 33.513 7.14455 0.34691 2 
-3.848 33.513 7.14403 0.41019 2 
-1.283 33.513 7.09074 0.54558 2 
1.283 33.513 7.41578 0.35342 2 
3.848 33.513 0.00000 -0.00000 0 
6.414 33.513 0.00000 -0.00000 0 
8.980 33.513 0.00000 -0.00000 0 
11.545 33.513 0.00000 -0.00000 0 
14.111 33.513 0.00000 -0.00000 0 
16.676 33.513 0.00000 -0.00000 0 
19.242 33.513 3.75886 0.44040 2 
21.808 33.513 7.51772 0.88080 2 
24.373 33.513 7.19924 0.76992 2 
26.939 33.513 7.38335 0.91534 2 
29.504 33.513 7.39169 0.94645 2 
32.070 33.513 7.48943 0.92047 2 
34.636 33.513 7.66889 0.97162 2 
37.201 33.513 7.73074 1.13009 2 
39.767 33.513 7.74243 0.99549 2 
42.332 33.513 7.74629 0.93965 2 
44.898 33.513 7.79923 0.97311 2 
47.464 33.513 7.86870 0.89373 2 
50.029 33.513 8.10234 0.79203 2 
52.595 33.513 7.99496 0.93388 2 
55.160 33.513 8.13900 0.99042 2 
57.726 33.513 8.23816 1.02012 2 
60.292 33.513 8.32819 0.88419 2 
62.857 33.513 8.43532 0.86741 2 
65.423 33.513 8.24772 0.99439 2 
67.988 33.513 8.28819 0.87469 2 
70.554 33.513 8.69970 0.69251 2 
73.120 33.513 8.34720 0.86381 2 
75.685 33.513 8.64030 0.75827 2 
78.251 33.513 8.67759 0.91097 2 
80.816 33.513 0.00000 0.00000 0 
83.382 33.513 8.73153 0.62103 2 
85.948 33.513 8.76160 0.56883 2 
88.513 33.513 8.70373 0.14551 2 
91.079 33.513 9.07805 0.45687 2 
93.644 33.513 8.68901 0.18898 2 
96.210 33.513 8.96837 0.15027 2 
98.776 33.513 8.80181 0.05660 2 
101.341 33.513 8.69063 -0.00057 2 
103.907 33.513 8.63839 0.00351 2 
106.472 33.513 8.83008 -0.40399 2 
109.038 33.513 8.89425 -0.43581 2 
111.603 33.513 8.59862 -0.53173 2 
114.169 33.513 8.83801 -0.47234 2 
116.735 33.513 8.89089 -0.65256 2 
119.300 33.513 0.00000 -0.00000 0 
-8.980 30.948 7.07358 0.35375 2 
-6.414 30.948 7.07377 0.26250 2 
-3.848 30.948 7.16877 0.40699 2 
-1.283 30.948 7.10578 0.34809 2 
1.283 30.948 7.44655 0.44187 2 
3.848 30.948 0.00000 -0.00000 0 
6.414 30.948 0.00000 -0.00000 0 
8.980 30.948 0.00000 -0.00000 0 
11.545 30.948 0.00000 -0.00000 0 
14.111 30.948 0.00000 -0.00000 0 
16.676 30.948 0.00000 -0.00000 0 
19.242 30.948 3.67362 0.46818 2 
21.808 30.948 7.34725 0.93637 2 
24.373 30.948 7.24702 0.84998 2 
26.939 30.948 7.48116 0.85737 2 
29.504 30.948 7.29445 0.92539 2 
32.070 30.948 7.34744 1.11934 2 
34.636 30.948 7.55207 0.90651 2 
37.201 30.948 7.52224 0.97973 2 
39.767 30.948 7.65302 1.08418 2 
42.332 30.948 7.77233 1.19157 2 
44.898 30.948 7.89050 0.91187 2 
47.464 30.948 7.82387 1.16292 2 
50.029 30.948 7.88832 1.20732 2 
52.595 30.948 7.85869 1.09175 2 
55.160 30.948 8.14692 1.04339 2 
57.726 30.948 8.09691 0.91682 2 
60.292 30.948 8.22795 1.10003 2 
62.857 30.948 8.33919 0.93728 2 
65.423 30.948 8.48527 0.90411 2 
67.988 30.948 8.42179 0.74634 2 
70.554 30.948 8.81491 0.81072 2 
73.120 30.948 8.56689 0.97525 2 
75.685 30.948 8.66162 0.67374 2 
78.251 30.948 8.72937 0.63548 2 
80.816 30.948 0.00000 0.00000 0 
83.382 30.948 8.74760 0.51640 2 
85.948 30.948 8.76473 0.52810 2 
88.513 30.948 8.83668 0.60687 2 
91.079 30.948 8.78519 0.30755 2 
93.644 30.948 8.89292 0.27330 2 
96.210 30.948 8.94183 0.10237 2 
98.776 30.948 8.83571 0.01296 2 
101.341 30.948 8.86637 -0.19652 2 
103.907 30.948 8.81389 -0.27271 2 
106.472 30.948 8.98889 -0.27695 2 
109.038 30.948 8.80585 -0.34913 2 
111.603 30.948 8.83157 -0.57097 2 
114.169 30.948 8.68753 -0.62199 2 
116.735 30.948 8.74240 -0.66659 2 
119.300 30.948 0.00000 -0.00000 0 
-8.980 28.382 7.16362 0.29708 2 
-6.414 28.382 7.09959 0.30963 2 
-3.848 28.382 7.05537 0.44782 2 
-1.283 28.382 7.00412 0.51757 2 
1.283 28.382 7.18315 0.70072 2 
3.848 28.382 7.39287 0.39825 2 
6.414 28.382 0.00000 -0.00000 0 
8.980 28.382 0.00000 -0.00000 0 
11.545 28.382 0.00000 -0.00000 0 
14.111 28.382 0.00000 -0.00000 0 
16.676 28.382 3.29986 0.44197 2 
19.242 28.382 6.59972 0.88393 2 
21.808 28.382 7.71672 0.91121 2 
24.373 28.382 7.18515 1.03242 2 
26.939 28.382 7.29646 1.22074 2 
29.504 28.382 7.50198 1.04887 2 
32.070 28.382 7.46241 1.10196 2 
34.636 28.382 7.65399 0.96766 2 
37.201 28.382 7.53392 1.17329 2 
39.767 28.382 7.66263 1.00270 2 
42.332 28.382 7.79099 1.10966 2 
44.898 28.382 7.85061 1.12165 2 
47.464 28.382 7.92510 1.01903 2 
50.029 28.382 8.09975 1.10901 2 
52.595 28.382 7.94999 1.04571 2 
55.160 28.382 7.96072 1.15807 2 
57.726 28.382 8.41672 0.97718 2 
60.292 28.382 8.27988 1.03458 2 
62.857 28.382 8.26106 1.28084 2 
65.423 28.382 8.61680 0.77389 2 
67.988 28.382 8.50365 0.92181 2 
70.554 28.382 8.53072 0.92636 2 
73.120 28.382 8.57462 1.06264 2 
75.685 28.382 8.76798 0.76345 2 
78.251 28.382 8.85868 0.74052 2 
80.816 28.382 8.88449 0.61250 2 
83.382 28.382 8.89267 0.53963 2 
85.948 28.382 9.03255 0.59312 2 
88.513 28.382 9.26684 0.38849 2 
91.079 28.382 8.89272 0.16130 2 
93.644 28.382 9.15178 0.25007 2 
96.210 28.382 9.07067 0.17594 2 
98.776 28.382 8.93663 -0.10296 2 
101.341 28.382 9.17951 -0.04741 2 
103.907 28.382 9.15444 -0.14341 2 
106.472 28.382 8.96727 -0.30780 2 
109.038 28.382 8.92899 -0.54482 2 
111.603 28.382 8.84812 -0.53895 2 
114.169 28.382 8.76202 -0.67375 2 
116.735 28.382 8.90341 -0.66418 2 
119.300 28.382 0.00000 -0.00000 0 
-8.980 25.816 7.08475 0.23883 2 
-6.414 25.816 7.11965 0.10125 2 
-3.848 25.816 6.98145 0.36435 2 
-1.283 25.816 7.03288 0.26934 2 
1.283 25.816 7.00221 0.50075 2 
3.848 25.816 7.28189 0.48257 2 
6.414 25.816 0.00000 -0.00000 0 
8.980 25.816 0.00000 -0.00000 0 
11.545 25.816 0.00000 -0.00000 0 
14.111 25.816 0.00000 -0.00000 0 
16.676 25.816 3.97019 0.60953 2 
19.242 25.816 7.94039 1.21906 2 
21.808 25.816 7.19645 0.89602 2 
24.373 25.816 7.30088 0.91390 2 
26.939 25.816 7.44222 1.02815 2 
29.504 25.816 7.35272 1.18548 2 
32.070 25.816 7.37749 1.16690 2 
34.636 25.816 7.57571 1.02144 2 
37.201 25.816 7.57696 1.17270 2 
39.767 25.816 7.53976 1.08404 2 
42.332 25.816 7.79263 1.23017 2 
44.898 25.816 7.73657 0.92269 2 
47.464 25.816 7.82987 1.21454 2 
50.029 25.816 7.80976 1.12566 2 
52.595 25.816 8.20623 1.34820 2 
55.160 25.816 8.16818 1.14799 2 
57.726 25.816 8.16367 1.22682 2 
60.292 25.816 8.35659 1.19005 2 
62.857 25.816 8.32278 0.97391 2 
65.423 25.816 8.46251 1.24998 2 
67.988 25.816 8.56990 1.04239 2 
70.554 25.816 8.74153 1.06845 2 
73.120 25.816 8.67613 0.93416 2 
75.685 25.816 8.79351 0.99278 2 
78.251 25.816 8.63059 0.86885 2 
80.816 25.816 9.03851 0.72030 2 
83.382 25.816 0.00000 0.00000 0 
85.948 25.816 8.94716 0.72627 2 
88.513 25.816 8.85312 0.50013 2 
91.079 25.816 9.14035 0.32481 2 
93.644 25.816 8.86152 0.20809 2 
96.210 25.816 9.03490 0.06202 2 
98.776 25.816 9.03290 0.08167 2 
101.341 25.816 9.14409 -0.19026 2 
103.907 25.816 9.01771 -0.21900 2 
106.472 25.816 9.13118 -0.47669 2 
109.038 25.816 9.24672 -0.69160 2 
111.603 25.816 8.89398 -0.68272 2 
114.169 25.816 8.86463 -0.91439 2 
116.735 25.816 8.84497 -0.91275 2 
119.300 25.816 0.00000 -0.00000 0 
-8.980 23.251 7.09236 0.03959 2 
-6.414 23.251 6.95538 0.31576 2 
-3.848 23.251 7.00604 0.22694 2 
-1.283 23.251 7.01936 0.39764 2 
1.283 23.251 6.76165 0.55895 2 
3.848 23.251 7.24770 0.42100 2 
6.414 23.251 0.00000 -0.00000 0 
8.980 23.251 0.00000 -0.00000 0 
11.545 23.251 0.00000 -0.00000 0 
14.111 23.251 0.00000 -0.00000 0 
16.676 23.251 3.92792 0.49329 2 
19.242 23.251 7.85583 0.98658 2 
21.808 23.251 6.84405 1.01785 2 
24.373 23.251 7.17764 1.22587 2 
26.939 23.251 7.24430 0.93931 2 
29.504 23.251 7.20957 1.15401 2 
32.070 23.251 7.33988 1.34475 2 
34.636 23.251 7.29975 1.33802 2 
37.201 23.251 7.68052 1.36965 2 
39.767 23.251 7.62814 1.29165 2 
42.332 23.251 7.87864 1.17485 2 
44.898 23.251 7.83345 1.19811 2 
47.464 23.251 7.90353 1.41131 2 
50.029 23.251 8.23601 1.26271 2 
52.595 23.251 7.92938 1.18129 2 
55.160 23.251 8.30447 1.03281 2 
57.726 23.251 8.23149 1.22386 2 
60.292 23.251 8.15881 1.21070 2 
62.857 23.251 8.62969 1.16646 2 
65.423 23.251 8.52661 1.15135 2 
67.988 23.251 8.52208 1.05191 2 
70.554 23.251 8.88794 1.13198 2 
73.120 23.251 9.34478 0.86488 2 
75.685 23.251 9.22048 1.01674 2 
78.251 23.251 9.04303 0.95351 2 
80.816 23.251 9.09144 0.80735 2 
83.382 23.251 0.00000 0.00000 0 
85.948 23.251 6.91751 0.43291 2 
88.513 23.251 9.68844 0.24618 2 
91.079 23.251 9.80064 0.27694 2 
93.644 23.251 9.31079 0.25156 2 
96.210 23.251 9.43471 -0.00353 2 
98.776 23.251 8.91944 -0.17891 2 
101.341 23.251 9.15450 -0.14268 2 
103.907 23.251 9.13486 -0.11879 2 
106.472 23.251 9.50797 -0.45108 2 
109.038 23.251 9.21795 -0.67161 2 
111.603 23.251 9.01297 -0.81668 2 
114.169 23.251 8.69396 -1.14595 2 
116.735 23.251 9.35788 -0.98711 2 
119.300 23.251 0.00000 -0.00000 0 
-8.980 20.685 6.92257 0.09602 2 
-6.414 20.685 6.94500 0.31876 2 
-3.848 20.685 6.97803 0.16808 2 
-1.283 20.685 6.79789 0.31478 2 
1.283 20.685 6.83936 0.42675 2 
3.848 20.685 6.79717 0.57428 2 
6.414 20.685 0.00000 -0.00000 0 
8.980 20.685 0.00000 -0.00000 0 
11.545 20.685 0.00000 -0.00000 0 
14.111 20.685 0.00000 -0.00000 0 
16.676 20.685 3.72568 0.62858 2 
19.242 20.685 7.45137 1.25716 2 
21.808 20.685 7.03456 1.11674 2 
24.373 20.685 7.12831 1.16700 2 
26.939 20.685 7.10625 1.22724 2 
29.504 20.685 7.40686 1.21732 2 
32.070 20.685 7.25408 1.23696 2 
34.636 20.685 7.52202 1.41245 2 
37.201 20.685 7.61478 1.38753 2 
39.767 20.685 7.52263 1.15099 2 
42.332 20.685 7.75983 1.52893 2 
44.898 20.685 7.86576 1.16148 2 
47.464 20.685 7.84037 1.41535 2 
50.029 20.685 7.81280 1.31906 2 
52.595 20.685 7.81154 1.19286 2 
55.160 20.685 8.23685 1.27151 2 
57.726 20.685 8.27256 1.41408 2 
60.292 20.685 8.35566 1.34378 2 
62.857 20.685 8.54989 1.28326 2 
65.423 20.685 8.62885 1.26749 2 
67.988 20.685 9.14639 1.00591 2 
70.554 20.685 9.46331 1.10468 2 
73.120 20.685 10.01343 0.79560 2 
75.685 20.685 8.52599 1.09505 2 
78.251 20.685 10.17499 1.07485 2 
80.816 20.685 9.70443 0.45438 2 
83.382 20.685 0.00000 0.00000 0 
85.948 20.685 0.00000 0.00000 0 
88.513 20.685 0.00000 -0.00000 0 
91.079 20.685 8.66665 -0.08533 2 
93.644 20.685 9.54677 0.18494 2 
96.210 20.685 9.17916 -0.14888 2 
98.776 20.685 9.17244 -0.26867 2 
101.341 20.685 9.10902 -0.07744 2 
103.907 20.685 9.19055 0.13995 2 
106.472 20.685 9.43466 0.12511 2 
109.038 20.685 9.37740 -0.72426 2 
111.603 20.685 9.32014 -1.57364 2 
114.169 20.685 8.78515 -1.70633 2 
116.735 20.685 8.48351 -1.59592 2 
119.300 20.685 0.00000 -0.00000 0 
-8.980 18.120 6.94238 0.17070 2 
-6.414 18.120 6.83687 0.11836 2 
-3.848 18.120 6.70662 0.27602 2 
-1.283 18.120 6.66106 0.46655 2 
1.283 18.120 6.70581 0.44742 2 
3.848 18.120 7.05411 0.60118 2 
6.414 18.120 0.00000 -0.00000 0 
8.980 18.120 0.00000 -0.00000 0 
11.545 18.120 0.00000 -0.00000 0 
14.111 18.120 0.00000 -0.00000 0 
16.676 18.120 3.66211 0.67492 2 
19.242 18.120 7.32423 1.34984 2 
21.808 18.120 6.99657 1.19838 2 
24.373 18.120 7.12709 1.28785 2 
26.939 18.120 7.11941 1.32699 2 
29.504 18.120 7.27679 1.35846 2 
32.070 18.120 7.31658 1.44983 2 
34.636 18.120 7.43289 1.43651 2 
37.201 18.120 7.68889 1.41912 2 
39.767 18.120 7.50111 1.51204 2 
42.332 18.120 7.68591 1.42198 2 
44.898 18.120 7.78116 1.51447 2 
47.464 18.120 7.87858 1.41270 2 
50.029 18.120 7.94513 1.37806 2 
52.595 18.120 8.56667 1.39298 2 
55.160 18.120 8.54262 1.47106 2 
57.726 18.120 8.16445 1.29664 2 
60.292 18.120 8.76445 1.33818 2 
62.857 18.120 8.71711 1.39702 2 
65.423 18.120 9.47194 1.27559 2 
67.988 18.120 0.00000 -0.00000 0 
70.554 18.120 0.00000 -0.00000 0 
73.120 18.120 0.00000 -0.00000 0 
75.685 18.120 0.00000 -0.00000 0 
78.251 18.120 0.00000 -0.00000 0 
80.816 18.120 0.00000 -0.00000 0 
83.382 18.120 0.00000 -0.00000 0 
85.948 18.120 -0.07995 -0.36552 2 
88.513 18.120 3.72635 -0.40656 2 
91.079 18.120 5.50477 0.07897 2 
93.644 18.120 9.78275 0.11832 2 
96.210 18.120 10.23371 0.11805 2 
98.776 18.120 9.54322 0.06944 2 
101.341 18.120 8.85273 0.02083 2 
103.907 18.120 9.16999 0.54527 2 
106.472 18.120 8.48654 0.71646 2 
109.038 18.120 9.29667 -0.70179 2 
111.603 18.120 6.57256 -1.19967 2 
114.169 18.120 9.05272 -2.65917 2 
116.735 18.120 8.69981 -2.39453 2 
119.300 18.120 0.00000 -0.00000 0 
-8.980 15.554 7.00080 -0.12744 2 
-6.414 15.554 6.79589 0.13307 2 
-3.848 15.554 6.80375 0.27271 2 
-1.283 15.554 6.64430 0.23198 2 
1.283 15.554 6.76367 0.26496 2 
3.848 15.554 6.98720 0.52057 2 
6.414 15.554 0.00000 -0.00000 0 
8.980 15.554 0.00000 -0.00000 0 
11.545 15.554 0.00000 -0.00000 0 
14.111 15.554 0.00000 -0.00000 0 
16.676 15.554 0.09641 0.79219 2 
19.242 15.554 7.33301 1.17399 2 
21.808 15.554 6.77132 1.22371 2 
24.373 15.554 6.97137 1.33146 2 
26.939 15.554 7.17303 1.40589 2 
29.504 15.554 7.21566 1.50806 2 
32.070 15.554 7.21713 1.55416 2 
34.636 15.554 7.31997 1.55869 2 
37.201 15.554 7.50903 1.59952 2 
39.767 15.554 7.74623 1.53994 2 
42.332 15.554 3.84296 0.71099 2 
44.898 15.554 8.15550 1.39680 2 
47.464 15.554 8.10491 1.65798 2 
50.029 15.554 8.30253 1.42971 2 
52.595 15.554 8.41168 1.54962 2 
55.160 15.554 0.00000 -0.00000 0 
57.726 15.554 0.00000 -0.00000 0 
60.292 15.554 0.00000 -0.00000 0 
62.857 15.554 0.00000 -0.00000 0 
65.423 15.554 0.00000 -0.00000 0 
67.988 15.554 0.00000 -0.00000 0 
70.554 15.554 0.00000 -0.00000 0 
73.120 15.554 0.00000 -0.00000 0 
75.685 15.554 0.00000 -0.00000 0 
78.251 15.554 0.00000 -0.00000 0 
80.816 15.554 -0.35800 -0.08952 2 
83.382 15.554 -0.19435 -0.31516 2 
85.948 15.554 -0.52655 0.27628 2 
88.513 15.554 -1.17316 0.52283 2 
91.079 15.554 2.34288 0.24327 2 
93.644 15.554 -3.48280 0.40389 2 
96.210 15.554 3.04659 0.37341 2 
98.776 15.554 2.25592 0.27554 2 
101.341 15.554 1.46526 0.17767 2 
103.907 15.554 3.96479 0.52458 2 
106.472 15.554 3.49948 1.31597 2 
109.038 15.554 3.75672 0.76852 2 
111.603 15.554 3.82497 -0.82570 2 
114.169 15.554 8.00106 -3.25474 2 
116.735 15.554 7.73842 -3.64074 2 
119.300 15.554 0.00000 -0.00000 0 
-8.980 12.988 6.85230 -0.17573 2 
-6.414 12.988 6.57896 -0.06286 2 
-3.848 12.988 6.65001 0.09063 2 
-1.283 12.988 6.61191 0.20394 2 
1.283 12.988 6.34805 0.36973 2 
3.848 12.988 6.68261 0.46357 2 
6.414 12.988 0.00000 -0.00000 0 
8.980 12.988 0.00000 -0.00000 0 
11.545 12.988 0.00000 -0.00000 0 
14.111 12.988 0.00000 -0.00000 0 
16.676 12.988 3.60355 0.73281 2 
19.242 12.988 7.20710 1.46563 2 
21.808 12.988 6.76712 1.54419 2 
24.373 12.988 7.05849 1.48492 2 
26.939 12.988 7.03153 1.59350 2 
29.504 12.988 7.57833 1.82565 2 
32.070 12.988 7.80630 1.78407 2 
34.636 12.988 8.06129 1.83608 2 
37.201 12.988 7.76711 1.52575 2 
39.767 12.988 3.87311 0.76997 2 
42.332 12.988 0.00000 -0.00000 0 
44.898 12.988 0.00000 -0.00000 0 
47.464 12.988 0.00000 -0.00000 0 
50.029 12.988 0.00000 -0.00000 0 
52.595 12.988 0.00000 -0.00000 0 
55.160 12.988 0.00000 -0.00000 0 
57.726 12.988 0.00000 -0.00000 0 
60.292 12.988 0.00000 -0.00000 0 
62.857 12.988 0.00000 -0.00000 0 
65.423 12.988 0.00000 -0.00000 0 
67.988 12.988 0.00000 -0.00000 0 
70.554 12.988 0.00000 -0.00000 0 
73.120 12.988 0.00000 -0.00000 0 
75.685 12.988 -0.72748 -0.13491 2 
78.251 12.988 -1.09122 -0.20236 2 
80.816 12.988 -1.34438 -0.52177 2 
83.382 12.988 -0.38871 -0.63033 2 
85.948 12.988 -0.78873 -0.50499 2 
88.513 12.988 -2.80067 -0.23960 2 
91.079 12.988 -0.40241 0.13350 2 
93.644 12.988 -2.86608 0.42347 2 
96.210 12.988 -2.88527 -0.08720 2 
98.776 12.988 -0.18114 0.21397 2 
101.341 12.988 -2.48985 1.64905 2 
103.907 12.988 -1.24041 0.50388 2 
106.472 12.988 -0.24063 1.43627 2 
109.038 12.988 0.45595 -0.18782 2 
111.603 12.988 3.42479 -1.42376 2 
114.169 12.988 2.33508 -3.04495 2 
116.735 12.988 1.04961 -3.36973 2 
119.300 12.988 -0.23586 -3.69451 2 
-8.980 10.423 6.67247 -0.34505 2 
-6.414 10.423 6.72720 -0.06726 2 
-3.848 10.423 6.57228 0.02326 2 
-1.283 10.423 6.44490 0.10894 2 
1.283 10.423 6.32903 0.09643 2 
3.848 10.423 6.50355 0.33928 2 
6.414 10.423 1.58869 0.05684 2 
8.980 10.423 0.00000 -0.00000 0 
11.545 10.423 0.00000 -0.00000 0 
14.111 10.423 0.00000 -0.00000 0 
16.676 10.423 2.88284 0.58625 2 
19.242 10.423 4.80474 0.97708 2 
21.808 10.423 6.87854 1.64103 2 
24.373 10.423 7.47200 1.98798 2 
26.939 10.423 7.43454 1.98079 2 
29.504 10.423 6.96858 1.75902 2 
32.070 10.423 0.00000 -0.00000 0 
34.636 10.423 0.00000 -0.00000 0 
37.201 10.423 0.00000 -0.00000 0 
39.767 10.423 0.00000 -0.00000 0 
42.332 10.423 0.00000 -0.00000 0 
44.898 10.423 0.00000 -0.00000 0 
47.464 10.423 0.00000 -0.00000 0 
50.029 10.423 0.00000 -0.00000 0 
52.595 10.423 0.00000 -0.00000 0 
55.160 10.423 0.00000 -0.00000 0 
57.726 10.423 0.00000 -0.00000 0 
60.292 10.423 0.00000 -0.00000 0 
62.857 10.423 0.00000 -0.00000 0 
65.423 10.423 0.00000 -0.00000 0 
67.988 10.423 -0.32519 -0.11625 2 
70.554 10.423 -0.53415 -0.23370 2 
73.120 10.423 -0.71696 -0.07092 2 
75.685 10.423 -1.90441 -0.46575 2 
78.251 10.423 -2.18244 -0.40472 2 
80.816 10.423 -1.64938 0.03778 2 
83.382 10.423 -2.74835 -0.00786 2 
85.948 10.423 -2.70050 -0.38764 2 
88.513 10.423 -2.65266 -0.76742 2 
91.079 10.423 -3.14770 0.02373 2 
93.644 10.423 -3.13979 -0.14540 2 
96.210 10.423 -3.13187 -0.31453 2 
98.776 10.423 -2.61821 0.15241 2 
101.341 10.423 -2.58236 1.39268 2 
103.907 10.423 -3.45380 1.80263 2 
106.472 10.423 -3.10030 2.26060 2 
109.038 10.423 -4.29803 -0.03322 2 
111.603 10.423 -0.13726 -0.71821 2 
114.169 10.423 -0.88202 -0.78768 2 
116.735 10.423 -0.54279 -0.91589 2 
119.300 10.423 -0.20356 -1.04410 2 
-8.980 7.857 6.76364 -0.20446 2 
-6.414 7.857 6.50768 -0.21732 2 
-3.848 7.857 6.41997 -0.21205 2 
-1.283 7.857 6.34597 -0.07844 2 
1.283 7.857 6.16680 0.03653 2 
3.848 7.857 6.35476 0.22737 2 
6.414 7.857 3.17738 0.11368 2 
8.980 7.857 0.00000 -0.00000 0 
11.545 7.857 0.00000 -0.00000 0 
14.111 7.857 0.00000 -0.00000 2 
16.676 7.857 1.44142 0.29313 2 
19.242 7.857 2.40237 0.48854 2 
21.808 7.857 0.00000 -0.00000 0 
24.373 7.857 0.00000 -0.00000 0 
26.939 7.857 0.00000 -0.00000 0 
29.504 7.857 0.00000 -0.00000 0 
32.070 7.857 0.00000 -0.00000 0 
34.636 7.857 0.00000 -0.00000 0 
37.201 7.857 0.00000 -0.00000 0 
39.767 7.857 0.00000 -0.00000 0 
42.332 7.857 0.00000 -0.00000 0 
44.898 7.857 0.00000 -0.00000 0 
47.464 7.857 0.00000 -0.00000 0 
50.029 7.857 0.00000 -0.00000 0 
52.595 7.857 0.00000 -0.00000 0 
55.160 7.857 0.00000 -0.00000 0 
57.726 7.857 0.00000 -0.00000 0 
60.292 7.857 -0.09850 -0.11429 2 
62.857 7.857 -0.53779 -0.05340 2 
65.423 7.857 0.02338 0.07906 2 
67.988 7.857 -0.65039 -0.23249 2 
70.554 7.857 -1.41103 -0.20872 2 
73.120 7.857 -1.43392 -0.14184 2 
75.685 7.857 -2.02066 0.16310 2 
78.251 7.857 -1.95111 -0.37274 2 
80.816 7.857 -1.99167 -0.69631 2 
83.382 7.857 -3.42455 -0.36048 2 
85.948 7.857 -3.33449 -0.40587 2 
88.513 7.857 -3.24443 -0.45125 2 
91.079 7.857 -3.05551 -0.14387 2 
93.644 7.857 -2.96995 0.40242 2 
96.210 7.857 -3.47285 0.65113 2 
98.776 7.857 -3.36684 1.41140 2 
101.341 7.857 -3.25249 1.65659 2 
103.907 7.857 -3.43340 2.00430 2 
106.472 7.857 -3.42113 2.00685 2 
109.038 7.857 -3.54360 1.43795 2 
111.603 7.857 -3.69931 -0.01267 2 
114.169 7.857 -2.07945 1.31732 2 
116.735 7.857 -1.59371 1.06075 2 
119.300 7.857 -0.30115 0.09229 2 
-8.980 5.292 6.74616 -0.39960 2 
-6.414 5.292 6.57759 -0.51800 2 
-3.848 5.292 6.38194 -0.27937 2 
-1.283 5.292 6.19575 -0.26062 2 
1.283 5.292 6.14666 -0.18735 2 
3.848 5.292 6.21663 0.22748 2 
6.414 5.292 1.58869 0.05684 2 
8.980 5.292 0.00000 -0.00000 0 
11.545 5.292 0.00000 -0.00000 0 
14.111 5.292 0.00000 -0.00000 0 
16.676 5.292 0.00000 -0.00000 0 
19.242 5.292 0.00000 -0.00000 0 
21.808 5.292 0.00000 -0.00000 0 
24.373 5.292 0.00000 -0.00000 0 
26.939 5.292 0.00000 -0.00000 0 
29.504 5.292 0.00000 -0.00000 0 
32.070 5.292 0.00000 -0.00000 0 
34.636 5.292 0.00000 -0.00000 0 
37.201 5.292 0.00000 -0.00000 0 
39.767 5.292 0.00000 -0.00000 0 
42.332 5.292 0.00000 -0.00000 0 
44.898 5.292 0.00000 -0.00000 0 
47.464 5.292 0.00000 -0.00000 0 
50.029 5.292 0.00000 -0.00000 0 
52.595 5.292 0.05432 -0.02890 2 
55.160 5.292 -0.06373 0.09317 2 
57.726 5.292 -0.20283 -0.01596 2 
60.292 5.292 -0.68907 -0.12551 2 
62.857 5.292 -1.01039 -0.36729 2 
65.423 5.292 -0.64361 -0.40616 2 
67.988 5.292 -1.44039 -0.54284 2 
70.554 5.292 -1.27879 -0.01619 2 
73.120 5.292 -1.24145 0.24311 2 
75.685 5.292 -1.49888 0.71023 2 
78.251 5.292 -3.07519 0.04830 2 
80.816 5.292 -3.29994 -0.37164 2 
83.382 5.292 -2.76950 -0.40385 2 
85.948 5.292 -2.68354 -0.10926 2 
88.513 5.292 -2.36905 -0.40384 2 
91.079 5.292 -2.95451 -0.17216 2 
93.644 5.292 -2.95253 -0.33908 2 
96.210 5.292 -3.17661 0.33377 2 
98.776 5.292 -3.24984 0.58108 2 
101.341 5.292 -3.28551 0.76895 2 
103.907 5.292 -3.32119 0.95682 2 
106.472 5.292 -3.22147 0.40985 2 
109.038 5.292 -3.59842 0.51679 2 
111.603 5.292 -3.97538 0.62373 2 
114.169 5.292 -2.86170 1.18567 2 
116.735 5.292 -2.17459 0.36026 2 
119.300 5.292 -0.39874 1.22867 2 
-8.980 2.726 6.75043 -0.53503 2 
-6.414 2.726 6.57414 -0.57682 2 
-3.848 2.726 6.25321 -0.60327 2 
-1.283 2.726 6.29216 -0.45251 2 
1.283 2.726 6.12652 -0.41123 2 
3.848 2.726 3.06326 -0.20562 2 
6.414 2.726 0.00000 -0.00000 0 
8.980 2.726 0.00000 -0.00000 0 
11.545 2.726 0.00000 -0.00000 0 
14.111 2.726 0.00000 -0.00000 0 
16.676 2.726 0.00000 -0.00000 0 
19.242 2.726 0.00000 -0.00000 0 
21.808 2.726 0.00000 -0.00000 0 
24.373 2.726 0.00000 -0.00000 0 
26.939 2.726 0.00000 -0.00000 0 
29.504 2.726 0.00000 -0.00000 0 
32.070 2.726 0.00000 -0.00000 0 
34.636 2.726 0.00000 -0.00000 0 
37.201 2.726 0.00000 -0.00000 0 
39.767 2.726 0.00000 -0.00000 0 
42.332 2.726 0.00000 -0.00000 0 
44.898 2.726 0.00000 -0.00000 0 
47.464 2.726 -0.28934 -0.15869 2 
50.029 2.726 -0.40689 0.04393 2 
52.595 2.726 0.10864 -0.05779 2 
55.160 2.726 -0.27112 0.01170 2 
57.726 2.726 -0.69701 -0.32592 2 
60.292 2.726 -0.85862 -0.78584 2 
62.857 2.726 -1.05121 -0.46732 2 
65.423 2.726 -0.77781 -0.34652 2 
67.988 2.726 -0.49617 0.08881 2 
70.554 2.726 -1.14655 0.17635 2 
73.120 2.726 -1.18272 0.15922 2 
75.685 2.726 -0.97711 1.25737 2 
78.251 2.726 -1.02879 1.05478 2 
80.816 2.726 -2.93685 -0.41054 2 
83.382 2.726 -2.41362 -0.85247 2 
85.948 2.726 -2.28279 -0.88016 2 
88.513 2.726 -3.88864 -0.45293 2 
91.079 2.726 -3.17896 -0.72151 2 
93.644 2.726 -3.55471 -0.51301 2 
96.210 2.726 -3.41543 0.00086 2 
98.776 2.726 -3.41213 -0.51814 2 
101.341 2.726 -3.47560 -0.02724 2 
103.907 2.726 -3.53908 0.46366 2 
106.472 2.726 -3.18689 0.45356 2 
109.038 2.726 -3.20854 0.49699 2 
111.603 2.726 -3.23018 0.54041 2 
114.169 2.726 -2.21233 0.97892 2 
116.735 2.726 -3.26378 1.50026 2 
119.300 2.726 -0.40296 0.75235 2 
-8.980 0.160 6.68250 -0.61200 2 
-6.414 0.160 6.66418 -0.54753 2 
-3.848 0.160 6.26255 -0.78219 2 
-1.283 0.160 6.03169 -0.76447 2 
1.283 0.160 6.70125 -0.83741 2 
3.848 0.160 0.00000 -0.00000 0 
6.414 0.160 0.00000 -0.00000 0 
8.980 0.160 0.00000 -0.00000 0 
11.545 0.160 0.00000 -0.00000 0 
14.111 0.160 0.00000 -0.00000 0 
16.676 0.160 0.00000 -0.00000 0 
19.242 0.160 0.00000 -0.00000 0 
21.808 0.160 0.00000 -0.00000 0 
24.373 0.160 0.00000 -0.00000 0 
26.939 0.160 0.00000 -0.00000 0 
29.504 0.160 0.00000 -0.00000 0 
32.070 0.160 0.00000 -0.00000 0 
34.636 0.160 0.00000 -0.00000 0 
37.201 0.160 0.00000 -0.00000 0 
39.767 0.160 -0.79029 -0.23454 2 
42.332 0.160 -0.33103 -0.17456 2 
44.898 0.160 -0.69373 -0.28075 2 
47.464 0.160 -0.57868 -0.31737 2 
50.029 0.160 -0.81377 0.08786 2 
52.595 0.160 -0.47956 -0.05251 2 
55.160 0.160 -0.56012 -0.09349 2 
57.726 0.160 -1.19118 -0.63589 2 
60.292 0.160 -0.79177 -0.91273 2 
62.857 0.160 -1.09203 -0.56736 2 
65.423 0.160 -0.91200 -0.28688 2 
67.988 0.160 -1.00991 -0.06110 2 
70.554 0.160 -0.49100 -0.43372 2 
73.120 0.160 -0.38900 0.77886 2 
75.685 0.160 -0.61752 1.04372 2 
78.251 0.160 -0.99079 0.67350 2 
80.816 0.160 -2.27208 -0.03016 2 
83.382 0.160 -2.04245 -0.75438 2 
85.948 0.160 -2.34650 -0.68680 2 
88.513 0.160 -3.43647 -0.81886 2 
91.079 0.160 -3.86886 -0.66416 2 
93.644 0.160 -3.80951 -0.16041 2 
96.210 0.160 -3.75016 0.34333 2 
98.776 0.160 -2.94584 -0.68630 2 
101.341 0.160 -2.83931 -0.58769 2 
103.907 0.160 -2.73277 -0.48907 2 
106.472 0.160 -3.15232 0.49728 2 
109.038 0.160 -3.08546 0.67489 2 
111.603 0.160 -3.01861 0.85250 2 
114.169 0.160 -1.77604 0.47201 2 
116.735 0.160 -0.67714 0.03953 2 
119.300 0.160 -0.37791 0.64473 2 
-8.980 -2.405 6.80549 -0.73455 2 
-6.414 -2.405 6.69275 -0.83768 2 
-3.848 -2.405 6.43909 -0.69052 2 
-1.283 -2.405 6.61416 -1.02746 2 
1.283 -2.405 0.00000 -0.00000 0 
3.848 -2.405 0.00000 -0.00000 0 
6.414 -2.405 0.00000 -0.00000 0 
8.980 -2.405 0.00000 -0.00000 0 
11.545 -2.405 0.00000 -0.00000 0 
14.111 -2.405 0.00000 -0.00000 0 
16.676 -2.405 0.00000 -0.00000 0 
19.242 -2.405 0.00000 -0.00000 0 
21.808 -2.405 0.00000 -0.00000 0 
24.373 -2.405 0.00000 -0.00000 0 
26.939 -2.405 0.00000 -0.00000 0 
29.504 -2.405 0.00000 -0.00000 0 
32.070 -2.405 -0.64348 -0.05352 2 
34.636 -2.405 -1.29590 -0.24772 2 
37.201 -2.405 -0.88860 -0.31818 2 
39.767 -2.405 -1.58058 -0.46907 2 
42.332 -2.405 -1.46984 -0.16601 2 
44.898 -2.405 -1.05433 -0.28541 2 
47.464 -2.405 -0.52782 -0.51330 2 
50.029 -2.405 -0.81985 -0.51869 2 
52.595 -2.405 -0.85666 -0.17692 2 
55.160 -2.405 -0.84912 -0.19868 2 
57.726 -2.405 -0.49927 -0.30573 2 
60.292 -2.405 -0.72492 -1.03962 2 
62.857 -2.405 -0.44628 -1.16626 2 
65.423 -2.405 -0.24483 -1.04576 2 
67.988 -2.405 -0.34824 -0.69537 2 
70.554 -2.405 -0.20869 0.10507 2 
73.120 -2.405 0.54150 0.73100 2 
75.685 -2.405 -0.67384 0.84184 2 
78.251 -2.405 -0.90042 0.21607 2 
80.816 -2.405 -0.82519 0.60671 2 
83.382 -2.405 -0.58439 -0.42825 2 
85.948 -2.405 -1.70688 0.09605 2 
88.513 -2.405 -0.47381 -0.06373 2 
91.079 -2.405 -0.64488 -0.34357 2 
93.644 -2.405 -1.08422 -0.30378 2 
96.210 -2.405 -1.25000 0.46185 2 
98.776 -2.405 -1.64673 0.65794 2 
101.341 -2.405 -1.57922 0.49607 2 
103.907 -2.405 -1.51170 0.33419 2 
106.472 -2.405 0.06019 0.73049 2 
109.038 -2.405 -2.00555 0.92329 2 
111.603 -2.405 1.16051 1.42926 2 
114.169 -2.405 -1.40240 0.87956 2 
116.735 -2.405 -0.49280 1.51789 2 
119.300 -2.405 -0.15229 1.98498 2 
-8.980 -4.971 6.82540 -0.86804 2 
-6.414 -4.971 6.66852 -0.86798 2 
-3.848 -4.971 6.54916 -1.01517 2 
-1.283 -4.971 6.51130 -1.11591 2 
1.283 -4.971 0.00000 -0.00000 0 
3.848 -4.971 0.00000 -0.00000 0 
6.414 -4.971 0.00000 -0.00000 0 
8.980 -4.971 0.00000 -0.00000 0 
11.545 -4.971 0.00000 -0.00000 0 
14.111 -4.971 0.00000 -0.00000 0 
16.676 -4.971 0.00000 -0.00000 0 
19.242 -4.971 0.00000 -0.00000 0 
21.808 -4.971 0.00000 -0.00000 0 
24.373 -4.971 -0.44365 -0.54496 2 
26.939 -4.971 -0.37413 -0.63341 2 
29.504 -4.971 -0.57585 -0.25842 2 
32.070 -4.971 -1.28695 -0.10705 2 
34.636 -4.971 -1.06493 -0.13639 2 
37.201 -4.971 -0.64768 -0.58777 2 
39.767 -4.971 -1.54409 -0.45091 2 
42.332 -4.971 -1.53084 0.05707 2 
44.898 -4.971 -1.23402 -0.33071 2 
47.464 -4.971 -0.57381 0.29730 2 
50.029 -4.971 -0.41768 -0.13114 2 
52.595 -4.971 -0.24756 0.04634 2 
55.160 -4.971 -0.55525 -0.59003 2 
57.726 -4.971 -0.96625 -0.25375 2 
60.292 -4.971 -0.41230 -1.57016 2 
62.857 -4.971 -0.18907 -1.82043 2 
65.423 -4.971 -0.50426 -1.04008 2 
67.988 -4.971 -0.72233 -1.24538 2 
70.554 -4.971 -0.90473 -0.22185 2 
73.120 -4.971 -0.32711 0.47710 2 
75.685 -4.971 1.35760 0.69618 2 
78.251 -4.971 1.83223 0.93048 2 
80.816 -4.971 1.23302 0.59629 2 
83.382 -4.971 1.93695 0.58319 2 
85.948 -4.971 1.89506 0.06875 2 
88.513 -4.971 2.10969 0.07603 2 
91.079 -4.971 0.41912 -0.72895 2 
93.644 -4.971 1.14237 -0.91110 2 
96.210 -4.971 1.25016 0.58036 2 
98.776 -4.971 -0.55565 0.32690 2 
101.341 -4.971 0.15305 -0.07697 2 
103.907 -4.971 0.49900 0.40203 2 
106.472 -4.971 1.27655 0.68719 2 
109.038 -4.971 0.25007 0.61359 2 
111.603 -4.971 0.73539 0.60204 2 
114.169 -4.971 0.82969 0.56209 2 
116.735 -4.971 1.15959 1.69625 2 
119.300 -4.971 0.00000 -0.00000 0 
-8.980 -7.536 6.83665 -0.87558 2 
-6.414 -7.536 6.94052 -0.84861 2 
-3.848 -7.536 6.74181 -1.19338 2 
-1.283 -7.536 6.66882 -1.34703 2 
1.283 -7.536 6.39574 -1.69169 2 
3.848 -7.536 0.00000 -0.00000 0 
6.414 -7.536 5.41354 -2.68642 2 
8.980 -7.536 5.80862 -3.14361 2 
11.545 -7.536 2.74907 -1.60733 2 
14.111 -7.536 -0.31047 -0.07105 2 
16.676 -7.536 -0.17619 0.03270 2 
19.242 -7.536 -0.35422 -0.03671 2 
21.808 -7.536 0.01343 0.05140 2 
24.373 -7.536 -0.88730 -1.08991 2 
26.939 -7.536 -0.74825 -1.26683 2 
29.504 -7.536 -1.15171 -0.51684 2 
32.070 -7.536 0.49591 -0.14514 2 
34.636 -7.536 -0.83395 -0.02506 2 
37.201 -7.536 -0.40676 -0.85736 2 
39.767 -7.536 -0.13052 -0.41929 2 
42.332 -7.536 0.56709 0.18372 2 
44.898 -7.536 0.65048 -0.37706 2 
47.464 -7.536 0.36090 0.01104 2 
50.029 -7.536 -0.01565 0.00817 2 
52.595 -7.536 0.06573 0.08656 2 
55.160 -7.536 -0.08895 -1.02214 2 
57.726 -7.536 0.07040 -0.94356 2 
60.292 -7.536 -0.80711 -1.50381 2 
62.857 -7.536 0.28630 -1.58014 2 
65.423 -7.536 1.39490 0.31573 2 
67.988 -7.536 1.89624 -0.97312 2 
70.554 -7.536 2.57293 0.62081 2 
73.120 -7.536 2.26592 0.75843 2 
75.685 -7.536 2.03349 1.01276 2 
78.251 -7.536 2.38380 0.14428 2 
80.816 -7.536 2.36410 0.73696 2 
83.382 -7.536 3.53126 1.48380 2 
85.948 -7.536 3.44190 1.03852 2 
88.513 -7.536 3.83764 0.75506 2 
91.079 -7.536 2.90973 -0.43170 2 
93.644 -7.536 3.39079 -0.80951 2 
96.210 -7.536 0.72884 -0.20384 2 
98.776 -7.536 0.53543 -0.00414 2 
101.341 -7.536 1.50220 0.58100 2 
103.907 -7.536 2.50971 0.46987 2 
106.472 -7.536 2.49291 0.64390 2 
109.038 -7.536 2.53366 0.54627 2 
111.603 -7.536 2.78634 1.44722 2 
114.169 -7.536 3.03901 2.34817 2 
116.735 -7.536 2.81198 1.87461 2 
119.300 -7.536 0.00000 -0.00000 0 
-8.980 -10.102 6.94764 -0.85642 2 
-6.414 -10.102 7.08003 -1.15961 2 
-3.848 -10.102 6.92463 -1.27935 2 
-1.283 -10.102 6.91356 -1.54238 2 
1.283 -10.102 6.67136 -1.69349 2 
3.848 -10.102 6.94024 -2.17149 2 
6.414 -10.102 7.19021 -2.74018 2 
8.980 -10.102 6.65780 -2.91082 2 
11.545 -10.102 7.62114 -3.03003 2 
14.111 -10.102 9.01815 -3.12640 2 
16.676 -10.102 9.69990 -3.02988 2 
19.242 -10.102 4.58794 -1.25280 2 
21.808 -10.102 9.65617 -2.38316 2 
24.373 -10.102 0.06838 -2.55416 2 
26.939 -10.102 2.10798 -0.89411 2 
29.504 -10.102 4.95537 -0.95337 2 
32.070 -10.102 2.27877 -0.18324 2 
34.636 -10.102 2.71728 -0.18443 2 
37.201 -10.102 3.61892 -0.98818 2 
39.767 -10.102 1.28305 -0.38767 2 
42.332 -10.102 2.66501 0.31037 2 
44.898 -10.102 2.84145 -0.29905 2 
47.464 -10.102 3.80791 -0.23712 2 
50.029 -10.102 1.31294 -0.09422 2 
52.595 -10.102 1.65496 -0.81212 2 
55.160 -10.102 0.72294 -1.05976 2 
57.726 -10.102 1.52613 0.05107 2 
60.292 -10.102 2.01285 -1.22578 2 
62.857 -10.102 2.81990 -0.69449 2 
65.423 -10.102 4.28846 0.60636 2 
67.988 -10.102 4.34713 -0.05810 2 
70.554 -10.102 4.36474 0.65461 2 
73.120 -10.102 4.85895 1.03976 2 
75.685 -10.102 3.73772 0.16074 2 
78.251 -10.102 4.24875 0.34861 2 
80.816 -10.102 3.64146 0.70690 2 
83.382 -10.102 3.42254 1.28107 2 
85.948 -10.102 4.16075 0.52521 2 
88.513 -10.102 4.86599 0.98937 2 
91.079 -10.102 2.86755 -0.53654 2 
93.644 -10.102 3.77192 1.37786 2 
96.210 -10.102 3.25846 0.29121 2 
98.776 -10.102 3.18245 0.69883 2 
101.341 -10.102 3.91804 0.59695 2 
103.907 -10.102 3.98553 0.17516 2 
106.472 -10.102 4.15470 1.02663 2 
109.038 -10.102 5.72300 0.37527 2 
111.603 -10.102 4.83273 1.48943 2 
114.169 -10.102 3.99107 1.94019 2 
116.735 -10.102 4.99928 1.71512 2 
119.300 -10.102 0.00000 -0.00000 0 
-8.980 -12.668 7.18108 -0.99570 2 
-6.414 -12.668 7.11243 -1.06495 2 
-3.848 -12.668 7.03006 -1.19726 2 
-1.283 -12.668 7.12654 -1.55656 2 
1.283 -12.668 7.08921 -1.74799 2 
3.848 -12.668 7.08165 -2.04956 2 
6.414 -12.668 7.26585 -2.31620 2 
8.980 -12.668 7.50698 -2.67802 2 
11.545 -12.668 8.03666 -2.82008 2 
14.111 -12.668 8.59456 -2.65920 2 
16.676 -12.668 8.96356 -2.48941 2 
19.242 -12.668 9.53010 -2.46890 2 
21.808 -12.668 9.64858 -2.22451 2 
24.373 -12.668 9.95916 -2.05879 2 
26.939 -12.668 10.20933 -1.54056 2 
29.504 -12.668 10.12291 -1.59476 2 
32.070 -12.668 6.11271 -0.59963 2 
34.636 -12.668 6.26852 -0.34380 2 
37.201 -12.668 7.64460 -1.11899 2 
39.767 -12.668 6.85519 -0.42825 2 
42.332 -12.668 6.06579 0.26249 2 
44.898 -12.668 6.66035 -0.11140 2 
47.464 -12.668 7.25492 -0.48529 2 
50.029 -12.668 5.44630 -0.27717 2 
52.595 -12.668 4.92643 -0.74062 2 
55.160 -12.668 8.60925 -1.17586 2 
57.726 -12.668 3.74320 -0.83800 2 
60.292 -12.668 3.69716 -1.06665 2 
62.857 -12.668 5.35350 0.19115 2 
65.423 -12.668 5.86644 -0.50959 2 
67.988 -12.668 6.79801 0.85692 2 
70.554 -12.668 6.15655 0.68840 2 
73.120 -12.668 6.65651 0.45950 2 
75.685 -12.668 7.12764 1.26736 2 
78.251 -12.668 6.11370 0.55293 2 
80.816 -12.668 4.70049 1.12147 2 
83.382 -12.668 5.04570 1.11975 2 
85.948 -12.668 5.46829 0.70841 2 
88.513 -12.668 5.08351 -0.08678 2 
91.079 -12.668 5.96529 1.46023 2 
93.644 -12.668 3.84862 0.20438 2 
96.210 -12.668 6.08547 1.91804 2 
98.776 -12.668 6.27472 1.52073 2 
101.341 -12.668 4.84600 -0.01775 2 
103.907 -12.668 5.43136 0.35926 2 
106.472 -12.668 5.51887 0.38152 2 
109.038 -12.668 5.72425 0.95393 2 
111.603 -12.668 5.73617 1.74484 2 
114.169 -12.668 4.94312 1.53221 2 
116.735 -12.668 5.25480 1.56179 2 
119.300 -12.668 0.00000 -0.00000 0 
-8.980 -15.233 7.35627 -0.97956 2 
-6.414 -15.233 7.22801 -1.22814 2 
-3.848 -15.233 7.17723 -1.33920 2 
-1.283 -15.233 7.23122 -1.48251 2 
1.283 -15.233 7.17987 -1.59120 2 
3.848 -15.233 7.37920 -2.09548 2 
6.414 -15.233 7.48223 -2.23940 2 
8.980 -15.233 7.94843 -2.31603 2 
11.545 -15.233 8.20509 -2.45854 2 
14.111 -15.233 8.63631 -2.49523 2 
16.676 -15.233 8.80721 -2.38135 2 
19.242 -15.233 8.89016 -2.24018 2 
21.808 -15.233 9.03270 -2.01625 2 
24.373 -15.233 9.40336 -1.90463 2 
26.939 -15.233 9.49687 -1.66728 2 
29.504 -15.233 10.01184 -1.43940 2 
32.070 -15.233 9.94665 -1.01603 2 
34.636 -15.233 7.89629 -0.69045 2 
37.201 -15.233 9.54922 -1.09483 2 
39.767 -15.233 9.53406 -0.75293 2 
42.332 -15.233 9.51889 -0.41103 2 
44.898 -15.233 8.79317 -0.39018 2 
47.464 -15.233 8.45626 -0.32110 2 
50.029 -15.233 8.50816 -0.20377 2 
52.595 -15.233 8.25944 -0.52181 2 
55.160 -15.233 8.79141 -0.73376 2 
57.726 -15.233 6.62437 -0.67081 2 
60.292 -15.233 5.38148 -0.90752 2 
62.857 -15.233 6.79205 -0.36469 2 
65.423 -15.233 5.18317 -0.52037 2 
67.988 -15.233 5.35140 -0.80463 2 
70.554 -15.233 7.30881 -0.15745 2 
73.120 -15.233 7.07916 0.22579 2 
75.685 -15.233 7.16929 -0.12364 2 
78.251 -15.233 5.64894 0.49062 2 
80.816 -15.233 5.75951 1.53604 2 
83.382 -15.233 6.66885 0.95842 2 
85.948 -15.233 7.48930 1.72530 2 
88.513 -15.233 6.10578 0.30909 2 
91.079 -15.233 7.57017 -0.14633 2 
93.644 -15.233 6.60950 0.64637 2 
96.210 -15.233 7.66882 1.77189 2 
98.776 -15.233 8.15995 1.72610 2 
101.341 -15.233 8.33023 1.24350 2 
103.907 -15.233 6.87714 0.62876 2 
106.472 -15.233 6.28510 -0.06710 2 
109.038 -15.233 6.21453 0.28726 2 
111.603 -15.233 6.56377 0.53462 2 
114.169 -15.233 5.90058 0.40163 2 
116.735 -15.233 7.14064 1.27693 2 
119.300 -15.233 0.00000 -0.00000 0 
-8.980 -17.799 7.42718 -0.91989 2 
-6.414 -17.799 7.22418 -1.11287 2 
-3.848 -17.799 7.52340 -1.21526 2 
-1.283 -17.799 7.29494 -1.45234 2 
1.283 -17.799 7.48332 -1.64749 2 
3.848 -17.799 7.51035 -1.67296 2 
6.414 -17.799 7.67293 -1.78741 2 
8.980 -17.799 7.91988 -2.23728 2 
11.545 -17.799 8.26357 -2.00596 2 
14.111 -17.799 8.51233 -2.11302 2 
16.676 -17.799 8.71496 -2.17302 2 
19.242 -17.799 8.97723 -2.02389 2 
21.808 -17.799 9.03822 -1.92201 2 
24.373 -17.799 9.12418 -1.70947 2 
26.939 -17.799 9.41667 -1.58429 2 
29.504 -17.799 9.50974 -1.41028 2 
32.070 -17.799 9.68130 -1.17151 2 
34.636 -17.799 9.52406 -1.03709 2 
37.201 -17.799 9.64642 -1.04379 2 
39.767 -17.799 9.76024 -0.68127 2 
42.332 -17.799 9.57502 -0.59374 2 
44.898 -17.799 9.60569 -0.27423 2 
47.464 -17.799 9.54802 -0.46967 2 
50.029 -17.799 9.49036 -0.66510 2 
52.595 -17.799 9.73416 -0.62052 2 
55.160 -17.799 9.61985 -0.56207 2 
57.726 -17.799 9.50553 -0.50362 2 
60.292 -17.799 9.69670 -0.65587 2 
62.857 -17.799 9.60465 -0.94942 2 
65.423 -17.799 10.94382 -0.50251 2 
67.988 -17.799 7.63672 -0.52889 2 
70.554 -17.799 8.54399 -0.71858 2 
73.120 -17.799 8.52847 -0.11618 2 
75.685 -17.799 7.74505 -0.65131 2 
78.251 -17.799 7.63001 0.27582 2 
80.816 -17.799 8.54338 1.29708 2 
83.382 -17.799 8.01041 1.18531 2 
85.948 -17.799 8.98152 1.38602 2 
88.513 -17.799 8.83659 0.28927 2 
91.079 -17.799 8.88751 -0.02245 2 
93.644 -17.799 9.38541 0.01625 2 
96.210 -17.799 9.25217 1.62573 2 
98.776 -17.799 8.97262 1.33721 2 
101.341 -17.799 8.93066 1.19326 2 
103.907 -17.799 8.68793 0.64854 2 
106.472 -17.799 8.55406 0.55995 2 
109.038 -17.799 7.60494 0.05554 2 
111.603 -17.799 8.06068 0.66410 2 
114.169 -17.799 7.48301 0.43563 2 
116.735 -17.799 7.56103 1.23484 2 
119.300 -17.799 0.00000 -0.00000 0 
-8.980 -20.364 7.32930 -0.85130 2 
-6.414 -20.364 7.45215 -1.22747 2 
-3.848 -20.364 7.38063 -1.31238 2 
-1.283 -20.364 7.54880 -1.31257 2 
1.283 -20.364 7.58777 -1.47650 2 
3.848 -20.364 7.72026 -1.77790 2 
6.414 -20.364 7.77446 -1.80106 2 
8.980 -20.364 8.09281 -1.89814 2 
11.545 -20.364 8.41311 -1.89283 2 
14.111 -20.364 8.48966 -2.02969 2 
16.676 -20.364 8.76095 -1.82266 2 
19.242 -20.364 8.91442 -1.86750 2 
21.808 -20.364 8.89308 -1.62800 2 
24.373 -20.364 9.04573 -1.46964 2 
26.939 -20.364 9.29182 -1.63674 2 
29.504 -20.364 9.38113 -1.27677 2 
32.070 -20.364 9.42424 -1.03420 2 
34.636 -20.364 9.54676 -1.00008 2 
37.201 -20.364 9.46310 -0.85038 2 
39.767 -20.364 9.58720 -0.88037 2 
42.332 -20.364 9.63116 -0.77645 2 
44.898 -20.364 9.74752 -0.52325 2 
47.464 -20.364 9.53682 -0.53036 2 
50.029 -20.364 9.38529 -0.65394 2 
52.595 -20.364 9.41340 -0.62771 2 
55.160 -20.364 9.57220 -0.79752 2 
57.726 -20.364 9.61132 -0.61850 2 
60.292 -20.364 9.61698 -0.87287 2 
62.857 -20.364 9.98115 -0.79716 2 
65.423 -20.364 10.28623 -0.39822 2 
67.988 -20.364 9.92204 -0.25315 2 
70.554 -20.364 9.55094 -0.59068 2 
73.120 -20.364 9.97777 -0.45814 2 
75.685 -20.364 9.92230 0.41936 2 
78.251 -20.364 9.61108 0.06101 2 
80.816 -20.364 9.32373 0.97561 2 
83.382 -20.364 9.35198 1.41220 2 
85.948 -20.364 9.05375 0.95821 2 
88.513 -20.364 9.13791 0.74027 2 
91.079 -20.364 9.33762 0.55932 2 
93.644 -20.364 9.32342 0.44371 2 
96.210 -20.364 9.56277 1.09686 2 
98.776 -20.364 8.85412 1.15591 2 
101.341 -20.364 8.90231 1.03342 2 
103.907 -20.364 8.73896 0.85185 2 
106.472 -20.364 8.78454 0.62383 2 
109.038 -20.364 8.17527 0.43961 2 
111.603 -20.364 9.08188 0.93465 2 
114.169 -20.364 9.44794 1.12690 2 
116.735 -20.364 9.57597 1.51683 2 
119.300 -20.364 0.00000 -0.00000 0 
-8.980 -22.930 7.61637 -1.01909 2 
-6.414 -22.930 7.55577 -1.06173 2 
-3.848 -22.930 7.60094 -1.12427 2 
-1.283 -22.930 7.50095 -1.25521 2 
1.283 -22.930 7.73938 -1.26829 2 
3.848 -22.930 7.69115 -1.41065 2 
6.414 -22.930 8.03875 -1.66028 2 
8.980 -22.930 8.02506 -1.70515 2 
11.545 -22.930 8.38075 -1.73910 2 
14.111 -22.930 8.41096 -1.82192 2 
16.676 -22.930 8.61136 -1.65909 2 
19.242 -22.930 8.87170 -1.53563 2 
21.808 -22.930 8.85354 -1.45565 2 
24.373 -22.930 8.88045 -1.43009 2 
26.939 -22.930 9.08434 -1.37247 2 
29.504 -22.930 9.21368 -1.23522 2 
32.070 -22.930 9.27200 -1.15863 2 
34.636 -22.930 9.38179 -1.07113 2 
37.201 -22.930 9.32791 -0.78338 2 
39.767 -22.930 9.43992 -0.85955 2 
42.332 -22.930 9.54007 -0.68621 2 
44.898 -22.930 9.38933 -0.69456 2 
47.464 -22.930 9.54538 -0.67436 2 
50.029 -22.930 9.56944 -0.60871 2 
52.595 -22.930 9.59873 -0.60559 2 
55.160 -22.930 9.47383 -0.61510 2 
57.726 -22.930 9.51059 -0.60554 2 
60.292 -22.930 9.65964 -0.66609 2 
62.857 -22.930 9.85901 -0.56154 2 
65.423 -22.930 9.81079 -0.38931 2 
67.988 -22.930 9.80335 -0.16618 2 
70.554 -22.930 10.05957 -0.33510 2 
73.120 -22.930 10.12521 0.08981 2 
75.685 -22.930 10.04299 0.18326 2 
78.251 -22.930 10.06731 0.37373 2 
80.816 -22.930 10.10408 0.65413 2 
83.382 -22.930 9.66778 1.00311 2 
85.948 -22.930 9.61345 0.86067 2 
88.513 -22.930 9.25521 0.96165 2 
91.079 -22.930 9.26366 0.66220 2 
93.644 -22.930 9.26144 0.87117 2 
96.210 -22.930 9.06385 0.86258 2 
98.776 -22.930 8.93755 0.86999 2 
101.341 -22.930 9.02483 1.08729 2 
103.907 -22.930 8.78285 0.84205 2 
106.472 -22.930 8.87095 0.97496 2 
109.038 -22.930 8.74560 0.82368 2 
111.603 -22.930 8.96994 0.92220 2 
114.169 -22.930 8.75978 1.12475 2 
116.735 -22.930 8.97861 1.10017 2 
119.300 -22.930 0.00000 -0.00000 0 
-8.980 -25.496 7.49468 -0.98441 2 
-6.414 -25.496 7.58756 -1.11143 2 
-3.848 -25.496 7.59531 -0.99865 2 
-1.283 -25.496 7.59279 -1.26691 2 
1.283 -25.496 7.73799 -1.19722 2 
3.848 -25.496 7.83901 -1.45197 2 
6.414 -25.496 7.99469 -1.44730 2 
8.980 -25.496 8.24445 -1.50058 2 
11.545 -25.496 8.36093 -1.81951 2 
14.111 -25.496 8.43214 -1.52192 2 
16.676 -25.496 8.69059 -1.58276 2 
19.242 -25.496 8.69116 -1.56333 2 
21.808 -25.496 8.76884 -1.39903 2 
24.373 -25.496 9.03326 -1.28658 2 
26.939 -25.496 9.01557 -1.24794 2 
29.504 -25.496 9.21393 -1.07771 2 
32.070 -25.496 9.08497 -1.11155 2 
34.636 -25.496 9.11551 -0.81613 2 
37.201 -25.496 9.31474 -0.98453 2 
39.767 -25.496 9.19762 -0.92058 2 
42.332 -25.496 9.44540 -0.92916 2 
44.898 -25.496 9.27733 -0.67339 2 
47.464 -25.496 9.40491 -0.64601 2 
50.029 -25.496 9.21760 -0.51710 2 
52.595 -25.496 9.51410 -0.61190 2 
55.160 -25.496 9.32182 -0.71848 2 
57.726 -25.496 9.77088 -0.37909 2 
60.292 -25.496 9.58768 -0.50726 2 
62.857 -25.496 9.68785 -0.39218 2 
65.423 -25.496 9.90134 -0.30415 2 
67.988 -25.496 9.78454 -0.12014 2 
70.554 -25.496 9.92638 -0.09827 2 
73.120 -25.496 9.92626 0.14980 2 
75.685 -25.496 9.94660 0.32831 2 
78.251 -25.496 9.91879 0.47249 2 
80.816 -25.496 9.71555 0.60379 2 
83.382 -25.496 9.72649 0.93373 2 
85.948 -25.496 9.33638 0.67505 2 
88.513 -25.496 9.42499 0.81770 2 
91.079 -25.496 9.23167 0.85219 2 
93.644 -25.496 9.18762 0.71781 2 
96.210 -25.496 9.12868 0.92032 2 
98.776 -25.496 8.94806 0.92657 2 
101.341 -25.496 8.79985 0.79204 2 
103.907 -25.496 8.75823 0.87457 2 
106.472 -25.496 8.86904 0.85611 2 
109.038 -25.496 8.77786 0.73627 2 
111.603 -25.496 8.85833 0.98296 2 
114.169 -25.496 8.62625 0.83846 2 
116.735 -25.496 9.05698 1.32059 2 
119.300 -25.496 0.00000 -0.00000 0 
-8.980 -28.061 7.61578 -0.79562 2 
-6.414 -28.061 7.58826 -0.98518 2 
-3.848 -28.061 7.69515 -1.10533 2 
-1.283 -28.061 7.76527 -1.04138 2 
1.283 -28.061 7.92506 -1.30269 2 
3.848 -28.061 7.94383 -1.33195 2 
6.414 -28.061 8.03712 -1.32677 2 
8.980 -28.061 8.36708 -1.30556 2 
11.545 -28.061 8.49530 -1.36376 2 
14.111 -28.061 8.50281 -1.46639 2 
16.676 -28.061 8.52970 -1.38316 2 
19.242 -28.061 8.77621 -1.39180 2 
21.808 -28.061 8.63573 -1.27167 2 
24.373 -28.061 8.79457 -1.17074 2 
26.939 -28.061 8.97186 -1.14318 2 
29.504 -28.061 8.94150 -1.29222 2 
32.070 -28.061 9.14302 -0.92462 2 
34.636 -28.061 9.15002 -1.04879 2 
37.201 -28.061 9.12433 -0.81624 2 
39.767 -28.061 9.20575 -0.74065 2 
42.332 -28.061 9.19993 -0.75298 2 
44.898 -28.061 9.31450 -0.78610 2 
47.464 -28.061 9.36715 -0.64680 2 
50.029 -28.061 9.35282 -0.61188 2 
52.595 -28.061 9.36638 -0.59340 2 
55.160 -28.061 9.35636 -0.47736 2 
57.726 -28.061 9.52654 -0.49961 2 
60.292 -28.061 9.49367 -0.26154 2 
62.857 -28.061 9.57356 -0.38787 2 
65.423 -28.061 9.63791 -0.11867 2 
67.988 -28.061 9.74188 -0.09986 2 
70.554 -28.061 9.60412 0.00217 2 
73.120 -28.061 9.83582 0.24957 2 
75.685 -28.061 9.54407 0.35447 2 
78.251 -28.061 9.73150 0.32163 2 
80.816 -28.061 9.69016 0.39493 2 
83.382 -28.061 9.50670 0.60839 2 
85.948 -28.061 9.37715 0.75610 2 
88.513 -28.061 9.06335 0.84232 2 
91.079 -28.061 9.20207 0.67405 2 
93.644 -28.061 9.11862 0.85934 2 
96.210 -28.061 9.09327 0.76859 2 
98.776 -28.061 8.96646 0.82058 2 
101.341 -28.061 9.05829 0.80432 2 
103.907 -28.061 8.99789 0.97285 2 
106.472 -28.061 8.74869 0.84265 2 
109.038 -28.061 8.90635 0.92658 2 
111.603 -28.061 8.76299 0.98348 2 
114.169 -28.061 8.70677 0.80462 2 
116.735 -28.061 9.07192 0.71927 2 
119.300 -28.061 0.00000 -0.00000 0 
-8.980 -30.627 7.71713 -0.95528 2 
-6.414 -30.627 7.80923 -0.92695 2 
-3.848 -30.627 7.77010 -0.96570 2 
-1.283 -30.627 7.81871 -1.02673 2 
1.283 -30.627 7.82510 -1.17358 2 
3.848 -30.627 8.00639 -1.22893 2 
6.414 -30.627 8.06908 -1.17581 2 
8.980 -30.627 8.15782 -1.21394 2 
11.545 -30.627 8.30015 -1.37016 2 
14.111 -30.627 8.40940 -1.29534 2 
16.676 -30.627 8.62603 -1.31201 2 
19.242 -30.627 8.67008 -1.21354 2 
21.808 -30.627 8.81687 -1.22075 2 
24.373 -30.627 8.84375 -1.27036 2 
26.939 -30.627 8.85393 -1.09177 2 
29.504 -30.627 8.97157 -0.94010 2 
32.070 -30.627 9.15690 -1.04963 2 
34.636 -30.627 8.97040 -0.94510 2 
37.201 -30.627 9.04825 -0.80345 2 
39.767 -30.627 9.08142 -0.78434 2 
42.332 -30.627 9.35922 -0.76174 2 
44.898 -30.627 9.16377 -0.69566 2 
47.464 -30.627 9.27933 -0.74664 2 
50.029 -30.627 9.28067 -0.66843 2 
52.595 -30.627 9.22209 -0.61454 2 
55.160 -30.627 9.27058 -0.47810 2 
57.726 -30.627 9.45925 -0.51087 2 
60.292 -30.627 9.39543 -0.35215 2 
62.857 -30.627 9.43552 -0.18801 2 
65.423 -30.627 9.40744 -0.30337 2 
67.988 -30.627 9.56466 -0.08949 2 
70.554 -30.627 9.60132 -0.10291 2 
73.120 -30.627 9.70733 0.21563 2 
75.685 -30.627 9.69539 0.12170 2 
78.251 -30.627 9.55349 0.39104 2 
80.816 -30.627 9.41584 0.41325 2 
83.382 -30.627 9.40295 0.49931 2 
85.948 -30.627 9.20745 0.64877 2 
88.513 -30.627 9.31499 0.65530 2 
91.079 -30.627 9.19034 0.73828 2 
93.644 -30.627 9.07026 0.67782 2 
96.210 -30.627 8.80946 0.78097 2 
98.776 -30.627 8.99233 0.81695 2 
101.341 -30.627 8.86167 0.82339 2 
103.907 -30.627 8.84060 0.72307 2 
106.472 -30.627 8.79351 0.85929 2 
109.038 -30.627 8.81407 0.67473 2 
111.603 -30.627 8.64610 0.91234 2 
114.169 -30.627 8.78603 0.73353 2 
116.735 -30.627 9.06800 0.99542 2 
119.300 -30.627 0.00000 -0.00000 0 
-8.980 -33.192 7.77848 -0.95323 2 
-6.414 -33.192 7.86863 -0.85695 2 
-3.848 -33.192 7.93845 -0.93915 2 
-1.283 -33.192 7.75353 -0.99437 2 
1.283 -33.192 8.06692 -1.05336 2 
3.848 -33.192 8.02416 -0.96612 2 
6.414 -33.192 8.17507 -1.26179 2 
8.980 -33.192 8.30567 -1.14997 2 
11.545 -33.192 8.53126 -1.13713 2 
14.111 -33.192 8.29336 -1.30211 2 
16.676 -33.192 8.57688 -1.11769 2 
19.242 -33.192 8.52448 -1.24019 2 
21.808 -33.192 8.70499 -1.19399 2 
24.373 -33.192 8.89763 -0.96509 2 
26.939 -33.192 8.86256 -1.05065 2 
29.504 -33.192 8.90769 -1.11881 2 
32.070 -33.192 8.96174 -0.72203 2 
34.636 -33.192 8.98122 -0.90921 2 
37.201 -33.192 9.14135 -0.91805 2 
39.767 -33.192 9.05489 -0.87686 2 
42.332 -33.192 9.09248 -0.73328 2 
44.898 -33.192 9.25521 -0.63300 2 
47.464 -33.192 9.16242 -0.64462 2 
50.029 -33.192 9.12586 -0.60237 2 
52.595 -33.192 9.16658 -0.63420 2 
55.160 -33.192 9.31166 -0.41835 2 
57.726 -33.192 9.46804 -0.35250 2 
60.292 -33.192 9.42486 -0.32779 2 
62.857 -33.192 9.37870 -0.25500 2 
65.423 -33.192 9.56628 -0.18716 2 
67.988 -33.192 9.38693 -0.09264 2 
70.554 -33.192 9.49212 -0.10278 2 
73.120 -33.192 9.54909 0.24834 2 
75.685 -33.192 9.31045 0.24351 2 
78.251 -33.192 9.55414 0.24253 2 
80.816 -33.192 9.31784 0.44042 2 
83.382 -33.192 9.16229 0.60943 2 
85.948 -33.192 9.22477 0.57842 2 
88.513 -33.192 9.13262 0.50828 2 
91.079 -33.192 9.15479 0.75792 2 
93.644 -33.192 9.06080 0.61582 2 
96.210 -33.192 9.10412 0.71828 2 
98.776 -33.192 9.01359 0.79954 2 
101.341 -33.192 8.88376 0.73680 2 
103.907 -33.192 8.90129 0.76435 2 
106.472 -33.192 8.70508 0.83194 2 
109.038 -33.192 8.74891 0.85357 2 
111.603 -33.192 8.71354 0.81824 2 
114.169 -33.192 8.60757 1.00956 2 
116.735 -33.192 8.90780 0.91927 2 
119.300 -33.192 0.00000 -0.00000 0 
-8.980 -35.758 7.78156 -0.70826 2 
-6.414 -35.758 7.86409 -0.82079 2 
-3.848 -35.758 8.07276 -0.94068 2 
-1.283 -35.758 7.95137 -0.94416 2 
1.283 -35.758 8.05326 -1.01047 2 
3.848 -35.758 8.18218 -0.91558 2 
6.414 -35.758 8.10669 -1.03331 2 
8.980 -35.758 8.26999 -1.00193 2 
11.545 -35.758 8.27203 -1.02023 2 
14.111 -35.758 8.45669 -0.89788 2 
16.676 -35.758 8.59783 -0.96541 2 
19.242 -35.758 8.72608 -0.99988 2 
21.808 -35.758 8.69473 -0.98619 2 
24.373 -35.758 8.81634 -1.00011 2 
26.939 -35.758 8.85648 -1.01248 2 
29.504 -35.758 8.88735 -0.79954 2 
32.070 -35.758 8.79268 -0.97345 2 
34.636 -35.758 8.89364 -0.80848 2 
37.201 -35.758 8.96211 -0.62413 2 
39.767 -35.758 9.09254 -0.71669 2 
42.332 -35.758 9.05283 -0.66500 2 
44.898 -35.758 8.99148 -0.61074 2 
47.464 -35.758 9.12430 -0.57018 2 
50.029 -35.758 9.30762 -0.60144 2 
52.595 -35.758 9.11844 -0.58571 2 
55.160 -35.758 9.12705 -0.33070 2 
57.726 -35.758 9.17331 -0.38412 2 
60.292 -35.758 9.26284 -0.39931 2 
62.857 -35.758 9.17960 -0.31865 2 
65.423 -35.758 9.47132 -0.27815 2 
67.988 -35.758 9.24880 0.03493 2 
70.554 -35.758 9.45335 -0.00193 2 
73.120 -35.758 9.29886 0.19293 2 
75.685 -35.758 9.41600 0.18710 2 
78.251 -35.758 9.28256 0.35095 2 
80.816 -35.758 9.22157 0.38118 2 
83.382 -35.758 9.10544 0.36691 2 
85.948 -35.758 9.16058 0.49649 2 
88.513 -35.758 9.00353 0.60787 2 
91.079 -35.758 9.01714 0.53536 2 
93.644 -35.758 8.97313 0.61866 2 
96.210 -35.758 8.87863 0.68693 2 
98.776 -35.758 8.82063 0.61057 2 
101.341 -35.758 8.86187 0.76950 2 
103.907 -35.758 8.76787 0.81960 2 
106.472 -35.758 8.72648 0.71759 2 
109.038 -35.758 8.76883 0.73949 2 
111.603 -35.758 8.62701 0.90669 2 
114.169 -35.758 8.64197 0.71838 2 
116.735 -35.758 8.92925 0.74693 2 
119.300 -35.758 0.00000 -0.00000 0 
-8.980 -38.324 7.90084 -0.82513 2 
-6.414 -38.324 7.94807 -0.91115 2 
-3.848 -38.324 8.00037 -0.80627 2 
-1.283 -38.324 7.92713 -0.94694 2 
1.283 -38.324 8.01619 -0.88012 2 
3.848 -38.324 8.14874 -0.99380 2 
6.414 -38.324 8.19440 -1.01910 2 
8.980 -38.324 8.20710 -1.03079 2 
11.545 -38.324 8.33856 -1.03689 2 
14.111 -38.324 8.43444 -0.96590 2 
16.676 -38.324 8.55699 -1.06864 2 
19.242 -38.324 8.52381 -0.85315 2 
21.808 -38.324 8.70110 -1.00805 2 
24.373 -38.324 8.69527 -0.85519 2 
26.939 -38.324 8.69582 -0.93250 2 
29.504 -38.324 8.83747 -0.85785 2 
32.070 -38.324 9.00292 -0.81938 2 
34.636 -38.324 8.93246 -0.85884 2 
37.201 -38.324 8.94054 -0.68103 2 
39.767 -38.324 8.90177 -0.74859 2 
42.332 -38.324 8.90462 -0.73646 2 
44.898 -38.324 9.21999 -0.53410 2 
47.464 -38.324 8.97809 -0.66726 2 
50.029 -38.324 9.02063 -0.71467 2 
52.595 -38.324 9.12560 -0.24876 2 
55.160 -38.324 9.23112 -0.53266 2 
57.726 -38.324 9.05708 -0.42915 2 
60.292 -38.324 9.11610 -0.26366 2 
62.857 -38.324 9.29336 -0.32635 2 
65.423 -38.324 9.09265 -0.00479 2 
67.988 -38.324 9.31173 -0.07746 2 
70.554 -38.324 9.26503 -0.07487 2 
73.120 -38.324 9.20588 0.10464 2 
75.685 -38.324 9.22853 0.21291 2 
78.251 -38.324 9.24349 0.28885 2 
80.816 -38.324 9.24587 0.22198 2 
83.382 -38.324 9.32515 0.43966 2 
85.948 -38.324 8.99688 0.56050 2 
88.513 -38.324 9.19477 0.54628 2 
91.079 -38.324 9.16383 0.56006 2 
93.644 -38.324 8.90663 0.60429 2 
96.210 -38.324 8.92493 0.67098 2 
98.776 -38.324 8.90324 0.76168 2 
101.341 -38.324 8.83965 0.69140 2 
103.907 -38.324 8.83804 0.79233 2 
106.472 -38.324 8.82176 0.70495 2 
109.038 -38.324 8.55586 0.67404 2 
111.603 -38.324 8.71399 0.66167 2 
114.169 -38.324 8.69532 0.91362 2 
116.735 -38.324 8.85059 0.75609 2 
119.300 -38.324 0.00000 -0.00000 0 
-8.980 -40.889 7.87250 -0.82932 2 
-6.414 -40.889 7.88537 -0.86548 2 
-3.848 -40.889 7.90981 -0.84930 2 
-1.283 -40.889 8.00216 -0.90972 2 
1.283 -40.889 8.08264 -0.92513 2 
3.848 -40.889 8.15612 -0.95105 2 
6.414 -40.889 8.25962 -0.83983 2 
8.980 -40.889 8.42011 -0.91789 2 
11.545 -40.889 8.40085 -1.01899 2 
14.111 -40.889 8.50784 -0.95586 2 
16.676 -40.889 8.44737 -0.79292 2 
19.242 -40.889 8.61052 -0.75761 2 
21.808 -40.889 8.66215 -0.85217 2 
24.373 -40.889 8.74895 -0.98521 2 
26.939 -40.889 8.72136 -0.80597 2 
29.504 -40.889 8.82761 -0.80650 2 
32.070 -40.889 8.70598 -0.72729 2 
34.636 -40.889 8.91855 -0.72590 2 
37.201 -40.889 8.84951 -0.77305 2 
39.767 -40.889 8.93761 -0.70207 2 
42.332 -40.889 8.97901 -0.59934 2 
44.898 -40.889 8.95770 -0.66509 2 
47.464 -40.889 8.99000 -0.51168 2 
50.029 -40.889 9.03296 -0.45823 2 
52.595 -40.889 9.07066 -0.43130 2 
55.160 -40.889 9.00077 -0.37193 2 
57.726 -40.889 8.94208 -0.45838 2 
60.292 -40.889 9.16126 -0.35912 2 
62.857 -40.889 9.12462 -0.16439 2 
65.423 -40.889 9.24604 -0.16711 2 
67.988 -40.889 9.14686 -0.04851 2 
70.554 -40.889 9.19379 0.05321 2 
73.120 -40.889 9.21765 0.10488 2 
75.685 -40.889 9.12158 0.16582 2 
78.251 -40.889 9.20893 0.37104 2 
80.816 -40.889 9.07125 0.28065 2 
83.382 -40.889 9.08271 0.41265 2 
85.948 -40.889 9.07565 0.45420 2 
88.513 -40.889 9.01573 0.51010 2 
91.079 -40.889 8.91044 0.61086 2 
93.644 -40.889 8.86064 0.61216 2 
96.210 -40.889 9.03897 0.53904 2 
98.776 -40.889 8.89351 0.68253 2 
101.341 -40.889 8.87594 0.74880 2 
103.907 -40.889 8.64252 0.69311 2 
106.472 -40.889 8.73920 0.72073 2 
109.038 -40.889 8.77979 0.81403 2 
111.603 -40.889 8.70952 0.70023 2 
114.169 -40.889 8.75784 0.66589 2 
116.735 -40.889 8.77193 0.76524 2 
119.300 -40.889 0.00000 -0.00000 0 
-8.980 -43.455 7.92025 -0.76296 2 
-6.414 -43.455 7.95826 -0.82833 2 
-3.848 -43.455 7.98047 -0.76457 2 
-1.283 -43.455 7.97464 -0.88416 2 
1.283 -43.455 8.12952 -0.80668 2 
3.848 -43.455 8.25628 -0.74342 2 
6.414 -43.455 8.35895 -0.94371 2 
8.980 -43.455 8.27716 -0.81941 2 
11.545 -43.455 8.48481 -0.73567 2 
14.111 -43.455 8.31044 -0.97257 2 
16.676 -43.455 8.51997 -0.95726 2 
19.242 -43.455 8.61720 -0.91012 2 
21.808 -43.455 8.59360 -0.95178 2 
24.373 -43.455 8.60364 -0.79573 2 
26.939 -43.455 8.75875 -0.72208 2 
29.504 -43.455 8.78826 -0.77919 2 
32.070 -43.455 8.67280 -0.72964 2 
34.636 -43.455 8.88666 -0.77678 2 
37.201 -43.455 8.71875 -0.58340 2 
39.767 -43.455 8.88222 -0.78473 2 
42.332 -43.455 8.91013 -0.53878 2 
44.898 -43.455 8.91079 -0.57867 2 
47.464 -43.455 8.91374 -0.54650 2 
50.029 -43.455 9.06948 -0.61869 2 
52.595 -43.455 8.92219 -0.52868 2 
55.160 -43.455 9.08117 -0.11980 2 
57.726 -43.455 9.16744 -0.41587 2 
60.292 -43.455 8.97593 -0.32635 2 
62.857 -43.455 9.09374 -0.27028 2 
65.423 -43.455 9.10524 -0.05205 2 
67.988 -43.455 9.00499 0.00030 2 
70.554 -43.455 9.18298 0.07620 2 
73.120 -43.455 9.13377 0.19584 2 
75.685 -43.455 9.27181 -0.03853 2 
78.251 -43.455 9.00970 0.03122 2 
80.816 -43.455 9.15495 0.39283 2 
83.382 -43.455 9.11047 0.30448 2 
85.948 -43.455 8.98458 0.42914 2 
88.513 -43.455 9.04910 0.40849 2 
91.079 -43.455 9.13656 0.58926 2 
93.644 -43.455 8.90491 0.53704 2 
96.210 -43.455 8.77421 0.55987 2 
98.776 -43.455 8.78848 0.53637 2 
101.341 -43.455 8.66493 0.68819 2 
103.907 -43.455 8.77374 0.56414 2 
106.472 -43.455 8.76818 0.78005 2 
109.038 -43.455 8.67397 0.60166 2 
111.603 -43.455 8.70965 0.72868 2 
114.169 -43.455 8.39347 0.78847 2 
116.735 -43.455 8.69327 0.77439 2 
119.300 -43.455 0.00000 -0.00000 0 
-8.980 -46.020 8.01538 -0.74803 2 
-6.414 -46.020 8.04828 -0.75224 2 
-3.848 -46.020 8.10202 -0.81255 2 
-1.283 -46.020 8.14381 -0.71758 2 
1.283 -46.020 8.21337 -0.80808 2 
3.848 -46.020 8.21284 -0.80102 2 
6.414 -46.020 8.25334 -0.84557 2 
8.980 -46.020 8.43851 -0.89091 2 
11.545 -46.020 8.40960 -0.95847 2 
14.111 -46.020 8.31471 -0.71296 2 
16.676 -46.020 8.60885 -0.83234 2 
19.242 -46.020 8.52703 -0.73546 2 
21.808 -46.020 8.73743 -0.89753 2 
24.373 -46.020 8.67144 -0.68004 2 
26.939 -46.020 8.68966 -0.79441 2 
29.504 -46.020 8.73656 -0.75294 2 
32.070 -46.020 8.78257 -0.80762 2 
34.636 -46.020 8.74215 -0.70806 2 
37.201 -46.020 8.80091 -0.61632 2 
39.767 -46.020 8.87125 -0.62239 2 
42.332 -46.020 8.89784 -0.66106 2 
44.898 -46.020 8.94290 -0.56983 2 
47.464 -46.020 8.87148 -0.55344 2 
50.029 -46.020 8.95946 -0.39843 2 
52.595 -46.020 8.96477 -0.40039 2 
55.160 -46.020 8.96598 -0.27858 2 
57.726 -46.020 8.95983 -0.34858 2 
60.292 -46.020 8.94441 -0.24250 2 
62.857 -46.020 9.07973 -0.24083 2 
65.423 -46.020 9.14377 -0.02205 2 
67.988 -46.020 9.20553 -0.01702 2 
70.554 -46.020 9.06342 -0.06308 2 
73.120 -46.020 8.94624 0.13553 2 
75.685 -46.020 9.04686 0.19406 2 
78.251 -46.020 9.04134 0.18761 2 
80.816 -46.020 9.04481 0.25397 2 
83.382 -46.020 9.03430 0.33872 2 
85.948 -46.020 9.00661 0.37894 2 
88.513 -46.020 8.93118 0.45302 2 
91.079 -46.020 8.79168 0.50730 2 
93.644 -46.020 8.85126 0.50958 2 
96.210 -46.020 8.92815 0.71053 2 
98.776 -46.020 8.85481 0.58962 2 
101.341 -46.020 8.65279 0.68086 2 
103.907 -46.020 8.75531 0.59528 2 
106.472 -46.020 8.74316 0.65150 2 
109.038 -46.020 8.73214 0.59464 2 
111.603 -46.020 8.66338 0.71459 2 
114.169 -46.020 8.58453 0.59952 2 
116.735 -46.020 8.81743 0.71419 2 
119.300 -46.020 0.00000 -0.00000 0 
-8.980 -48.586 7.91025 -0.75968 2 
-6.414 -48.586 8.02125 -0.81134 2 
-3.848 -48.586 8.10190 -0.72645 2 
-1.283 -48.586 7.97718 -0.73400 2 
1.283 -48.586 8.34214 -0.86649 2 
3.848 -48.586 8.13593 -0.80382 2 
6.414 -48.586 8.22609 -0.73996 2 
8.980 -48.586 8.24375 -0.77361 2 
11.545 -48.586 8.26887 -0.65480 2 
14.111 -48.586 8.47916 -0.78297 2 
16.676 -48.586 8.47104 -0.68402 2 
19.242 -48.586 8.48120 -0.84211 2 
21.808 -48.586 8.51110 -0.58391 2 
24.373 -48.586 8.60775 -0.80495 2 
26.939 -48.586 8.72844 -0.73989 2 
29.504 -48.586 8.63057 -0.75908 2 
32.070 -48.586 8.71806 -0.79413 2 
34.636 -48.586 8.81445 -0.60404 2 
37.201 -48.586 8.70228 -0.54795 2 
39.767 -48.586 8.85382 -0.63596 2 
42.332 -48.586 8.76325 -0.56608 2 
44.898 -48.586 8.87832 -0.40394 2 
47.464 -48.586 8.84456 -0.61313 2 
50.029 -48.586 9.01946 -0.37248 2 
52.595 -48.586 8.85307 -0.50106 2 
55.160 -48.586 9.03142 -0.41441 2 
57.726 -48.586 9.03944 -0.33168 2 
60.292 -48.586 9.07588 -0.11410 2 
62.857 -48.586 9.05353 -0.11945 2 
65.423 -48.586 8.94273 -0.14506 2 
67.988 -48.586 9.00290 -0.02613 2 
70.554 -48.586 9.04699 -0.03068 2 
73.120 -48.586 9.02758 0.01464 2 
75.685 -48.586 8.92647 0.18585 2 
78.251 -48.586 9.09576 0.24009 2 
80.816 -48.586 8.84357 0.28582 2 
83.382 -48.586 9.02926 0.32150 2 
85.948 -48.586 8.90230 0.27053 2 
88.513 -48.586 8.83416 0.48468 2 
91.079 -48.586 8.81011 0.35256 2 
93.644 -48.586 8.83524 0.43963 2 
96.210 -48.586 8.78379 0.50539 2 
98.776 -48.586 8.73421 0.50430 2 
101.341 -48.586 8.70788 0.59143 2 
103.907 -48.586 8.70074 0.65213 2 
106.472 -48.586 8.59323 0.66009 2 
109.038 -48.586 8.72942 0.53988 2 
111.603 -48.586 8.57763 0.60249 2 
114.169 -48.586 8.53352 0.81297 2 
116.735 -48.586 8.94159 0.65398 2 
119.300 -48.586 0.00000 -0.00000 0 
-8.980 -51.152 8.06246 -0.70842 2 
-6.414 -51.152 8.01874 -0.68545 2 
-3.848 -51.152 8.12040 -0.68118 2 
-1.283 -51.152 8.14548 -0.75357 2 
1.283 -51.152 8.01552 -0.77539 2 
3.848 -51.152 8.17732 -0.79928 2 
6.414 -51.152 8.31655 -0.77176 2 
8.980 -51.152 8.19243 -0.75873 2 
11.545 -51.152 8.47910 -0.82982 2 
14.111 -51.152 8.38814 -0.69492 2 
16.676 -51.152 8.25817 -0.75080 2 
19.242 -51.152 8.56779 -0.80777 2 
21.808 -51.152 8.50093 -0.85329 2 
24.373 -51.152 8.67339 -0.72404 2 
26.939 -51.152 8.73124 -0.74455 2 
29.504 -51.152 8.71361 -0.65376 2 
32.070 -51.152 8.77032 -0.77872 2 
34.636 -51.152 8.63795 -0.70978 2 
37.201 -51.152 8.89533 -0.49384 2 
39.767 -51.152 8.72744 -0.66529 2 
42.332 -51.152 8.85155 -0.52017 2 
44.898 -51.152 8.88888 -0.67446 2 
47.464 -51.152 8.91432 -0.39165 2 
50.029 -51.152 8.75778 -0.43077 2 
52.595 -51.152 8.91321 -0.47006 2 
55.160 -51.152 8.88628 -0.34995 2 
57.726 -51.152 8.89675 -0.10767 2 
60.292 -51.152 8.83343 -0.15303 2 
62.857 -51.152 8.99178 -0.22054 2 
65.423 -51.152 8.95072 -0.07466 2 
67.988 -51.152 8.96164 -0.02674 2 
70.554 -51.152 9.01033 0.00433 2 
73.120 -51.152 8.99901 0.07161 2 
75.685 -51.152 9.02598 0.24969 2 
78.251 -51.152 8.97059 0.07107 2 
80.816 -51.152 8.93395 0.31992 2 
83.382 -51.152 8.84867 0.27228 2 
85.948 -51.152 8.96188 0.40748 2 
88.513 -51.152 8.84623 0.38319 2 
91.079 -51.152 8.91562 0.38446 2 
93.644 -51.152 8.88710 0.42335 2 
96.210 -51.152 8.85933 0.40139 2 
98.776 -51.152 8.74315 0.54258 2 
101.341 -51.152 8.81860 0.51823 2 
103.907 -51.152 8.83002 0.57238 2 
106.472 -51.152 8.64857 0.45598 2 
109.038 -51.152 8.79891 0.54590 2 
111.603 -51.152 8.44933 0.71194 2 
114.169 -51.152 8.50477 0.62416 2 
116.735 -51.152 9.06576 0.59377 2 
119.300 -51.152 0.00000 -0.00000 0 
-8.980 -53.717 8.22668 -0.62860 2 
-6.414 -53.717 8.29339 -0.73502 2 
-3.848 -53.717 8.21110 -0.79377 2 
-1.283 -53.717 8.06794 -0.72278 2 
1.283 -53.717 8.24993 -0.75691 2 
3.848 -53.717 8.22978 -0.67228 2 
6.414 -53.717 8.31136 -0.76534 2 
8.980 -53.717 8.43302 -0.71360 2 
11.545 -53.717 8.30930 -0.71831 2 
14.111 -53.717 8.46140 -0.87116 2 
16.676 -53.717 8.47594 -0.72508 2 
19.242 -53.717 8.52276 -0.72341 2 
21.808 -53.717 8.45223 -0.68802 2 
24.373 -53.717 8.59112 -0.80528 2 
26.939 -53.717 8.53422 -0.52275 2 
29.504 -53.717 8.78722 -0.85206 2 
32.070 -53.717 8.70806 -0.59607 2 
34.636 -53.717 8.72203 -0.57816 2 
37.201 -53.717 8.70086 -0.58683 2 
39.767 -53.717 8.69716 -0.56855 2 
42.332 -53.717 8.82368 -0.49236 2 
44.898 -53.717 8.73988 -0.46129 2 
47.464 -53.717 8.85786 -0.49985 2 
50.029 -53.717 8.86888 -0.45932 2 
52.595 -53.717 8.80718 -0.38752 2 
55.160 -53.717 9.01592 -0.49061 2 
57.726 -53.717 8.79573 -0.30480 2 
60.292 -53.717 8.92507 -0.16157 2 
62.857 -53.717 8.86308 -0.09960 2 
65.423 -53.717 8.91883 -0.14185 2 
67.988 -53.717 8.91621 -0.02380 2 
70.554 -53.717 8.90674 -0.00577 2 
73.120 -53.717 8.92212 0.11440 2 
75.685 -53.717 8.82039 0.12464 2 
78.251 -53.717 8.92257 0.12557 2 
80.816 -53.717 8.78838 0.33078 2 
83.382 -53.717 8.80463 0.30246 2 
85.948 -53.717 8.78600 0.45740 2 
88.513 -53.717 8.82695 0.35231 2 
91.079 -53.717 8.83357 0.40083 2 
93.644 -53.717 8.71715 0.52229 2 
96.210 -53.717 8.72842 0.51081 2 
98.776 -53.717 8.88638 0.55296 2 
101.341 -53.717 8.81248 0.61036 2 
103.907 -53.717 8.73859 0.66777 2 
106.472 -53.717 8.70391 0.55092 2 
109.038 -53.717 8.47083 0.72597 2 
111.603 -53.717 8.71763 0.60860 2 
114.169 -53.717 8.78142 0.77694 2 
116.735 -53.717 0.00000 -0.00000 0 
119.300 -53.717 0.00000 -0.00000 0 
-8.980 -56.283 0.00000 -0.00000 0 
-6.414 -56.283 0.00000 -0.00000 0 
-3.848 -56.283 0.00000 -0.00000 0 
-1.283 -56.283 8.23205 -0.46382 2 
1.283 -56.283 8.13087 -0.47908 2 
3.848 -56.283 8.19515 -0.47165 2 
6.414 -56.283 8.25943 -0.46422 2 
8.980 -56.283 8.32371 -0.45678 2 
11.545 -56.283 8.38799 -0.44935 2 
14.111 -56.283 8.45227 -0.44192 2 
16.676 -56.283 8.51655 -0.43449 2 
19.242 -56.283 8.58083 -0.42705 2 
21.808 -56.283 8.61290 -0.38421 2 
24.373 -56.283 8.64496 -0.34136 2 
26.939 -56.283 8.67702 -0.29852 2 
29.504 -56.283 8.62946 -0.31359 2 
32.070 -56.283 8.48533 -0.41579 2 
34.636 -56.283 8.73043 -0.28031 2 
37.201 -56.283 8.79594 -0.26804 2 
39.767 -56.283 8.76912 -0.23847 2 
42.332 -56.283 8.74229 -0.20890 2 
44.898 -56.283 8.77296 -0.16266 2 
47.464 -56.283 8.80362 -0.11641 2 
50.029 -56.283 8.83429 -0.07016 2 
52.595 -56.283 8.86495 -0.02392 2 
55.160 -56.283 8.90805 -0.07400 2 
57.726 -56.283 8.83935 -0.06985 2 
60.292 -56.283 8.75736 -0.16784 2 
62.857 -56.283 8.82789 -0.02645 2 
65.423 -56.283 8.82618 -0.06043 2 
67.988 -56.283 8.92225 -0.10491 2 
70.554 -56.283 8.90435 0.09266 2 
73.120 -56.283 8.86654 -0.01173 2 
75.685 -56.283 8.91524 0.09024 2 
78.251 -56.283 8.88953 0.10763 2 
80.816 -56.283 8.91838 0.06670 2 
83.382 -56.283 8.76650 -0.02557 2 
85.948 -56.283 8.81456 0.03008 2 
88.513 -56.283 8.86262 0.08574 2 
91.079 -56.283 8.84563 0.09893 2 
93.644 -56.283 8.82865 0.11212 2 
96.210 -56.283 8.81167 0.12531 2 
98.776 -56.283 8.79469 0.13849 2 
101.341 -56.283 8.77770 0.15168 2 
103.907 -56.283 8.76072 0.16487 2 
106.472 -56.283 8.74374 0.17806 2 
109.038 -56.283 8.72676 0.19125 2 
111.603 -56.283 8.70978 0.20444 2 
114.169 -56.283 8.69279 0.21763 2 
116.735 -56.283 0.00000 -0.00000 0 
119.300 -56.283 0.00000 -0.00000 0 
