TITLE = "B00013"
VARIABLES = "X [mm]", "Y [mm]", "Vx [m/s]", "Vy [m/s]", "Flag"
ZONE T="Frame 1", I=51, J=39, F=POINT
-8.980 41.210 0.00000 -0.00000 0 
-6.414 41.210 0.00000 -0.00000 0 
-3.848 41.210 7.21270 0.41526 2 
-1.283 41.210 7.18870 0.14161 2 
1.283 41.210 7.40058 0.35359 2 
3.848 41.210 0.00000 -0.00000 0 
6.414 41.210 0.00000 -0.00000 0 
8.980 41.210 0.00000 -0.00000 0 
11.545 41.210 0.00000 -0.00000 0 
14.111 41.210 0.00000 -0.00000 0 
16.676 41.210 0.00000 -0.00000 0 
19.242 41.210 4.13209 0.30064 2 
21.808 41.210 8.26419 0.60128 2 
24.373 41.210 7.42202 0.64089 2 
26.939 41.210 7.49538 0.74111 2 
29.504 41.210 7.46504 0.77047 2 
32.070 41.210 7.52074 0.66188 2 
34.636 41.210 7.57396 0.79998 2 
37.201 41.210 7.50329 0.93147 2 
39.767 41.210 7.71611 0.74960 2 
42.332 41.210 7.80625 0.96989 2 
44.898 41.210 7.78291 1.07029 2 
47.464 41.210 7.83360 0.73132 2 
50.029 41.210 7.99287 0.98052 2 
52.595 41.210 8.14371 0.92644 2 
55.160 41.210 8.01358 0.82654 2 
57.726 41.210 8.01627 0.87746 2 
60.292 41.210 8.14410 0.84881 2 
62.857 41.210 8.27194 0.82016 2 
65.423 41.210 8.39978 0.79151 2 
67.988 41.210 8.15740 0.69438 2 
70.554 41.210 8.32888 0.65587 2 
73.120 41.210 8.45574 0.61222 2 
75.685 41.210 8.62356 0.47225 2 
78.251 41.210 8.50568 0.49924 2 
80.816 41.210 0.00000 0.00000 0 
83.382 41.210 8.45732 0.46483 2 
85.948 41.210 8.52683 0.40345 2 
88.513 41.210 8.68655 0.19583 2 
91.079 41.210 8.58862 0.19760 2 
93.644 41.210 8.65120 0.10065 2 
96.210 41.210 8.61564 -0.11115 2 
98.776 41.210 8.62069 -0.16638 2 
101.341 41.210 8.52095 -0.19603 2 
103.907 41.210 8.53068 -0.35115 2 
106.472 41.210 8.52226 -0.40358 2 
109.038 41.210 8.57739 -0.58212 2 
111.603 41.210 8.46445 -0.55944 2 
114.169 41.210 8.35152 -0.53675 2 
116.735 41.210 8.04981 -0.79784 2 
119.300 41.210 0.00000 -0.00000 0 
-8.980 38.644 0.00000 -0.00000 0 
-6.414 38.644 7.37671 0.37940 2 
-3.848 38.644 7.15428 0.38630 2 
-1.283 38.644 7.20950 0.34776 2 
1.283 38.644 7.69733 0.61155 2 
3.848 38.644 0.00000 -0.00000 0 
6.414 38.644 0.00000 -0.00000 0 
8.980 38.644 0.00000 -0.00000 0 
11.545 38.644 0.00000 -0.00000 0 
14.111 38.644 0.00000 -0.00000 0 
16.676 38.644 0.00000 -0.00000 0 
19.242 38.644 4.03116 0.44508 2 
21.808 38.644 8.06232 0.89017 2 
24.373 38.644 7.36030 0.74775 2 
26.939 38.644 7.39790 0.83574 2 
29.504 38.644 7.56164 0.82501 2 
32.070 38.644 7.45014 0.67021 2 
34.636 38.644 7.70157 0.80713 2 
37.201 38.644 7.75527 0.88455 2 
39.767 38.644 7.79880 0.96108 2 
42.332 38.644 7.59928 0.87205 2 
44.898 38.644 7.97919 0.83475 2 
47.464 38.644 7.85791 0.96526 2 
50.029 38.644 7.92224 0.72409 2 
52.595 38.644 8.03964 0.79926 2 
55.160 38.644 8.12444 0.84644 2 
57.726 38.644 7.93686 0.96913 2 
60.292 38.644 8.25117 0.81443 2 
62.857 38.644 8.12454 0.97382 2 
65.423 38.644 8.43734 0.73865 2 
67.988 38.644 8.28775 0.70396 2 
70.554 38.644 8.37582 0.89022 2 
73.120 38.644 8.68490 0.53857 2 
75.685 38.644 8.59690 0.78013 2 
78.251 38.644 8.64188 0.51003 2 
80.816 38.644 0.00000 0.00000 0 
83.382 38.644 8.67104 0.28454 2 
85.948 38.644 8.76252 0.17092 2 
88.513 38.644 8.79047 0.22599 2 
91.079 38.644 8.65734 -0.02754 2 
93.644 38.644 8.67261 0.13727 2 
96.210 38.644 8.64945 -0.06036 2 
98.776 38.644 8.64336 -0.41833 2 
101.341 38.644 8.66997 -0.33688 2 
103.907 38.644 8.38952 -0.50941 2 
106.472 38.644 8.57672 -0.38773 2 
109.038 38.644 8.17492 -0.59878 2 
111.603 38.644 8.38557 -0.47610 2 
114.169 38.644 8.08401 -0.46125 2 
116.735 38.644 8.53411 -0.64915 2 
119.300 38.644 0.00000 -0.00000 0 
-8.980 36.079 7.06891 0.30151 2 
-6.414 36.079 7.26356 0.34136 2 
-3.848 36.079 7.27479 0.33462 2 
-1.283 36.079 7.00451 0.34106 2 
1.283 36.079 7.70406 0.28340 2 
3.848 36.079 0.00000 -0.00000 0 
6.414 36.079 0.00000 -0.00000 0 
8.980 36.079 0.00000 -0.00000 0 
11.545 36.079 0.00000 -0.00000 0 
14.111 36.079 0.00000 -0.00000 0 
16.676 36.079 0.00000 -0.00000 0 
19.242 36.079 3.82023 0.44163 2 
21.808 36.079 7.64046 0.88327 2 
24.373 36.079 7.29501 0.76854 2 
26.939 36.079 7.51070 0.81116 2 
29.504 36.079 7.52857 0.76326 2 
32.070 36.079 7.64605 0.95688 2 
34.636 36.079 7.45694 1.13286 2 
37.201 36.079 7.64508 0.92796 2 
39.767 36.079 7.57800 0.78459 2 
42.332 36.079 7.76184 0.95440 2 
44.898 36.079 7.93848 0.97743 2 
47.464 36.079 7.80510 1.11484 2 
50.029 36.079 7.81228 0.78811 2 
52.595 36.079 7.99062 0.81221 2 
55.160 36.079 8.19594 0.97749 2 
57.726 36.079 8.09086 0.74188 2 
60.292 36.079 8.19722 0.81889 2 
62.857 36.079 8.22024 0.89210 2 
65.423 36.079 8.47715 0.65833 2 
67.988 36.079 8.39926 0.66333 2 
70.554 36.079 8.55764 0.78049 2 
73.120 36.079 8.40767 0.65337 2 
75.685 36.079 8.63642 0.64340 2 
78.251 36.079 8.70547 0.68737 2 
80.816 36.079 0.00000 0.00000 0 
83.382 36.079 8.70062 0.42562 2 
85.948 36.079 8.73067 0.41130 2 
88.513 36.079 8.81916 0.17484 2 
91.079 36.079 8.67796 0.05401 2 
93.644 36.079 8.70537 0.05374 2 
96.210 36.079 8.67696 -0.15636 2 
98.776 36.079 8.79896 -0.22048 2 
101.341 36.079 8.70363 -0.46248 2 
103.907 36.079 8.73020 -0.42392 2 
106.472 36.079 8.49782 -0.54800 2 
109.038 36.079 8.53920 -0.41475 2 
111.603 36.079 8.18365 -0.70865 2 
114.169 36.079 8.42705 -0.75099 2 
116.735 36.079 8.37006 -0.56047 2 
119.300 36.079 0.00000 -0.00000 0 
-8.980 33.513 7.02681 0.26055 2 
-6.414 33.513 7.15909 0.29919 2 
-3.848 33.513 7.17105 0.36063 2 
-1.283 33.513 7.04368 0.46803 2 
1.283 33.513 7.51255 0.39594 2 
3.848 33.513 0.00000 -0.00000 0 
6.414 33.513 0.00000 -0.00000 0 
8.980 33.513 0.00000 -0.00000 0 
11.545 33.513 0.00000 -0.00000 0 
14.111 33.513 0.00000 -0.00000 0 
16.676 33.513 0.00000 -0.00000 0 
19.242 33.513 3.85385 0.39707 2 
21.808 33.513 7.70770 0.79415 2 
24.373 33.513 7.38143 0.72546 2 
26.939 33.513 7.31098 0.84316 2 
29.504 33.513 7.53778 1.00177 2 
32.070 33.513 7.45157 0.80132 2 
34.636 33.513 7.41262 1.05884 2 
37.201 33.513 7.56093 1.05665 2 
39.767 33.513 7.41415 0.97888 2 
42.332 33.513 7.76795 0.91677 2 
44.898 33.513 7.65343 0.97562 2 
47.464 33.513 8.04943 0.99089 2 
50.029 33.513 7.83087 1.00634 2 
52.595 33.513 8.14907 0.89693 2 
55.160 33.513 8.07417 0.93072 2 
57.726 33.513 8.16542 0.97154 2 
60.292 33.513 8.39695 0.85456 2 
62.857 33.513 8.40802 0.82709 2 
65.423 33.513 8.47864 0.78923 2 
67.988 33.513 8.60287 0.90463 2 
70.554 33.513 8.53778 0.78505 2 
73.120 33.513 8.62904 0.70066 2 
75.685 33.513 8.77598 0.81840 2 
78.251 33.513 8.53223 0.49333 2 
80.816 33.513 0.00000 0.00000 0 
83.382 33.513 8.78078 0.49931 2 
85.948 33.513 8.98207 0.48987 2 
88.513 33.513 8.74040 0.11982 2 
91.079 33.513 9.07711 0.09044 2 
93.644 33.513 9.03266 -0.15929 2 
96.210 33.513 8.85186 -0.13762 2 
98.776 33.513 8.85428 -0.28978 2 
101.341 33.513 8.87812 -0.41875 2 
103.907 33.513 8.47274 -0.73052 2 
106.472 33.513 8.73323 -0.65503 2 
109.038 33.513 8.72226 -0.76598 2 
111.603 33.513 8.26196 -0.77340 2 
114.169 33.513 8.32944 -0.72512 2 
116.735 33.513 8.54530 -1.07377 2 
119.300 33.513 0.00000 -0.00000 0 
-8.980 30.948 7.06373 0.18279 2 
-6.414 30.948 7.09400 0.37353 2 
-3.848 30.948 7.06058 0.36974 2 
-1.283 30.948 7.07200 0.37878 2 
1.283 30.948 7.53109 0.55057 2 
3.848 30.948 0.00000 -0.00000 0 
6.414 30.948 0.00000 -0.00000 0 
8.980 30.948 0.00000 -0.00000 0 
11.545 30.948 0.00000 -0.00000 0 
14.111 30.948 0.00000 -0.00000 0 
16.676 30.948 0.00000 -0.00000 0 
19.242 30.948 3.86988 0.51231 2 
21.808 30.948 7.73976 1.02462 2 
24.373 30.948 7.17056 1.00620 2 
26.939 30.948 7.40124 0.85538 2 
29.504 30.948 7.42255 1.11440 2 
32.070 30.948 7.44045 1.03309 2 
34.636 30.948 7.46707 1.00055 2 
37.201 30.948 7.67895 1.05905 2 
39.767 30.948 7.58041 0.98741 2 
42.332 30.948 7.75517 0.95436 2 
44.898 30.948 7.86694 1.04978 2 
47.464 30.948 7.79348 0.96319 2 
50.029 30.948 8.15398 0.82501 2 
52.595 30.948 8.11594 1.03212 2 
55.160 30.948 8.08349 1.06053 2 
57.726 30.948 8.34713 1.10965 2 
60.292 30.948 8.13461 0.74373 2 
62.857 30.948 8.36439 0.89702 2 
65.423 30.948 8.59916 0.90204 2 
67.988 30.948 8.43129 0.79025 2 
70.554 30.948 8.65505 0.83095 2 
73.120 30.948 8.51734 0.87092 2 
75.685 30.948 8.62031 0.66878 2 
78.251 30.948 8.88725 0.67671 2 
80.816 30.948 0.00000 0.00000 0 
83.382 30.948 8.83424 0.58841 2 
85.948 30.948 8.93345 0.59806 2 
88.513 30.948 9.09964 0.32162 2 
91.079 30.948 8.92606 0.18973 2 
93.644 30.948 9.09951 0.05931 2 
96.210 30.948 8.97997 -0.38198 2 
98.776 30.948 8.84859 -0.40405 2 
101.341 30.948 8.84328 -0.45411 2 
103.907 30.948 8.87709 -0.70113 2 
106.472 30.948 8.78036 -0.85275 2 
109.038 30.948 8.56600 -0.91583 2 
111.603 30.948 8.23181 -0.92888 2 
114.169 30.948 8.14052 -1.17037 2 
116.735 30.948 8.16926 -1.29059 2 
119.300 30.948 0.00000 -0.00000 0 
-8.980 28.382 7.06454 0.03696 2 
-6.414 28.382 7.13343 0.22627 2 
-3.848 28.382 7.05368 0.42654 2 
-1.283 28.382 7.10251 0.16410 2 
1.283 28.382 7.31433 0.53273 2 
3.848 28.382 2.36586 0.17163 2 
6.414 28.382 0.00000 -0.00000 0 
8.980 28.382 0.00000 -0.00000 0 
11.545 28.382 0.00000 -0.00000 0 
14.111 28.382 0.00000 -0.00000 0 
16.676 28.382 3.13662 0.37077 2 
19.242 28.382 6.27325 0.74155 2 
21.808 28.382 7.66676 0.76808 2 
24.373 28.382 7.02593 0.90459 2 
26.939 28.382 7.25159 1.03555 2 
29.504 28.382 7.24454 0.96866 2 
32.070 28.382 7.47161 1.10456 2 
34.636 28.382 7.48789 1.04852 2 
37.201 28.382 7.57291 1.16932 2 
39.767 28.382 7.56625 1.19173 2 
42.332 28.382 7.75872 1.06659 2 
44.898 28.382 7.95897 0.99999 2 
47.464 28.382 7.90991 1.23162 2 
50.029 28.382 7.86526 1.13260 2 
52.595 28.382 8.06804 1.12879 2 
55.160 28.382 8.12227 1.01267 2 
57.726 28.382 8.27665 1.03317 2 
60.292 28.382 8.25041 0.91920 2 
62.857 28.382 8.32075 0.96695 2 
65.423 28.382 8.56376 0.97761 2 
67.988 28.382 8.44427 1.02622 2 
70.554 28.382 8.68878 0.89007 2 
73.120 28.382 8.76401 0.79413 2 
75.685 28.382 8.81410 1.01599 2 
78.251 28.382 8.78769 0.74981 2 
80.816 28.382 9.03318 0.65268 2 
83.382 28.382 9.07483 0.53080 2 
85.948 28.382 9.11648 0.40891 2 
88.513 28.382 9.27648 0.34927 2 
91.079 28.382 9.04296 0.05695 2 
93.644 28.382 9.12202 0.03305 2 
96.210 28.382 8.96756 -0.03990 2 
98.776 28.382 9.29909 -0.39906 2 
101.341 28.382 9.16728 -0.81065 2 
103.907 28.382 8.95706 -0.70186 2 
106.472 28.382 8.79843 -1.12543 2 
109.038 28.382 8.72621 -1.19338 2 
111.603 28.382 8.40009 -1.21619 2 
114.169 28.382 8.37619 -1.31738 2 
116.735 28.382 8.29033 -1.05834 2 
119.300 28.382 0.00000 -0.00000 0 
-8.980 25.816 6.94219 0.21182 2 
-6.414 25.816 7.09083 0.20953 2 
-3.848 25.816 6.99092 0.25311 2 
-1.283 25.816 7.01675 0.36869 2 
1.283 25.816 7.09758 0.51489 2 
3.848 25.816 3.54879 0.25744 2 
6.414 25.816 0.00000 -0.00000 0 
8.980 25.816 0.00000 -0.00000 0 
11.545 25.816 0.00000 -0.00000 0 
14.111 25.816 0.00000 -0.00000 0 
16.676 25.816 4.07146 0.49306 2 
19.242 25.816 8.14293 0.98611 2 
21.808 25.816 7.07785 1.01402 2 
24.373 25.816 7.17296 0.95374 2 
26.939 25.816 7.38080 1.00016 2 
29.504 25.816 7.15616 1.16097 2 
32.070 25.816 7.49352 1.13518 2 
34.636 25.816 7.43870 1.14264 2 
37.201 25.816 7.50399 1.22953 2 
39.767 25.816 7.77514 1.15081 2 
42.332 25.816 7.68234 1.18313 2 
44.898 25.816 7.92534 1.14201 2 
47.464 25.816 7.94127 1.03704 2 
50.029 25.816 8.08133 1.18770 2 
52.595 25.816 7.98093 1.13452 2 
55.160 25.816 8.25337 0.98083 2 
57.726 25.816 8.34617 1.20501 2 
60.292 25.816 8.40188 0.98671 2 
62.857 25.816 8.31981 1.19969 2 
65.423 25.816 8.64034 1.06650 2 
67.988 25.816 8.46242 0.81548 2 
70.554 25.816 8.90569 1.05772 2 
73.120 25.816 8.71918 0.98766 2 
75.685 25.816 8.56702 0.83328 2 
78.251 25.816 8.95911 1.01559 2 
80.816 25.816 9.13116 0.60505 2 
83.382 25.816 0.00000 0.00000 0 
85.948 25.816 8.93376 0.66895 2 
88.513 25.816 9.12435 0.44287 2 
91.079 25.816 9.18736 0.28071 2 
93.644 25.816 9.26725 0.03784 2 
96.210 25.816 9.33241 -0.21754 2 
98.776 25.816 9.39361 -0.54303 2 
101.341 25.816 9.32827 -0.60757 2 
103.907 25.816 9.39437 -0.87185 2 
106.472 25.816 9.00408 -1.12621 2 
109.038 25.816 8.91106 -1.23022 2 
111.603 25.816 8.42010 -1.56406 2 
114.169 25.816 8.42576 -1.67855 2 
116.735 25.816 8.24078 -1.62448 2 
119.300 25.816 0.00000 -0.00000 0 
-8.980 23.251 7.00351 0.17009 2 
-6.414 23.251 6.89761 0.13682 2 
-3.848 23.251 7.03049 0.27612 2 
-1.283 23.251 6.90647 0.43194 2 
1.283 23.251 7.03838 0.31909 2 
3.848 23.251 3.51919 0.15954 2 
6.414 23.251 0.00000 -0.00000 0 
8.980 23.251 0.00000 -0.00000 0 
11.545 23.251 0.00000 -0.00000 0 
14.111 23.251 0.00000 -0.00000 0 
16.676 23.251 3.98793 0.51517 2 
19.242 23.251 7.97587 1.03035 2 
21.808 23.251 7.05555 0.98931 2 
24.373 23.251 7.18001 1.01933 2 
26.939 23.251 7.16472 1.24874 2 
29.504 23.251 7.28638 1.00177 2 
32.070 23.251 7.34254 1.29344 2 
34.636 23.251 7.45435 1.18155 2 
37.201 23.251 7.57865 1.32914 2 
39.767 23.251 7.54876 1.23084 2 
42.332 23.251 7.57393 1.34327 2 
44.898 23.251 7.90766 1.13223 2 
47.464 23.251 8.00463 1.22381 2 
50.029 23.251 7.84731 1.38302 2 
52.595 23.251 8.28774 1.18635 2 
55.160 23.251 8.16797 1.17873 2 
57.726 23.251 8.42794 1.26713 2 
60.292 23.251 8.22633 1.12773 2 
62.857 23.251 8.61286 1.15669 2 
65.423 23.251 8.49393 0.97925 2 
67.988 23.251 8.70153 1.08928 2 
70.554 23.251 8.59364 0.98150 2 
73.120 23.251 8.86068 1.03368 2 
75.685 23.251 8.84073 1.09272 2 
78.251 23.251 9.25504 0.88675 2 
80.816 23.251 9.11145 0.84596 2 
83.382 23.251 0.00000 0.00000 0 
85.948 23.251 9.73588 0.62911 2 
88.513 23.251 9.68712 0.43809 2 
91.079 23.251 9.48395 0.15977 2 
93.644 23.251 9.58096 0.21082 2 
96.210 23.251 9.70156 -0.10542 2 
98.776 23.251 9.56884 -0.31388 2 
101.341 23.251 9.47193 -0.70265 2 
103.907 23.251 9.64621 -1.12355 2 
106.472 23.251 9.39505 -1.46656 2 
109.038 23.251 8.90142 -1.84855 2 
111.603 23.251 8.79506 -1.98381 2 
114.169 23.251 8.13886 -2.06643 2 
116.735 23.251 8.01277 -2.07162 2 
119.300 23.251 0.00000 -0.00000 0 
-8.980 20.685 6.87789 0.12151 2 
-6.414 20.685 7.01355 0.33766 2 
-3.848 20.685 6.94192 0.24056 2 
-1.283 20.685 6.76107 0.37287 2 
1.283 20.685 6.70756 0.37625 2 
3.848 20.685 5.32357 0.16447 2 
6.414 20.685 0.00000 -0.00000 0 
8.980 20.685 0.00000 -0.00000 0 
11.545 20.685 0.00000 -0.00000 0 
14.111 20.685 0.00000 -0.00000 0 
16.676 20.685 3.75832 0.38619 2 
19.242 20.685 7.51664 0.77238 2 
21.808 20.685 7.10540 0.94307 2 
24.373 20.685 7.03764 1.12051 2 
26.939 20.685 7.08588 1.17693 2 
29.504 20.685 7.23512 1.20012 2 
32.070 20.685 7.35775 1.29051 2 
34.636 20.685 7.46732 1.15092 2 
37.201 20.685 7.51723 1.28649 2 
39.767 20.685 7.75165 1.36134 2 
42.332 20.685 7.65413 1.33376 2 
44.898 20.685 7.84677 1.35783 2 
47.464 20.685 7.95344 1.56293 2 
50.029 20.685 7.82935 1.16131 2 
52.595 20.685 8.11296 1.33811 2 
55.160 20.685 8.07556 1.34735 2 
57.726 20.685 8.41160 1.03651 2 
60.292 20.685 8.34742 1.40151 2 
62.857 20.685 8.51508 0.96251 2 
65.423 20.685 8.53403 1.38536 2 
67.988 20.685 9.00914 1.13313 2 
70.554 20.685 8.82130 1.20299 2 
73.120 20.685 9.43545 0.95622 2 
75.685 20.685 9.61631 0.94553 2 
78.251 20.685 8.36770 1.08578 2 
80.816 20.685 9.70191 0.90431 2 
83.382 20.685 0.00000 0.00000 0 
85.948 20.685 0.00000 0.00000 0 
88.513 20.685 0.00000 0.00000 0 
91.079 20.685 9.49707 0.42108 2 
93.644 20.685 9.83177 -0.21950 2 
96.210 20.685 9.88861 0.36706 2 
98.776 20.685 10.02449 -0.17050 2 
101.341 20.685 10.16037 -0.70806 2 
103.907 20.685 10.08841 -1.21570 2 
106.472 20.685 9.81452 -1.61593 2 
109.038 20.685 9.65061 -2.30205 2 
111.603 20.685 8.59318 -2.29923 2 
114.169 20.685 8.43822 -2.94054 2 
116.735 20.685 8.07730 -2.19908 2 
119.300 20.685 0.00000 -0.00000 0 
-8.980 18.120 6.81016 -0.06508 2 
-6.414 18.120 6.84511 0.09319 2 
-3.848 18.120 6.73016 0.26671 2 
-1.283 18.120 6.66207 0.17637 2 
1.283 18.120 6.73811 0.54122 2 
3.848 18.120 7.12795 0.16940 2 
6.414 18.120 0.00000 -0.00000 0 
8.980 18.120 0.00000 -0.00000 0 
11.545 18.120 0.00000 -0.00000 0 
14.111 18.120 0.00000 -0.00000 0 
16.676 18.120 3.76422 0.48354 2 
19.242 18.120 7.58590 0.99091 2 
21.808 18.120 6.87866 1.15234 2 
24.373 18.120 7.28367 1.44869 2 
26.939 18.120 7.03132 1.36009 2 
29.504 18.120 7.26384 1.52268 2 
32.070 18.120 7.31889 1.26868 2 
34.636 18.120 7.42660 1.57654 2 
37.201 18.120 7.43549 1.48739 2 
39.767 18.120 7.49631 1.41601 2 
42.332 18.120 7.68068 1.50956 2 
44.898 18.120 7.96448 1.35425 2 
47.464 18.120 7.87543 1.39197 2 
50.029 18.120 8.04051 1.70062 2 
52.595 18.120 8.40987 1.30342 2 
55.160 18.120 8.44360 1.43463 2 
57.726 18.120 8.39652 1.39125 2 
60.292 18.120 8.86913 1.16134 2 
62.857 18.120 8.77084 1.42123 2 
65.423 18.120 9.14758 1.33590 2 
67.988 18.120 0.00000 -0.00000 0 
70.554 18.120 0.00000 -0.00000 0 
73.120 18.120 0.00000 -0.00000 0 
75.685 18.120 0.00000 -0.00000 0 
78.251 18.120 0.00000 -0.00000 0 
80.816 18.120 0.00000 -0.00000 0 
83.382 18.120 0.00000 -0.00000 0 
85.948 18.120 2.57089 0.35194 2 
88.513 18.120 5.14179 0.70387 2 
91.079 18.120 10.70940 0.30930 2 
93.644 18.120 9.19133 0.73367 2 
96.210 18.120 9.59995 -0.15866 2 
98.776 18.120 10.04884 -0.88087 2 
101.341 18.120 8.33762 -0.28038 2 
103.907 18.120 9.63359 -1.36138 2 
106.472 18.120 10.37586 -2.12823 2 
109.038 18.120 9.50771 -3.04111 2 
111.603 18.120 9.35420 -3.60677 2 
114.169 18.120 8.03036 -3.56605 2 
116.735 18.120 8.40799 -3.37995 2 
119.300 18.120 0.00000 -0.00000 0 
-8.980 15.554 6.76713 -0.02611 2 
-6.414 15.554 6.77660 0.08972 2 
-3.848 15.554 6.77664 0.10943 2 
-1.283 15.554 6.60838 0.23099 2 
1.283 15.554 6.66602 0.44120 2 
3.848 15.554 6.78584 0.51021 2 
6.414 15.554 0.00000 -0.00000 0 
8.980 15.554 0.00000 -0.00000 0 
11.545 15.554 0.00000 -0.00000 0 
14.111 15.554 0.00000 -0.00000 0 
16.676 15.554 3.77011 0.58088 2 
19.242 15.554 7.54022 1.16176 2 
21.808 15.554 6.71225 1.26434 2 
24.373 15.554 6.87967 1.42186 2 
26.939 15.554 7.15187 1.35568 2 
29.504 15.554 7.21412 1.39591 2 
32.070 15.554 7.26093 1.53538 2 
34.636 15.554 7.23313 1.57793 2 
37.201 15.554 7.61954 1.48886 2 
39.767 15.554 7.99440 1.48823 2 
42.332 15.554 7.75198 1.62347 2 
44.898 15.554 7.88093 1.55096 2 
47.464 15.554 7.83211 1.44508 2 
50.029 15.554 8.60230 1.50570 2 
52.595 15.554 4.20494 0.65171 2 
55.160 15.554 0.00000 -0.00000 0 
57.726 15.554 0.00000 -0.00000 0 
60.292 15.554 0.00000 -0.00000 0 
62.857 15.554 0.00000 -0.00000 0 
65.423 15.554 0.00000 -0.00000 0 
67.988 15.554 0.00000 -0.00000 0 
70.554 15.554 0.00000 -0.00000 0 
73.120 15.554 0.00000 -0.00000 0 
75.685 15.554 0.00000 -0.00000 0 
78.251 15.554 0.00000 -0.00000 0 
80.816 15.554 -1.22101 -0.67626 2 
83.382 15.554 -1.20340 0.01177 2 
85.948 15.554 -1.47292 0.06704 2 
88.513 15.554 -0.24119 1.11890 2 
91.079 15.554 -1.49411 0.52570 2 
93.644 15.554 5.24333 0.66630 2 
96.210 15.554 3.23748 -0.46233 2 
98.776 15.554 4.47010 0.73292 2 
101.341 15.554 6.51486 0.14729 2 
103.907 15.554 9.09320 -1.20225 2 
106.472 15.554 6.99044 -2.05781 2 
109.038 15.554 7.12404 -3.56777 2 
111.603 15.554 8.09539 -4.12490 2 
114.169 15.554 8.16811 -4.65659 2 
116.735 15.554 7.57624 -4.46945 2 
119.300 15.554 0.00000 -0.00000 0 
-8.980 12.988 6.84861 -0.15237 2 
-6.414 12.988 6.65458 -0.11244 2 
-3.848 12.988 6.64263 0.05562 2 
-1.283 12.988 6.61246 0.03663 2 
1.283 12.988 6.53652 0.35103 2 
3.848 12.988 6.05253 0.36018 2 
6.414 12.988 0.00000 -0.00000 0 
8.980 12.988 0.00000 -0.00000 0 
11.545 12.988 0.00000 -0.00000 0 
14.111 12.988 0.00000 -0.00000 0 
16.676 12.988 3.28296 0.63009 2 
19.242 12.988 6.56592 1.26019 2 
21.808 12.988 7.16195 1.53283 2 
24.373 12.988 6.96463 1.59037 2 
26.939 12.988 6.96809 1.48217 2 
29.504 12.988 7.24798 1.74828 2 
32.070 12.988 3.63047 0.76769 2 
34.636 12.988 8.04887 1.72566 2 
37.201 12.988 8.26455 1.84422 2 
39.767 12.988 3.99720 0.74411 2 
42.332 12.988 0.00000 -0.00000 0 
44.898 12.988 0.00000 -0.00000 0 
47.464 12.988 0.00000 -0.00000 0 
50.029 12.988 0.00000 -0.00000 0 
52.595 12.988 0.00000 -0.00000 0 
55.160 12.988 0.00000 -0.00000 0 
57.726 12.988 0.00000 -0.00000 0 
60.292 12.988 0.00000 -0.00000 0 
62.857 12.988 0.00000 -0.00000 0 
65.423 12.988 0.00000 -0.00000 0 
67.988 12.988 0.00000 -0.00000 0 
70.554 12.988 0.00000 -0.00000 0 
73.120 12.988 0.00000 -0.00000 0 
75.685 12.988 -0.65598 -0.30485 2 
78.251 12.988 -0.40369 -0.21192 2 
80.816 12.988 -1.51830 -0.60544 2 
83.382 12.988 -2.40680 0.02355 2 
85.948 12.988 -1.97428 0.76545 2 
88.513 12.988 -1.97500 1.16020 2 
91.079 12.988 -1.99023 0.18654 2 
93.644 12.988 1.29532 0.59892 2 
96.210 12.988 0.18523 -0.48701 2 
98.776 12.988 -1.10865 2.34670 2 
101.341 12.988 2.53199 1.89767 2 
103.907 12.988 0.98628 2.10542 2 
106.472 12.988 7.64049 0.96994 2 
109.038 12.988 5.10824 -3.24418 2 
111.603 12.988 6.83658 -4.64303 2 
114.169 12.988 7.13893 -6.56916 2 
116.735 12.988 6.71799 -5.64528 2 
119.300 12.988 0.00000 -0.00000 0 
-8.980 10.423 6.72667 -0.25563 2 
-6.414 10.423 6.58702 -0.13288 2 
-3.848 10.423 6.50122 0.07322 2 
-1.283 10.423 6.32668 0.01145 2 
1.283 10.423 6.45137 0.18117 2 
3.848 10.423 6.10570 0.28506 2 
6.414 10.423 3.05285 0.14253 2 
8.980 10.423 0.00000 -0.00000 0 
11.545 10.423 0.00000 -0.00000 0 
14.111 10.423 0.00000 -0.00000 0 
16.676 10.423 2.18864 0.42006 2 
19.242 10.423 4.37728 0.84012 2 
21.808 10.423 6.33966 1.30098 2 
24.373 10.423 7.42515 1.91608 2 
26.939 10.423 7.09019 1.79348 2 
29.504 10.423 3.62399 0.87414 2 
32.070 10.423 0.00000 -0.00000 0 
34.636 10.423 0.00000 -0.00000 0 
37.201 10.423 0.00000 -0.00000 0 
39.767 10.423 0.00000 -0.00000 0 
42.332 10.423 0.00000 -0.00000 0 
44.898 10.423 0.00000 -0.00000 0 
47.464 10.423 0.00000 -0.00000 0 
50.029 10.423 0.00000 -0.00000 0 
52.595 10.423 0.00000 -0.00000 0 
55.160 10.423 0.00000 -0.00000 0 
57.726 10.423 0.00000 -0.00000 0 
60.292 10.423 0.00000 -0.00000 0 
62.857 10.423 0.00000 -0.00000 0 
65.423 10.423 0.00000 -0.00000 0 
67.988 10.423 -0.47489 -0.25774 2 
70.554 10.423 -0.17889 -0.09289 2 
73.120 10.423 -1.40346 -0.30072 2 
75.685 10.423 -1.31197 -0.60971 2 
78.251 10.423 -1.25236 -0.71824 2 
80.816 10.423 -1.81558 -0.53463 2 
83.382 10.423 -2.13336 -0.73255 2 
85.948 10.423 -2.09901 1.03954 2 
88.513 10.423 -2.28428 1.36421 2 
91.079 10.423 -1.32961 1.21022 2 
93.644 10.423 -1.56981 0.99047 2 
96.210 10.423 -0.54222 2.11543 2 
98.776 10.423 -1.23213 2.10823 2 
101.341 10.423 0.38251 2.03083 2 
103.907 10.423 4.17767 -0.65550 2 
106.472 10.423 7.79074 -1.51483 2 
109.038 10.423 3.57562 -0.05999 2 
111.603 10.423 3.57614 -5.03906 2 
114.169 10.423 4.47582 -6.45794 2 
116.735 10.423 4.50441 -6.07087 2 
119.300 10.423 -0.19779 -7.02090 1 
-8.980 7.857 6.45748 -0.33250 2 
-6.414 7.857 6.52527 -0.29353 2 
-3.848 7.857 6.37048 -0.26522 2 
-1.283 7.857 6.39173 -0.12922 2 
1.283 7.857 6.00110 0.00015 2 
3.848 7.857 6.56833 0.21914 2 
6.414 7.857 3.28416 0.10957 2 
8.980 7.857 0.00000 -0.00000 0 
11.545 7.857 0.00000 -0.00000 0 
14.111 7.857 0.00000 -0.00000 2 
16.676 7.857 1.45909 0.28004 2 
19.242 7.857 2.18864 0.42006 2 
21.808 7.857 0.00000 -0.00000 0 
24.373 7.857 0.00000 -0.00000 0 
26.939 7.857 0.00000 -0.00000 0 
29.504 7.857 0.00000 -0.00000 0 
32.070 7.857 0.00000 -0.00000 0 
34.636 7.857 0.00000 -0.00000 0 
37.201 7.857 0.00000 -0.00000 0 
39.767 7.857 0.00000 -0.00000 0 
42.332 7.857 0.00000 -0.00000 0 
44.898 7.857 0.00000 -0.00000 0 
47.464 7.857 0.00000 -0.00000 0 
50.029 7.857 0.00000 -0.00000 0 
52.595 7.857 0.00000 -0.00000 0 
55.160 7.857 0.00000 -0.00000 0 
57.726 7.857 0.00000 -0.00000 0 
60.292 7.857 -0.58643 -0.12774 2 
62.857 7.857 -1.15192 -0.38018 2 
65.423 7.857 -0.95867 -0.33651 2 
67.988 7.857 -0.94978 -0.51547 2 
70.554 7.857 -1.34607 -0.62721 2 
73.120 7.857 -1.56373 -0.57075 2 
75.685 7.857 -1.78140 -0.51430 2 
78.251 7.857 -1.66477 -0.63272 2 
80.816 7.857 -2.40175 -0.38914 2 
83.382 7.857 -2.33046 -0.03243 2 
85.948 7.857 -2.11006 1.20492 2 
88.513 7.857 -2.81748 0.39465 2 
91.079 7.857 -2.88330 0.83608 2 
93.644 7.857 -2.53158 1.66431 2 
96.210 7.857 -1.39670 2.04362 2 
98.776 7.857 -1.35562 1.86975 2 
101.341 7.857 -1.00512 1.94326 2 
103.907 7.857 1.63263 0.17175 2 
106.472 7.857 -3.63840 -2.15431 2 
109.038 7.857 2.80565 -3.08412 2 
111.603 7.857 -0.26012 -4.81955 2 
114.169 7.857 0.27931 -5.64635 2 
116.735 7.857 0.09786 -6.01629 2 
119.300 7.857 -0.08358 -6.38623 2 
-8.980 5.292 6.51933 -0.49077 2 
-6.414 5.292 6.62893 -0.39531 2 
-3.848 5.292 6.35911 -0.40389 2 
-1.283 5.292 6.20398 -0.31653 2 
1.283 5.292 5.97946 -0.28725 2 
3.848 5.292 6.57622 -0.00361 2 
6.414 5.292 1.64208 0.05479 2 
8.980 5.292 0.00000 -0.00000 0 
11.545 5.292 0.00000 -0.00000 0 
14.111 5.292 0.00000 -0.00000 0 
16.676 5.292 0.00000 -0.00000 0 
19.242 5.292 0.00000 -0.00000 0 
21.808 5.292 0.00000 -0.00000 0 
24.373 5.292 0.00000 -0.00000 0 
26.939 5.292 0.00000 -0.00000 0 
29.504 5.292 0.00000 -0.00000 0 
32.070 5.292 0.00000 -0.00000 0 
34.636 5.292 0.00000 -0.00000 0 
37.201 5.292 0.00000 -0.00000 0 
39.767 5.292 0.00000 -0.00000 0 
42.332 5.292 0.00000 -0.00000 0 
44.898 5.292 0.00000 -0.00000 0 
47.464 5.292 0.00000 -0.00000 0 
50.029 5.292 0.00000 -0.00000 0 
52.595 5.292 -0.09567 -0.13289 2 
55.160 5.292 -0.01539 -0.06509 2 
57.726 5.292 -0.54528 -0.25587 2 
60.292 5.292 -1.17285 -0.25548 2 
62.857 5.292 -1.17029 -0.16727 2 
65.423 5.292 -1.16749 -0.16628 2 
67.988 5.292 -1.28580 -0.48442 2 
70.554 5.292 -1.48849 -0.53187 2 
73.120 5.292 -1.61290 -0.45418 2 
75.685 5.292 -1.73731 -0.37650 2 
78.251 5.292 -2.07719 -0.54719 2 
80.816 5.292 -1.50442 -0.53631 2 
83.382 5.292 -1.42941 0.31587 2 
85.948 5.292 -1.40094 0.75180 2 
88.513 5.292 -0.92716 0.87698 2 
91.079 5.292 -1.96550 0.86016 2 
93.644 5.292 -2.71522 1.09370 2 
96.210 5.292 -2.25118 1.97181 2 
98.776 5.292 -2.23148 1.98543 2 
101.341 5.292 -2.39275 1.85569 2 
103.907 5.292 -0.91242 0.99900 2 
106.472 5.292 -0.30827 -1.08817 2 
109.038 5.292 0.20378 -2.37794 2 
111.603 5.292 -0.98483 -3.62436 2 
114.169 5.292 -1.23674 -4.06195 2 
116.735 5.292 -0.57217 -3.40242 2 
119.300 5.292 0.09240 -2.74288 2 
-8.980 2.726 6.75029 -0.61118 2 
-6.414 2.726 6.59278 -0.60017 2 
-3.848 2.726 6.40036 -0.60140 2 
-1.283 2.726 6.06692 -0.38143 2 
1.283 2.726 6.19342 -0.60073 2 
3.848 2.726 5.41435 -0.05811 2 
6.414 2.726 0.00000 -0.00000 0 
8.980 2.726 0.00000 -0.00000 0 
11.545 2.726 0.00000 -0.00000 0 
14.111 2.726 0.00000 -0.00000 0 
16.676 2.726 0.00000 -0.00000 0 
19.242 2.726 0.00000 -0.00000 0 
21.808 2.726 0.00000 -0.00000 0 
24.373 2.726 0.00000 -0.00000 0 
26.939 2.726 0.00000 -0.00000 0 
29.504 2.726 0.00000 -0.00000 0 
32.070 2.726 0.00000 -0.00000 0 
34.636 2.726 0.00000 -0.00000 0 
37.201 2.726 0.00000 -0.00000 0 
39.767 2.726 0.00000 -0.00000 0 
42.332 2.726 0.00000 -0.00000 0 
44.898 2.726 0.00000 -0.00000 0 
47.464 2.726 -0.46189 -0.26695 2 
50.029 2.726 -0.23840 0.07725 2 
52.595 2.726 -0.19135 -0.26578 2 
55.160 2.726 -1.34339 -0.72905 2 
57.726 2.726 -1.09057 -0.51174 2 
60.292 2.726 -1.19145 0.04465 2 
62.857 2.726 -1.20191 -0.17794 2 
65.423 2.726 -1.21238 -0.40052 2 
67.988 2.726 -1.62181 -0.45336 2 
70.554 2.726 -1.29566 -0.82169 2 
73.120 2.726 -0.91408 -0.80255 2 
75.685 2.726 -1.46318 -0.30052 2 
78.251 2.726 -1.93566 -0.60369 2 
80.816 2.726 -2.11995 -0.08792 2 
83.382 2.726 -1.76290 -0.36064 2 
85.948 2.726 -0.92764 0.70136 2 
88.513 2.726 -0.29761 0.85419 2 
91.079 2.726 -0.51072 0.27420 2 
93.644 2.726 -2.60222 0.81615 2 
96.210 2.726 -3.55041 1.91607 2 
98.776 2.726 -3.10735 2.10111 2 
101.341 2.726 -3.78039 1.76812 2 
103.907 2.726 -3.45747 1.82625 2 
106.472 2.726 -0.95313 -0.00743 2 
109.038 2.726 -2.39809 -1.67175 2 
111.603 2.726 -1.70954 -2.42917 2 
114.169 2.726 -0.78247 -2.41601 2 
116.735 2.726 -0.48428 -3.56333 2 
119.300 2.726 -0.18610 -4.71064 2 
-8.980 0.160 6.65080 -0.72609 2 
-6.414 0.160 6.48943 -0.71058 2 
-3.848 0.160 6.24881 -0.72960 2 
-1.283 0.160 6.34278 -0.82616 2 
1.283 0.160 6.30503 -0.93024 2 
3.848 0.160 0.00000 -0.00000 0 
6.414 0.160 0.00000 -0.00000 0 
8.980 0.160 0.00000 -0.00000 0 
11.545 0.160 0.00000 -0.00000 0 
14.111 0.160 0.00000 -0.00000 0 
16.676 0.160 0.00000 -0.00000 0 
19.242 0.160 0.00000 -0.00000 0 
21.808 0.160 0.00000 -0.00000 0 
24.373 0.160 0.00000 -0.00000 0 
26.939 0.160 0.00000 -0.00000 0 
29.504 0.160 0.00000 -0.00000 0 
32.070 0.160 0.00000 -0.00000 0 
34.636 0.160 0.00000 -0.00000 0 
37.201 0.160 0.00000 -0.00000 0 
39.767 0.160 -0.92859 -0.24068 2 
42.332 0.160 -0.56421 -0.07880 2 
44.898 0.160 -1.10190 -0.26036 2 
47.464 0.160 -0.92377 -0.53390 2 
50.029 0.160 -1.39484 -0.44295 2 
52.595 0.160 -0.84991 -0.55563 2 
55.160 0.160 -1.15347 -0.84361 2 
57.726 0.160 -1.00595 -0.59256 2 
60.292 0.160 -0.70046 -0.02853 2 
62.857 0.160 -0.91336 0.10392 2 
65.423 0.160 -0.68158 0.12933 2 
67.988 0.160 -0.73646 0.28423 2 
70.554 0.160 -1.35039 -0.44088 2 
73.120 0.160 -0.77239 0.05444 2 
75.685 0.160 -1.18906 -0.22454 2 
78.251 0.160 -1.60573 -0.50351 2 
80.816 0.160 -0.84293 0.52848 2 
83.382 0.160 -1.10727 0.55651 2 
85.948 0.160 -0.41314 0.95592 2 
88.513 0.160 -0.47397 -0.17164 2 
91.079 0.160 0.16799 0.16609 2 
93.644 0.160 0.01996 1.18736 2 
96.210 0.160 -1.04783 1.58949 2 
98.776 0.160 -2.13362 0.99284 2 
101.341 0.160 -3.23645 0.24419 2 
103.907 0.160 -2.74968 1.89235 2 
106.472 0.160 -1.59798 1.07331 2 
109.038 0.160 -1.03841 -1.90401 2 
111.603 0.160 -0.54463 -0.82144 2 
114.169 0.160 -0.32820 -0.77007 2 
116.735 0.160 -0.16941 -1.53003 2 
119.300 0.160 -0.01061 -2.28998 2 
-8.980 -2.405 7.08134 -0.64823 2 
-6.414 -2.405 6.59732 -0.84900 2 
-3.848 -2.405 6.48291 -0.85517 2 
-1.283 -2.405 6.44384 -1.02203 2 
1.283 -2.405 0.00000 -0.00000 0 
3.848 -2.405 0.00000 -0.00000 0 
6.414 -2.405 0.00000 -0.00000 0 
8.980 -2.405 0.00000 -0.00000 0 
11.545 -2.405 0.00000 -0.00000 0 
14.111 -2.405 0.00000 -0.00000 0 
16.676 -2.405 0.00000 -0.00000 0 
19.242 -2.405 0.00000 -0.00000 0 
21.808 -2.405 0.00000 -0.00000 0 
24.373 -2.405 0.00000 -0.00000 0 
26.939 -2.405 0.00000 -0.00000 0 
29.504 -2.405 0.00000 -0.00000 0 
32.070 -2.405 -0.36618 -0.11774 2 
34.636 -2.405 -0.73236 -0.23549 2 
37.201 -2.405 -0.96980 -0.32421 2 
39.767 -2.405 -1.85717 -0.48137 2 
42.332 -2.405 -1.12285 -0.48668 2 
44.898 -2.405 -0.88011 -0.94245 2 
47.464 -2.405 -1.13890 -0.49574 2 
50.029 -2.405 -1.05392 -0.88946 2 
52.595 -2.405 -1.00874 -0.92382 2 
55.160 -2.405 -0.96355 -0.95817 2 
57.726 -2.405 -0.81368 -0.69810 2 
60.292 -2.405 -0.71155 -0.53873 2 
62.857 -2.405 -0.62481 0.38577 2 
65.423 -2.405 -0.15079 0.65919 2 
67.988 -2.405 -0.02820 0.09057 2 
70.554 -2.405 -0.32475 0.71898 2 
73.120 -2.405 0.16734 0.12879 2 
75.685 -2.405 0.45598 0.08091 2 
78.251 -2.405 0.74461 0.03303 2 
80.816 -2.405 0.94626 0.19294 2 
83.382 -2.405 1.06467 0.14492 2 
85.948 -2.405 1.17479 0.91609 2 
88.513 -2.405 0.57420 0.59131 2 
91.079 -2.405 0.84671 0.05799 2 
93.644 -2.405 0.95727 -0.06718 2 
96.210 -2.405 -0.07991 0.96463 2 
98.776 -2.405 -2.73938 -0.04556 2 
101.341 -2.405 -2.33420 1.35489 2 
103.907 -2.405 -2.04189 1.95844 2 
106.472 -2.405 -1.64062 -1.28115 2 
109.038 -2.405 -0.69693 -1.17711 2 
111.603 -2.405 -0.30583 -1.31742 2 
114.169 -2.405 0.57836 -0.86787 2 
116.735 -2.405 -0.02369 0.66221 2 
119.300 -2.405 0.16488 0.13069 2 
-8.980 -4.971 6.71695 -1.03178 2 
-6.414 -4.971 6.86756 -0.78554 2 
-3.848 -4.971 6.64273 -1.00372 2 
-1.283 -4.971 6.38558 -1.15134 2 
1.283 -4.971 0.00000 -0.00000 0 
3.848 -4.971 0.00000 -0.00000 0 
6.414 -4.971 0.00000 -0.00000 0 
8.980 -4.971 0.00000 -0.00000 0 
11.545 -4.971 0.00000 -0.00000 0 
14.111 -4.971 0.00000 -0.00000 0 
16.676 -4.971 0.00000 -0.00000 0 
19.242 -4.971 0.00000 -0.00000 0 
21.808 -4.971 0.00000 -0.00000 0 
24.373 -4.971 0.15338 -0.48215 2 
26.939 -4.971 -0.06005 -0.32136 2 
29.504 -4.971 -0.88915 -0.13365 2 
32.070 -4.971 -1.64970 -0.18879 2 
34.636 -4.971 -1.63722 -0.48850 2 
37.201 -4.971 -1.73689 -0.57063 2 
39.767 -4.971 -1.43797 -0.02614 2 
42.332 -4.971 -1.47290 -0.87850 2 
44.898 -4.971 -1.59501 -0.80660 2 
47.464 -4.971 -1.55174 -0.81268 2 
50.029 -4.971 -0.70364 -0.74869 2 
52.595 -4.971 -0.32517 -0.60544 2 
55.160 -4.971 -0.69662 -1.16084 2 
57.726 -4.971 -0.66324 -1.09420 2 
60.292 -4.971 0.00544 0.29946 2 
62.857 -4.971 0.06759 -0.43038 2 
65.423 -4.971 -0.91502 -0.12550 2 
67.988 -4.971 -0.05339 0.46886 2 
70.554 -4.971 0.34859 0.66046 2 
73.120 -4.971 0.07606 0.95568 2 
75.685 -4.971 0.74867 -0.07412 2 
78.251 -4.971 0.64485 0.20018 2 
80.816 -4.971 1.26625 0.58059 2 
83.382 -4.971 1.34483 0.20488 2 
85.948 -4.971 1.54421 1.04545 2 
88.513 -4.971 2.07449 -0.18712 2 
91.079 -4.971 0.00858 -0.02226 2 
93.644 -4.971 -0.19111 -0.11091 2 
96.210 -4.971 0.28263 -0.42405 2 
98.776 -4.971 -1.09036 0.59782 2 
101.341 -4.971 0.82391 0.53745 2 
103.907 -4.971 -0.47589 1.59459 2 
106.472 -4.971 -1.63647 -2.49018 2 
109.038 -4.971 -0.35544 -0.45021 2 
111.603 -4.971 -0.06703 -1.81339 2 
114.169 -4.971 1.48492 -0.96567 2 
116.735 -4.971 1.03199 1.70435 2 
119.300 -4.971 0.17818 0.07575 2 
-8.980 -7.536 7.11503 -0.81350 2 
-6.414 -7.536 6.85126 -1.13638 2 
-3.848 -7.536 6.74621 -1.08959 2 
-1.283 -7.536 6.52621 -1.32118 2 
1.283 -7.536 6.51251 -1.73228 2 
3.848 -7.536 0.00000 -0.00000 0 
6.414 -7.536 5.60747 -1.70663 2 
8.980 -7.536 3.75778 -1.53097 2 
11.545 -7.536 2.87121 0.26460 2 
14.111 -7.536 -0.04416 -0.12740 2 
16.676 -7.536 -0.63486 0.11943 2 
19.242 -7.536 -0.67236 0.29102 2 
21.808 -7.536 4.32615 -0.44952 2 
24.373 -7.536 0.30676 -0.96430 2 
26.939 -7.536 -0.12011 -0.64272 2 
29.504 -7.536 -1.77830 -0.26729 2 
32.070 -7.536 -2.93322 -0.25983 2 
34.636 -7.536 -2.11664 -0.00118 2 
37.201 -7.536 -1.74506 -0.90850 2 
39.767 -7.536 -1.87217 -0.75940 2 
42.332 -7.536 -1.20241 -0.68875 2 
44.898 -7.536 -0.91552 -0.54941 2 
47.464 -7.536 -0.81361 -0.59256 2 
50.029 -7.536 -0.32744 -0.82651 2 
52.595 -7.536 -0.56786 -1.39561 2 
55.160 -7.536 -0.64082 -0.95341 2 
57.726 -7.536 -0.25769 -0.94391 2 
60.292 -7.536 -0.25692 -0.56289 2 
62.857 -7.536 0.58668 -0.24311 2 
65.423 -7.536 0.58202 0.88964 2 
67.988 -7.536 1.59277 0.65033 2 
70.554 -7.536 1.91490 0.71441 2 
73.120 -7.536 2.42590 1.28467 2 
75.685 -7.536 2.18030 0.99628 2 
78.251 -7.536 1.77946 0.57198 2 
80.816 -7.536 3.38045 0.78987 2 
83.382 -7.536 2.75600 1.01100 2 
85.948 -7.536 1.69913 0.05797 2 
88.513 -7.536 2.94060 0.20609 2 
91.079 -7.536 2.65862 0.26796 2 
93.644 -7.536 2.68365 0.38713 2 
96.210 -7.536 2.67013 -0.35410 2 
98.776 -7.536 1.74167 0.60047 2 
101.341 -7.536 1.12977 -0.20946 2 
103.907 -7.536 -0.26423 -1.83271 2 
106.472 -7.536 -1.09567 -0.58110 2 
109.038 -7.536 -0.30702 0.29939 2 
111.603 -7.536 -0.06436 -0.54116 2 
114.169 -7.536 2.54772 0.11556 2 
116.735 -7.536 1.36960 0.06818 2 
119.300 -7.536 0.19149 0.02080 2 
-8.980 -10.102 7.12157 -0.91662 2 
-6.414 -10.102 7.04470 -0.87416 2 
-3.848 -10.102 6.98296 -1.28730 2 
-1.283 -10.102 6.87071 -1.54651 2 
1.283 -10.102 6.80511 -1.72907 2 
3.848 -10.102 6.97182 -2.53371 2 
6.414 -10.102 6.98525 -2.84574 2 
8.980 -10.102 5.66268 -2.13643 2 
11.545 -10.102 5.48680 -1.28183 2 
14.111 -10.102 4.24801 -1.43391 2 
16.676 -10.102 9.53691 -2.90711 2 
19.242 -10.102 7.24081 -2.65375 2 
21.808 -10.102 8.65231 -0.89903 2 
24.373 -10.102 0.46013 -1.44645 2 
26.939 -10.102 -0.18016 -0.96408 2 
29.504 -10.102 0.33509 -0.72378 2 
32.070 -10.102 -0.28394 -0.54961 2 
34.636 -10.102 1.39952 0.10732 2 
37.201 -10.102 -0.24009 -0.67440 2 
39.767 -10.102 -0.68059 -0.65220 2 
42.332 -10.102 -1.12109 -0.62999 2 
44.898 -10.102 -0.23602 -0.29222 2 
47.464 -10.102 -0.07547 -0.37243 2 
50.029 -10.102 -0.08005 -1.34495 2 
52.595 -10.102 0.14578 -1.38954 2 
55.160 -10.102 -0.46128 -1.31642 2 
57.726 -10.102 0.01369 -1.65046 2 
60.292 -10.102 1.92951 -0.36353 2 
62.857 -10.102 1.22839 -0.16324 2 
65.423 -10.102 1.79271 0.15278 2 
67.988 -10.102 2.43138 -0.27130 2 
70.554 -10.102 4.36185 1.61732 2 
73.120 -10.102 4.77573 1.61367 2 
75.685 -10.102 5.51518 1.11062 2 
78.251 -10.102 5.50610 0.49165 2 
80.816 -10.102 5.49465 0.99914 2 
83.382 -10.102 3.70608 0.75277 2 
85.948 -10.102 3.38094 1.22035 2 
88.513 -10.102 3.80671 0.59929 2 
91.079 -10.102 5.30866 0.55819 2 
93.644 -10.102 4.73711 0.23679 2 
96.210 -10.102 4.74071 -0.10447 2 
98.776 -10.102 2.73042 -1.41666 2 
101.341 -10.102 1.43563 -0.95637 2 
103.907 -10.102 0.82334 -1.05024 2 
106.472 -10.102 1.35963 1.00992 2 
109.038 -10.102 1.63355 1.57150 2 
111.603 -10.102 2.00154 1.33796 2 
114.169 -10.102 2.56127 2.40247 2 
116.735 -10.102 2.36657 1.52150 2 
119.300 -10.102 0.00000 -0.00000 0 
-8.980 -12.668 7.35007 -1.07573 2 
-6.414 -12.668 7.08947 -1.27296 2 
-3.848 -12.668 7.21292 -1.24393 2 
-1.283 -12.668 7.05903 -1.50232 2 
1.283 -12.668 7.19454 -1.84862 2 
3.848 -12.668 7.16700 -2.11182 2 
6.414 -12.668 7.26460 -2.39256 2 
8.980 -12.668 7.56758 -2.74188 2 
11.545 -12.668 8.10238 -2.82825 2 
14.111 -12.668 8.54019 -2.74042 2 
16.676 -12.668 8.84643 -2.72500 2 
19.242 -12.668 9.59841 -2.33811 2 
21.808 -12.668 9.66276 -2.64786 2 
24.373 -12.668 4.93947 -1.68834 2 
26.939 -12.668 9.79999 -0.91250 2 
29.504 -12.668 4.81020 -1.30477 2 
32.070 -12.668 6.02665 -1.07889 2 
34.636 -12.668 5.58717 -0.23735 2 
37.201 -12.668 6.21518 -0.04552 2 
39.767 -12.668 7.15319 -0.12408 2 
42.332 -12.668 8.09120 -0.20265 2 
44.898 -12.668 4.61082 -0.70529 2 
47.464 -12.668 4.47092 -0.65091 2 
50.029 -12.668 1.44540 -1.51000 2 
52.595 -12.668 0.85942 -1.38346 2 
55.160 -12.668 0.59982 -1.03050 2 
57.726 -12.668 0.24623 -1.51817 2 
60.292 -12.668 1.72556 0.25342 2 
62.857 -12.668 2.63707 0.49018 2 
65.423 -12.668 5.42090 1.65925 2 
67.988 -12.668 4.86215 1.86368 2 
70.554 -12.668 6.64783 -0.47152 2 
73.120 -12.668 4.35689 0.05648 2 
75.685 -12.668 3.67105 0.51771 2 
78.251 -12.668 3.51978 1.16449 2 
80.816 -12.668 6.01685 -0.01407 2 
83.382 -12.668 4.65616 0.49455 2 
85.948 -12.668 4.46096 0.92482 2 
88.513 -12.668 4.92821 1.03409 2 
91.079 -12.668 3.64879 0.76470 2 
93.644 -12.668 3.38810 -0.72553 2 
96.210 -12.668 3.68491 -1.04333 2 
98.776 -12.668 3.09715 -0.91016 2 
101.341 -12.668 4.10799 -0.28618 2 
103.907 -12.668 3.99378 -0.61796 2 
106.472 -12.668 3.34835 -0.28577 2 
109.038 -12.668 3.78060 1.73509 2 
111.603 -12.668 3.52104 1.02233 2 
114.169 -12.668 2.47103 1.25051 2 
116.735 -12.668 4.34696 2.14124 2 
119.300 -12.668 0.00000 -0.00000 0 
-8.980 -15.233 7.36618 -1.03864 2 
-6.414 -15.233 7.23134 -1.13157 2 
-3.848 -15.233 7.17029 -1.33377 2 
-1.283 -15.233 7.26945 -1.58344 2 
1.283 -15.233 7.10434 -1.90276 2 
3.848 -15.233 7.38736 -2.13901 2 
6.414 -15.233 7.53725 -2.25197 2 
8.980 -15.233 7.85152 -2.36387 2 
11.545 -15.233 8.21219 -2.54300 2 
14.111 -15.233 8.61688 -2.44195 2 
16.676 -15.233 8.87979 -2.31062 2 
19.242 -15.233 8.97405 -2.33491 2 
21.808 -15.233 9.22301 -2.22645 2 
24.373 -15.233 9.41882 -1.93022 2 
26.939 -15.233 9.46317 -1.69625 2 
29.504 -15.233 9.28532 -1.88576 2 
32.070 -15.233 9.53007 -1.23389 2 
34.636 -15.233 9.77483 -0.58202 2 
37.201 -15.233 9.36717 -1.14060 2 
39.767 -15.233 9.97096 -0.78595 2 
42.332 -15.233 9.49455 -0.53269 2 
44.898 -15.233 9.45767 -1.11835 2 
47.464 -15.233 9.01731 -0.92938 2 
50.029 -15.233 5.98121 -1.31838 2 
52.595 -15.233 3.38911 -1.18238 2 
55.160 -15.233 1.66093 -0.74459 2 
57.726 -15.233 4.46705 -1.14576 2 
60.292 -15.233 4.63142 0.85570 2 
62.857 -15.233 5.68400 1.38315 2 
65.423 -15.233 6.25091 1.12071 2 
67.988 -15.233 4.08733 -0.41080 2 
70.554 -15.233 5.20196 -0.75175 2 
73.120 -15.233 3.49141 -0.44876 2 
75.685 -15.233 5.39596 -0.69293 2 
78.251 -15.233 3.95708 -0.64296 2 
80.816 -15.233 3.45515 -0.21149 2 
83.382 -15.233 5.84536 0.00995 2 
85.948 -15.233 5.54097 0.62930 2 
88.513 -15.233 6.04971 1.46888 2 
91.079 -15.233 5.23280 -0.22799 2 
93.644 -15.233 4.02345 -0.80502 2 
96.210 -15.233 4.14175 -1.38143 2 
98.776 -15.233 4.72428 -0.86779 2 
101.341 -15.233 4.01975 0.23481 2 
103.907 -15.233 4.68973 -0.35174 2 
106.472 -15.233 5.35971 -0.93830 2 
109.038 -15.233 4.61101 0.26314 2 
111.603 -15.233 2.89467 1.34389 2 
114.169 -15.233 3.67568 0.98219 2 
116.735 -15.233 4.37871 1.40394 2 
119.300 -15.233 0.00000 -0.00000 0 
-8.980 -17.799 7.55219 -0.88444 2 
-6.414 -17.799 7.29458 -1.20992 2 
-3.848 -17.799 7.34574 -1.36628 2 
-1.283 -17.799 7.31188 -1.52577 2 
1.283 -17.799 7.54729 -1.55395 2 
3.848 -17.799 7.57256 -1.84613 2 
6.414 -17.799 7.76475 -2.09453 2 
8.980 -17.799 7.86923 -2.21754 2 
11.545 -17.799 8.25597 -2.28961 2 
14.111 -17.799 8.62970 -2.28946 2 
16.676 -17.799 8.63528 -2.23012 2 
19.242 -17.799 8.94869 -2.14742 2 
21.808 -17.799 9.15782 -1.96533 2 
24.373 -17.799 9.22854 -1.89158 2 
26.939 -17.799 9.40595 -1.72249 2 
29.504 -17.799 9.57017 -1.48090 2 
32.070 -17.799 9.77965 -1.35702 2 
34.636 -17.799 9.56357 -1.06402 2 
37.201 -17.799 9.38034 -1.20831 2 
39.767 -17.799 9.77127 -1.15317 2 
42.332 -17.799 9.73483 -0.97598 2 
44.898 -17.799 9.60890 -1.08812 2 
47.464 -17.799 10.03067 -1.09554 2 
50.029 -17.799 10.51702 -1.12676 2 
52.595 -17.799 10.18275 -0.97823 2 
55.160 -17.799 9.38232 -0.81250 2 
57.726 -17.799 8.68787 -0.77336 2 
60.292 -17.799 8.41338 -1.03672 2 
62.857 -17.799 7.81488 0.95938 2 
65.423 -17.799 9.31828 0.90695 2 
67.988 -17.799 9.34037 0.47419 2 
70.554 -17.799 9.23669 -0.46180 2 
73.120 -17.799 8.26480 0.16308 2 
75.685 -17.799 7.32741 -0.81351 2 
78.251 -17.799 6.07234 -0.62362 2 
80.816 -17.799 6.50259 0.19377 2 
83.382 -17.799 7.86504 1.39707 2 
85.948 -17.799 7.38299 0.79179 2 
88.513 -17.799 7.55112 1.22663 2 
91.079 -17.799 7.65145 0.53945 2 
93.644 -17.799 7.00630 -0.13721 2 
96.210 -17.799 6.74287 -0.76375 2 
98.776 -17.799 6.35142 -0.82543 2 
101.341 -17.799 3.40550 -0.06317 2 
103.907 -17.799 5.40907 -0.18614 2 
106.472 -17.799 6.31664 -0.24851 2 
109.038 -17.799 7.28090 -0.43957 2 
111.603 -17.799 7.48852 0.91190 2 
114.169 -17.799 4.00248 0.69444 2 
116.735 -17.799 5.05985 0.68803 2 
119.300 -17.799 0.00000 -0.00000 0 
-8.980 -20.364 7.59197 -1.15580 2 
-6.414 -20.364 7.28849 -1.24198 2 
-3.848 -20.364 7.32534 -1.39853 2 
-1.283 -20.364 7.65848 -1.51730 2 
1.283 -20.364 7.66085 -1.58767 2 
3.848 -20.364 7.74777 -1.72218 2 
6.414 -20.364 7.93007 -1.85819 2 
8.980 -20.364 8.09141 -2.02013 2 
11.545 -20.364 8.27086 -1.84358 2 
14.111 -20.364 8.73750 -2.08484 2 
16.676 -20.364 8.85142 -1.89823 2 
19.242 -20.364 8.85838 -1.87630 2 
21.808 -20.364 8.93348 -1.80339 2 
24.373 -20.364 9.04114 -1.84144 2 
26.939 -20.364 9.28504 -1.52185 2 
29.504 -20.364 9.40685 -1.41664 2 
32.070 -20.364 9.37047 -1.27091 2 
34.636 -20.364 9.55780 -1.14879 2 
37.201 -20.364 9.37227 -1.16986 2 
39.767 -20.364 9.56262 -1.08762 2 
42.332 -20.364 9.70592 -0.93087 2 
44.898 -20.364 9.70568 -0.98420 2 
47.464 -20.364 9.92191 -0.87129 2 
50.029 -20.364 10.15611 -0.76139 2 
52.595 -20.364 10.06415 -0.75202 2 
55.160 -20.364 10.34536 -0.73111 2 
57.726 -20.364 10.30114 -0.75203 2 
60.292 -20.364 9.12720 -0.62927 2 
62.857 -20.364 9.94576 0.53562 2 
65.423 -20.364 9.52060 0.53896 2 
67.988 -20.364 9.40677 0.18221 2 
70.554 -20.364 9.28324 0.00503 2 
73.120 -20.364 9.23269 -0.38970 2 
75.685 -20.364 8.74692 -0.30163 2 
78.251 -20.364 7.87650 -0.16264 2 
80.816 -20.364 8.76244 0.31311 2 
83.382 -20.364 9.33728 1.23050 2 
85.948 -20.364 9.22501 0.95428 2 
88.513 -20.364 9.05253 0.98437 2 
91.079 -20.364 8.69050 0.34750 2 
93.644 -20.364 9.01725 0.10072 2 
96.210 -20.364 9.34399 -0.14606 2 
98.776 -20.364 8.72017 -0.15168 2 
101.341 -20.364 8.39790 -0.50583 2 
103.907 -20.364 7.46199 0.44304 2 
106.472 -20.364 7.27357 0.44128 2 
109.038 -20.364 7.91528 -0.20042 2 
111.603 -20.364 7.71228 0.73015 2 
114.169 -20.364 7.74522 0.29847 2 
116.735 -20.364 6.16808 0.92188 2 
119.300 -20.364 0.00000 -0.00000 0 
-8.980 -22.930 7.51644 -0.92201 2 
-6.414 -22.930 7.64747 -1.21635 2 
-3.848 -22.930 7.47202 -1.11730 2 
-1.283 -22.930 7.59334 -1.22384 2 
1.283 -22.930 7.65179 -1.41989 2 
3.848 -22.930 7.82726 -1.53717 2 
6.414 -22.930 7.91053 -1.67605 2 
8.980 -22.930 8.13733 -1.63466 2 
11.545 -22.930 8.33495 -1.82730 2 
14.111 -22.930 8.52530 -1.84024 2 
16.676 -22.930 8.68650 -1.86453 2 
19.242 -22.930 8.83943 -1.71996 2 
21.808 -22.930 8.96899 -1.63332 2 
24.373 -22.930 9.20068 -1.50904 2 
26.939 -22.930 9.03854 -1.43866 2 
29.504 -22.930 9.08426 -1.49365 2 
32.070 -22.930 9.40356 -1.41091 2 
34.636 -22.930 9.37864 -1.29726 2 
37.201 -22.930 9.53819 -1.12510 2 
39.767 -22.930 9.37331 -1.09011 2 
42.332 -22.930 9.49223 -0.86802 2 
44.898 -22.930 9.79066 -1.12403 2 
47.464 -22.930 9.64936 -0.74637 2 
50.029 -22.930 9.86803 -0.85118 2 
52.595 -22.930 9.93685 -0.69270 2 
55.160 -22.930 9.91706 -0.50706 2 
57.726 -22.930 9.97627 -0.42133 2 
60.292 -22.930 9.84102 -0.22182 2 
62.857 -22.930 9.84393 0.13356 2 
65.423 -22.930 9.55350 0.07282 2 
67.988 -22.930 9.59353 0.04000 2 
70.554 -22.930 9.65202 0.03424 2 
73.120 -22.930 9.68334 0.01119 2 
75.685 -22.930 9.68200 0.15476 2 
78.251 -22.930 9.68066 0.29833 2 
80.816 -22.930 9.48636 0.46804 2 
83.382 -22.930 9.29206 0.63776 2 
85.948 -22.930 9.21095 0.67121 2 
88.513 -22.930 8.95598 0.71057 2 
91.079 -22.930 8.94450 0.55957 2 
93.644 -22.930 8.85835 0.30983 2 
96.210 -22.930 8.90535 -0.11255 2 
98.776 -22.930 9.07769 0.20206 2 
101.341 -22.930 9.08761 0.27440 2 
103.907 -22.930 8.11809 0.14275 2 
106.472 -22.930 7.14856 0.01109 2 
109.038 -22.930 7.32097 0.23569 2 
111.603 -22.930 7.93604 0.54840 2 
114.169 -22.930 7.21671 -0.58423 2 
116.735 -22.930 7.27631 1.15574 2 
119.300 -22.930 0.00000 -0.00000 0 
-8.980 -25.496 7.59207 -1.07422 2 
-6.414 -25.496 7.59284 -1.02922 2 
-3.848 -25.496 7.73871 -1.02475 2 
-1.283 -25.496 7.68530 -1.18746 2 
1.283 -25.496 7.86406 -1.31355 2 
3.848 -25.496 7.82122 -1.55275 2 
6.414 -25.496 8.17120 -1.57971 2 
8.980 -25.496 8.15310 -1.63995 2 
11.545 -25.496 8.45596 -1.52741 2 
14.111 -25.496 8.44029 -1.63113 2 
16.676 -25.496 8.73118 -1.64562 2 
19.242 -25.496 8.74486 -1.60556 2 
21.808 -25.496 8.84829 -1.46300 2 
24.373 -25.496 8.93663 -1.41970 2 
26.939 -25.496 8.96378 -1.39575 2 
29.504 -25.496 9.00738 -1.21071 2 
32.070 -25.496 9.22975 -1.13769 2 
34.636 -25.496 9.26950 -1.07235 2 
37.201 -25.496 9.40544 -1.11464 2 
39.767 -25.496 9.39880 -1.07538 2 
42.332 -25.496 9.30107 -0.78148 2 
44.898 -25.496 9.49850 -0.91306 2 
47.464 -25.496 9.58897 -0.98900 2 
50.029 -25.496 9.70781 -0.68202 2 
52.595 -25.496 9.54133 -0.62559 2 
55.160 -25.496 9.73616 -0.53717 2 
57.726 -25.496 9.62628 -0.17920 2 
60.292 -25.496 9.76264 -0.20617 2 
62.857 -25.496 9.76007 -0.15524 2 
65.423 -25.496 9.59335 -0.00876 2 
67.988 -25.496 9.41988 0.10158 2 
70.554 -25.496 9.50421 0.03124 2 
73.120 -25.496 9.71389 0.16106 2 
75.685 -25.496 9.52885 0.38584 2 
78.251 -25.496 9.76066 0.22124 2 
80.816 -25.496 9.52389 0.52384 2 
83.382 -25.496 9.28711 0.82644 2 
85.948 -25.496 9.19062 0.67663 2 
88.513 -25.496 9.05696 0.64891 2 
91.079 -25.496 8.96504 0.61465 2 
93.644 -25.496 9.10908 0.50391 2 
96.210 -25.496 8.88259 0.40509 2 
98.776 -25.496 8.95279 0.28155 2 
101.341 -25.496 8.95652 0.32385 2 
103.907 -25.496 9.28274 0.51423 2 
106.472 -25.496 9.60896 0.70461 2 
109.038 -25.496 9.57701 0.82192 2 
111.603 -25.496 9.41242 1.21080 2 
114.169 -25.496 8.65258 -0.31109 2 
116.735 -25.496 8.38454 1.38960 2 
119.300 -25.496 0.00000 -0.00000 0 
-8.980 -28.061 7.70093 -0.92372 2 
-6.414 -28.061 7.69193 -1.08782 2 
-3.848 -28.061 7.66960 -1.04335 2 
-1.283 -28.061 7.86713 -1.24961 2 
1.283 -28.061 7.87490 -1.38329 2 
3.848 -28.061 7.90541 -1.19139 2 
6.414 -28.061 8.07720 -1.30984 2 
8.980 -28.061 8.42344 -1.32855 2 
11.545 -28.061 8.42753 -1.45831 2 
14.111 -28.061 8.52310 -1.49155 2 
16.676 -28.061 8.63075 -1.29351 2 
19.242 -28.061 8.78848 -1.40976 2 
21.808 -28.061 8.78911 -1.29648 2 
24.373 -28.061 8.89266 -1.28020 2 
26.939 -28.061 8.96786 -1.30709 2 
29.504 -28.061 9.06494 -1.15430 2 
32.070 -28.061 9.00642 -1.08919 2 
34.636 -28.061 9.21776 -1.04245 2 
37.201 -28.061 9.15312 -0.86272 2 
39.767 -28.061 9.36581 -0.79561 2 
42.332 -28.061 9.34666 -0.99903 2 
44.898 -28.061 9.56185 -0.75403 2 
47.464 -28.061 9.62482 -0.80374 2 
50.029 -28.061 9.45673 -0.57319 2 
52.595 -28.061 9.62689 -0.53962 2 
55.160 -28.061 9.74889 -0.42124 2 
57.726 -28.061 9.54657 -0.57307 2 
60.292 -28.061 9.75172 -0.26520 2 
62.857 -28.061 9.43892 -0.11271 2 
65.423 -28.061 9.50419 -0.08750 2 
67.988 -28.061 9.77116 -0.04805 2 
70.554 -28.061 9.46308 0.09285 2 
73.120 -28.061 9.51512 0.20434 2 
75.685 -28.061 9.58960 0.15158 2 
78.251 -28.061 9.52783 0.47816 2 
80.816 -28.061 9.51769 0.62688 2 
83.382 -28.061 9.40303 0.44737 2 
85.948 -28.061 9.46626 0.51107 2 
88.513 -28.061 9.13196 0.50139 2 
91.079 -28.061 9.24522 0.57576 2 
93.644 -28.061 9.10756 0.53713 2 
96.210 -28.061 9.01370 0.58499 2 
98.776 -28.061 9.06908 0.50540 2 
101.341 -28.061 8.93918 0.34286 2 
103.907 -28.061 9.10710 0.53448 2 
106.472 -28.061 9.30855 0.59891 2 
109.038 -28.061 9.30530 0.65905 2 
111.603 -28.061 9.10497 0.81711 2 
114.169 -28.061 9.73315 1.21201 2 
116.735 -28.061 9.49277 1.62346 2 
119.300 -28.061 0.00000 -0.00000 0 
-8.980 -30.627 7.70102 -0.92173 2 
-6.414 -30.627 7.75736 -0.91487 2 
-3.848 -30.627 7.86720 -0.94783 2 
-1.283 -30.627 7.87944 -1.08161 2 
1.283 -30.627 7.99035 -1.05338 2 
3.848 -30.627 7.92781 -1.16671 2 
6.414 -30.627 8.15712 -1.18032 2 
8.980 -30.627 8.15021 -1.32982 2 
11.545 -30.627 8.39962 -1.20648 2 
14.111 -30.627 8.42704 -1.43878 2 
16.676 -30.627 8.64252 -1.26218 2 
19.242 -30.627 8.63866 -1.35402 2 
21.808 -30.627 8.77918 -1.16048 2 
24.373 -30.627 8.72249 -1.27138 2 
26.939 -30.627 8.99594 -1.12554 2 
29.504 -30.627 8.95165 -1.16354 2 
32.070 -30.627 9.05132 -1.08813 2 
34.636 -30.627 9.07964 -1.14980 2 
37.201 -30.627 9.28615 -1.04880 2 
39.767 -30.627 9.19311 -0.88607 2 
42.332 -30.627 9.35335 -0.80822 2 
44.898 -30.627 9.23303 -0.81034 2 
47.464 -30.627 9.26943 -0.69413 2 
50.029 -30.627 9.66659 -0.75549 2 
52.595 -30.627 9.55878 -0.46812 2 
55.160 -30.627 9.44391 -0.41194 2 
57.726 -30.627 9.68571 -0.47885 2 
60.292 -30.627 9.59577 -0.31646 2 
62.857 -30.627 9.55972 -0.15641 2 
65.423 -30.627 9.50850 -0.04422 2 
67.988 -30.627 9.46680 -0.05005 2 
70.554 -30.627 9.55349 0.11844 2 
73.120 -30.627 9.48233 0.05660 2 
75.685 -30.627 9.52971 0.25070 2 
78.251 -30.627 9.34635 0.35933 2 
80.816 -30.627 9.34108 0.26816 2 
83.382 -30.627 9.42274 0.54391 2 
85.948 -30.627 9.07942 0.56873 2 
88.513 -30.627 9.13308 0.58312 2 
91.079 -30.627 9.00611 0.55036 2 
93.644 -30.627 9.10604 0.57034 2 
96.210 -30.627 8.89232 0.56125 2 
98.776 -30.627 9.17510 0.53784 2 
101.341 -30.627 9.09234 0.48899 2 
103.907 -30.627 8.88541 0.64990 2 
106.472 -30.627 9.14443 0.74880 2 
109.038 -30.627 9.16708 0.72181 2 
111.603 -30.627 9.06598 0.86200 2 
114.169 -30.627 8.97096 1.08466 2 
116.735 -30.627 9.50694 1.25736 2 
119.300 -30.627 0.00000 -0.00000 0 
-8.980 -33.192 7.64508 -0.92800 2 
-6.414 -33.192 7.94315 -0.91824 2 
-3.848 -33.192 7.81133 -1.10112 2 
-1.283 -33.192 7.89900 -0.92633 2 
1.283 -33.192 7.91748 -1.11421 2 
3.848 -33.192 8.28319 -1.11556 2 
6.414 -33.192 8.11553 -1.17503 2 
8.980 -33.192 8.30974 -1.17944 2 
11.545 -33.192 8.38932 -1.20696 2 
14.111 -33.192 8.50210 -1.24230 2 
16.676 -33.192 8.68088 -1.13836 2 
19.242 -33.192 8.67838 -1.22736 2 
21.808 -33.192 8.62553 -1.13383 2 
24.373 -33.192 8.78433 -1.06312 2 
26.939 -33.192 8.93474 -1.11539 2 
29.504 -33.192 8.90481 -1.09410 2 
32.070 -33.192 8.88308 -0.94829 2 
34.636 -33.192 9.10701 -0.88375 2 
37.201 -33.192 9.18839 -0.75402 2 
39.767 -33.192 9.09812 -0.86149 2 
42.332 -33.192 9.25234 -0.71037 2 
44.898 -33.192 9.24337 -0.68006 2 
47.464 -33.192 9.23307 -0.63278 2 
50.029 -33.192 9.34552 -0.57263 2 
52.595 -33.192 9.18855 -0.58934 2 
55.160 -33.192 9.41907 -0.48110 2 
57.726 -33.192 9.27124 -0.40096 2 
60.292 -33.192 9.27155 -0.20383 2 
62.857 -33.192 9.36857 -0.14441 2 
65.423 -33.192 9.37338 0.03049 2 
67.988 -33.192 9.40664 -0.00982 2 
70.554 -33.192 9.43878 -0.00443 2 
73.120 -33.192 9.14338 0.07998 2 
75.685 -33.192 9.29848 0.17280 2 
78.251 -33.192 9.29758 0.24029 2 
80.816 -33.192 9.27327 0.44603 2 
83.382 -33.192 9.26525 0.32277 2 
85.948 -33.192 9.29105 0.37344 2 
88.513 -33.192 9.14026 0.46706 2 
91.079 -33.192 9.14560 0.54940 2 
93.644 -33.192 9.13068 0.58243 2 
96.210 -33.192 9.09255 0.57312 2 
98.776 -33.192 8.86738 0.65115 2 
101.341 -33.192 9.05375 0.43180 2 
103.907 -33.192 8.99427 0.73134 2 
106.472 -33.192 9.01479 0.78209 2 
109.038 -33.192 8.95362 0.69943 2 
111.603 -33.192 8.92399 0.78484 2 
114.169 -33.192 8.80276 0.96912 2 
116.735 -33.192 8.93763 1.10527 2 
119.300 -33.192 0.00000 -0.00000 0 
-8.980 -35.758 7.73712 -0.81317 2 
-6.414 -35.758 7.90997 -0.95611 2 
-3.848 -35.758 7.92589 -1.00216 2 
-1.283 -35.758 8.06720 -0.91949 2 
1.283 -35.758 8.08520 -1.18552 2 
3.848 -35.758 8.15320 -0.98560 2 
6.414 -35.758 8.28850 -1.09518 2 
8.980 -35.758 8.44656 -1.02182 2 
11.545 -35.758 8.49999 -1.13253 2 
14.111 -35.758 8.38992 -1.09922 2 
16.676 -35.758 8.73269 -1.15527 2 
19.242 -35.758 8.73471 -1.02262 2 
21.808 -35.758 8.75242 -1.14492 2 
24.373 -35.758 8.91777 -0.92460 2 
26.939 -35.758 8.79697 -0.92891 2 
29.504 -35.758 8.84521 -0.98366 2 
32.070 -35.758 8.82059 -0.90541 2 
34.636 -35.758 9.03053 -0.94952 2 
37.201 -35.758 8.96703 -0.86081 2 
39.767 -35.758 9.07733 -0.83419 2 
42.332 -35.758 9.21813 -0.71032 2 
44.898 -35.758 9.26965 -0.71571 2 
47.464 -35.758 9.34148 -0.58130 2 
50.029 -35.758 9.17698 -0.66394 2 
52.595 -35.758 9.17786 -0.36563 2 
55.160 -35.758 9.39825 -0.20129 2 
57.726 -35.758 9.38560 -0.44520 2 
60.292 -35.758 9.13484 -0.26381 2 
62.857 -35.758 9.28391 -0.11277 2 
65.423 -35.758 9.40564 -0.14699 2 
67.988 -35.758 9.23940 -0.09394 2 
70.554 -35.758 9.25198 -0.02362 2 
73.120 -35.758 9.36512 0.12709 2 
75.685 -35.758 9.30224 0.12384 2 
78.251 -35.758 9.27056 0.23887 2 
80.816 -35.758 9.23642 0.33092 2 
83.382 -35.758 9.28280 0.41004 2 
85.948 -35.758 9.12905 0.50870 2 
88.513 -35.758 9.07250 0.46550 2 
91.079 -35.758 9.03646 0.61396 2 
93.644 -35.758 9.04952 0.59124 2 
96.210 -35.758 8.97584 0.58986 2 
98.776 -35.758 8.90222 0.60745 2 
101.341 -35.758 8.98280 0.67940 2 
103.907 -35.758 8.92479 0.54448 2 
106.472 -35.758 8.83769 0.73226 2 
109.038 -35.758 8.96023 0.79304 2 
111.603 -35.758 8.78548 0.90183 2 
114.169 -35.758 8.80919 0.84757 2 
116.735 -35.758 8.94017 0.88964 2 
119.300 -35.758 0.00000 -0.00000 0 
-8.980 -38.324 7.71812 -0.80782 2 
-6.414 -38.324 7.96753 -0.93866 2 
-3.848 -38.324 7.89910 -0.89875 2 
-1.283 -38.324 8.08140 -1.01773 2 
1.283 -38.324 8.14904 -0.99959 2 
3.848 -38.324 8.16707 -1.01756 2 
6.414 -38.324 8.12888 -1.00029 2 
8.980 -38.324 8.38340 -1.06423 2 
11.545 -38.324 8.36511 -1.00037 2 
14.111 -38.324 8.57924 -0.96952 2 
16.676 -38.324 8.49239 -0.95550 2 
19.242 -38.324 8.71424 -0.99756 2 
21.808 -38.324 8.79346 -0.95425 2 
24.373 -38.324 8.77745 -0.86079 2 
26.939 -38.324 8.75644 -0.96397 2 
29.504 -38.324 8.86074 -0.81013 2 
32.070 -38.324 8.91416 -0.85360 2 
34.636 -38.324 8.97123 -0.76055 2 
37.201 -38.324 8.94785 -0.93459 2 
39.767 -38.324 9.14025 -0.63493 2 
42.332 -38.324 8.92930 -0.70900 2 
44.898 -38.324 9.33597 -0.60152 2 
47.464 -38.324 9.06218 -0.55778 2 
50.029 -38.324 9.10180 -0.56463 2 
52.595 -38.324 9.14327 -0.35859 2 
55.160 -38.324 9.33655 -0.52202 2 
57.726 -38.324 9.19698 -0.26014 2 
60.292 -38.324 9.23167 -0.40647 2 
62.857 -38.324 9.21921 -0.16073 2 
65.423 -38.324 9.15083 -0.17345 2 
67.988 -38.324 9.32915 -0.04533 2 
70.554 -38.324 9.28400 0.03974 2 
73.120 -38.324 9.07650 0.26762 2 
75.685 -38.324 9.12421 0.13726 2 
78.251 -38.324 9.17782 0.11039 2 
80.816 -38.324 9.24208 0.46330 2 
83.382 -38.324 9.13223 0.29803 2 
85.948 -38.324 9.15495 0.42312 2 
88.513 -38.324 9.07981 0.47415 2 
91.079 -38.324 8.97887 0.51866 2 
93.644 -38.324 9.01375 0.52059 2 
96.210 -38.324 8.90311 0.54836 2 
98.776 -38.324 8.90416 0.57813 2 
101.341 -38.324 8.86150 0.86109 2 
103.907 -38.324 8.90889 0.74991 2 
106.472 -38.324 8.82937 0.70591 2 
109.038 -38.324 8.89051 0.76293 2 
111.603 -38.324 8.74396 0.79309 2 
114.169 -38.324 8.76035 0.92835 2 
116.735 -38.324 8.84245 0.90383 2 
119.300 -38.324 0.00000 -0.00000 0 
-8.980 -40.889 7.78669 -0.85445 2 
-6.414 -40.889 8.08679 -0.80200 2 
-3.848 -40.889 8.13306 -0.83988 2 
-1.283 -40.889 8.10964 -0.85519 2 
1.283 -40.889 8.15998 -0.81497 2 
3.848 -40.889 8.10161 -0.87256 2 
6.414 -40.889 8.55797 -0.95923 2 
8.980 -40.889 8.26266 -1.00557 2 
11.545 -40.889 8.53735 -1.08505 2 
14.111 -40.889 8.52810 -1.00853 2 
16.676 -40.889 8.50459 -0.96361 2 
19.242 -40.889 8.66873 -1.04369 2 
21.808 -40.889 8.61798 -0.87349 2 
24.373 -40.889 8.63712 -0.79697 2 
26.939 -40.889 8.88678 -0.90668 2 
29.504 -40.889 8.69631 -0.89150 2 
32.070 -40.889 8.90120 -0.83784 2 
34.636 -40.889 8.88573 -0.68978 2 
37.201 -40.889 8.83679 -0.86460 2 
39.767 -40.889 9.08182 -0.73227 2 
42.332 -40.889 8.95511 -0.63527 2 
44.898 -40.889 9.09845 -0.62613 2 
47.464 -40.889 9.12429 -0.58516 2 
50.029 -40.889 9.04109 -0.55745 2 
52.595 -40.889 9.14491 -0.43292 2 
55.160 -40.889 9.16594 -0.43665 2 
57.726 -40.889 9.16538 -0.28021 2 
60.292 -40.889 9.08888 -0.19395 2 
62.857 -40.889 9.20459 -0.10855 2 
65.423 -40.889 9.23867 -0.29077 2 
67.988 -40.889 9.18986 -0.00295 2 
70.554 -40.889 9.18270 -0.05372 2 
73.120 -40.889 9.13986 0.27433 2 
75.685 -40.889 9.25376 -0.01263 2 
78.251 -40.889 9.16145 0.31930 2 
80.816 -40.889 9.11535 0.30422 2 
83.382 -40.889 9.14660 0.25139 2 
85.948 -40.889 9.11426 0.35462 2 
88.513 -40.889 8.98197 0.40145 2 
91.079 -40.889 8.91254 0.53137 2 
93.644 -40.889 9.04001 0.62985 2 
96.210 -40.889 9.03482 0.42958 2 
98.776 -40.889 8.86480 0.68182 2 
101.341 -40.889 8.94293 0.62717 2 
103.907 -40.889 8.80817 0.52566 2 
106.472 -40.889 8.81908 0.74015 2 
109.038 -40.889 8.90186 0.69552 2 
111.603 -40.889 8.77973 0.90360 2 
114.169 -40.889 8.71517 0.79732 2 
116.735 -40.889 8.74473 0.91802 2 
119.300 -40.889 0.00000 -0.00000 0 
-8.980 -43.455 7.87838 -0.82786 2 
-6.414 -43.455 7.84030 -0.78929 2 
-3.848 -43.455 7.96157 -0.81748 2 
-1.283 -43.455 8.08309 -0.98773 2 
1.283 -43.455 8.15666 -0.76926 2 
3.848 -43.455 8.23921 -0.98853 2 
6.414 -43.455 8.09540 -0.85893 2 
8.980 -43.455 8.34661 -1.04712 2 
11.545 -43.455 8.50441 -0.76836 2 
14.111 -43.455 8.54123 -0.78125 2 
16.676 -43.455 8.59374 -0.94195 2 
19.242 -43.455 8.70989 -0.92668 2 
21.808 -43.455 8.66326 -0.74648 2 
24.373 -43.455 8.75853 -0.82791 2 
26.939 -43.455 8.73401 -0.88195 2 
29.504 -43.455 8.73777 -0.78939 2 
32.070 -43.455 8.78545 -0.81853 2 
34.636 -43.455 8.97392 -0.81729 2 
37.201 -43.455 8.83256 -0.76347 2 
39.767 -43.455 9.04896 -0.58413 2 
42.332 -43.455 8.97144 -0.67122 2 
44.898 -43.455 8.95747 -0.53752 2 
47.464 -43.455 9.09846 -0.52206 2 
50.029 -43.455 9.09575 -0.42033 2 
52.595 -43.455 9.04759 -0.38235 2 
55.160 -43.455 9.07110 -0.33929 2 
57.726 -43.455 9.20357 -0.26634 2 
60.292 -43.455 9.06851 -0.32888 2 
62.857 -43.455 9.21899 -0.26529 2 
65.423 -43.455 9.05615 -0.00073 2 
67.988 -43.455 9.15394 -0.02645 2 
70.554 -43.455 9.16809 -0.06913 2 
73.120 -43.455 9.00886 0.23129 2 
75.685 -43.455 8.98627 0.27470 2 
78.251 -43.455 8.94450 0.10493 2 
80.816 -43.455 8.95037 0.38634 2 
83.382 -43.455 8.89950 0.38550 2 
85.948 -43.455 8.88986 0.28273 2 
88.513 -43.455 8.90296 0.46617 2 
91.079 -43.455 8.97387 0.43157 2 
93.644 -43.455 8.91818 0.53695 2 
96.210 -43.455 8.89493 0.59579 2 
98.776 -43.455 8.97940 0.53901 2 
101.341 -43.455 8.82788 0.72457 2 
103.907 -43.455 8.87339 0.68571 2 
106.472 -43.455 8.80079 0.63172 2 
109.038 -43.455 8.77797 0.70287 2 
111.603 -43.455 8.62113 0.87292 2 
114.169 -43.455 8.62967 0.82901 2 
116.735 -43.455 8.64701 0.93221 2 
119.300 -43.455 0.00000 -0.00000 0 
-8.980 -46.020 8.14149 -0.81840 2 
-6.414 -46.020 8.01336 -0.72643 2 
-3.848 -46.020 8.12441 -0.88484 2 
-1.283 -46.020 8.04102 -0.77179 2 
1.283 -46.020 8.19184 -0.85278 2 
3.848 -46.020 8.27909 -0.84541 2 
6.414 -46.020 8.42035 -0.86890 2 
8.980 -46.020 8.42775 -0.76998 2 
11.545 -46.020 8.43791 -0.95066 2 
14.111 -46.020 8.41893 -0.91510 2 
16.676 -46.020 8.57362 -0.80376 2 
19.242 -46.020 8.47480 -0.95633 2 
21.808 -46.020 8.77598 -0.86816 2 
24.373 -46.020 8.62419 -0.79095 2 
26.939 -46.020 8.78192 -0.77111 2 
29.504 -46.020 8.78197 -0.90227 2 
32.070 -46.020 8.71887 -0.71611 2 
34.636 -46.020 8.87123 -0.80560 2 
37.201 -46.020 8.83253 -0.61196 2 
39.767 -46.020 8.93859 -0.70195 2 
42.332 -46.020 9.06758 -0.56268 2 
44.898 -46.020 8.93793 -0.58147 2 
47.464 -46.020 8.99364 -0.60233 2 
50.029 -46.020 8.83757 -0.17857 2 
52.595 -46.020 8.90614 -0.46161 2 
55.160 -46.020 8.95681 -0.36668 2 
57.726 -46.020 9.01316 -0.40113 2 
60.292 -46.020 8.98907 -0.20752 2 
62.857 -46.020 9.02647 -0.11224 2 
65.423 -46.020 9.11445 -0.13926 2 
67.988 -46.020 9.06226 -0.14955 2 
70.554 -46.020 9.10301 0.16974 2 
73.120 -46.020 9.05917 0.15156 2 
75.685 -46.020 8.98198 0.02722 2 
78.251 -46.020 9.05843 0.19918 2 
80.816 -46.020 8.94763 0.18858 2 
83.382 -46.020 9.08211 0.39402 2 
85.948 -46.020 8.92247 0.35172 2 
88.513 -46.020 8.89821 0.37298 2 
91.079 -46.020 9.02978 0.41044 2 
93.644 -46.020 8.80943 0.61831 2 
96.210 -46.020 8.91532 0.50677 2 
98.776 -46.020 8.70662 0.58959 2 
101.341 -46.020 8.78463 0.67041 2 
103.907 -46.020 8.65876 0.58200 2 
106.472 -46.020 8.79364 0.79244 2 
109.038 -46.020 8.67529 0.64160 2 
111.603 -46.020 8.69674 0.65144 2 
114.169 -46.020 8.55302 0.74979 2 
116.735 -46.020 8.54929 0.94640 2 
119.300 -46.020 0.00000 -0.00000 0 
-8.980 -48.586 8.06959 -0.70621 2 
-6.414 -48.586 8.03276 -0.78786 2 
-3.848 -48.586 8.14752 -0.70200 2 
-1.283 -48.586 7.95854 -0.88209 2 
1.283 -48.586 8.20586 -0.71165 2 
3.848 -48.586 8.31939 -0.83711 2 
6.414 -48.586 8.38002 -0.74818 2 
8.980 -48.586 8.24930 -0.93845 2 
11.545 -48.586 8.39783 -0.71558 2 
14.111 -48.586 8.52899 -0.90864 2 
16.676 -48.586 8.46953 -0.82161 2 
19.242 -48.586 8.54377 -0.67874 2 
21.808 -48.586 8.73314 -0.86247 2 
24.373 -48.586 8.64836 -0.67338 2 
26.939 -48.586 8.80385 -0.77302 2 
29.504 -48.586 8.75832 -0.70646 2 
32.070 -48.586 8.74358 -0.79750 2 
34.636 -48.586 8.78474 -0.66749 2 
37.201 -48.586 8.90728 -0.62214 2 
39.767 -48.586 8.85301 -0.59744 2 
42.332 -48.586 8.82504 -0.52789 2 
44.898 -48.586 8.95633 -0.54776 2 
47.464 -48.586 8.90114 -0.49969 2 
50.029 -48.586 9.05662 -0.43458 2 
52.595 -48.586 8.95988 -0.39096 2 
55.160 -48.586 9.00733 -0.15332 2 
57.726 -48.586 8.89538 -0.41332 2 
60.292 -48.586 8.96845 -0.21448 2 
62.857 -48.586 8.99309 -0.03408 2 
65.423 -48.586 8.99374 -0.04550 2 
67.988 -48.586 9.06409 -0.05430 2 
70.554 -48.586 9.03930 -0.11494 2 
73.120 -48.586 8.90388 0.02161 2 
75.685 -48.586 9.06684 0.27279 2 
78.251 -48.586 8.84502 0.19539 2 
80.816 -48.586 8.92349 0.28918 2 
83.382 -48.586 8.90596 0.32671 2 
85.948 -48.586 8.99993 0.40775 2 
88.513 -48.586 8.92711 0.50674 2 
91.079 -48.586 8.84316 0.37635 2 
93.644 -48.586 8.86666 0.37294 2 
96.210 -48.586 8.84463 0.44686 2 
98.776 -48.586 8.77674 0.61726 2 
101.341 -48.586 8.80883 0.55509 2 
103.907 -48.586 8.80837 0.64529 2 
106.472 -48.586 8.71348 0.69160 2 
109.038 -48.586 8.83283 0.60358 2 
111.603 -48.586 8.56611 0.72219 2 
114.169 -48.586 8.70607 0.66556 2 
116.735 -48.586 9.19281 0.82567 2 
119.300 -48.586 0.00000 -0.00000 0 
-8.980 -51.152 8.00736 -0.61644 2 
-6.414 -51.152 7.93089 -0.76486 2 
-3.848 -51.152 8.04646 -0.88530 2 
-1.283 -51.152 8.21186 -0.67584 2 
1.283 -51.152 8.11837 -0.73275 2 
3.848 -51.152 8.22061 -0.73999 2 
6.414 -51.152 8.34571 -0.86920 2 
8.980 -51.152 8.37970 -0.70273 2 
11.545 -51.152 8.41699 -0.77760 2 
14.111 -51.152 8.50517 -0.72827 2 
16.676 -51.152 8.44608 -0.74135 2 
19.242 -51.152 8.69142 -0.80637 2 
21.808 -51.152 8.68814 -0.68413 2 
24.373 -51.152 8.63694 -0.70395 2 
26.939 -51.152 8.67523 -0.69358 2 
29.504 -51.152 8.83933 -0.68990 2 
32.070 -51.152 8.67306 -0.66577 2 
34.636 -51.152 8.65547 -0.61141 2 
37.201 -51.152 8.80264 -0.60984 2 
39.767 -51.152 8.78838 -0.53584 2 
42.332 -51.152 8.83550 -0.53484 2 
44.898 -51.152 8.84212 -0.60587 2 
47.464 -51.152 8.92156 -0.40849 2 
50.029 -51.152 8.83236 -0.52569 2 
52.595 -51.152 8.89029 -0.27649 2 
55.160 -51.152 8.85334 -0.31265 2 
57.726 -51.152 8.86517 -0.25756 2 
60.292 -51.152 8.89774 -0.19967 2 
62.857 -51.152 9.04937 -0.10926 2 
65.423 -51.152 8.98417 -0.06195 2 
67.988 -51.152 9.03802 0.03804 2 
70.554 -51.152 8.89573 0.17567 2 
73.120 -51.152 8.94536 -0.15720 2 
75.685 -51.152 8.90871 0.21497 2 
78.251 -51.152 8.85522 0.15031 2 
80.816 -51.152 8.91752 0.19159 2 
83.382 -51.152 8.94815 0.26519 2 
85.948 -51.152 9.00348 0.28097 2 
88.513 -51.152 8.86338 0.26446 2 
91.079 -51.152 8.77042 0.60604 2 
93.644 -51.152 8.91825 0.26940 2 
96.210 -51.152 8.83963 0.54061 2 
98.776 -51.152 8.78894 0.47252 2 
101.341 -51.152 8.78830 0.60082 2 
103.907 -51.152 8.73647 0.50485 2 
106.472 -51.152 8.63642 0.61360 2 
109.038 -51.152 8.60561 0.62110 2 
111.603 -51.152 8.64702 0.65110 2 
114.169 -51.152 9.03402 0.43982 2 
116.735 -51.152 7.71727 0.50207 1 
119.300 -51.152 0.00000 -0.00000 0 
-8.980 -53.717 8.03078 -0.67856 2 
-6.414 -53.717 8.02118 -0.84126 2 
-3.848 -53.717 8.07631 -0.76987 2 
-1.283 -53.717 8.16902 -0.82370 2 
1.283 -53.717 8.31108 -0.75002 2 
3.848 -53.717 8.30206 -0.78698 2 
6.414 -53.717 8.35970 -0.60831 2 
8.980 -53.717 8.32271 -0.83379 2 
11.545 -53.717 8.29159 -0.77605 2 
14.111 -53.717 8.43256 -0.74226 2 
16.676 -53.717 8.61529 -0.78918 2 
19.242 -53.717 8.66117 -0.95298 2 
21.808 -53.717 8.60104 -0.80389 2 
24.373 -53.717 8.65098 -0.80449 2 
26.939 -53.717 8.75648 -0.66466 2 
29.504 -53.717 8.66797 -0.68239 2 
32.070 -53.717 8.66492 -0.69481 2 
34.636 -53.717 8.87505 -0.67372 2 
37.201 -53.717 8.76169 -0.50840 2 
39.767 -53.717 8.84951 -0.67596 2 
42.332 -53.717 8.87158 -0.49220 2 
44.898 -53.717 8.87898 -0.58554 2 
47.464 -53.717 8.96251 -0.62411 2 
50.029 -53.717 8.90482 -0.43827 2 
52.595 -53.717 8.86455 -0.25961 2 
55.160 -53.717 8.88105 -0.32314 2 
57.726 -53.717 8.98904 -0.26731 2 
60.292 -53.717 8.84585 -0.24786 2 
62.857 -53.717 8.80208 -0.19423 2 
65.423 -53.717 8.85075 -0.09270 2 
67.988 -53.717 9.00869 -0.01910 2 
70.554 -53.717 8.92323 0.10702 2 
73.120 -53.717 8.97739 0.05510 2 
75.685 -53.717 8.78272 0.09636 2 
78.251 -53.717 8.89754 0.09719 2 
80.816 -53.717 8.96763 0.34090 2 
83.382 -53.717 8.86662 0.33070 2 
85.948 -53.717 8.83461 0.36275 2 
88.513 -53.717 8.80305 0.37132 2 
91.079 -53.717 8.87682 0.31011 2 
93.644 -53.717 9.07466 0.51294 2 
96.210 -53.717 9.03270 0.50876 2 
98.776 -53.717 8.99073 0.50459 2 
101.341 -53.717 8.66896 0.33359 2 
103.907 -53.717 8.90476 0.67475 2 
106.472 -53.717 9.13235 0.70873 2 
109.038 -53.717 9.04805 0.60008 2 
111.603 -53.717 9.04941 0.65237 2 
114.169 -53.717 9.37498 0.81167 2 
116.735 -53.717 0.00000 -0.00000 0 
119.300 -53.717 0.00000 -0.00000 0 
-8.980 -56.283 0.00000 -0.00000 0 
-6.414 -56.283 8.12650 -0.29873 2 
-3.848 -56.283 8.04073 -0.53900 2 
-1.283 -56.283 8.10720 -0.51916 2 
1.283 -56.283 8.17366 -0.49932 2 
3.848 -56.283 8.24013 -0.47948 2 
6.414 -56.283 8.30659 -0.45964 2 
8.980 -56.283 8.33162 -0.42785 2 
11.545 -56.283 8.35665 -0.39606 2 
14.111 -56.283 8.38169 -0.36427 2 
16.676 -56.283 8.40672 -0.33248 2 
19.242 -56.283 8.43175 -0.30069 2 
21.808 -56.283 8.45678 -0.26890 2 
24.373 -56.283 8.48182 -0.23712 2 
26.939 -56.283 8.50685 -0.20533 2 
29.504 -56.283 8.53188 -0.17354 2 
32.070 -56.283 8.55691 -0.14175 2 
34.636 -56.283 8.58195 -0.10996 2 
37.201 -56.283 8.60698 -0.07817 2 
39.767 -56.283 8.63201 -0.04638 2 
42.332 -56.283 8.65705 -0.01459 2 
44.898 -56.283 8.68208 0.01720 2 
47.464 -56.283 8.70711 0.04899 2 
50.029 -56.283 8.73214 0.08078 2 
52.595 -56.283 8.95260 -0.07240 2 
55.160 -56.283 8.93690 -0.03921 2 
57.726 -56.283 8.92121 -0.00603 2 
60.292 -56.283 8.72089 -0.09324 2 
62.857 -56.283 8.83035 -0.19735 2 
65.423 -56.283 8.90014 0.03113 2 
67.988 -56.283 8.97708 -0.06811 2 
70.554 -56.283 8.89563 -0.04098 2 
73.120 -56.283 8.83180 -0.08123 2 
75.685 -56.283 8.91943 0.05289 2 
78.251 -56.283 8.90819 0.15164 2 
80.816 -56.283 8.77656 0.13478 2 
83.382 -56.283 8.81510 0.21916 2 
85.948 -56.283 8.78124 0.27255 2 
88.513 -56.283 8.92515 0.34120 2 
91.079 -56.283 8.68655 0.43194 2 
93.644 -56.283 8.76874 0.35548 2 
96.210 -56.283 8.79358 0.18790 2 
98.776 -56.283 8.81842 0.02032 1 
101.341 -56.283 8.54962 0.06636 1 
103.907 -56.283 0.00000 -0.00000 0 
106.472 -56.283 0.00000 -0.00000 0 
109.038 -56.283 0.00000 -0.00000 0 
111.603 -56.283 0.00000 -0.00000 0 
114.169 -56.283 0.00000 -0.00000 0 
116.735 -56.283 0.00000 -0.00000 0 
119.300 -56.283 0.00000 -0.00000 0 
