TITLE = "B00100"
VARIABLES = "X [mm]", "Y [mm]", "Vx [m/s]", "Vy [m/s]", "Flag"
ZONE T="Frame 1", I=51, J=39, F=POINT
-8.980 41.210 7.15829 0.29866 2 
-6.414 41.210 7.19185 0.37277 2 
-3.848 41.210 7.29165 0.34874 2 
-1.283 41.210 7.11015 0.23766 2 
1.283 41.210 7.56944 0.63745 2 
3.848 41.210 0.00000 -0.00000 0 
6.414 41.210 0.00000 -0.00000 0 
8.980 41.210 0.00000 -0.00000 0 
11.545 41.210 0.00000 -0.00000 0 
14.111 41.210 0.00000 -0.00000 0 
16.676 41.210 0.00000 -0.00000 0 
19.242 41.210 3.95586 0.45993 2 
21.808 41.210 7.91172 0.91986 2 
24.373 41.210 7.40003 0.69260 2 
26.939 41.210 7.36857 0.65932 2 
29.504 41.210 7.35510 0.76579 2 
32.070 41.210 7.48315 0.79937 2 
34.636 41.210 7.58281 0.71331 2 
37.201 41.210 7.65179 0.79488 2 
39.767 41.210 7.61352 0.78189 2 
42.332 41.210 7.60788 0.77671 2 
44.898 41.210 7.60224 0.77153 2 
47.464 41.210 7.67686 0.72510 2 
50.029 41.210 7.75148 0.67868 2 
52.595 41.210 8.14208 0.79577 2 
55.160 41.210 8.07800 0.71601 2 
57.726 41.210 8.01393 0.63625 2 
60.292 41.210 8.35674 0.70602 2 
62.857 41.210 8.01195 0.70989 2 
65.423 41.210 8.32657 0.55565 2 
67.988 41.210 8.36147 0.66247 2 
70.554 41.210 8.39637 0.76929 2 
73.120 41.210 8.42264 0.74709 2 
75.685 41.210 8.43918 0.55839 2 
78.251 41.210 8.46442 0.37399 2 
80.816 41.210 0.00000 0.00000 0 
83.382 41.210 8.43451 0.41411 2 
85.948 41.210 8.46835 0.35186 2 
88.513 41.210 8.65806 0.08106 2 
91.079 41.210 8.50931 0.09655 2 
93.644 41.210 8.62487 0.09007 2 
96.210 41.210 8.55911 -0.04310 2 
98.776 41.210 8.50459 -0.18066 2 
101.341 41.210 8.49132 -0.22422 2 
103.907 41.210 8.44899 -0.29219 2 
106.472 41.210 8.48244 -0.20000 2 
109.038 41.210 8.24941 -0.30944 2 
111.603 41.210 8.06938 -0.53075 2 
114.169 41.210 8.11129 -0.40962 2 
116.735 41.210 8.05551 -0.03349 2 
119.300 41.210 0.00000 -0.00000 0 
-8.980 38.644 7.12365 0.36123 2 
-6.414 38.644 7.20477 0.38719 2 
-3.848 38.644 7.31925 0.37895 2 
-1.283 38.644 7.12851 0.38156 2 
1.283 38.644 7.48984 0.41753 2 
3.848 38.644 0.00000 -0.00000 0 
6.414 38.644 0.00000 -0.00000 0 
8.980 38.644 0.00000 -0.00000 0 
11.545 38.644 0.00000 -0.00000 0 
14.111 38.644 0.00000 -0.00000 0 
16.676 38.644 0.00000 -0.00000 0 
19.242 38.644 3.93932 0.36717 2 
21.808 38.644 7.87865 0.73434 2 
24.373 38.644 7.33217 0.91158 2 
26.939 38.644 7.41010 0.93425 2 
29.504 38.644 7.45835 0.96677 2 
32.070 38.644 7.54479 0.82493 2 
34.636 38.644 7.56536 0.94160 2 
37.201 38.644 7.63281 0.71448 2 
39.767 38.644 7.56807 1.03807 2 
42.332 38.644 7.72639 0.83281 2 
44.898 38.644 7.85515 0.94943 2 
47.464 38.644 7.64832 0.96914 2 
50.029 38.644 7.92451 0.99119 2 
52.595 38.644 7.74524 0.82177 2 
55.160 38.644 8.13878 0.77263 2 
57.726 38.644 8.14042 0.78939 2 
60.292 38.644 8.11510 0.81263 2 
62.857 38.644 8.32165 0.73064 2 
65.423 38.644 8.29292 0.74976 2 
67.988 38.644 8.43052 0.91167 2 
70.554 38.644 8.36716 0.59127 2 
73.120 38.644 8.51982 0.56773 2 
75.685 38.644 8.69686 0.66529 2 
78.251 38.644 8.54276 0.59025 2 
80.816 38.644 0.00000 0.00000 0 
83.382 38.644 8.62840 0.39111 2 
85.948 38.644 8.74852 0.35431 2 
88.513 38.644 8.70060 0.08085 2 
91.079 38.644 8.57953 0.32552 2 
93.644 38.644 8.57855 -0.10255 2 
96.210 38.644 8.39476 -0.06361 2 
98.776 38.644 8.58516 -0.36366 2 
101.341 38.644 8.45881 -0.25694 2 
103.907 38.644 8.34379 -0.57154 2 
106.472 38.644 8.23102 -0.38070 2 
109.038 38.644 7.97383 -0.46156 2 
111.603 38.644 8.20743 -0.24501 2 
114.169 38.644 7.95250 -0.60683 2 
116.735 38.644 7.68110 -0.53012 2 
119.300 38.644 0.00000 -0.00000 0 
-8.980 36.079 7.15595 0.18309 2 
-6.414 36.079 7.12294 0.37330 2 
-3.848 36.079 7.16293 0.29145 2 
-1.283 36.079 7.12503 0.41975 2 
1.283 36.079 7.37772 0.54282 2 
3.848 36.079 0.00000 -0.00000 0 
6.414 36.079 0.00000 -0.00000 0 
8.980 36.079 0.00000 -0.00000 0 
11.545 36.079 0.00000 -0.00000 0 
14.111 36.079 0.00000 -0.00000 0 
16.676 36.079 0.00000 -0.00000 0 
19.242 36.079 3.93938 0.39122 2 
21.808 36.079 7.87875 0.78244 2 
24.373 36.079 7.21767 0.79583 2 
26.939 36.079 7.29874 0.85179 2 
29.504 36.079 7.47943 0.83674 2 
32.070 36.079 7.51212 0.77529 2 
34.636 36.079 7.50448 0.86929 2 
37.201 36.079 7.47532 0.90685 2 
39.767 36.079 7.44999 0.93071 2 
42.332 36.079 7.75863 1.02450 2 
44.898 36.079 7.76000 0.89389 2 
47.464 36.079 7.86629 0.81755 2 
50.029 36.079 7.97772 0.72896 2 
52.595 36.079 7.89623 0.87425 2 
55.160 36.079 8.12560 0.89653 2 
57.726 36.079 8.08846 0.94916 2 
60.292 36.079 8.15700 0.94683 2 
62.857 36.079 8.21698 0.82707 2 
65.423 36.079 8.30279 0.94305 2 
67.988 36.079 8.29253 0.73934 2 
70.554 36.079 8.46388 0.57628 2 
73.120 36.079 8.54424 0.72056 2 
75.685 36.079 8.69478 0.65390 2 
78.251 36.079 8.78099 0.57974 2 
80.816 36.079 0.00000 0.00000 0 
83.382 36.079 8.69311 0.36245 2 
85.948 36.079 8.63665 0.33821 2 
88.513 36.079 8.59410 0.16956 2 
91.079 36.079 8.82333 -0.11219 2 
93.644 36.079 8.69333 -0.03125 2 
96.210 36.079 8.81861 -0.19672 2 
98.776 36.079 8.72085 -0.03685 2 
101.341 36.079 8.49833 -0.18805 2 
103.907 36.079 8.54534 -0.43672 2 
106.472 36.079 8.52758 -0.34504 2 
109.038 36.079 8.27932 -0.74049 2 
111.603 36.079 8.13269 -0.77001 2 
114.169 36.079 8.02999 -0.32109 2 
116.735 36.079 7.86597 -0.61976 2 
119.300 36.079 0.00000 -0.00000 0 
-8.980 33.513 7.12274 0.27157 2 
-6.414 33.513 7.15248 0.46091 2 
-3.848 33.513 7.15009 0.34676 2 
-1.283 33.513 7.12289 0.39258 2 
1.283 33.513 7.44347 0.42483 2 
3.848 33.513 0.00000 -0.00000 0 
6.414 33.513 0.00000 -0.00000 0 
8.980 33.513 0.00000 -0.00000 0 
11.545 33.513 0.00000 -0.00000 0 
14.111 33.513 0.00000 -0.00000 0 
16.676 33.513 0.00000 -0.00000 0 
19.242 33.513 4.40457 0.93950 2 
21.808 33.513 7.62561 0.84307 2 
24.373 33.513 7.21968 0.84441 2 
26.939 33.513 7.31760 0.82788 2 
29.504 33.513 7.37769 0.80563 2 
32.070 33.513 7.30260 0.96608 2 
34.636 33.513 7.49028 0.80772 2 
37.201 33.513 7.46692 1.14654 2 
39.767 33.513 7.61265 0.95272 2 
42.332 33.513 7.60253 0.98994 2 
44.898 33.513 7.86288 1.01693 2 
47.464 33.513 8.06366 1.12353 2 
50.029 33.513 7.97630 1.00188 2 
52.595 33.513 7.98481 1.10169 2 
55.160 33.513 8.05347 0.94335 2 
57.726 33.513 8.13082 0.88523 2 
60.292 33.513 8.29603 1.03237 2 
62.857 33.513 8.24493 0.79492 2 
65.423 33.513 8.40433 0.77969 2 
67.988 33.513 8.53650 0.77089 2 
70.554 33.513 8.54114 0.78811 2 
73.120 33.513 8.72099 0.68859 2 
75.685 33.513 8.69269 0.64250 2 
78.251 33.513 8.69054 0.80137 2 
80.816 33.513 0.00000 0.00000 0 
83.382 33.513 8.47419 0.38545 2 
85.948 33.513 8.87456 0.43364 2 
88.513 33.513 8.93659 0.12060 2 
91.079 33.513 8.98200 -0.13717 2 
93.644 33.513 8.66970 -0.05359 2 
96.210 33.513 8.71957 -0.26353 2 
98.776 33.513 8.75427 -0.59950 2 
101.341 33.513 8.73640 -0.51000 2 
103.907 33.513 8.54745 -0.66215 2 
106.472 33.513 8.35812 -0.54152 2 
109.038 33.513 8.31275 -0.78873 2 
111.603 33.513 8.01668 -0.70988 2 
114.169 33.513 7.80957 -0.62813 2 
116.735 33.513 8.05083 -0.70941 2 
119.300 33.513 0.00000 -0.00000 0 
-8.980 30.948 7.04891 0.36330 2 
-6.414 30.948 6.98947 0.27568 2 
-3.848 30.948 7.08059 0.35490 2 
-1.283 30.948 7.05866 0.29518 2 
1.283 30.948 7.23730 0.56900 2 
3.848 30.948 0.00000 -0.00000 0 
6.414 30.948 0.00000 -0.00000 0 
8.980 30.948 0.00000 -0.00000 0 
11.545 30.948 0.00000 -0.00000 0 
14.111 30.948 0.00000 -0.00000 0 
16.676 30.948 0.00000 -0.00000 0 
19.242 30.948 4.86976 1.48778 2 
21.808 30.948 7.37247 0.90371 2 
24.373 30.948 7.16631 0.90391 2 
26.939 30.948 7.40246 0.93844 2 
29.504 30.948 7.38982 1.01527 2 
32.070 30.948 7.42227 0.85683 2 
34.636 30.948 7.39560 1.06181 2 
37.201 30.948 7.55067 1.02103 2 
39.767 30.948 7.67667 1.11219 2 
42.332 30.948 7.77577 0.99462 2 
44.898 30.948 7.68428 0.82917 2 
47.464 30.948 7.55620 1.04622 2 
50.029 30.948 8.02273 0.94538 2 
52.595 30.948 7.86875 1.02648 2 
55.160 30.948 8.03493 1.14257 2 
57.726 30.948 8.11514 0.99731 2 
60.292 30.948 8.32500 0.95663 2 
62.857 30.948 8.43943 0.93987 2 
65.423 30.948 8.40404 0.84759 2 
67.988 30.948 8.49500 0.99279 2 
70.554 30.948 8.56863 0.89553 2 
73.120 30.948 8.55505 0.81440 2 
75.685 30.948 8.52943 0.87772 2 
78.251 30.948 8.80112 0.63948 2 
80.816 30.948 0.00000 0.00000 0 
83.382 30.948 8.89907 0.54207 2 
85.948 30.948 8.91140 0.48819 2 
88.513 30.948 8.81300 0.35802 2 
91.079 30.948 8.96778 0.15458 2 
93.644 30.948 9.04819 -0.06553 2 
96.210 30.948 8.90403 -0.15993 2 
98.776 30.948 8.90904 -0.39455 2 
101.341 30.948 8.74520 -0.42458 2 
103.907 30.948 8.66919 -0.77622 2 
106.472 30.948 8.47539 -0.86187 2 
109.038 30.948 8.38492 -0.72667 2 
111.603 30.948 8.28963 -0.72683 2 
114.169 30.948 7.80327 -0.76777 2 
116.735 30.948 7.99263 -1.19160 2 
119.300 30.948 0.00000 -0.00000 0 
-8.980 28.382 7.13445 0.26808 2 
-6.414 28.382 7.15114 0.35514 2 
-3.848 28.382 7.01110 0.36304 2 
-1.283 28.382 7.06839 0.44888 2 
1.283 28.382 7.06080 0.42524 2 
3.848 28.382 3.62115 0.30500 2 
6.414 28.382 0.00000 -0.00000 0 
8.980 28.382 0.00000 -0.00000 0 
11.545 28.382 0.00000 -0.00000 0 
14.111 28.382 0.00000 -0.00000 0 
16.676 28.382 1.87227 0.25679 2 
19.242 28.382 7.46214 1.19234 2 
21.808 28.382 7.43727 1.15929 2 
24.373 28.382 7.23962 1.01649 2 
26.939 28.382 7.33687 0.90557 2 
29.504 28.382 7.30949 1.12946 2 
32.070 28.382 7.43741 1.21887 2 
34.636 28.382 7.51500 0.96280 2 
37.201 28.382 7.58299 1.25146 2 
39.767 28.382 7.55608 1.07843 2 
42.332 28.382 7.59735 0.90133 2 
44.898 28.382 7.70680 1.26471 2 
47.464 28.382 7.94334 1.14790 2 
50.029 28.382 7.93163 1.09065 2 
52.595 28.382 8.07017 1.05826 2 
55.160 28.382 8.14092 1.15907 2 
57.726 28.382 8.14107 1.05797 2 
60.292 28.382 8.34231 0.95274 2 
62.857 28.382 8.59239 0.79864 2 
65.423 28.382 8.33184 1.10729 2 
67.988 28.382 8.25097 0.79471 2 
70.554 28.382 8.79059 0.83705 2 
73.120 28.382 8.93791 1.03431 2 
75.685 28.382 8.69745 0.73668 2 
78.251 28.382 8.82755 0.76646 2 
80.816 28.382 8.92137 0.73825 2 
83.382 28.382 8.95056 0.45838 2 
85.948 28.382 8.97976 0.17852 2 
88.513 28.382 9.21586 0.18342 2 
91.079 28.382 9.00277 -0.17350 2 
93.644 28.382 9.17520 -0.04697 2 
96.210 28.382 9.02247 -0.54134 2 
98.776 28.382 8.97506 -0.52153 2 
101.341 28.382 8.71819 -0.86719 2 
103.907 28.382 8.82997 -0.79061 2 
106.472 28.382 8.75510 -1.21686 2 
109.038 28.382 8.20766 -1.20713 2 
111.603 28.382 8.03196 -1.04893 2 
114.169 28.382 7.47505 -1.04047 2 
116.735 28.382 8.17971 -0.58415 2 
119.300 28.382 0.00000 -0.00000 0 
-8.980 25.816 7.08700 0.11251 2 
-6.414 25.816 6.84962 0.42394 2 
-3.848 25.816 6.88790 0.24218 2 
-1.283 25.816 6.80708 0.42985 2 
1.283 25.816 7.01883 0.40497 2 
3.848 25.816 7.24229 0.60999 2 
6.414 25.816 0.00000 -0.00000 0 
8.980 25.816 0.00000 -0.00000 0 
11.545 25.816 0.00000 -0.00000 0 
14.111 25.816 0.00000 -0.00000 0 
16.676 25.816 3.74453 0.51359 2 
19.242 25.816 7.48907 1.02717 2 
21.808 25.816 7.11747 0.86553 2 
24.373 25.816 7.05607 1.02044 2 
26.939 25.816 7.34022 1.05626 2 
29.504 25.816 7.32628 1.05187 2 
32.070 25.816 7.44362 1.24504 2 
34.636 25.816 7.28716 1.16190 2 
37.201 25.816 7.69949 1.07861 2 
39.767 25.816 7.57688 1.19317 2 
42.332 25.816 7.78917 1.23383 2 
44.898 25.816 7.63931 1.09874 2 
47.464 25.816 7.79218 1.22111 2 
50.029 25.816 7.99462 1.12505 2 
52.595 25.816 7.82561 1.13466 2 
55.160 25.816 8.19314 1.04183 2 
57.726 25.816 8.25794 1.14833 2 
60.292 25.816 8.25733 1.20072 2 
62.857 25.816 8.46358 1.15429 2 
65.423 25.816 8.60031 1.03620 2 
67.988 25.816 8.64221 0.98054 2 
70.554 25.816 8.59075 1.02659 2 
73.120 25.816 8.63352 1.06835 2 
75.685 25.816 8.89685 0.81154 2 
78.251 25.816 8.76374 0.83385 2 
80.816 25.816 9.13376 0.80222 2 
83.382 25.816 0.00000 0.00000 0 
85.948 25.816 9.52319 0.50239 2 
88.513 25.816 9.29701 0.36752 2 
91.079 25.816 9.16805 0.15261 2 
93.644 25.816 9.47971 -0.08712 2 
96.210 25.816 9.47571 -0.33231 2 
98.776 25.816 9.22981 -0.58367 2 
101.341 25.816 9.21338 -0.96344 2 
103.907 25.816 9.04557 -1.33026 2 
106.472 25.816 8.55162 -1.32915 2 
109.038 25.816 8.39609 -1.48089 2 
111.603 25.816 7.95797 -1.41618 2 
114.169 25.816 7.47116 -1.19210 2 
116.735 25.816 7.36783 -1.03398 2 
119.300 25.816 0.00000 -0.00000 0 
-8.980 23.251 7.00879 0.03948 2 
-6.414 23.251 6.99638 0.23618 2 
-3.848 23.251 6.83829 0.27043 2 
-1.283 23.251 6.99330 0.34735 2 
1.283 23.251 6.68619 0.47830 2 
3.848 23.251 7.44743 0.48108 2 
6.414 23.251 0.00000 -0.00000 0 
8.980 23.251 0.00000 -0.00000 0 
11.545 23.251 0.00000 -0.00000 0 
14.111 23.251 0.00000 -0.00000 0 
16.676 23.251 3.75800 0.43100 2 
19.242 23.251 7.51599 0.86201 2 
21.808 23.251 7.14131 1.20082 2 
24.373 23.251 7.06134 1.12358 2 
26.939 23.251 7.19660 1.08853 2 
29.504 23.251 7.26572 1.25817 2 
32.070 23.251 7.19332 1.23655 2 
34.636 23.251 7.46543 1.27319 2 
37.201 23.251 7.47221 1.21313 2 
39.767 23.251 7.51737 1.21060 2 
42.332 23.251 7.64612 1.40751 2 
44.898 23.251 7.60775 1.15430 2 
47.464 23.251 8.04983 1.14386 2 
50.029 23.251 7.68808 1.27763 2 
52.595 23.251 8.26017 1.16620 2 
55.160 23.251 8.28014 1.21576 2 
57.726 23.251 8.08646 1.25248 2 
60.292 23.251 8.50445 1.28948 2 
62.857 23.251 8.41285 0.91759 2 
65.423 23.251 8.53967 1.34790 2 
67.988 23.251 8.50166 0.98479 2 
70.554 23.251 8.73801 1.13356 2 
73.120 23.251 8.66664 0.93258 2 
75.685 23.251 8.81396 0.93920 2 
78.251 23.251 9.27737 1.05050 2 
80.816 23.251 9.44631 0.86140 2 
83.382 23.251 0.00000 0.00000 0 
85.948 23.251 4.76160 0.25119 2 
88.513 23.251 8.25655 0.34960 2 
91.079 23.251 9.73460 0.09448 2 
93.644 23.251 9.45136 0.24625 2 
96.210 23.251 9.60597 -0.51493 2 
98.776 23.251 9.73015 -0.58819 2 
101.341 23.251 9.50603 -0.84646 2 
103.907 23.251 9.26846 -1.54752 2 
106.472 23.251 9.05713 -1.79801 2 
109.038 23.251 8.52686 -2.06165 2 
111.603 23.251 7.90709 -1.92466 2 
114.169 23.251 7.49781 -1.94544 2 
116.735 23.251 7.45625 -1.53336 2 
119.300 23.251 0.00000 -0.00000 0 
-8.980 20.685 6.86539 0.05987 2 
-6.414 20.685 6.81664 0.27542 2 
-3.848 20.685 6.96817 0.25355 2 
-1.283 20.685 6.68899 0.33773 2 
1.283 20.685 6.66473 0.44650 2 
3.848 20.685 6.98932 0.61614 2 
6.414 20.685 0.00000 -0.00000 0 
8.980 20.685 0.00000 -0.00000 0 
11.545 20.685 0.00000 -0.00000 0 
14.111 20.685 0.00000 -0.00000 0 
16.676 20.685 3.87675 0.54214 2 
19.242 20.685 7.75349 1.08429 2 
21.808 20.685 7.00267 0.99196 2 
24.373 20.685 7.06661 1.22671 2 
26.939 20.685 7.12246 1.29106 2 
29.504 20.685 7.30313 1.17992 2 
32.070 20.685 7.24014 1.34775 2 
34.636 20.685 7.40571 1.29519 2 
37.201 20.685 7.55098 1.31702 2 
39.767 20.685 7.48397 1.35152 2 
42.332 20.685 7.78290 1.39612 2 
44.898 20.685 7.60979 1.48043 2 
47.464 20.685 7.91440 1.27302 2 
50.029 20.685 7.84161 1.37910 2 
52.595 20.685 8.23708 1.25569 2 
55.160 20.685 7.75287 1.24698 2 
57.726 20.685 8.32540 1.14592 2 
60.292 20.685 8.13227 1.31949 2 
62.857 20.685 8.40602 1.21013 2 
65.423 20.685 8.68980 1.40216 2 
67.988 20.685 4.25083 0.49240 2 
70.554 20.685 8.88874 1.36500 2 
73.120 20.685 9.05556 1.17967 2 
75.685 20.685 9.17839 1.06145 2 
78.251 20.685 4.63868 0.52525 2 
80.816 20.685 4.72316 0.43070 2 
83.382 20.685 0.00000 -0.00000 0 
85.948 20.685 0.00000 -0.00000 0 
88.513 20.685 0.00000 -0.00000 0 
91.079 20.685 9.55567 0.09148 2 
93.644 20.685 10.23336 0.14986 2 
96.210 20.685 10.00199 -0.39557 2 
98.776 20.685 10.07567 -0.84727 2 
101.341 20.685 10.01531 -1.29437 2 
103.907 20.685 9.83406 -1.82429 2 
106.472 20.685 9.26898 -2.65580 2 
109.038 20.685 8.37886 -2.55766 2 
111.603 20.685 7.50331 -2.50941 2 
114.169 20.685 7.06859 -2.24212 2 
116.735 20.685 7.35152 -2.26637 2 
119.300 20.685 0.00000 -0.00000 0 
-8.980 18.120 7.00576 0.12107 2 
-6.414 18.120 6.88519 0.16616 2 
-3.848 18.120 6.65450 0.28392 2 
-1.283 18.120 6.63560 0.24749 2 
1.283 18.120 6.69675 0.38823 2 
3.848 18.120 6.77051 0.65475 2 
6.414 18.120 0.00000 -0.00000 0 
8.980 18.120 0.00000 -0.00000 0 
11.545 18.120 0.00000 -0.00000 0 
14.111 18.120 0.00000 -0.00000 0 
16.676 18.120 0.09539 0.19467 2 
19.242 18.120 7.60081 1.10344 2 
21.808 18.120 6.79473 1.34397 2 
24.373 18.120 7.06855 1.23795 2 
26.939 18.120 7.10216 1.34107 2 
29.504 18.120 7.18450 1.39105 2 
32.070 18.120 7.25730 1.49821 2 
34.636 18.120 7.34508 1.50512 2 
37.201 18.120 7.57448 1.32863 2 
39.767 18.120 7.54685 1.46687 2 
42.332 18.120 7.70456 1.47391 2 
44.898 18.120 7.92608 1.48830 2 
47.464 18.120 7.91034 1.40339 2 
50.029 18.120 8.03289 1.40775 2 
52.595 18.120 8.73856 1.39026 2 
55.160 18.120 8.40122 1.27133 2 
57.726 18.120 8.66405 1.41878 2 
60.292 18.120 8.52252 1.40405 2 
62.857 18.120 8.68599 1.49071 2 
65.423 18.120 4.34490 0.70108 2 
67.988 18.120 0.00000 -0.00000 0 
70.554 18.120 0.00000 -0.00000 0 
73.120 18.120 0.00000 -0.00000 0 
75.685 18.120 0.00000 -0.00000 0 
78.251 18.120 0.00000 -0.00000 0 
80.816 18.120 0.00000 -0.00000 0 
83.382 18.120 0.00000 -0.00000 0 
85.948 18.120 -0.29678 0.16061 2 
88.513 18.120 0.01769 0.12945 2 
91.079 18.120 1.69327 -0.19155 2 
93.644 18.120 10.59436 0.26144 2 
96.210 18.120 10.50968 -0.18046 2 
98.776 18.120 10.59838 -0.63885 2 
101.341 18.120 11.14660 -1.61771 2 
103.907 18.120 10.53590 -2.54388 2 
106.472 18.120 9.79300 -2.85384 2 
109.038 18.120 8.60470 -3.38828 2 
111.603 18.120 7.41675 -3.52364 2 
114.169 18.120 6.93795 -2.80064 2 
116.735 18.120 6.14413 -2.33324 2 
119.300 18.120 0.00000 -0.00000 0 
-8.980 15.554 6.72640 -0.14773 2 
-6.414 15.554 6.70568 0.00247 2 
-3.848 15.554 6.70962 0.24436 2 
-1.283 15.554 6.47813 0.16370 2 
1.283 15.554 6.58201 0.38879 2 
3.848 15.554 7.03537 0.51050 2 
6.414 15.554 0.00000 -0.00000 0 
8.980 15.554 0.00000 -0.00000 0 
11.545 15.554 0.00000 -0.00000 0 
14.111 15.554 0.00000 -0.00000 0 
16.676 15.554 3.50845 0.64361 2 
19.242 15.554 7.01690 1.28722 2 
21.808 15.554 6.75381 1.32295 2 
24.373 15.554 6.98087 1.53326 2 
26.939 15.554 7.20731 1.52726 2 
29.504 15.554 6.94310 1.51251 2 
32.070 15.554 7.28282 1.47695 2 
34.636 15.554 7.35381 1.46836 2 
37.201 15.554 7.31705 1.71442 2 
39.767 15.554 7.68319 1.44745 2 
42.332 15.554 8.02039 1.40588 2 
44.898 15.554 8.13733 1.49671 2 
47.464 15.554 8.23935 1.54782 2 
50.029 15.554 8.35080 1.53428 2 
52.595 15.554 4.36928 0.69513 2 
55.160 15.554 0.00000 -0.00000 0 
57.726 15.554 0.00000 -0.00000 0 
60.292 15.554 0.00000 -0.00000 0 
62.857 15.554 0.00000 -0.00000 0 
65.423 15.554 0.00000 -0.00000 0 
67.988 15.554 0.00000 -0.00000 0 
70.554 15.554 0.00000 -0.00000 0 
73.120 15.554 0.00000 -0.00000 0 
75.685 15.554 0.00000 -0.00000 0 
78.251 15.554 0.00000 -0.00000 0 
80.816 15.554 -1.22134 -0.35227 2 
83.382 15.554 -1.28107 0.08205 2 
85.948 15.554 -0.59357 0.32122 2 
88.513 15.554 0.03537 0.25891 2 
91.079 15.554 0.77803 0.79803 2 
93.644 15.554 2.54186 0.26997 2 
96.210 15.554 4.14208 0.72579 2 
98.776 15.554 4.68812 -0.75394 2 
101.341 15.554 6.84210 1.12419 2 
103.907 15.554 10.78261 -2.57070 2 
106.472 15.554 10.42693 -3.65890 2 
109.038 15.554 9.26433 -4.58853 2 
111.603 15.554 5.15783 -3.95925 2 
114.169 15.554 5.83295 -3.93872 2 
116.735 15.554 6.35950 -3.01063 2 
119.300 15.554 0.00000 -0.00000 0 
-8.980 12.988 6.60865 -0.16712 2 
-6.414 12.988 6.62313 0.08343 2 
-3.848 12.988 6.62564 -0.07300 2 
-1.283 12.988 6.47274 0.28387 2 
1.283 12.988 6.42728 0.24638 2 
3.848 12.988 6.64869 0.42861 2 
6.414 12.988 0.00000 -0.00000 0 
8.980 12.988 0.00000 -0.00000 0 
11.545 12.988 0.00000 -0.00000 0 
14.111 12.988 0.00000 -0.00000 0 
16.676 12.988 3.78824 0.69565 2 
19.242 12.988 7.57648 1.39130 2 
21.808 12.988 6.77218 1.44845 2 
24.373 12.988 6.74046 1.50471 2 
26.939 12.988 7.08483 1.64945 2 
29.504 12.988 7.27758 1.64579 2 
32.070 12.988 7.59944 1.82714 2 
34.636 12.988 7.73489 1.96997 2 
37.201 12.988 7.72975 1.79415 2 
39.767 12.988 3.84159 0.72373 2 
42.332 12.988 0.00000 -0.00000 0 
44.898 12.988 0.00000 -0.00000 0 
47.464 12.988 0.00000 -0.00000 0 
50.029 12.988 0.00000 -0.00000 0 
52.595 12.988 0.00000 -0.00000 0 
55.160 12.988 0.00000 -0.00000 0 
57.726 12.988 0.00000 -0.00000 0 
60.292 12.988 0.00000 -0.00000 0 
62.857 12.988 0.00000 -0.00000 0 
65.423 12.988 0.00000 -0.00000 0 
67.988 12.988 0.00000 -0.00000 0 
70.554 12.988 0.00000 -0.00000 0 
73.120 12.988 0.00000 -0.00000 0 
75.685 12.988 0.90203 -0.31578 2 
78.251 12.988 -1.28625 -0.73069 2 
80.816 12.988 -2.39857 -0.33906 2 
83.382 12.988 -2.56215 0.16411 2 
85.948 12.988 -3.05797 0.03032 2 
88.513 12.988 -1.56732 0.50666 2 
91.079 12.988 -0.07668 0.98300 2 
93.644 12.988 0.63635 0.88997 2 
96.210 12.988 0.72712 -0.30182 2 
98.776 12.988 -0.06325 1.75732 2 
101.341 12.988 0.70261 1.23850 2 
103.907 12.988 1.46847 0.71967 2 
106.472 12.988 4.67673 -1.64605 2 
109.038 12.988 0.77572 -3.77901 2 
111.603 12.988 2.89890 -4.39486 2 
114.169 12.988 5.02208 -5.01070 2 
116.735 12.988 4.11454 -3.08556 2 
119.300 12.988 0.00000 -0.00000 0 
-8.980 10.423 6.49089 -0.18652 2 
-6.414 10.423 6.53385 -0.20243 2 
-3.848 10.423 6.54132 0.08877 2 
-1.283 10.423 6.36438 -0.01140 2 
1.283 10.423 6.22206 0.18634 2 
3.848 10.423 6.29863 0.27201 2 
6.414 10.423 3.14932 0.13600 2 
8.980 10.423 0.00000 -0.00000 0 
11.545 10.423 0.00000 -0.00000 0 
14.111 10.423 0.00000 -0.00000 0 
16.676 10.423 2.52549 0.46377 2 
19.242 10.423 5.05099 0.92754 2 
21.808 10.423 7.11665 1.67904 2 
24.373 10.423 7.05963 1.73260 2 
26.939 10.423 7.31407 1.93196 2 
29.504 10.423 3.63879 0.82289 2 
32.070 10.423 0.00000 -0.00000 0 
34.636 10.423 0.00000 -0.00000 0 
37.201 10.423 0.00000 -0.00000 0 
39.767 10.423 0.00000 -0.00000 0 
42.332 10.423 0.00000 -0.00000 0 
44.898 10.423 0.00000 -0.00000 0 
47.464 10.423 0.00000 -0.00000 0 
50.029 10.423 0.00000 -0.00000 0 
52.595 10.423 0.00000 -0.00000 0 
55.160 10.423 0.00000 -0.00000 0 
57.726 10.423 0.00000 -0.00000 0 
60.292 10.423 0.00000 -0.00000 0 
62.857 10.423 0.00000 -0.00000 0 
65.423 10.423 0.00000 -0.00000 0 
67.988 10.423 -1.96641 -0.71391 2 
70.554 10.423 -1.22059 -0.54622 2 
73.120 10.423 -2.09314 -0.96280 2 
75.685 10.423 -2.71114 -0.87945 2 
78.251 10.423 -2.17183 -1.38040 2 
80.816 10.423 -3.46118 -0.49141 2 
83.382 10.423 -2.36389 -0.71204 2 
85.948 10.423 -2.92644 0.25386 2 
88.513 10.423 -1.45600 0.91411 2 
91.079 10.423 -0.55333 1.54670 2 
93.644 10.423 -0.21844 2.15162 2 
96.210 10.423 -1.68152 0.06075 2 
98.776 10.423 -2.47373 1.08798 2 
101.341 10.423 -2.02371 0.72256 2 
103.907 10.423 -1.57369 0.35713 2 
106.472 10.423 -1.73488 1.29964 2 
109.038 10.423 -0.45274 -3.85355 2 
111.603 10.423 0.95783 -4.55637 2 
114.169 10.423 2.84108 -5.06763 2 
116.735 10.423 3.74327 -3.15229 2 
119.300 10.423 0.18801 -0.13431 2 
-8.980 7.857 6.74354 -0.19878 2 
-6.414 7.857 6.56839 -0.26562 2 
-3.848 7.857 6.41193 -0.35490 2 
-1.283 7.857 6.22370 -0.08666 2 
1.283 7.857 5.96303 -0.00454 2 
3.848 7.857 6.32322 0.13767 2 
6.414 7.857 3.16161 0.06883 2 
8.980 7.857 0.00000 -0.00000 0 
11.545 7.857 0.00000 -0.00000 0 
14.111 7.857 0.00000 -0.00000 2 
16.676 7.857 1.68366 0.30918 2 
19.242 7.857 2.52549 0.46377 2 
21.808 7.857 0.00000 -0.00000 0 
24.373 7.857 0.00000 -0.00000 0 
26.939 7.857 0.00000 -0.00000 0 
29.504 7.857 0.00000 -0.00000 0 
32.070 7.857 0.00000 -0.00000 0 
34.636 7.857 0.00000 -0.00000 0 
37.201 7.857 0.00000 -0.00000 0 
39.767 7.857 0.00000 -0.00000 0 
42.332 7.857 0.00000 -0.00000 0 
44.898 7.857 0.00000 -0.00000 0 
47.464 7.857 0.00000 -0.00000 0 
50.029 7.857 0.00000 -0.00000 0 
52.595 7.857 0.00000 -0.00000 0 
55.160 7.857 0.00000 -0.00000 0 
57.726 7.857 0.00000 -0.00000 0 
60.292 7.857 -0.39636 -0.11320 2 
62.857 7.857 -0.01046 0.03491 2 
65.423 7.857 -0.48190 -0.10101 2 
67.988 7.857 -3.93282 -1.42782 2 
70.554 7.857 -4.00152 -1.41342 2 
73.120 7.857 -3.52257 -1.32481 2 
75.685 7.857 -2.91530 -2.07182 2 
78.251 7.857 -1.40604 -2.00077 2 
80.816 7.857 -3.12619 -0.47237 2 
83.382 7.857 -2.48319 0.39116 2 
85.948 7.857 -0.79385 0.79923 2 
88.513 7.857 -1.36487 1.50547 2 
91.079 7.857 -1.65939 1.12990 2 
93.644 7.857 -1.63920 1.24458 2 
96.210 7.857 -4.09016 0.42332 2 
98.776 7.857 -2.66455 1.23726 2 
101.341 7.857 -2.18065 0.75616 2 
103.907 7.857 -1.93027 -0.06216 2 
106.472 7.857 -2.12076 0.00147 2 
109.038 7.857 -1.68121 -3.92809 2 
111.603 7.857 -0.74330 -4.82248 2 
114.169 7.857 0.79398 -4.68973 2 
116.735 7.857 0.39435 -0.80691 2 
119.300 7.857 -0.15647 0.58299 2 
-8.980 5.292 6.82106 -0.38684 2 
-6.414 5.292 6.29020 -0.33553 2 
-3.848 5.292 6.33338 -0.42710 2 
-1.283 5.292 5.98003 -0.25266 2 
1.283 5.292 6.06968 -0.23301 2 
3.848 5.292 6.63513 0.08244 2 
6.414 5.292 3.31756 0.04122 2 
8.980 5.292 0.00000 -0.00000 0 
11.545 5.292 0.00000 -0.00000 0 
14.111 5.292 0.00000 -0.00000 0 
16.676 5.292 0.00000 -0.00000 0 
19.242 5.292 0.00000 -0.00000 0 
21.808 5.292 0.00000 -0.00000 0 
24.373 5.292 0.00000 -0.00000 0 
26.939 5.292 0.00000 -0.00000 0 
29.504 5.292 0.00000 -0.00000 0 
32.070 5.292 0.00000 -0.00000 0 
34.636 5.292 0.00000 -0.00000 0 
37.201 5.292 0.00000 -0.00000 0 
39.767 5.292 0.00000 -0.00000 0 
42.332 5.292 0.00000 -0.00000 0 
44.898 5.292 0.00000 -0.00000 0 
47.464 5.292 0.00000 -0.00000 0 
50.029 5.292 0.00000 -0.00000 0 
52.595 5.292 -0.17661 -0.11980 2 
55.160 5.292 -0.62644 -0.26900 2 
57.726 5.292 -0.33484 -0.32202 2 
60.292 5.292 -0.79272 -0.22641 2 
62.857 5.292 -2.57043 -1.02274 2 
65.423 5.292 -3.09594 -1.78133 2 
67.988 5.292 -3.32939 -0.91482 2 
70.554 5.292 -2.59075 -0.47635 2 
73.120 5.292 -1.82140 -1.28485 2 
75.685 5.292 -1.01686 -2.16919 2 
78.251 5.292 -0.64025 -2.62113 2 
80.816 5.292 -1.51799 -1.69223 2 
83.382 5.292 -1.08743 0.64880 2 
85.948 5.292 -0.70269 1.15101 2 
88.513 5.292 -0.68755 1.15331 2 
91.079 5.292 -1.87376 0.74542 2 
93.644 5.292 -3.05996 0.33753 2 
96.210 5.292 -3.12384 0.63810 2 
98.776 5.292 -2.85536 1.38653 2 
101.341 5.292 -1.47894 0.29174 2 
103.907 5.292 -2.28686 -0.48145 2 
106.472 5.292 -2.50664 -1.29670 2 
109.038 5.292 -2.17258 -1.85164 2 
111.603 5.292 -1.11678 -2.70572 2 
114.169 5.292 -0.24654 -2.16745 2 
116.735 5.292 -0.16142 -0.44546 2 
119.300 5.292 -0.04593 0.31279 2 
-8.980 2.726 6.69628 -0.44254 2 
-6.414 2.726 6.49667 -0.45230 2 
-3.848 2.726 6.45079 -0.55557 2 
-1.283 2.726 6.08922 -0.58092 2 
1.283 2.726 5.95346 -0.53346 2 
3.848 2.726 5.83423 -0.23063 2 
6.414 2.726 0.00000 -0.00000 0 
8.980 2.726 0.00000 -0.00000 0 
11.545 2.726 0.00000 -0.00000 0 
14.111 2.726 0.00000 -0.00000 0 
16.676 2.726 0.00000 -0.00000 0 
19.242 2.726 0.00000 -0.00000 0 
21.808 2.726 0.00000 -0.00000 0 
24.373 2.726 0.00000 -0.00000 0 
26.939 2.726 0.00000 -0.00000 0 
29.504 2.726 0.00000 -0.00000 0 
32.070 2.726 0.00000 -0.00000 0 
34.636 2.726 0.00000 -0.00000 0 
37.201 2.726 0.00000 -0.00000 0 
39.767 2.726 0.00000 -0.00000 0 
42.332 2.726 0.00000 -0.00000 0 
44.898 2.726 0.00000 -0.00000 0 
47.464 2.726 -0.22755 -0.10665 2 
50.029 2.726 -0.53491 -0.07959 2 
52.595 2.726 -0.56758 -0.07148 2 
55.160 2.726 -1.88824 -0.73240 2 
57.726 2.726 -2.88641 -1.25592 2 
60.292 2.726 -3.29582 -0.95820 2 
62.857 2.726 -3.35670 -1.18009 2 
65.423 2.726 -2.64007 -1.57348 2 
67.988 2.726 -2.14655 -1.15436 2 
70.554 2.726 -3.65143 -1.99448 2 
73.120 2.726 -2.67933 -2.15297 2 
75.685 2.726 -1.50708 -1.92846 2 
78.251 2.726 -0.85429 -2.67233 2 
80.816 2.726 0.13605 -0.22597 2 
83.382 2.726 0.14408 0.60509 2 
85.948 2.726 -0.42005 0.98767 2 
88.513 2.726 -0.01022 0.80114 2 
91.079 2.726 -1.64029 0.86998 2 
93.644 2.726 -4.42171 0.45818 2 
96.210 2.726 -3.32155 0.80582 2 
98.776 2.726 -2.22139 1.15346 2 
101.341 2.726 -2.28795 1.77128 2 
103.907 2.726 -2.37981 0.51195 2 
106.472 2.726 -2.61507 -0.84198 2 
109.038 2.726 -2.66395 0.22480 2 
111.603 2.726 -1.49026 -0.58897 2 
114.169 2.726 -0.91889 -0.93271 2 
116.735 2.726 -0.42713 -0.44506 2 
119.300 2.726 0.06462 0.04259 2 
-8.980 0.160 6.68435 -0.67327 2 
-6.414 0.160 6.52756 -0.61048 2 
-3.848 0.160 6.24464 -0.79218 2 
-1.283 0.160 6.19103 -0.66523 2 
1.283 0.160 6.19926 -0.79073 2 
3.848 0.160 0.00000 -0.00000 0 
6.414 0.160 0.00000 -0.00000 0 
8.980 0.160 0.00000 -0.00000 0 
11.545 0.160 0.00000 -0.00000 0 
14.111 0.160 0.00000 -0.00000 0 
16.676 0.160 0.00000 -0.00000 0 
19.242 0.160 0.00000 -0.00000 0 
21.808 0.160 0.00000 -0.00000 0 
24.373 0.160 0.00000 -0.00000 0 
26.939 0.160 0.00000 -0.00000 0 
29.504 0.160 0.00000 -0.00000 0 
32.070 0.160 0.00000 -0.00000 0 
34.636 0.160 0.00000 -0.00000 0 
37.201 0.160 0.00000 -0.00000 0 
39.767 0.160 -0.55615 0.02705 2 
42.332 0.160 -0.36666 0.07078 2 
44.898 0.160 -0.48502 -0.28297 2 
47.464 0.160 -1.25858 -0.13862 2 
50.029 0.160 -1.58140 -0.86764 2 
52.595 0.160 -1.45721 -1.26057 2 
55.160 0.160 -2.26165 -1.06441 2 
57.726 0.160 -2.49404 -1.10242 2 
60.292 0.160 -2.25005 -0.54199 2 
62.857 0.160 -2.86530 -1.14001 2 
65.423 0.160 -3.05345 -1.34583 2 
67.988 0.160 -3.39986 -1.74193 2 
70.554 0.160 -3.02396 -2.08652 2 
73.120 0.160 -2.30658 -2.55936 2 
75.685 0.160 -1.20968 -2.37102 2 
78.251 0.160 -0.60762 -1.70829 2 
80.816 0.160 1.15431 0.21324 2 
83.382 0.160 1.37560 0.56138 2 
85.948 0.160 0.10168 0.31640 2 
88.513 0.160 0.19555 0.53256 2 
91.079 0.160 0.09174 0.59285 2 
93.644 0.160 0.05394 0.18384 2 
96.210 0.160 -1.78576 0.29550 2 
98.776 0.160 -1.82737 0.43395 2 
101.341 0.160 -2.55045 1.18287 2 
103.907 0.160 -2.47277 1.50536 2 
106.472 0.160 -2.72351 -0.38726 2 
109.038 0.160 -2.31189 -0.56485 2 
111.603 0.160 -1.54047 -0.71177 2 
114.169 0.160 -0.98271 -0.82448 2 
116.735 0.160 0.60523 -1.16575 2 
119.300 0.160 0.31426 -0.42785 2 
-8.980 -2.405 6.77897 -0.74419 2 
-6.414 -2.405 6.80095 -0.84358 2 
-3.848 -2.405 6.38998 -0.76329 2 
-1.283 -2.405 6.20962 -0.85182 2 
1.283 -2.405 0.00000 -0.00000 0 
3.848 -2.405 0.00000 -0.00000 0 
6.414 -2.405 0.00000 -0.00000 0 
8.980 -2.405 0.00000 -0.00000 0 
11.545 -2.405 0.00000 -0.00000 0 
14.111 -2.405 0.00000 -0.00000 0 
16.676 -2.405 0.00000 -0.00000 0 
19.242 -2.405 0.00000 -0.00000 0 
21.808 -2.405 0.00000 -0.00000 0 
24.373 -2.405 0.00000 -0.00000 0 
26.939 -2.405 0.00000 -0.00000 0 
29.504 -2.405 0.00000 -0.00000 0 
32.070 -2.405 -0.30324 -0.06999 2 
34.636 -2.405 -0.60649 -0.13998 2 
37.201 -2.405 -0.48679 -0.23837 2 
39.767 -2.405 -0.91857 -0.32433 2 
42.332 -2.405 -1.19690 -0.64002 2 
44.898 -2.405 -2.16162 -0.89063 2 
47.464 -2.405 -1.40421 -0.90321 2 
50.029 -2.405 -1.44128 -0.65156 2 
52.595 -2.405 -2.20215 -1.45549 2 
55.160 -2.405 -2.63507 -1.39641 2 
57.726 -2.405 -1.96731 -0.97320 2 
60.292 -2.405 -1.72128 -0.83062 2 
62.857 -2.405 -1.94131 -1.69276 2 
65.423 -2.405 -2.66219 -1.55865 2 
67.988 -2.405 -2.56792 -1.44565 2 
70.554 -2.405 -2.76030 -1.99914 2 
73.120 -2.405 -2.10485 -1.58918 2 
75.685 -2.405 -1.37303 -1.86992 2 
78.251 -2.405 0.73153 -1.48499 2 
80.816 -2.405 1.57624 -0.10460 2 
83.382 -2.405 1.67460 0.29468 2 
85.948 -2.405 0.84145 0.51276 2 
88.513 -2.405 0.98313 1.01425 2 
91.079 -2.405 1.17347 0.92891 2 
93.644 -2.405 1.05563 0.18311 2 
96.210 -2.405 -0.24997 -0.21481 2 
98.776 -2.405 -0.14542 0.23871 2 
101.341 -2.405 -0.96205 0.42543 2 
103.907 -2.405 0.85165 1.18551 2 
106.472 -2.405 -0.17261 0.06847 2 
109.038 -2.405 0.25617 -0.11640 2 
111.603 -2.405 1.13803 -0.53434 2 
114.169 -2.405 0.32296 0.06186 2 
116.735 -2.405 1.79205 0.00992 2 
119.300 -2.405 0.31426 0.39796 2 
-8.980 -4.971 6.75509 -0.77230 2 
-6.414 -4.971 6.66486 -0.81460 2 
-3.848 -4.971 6.39961 -1.07702 2 
-1.283 -4.971 6.42876 -1.09149 2 
1.283 -4.971 0.00000 -0.00000 0 
3.848 -4.971 0.00000 -0.00000 0 
6.414 -4.971 0.00000 -0.00000 0 
8.980 -4.971 0.00000 -0.00000 0 
11.545 -4.971 0.00000 -0.00000 0 
14.111 -4.971 0.00000 -0.00000 0 
16.676 -4.971 0.00000 -0.00000 0 
19.242 -4.971 0.00000 -0.00000 0 
21.808 -4.971 0.00000 -0.00000 0 
24.373 -4.971 -0.44585 -0.17798 2 
26.939 -4.971 -0.73716 -0.12469 2 
29.504 -4.971 -0.78232 -0.12621 2 
32.070 -4.971 -1.09173 -0.11452 2 
34.636 -4.971 -1.73597 -0.01076 2 
37.201 -4.971 -1.78998 -0.07338 2 
39.767 -4.971 -1.29605 -0.76577 2 
42.332 -4.971 -1.38487 -0.77693 2 
44.898 -4.971 -1.80646 -1.07477 2 
47.464 -4.971 -1.56405 -0.94273 2 
50.029 -4.971 -1.88075 -1.62688 2 
52.595 -4.971 -1.48302 -1.19130 2 
55.160 -4.971 -2.18084 -0.89427 2 
57.726 -4.971 -2.30544 -0.87847 2 
60.292 -4.971 -2.75903 -1.36468 2 
62.857 -4.971 -2.78964 -1.87612 2 
65.423 -4.971 -1.88329 -1.87121 2 
67.988 -4.971 -2.45598 -1.70660 2 
70.554 -4.971 -2.24526 -1.32359 2 
73.120 -4.971 -2.38979 -0.91810 2 
75.685 -4.971 -0.29917 -1.12790 2 
78.251 -4.971 1.15674 -0.82397 2 
80.816 -4.971 1.05031 1.28782 2 
83.382 -4.971 2.56537 0.39662 2 
85.948 -4.971 1.58123 0.70912 2 
88.513 -4.971 2.60093 0.75905 2 
91.079 -4.971 2.66457 0.93707 2 
93.644 -4.971 3.27302 0.90458 2 
96.210 -4.971 2.35314 -0.14324 2 
98.776 -4.971 4.23983 -0.03995 2 
101.341 -4.971 6.12651 0.06333 2 
103.907 -4.971 4.17607 0.86566 2 
106.472 -4.971 2.39740 0.27671 2 
109.038 -4.971 1.18452 -0.41256 2 
111.603 -4.971 3.81653 -0.35692 2 
114.169 -4.971 1.35111 0.84677 2 
116.735 -4.971 3.21619 1.50378 2 
119.300 -4.971 0.08017 0.60022 2 
-8.980 -7.536 6.90518 -0.97224 2 
-6.414 -7.536 6.88051 -1.09030 2 
-3.848 -7.536 6.70375 -1.04991 2 
-1.283 -7.536 6.47023 -1.37297 2 
1.283 -7.536 6.53629 -1.51276 2 
3.848 -7.536 0.00000 -0.00000 0 
6.414 -7.536 5.18499 -2.96748 2 
8.980 -7.536 3.83038 -1.33962 2 
11.545 -7.536 3.79256 -1.75029 2 
14.111 -7.536 0.46792 -0.84253 2 
16.676 -7.536 5.01984 -1.53460 2 
19.242 -7.536 -0.06592 0.30499 2 
21.808 -7.536 -0.30906 -0.46255 2 
24.373 -7.536 -0.89169 -0.35597 2 
26.939 -7.536 -1.47432 -0.24938 2 
29.504 -7.536 -1.56464 -0.25242 2 
32.070 -7.536 -1.88021 -0.15904 2 
34.636 -7.536 -2.19577 -0.06567 2 
37.201 -7.536 -1.25303 0.30084 2 
39.767 -7.536 -1.99322 -0.78067 2 
42.332 -7.536 -1.57285 -0.91385 2 
44.898 -7.536 -1.15922 -0.60652 2 
47.464 -7.536 -1.72390 -0.98225 2 
50.029 -7.536 -2.19107 -1.45537 2 
52.595 -7.536 -0.76389 -0.92712 2 
55.160 -7.536 -0.70275 -1.76856 2 
57.726 -7.536 -1.06310 -1.32647 2 
60.292 -7.536 -0.98980 -1.12756 2 
62.857 -7.536 -0.89117 -1.08597 2 
65.423 -7.536 -1.44066 -1.35358 2 
67.988 -7.536 -1.15949 -1.41980 2 
70.554 -7.536 0.22521 -1.07914 2 
73.120 -7.536 -0.04705 -1.44510 2 
75.685 -7.536 0.77469 -0.38589 2 
78.251 -7.536 1.58196 -0.16295 2 
80.816 -7.536 1.95178 0.29798 2 
83.382 -7.536 3.45615 0.49855 2 
85.948 -7.536 4.55495 0.89916 2 
88.513 -7.536 3.83039 0.91882 2 
91.079 -7.536 4.15567 0.94524 2 
93.644 -7.536 4.14867 0.58309 2 
96.210 -7.536 5.10670 0.87665 2 
98.776 -7.536 4.69152 0.06579 2 
101.341 -7.536 5.43166 0.24677 2 
103.907 -7.536 5.31393 0.77682 2 
106.472 -7.536 4.96740 0.48496 2 
109.038 -7.536 2.59620 0.39752 2 
111.603 -7.536 2.52895 0.34656 2 
114.169 -7.536 2.37925 1.63169 2 
116.735 -7.536 4.64034 2.99764 2 
119.300 -7.536 0.21994 3.34937 2 
-8.980 -10.102 7.09689 -0.96621 2 
-6.414 -10.102 6.93212 -0.84047 2 
-3.848 -10.102 6.87920 -1.26629 2 
-1.283 -10.102 6.81863 -1.36486 2 
1.283 -10.102 6.67378 -1.62008 2 
3.848 -10.102 6.74733 -2.24759 2 
6.414 -10.102 7.08244 -2.74685 2 
8.980 -10.102 7.66076 -2.67925 2 
11.545 -10.102 7.58511 -3.50057 2 
14.111 -10.102 9.09729 -3.32513 2 
16.676 -10.102 10.03968 -3.06920 2 
19.242 -10.102 3.87862 -1.26132 2 
21.808 -10.102 -0.07386 -0.30436 2 
24.373 -10.102 3.72495 -0.00279 2 
26.939 -10.102 0.83124 -0.63922 2 
29.504 -10.102 -0.17578 -0.07961 2 
32.070 -10.102 -0.87150 -0.62547 2 
34.636 -10.102 0.84114 -0.20178 2 
37.201 -10.102 1.54644 0.09031 2 
39.767 -10.102 -1.34312 -1.26116 2 
42.332 -10.102 -1.37319 -1.69237 2 
44.898 -10.102 -1.73896 -0.45389 2 
47.464 -10.102 -1.68983 -1.45790 2 
50.029 -10.102 -1.00346 -1.19962 2 
52.595 -10.102 -0.79367 -0.95139 2 
55.160 -10.102 -0.38437 -1.57325 2 
57.726 -10.102 -0.06479 -1.45995 2 
60.292 -10.102 0.25479 -1.34665 2 
62.857 -10.102 0.13790 -1.12970 2 
65.423 -10.102 0.70937 -1.04158 2 
67.988 -10.102 0.22583 -0.95318 2 
70.554 -10.102 1.75392 0.03676 2 
73.120 -10.102 1.93155 -0.62037 2 
75.685 -10.102 1.73594 -0.82586 2 
78.251 -10.102 3.25748 -1.37893 2 
80.816 -10.102 2.85325 -0.69186 2 
83.382 -10.102 4.51571 0.33743 2 
85.948 -10.102 4.47526 -0.40504 2 
88.513 -10.102 5.34308 -0.07425 2 
91.079 -10.102 5.56301 0.65475 2 
93.644 -10.102 5.02432 0.26160 2 
96.210 -10.102 5.60575 -0.12130 2 
98.776 -10.102 4.67377 -0.54086 2 
101.341 -10.102 4.73681 0.43021 2 
103.907 -10.102 5.49343 -0.17610 2 
106.472 -10.102 6.25006 -0.78241 2 
109.038 -10.102 3.51546 -0.49493 2 
111.603 -10.102 4.68355 -0.06639 2 
114.169 -10.102 5.45448 3.38772 2 
116.735 -10.102 8.16060 4.36462 2 
119.300 -10.102 0.00000 -0.00000 0 
-8.980 -12.668 7.22836 -1.03728 2 
-6.414 -12.668 7.03856 -1.02689 2 
-3.848 -12.668 7.16416 -1.22006 2 
-1.283 -12.668 6.95765 -1.55894 2 
1.283 -12.668 7.10605 -1.81309 2 
3.848 -12.668 7.22598 -1.98961 2 
6.414 -12.668 7.10793 -2.39721 2 
8.980 -12.668 7.48397 -2.78236 2 
11.545 -12.668 8.27344 -2.90856 2 
14.111 -12.668 8.45835 -2.65164 2 
16.676 -12.668 8.76097 -2.54924 2 
19.242 -12.668 6.38923 -1.78105 2 
21.808 -12.668 9.86041 -2.34011 2 
24.373 -12.668 8.43027 -2.09191 2 
26.939 -12.668 6.92296 -0.83677 2 
29.504 -12.668 9.93517 -1.55159 2 
32.070 -12.668 4.78752 -0.20409 2 
34.636 -12.668 5.15663 -0.54570 2 
37.201 -12.668 4.34590 -0.12023 2 
39.767 -12.668 2.09276 -1.44965 2 
42.332 -12.668 2.67169 -1.93335 2 
44.898 -12.668 2.30829 -1.57305 2 
47.464 -12.668 0.61754 -0.25013 2 
50.029 -12.668 2.17759 -0.69406 2 
52.595 -12.668 0.68373 -1.75749 2 
55.160 -12.668 1.93953 -1.48588 2 
57.726 -12.668 2.21142 -1.42197 2 
60.292 -12.668 1.49939 -1.56574 2 
62.857 -12.668 3.15478 -0.22651 2 
65.423 -12.668 2.51125 -0.33311 2 
67.988 -12.668 2.70620 -0.26637 2 
70.554 -12.668 3.28263 1.15266 2 
73.120 -12.668 2.53895 0.73825 2 
75.685 -12.668 3.40455 1.12426 2 
78.251 -12.668 3.64258 1.22532 2 
80.816 -12.668 1.68271 -0.43986 2 
83.382 -12.668 4.63891 -0.10644 2 
85.948 -12.668 5.38592 -0.36689 2 
88.513 -12.668 6.62665 -0.12089 2 
91.079 -12.668 5.87604 -0.56646 2 
93.644 -12.668 6.28592 0.59470 2 
96.210 -12.668 7.18974 -0.48568 2 
98.776 -12.668 7.84550 0.15414 2 
101.341 -12.668 6.71003 0.44162 2 
103.907 -12.668 6.98894 0.48521 2 
106.472 -12.668 6.44166 -0.69246 2 
109.038 -12.668 7.22860 -0.09148 2 
111.603 -12.668 6.83508 -0.38456 2 
114.169 -12.668 8.40063 3.45311 2 
116.735 -12.668 8.35135 4.52965 2 
119.300 -12.668 0.00000 -0.00000 0 
-8.980 -15.233 7.05243 -0.98514 2 
-6.414 -15.233 7.04224 -1.09674 2 
-3.848 -15.233 7.09460 -1.26590 2 
-1.283 -15.233 7.14245 -1.48556 2 
1.283 -15.233 7.08349 -1.77559 2 
3.848 -15.233 7.26216 -2.15389 2 
6.414 -15.233 7.50799 -2.21056 2 
8.980 -15.233 7.74845 -2.31921 2 
11.545 -15.233 8.13125 -2.44124 2 
14.111 -15.233 8.52233 -2.34956 2 
16.676 -15.233 8.78043 -2.37433 2 
19.242 -15.233 8.89983 -2.30078 2 
21.808 -15.233 8.98050 -2.17808 2 
24.373 -15.233 9.33706 -1.91272 2 
26.939 -15.233 9.64109 -1.70180 2 
29.504 -15.233 9.68483 -1.65496 2 
32.070 -15.233 9.86973 -1.34684 2 
34.636 -15.233 9.47213 -0.88962 2 
37.201 -15.233 9.14056 -1.02036 2 
39.767 -15.233 5.63368 -1.61921 2 
42.332 -15.233 6.27992 -1.74233 2 
44.898 -15.233 6.69070 -0.84676 2 
47.464 -15.233 5.42103 -0.39777 2 
50.029 -15.233 5.97800 -0.70810 2 
52.595 -15.233 4.78937 -1.45963 2 
55.160 -15.233 5.15430 -1.29327 2 
57.726 -15.233 5.51924 -1.12691 2 
60.292 -15.233 4.77199 -0.10742 2 
62.857 -15.233 7.98664 0.36166 2 
65.423 -15.233 7.46558 0.17360 2 
67.988 -15.233 7.90220 -0.61383 2 
70.554 -15.233 5.54678 1.10776 2 
73.120 -15.233 5.70646 1.00830 2 
75.685 -15.233 9.62213 1.06408 2 
78.251 -15.233 6.66957 0.64506 2 
80.816 -15.233 6.35926 0.57730 2 
83.382 -15.233 4.76210 -0.55030 2 
85.948 -15.233 6.29657 -0.32873 2 
88.513 -15.233 7.93208 -0.04676 2 
91.079 -15.233 7.13660 0.64156 2 
93.644 -15.233 8.05291 -0.38815 2 
96.210 -15.233 7.94922 -0.17404 2 
98.776 -15.233 8.54076 0.03173 2 
101.341 -15.233 8.68326 0.45303 2 
103.907 -15.233 9.78836 1.71789 2 
106.472 -15.233 8.80210 0.74237 2 
109.038 -15.233 8.68918 0.97005 2 
111.603 -15.233 9.33199 2.19478 2 
114.169 -15.233 9.42774 3.66576 2 
116.735 -15.233 9.68806 3.57048 2 
119.300 -15.233 0.00000 -0.00000 0 
-8.980 -17.799 7.16797 -1.05714 2 
-6.414 -17.799 7.29886 -1.20193 2 
-3.848 -17.799 7.26881 -1.18897 2 
-1.283 -17.799 7.35045 -1.39336 2 
1.283 -17.799 7.40317 -1.62289 2 
3.848 -17.799 7.45342 -1.67960 2 
6.414 -17.799 7.48923 -1.96190 2 
8.980 -17.799 7.85336 -2.12453 2 
11.545 -17.799 8.17715 -2.26367 2 
14.111 -17.799 8.43706 -2.21813 2 
16.676 -17.799 8.69153 -2.21647 2 
19.242 -17.799 8.78440 -1.93232 2 
21.808 -17.799 8.89605 -1.90277 2 
24.373 -17.799 9.11185 -1.75250 2 
26.939 -17.799 9.07274 -1.64864 2 
29.504 -17.799 9.33788 -1.53505 2 
32.070 -17.799 9.39119 -1.40091 2 
34.636 -17.799 9.12428 -1.20874 2 
37.201 -17.799 9.16674 -1.54736 2 
39.767 -17.799 9.17460 -1.78878 2 
42.332 -17.799 9.88814 -1.55132 2 
44.898 -17.799 10.41177 -1.14799 2 
47.464 -17.799 10.22453 -0.54542 2 
50.029 -17.799 9.77841 -0.72213 2 
52.595 -17.799 8.89500 -1.16176 2 
55.160 -17.799 10.47409 -1.01281 2 
57.726 -17.799 10.56578 0.13031 2 
60.292 -17.799 9.11790 0.35222 2 
62.857 -17.799 9.17608 0.14259 2 
65.423 -17.799 9.94308 0.10263 2 
67.988 -17.799 10.45612 0.77541 2 
70.554 -17.799 11.04328 0.77272 2 
73.120 -17.799 8.87398 1.27834 2 
75.685 -17.799 9.61814 1.07395 2 
78.251 -17.799 9.02177 1.03210 2 
80.816 -17.799 9.08767 0.46556 2 
83.382 -17.799 9.16137 0.39578 2 
85.948 -17.799 9.20973 0.11276 2 
88.513 -17.799 9.23752 0.02738 2 
91.079 -17.799 8.31773 0.72069 2 
93.644 -17.799 9.36850 0.42768 2 
96.210 -17.799 9.99098 0.96537 2 
98.776 -17.799 9.34843 0.39562 2 
101.341 -17.799 10.23947 1.50512 2 
103.907 -17.799 10.61966 1.46270 2 
106.472 -17.799 9.83904 1.38274 2 
109.038 -17.799 10.14976 2.03158 2 
111.603 -17.799 9.81932 2.40609 2 
114.169 -17.799 9.30491 2.64890 2 
116.735 -17.799 9.00609 2.76719 2 
119.300 -17.799 0.00000 -0.00000 0 
-8.980 -20.364 7.36780 -1.12635 2 
-6.414 -20.364 7.38372 -1.01019 2 
-3.848 -20.364 7.31566 -1.19672 2 
-1.283 -20.364 7.38053 -1.46813 2 
1.283 -20.364 7.49452 -1.41483 2 
3.848 -20.364 7.51099 -1.70926 2 
6.414 -20.364 7.80959 -1.79810 2 
8.980 -20.364 7.85823 -1.86987 2 
11.545 -20.364 8.20715 -1.96619 2 
14.111 -20.364 8.35266 -2.01212 2 
16.676 -20.364 8.76622 -1.79442 2 
19.242 -20.364 8.84985 -1.88252 2 
21.808 -20.364 8.93543 -1.72504 2 
24.373 -20.364 8.88346 -1.69150 2 
26.939 -20.364 8.91305 -1.49722 2 
29.504 -20.364 9.10445 -1.37700 2 
32.070 -20.364 9.10564 -1.42549 2 
34.636 -20.364 9.33608 -1.26708 2 
37.201 -20.364 9.19071 -1.23973 2 
39.767 -20.364 9.57251 -1.36112 2 
42.332 -20.364 9.82484 -1.26577 2 
44.898 -20.364 9.95582 -0.86911 2 
47.464 -20.364 9.75344 -0.79107 2 
50.029 -20.364 9.72796 -0.80756 2 
52.595 -20.364 9.61925 -0.86295 2 
55.160 -20.364 9.94484 -0.79431 2 
57.726 -20.364 10.08041 -0.39308 2 
60.292 -20.364 10.21288 -0.18049 2 
62.857 -20.364 10.36552 -0.07647 2 
65.423 -20.364 10.18985 0.01304 2 
67.988 -20.364 10.56517 0.28606 2 
70.554 -20.364 10.19156 0.69485 2 
73.120 -20.364 10.40692 0.93133 2 
75.685 -20.364 9.61414 1.08382 2 
78.251 -20.364 9.10424 0.93641 2 
80.816 -20.364 8.93052 0.74759 2 
83.382 -20.364 9.04999 0.54613 2 
85.948 -20.364 9.14959 0.43125 2 
88.513 -20.364 9.54224 0.58833 2 
91.079 -20.364 9.85429 0.34513 2 
93.644 -20.364 9.55125 0.58152 2 
96.210 -20.364 9.81389 0.87828 2 
98.776 -20.364 10.15610 0.75951 2 
101.341 -20.364 10.01814 1.23091 2 
103.907 -20.364 9.96849 1.23889 2 
106.472 -20.364 9.91221 1.78659 2 
109.038 -20.364 9.71723 1.97523 2 
111.603 -20.364 9.22268 2.09823 2 
114.169 -20.364 9.21607 2.28419 2 
116.735 -20.364 8.98039 2.27029 2 
119.300 -20.364 0.00000 -0.00000 0 
-8.980 -22.930 7.15678 -0.93333 2 
-6.414 -22.930 7.39338 -1.06232 2 
-3.848 -22.930 7.56580 -1.13245 2 
-1.283 -22.930 7.58325 -1.12427 2 
1.283 -22.930 7.74910 -1.45848 2 
3.848 -22.930 7.76310 -1.45793 2 
6.414 -22.930 7.79757 -1.68176 2 
8.980 -22.930 7.98635 -1.70184 2 
11.545 -22.930 8.24441 -1.67586 2 
14.111 -22.930 8.45182 -1.77875 2 
16.676 -22.930 8.48720 -1.67369 2 
19.242 -22.930 8.83856 -1.70422 2 
21.808 -22.930 8.86105 -1.53523 2 
24.373 -22.930 8.80526 -1.57575 2 
26.939 -22.930 9.01601 -1.34968 2 
29.504 -22.930 9.07449 -1.45537 2 
32.070 -22.930 9.13110 -1.35865 2 
34.636 -22.930 9.24801 -1.34904 2 
37.201 -22.930 9.28510 -1.06445 2 
39.767 -22.930 9.36673 -1.17430 2 
42.332 -22.930 9.43992 -1.03971 2 
44.898 -22.930 9.46353 -0.87014 2 
47.464 -22.930 9.58466 -0.97645 2 
50.029 -22.930 9.67876 -0.70519 2 
52.595 -22.930 9.82958 -0.70005 2 
55.160 -22.930 9.82836 -0.41304 2 
57.726 -22.930 9.85139 -0.61780 2 
60.292 -22.930 9.77617 -0.35273 2 
62.857 -22.930 9.90051 -0.22949 2 
65.423 -22.930 9.91793 -0.00891 2 
67.988 -22.930 10.11682 0.21825 2 
70.554 -22.930 10.05220 0.57290 2 
73.120 -22.930 9.94811 0.62994 2 
75.685 -22.930 9.53303 0.78444 2 
78.251 -22.930 9.40932 0.77897 2 
80.816 -22.930 9.19324 0.67916 2 
83.382 -22.930 9.35788 0.56293 2 
85.948 -22.930 9.21220 0.67065 2 
88.513 -22.930 9.34363 0.51847 2 
91.079 -22.930 9.58291 0.57324 2 
93.644 -22.930 9.73399 0.73536 2 
96.210 -22.930 9.63950 0.75689 2 
98.776 -22.930 9.97515 1.10760 2 
101.341 -22.930 9.98499 1.11904 2 
103.907 -22.930 9.58121 1.46940 2 
106.472 -22.930 9.72204 1.56413 2 
109.038 -22.930 9.06497 1.57603 2 
111.603 -22.930 9.33456 1.95243 2 
114.169 -22.930 8.90329 2.02069 2 
116.735 -22.930 8.72581 2.17282 2 
119.300 -22.930 0.00000 -0.00000 0 
-8.980 -25.496 7.26451 -0.99071 2 
-6.414 -25.496 7.52341 -1.17994 2 
-3.848 -25.496 7.45480 -1.08798 2 
-1.283 -25.496 7.66572 -1.29701 2 
1.283 -25.496 7.76337 -1.39947 2 
3.848 -25.496 7.71161 -1.32949 2 
6.414 -25.496 8.11068 -1.36392 2 
8.980 -25.496 8.03646 -1.48761 2 
11.545 -25.496 8.29824 -1.55504 2 
14.111 -25.496 8.43679 -1.49453 2 
16.676 -25.496 8.58472 -1.74525 2 
19.242 -25.496 8.70349 -1.56145 2 
21.808 -25.496 8.82168 -1.52213 2 
24.373 -25.496 8.88111 -1.41191 2 
26.939 -25.496 8.94664 -1.37622 2 
29.504 -25.496 9.01803 -1.23865 2 
32.070 -25.496 9.08721 -1.27133 2 
34.636 -25.496 9.10879 -1.10983 2 
37.201 -25.496 9.23130 -1.18122 2 
39.767 -25.496 9.28145 -1.04765 2 
42.332 -25.496 9.48016 -1.02491 2 
44.898 -25.496 9.47157 -0.94481 2 
47.464 -25.496 9.62328 -0.72847 2 
50.029 -25.496 9.64897 -0.74347 2 
52.595 -25.496 9.51970 -0.70193 2 
55.160 -25.496 9.67842 -0.63465 2 
57.726 -25.496 9.38299 -0.38878 2 
60.292 -25.496 9.69243 -0.42056 2 
62.857 -25.496 9.77563 -0.34666 2 
65.423 -25.496 9.80440 -0.07274 2 
67.988 -25.496 9.72966 0.15838 2 
70.554 -25.496 9.80359 0.26673 2 
73.120 -25.496 9.62302 0.47879 2 
75.685 -25.496 9.52453 0.58025 2 
78.251 -25.496 9.26712 0.66653 2 
80.816 -25.496 9.52940 0.28890 2 
83.382 -25.496 9.13131 0.50130 2 
85.948 -25.496 9.35686 0.52040 2 
88.513 -25.496 9.31437 0.52948 2 
91.079 -25.496 9.47008 0.65347 2 
93.644 -25.496 9.62083 0.72175 2 
96.210 -25.496 9.51485 0.66839 2 
98.776 -25.496 9.43871 0.66731 2 
101.341 -25.496 9.71180 1.12194 2 
103.907 -25.496 9.58592 1.16789 2 
106.472 -25.496 9.52163 1.38459 2 
109.038 -25.496 9.40690 1.65886 2 
111.603 -25.496 9.01742 1.60504 2 
114.169 -25.496 8.87476 1.67671 2 
116.735 -25.496 9.31197 1.97631 2 
119.300 -25.496 0.00000 -0.00000 0 
-8.980 -28.061 7.68815 -0.75099 2 
-6.414 -28.061 7.73841 -0.85535 2 
-3.848 -28.061 7.80028 -0.91855 2 
-1.283 -28.061 7.80280 -1.00812 2 
1.283 -28.061 7.73018 -1.30300 2 
3.848 -28.061 7.91560 -1.20511 2 
6.414 -28.061 7.89936 -1.36594 2 
8.980 -28.061 8.24963 -1.21630 2 
11.545 -28.061 8.25904 -1.34912 2 
14.111 -28.061 8.39573 -1.40039 2 
16.676 -28.061 8.65609 -1.43603 2 
19.242 -28.061 8.50236 -1.42335 2 
21.808 -28.061 8.63678 -1.42319 2 
24.373 -28.061 8.77107 -1.33128 2 
26.939 -28.061 8.96031 -1.39561 2 
29.504 -28.061 8.85992 -1.11072 2 
32.070 -28.061 8.98681 -0.96477 2 
34.636 -28.061 8.99107 -1.04186 2 
37.201 -28.061 9.07898 -1.08924 2 
39.767 -28.061 9.20402 -0.84714 2 
42.332 -28.061 9.41667 -0.91809 2 
44.898 -28.061 9.24933 -0.74138 2 
47.464 -28.061 9.38969 -0.81408 2 
50.029 -28.061 9.37915 -0.65003 2 
52.595 -28.061 9.41469 -0.50060 2 
55.160 -28.061 9.63628 -0.46255 2 
57.726 -28.061 9.61516 -0.44400 2 
60.292 -28.061 9.52769 -0.22028 2 
62.857 -28.061 9.49848 -0.17430 2 
65.423 -28.061 9.63636 -0.07778 2 
67.988 -28.061 9.62706 0.13462 2 
70.554 -28.061 9.64386 0.29573 2 
73.120 -28.061 9.68815 0.43727 2 
75.685 -28.061 9.44087 0.41593 2 
78.251 -28.061 9.39436 0.32902 2 
80.816 -28.061 9.10708 0.58157 2 
83.382 -28.061 9.34006 0.39074 2 
85.948 -28.061 9.35759 0.40759 2 
88.513 -28.061 9.33479 0.58066 2 
91.079 -28.061 9.49878 0.50018 2 
93.644 -28.061 9.38541 0.54554 2 
96.210 -28.061 9.38242 0.68994 2 
98.776 -28.061 9.42978 0.77762 2 
101.341 -28.061 9.32355 0.94919 2 
103.907 -28.061 9.31541 1.17730 2 
106.472 -28.061 9.11198 1.29385 2 
109.038 -28.061 9.04651 1.37773 2 
111.603 -28.061 9.07886 1.34708 2 
114.169 -28.061 8.74567 1.64298 2 
116.735 -28.061 9.26433 1.56503 2 
119.300 -28.061 0.00000 -0.00000 0 
-8.980 -30.627 7.73082 -0.74779 2 
-6.414 -30.627 7.53566 -0.88617 2 
-3.848 -30.627 7.73915 -0.92175 2 
-1.283 -30.627 7.79934 -1.04973 2 
1.283 -30.627 7.95662 -1.03577 2 
3.848 -30.627 7.99998 -1.21386 2 
6.414 -30.627 8.02952 -1.23196 2 
8.980 -30.627 8.26018 -1.25120 2 
11.545 -30.627 8.16385 -1.16038 2 
14.111 -30.627 8.29792 -1.40532 2 
16.676 -30.627 8.46732 -1.35079 2 
19.242 -30.627 8.63013 -1.13620 2 
21.808 -30.627 8.76844 -1.10624 2 
24.373 -30.627 8.81246 -1.15241 2 
26.939 -30.627 8.87118 -1.02344 2 
29.504 -30.627 8.88254 -1.17310 2 
32.070 -30.627 9.13566 -1.17604 2 
34.636 -30.627 9.14107 -0.95963 2 
37.201 -30.627 9.04954 -0.95103 2 
39.767 -30.627 9.16146 -0.98311 2 
42.332 -30.627 9.16905 -0.68851 2 
44.898 -30.627 9.31420 -0.75214 2 
47.464 -30.627 9.15329 -0.52959 2 
50.029 -30.627 9.27296 -0.72751 2 
52.595 -30.627 9.34159 -0.71610 2 
55.160 -30.627 9.33256 -0.34481 2 
57.726 -30.627 9.39789 -0.35081 2 
60.292 -30.627 9.54823 -0.24494 2 
62.857 -30.627 9.54165 -0.20090 2 
65.423 -30.627 9.55624 -0.25447 2 
67.988 -30.627 9.48686 -0.01665 2 
70.554 -30.627 9.58476 0.25278 2 
73.120 -30.627 9.41166 0.34343 2 
75.685 -30.627 9.35155 0.40888 2 
78.251 -30.627 9.38563 0.55453 2 
80.816 -30.627 9.31081 0.33671 2 
83.382 -30.627 9.22157 0.40689 2 
85.948 -30.627 9.16307 0.55737 2 
88.513 -30.627 9.41329 0.63939 2 
91.079 -30.627 9.31555 0.47725 2 
93.644 -30.627 9.31164 0.69118 2 
96.210 -30.627 9.22576 0.85845 2 
98.776 -30.627 9.48497 0.78351 2 
101.341 -30.627 8.98982 1.00374 2 
103.907 -30.627 9.26693 0.89661 2 
106.472 -30.627 9.03225 1.10322 2 
109.038 -30.627 9.02834 1.18361 2 
111.603 -30.627 8.72834 1.45173 2 
114.169 -30.627 8.86055 1.41853 2 
116.735 -30.627 9.26873 1.34910 2 
119.300 -30.627 0.00000 -0.00000 0 
-8.980 -33.192 7.77348 -0.74458 2 
-6.414 -33.192 7.77493 -0.88079 2 
-3.848 -33.192 7.80292 -1.09204 2 
-1.283 -33.192 7.72765 -1.01668 2 
1.283 -33.192 7.92074 -1.12352 2 
3.848 -33.192 8.08129 -1.08006 2 
6.414 -33.192 8.16023 -1.10300 2 
8.980 -33.192 8.15657 -1.26295 2 
11.545 -33.192 8.31016 -1.23238 2 
14.111 -33.192 8.36058 -1.22663 2 
16.676 -33.192 8.61391 -1.06060 2 
19.242 -33.192 8.65349 -1.23658 2 
21.808 -33.192 8.60604 -0.83093 2 
24.373 -33.192 8.69054 -1.10347 2 
26.939 -33.192 8.71146 -0.90007 2 
29.504 -33.192 8.86160 -0.99126 2 
32.070 -33.192 8.87794 -0.95802 2 
34.636 -33.192 8.98611 -0.95886 2 
37.201 -33.192 9.02862 -0.99225 2 
39.767 -33.192 9.20640 -0.55446 2 
42.332 -33.192 9.19952 -0.93619 2 
44.898 -33.192 9.17626 -0.71864 2 
47.464 -33.192 9.05593 -0.62924 2 
50.029 -33.192 9.54872 -0.53745 2 
52.595 -33.192 9.13956 -0.64584 2 
55.160 -33.192 9.27562 -0.37104 2 
57.726 -33.192 9.40481 -0.45119 2 
60.292 -33.192 9.44305 -0.28476 2 
62.857 -33.192 9.31986 -0.28797 2 
65.423 -33.192 9.55402 0.03956 2 
67.988 -33.192 9.39327 -0.09643 2 
70.554 -33.192 9.45263 0.12201 2 
73.120 -33.192 9.26543 0.24602 2 
75.685 -33.192 9.36367 0.22774 2 
78.251 -33.192 9.18277 0.61970 2 
80.816 -33.192 9.11751 0.46842 2 
83.382 -33.192 9.18038 0.32541 2 
85.948 -33.192 9.16438 0.45888 2 
88.513 -33.192 9.03652 0.60650 2 
91.079 -33.192 9.10850 0.73911 2 
93.644 -33.192 9.14707 0.54529 2 
96.210 -33.192 9.16134 0.81865 2 
98.776 -33.192 8.93992 0.73126 2 
101.341 -33.192 9.26114 0.85445 2 
103.907 -33.192 9.21392 1.01263 2 
106.472 -33.192 8.87476 0.98212 2 
109.038 -33.192 8.92286 1.00548 2 
111.603 -33.192 8.73580 1.25618 2 
114.169 -33.192 8.87283 1.36714 2 
116.735 -33.192 8.96021 1.21566 2 
119.300 -33.192 0.00000 -0.00000 0 
-8.980 -35.758 7.71342 -0.90829 2 
-6.414 -35.758 7.76497 -0.89067 2 
-3.848 -35.758 7.81572 -0.98629 2 
-1.283 -35.758 7.95881 -0.83473 2 
1.283 -35.758 7.89887 -0.96180 2 
3.848 -35.758 8.02432 -1.05247 2 
6.414 -35.758 7.98853 -0.97040 2 
8.980 -35.758 8.24814 -1.10619 2 
11.545 -35.758 8.23392 -1.05565 2 
14.111 -35.758 8.47476 -1.01951 2 
16.676 -35.758 8.44570 -1.21960 2 
19.242 -35.758 8.57797 -1.11277 2 
21.808 -35.758 8.66957 -1.15049 2 
24.373 -35.758 8.73990 -0.96337 2 
26.939 -35.758 8.78667 -1.09888 2 
29.504 -35.758 8.89992 -0.93083 2 
32.070 -35.758 8.90608 -0.92431 2 
34.636 -35.758 8.97331 -0.87843 2 
37.201 -35.758 8.98261 -0.88042 2 
39.767 -35.758 8.92261 -0.78978 2 
42.332 -35.758 9.05224 -0.75149 2 
44.898 -35.758 9.25192 -0.66008 2 
47.464 -35.758 9.19084 -0.64393 2 
50.029 -35.758 9.18335 -0.51687 2 
52.595 -35.758 9.25890 -0.11977 2 
55.160 -35.758 9.44385 -0.36608 2 
57.726 -35.758 9.10425 -0.27164 2 
60.292 -35.758 9.27001 -0.14571 2 
62.857 -35.758 9.35518 -0.06607 2 
65.423 -35.758 9.36291 -0.11171 2 
67.988 -35.758 9.26373 0.02494 2 
70.554 -35.758 9.28042 -0.04676 2 
73.120 -35.758 9.34142 0.17542 2 
75.685 -35.758 9.18353 0.15318 2 
78.251 -35.758 9.10372 0.40023 2 
80.816 -35.758 9.28042 0.21147 2 
83.382 -35.758 9.16659 0.35908 2 
85.948 -35.758 9.27720 0.28095 2 
88.513 -35.758 9.10142 0.40003 2 
91.079 -35.758 9.07969 0.65538 2 
93.644 -35.758 9.18078 0.64822 2 
96.210 -35.758 9.22002 0.79949 2 
98.776 -35.758 9.14050 0.75897 2 
101.341 -35.758 8.95950 0.90539 2 
103.907 -35.758 9.04558 0.86550 2 
106.472 -35.758 9.04699 0.78197 2 
109.038 -35.758 8.89282 0.96477 2 
111.603 -35.758 8.77701 1.32884 2 
114.169 -35.758 8.60511 1.23760 2 
116.735 -35.758 9.05602 1.03068 2 
119.300 -35.758 0.00000 -0.00000 0 
-8.980 -38.324 7.83460 -0.79969 2 
-6.414 -38.324 7.86658 -0.88592 2 
-3.848 -38.324 7.86917 -0.85457 2 
-1.283 -38.324 7.94026 -0.96038 2 
1.283 -38.324 7.88392 -0.91671 2 
3.848 -38.324 8.13417 -0.96373 2 
6.414 -38.324 8.12601 -0.92338 2 
8.980 -38.324 8.26820 -1.00462 2 
11.545 -38.324 8.27762 -1.03379 2 
14.111 -38.324 8.35765 -0.94660 2 
16.676 -38.324 8.53452 -0.90619 2 
19.242 -38.324 8.55888 -1.00264 2 
21.808 -38.324 8.70652 -0.91344 2 
24.373 -38.324 8.69464 -0.97568 2 
26.939 -38.324 8.59162 -1.03290 2 
29.504 -38.324 8.74445 -0.85288 2 
32.070 -38.324 8.80457 -0.86487 2 
34.636 -38.324 8.87766 -0.80784 2 
37.201 -38.324 8.87536 -0.74606 2 
39.767 -38.324 8.99624 -0.71511 2 
42.332 -38.324 8.99830 -0.75335 2 
44.898 -38.324 9.05587 -0.59423 2 
47.464 -38.324 9.05674 -0.64125 2 
50.029 -38.324 9.19473 -0.55890 2 
52.595 -38.324 9.21313 -0.58982 2 
55.160 -38.324 9.05086 -0.35458 2 
57.726 -38.324 9.28784 -0.44626 2 
60.292 -38.324 9.12287 -0.31075 2 
62.857 -38.324 9.35301 -0.21407 2 
65.423 -38.324 9.08501 -0.02046 2 
67.988 -38.324 9.40354 0.06221 2 
70.554 -38.324 9.26889 0.10057 2 
73.120 -38.324 9.21374 0.12549 2 
75.685 -38.324 9.20509 0.25400 2 
78.251 -38.324 9.02468 0.18076 2 
80.816 -38.324 9.18380 0.30729 2 
83.382 -38.324 9.12808 0.48552 2 
85.948 -38.324 8.97858 0.49158 2 
88.513 -38.324 9.24190 0.44955 2 
91.079 -38.324 8.97467 0.67021 2 
93.644 -38.324 9.18669 0.66059 2 
96.210 -38.324 8.92073 0.63927 2 
98.776 -38.324 9.08780 0.84704 2 
101.341 -38.324 8.92596 0.81948 2 
103.907 -38.324 8.90449 0.80419 2 
106.472 -38.324 8.87731 0.90019 2 
109.038 -38.324 8.80173 1.01871 2 
111.603 -38.324 8.72437 0.88250 2 
114.169 -38.324 8.64458 0.85981 2 
116.735 -38.324 9.03236 0.94925 2 
119.300 -38.324 0.00000 -0.00000 0 
-8.980 -40.889 7.81847 -0.89949 2 
-6.414 -40.889 7.99858 -0.78696 2 
-3.848 -40.889 7.92722 -0.75867 2 
-1.283 -40.889 8.05758 -0.95343 2 
1.283 -40.889 8.08112 -0.86349 2 
3.848 -40.889 8.18220 -0.93445 2 
6.414 -40.889 8.23905 -0.95068 2 
8.980 -40.889 8.12794 -0.90023 2 
11.545 -40.889 8.32719 -0.80484 2 
14.111 -40.889 8.39304 -1.08693 2 
16.676 -40.889 8.45524 -1.03343 2 
19.242 -40.889 8.45270 -0.98563 2 
21.808 -40.889 8.62585 -0.96444 2 
24.373 -40.889 8.67808 -0.89402 2 
26.939 -40.889 8.73360 -0.84185 2 
29.504 -40.889 8.88669 -0.96251 2 
32.070 -40.889 8.78863 -0.88257 2 
34.636 -40.889 8.90982 -0.66474 2 
37.201 -40.889 8.90662 -0.90839 2 
39.767 -40.889 8.87641 -0.75161 2 
42.332 -40.889 9.04648 -0.65604 2 
44.898 -40.889 8.98459 -0.70788 2 
47.464 -40.889 9.01195 -0.63252 2 
50.029 -40.889 8.99183 -0.36488 2 
52.595 -40.889 9.12142 -0.32592 2 
55.160 -40.889 9.08561 -0.31911 2 
57.726 -40.889 9.22404 -0.28542 2 
60.292 -40.889 9.20293 -0.44966 2 
62.857 -40.889 9.11231 -0.21960 2 
65.423 -40.889 9.15627 -0.15452 2 
67.988 -40.889 9.15305 -0.00587 2 
70.554 -40.889 9.15623 0.09590 2 
73.120 -40.889 9.18285 0.07099 2 
75.685 -40.889 9.06127 0.33202 2 
78.251 -40.889 9.07473 0.19091 2 
80.816 -40.889 9.21315 0.27216 2 
83.382 -40.889 9.14171 0.34315 2 
85.948 -40.889 9.04201 0.40082 2 
88.513 -40.889 9.09146 0.39106 2 
91.079 -40.889 8.97273 0.44864 2 
93.644 -40.889 9.04132 0.51282 2 
96.210 -40.889 8.98594 0.64960 2 
98.776 -40.889 8.95638 0.59087 2 
101.341 -40.889 9.02445 0.75842 2 
103.907 -40.889 8.97036 0.84980 2 
106.472 -40.889 8.81366 0.81468 2 
109.038 -40.889 8.75318 1.04016 2 
111.603 -40.889 8.63695 0.83883 2 
114.169 -40.889 8.72508 0.98276 2 
116.735 -40.889 8.74497 1.11259 2 
119.300 -40.889 0.00000 -0.00000 0 
-8.980 -43.455 7.80881 -0.70419 2 
-6.414 -43.455 7.99143 -0.88060 2 
-3.848 -43.455 7.90378 -0.87068 2 
-1.283 -43.455 7.94827 -0.87070 2 
1.283 -43.455 8.14421 -0.81745 2 
3.848 -43.455 8.19284 -0.88798 2 
6.414 -43.455 8.18522 -0.88512 2 
8.980 -43.455 8.16188 -1.01336 2 
11.545 -43.455 8.35080 -0.96171 2 
14.111 -43.455 8.35717 -0.96367 2 
16.676 -43.455 8.37165 -0.78281 2 
19.242 -43.455 8.58891 -0.99814 2 
21.808 -43.455 8.53620 -0.92393 2 
24.373 -43.455 8.53525 -0.85974 2 
26.939 -43.455 8.69746 -0.88604 2 
29.504 -43.455 8.71448 -0.85245 2 
32.070 -43.455 8.82772 -0.80594 2 
34.636 -43.455 8.78252 -0.82313 2 
37.201 -43.455 8.80447 -0.77548 2 
39.767 -43.455 8.98955 -0.63945 2 
42.332 -43.455 8.86153 -0.63101 2 
44.898 -43.455 8.82952 -0.57788 2 
47.464 -43.455 9.10249 -0.52581 2 
50.029 -43.455 8.90230 -0.45017 2 
52.595 -43.455 9.01911 -0.59349 2 
55.160 -43.455 9.05611 -0.26996 2 
57.726 -43.455 9.00509 -0.41825 2 
60.292 -43.455 9.05488 -0.28019 2 
62.857 -43.455 9.13808 -0.02642 2 
65.423 -43.455 9.13582 -0.15740 2 
67.988 -43.455 9.05497 0.01308 2 
70.554 -43.455 9.05501 0.06233 2 
73.120 -43.455 9.12129 0.15011 2 
75.685 -43.455 9.14566 0.29327 2 
78.251 -43.455 9.08303 0.21157 2 
80.816 -43.455 9.06837 0.26656 2 
83.382 -43.455 9.08809 0.32487 2 
85.948 -43.455 9.00002 0.47730 2 
88.513 -43.455 9.02522 0.56241 2 
91.079 -43.455 9.08611 0.66195 2 
93.644 -43.455 8.81075 0.56896 2 
96.210 -43.455 8.85977 0.64000 2 
98.776 -43.455 8.88959 0.62027 2 
101.341 -43.455 8.88464 0.76143 2 
103.907 -43.455 8.74661 0.83548 2 
106.472 -43.455 8.75668 0.78067 2 
109.038 -43.455 8.70505 0.90690 2 
111.603 -43.455 8.68921 0.85031 2 
114.169 -43.455 8.57361 0.93238 2 
116.735 -43.455 8.89352 0.96495 2 
119.300 -43.455 0.00000 -0.00000 0 
-8.980 -46.020 8.03386 -0.81299 2 
-6.414 -46.020 8.02876 -0.77244 2 
-3.848 -46.020 8.02232 -0.87683 2 
-1.283 -46.020 8.09612 -0.78427 2 
1.283 -46.020 8.10461 -0.92995 2 
3.848 -46.020 8.27389 -0.71704 2 
6.414 -46.020 8.12289 -0.99047 2 
8.980 -46.020 8.31214 -0.82625 2 
11.545 -46.020 8.35159 -0.79389 2 
14.111 -46.020 8.40716 -0.89024 2 
16.676 -46.020 8.51147 -0.89063 2 
19.242 -46.020 8.46431 -0.66538 2 
21.808 -46.020 8.51329 -0.86817 2 
24.373 -46.020 8.71568 -0.83398 2 
26.939 -46.020 8.66077 -0.78743 2 
29.504 -46.020 8.69176 -0.75607 2 
32.070 -46.020 8.72172 -0.71462 2 
34.636 -46.020 8.84067 -0.85526 2 
37.201 -46.020 8.81446 -0.55338 2 
39.767 -46.020 8.82568 -0.67396 2 
42.332 -46.020 8.81856 -0.59663 2 
44.898 -46.020 8.96103 -0.56523 2 
47.464 -46.020 8.98427 -0.57800 2 
50.029 -46.020 8.84745 -0.54083 2 
52.595 -46.020 8.89758 -0.38034 2 
55.160 -46.020 8.95412 -0.35457 2 
57.726 -46.020 8.88439 -0.29367 2 
60.292 -46.020 8.99100 -0.22357 2 
62.857 -46.020 9.03741 -0.28992 2 
65.423 -46.020 8.98767 -0.14744 2 
67.988 -46.020 9.07865 -0.10028 2 
70.554 -46.020 8.94750 0.01908 2 
73.120 -46.020 9.05951 0.09492 2 
75.685 -46.020 9.04142 0.08320 2 
78.251 -46.020 8.93487 0.26422 2 
80.816 -46.020 8.93633 0.42960 2 
83.382 -46.020 9.07920 0.20443 2 
85.948 -46.020 8.95397 0.51411 2 
88.513 -46.020 9.03606 0.44951 2 
91.079 -46.020 8.88148 0.41368 2 
93.644 -46.020 9.04351 0.64730 2 
96.210 -46.020 8.71991 0.63181 2 
98.776 -46.020 8.89135 0.61483 2 
101.341 -46.020 8.74477 0.77132 2 
103.907 -46.020 8.75401 0.78258 2 
106.472 -46.020 8.85554 0.73306 2 
109.038 -46.020 8.70201 0.63326 2 
111.603 -46.020 8.53759 0.77895 2 
114.169 -46.020 8.54608 0.89049 2 
116.735 -46.020 9.04208 0.81730 2 
119.300 -46.020 0.00000 -0.00000 0 
-8.980 -48.586 7.94732 -0.72681 2 
-6.414 -48.586 8.03712 -0.60710 2 
-3.848 -48.586 7.87127 -0.79637 2 
-1.283 -48.586 7.92722 -0.73648 2 
1.283 -48.586 8.06629 -0.78878 2 
3.848 -48.586 8.21626 -0.79215 2 
6.414 -48.586 8.02314 -0.64631 2 
8.980 -48.586 8.30660 -0.84645 2 
11.545 -48.586 8.22294 -0.80877 2 
14.111 -48.586 8.39007 -0.71096 2 
16.676 -48.586 8.43078 -0.79375 2 
19.242 -48.586 8.43154 -0.85088 2 
21.808 -48.586 8.63625 -0.75516 2 
24.373 -48.586 8.53515 -0.80985 2 
26.939 -48.586 8.62787 -0.72184 2 
29.504 -48.586 8.69887 -0.76114 2 
32.070 -48.586 8.67634 -0.67074 2 
34.636 -48.586 8.71308 -0.63881 2 
37.201 -48.586 8.75317 -0.68947 2 
39.767 -48.586 8.69980 -0.82063 2 
42.332 -48.586 8.86890 -0.54629 2 
44.898 -48.586 8.84286 -0.60257 2 
47.464 -48.586 8.80731 -0.50626 2 
50.029 -48.586 8.92990 -0.41501 2 
52.595 -48.586 8.98477 -0.31065 2 
55.160 -48.586 8.87556 -0.18869 2 
57.726 -48.586 9.05189 -0.28138 2 
60.292 -48.586 8.95833 -0.26869 2 
62.857 -48.586 9.01408 -0.10194 2 
65.423 -48.586 9.00206 0.03468 2 
67.988 -48.586 8.95635 -0.03127 2 
70.554 -48.586 9.00404 0.02727 2 
73.120 -48.586 8.97455 0.27436 2 
75.685 -48.586 8.90436 0.15933 2 
78.251 -48.586 9.04265 0.06565 2 
80.816 -48.586 8.86965 0.28994 2 
83.382 -48.586 8.90883 0.35182 2 
85.948 -48.586 8.89124 0.48609 2 
88.513 -48.586 8.77530 0.27279 2 
91.079 -48.586 8.89019 0.49873 2 
93.644 -48.586 8.84186 0.45870 2 
96.210 -48.586 8.96463 0.59894 2 
98.776 -48.586 8.79618 0.73726 2 
101.341 -48.586 8.67941 0.65627 2 
103.907 -48.586 8.87420 0.76341 2 
106.472 -48.586 8.57508 0.75777 2 
109.038 -48.586 8.65063 0.82403 2 
111.603 -48.586 8.73831 0.79967 2 
114.169 -48.586 8.42308 0.83654 2 
116.735 -48.586 8.59941 0.76290 2 
119.300 -48.586 0.00000 -0.00000 0 
-8.980 -51.152 7.92599 -0.78042 2 
-6.414 -51.152 8.09652 -0.85120 2 
-3.848 -51.152 8.02441 -0.70403 2 
-1.283 -51.152 8.00213 -0.78050 2 
1.283 -51.152 8.19059 -0.69011 2 
3.848 -51.152 8.10551 -0.86022 2 
6.414 -51.152 8.18048 -0.74114 2 
8.980 -51.152 8.26394 -0.81882 2 
11.545 -51.152 8.39377 -0.69702 2 
14.111 -51.152 8.23155 -0.82495 2 
16.676 -51.152 8.31491 -0.68472 2 
19.242 -51.152 8.58455 -0.75557 2 
21.808 -51.152 8.45475 -0.78163 2 
24.373 -51.152 8.44554 -0.75549 2 
26.939 -51.152 8.56328 -0.83337 2 
29.504 -51.152 8.71695 -0.71413 2 
32.070 -51.152 8.56826 -0.68036 2 
34.636 -51.152 8.74016 -0.61622 2 
37.201 -51.152 8.73301 -0.57756 2 
39.767 -51.152 8.65777 -0.57736 2 
42.332 -51.152 8.78417 -0.47486 2 
44.898 -51.152 8.83748 -0.45117 2 
47.464 -51.152 8.96874 -0.37206 2 
50.029 -51.152 8.94028 -0.52824 2 
52.595 -51.152 8.85364 -0.39535 2 
55.160 -51.152 8.89974 -0.23284 2 
57.726 -51.152 8.81640 -0.22280 2 
60.292 -51.152 8.94252 -0.16877 2 
62.857 -51.152 8.84147 -0.01896 2 
65.423 -51.152 8.79850 -0.04809 2 
67.988 -51.152 9.02514 -0.06577 2 
70.554 -51.152 8.95991 -0.03924 2 
73.120 -51.152 9.00403 0.10003 2 
75.685 -51.152 8.94420 0.10293 2 
78.251 -51.152 8.82861 0.08994 2 
80.816 -51.152 8.93460 0.24643 2 
83.382 -51.152 8.96396 0.34084 2 
85.948 -51.152 8.85199 0.40977 2 
88.513 -51.152 8.80029 0.29440 2 
91.079 -51.152 8.86579 0.42188 2 
93.644 -51.152 8.77457 0.60164 2 
96.210 -51.152 8.69043 0.50407 2 
98.776 -51.152 8.95601 0.54337 2 
101.341 -51.152 8.74344 0.63394 2 
103.907 -51.152 8.71243 0.48916 2 
106.472 -51.152 8.61367 0.71683 2 
109.038 -51.152 8.69357 0.54555 2 
111.603 -51.152 8.75067 0.63548 2 
114.169 -51.152 8.58642 0.72845 2 
116.735 -51.152 8.94540 0.86920 2 
119.300 -51.152 0.00000 -0.00000 0 
-8.980 -53.717 8.17409 -0.69144 2 
-6.414 -53.717 8.02980 -0.90826 2 
-3.848 -53.717 8.08273 -0.86808 2 
-1.283 -53.717 8.13567 -0.82790 2 
1.283 -53.717 8.24977 -0.89111 2 
3.848 -53.717 8.32049 -0.78621 2 
6.414 -53.717 8.39121 -0.68132 2 
8.980 -53.717 8.45408 -0.77241 2 
11.545 -53.717 8.44463 -0.73639 2 
14.111 -53.717 8.43517 -0.70037 2 
16.676 -53.717 8.61695 -1.03934 2 
19.242 -53.717 8.62402 -0.79600 2 
21.808 -53.717 8.70828 -0.70883 2 
24.373 -53.717 8.96517 -0.68616 2 
26.939 -53.717 8.90861 -0.66771 2 
29.504 -53.717 8.77311 -0.56478 2 
32.070 -53.717 8.55668 -0.56936 2 
34.636 -53.717 8.92592 -0.73980 2 
37.201 -53.717 8.97202 -0.68367 2 
39.767 -53.717 9.09049 -0.53735 2 
42.332 -53.717 9.03567 -0.57645 2 
44.898 -53.717 8.97391 -0.45402 2 
47.464 -53.717 8.91215 -0.33160 2 
50.029 -53.717 8.91626 -0.27852 2 
52.595 -53.717 9.08003 -0.40234 2 
55.160 -53.717 9.02871 -0.37063 2 
57.726 -53.717 8.97739 -0.33892 2 
60.292 -53.717 8.81371 -0.30340 2 
62.857 -53.717 8.98803 -0.21667 2 
65.423 -53.717 8.84243 -0.09615 2 
67.988 -53.717 8.77039 0.14209 2 
70.554 -53.717 8.84555 0.11305 2 
73.120 -53.717 8.88496 0.03487 2 
75.685 -53.717 8.84325 0.05355 2 
78.251 -53.717 8.82576 0.34307 2 
80.816 -53.717 8.96805 0.26313 2 
83.382 -53.717 9.11540 0.30752 2 
85.948 -53.717 9.17215 0.39275 2 
88.513 -53.717 9.21002 0.38491 2 
91.079 -53.717 8.85496 0.42669 2 
93.644 -53.717 9.07344 0.43899 2 
96.210 -53.717 8.97173 0.69062 2 
98.776 -53.717 9.22830 0.68074 2 
101.341 -53.717 8.81616 0.50501 2 
103.907 -53.717 9.08591 0.80406 2 
106.472 -53.717 8.89650 0.71085 2 
109.038 -53.717 8.98997 0.85979 2 
111.603 -53.717 8.80010 0.68637 2 
114.169 -53.717 9.29992 0.97459 2 
116.735 -53.717 0.00000 -0.00000 0 
119.300 -53.717 0.00000 -0.00000 0 
-8.980 -56.283 0.00000 -0.00000 0 
-6.414 -56.283 0.00000 -0.00000 0 
-3.848 -56.283 0.00000 -0.00000 0 
-1.283 -56.283 0.00000 -0.00000 0 
1.283 -56.283 0.00000 -0.00000 0 
3.848 -56.283 0.00000 -0.00000 0 
6.414 -56.283 0.00000 -0.00000 0 
8.980 -56.283 0.00000 -0.00000 0 
11.545 -56.283 0.00000 -0.00000 0 
14.111 -56.283 0.00000 -0.00000 0 
16.676 -56.283 0.00000 -0.00000 0 
19.242 -56.283 0.00000 -0.00000 0 
21.808 -56.283 0.00000 -0.00000 0 
24.373 -56.283 0.00000 -0.00000 0 
26.939 -56.283 0.00000 -0.00000 0 
29.504 -56.283 0.00000 -0.00000 0 
32.070 -56.283 0.00000 -0.00000 0 
34.636 -56.283 0.00000 -0.00000 0 
37.201 -56.283 0.00000 -0.00000 0 
39.767 -56.283 0.00000 -0.00000 0 
42.332 -56.283 8.65755 -0.00966 1 
44.898 -56.283 8.73578 -0.01605 2 
47.464 -56.283 8.81401 -0.02243 2 
50.029 -56.283 8.89224 -0.02881 1 
52.595 -56.283 8.89195 -0.04858 2 
55.160 -56.283 8.89165 -0.06835 2 
57.726 -56.283 8.89135 -0.08812 2 
60.292 -56.283 8.69587 -0.16696 2 
62.857 -56.283 8.83748 -0.16899 2 
65.423 -56.283 8.88504 -0.11941 2 
67.988 -56.283 8.95257 0.03599 2 
70.554 -56.283 8.83472 0.17854 2 
73.120 -56.283 8.64160 0.20599 2 
75.685 -56.283 8.89724 0.25693 2 
78.251 -56.283 8.99903 0.15322 2 
80.816 -56.283 8.82544 0.21244 2 
83.382 -56.283 0.00000 -0.00000 0 
85.948 -56.283 0.00000 -0.00000 0 
88.513 -56.283 0.00000 -0.00000 0 
91.079 -56.283 0.00000 -0.00000 0 
93.644 -56.283 0.00000 -0.00000 0 
96.210 -56.283 0.00000 -0.00000 0 
98.776 -56.283 0.00000 -0.00000 0 
101.341 -56.283 0.00000 -0.00000 0 
103.907 -56.283 0.00000 -0.00000 0 
106.472 -56.283 0.00000 -0.00000 0 
109.038 -56.283 0.00000 -0.00000 0 
111.603 -56.283 0.00000 -0.00000 0 
114.169 -56.283 0.00000 -0.00000 0 
116.735 -56.283 0.00000 -0.00000 0 
119.300 -56.283 0.00000 -0.00000 0 
