TITLE = "B00003"
VARIABLES = "X [mm]", "Y [mm]", "Vx [m/s]", "Vy [m/s]", "Flag"
ZONE T="Frame 1", I=51, J=39, F=POINT
-8.980 41.210 7.41109 0.02330 1 
-6.414 41.210 7.35454 0.03045 1 
-3.848 41.210 7.26806 0.06244 1 
-1.283 41.210 7.21795 0.00846 1 
1.283 41.210 7.40975 -0.03937 1 
3.848 41.210 0.00000 -0.00000 0 
6.414 41.210 0.00000 -0.00000 0 
8.980 41.210 0.00000 -0.00000 0 
11.545 41.210 0.00000 -0.00000 0 
14.111 41.210 0.00000 -0.00000 0 
16.676 41.210 0.00000 -0.00000 0 
19.242 41.210 3.66985 0.10004 2 
21.808 41.210 7.33969 0.20009 1 
24.373 41.210 7.36430 0.10699 1 
26.939 41.210 7.44275 0.19782 1 
29.504 41.210 7.40288 0.18796 1 
32.070 41.210 7.37737 0.15719 1 
34.636 41.210 7.39590 0.31596 1 
37.201 41.210 7.40829 0.11369 1 
39.767 41.210 7.31732 0.24433 1 
42.332 41.210 7.50839 0.29742 1 
44.898 41.210 7.49684 0.15040 1 
47.464 41.210 7.38941 0.15860 1 
50.029 41.210 7.39490 0.24534 1 
52.595 41.210 7.45234 0.11761 1 
55.160 41.210 7.54820 0.08685 1 
57.726 41.210 7.45460 0.27498 1 
60.292 41.210 7.62160 0.08984 1 
62.857 41.210 7.54959 0.20638 1 
65.423 41.210 7.54264 0.29794 1 
67.988 41.210 7.44068 0.16475 1 
70.554 41.210 7.35548 0.17728 1 
73.120 41.210 7.51417 0.29542 1 
75.685 41.210 7.49401 0.22073 1 
78.251 41.210 7.44863 0.22012 1 
80.816 41.210 0.00000 -0.00000 0 
83.382 41.210 0.00000 -0.00000 0 
85.948 41.210 3.83267 -0.02852 2 
88.513 41.210 7.66534 -0.05704 1 
91.079 41.210 7.43628 0.08507 1 
93.644 41.210 7.69978 0.26506 1 
96.210 41.210 7.57749 -0.00528 1 
98.776 41.210 7.49337 0.11420 1 
101.341 41.210 7.55972 0.08952 1 
103.907 41.210 7.54042 0.06472 1 
106.472 41.210 7.59939 0.20778 1 
109.038 41.210 7.48940 0.07388 1 
111.603 41.210 7.51786 0.13318 1 
114.169 41.210 7.53250 0.25870 1 
116.735 41.210 7.68394 0.18945 1 
119.300 41.210 0.00000 -0.00000 0 
-8.980 38.644 7.23005 -0.07491 1 
-6.414 38.644 7.22282 -0.01314 1 
-3.848 38.644 7.31012 -0.02057 1 
-1.283 38.644 7.29354 -0.04197 1 
1.283 38.644 7.30178 -0.01638 1 
3.848 38.644 0.00000 -0.00000 0 
6.414 38.644 0.00000 -0.00000 0 
8.980 38.644 0.00000 -0.00000 0 
11.545 38.644 0.00000 -0.00000 0 
14.111 38.644 0.00000 -0.00000 0 
16.676 38.644 0.00000 -0.00000 0 
19.242 38.644 7.30077 0.20784 1 
21.808 38.644 7.37767 0.14091 1 
24.373 38.644 7.38663 0.18406 1 
26.939 38.644 7.40868 0.21069 1 
29.504 38.644 7.37502 0.16154 1 
32.070 38.644 7.34782 0.31186 1 
34.636 38.644 7.40811 0.28932 1 
37.201 38.644 7.70518 0.16075 1 
39.767 38.644 7.55210 0.38307 1 
42.332 38.644 7.52825 0.12793 1 
44.898 38.644 7.55395 0.19782 1 
47.464 38.644 7.52521 0.21850 1 
50.029 38.644 7.52023 0.25673 1 
52.595 38.644 7.58052 0.35166 1 
55.160 38.644 7.64076 0.20114 1 
57.726 38.644 7.52235 0.04884 1 
60.292 38.644 7.59526 0.15836 1 
62.857 38.644 7.50287 0.26460 1 
65.423 38.644 7.50262 0.03942 1 
67.988 38.644 7.40147 0.09758 1 
70.554 38.644 7.68210 0.13074 1 
73.120 38.644 7.37911 0.12752 1 
75.685 38.644 7.57434 0.13792 1 
78.251 38.644 7.74637 0.15077 1 
80.816 38.644 0.00000 -0.00000 0 
83.382 38.644 0.00000 -0.00000 0 
85.948 38.644 3.76731 0.06682 2 
88.513 38.644 7.53462 0.13364 1 
91.079 38.644 7.28764 0.25961 1 
93.644 38.644 7.46945 -0.00302 1 
96.210 38.644 7.59732 0.04782 1 
98.776 38.644 7.55340 0.12096 1 
101.341 38.644 7.41156 0.01674 1 
103.907 38.644 7.58163 0.15992 1 
106.472 38.644 7.52628 0.31547 1 
109.038 38.644 7.46631 -0.01502 1 
111.603 38.644 7.53649 0.10762 2 
114.169 38.644 7.48528 0.08157 1 
116.735 38.644 7.65882 0.14058 1 
119.300 38.644 0.00000 -0.00000 0 
-8.980 36.079 7.24779 0.02069 1 
-6.414 36.079 7.28323 -0.10271 1 
-3.848 36.079 7.19813 0.07631 1 
-1.283 36.079 7.20413 0.00064 1 
1.283 36.079 7.28690 0.04769 1 
3.848 36.079 0.00000 -0.00000 0 
6.414 36.079 0.00000 -0.00000 0 
8.980 36.079 0.00000 -0.00000 0 
11.545 36.079 0.00000 -0.00000 0 
14.111 36.079 0.00000 -0.00000 0 
16.676 36.079 0.00000 -0.00000 0 
19.242 36.079 7.12998 0.19606 1 
21.808 36.079 7.57000 0.31894 1 
24.373 36.079 7.29667 0.26677 1 
26.939 36.079 7.36386 0.22304 1 
29.504 36.079 7.36594 0.09753 1 
32.070 36.079 7.42689 0.19520 1 
34.636 36.079 7.55639 0.24959 1 
37.201 36.079 7.53023 0.21967 1 
39.767 36.079 7.49885 0.25424 1 
42.332 36.079 7.53127 0.37479 1 
44.898 36.079 7.55099 0.23348 1 
47.464 36.079 7.57754 0.26129 1 
50.029 36.079 7.44058 0.24583 1 
52.595 36.079 7.47935 0.29414 1 
55.160 36.079 7.59576 0.08203 1 
57.726 36.079 7.58170 0.17587 1 
60.292 36.079 7.48202 0.19305 1 
62.857 36.079 7.50420 0.34776 1 
65.423 36.079 7.43983 0.08414 2 
67.988 36.079 7.52413 0.17455 1 
70.554 36.079 7.48148 0.12320 1 
73.120 36.079 7.48055 0.20649 1 
75.685 36.079 7.58583 0.11025 1 
78.251 36.079 7.67062 0.14251 1 
80.816 36.079 0.00000 -0.00000 0 
83.382 36.079 0.00000 -0.00000 0 
85.948 36.079 3.81962 0.06287 2 
88.513 36.079 7.63925 0.12573 1 
91.079 36.079 7.69917 0.06279 1 
93.644 36.079 7.50936 0.11229 1 
96.210 36.079 7.50657 0.17119 1 
98.776 36.079 7.61486 0.15684 1 
101.341 36.079 7.43290 0.11745 1 
103.907 36.079 7.55370 0.15769 1 
106.472 36.079 7.50591 0.09217 1 
109.038 36.079 7.38975 0.00734 1 
111.603 36.079 7.55513 0.08206 1 
114.169 36.079 7.60985 0.16605 1 
116.735 36.079 7.37338 0.11344 1 
119.300 36.079 0.00000 -0.00000 0 
-8.980 33.513 7.38452 0.03272 1 
-6.414 33.513 7.30412 -0.02964 1 
-3.848 33.513 7.27518 -0.02479 1 
-1.283 33.513 7.24034 -0.01022 1 
1.283 33.513 7.19814 0.09753 1 
3.848 33.513 0.00000 -0.00000 0 
6.414 33.513 0.00000 -0.00000 0 
8.980 33.513 0.00000 -0.00000 0 
11.545 33.513 0.00000 -0.00000 0 
14.111 33.513 0.00000 -0.00000 0 
16.676 33.513 0.00000 -0.00000 0 
19.242 33.513 7.18167 0.21135 1 
21.808 33.513 7.38932 0.21512 1 
24.373 33.513 7.25995 0.20908 1 
26.939 33.513 7.36392 0.32345 1 
29.504 33.513 7.42897 0.25556 1 
32.070 33.513 7.39924 0.29952 1 
34.636 33.513 7.32404 0.29529 1 
37.201 33.513 7.54044 0.16952 1 
39.767 33.513 7.61659 0.24165 1 
42.332 33.513 7.46138 0.26094 1 
44.898 33.513 7.51991 0.24562 1 
47.464 33.513 7.45359 0.33122 1 
50.029 33.513 7.35162 0.28811 1 
52.595 33.513 7.56839 0.31447 1 
55.160 33.513 7.54351 0.23849 1 
57.726 33.513 7.55622 0.05970 1 
60.292 33.513 7.50776 0.27554 1 
62.857 33.513 7.56312 0.18578 1 
65.423 33.513 7.37704 0.12887 1 
67.988 33.513 7.61609 0.12576 1 
70.554 33.513 7.57492 0.15449 1 
73.120 33.513 7.56368 0.30397 1 
75.685 33.513 7.75636 0.01755 1 
78.251 33.513 7.42886 0.18530 1 
80.816 33.513 0.00000 0.00000 0 
83.382 33.513 0.00000 0.00000 0 
85.948 33.513 5.00903 0.09830 2 
88.513 33.513 7.62548 0.25393 1 
91.079 33.513 7.70010 -0.03771 1 
93.644 33.513 7.58158 -0.08150 1 
96.210 33.513 7.42871 0.22011 1 
98.776 33.513 7.48825 0.09695 2 
101.341 33.513 7.52275 0.03528 1 
103.907 33.513 7.46788 -0.00533 1 
106.472 33.513 7.55574 0.28782 1 
109.038 33.513 7.57300 0.32618 1 
111.603 33.513 7.59388 0.08827 1 
114.169 33.513 7.53681 0.16899 1 
116.735 33.513 7.66502 0.22283 1 
119.300 33.513 0.00000 -0.00000 0 
-8.980 30.948 7.23607 -0.03492 1 
-6.414 30.948 7.16115 -0.00199 1 
-3.848 30.948 7.18711 -0.12342 1 
-1.283 30.948 7.31588 -0.02803 1 
1.283 30.948 7.24416 -0.04081 1 
3.848 30.948 0.00000 -0.00000 0 
6.414 30.948 0.00000 -0.00000 0 
8.980 30.948 0.00000 -0.00000 0 
11.545 30.948 0.00000 -0.00000 0 
14.111 30.948 0.00000 -0.00000 0 
16.676 30.948 3.61948 0.10162 2 
19.242 30.948 7.23896 0.20323 1 
21.808 30.948 7.30968 0.32473 1 
24.373 30.948 7.35302 0.16099 1 
26.939 30.948 7.36929 0.35831 1 
29.504 30.948 7.20850 0.24681 1 
32.070 30.948 7.52051 0.24005 1 
34.636 30.948 7.53618 0.39526 1 
37.201 30.948 7.38596 0.24558 1 
39.767 30.948 7.43320 0.42144 1 
42.332 30.948 7.55254 0.26652 1 
44.898 30.948 7.49863 0.24295 1 
47.464 30.948 7.53468 0.14209 1 
50.029 30.948 7.49277 0.26271 2 
52.595 30.948 7.70348 0.09210 1 
55.160 30.948 7.67625 0.15080 1 
57.726 30.948 7.65569 0.11791 1 
60.292 30.948 7.70450 0.17414 1 
62.857 30.948 7.61088 0.05087 2 
65.423 30.948 7.54319 0.11934 1 
67.988 30.948 7.54111 0.15475 1 
70.554 30.948 7.44220 0.14772 1 
73.120 30.948 7.52647 0.34720 1 
75.685 30.948 7.57346 0.06978 1 
78.251 30.948 7.70614 0.19101 1 
80.816 30.948 0.00000 0.00000 0 
83.382 30.948 0.00000 0.00000 0 
85.948 30.948 6.19844 0.13372 2 
88.513 30.948 7.51663 0.08863 1 
91.079 30.948 7.59847 0.19972 1 
93.644 30.948 7.50834 0.16592 1 
96.210 30.948 7.41568 -0.12927 1 
98.776 30.948 7.36164 0.03705 1 
101.341 30.948 7.53646 0.32294 1 
103.907 30.948 7.30085 0.11404 1 
106.472 30.948 7.36158 0.14827 1 
109.038 30.948 7.74043 0.13846 1 
111.603 30.948 7.49232 0.20989 1 
114.169 30.948 7.46580 0.20099 1 
116.735 30.948 7.39517 0.14584 1 
119.300 30.948 0.00000 -0.00000 0 
-8.980 28.382 7.12370 -0.07927 1 
-6.414 28.382 7.30049 -0.13156 1 
-3.848 28.382 7.24539 -0.01923 1 
-1.283 28.382 7.22762 0.03011 1 
1.283 28.382 7.28396 0.03588 1 
3.848 28.382 0.00000 -0.00000 0 
6.414 28.382 0.00000 -0.00000 0 
8.980 28.382 0.00000 -0.00000 0 
11.545 28.382 0.00000 -0.00000 0 
14.111 28.382 0.00000 -0.00000 0 
16.676 28.382 3.65693 0.12060 2 
19.242 28.382 7.31385 0.24119 1 
21.808 28.382 7.29422 0.27863 1 
24.373 28.382 7.31156 0.36556 1 
26.939 28.382 7.34644 0.32756 1 
29.504 28.382 7.39573 0.23600 1 
32.070 28.382 7.39647 0.24511 1 
34.636 28.382 7.42718 0.26526 1 
37.201 28.382 7.49805 0.40019 1 
39.767 28.382 7.54787 0.28116 1 
42.332 28.382 7.66198 0.19281 1 
44.898 28.382 7.68552 0.19120 1 
47.464 28.382 7.58298 0.16908 1 
50.029 28.382 7.63392 0.23732 1 
52.595 28.382 7.68119 0.26250 1 
55.160 28.382 7.68183 0.24921 1 
57.726 28.382 7.57072 0.29094 1 
60.292 28.382 7.74080 0.08170 1 
62.857 28.382 7.65863 -0.08404 1 
65.423 28.382 7.64391 -0.00173 1 
67.988 28.382 7.41958 0.09308 1 
70.554 28.382 7.49826 0.10257 1 
73.120 28.382 7.55767 0.16154 2 
75.685 28.382 7.61708 0.22052 1 
78.251 28.382 7.42669 0.16929 1 
80.816 28.382 7.39553 0.07030 1 
83.382 28.382 0.00000 0.00000 0 
85.948 28.382 7.38784 0.16915 2 
88.513 28.382 7.38400 0.21858 1 
91.079 28.382 7.33903 0.05690 1 
93.644 28.382 7.66158 -0.01405 1 
96.210 28.382 7.37455 0.11299 1 
98.776 28.382 7.47487 0.07157 1 
101.341 28.382 7.44012 0.06266 1 
103.907 28.382 7.57271 0.16240 1 
106.472 28.382 7.43979 0.08902 1 
109.038 28.382 7.56733 0.18042 1 
111.603 28.382 7.59655 0.17533 1 
114.169 28.382 7.54184 0.08511 1 
116.735 28.382 7.36790 0.04917 1 
119.300 28.382 0.00000 -0.00000 0 
-8.980 25.816 7.12890 -0.16221 1 
-6.414 25.816 7.19114 -0.19470 1 
-3.848 25.816 7.14634 -0.11965 1 
-1.283 25.816 7.14967 -0.13068 1 
1.283 25.816 7.18088 -0.09157 1 
3.848 25.816 7.05220 -0.08130 1 
6.414 25.816 0.00000 -0.00000 0 
8.980 25.816 0.00000 -0.00000 0 
11.545 25.816 0.00000 -0.00000 0 
14.111 25.816 0.00000 -0.00000 0 
16.676 25.816 3.58011 0.13443 2 
19.242 25.816 7.16022 0.26885 1 
21.808 25.816 7.39419 0.38225 1 
24.373 25.816 7.10864 0.43402 1 
26.939 25.816 7.30823 0.44449 1 
29.504 25.816 7.44646 0.08706 1 
32.070 25.816 7.55697 0.30583 1 
34.636 25.816 7.30964 0.47433 1 
37.201 25.816 7.43095 0.25964 1 
39.767 25.816 7.55726 0.35327 1 
42.332 25.816 7.50114 0.35547 1 
44.898 25.816 7.52111 0.22443 1 
47.464 25.816 7.61489 0.33354 1 
50.029 25.816 7.69807 0.14860 1 
52.595 25.816 7.77034 0.06312 1 
55.160 25.816 7.61048 0.18571 1 
57.726 25.816 7.45982 0.14385 1 
60.292 25.816 7.59416 0.26584 1 
62.857 25.816 7.62483 0.21665 1 
65.423 25.816 7.48101 0.02389 1 
67.988 25.816 7.62859 0.09803 1 
70.554 25.816 7.40881 0.12664 1 
73.120 25.816 7.49079 0.13522 2 
75.685 25.816 7.57278 0.14380 1 
78.251 25.816 7.44050 0.16353 1 
80.816 25.816 7.45253 0.14057 2 
83.382 25.816 0.00000 0.00000 0 
85.948 25.816 7.57352 0.08594 2 
88.513 25.816 7.63401 0.05863 1 
91.079 25.816 7.61123 0.20028 1 
93.644 25.816 7.66267 0.10217 1 
96.210 25.816 7.45944 0.21141 1 
98.776 25.816 7.74347 -0.05849 1 
101.341 25.816 7.48895 0.33310 1 
103.907 25.816 7.63077 0.07670 2 
106.472 25.816 7.53236 0.26532 1 
109.038 25.816 7.49292 0.22827 1 
111.603 25.816 7.66744 0.23346 1 
114.169 25.816 7.62566 -0.01522 1 
116.735 25.816 7.55711 0.10478 1 
119.300 25.816 0.00000 -0.00000 0 
-8.980 23.251 7.19736 -0.03486 1 
-6.414 23.251 7.05858 -0.15595 1 
-3.848 23.251 7.22215 -0.08287 1 
-1.283 23.251 7.16914 0.00740 1 
1.283 23.251 7.05698 0.05049 1 
3.848 23.251 7.19179 0.07258 1 
6.414 23.251 0.00000 -0.00000 0 
8.980 23.251 0.00000 -0.00000 0 
11.545 23.251 0.00000 -0.00000 0 
14.111 23.251 0.00000 -0.00000 0 
16.676 23.251 3.59755 0.22257 2 
19.242 23.251 7.19511 0.44514 1 
21.808 23.251 7.31947 0.35592 1 
24.373 23.251 7.35789 0.34104 1 
26.939 23.251 7.32227 0.32408 1 
29.504 23.251 7.33524 0.33476 1 
32.070 23.251 7.40864 0.32595 1 
34.636 23.251 7.58828 0.38642 1 
37.201 23.251 7.62715 0.20041 1 
39.767 23.251 7.56261 0.35251 1 
42.332 23.251 7.40912 0.54231 1 
44.898 23.251 7.68339 0.16788 1 
47.464 23.251 7.48874 0.24290 1 
50.029 23.251 7.59263 0.32096 1 
52.595 23.251 7.65634 0.09128 2 
55.160 23.251 7.55952 0.19991 1 
57.726 23.251 7.58992 0.04776 1 
60.292 23.251 7.58934 0.23086 1 
62.857 23.251 7.57349 0.30420 1 
65.423 23.251 7.69123 0.11481 1 
67.988 23.251 7.55894 0.04654 1 
70.554 23.251 7.53218 -0.05145 1 
73.120 23.251 7.45085 0.13715 1 
75.685 23.251 7.62713 0.06952 1 
78.251 23.251 7.52983 0.10629 1 
80.816 23.251 7.50954 0.21084 1 
83.382 23.251 0.00000 0.00000 0 
85.948 23.251 7.46394 0.18263 2 
88.513 23.251 7.44113 0.16852 1 
91.079 23.251 7.26166 0.29124 1 
93.644 23.251 7.53683 0.07267 1 
96.210 23.251 7.52906 0.22082 1 
98.776 23.251 7.42404 0.04705 1 
101.341 23.251 7.54636 0.21241 1 
103.907 23.251 7.68883 -0.00900 1 
106.472 23.251 7.63556 0.16373 1 
109.038 23.251 7.46834 0.15831 1 
111.603 23.251 7.59949 0.11087 1 
114.169 23.251 7.45604 0.23377 1 
116.735 23.251 7.38427 0.12637 1 
119.300 23.251 0.00000 -0.00000 0 
-8.980 20.685 7.32616 -0.26114 1 
-6.414 20.685 7.05857 -0.24563 1 
-3.848 20.685 7.13337 -0.05462 1 
-1.283 20.685 7.05459 -0.07064 1 
1.283 20.685 6.93331 -0.04301 1 
3.848 20.685 6.95730 0.06457 1 
6.414 20.685 0.00000 -0.00000 0 
8.980 20.685 0.00000 -0.00000 0 
11.545 20.685 0.00000 -0.00000 0 
14.111 20.685 0.00000 -0.00000 0 
16.676 20.685 -0.29826 0.28187 1 
19.242 20.685 7.21921 0.32907 1 
21.808 20.685 7.07742 0.48569 1 
24.373 20.685 7.26967 0.44227 1 
26.939 20.685 7.09801 0.48002 1 
29.504 20.685 7.52510 0.38106 1 
32.070 20.685 7.25880 0.46336 1 
34.636 20.685 7.45571 0.34911 1 
37.201 20.685 7.55426 0.56183 1 
39.767 20.685 7.39542 0.47426 1 
42.332 20.685 7.51064 0.48309 2 
44.898 20.685 7.70558 0.38970 1 
47.464 20.685 7.65556 0.22909 1 
50.029 20.685 7.57611 0.20398 1 
52.595 20.685 7.54234 0.11944 1 
55.160 20.685 7.61962 0.07141 1 
57.726 20.685 7.53258 0.14444 1 
60.292 20.685 7.78727 0.02506 1 
62.857 20.685 7.70788 0.20523 1 
65.423 20.685 7.57382 0.06581 1 
67.988 20.685 7.70357 0.13210 1 
70.554 20.685 7.63228 0.17804 1 
73.120 20.685 7.40953 0.12240 1 
75.685 20.685 7.53731 0.12452 1 
78.251 20.685 7.34889 0.16146 1 
80.816 20.685 7.48939 0.07503 1 
83.382 20.685 0.00000 0.00000 0 
85.948 20.685 7.44992 0.16434 2 
88.513 20.685 7.43019 0.20900 1 
91.079 20.685 7.52838 0.18840 1 
93.644 20.685 7.42005 0.28214 1 
96.210 20.685 7.31459 -0.03692 1 
98.776 20.685 7.65081 0.19451 1 
101.341 20.685 7.65059 0.23998 1 
103.907 20.685 7.61108 0.21528 1 
106.472 20.685 7.42454 0.28850 1 
109.038 20.685 7.52041 0.10164 1 
111.603 20.685 7.54564 0.29630 1 
114.169 20.685 7.56678 0.13565 1 
116.735 20.685 7.58472 0.19657 1 
119.300 20.685 0.00000 -0.00000 0 
-8.980 18.120 7.07891 -0.25933 1 
-6.414 18.120 7.09525 -0.10358 1 
-3.848 18.120 6.99170 -0.13254 1 
-1.283 18.120 6.96055 -0.13184 1 
1.283 18.120 6.89938 -0.01735 1 
3.848 18.120 6.82917 0.06166 1 
6.414 18.120 0.00000 -0.00000 0 
8.980 18.120 0.00000 -0.00000 0 
11.545 18.120 0.00000 -0.00000 0 
14.111 18.120 0.00000 -0.00000 0 
16.676 18.120 -0.11904 0.12148 2 
19.242 18.120 7.07663 0.52284 1 
21.808 18.120 6.99498 0.48279 1 
24.373 18.120 7.26974 0.62307 1 
26.939 18.120 7.29310 0.58108 1 
29.504 18.120 7.33621 0.49949 1 
32.070 18.120 7.49830 0.50987 1 
34.636 18.120 7.51166 0.31648 1 
37.201 18.120 7.59872 0.29310 1 
39.767 18.120 7.51727 0.38633 1 
42.332 18.120 7.61216 0.42387 1 
44.898 18.120 7.61669 0.26971 1 
47.464 18.120 7.51191 0.42530 1 
50.029 18.120 7.74777 0.18054 1 
52.595 18.120 7.44471 0.17038 1 
55.160 18.120 7.45850 0.14948 1 
57.726 18.120 7.63527 0.12719 1 
60.292 18.120 7.82292 0.04734 1 
62.857 18.120 7.63965 0.07439 1 
65.423 18.120 7.57471 0.06640 1 
67.988 18.120 7.66468 -0.00396 1 
70.554 18.120 7.62435 -0.01390 1 
73.120 18.120 7.50268 0.07077 1 
75.685 18.120 7.33517 0.07233 1 
78.251 18.120 7.63489 0.10046 1 
80.816 18.120 7.47670 0.04289 1 
83.382 18.120 0.00000 0.00000 0 
85.948 18.120 7.44679 0.05300 2 
88.513 18.120 7.43183 0.05806 1 
91.079 18.120 7.38787 0.19331 1 
93.644 18.120 7.59658 0.29612 1 
96.210 18.120 7.55645 0.31437 1 
98.776 18.120 7.46777 0.17852 1 
101.341 18.120 7.67369 0.13061 1 
103.907 18.120 7.43840 0.40149 1 
106.472 18.120 7.40066 0.13649 1 
109.038 18.120 7.52133 -0.01780 1 
111.603 18.120 7.46709 0.04825 1 
114.169 18.120 7.47753 0.24563 1 
116.735 18.120 7.53215 0.22568 1 
119.300 18.120 0.00000 -0.00000 0 
-8.980 15.554 7.07551 -0.30877 1 
-6.414 15.554 6.99010 -0.30133 1 
-3.848 15.554 6.98284 -0.32759 1 
-1.283 15.554 6.94349 -0.02750 1 
1.283 15.554 6.84762 0.00201 1 
3.848 15.554 6.78226 0.02488 1 
6.414 15.554 0.00000 -0.00000 0 
8.980 15.554 0.00000 -0.00000 0 
11.545 15.554 0.00000 -0.00000 0 
14.111 15.554 0.00000 -0.00000 0 
16.676 15.554 0.06018 -0.03892 1 
19.242 15.554 7.14878 0.63431 1 
21.808 15.554 7.17358 0.62725 1 
24.373 15.554 7.15780 0.67429 1 
26.939 15.554 7.37926 0.62331 1 
29.504 15.554 7.39165 0.76467 1 
32.070 15.554 7.55268 0.40711 1 
34.636 15.554 7.42488 0.43378 1 
37.201 15.554 7.38300 0.47700 1 
39.767 15.554 7.50922 0.34879 1 
42.332 15.554 7.65021 0.22987 1 
44.898 15.554 7.78505 0.27168 1 
47.464 15.554 7.72771 0.28543 1 
50.029 15.554 7.48234 0.18740 1 
52.595 15.554 7.79433 0.24317 1 
55.160 15.554 7.53250 0.16437 1 
57.726 15.554 7.55171 0.23420 1 
60.292 15.554 7.43114 0.15341 1 
62.857 15.554 7.74726 0.08858 1 
65.423 15.554 7.79344 0.09263 1 
67.988 15.554 7.35407 0.01292 1 
70.554 15.554 7.85386 -0.08985 1 
73.120 15.554 7.65019 -0.15833 1 
75.685 15.554 7.25402 0.02378 1 
78.251 15.554 7.79293 0.06966 1 
80.816 15.554 7.55567 0.05839 2 
83.382 15.554 0.00000 0.00000 0 
85.948 15.554 7.49191 0.01969 2 
88.513 15.554 7.59916 0.25458 1 
91.079 15.554 7.56485 0.07724 1 
93.644 15.554 7.38049 0.11124 1 
96.210 15.554 7.43432 0.27014 1 
98.776 15.554 7.40026 0.25105 1 
101.341 15.554 7.39547 0.20708 1 
103.907 15.554 7.58856 0.20139 1 
106.472 15.554 7.31359 0.13726 1 
109.038 15.554 7.30424 0.07461 1 
111.603 15.554 7.41281 0.30970 1 
114.169 15.554 7.76694 0.04148 1 
116.735 15.554 7.37034 0.12802 1 
119.300 15.554 0.00000 -0.00000 0 
-8.980 12.988 7.06097 -0.41795 1 
-6.414 12.988 7.09728 -0.40213 1 
-3.848 12.988 6.88662 -0.38089 1 
-1.283 12.988 6.96589 -0.25033 1 
1.283 12.988 6.80647 -0.28901 1 
3.848 12.988 6.56673 -0.03185 1 
6.414 12.988 0.00000 -0.00000 0 
8.980 12.988 0.00000 -0.00000 0 
11.545 12.988 0.00000 -0.00000 0 
14.111 12.988 3.38398 0.28746 2 
16.676 12.988 6.76795 0.57492 1 
19.242 12.988 7.03857 0.63341 1 
21.808 12.988 7.03486 0.69021 1 
24.373 12.988 7.23527 0.78318 1 
26.939 12.988 7.20782 0.53292 1 
29.504 12.988 7.34448 0.72174 1 
32.070 12.988 7.37057 0.54211 1 
34.636 12.988 7.42005 0.53420 1 
37.201 12.988 7.76092 0.34652 1 
39.767 12.988 7.63616 0.41775 1 
42.332 12.988 7.73303 0.50205 1 
44.898 12.988 7.67274 0.30133 1 
47.464 12.988 7.51608 0.18187 1 
50.029 12.988 7.73733 0.21857 1 
52.595 12.988 7.73393 0.28323 1 
55.160 12.988 7.73282 0.17811 1 
57.726 12.988 7.63454 0.00852 1 
60.292 12.988 7.80105 0.02254 1 
62.857 12.988 7.78132 0.08587 1 
65.423 12.988 7.40866 0.15918 1 
67.988 12.988 7.83511 0.07194 1 
70.554 12.988 7.41842 0.14360 1 
73.120 12.988 7.80444 0.14806 1 
75.685 12.988 7.53655 0.22840 1 
78.251 12.988 7.44388 -0.08659 1 
80.816 12.988 7.63463 0.07389 1 
83.382 12.988 7.55200 -0.01868 1 
85.948 12.988 7.48411 0.06564 2 
88.513 12.988 7.41622 0.14995 1 
91.079 12.988 7.43257 0.31148 1 
93.644 12.988 7.25751 0.08932 2 
96.210 12.988 7.30018 0.31629 1 
98.776 12.988 7.35787 0.43837 1 
101.341 12.988 7.40608 0.31425 1 
103.907 12.988 7.41633 0.43158 1 
106.472 12.988 7.30978 0.23581 1 
109.038 12.988 7.64151 0.05899 1 
111.603 12.988 7.50626 0.34625 1 
114.169 12.988 7.60891 0.14066 1 
116.735 12.988 7.49256 0.12962 1 
119.300 12.988 0.00000 -0.00000 0 
-8.980 10.423 7.12309 -0.47624 1 
-6.414 10.423 7.02275 -0.47550 1 
-3.848 10.423 7.11013 -0.37249 1 
-1.283 10.423 6.76717 -0.40727 1 
1.283 10.423 6.55343 -0.20522 1 
3.848 10.423 6.47038 -0.18929 1 
6.414 10.423 3.23519 -0.09465 2 
8.980 10.423 0.00000 -0.00000 0 
11.545 10.423 0.00000 -0.00000 0 
14.111 10.423 2.25598 0.19164 2 
16.676 10.423 4.51197 0.38328 2 
19.242 10.423 6.88713 0.85624 1 
21.808 10.423 7.14199 0.78533 1 
24.373 10.423 7.15351 0.86987 1 
26.939 10.423 7.46706 0.72879 1 
29.504 10.423 7.41044 0.73587 1 
32.070 10.423 7.61142 0.70021 1 
34.636 10.423 7.63012 0.63241 1 
37.201 10.423 7.90134 0.45771 1 
39.767 10.423 7.69509 0.35503 1 
42.332 10.423 7.62490 0.32842 1 
44.898 10.423 7.77243 0.32059 1 
47.464 10.423 7.70706 0.34253 1 
50.029 10.423 7.79526 0.17877 1 
52.595 10.423 7.74388 0.19436 1 
55.160 10.423 7.63198 0.02217 1 
57.726 10.423 7.54233 0.06935 1 
60.292 10.423 7.66692 0.21172 1 
62.857 10.423 7.55798 0.02080 1 
65.423 10.423 3.70433 0.07959 2 
67.988 10.423 7.63210 0.10179 1 
70.554 10.423 7.69750 0.03204 1 
73.120 10.423 7.83454 0.07329 1 
75.685 10.423 7.30658 -0.04955 1 
78.251 10.423 7.51311 0.13315 1 
80.816 10.423 3.81732 0.03695 2 
83.382 10.423 4.82767 0.05193 2 
85.948 10.423 5.84540 0.15536 2 
88.513 10.423 7.39786 0.20858 1 
91.079 10.423 7.22558 0.33554 1 
93.644 10.423 7.13453 0.06741 1 
96.210 10.423 7.67200 0.26393 1 
98.776 10.423 7.48974 0.42256 1 
101.341 10.423 7.53190 0.28746 1 
103.907 10.423 7.48397 0.09956 1 
106.472 10.423 7.45659 0.38875 1 
109.038 10.423 7.61879 0.14232 1 
111.603 10.423 7.28790 0.14467 1 
114.169 10.423 7.44628 0.16117 1 
116.735 10.423 7.36146 0.23243 1 
119.300 10.423 0.00000 -0.00000 0 
-8.980 7.857 7.11226 -0.64117 1 
-6.414 7.857 7.02482 -0.70887 1 
-3.848 7.857 6.99182 -0.55431 1 
-1.283 7.857 6.83025 -0.48254 1 
1.283 7.857 6.51957 -0.49491 1 
3.848 7.857 4.32998 -0.22807 2 
6.414 7.857 2.16499 -0.11403 2 
8.980 7.857 0.00000 -0.00000 0 
11.545 7.857 0.00000 -0.00000 0 
14.111 7.857 1.50399 0.12776 2 
16.676 7.857 2.25598 0.19164 2 
19.242 7.857 3.44357 0.42812 2 
21.808 7.857 3.57100 0.39266 2 
24.373 7.857 0.00000 -0.00000 0 
26.939 7.857 0.00000 -0.00000 0 
29.504 7.857 0.00000 -0.00000 0 
32.070 7.857 0.00000 -0.00000 0 
34.636 7.857 0.00000 -0.00000 0 
37.201 7.857 0.00000 -0.00000 0 
39.767 7.857 0.00000 -0.00000 0 
42.332 7.857 0.00000 -0.00000 0 
44.898 7.857 0.00000 -0.00000 0 
47.464 7.857 0.00000 -0.00000 0 
50.029 7.857 0.00000 -0.00000 0 
52.595 7.857 0.00000 -0.00000 0 
55.160 7.857 0.00000 -0.00000 0 
57.726 7.857 0.00000 -0.00000 0 
60.292 7.857 0.00000 -0.00000 0 
62.857 7.857 0.00000 -0.00000 0 
65.423 7.857 0.00000 -0.00000 0 
67.988 7.857 0.00000 -0.00000 0 
70.554 7.857 0.00000 -0.00000 0 
73.120 7.857 0.00000 -0.00000 0 
75.685 7.857 0.00000 -0.00000 0 
78.251 7.857 0.00000 -0.00000 0 
80.816 7.857 0.00000 -0.00000 0 
83.382 7.857 0.00000 0.00000 0 
85.948 7.857 0.00000 0.00000 0 
88.513 7.857 0.00000 0.00000 0 
91.079 7.857 6.85661 0.32710 2 
93.644 7.857 6.78626 0.26952 2 
96.210 7.857 7.21442 0.31485 1 
98.776 7.857 6.86036 0.15205 1 
101.341 7.857 6.59564 0.12664 2 
103.907 7.857 6.56057 0.31259 2 
106.472 7.857 6.52551 0.49854 1 
109.038 7.857 7.35192 0.18206 1 
111.603 7.857 7.06745 0.42797 2 
114.169 7.857 6.78299 0.67387 1 
116.735 7.857 6.96798 -0.17457 1 
119.300 7.857 0.00000 -0.00000 0 
-8.980 5.292 7.10886 -0.74943 1 
-6.414 5.292 7.07515 -0.66382 1 
-3.848 5.292 6.98197 -0.74762 1 
-1.283 5.292 6.71342 -0.71405 1 
1.283 5.292 6.47658 -0.72226 1 
3.848 5.292 2.16499 -0.11403 2 
6.414 5.292 0.00000 -0.00000 0 
8.980 5.292 0.00000 -0.00000 0 
11.545 5.292 0.00000 -0.00000 0 
14.111 5.292 0.00000 -0.00000 0 
16.676 5.292 0.00000 -0.00000 0 
19.242 5.292 0.00000 -0.00000 0 
21.808 5.292 0.00000 -0.00000 0 
24.373 5.292 0.00000 -0.00000 0 
26.939 5.292 0.00000 -0.00000 0 
29.504 5.292 0.00000 -0.00000 0 
32.070 5.292 0.00000 -0.00000 0 
34.636 5.292 0.00000 -0.00000 0 
37.201 5.292 0.00000 -0.00000 0 
39.767 5.292 0.00000 -0.00000 0 
42.332 5.292 0.00000 -0.00000 0 
44.898 5.292 0.00000 -0.00000 0 
47.464 5.292 0.00000 -0.00000 0 
50.029 5.292 0.00000 -0.00000 0 
52.595 5.292 0.00000 -0.00000 0 
55.160 5.292 0.00000 -0.00000 0 
57.726 5.292 0.00000 -0.00000 0 
60.292 5.292 0.00000 -0.00000 0 
62.857 5.292 0.00000 -0.00000 0 
65.423 5.292 0.00000 -0.00000 0 
67.988 5.292 0.00000 -0.00000 0 
70.554 5.292 0.00000 -0.00000 0 
73.120 5.292 0.00000 -0.00000 0 
75.685 5.292 0.00000 -0.00000 0 
78.251 5.292 0.00000 -0.00000 0 
80.816 5.292 0.00000 0.00000 0 
83.382 5.292 2.90765 0.30763 2 
85.948 5.292 5.22221 0.52668 2 
88.513 5.292 6.36145 0.56548 2 
91.079 5.292 6.48764 0.31866 2 
93.644 5.292 6.43800 0.47163 2 
96.210 5.292 6.75245 0.29587 2 
98.776 5.292 6.73241 0.36222 2 
101.341 5.292 6.61351 0.38573 2 
103.907 5.292 6.71472 0.46198 2 
106.472 5.292 6.81592 0.53823 2 
109.038 5.292 7.17415 0.28361 2 
111.603 5.292 6.88554 0.62104 2 
114.169 5.292 6.59694 0.95846 1 
116.735 5.292 6.22787 0.39959 1 
119.300 5.292 0.00000 -0.00000 0 
-8.980 2.726 7.14770 -0.68824 1 
-6.414 2.726 7.01922 -0.79913 1 
-3.848 2.726 6.98444 -0.96500 1 
-1.283 2.726 0.00000 -0.00000 0 
1.283 2.726 0.00000 -0.00000 0 
3.848 2.726 0.00000 -0.00000 0 
6.414 2.726 0.00000 -0.00000 0 
8.980 2.726 0.00000 -0.00000 0 
11.545 2.726 0.00000 -0.00000 0 
14.111 2.726 0.00000 -0.00000 0 
16.676 2.726 0.00000 -0.00000 0 
19.242 2.726 0.00000 -0.00000 0 
21.808 2.726 0.00000 -0.00000 0 
24.373 2.726 0.00000 -0.00000 0 
26.939 2.726 0.00000 -0.00000 0 
29.504 2.726 0.00000 -0.00000 0 
32.070 2.726 0.00000 -0.00000 0 
34.636 2.726 0.00000 -0.00000 0 
37.201 2.726 0.00000 -0.00000 0 
39.767 2.726 0.00000 -0.00000 0 
42.332 2.726 0.00000 -0.00000 0 
44.898 2.726 0.00000 -0.00000 0 
47.464 2.726 0.00000 -0.00000 0 
50.029 2.726 0.00000 -0.00000 0 
52.595 2.726 0.00000 -0.00000 0 
55.160 2.726 0.00000 -0.00000 0 
57.726 2.726 0.00000 -0.00000 0 
60.292 2.726 0.00000 -0.00000 0 
62.857 2.726 0.00000 -0.00000 0 
65.423 2.726 0.00000 -0.00000 0 
67.988 2.726 0.00000 -0.00000 0 
70.554 2.726 3.14701 0.76915 2 
73.120 2.726 3.66661 0.62004 2 
75.685 2.726 0.80862 -0.03056 1 
78.251 2.726 4.32293 1.33666 1 
80.816 2.726 6.12784 1.44929 1 
83.382 2.726 5.81531 0.61525 1 
85.948 2.726 6.23774 0.80827 1 
88.513 2.726 5.84325 0.74393 1 
91.079 2.726 6.11866 0.31022 1 
93.644 2.726 6.08973 0.67375 1 
96.210 2.726 6.29048 0.27688 1 
98.776 2.726 6.60445 0.57239 1 
101.341 2.726 6.73383 0.46613 1 
103.907 2.726 6.85222 0.70520 1 
106.472 2.726 7.10634 0.57791 1 
109.038 2.726 6.99638 0.38517 1 
111.603 2.726 7.11720 0.53374 2 
114.169 2.726 7.23803 0.68232 1 
116.735 2.726 7.18736 0.63566 1 
119.300 2.726 0.00000 -0.00000 0 
-8.980 0.160 7.21157 -0.81767 1 
-6.414 0.160 7.17254 -0.94450 1 
-3.848 0.160 6.99415 -0.99313 1 
-1.283 0.160 0.00000 -0.00000 0 
1.283 0.160 0.00000 -0.00000 0 
3.848 0.160 0.00000 -0.00000 0 
6.414 0.160 0.00000 -0.00000 0 
8.980 0.160 0.00000 -0.00000 0 
11.545 0.160 0.00000 -0.00000 0 
14.111 0.160 0.00000 -0.00000 0 
16.676 0.160 0.00000 -0.00000 0 
19.242 0.160 0.00000 -0.00000 0 
21.808 0.160 0.00000 -0.00000 0 
24.373 0.160 0.00000 -0.00000 0 
26.939 0.160 0.00000 -0.00000 0 
29.504 0.160 0.00000 -0.00000 0 
32.070 0.160 0.00000 -0.00000 0 
34.636 0.160 0.00000 -0.00000 0 
37.201 0.160 0.00000 -0.00000 0 
39.767 0.160 0.00000 -0.00000 0 
42.332 0.160 0.00000 -0.00000 0 
44.898 0.160 0.00000 -0.00000 0 
47.464 0.160 0.00000 -0.00000 0 
50.029 0.160 0.00000 -0.00000 0 
52.595 0.160 0.00000 -0.00000 0 
55.160 0.160 3.59212 0.72481 2 
57.726 0.160 4.06214 0.51469 2 
60.292 0.160 0.06498 -0.07792 1 
62.857 0.160 3.43064 0.12382 1 
65.423 0.160 6.68234 0.94608 1 
67.988 0.160 5.82944 0.85166 1 
70.554 0.160 6.29401 1.53830 1 
73.120 0.160 7.33323 1.24008 1 
75.685 0.160 7.48909 1.36680 1 
78.251 0.160 7.00968 0.91339 1 
80.816 0.160 7.26254 1.44378 1 
83.382 0.160 7.06129 1.13056 1 
85.948 0.160 7.29486 0.92721 1 
88.513 0.160 7.35192 0.85124 1 
91.079 0.160 7.56758 0.80339 1 
93.644 0.160 7.78181 0.74342 1 
96.210 0.160 7.62571 0.58712 1 
98.776 0.160 7.46505 0.55655 1 
101.341 0.160 7.60596 0.46569 1 
103.907 0.160 7.56105 0.54458 1 
106.472 0.160 7.21237 0.43195 1 
109.038 0.160 7.47389 0.69560 1 
111.603 0.160 7.38214 0.36812 1 
114.169 0.160 7.39242 0.32714 1 
116.735 0.160 7.49455 0.46369 1 
119.300 0.160 0.00000 -0.00000 0 
-8.980 -2.405 7.21424 -0.88878 1 
-6.414 -2.405 7.27999 -1.06384 1 
-3.848 -2.405 7.22132 -1.17382 1 
-1.283 -2.405 0.00000 -0.00000 0 
1.283 -2.405 0.00000 -0.00000 0 
3.848 -2.405 0.00000 -0.00000 0 
6.414 -2.405 0.00000 -0.00000 0 
8.980 -2.405 0.00000 -0.00000 0 
11.545 -2.405 0.00000 -0.00000 0 
14.111 -2.405 0.00000 -0.00000 0 
16.676 -2.405 0.00000 -0.00000 0 
19.242 -2.405 0.00000 -0.00000 0 
21.808 -2.405 0.00000 -0.00000 0 
24.373 -2.405 0.00000 -0.00000 0 
26.939 -2.405 0.00000 -0.00000 0 
29.504 -2.405 0.00000 -0.00000 0 
32.070 -2.405 0.00000 -0.00000 0 
34.636 -2.405 0.00000 -0.00000 0 
37.201 -2.405 0.00000 -0.00000 0 
39.767 -2.405 4.98199 0.53046 2 
42.332 -2.405 0.99356 0.14012 1 
44.898 -2.405 3.11342 0.42396 1 
47.464 -2.405 6.29626 0.28735 1 
50.029 -2.405 0.31108 0.44908 1 
52.595 -2.405 5.55702 0.08922 1 
55.160 -2.405 7.18425 1.44961 1 
57.726 -2.405 8.12427 1.02939 1 
60.292 -2.405 8.18145 1.80880 1 
62.857 -2.405 7.95897 1.35722 1 
65.423 -2.405 7.93173 1.07189 1 
67.988 -2.405 8.38728 1.14419 1 
70.554 -2.405 8.13674 1.37308 1 
73.120 -2.405 8.05927 1.29163 1 
75.685 -2.405 8.01453 0.96422 1 
78.251 -2.405 7.73641 1.05065 1 
80.816 -2.405 7.79596 1.21025 1 
83.382 -2.405 7.72874 1.11415 1 
85.948 -2.405 7.51866 0.91102 2 
88.513 -2.405 7.64910 0.89844 1 
91.079 -2.405 7.47498 0.82479 1 
93.644 -2.405 7.39318 0.81259 1 
96.210 -2.405 7.46613 0.61848 1 
98.776 -2.405 7.35042 0.61834 1 
101.341 -2.405 7.49314 0.61111 1 
103.907 -2.405 7.53513 0.67234 1 
106.472 -2.405 7.43683 0.44264 1 
109.038 -2.405 7.39139 0.49006 1 
111.603 -2.405 7.66125 0.30799 1 
114.169 -2.405 7.65859 0.31457 1 
116.735 -2.405 7.45492 0.57129 1 
119.300 -2.405 0.00000 -0.00000 0 
-8.980 -4.971 7.40803 -1.07832 1 
-6.414 -4.971 7.31117 -1.06087 1 
-3.848 -4.971 7.10143 -1.37441 1 
-1.283 -4.971 7.20356 -1.37691 1 
1.283 -4.971 7.24954 -1.73676 1 
3.848 -4.971 3.89938 -1.01127 2 
6.414 -4.971 0.00000 -0.00000 0 
8.980 -4.971 0.00000 -0.00000 0 
11.545 -4.971 0.00000 -0.00000 0 
14.111 -4.971 0.00000 -0.00000 0 
16.676 -4.971 0.00000 -0.00000 0 
19.242 -4.971 4.55534 -0.20336 2 
21.808 -4.971 9.11962 0.00181 2 
24.373 -4.971 10.36298 0.02736 1 
26.939 -4.971 10.52112 0.00825 1 
29.504 -4.971 5.21411 0.10036 2 
32.070 -4.971 0.06536 -0.07602 1 
34.636 -4.971 4.98833 0.34743 2 
37.201 -4.971 5.01558 0.41900 2 
39.767 -4.971 9.96397 1.06092 1 
42.332 -4.971 9.25592 1.20567 1 
44.898 -4.971 9.12137 1.50820 1 
47.464 -4.971 8.64759 1.60104 1 
50.029 -4.971 9.01263 1.60429 1 
52.595 -4.971 8.58481 1.28797 1 
55.160 -4.971 8.80742 1.16835 1 
57.726 -4.971 8.62806 1.47697 1 
60.292 -4.971 8.49271 1.42561 1 
62.857 -4.971 8.20431 1.14506 1 
65.423 -4.971 8.48712 0.89044 1 
67.988 -4.971 8.40778 1.01871 1 
70.554 -4.971 7.98299 1.36110 1 
73.120 -4.971 7.99471 1.37104 1 
75.685 -4.971 7.97012 1.21101 1 
78.251 -4.971 7.95874 1.17008 1 
80.816 -4.971 7.82509 0.96472 1 
83.382 -4.971 7.80332 0.87081 1 
85.948 -4.971 7.74246 0.89484 1 
88.513 -4.971 7.54184 0.77477 1 
91.079 -4.971 7.71473 0.82007 2 
93.644 -4.971 7.82579 0.76899 1 
96.210 -4.971 7.65359 0.54082 1 
98.776 -4.971 7.41507 0.50628 1 
101.341 -4.971 7.51308 0.58553 1 
103.907 -4.971 7.64216 0.58972 1 
106.472 -4.971 7.74532 0.34915 1 
109.038 -4.971 7.66316 0.48735 1 
111.603 -4.971 7.49308 0.45846 1 
114.169 -4.971 7.49884 0.26495 1 
116.735 -4.971 7.45538 0.54213 1 
119.300 -4.971 0.00000 -0.00000 0 
-8.980 -7.536 7.64773 -1.11698 1 
-6.414 -7.536 7.59264 -1.01765 1 
-3.848 -7.536 7.68181 -1.08440 1 
-1.283 -7.536 7.56541 -1.49887 1 
1.283 -7.536 7.59186 -1.83194 1 
3.848 -7.536 7.79875 -2.02254 1 
6.414 -7.536 8.13252 -2.54794 1 
8.980 -7.536 4.37426 -1.11522 2 
11.545 -7.536 9.69464 -2.51350 1 
14.111 -7.536 4.94276 -0.84513 2 
16.676 -7.536 5.07486 -0.63905 2 
19.242 -7.536 9.11068 -0.40671 2 
21.808 -7.536 9.49823 -0.23008 2 
24.373 -7.536 10.43916 -0.11124 1 
26.939 -7.536 10.36207 0.09036 1 
29.504 -7.536 10.42823 0.20072 1 
32.070 -7.536 10.44906 0.38186 1 
34.636 -7.536 9.97665 0.69487 1 
37.201 -7.536 10.03116 0.83799 1 
39.767 -7.536 9.64761 1.21186 1 
42.332 -7.536 9.55135 1.21884 1 
44.898 -7.536 9.43040 1.36520 1 
47.464 -7.536 9.14323 1.45253 1 
50.029 -7.536 8.77544 1.41276 1 
52.595 -7.536 8.74338 1.28982 1 
55.160 -7.536 8.86926 1.19397 1 
57.726 -7.536 8.54274 1.31256 1 
60.292 -7.536 8.53917 1.25041 1 
62.857 -7.536 8.55127 0.98811 1 
65.423 -7.536 8.12385 1.05729 1 
67.988 -7.536 8.24795 0.99259 1 
70.554 -7.536 8.08352 1.31379 1 
73.120 -7.536 8.13948 1.04350 1 
75.685 -7.536 8.08834 1.15218 1 
78.251 -7.536 7.80875 0.99317 1 
80.816 -7.536 7.86341 1.02069 1 
83.382 -7.536 7.71532 0.84743 1 
85.948 -7.536 7.83410 0.69466 1 
88.513 -7.536 7.66415 0.62089 1 
91.079 -7.536 7.95447 0.81535 1 
93.644 -7.536 7.71691 0.78404 1 
96.210 -7.536 7.47916 0.73945 1 
98.776 -7.536 7.54707 0.68105 1 
101.341 -7.536 7.60609 0.47208 1 
103.907 -7.536 7.75543 0.58343 1 
106.472 -7.536 7.45086 0.67694 1 
109.038 -7.536 7.40780 0.54283 1 
111.603 -7.536 7.57107 0.71878 1 
114.169 -7.536 7.58191 0.50417 1 
116.735 -7.536 7.66608 0.40460 1 
119.300 -7.536 0.00000 -0.00000 0 
-8.980 -10.102 7.64314 -0.99897 1 
-6.414 -10.102 7.73754 -1.14597 1 
-3.848 -10.102 7.77153 -1.05620 1 
-1.283 -10.102 7.76119 -1.53503 1 
1.283 -10.102 7.92075 -1.64379 1 
3.848 -10.102 8.09445 -1.74074 1 
6.414 -10.102 8.51514 -2.13412 1 
8.980 -10.102 8.74852 -2.23045 1 
11.545 -10.102 9.43417 -2.01688 1 
14.111 -10.102 9.88551 -1.69027 1 
16.676 -10.102 10.14972 -1.27810 1 
19.242 -10.102 10.34511 -0.78969 1 
21.808 -10.102 10.17928 -0.55527 1 
24.373 -10.102 10.24495 -0.17905 1 
26.939 -10.102 10.20916 -0.08367 1 
29.504 -10.102 10.01110 0.17400 1 
32.070 -10.102 9.89908 0.39183 1 
34.636 -10.102 9.81600 0.57899 1 
37.201 -10.102 9.83082 0.77430 1 
39.767 -10.102 9.54599 1.06506 1 
42.332 -10.102 9.55464 1.01357 1 
44.898 -10.102 9.28771 1.12265 1 
47.464 -10.102 9.00179 1.29512 1 
50.029 -10.102 8.86505 1.18287 1 
52.595 -10.102 9.04994 1.24148 1 
55.160 -10.102 8.76839 1.07326 1 
57.726 -10.102 8.79959 1.14213 1 
60.292 -10.102 8.64101 1.14337 1 
62.857 -10.102 8.36955 1.09527 1 
65.423 -10.102 8.47843 0.89647 1 
67.988 -10.102 8.16284 1.24649 1 
70.554 -10.102 8.25393 0.99179 1 
73.120 -10.102 8.14798 1.14217 1 
75.685 -10.102 8.05951 1.08623 1 
78.251 -10.102 7.86153 0.97533 1 
80.816 -10.102 7.86628 0.98757 1 
83.382 -10.102 8.00194 0.80410 1 
85.948 -10.102 7.72415 0.89628 1 
88.513 -10.102 7.76989 0.74066 1 
91.079 -10.102 7.62969 0.59641 1 
93.644 -10.102 7.75637 0.61788 1 
96.210 -10.102 7.53788 0.79581 1 
98.776 -10.102 7.61346 0.64957 1 
101.341 -10.102 7.63288 0.67785 1 
103.907 -10.102 7.76027 0.60857 1 
106.472 -10.102 7.62996 0.55065 1 
109.038 -10.102 7.43764 0.52300 2 
111.603 -10.102 7.68436 0.46581 1 
114.169 -10.102 7.62671 0.54132 1 
116.735 -10.102 7.45333 0.43419 1 
119.300 -10.102 0.00000 -0.00000 0 
-8.980 -12.668 7.69894 -1.01753 1 
-6.414 -12.668 7.91229 -1.00373 1 
-3.848 -12.668 7.80070 -1.11582 1 
-1.283 -12.668 7.83390 -1.34108 1 
1.283 -12.668 8.06922 -1.56933 1 
3.848 -12.668 8.29234 -1.58537 1 
6.414 -12.668 8.59499 -1.73983 1 
8.980 -12.668 8.82063 -1.66113 1 
11.545 -12.668 9.32676 -1.73013 1 
14.111 -12.668 9.45841 -1.45540 1 
16.676 -12.668 9.58206 -1.12269 1 
19.242 -12.668 9.85237 -0.82897 1 
21.808 -12.668 9.77198 -0.52744 1 
24.373 -12.668 9.62277 -0.23482 1 
26.939 -12.668 9.92998 -0.10384 1 
29.504 -12.668 9.93761 0.04406 1 
32.070 -12.668 9.80766 0.34200 1 
34.636 -12.668 9.74195 0.57270 1 
37.201 -12.668 9.69129 0.70978 1 
39.767 -12.668 9.49700 0.65528 1 
42.332 -12.668 9.37909 0.78218 1 
44.898 -12.668 9.04722 0.94875 1 
47.464 -12.668 8.90928 0.94929 1 
50.029 -12.668 8.95889 0.98665 1 
52.595 -12.668 8.77051 1.03561 1 
55.160 -12.668 8.74024 1.04278 1 
57.726 -12.668 8.73438 1.03910 1 
60.292 -12.668 8.38900 0.93354 1 
62.857 -12.668 8.42422 1.10916 1 
65.423 -12.668 8.48188 0.92668 1 
67.988 -12.668 8.27808 1.08174 1 
70.554 -12.668 8.16957 1.12220 1 
73.120 -12.668 8.10533 1.01561 1 
75.685 -12.668 7.99651 0.87792 1 
78.251 -12.668 8.11679 0.89183 1 
80.816 -12.668 7.85693 0.79562 1 
83.382 -12.668 7.91611 0.90217 1 
85.948 -12.668 7.86924 0.68671 1 
88.513 -12.668 7.74721 0.78530 1 
91.079 -12.668 7.73819 0.59227 1 
93.644 -12.668 7.71364 0.72570 1 
96.210 -12.668 7.69080 0.67179 1 
98.776 -12.668 7.68195 0.67922 1 
101.341 -12.668 7.61499 0.45231 1 
103.907 -12.668 7.62832 0.59981 1 
106.472 -12.668 7.56661 0.52001 2 
109.038 -12.668 7.46749 0.50318 1 
111.603 -12.668 7.80286 0.39919 2 
114.169 -12.668 7.73824 0.42628 1 
116.735 -12.668 7.62730 0.35693 1 
119.300 -12.668 0.00000 -0.00000 0 
-8.980 -15.233 7.81972 -0.81496 1 
-6.414 -15.233 7.91941 -0.97790 1 
-3.848 -15.233 8.03291 -1.04098 1 
-1.283 -15.233 8.02659 -1.13228 1 
1.283 -15.233 8.08741 -1.37830 1 
3.848 -15.233 8.30206 -1.34635 1 
6.414 -15.233 8.48141 -1.36921 1 
8.980 -15.233 8.91501 -1.27266 1 
11.545 -15.233 8.90962 -1.47189 1 
14.111 -15.233 9.41850 -1.15684 1 
16.676 -15.233 9.45437 -0.96369 1 
19.242 -15.233 9.60005 -0.82130 1 
21.808 -15.233 9.60614 -0.42595 1 
24.373 -15.233 9.86528 -0.28578 1 
26.939 -15.233 9.76869 -0.02767 1 
29.504 -15.233 9.73141 0.12551 1 
32.070 -15.233 9.50705 0.23298 1 
34.636 -15.233 9.40004 0.41994 1 
37.201 -15.233 9.45547 0.61156 1 
39.767 -15.233 9.28033 0.76970 1 
42.332 -15.233 9.07268 0.80888 1 
44.898 -15.233 9.04526 0.89134 1 
47.464 -15.233 9.09478 1.02081 1 
50.029 -15.233 8.78029 0.94540 1 
52.595 -15.233 8.69948 0.83866 1 
55.160 -15.233 8.79657 0.89596 1 
57.726 -15.233 8.48560 0.74872 1 
60.292 -15.233 8.60670 1.00482 1 
62.857 -15.233 8.41193 1.16261 1 
65.423 -15.233 8.38252 1.06023 1 
67.988 -15.233 8.41194 1.02046 1 
70.554 -15.233 8.17327 0.86481 1 
73.120 -15.233 8.22302 0.80330 1 
75.685 -15.233 8.20630 0.97110 1 
78.251 -15.233 8.03172 0.93743 1 
80.816 -15.233 7.86969 0.88701 1 
83.382 -15.233 7.86955 0.74682 1 
85.948 -15.233 7.87663 0.60887 1 
88.513 -15.233 7.87906 0.63952 1 
91.079 -15.233 7.75995 0.61889 1 
93.644 -15.233 7.69525 0.50628 1 
96.210 -15.233 7.90660 0.71504 1 
98.776 -15.233 7.88439 0.68087 1 
101.341 -15.233 7.67404 0.60902 1 
103.907 -15.233 7.47193 0.53793 1 
106.472 -15.233 7.50325 0.48938 1 
109.038 -15.233 7.71230 0.59785 1 
111.603 -15.233 7.92136 0.33257 1 
114.169 -15.233 7.58806 0.54994 1 
116.735 -15.233 7.47463 0.51245 1 
119.300 -15.233 0.00000 -0.00000 0 
-8.980 -17.799 7.99680 -0.90181 1 
-6.414 -17.799 7.85073 -0.96288 1 
-3.848 -17.799 7.98513 -1.03097 1 
-1.283 -17.799 8.16575 -1.06309 1 
1.283 -17.799 8.19133 -1.19836 1 
3.848 -17.799 8.38354 -1.19586 1 
6.414 -17.799 8.61063 -1.22903 1 
8.980 -17.799 8.74811 -1.30049 1 
11.545 -17.799 9.08205 -1.16999 1 
14.111 -17.799 9.30956 -0.89799 1 
16.676 -17.799 9.25335 -0.78648 1 
19.242 -17.799 9.26618 -0.68338 1 
21.808 -17.799 9.51471 -0.54648 1 
24.373 -17.799 9.37832 -0.26649 1 
26.939 -17.799 9.60708 -0.07202 1 
29.504 -17.799 9.49522 -0.05299 1 
32.070 -17.799 9.53044 0.10677 1 
34.636 -17.799 9.32021 0.29333 1 
37.201 -17.799 9.35921 0.46261 1 
39.767 -17.799 9.33440 0.55242 1 
42.332 -17.799 9.03818 0.66742 1 
44.898 -17.799 9.00182 0.70661 1 
47.464 -17.799 8.85006 0.78323 1 
50.029 -17.799 8.89189 0.85051 1 
52.595 -17.799 8.82011 0.71675 1 
55.160 -17.799 8.56963 0.80647 1 
57.726 -17.799 8.67083 0.97327 1 
60.292 -17.799 8.48819 0.75537 1 
62.857 -17.799 8.27884 0.82697 1 
65.423 -17.799 8.20277 0.90702 1 
67.988 -17.799 8.08672 0.94548 1 
70.554 -17.799 8.25720 1.03812 1 
73.120 -17.799 8.15840 0.84500 1 
75.685 -17.799 8.19166 0.95562 1 
78.251 -17.799 8.03827 0.95566 1 
80.816 -17.799 8.05387 0.93408 1 
83.382 -17.799 8.04221 0.72883 1 
85.948 -17.799 7.75991 0.58131 1 
88.513 -17.799 7.85899 0.60900 1 
91.079 -17.799 7.88209 0.79771 1 
93.644 -17.799 7.88144 0.77284 1 
96.210 -17.799 7.85984 0.55020 1 
98.776 -17.799 7.72617 0.49064 1 
101.341 -17.799 7.76537 0.55998 1 
103.907 -17.799 7.83116 0.55360 1 
106.472 -17.799 7.71300 0.46952 1 
109.038 -17.799 8.00054 0.44754 1 
111.603 -17.799 7.51449 0.52944 1 
114.169 -17.799 7.67553 0.49889 1 
116.735 -17.799 7.80912 0.47611 1 
119.300 -17.799 0.00000 -0.00000 0 
-8.980 -20.364 8.06561 -0.90793 1 
-6.414 -20.364 8.04010 -0.88179 1 
-3.848 -20.364 8.10146 -0.85813 1 
-1.283 -20.364 8.16030 -0.87716 1 
1.283 -20.364 8.38064 -1.05816 1 
3.848 -20.364 8.44160 -0.99439 1 
6.414 -20.364 8.67819 -1.09178 1 
8.980 -20.364 8.79698 -0.98396 1 
11.545 -20.364 8.84056 -0.95199 1 
14.111 -20.364 8.94491 -0.88220 1 
16.676 -20.364 9.22112 -0.78597 1 
19.242 -20.364 9.28369 -0.59789 1 
21.808 -20.364 9.31731 -0.42618 1 
24.373 -20.364 9.47240 -0.11488 1 
26.939 -20.364 9.36498 0.01455 1 
29.504 -20.364 9.26991 0.07811 1 
32.070 -20.364 9.28841 0.16583 1 
34.636 -20.364 9.32657 0.20551 1 
37.201 -20.364 9.14981 0.46211 1 
39.767 -20.364 9.08192 0.54464 1 
42.332 -20.364 9.06642 0.61837 1 
44.898 -20.364 9.10055 0.70963 1 
47.464 -20.364 8.92949 0.71193 1 
50.029 -20.364 8.93730 0.68677 1 
52.595 -20.364 8.74141 0.70034 1 
55.160 -20.364 8.64955 0.85512 1 
57.726 -20.364 8.60938 0.76264 1 
60.292 -20.364 8.49420 0.90302 1 
62.857 -20.364 8.37659 0.80527 1 
65.423 -20.364 8.32616 0.74836 1 
67.988 -20.364 8.27036 0.65455 1 
70.554 -20.364 8.20207 0.94891 1 
73.120 -20.364 8.29635 0.72755 1 
75.685 -20.364 8.25156 0.82626 1 
78.251 -20.364 8.12995 0.64004 1 
80.816 -20.364 8.07282 0.61692 1 
83.382 -20.364 8.04938 0.75376 1 
85.948 -20.364 7.69373 0.71019 1 
88.513 -20.364 7.85179 0.61666 1 
91.079 -20.364 7.82067 0.71963 1 
93.644 -20.364 7.87843 0.68156 1 
96.210 -20.364 7.79887 0.70054 1 
98.776 -20.364 7.76244 0.49304 1 
101.341 -20.364 7.81055 0.65585 1 
103.907 -20.364 7.80643 0.39981 1 
106.472 -20.364 7.74011 0.53470 2 
109.038 -20.364 7.95149 0.53014 1 
111.603 -20.364 7.61753 0.26584 1 
114.169 -20.364 7.83443 0.42031 1 
116.735 -20.364 7.87442 0.27589 1 
119.300 -20.364 0.00000 -0.00000 0 
-8.980 -22.930 8.02689 -0.71393 1 
-6.414 -22.930 8.18146 -0.87236 1 
-3.848 -22.930 8.08055 -0.83739 1 
-1.283 -22.930 8.24460 -0.86129 1 
1.283 -22.930 8.40974 -0.82818 1 
3.848 -22.930 8.42599 -0.94680 1 
6.414 -22.930 8.59503 -0.98629 1 
8.980 -22.930 8.82025 -0.99884 1 
11.545 -22.930 8.75292 -0.79040 1 
14.111 -22.930 8.96728 -0.84689 1 
16.676 -22.930 9.00846 -0.68077 1 
19.242 -22.930 8.87078 -0.67414 1 
21.808 -22.930 9.17771 -0.41864 1 
24.373 -22.930 9.13172 -0.08698 1 
26.939 -22.930 9.32591 -0.18358 1 
29.504 -22.930 9.28504 -0.04445 1 
32.070 -22.930 9.13216 0.15294 1 
34.636 -22.930 9.03223 0.22018 1 
37.201 -22.930 9.26706 0.18235 1 
39.767 -22.930 8.92920 0.52905 1 
42.332 -22.930 9.01239 0.66032 1 
44.898 -22.930 8.89455 0.53022 1 
47.464 -22.930 8.75374 0.45463 1 
50.029 -22.930 8.60403 0.59287 1 
52.595 -22.930 8.66584 0.68199 1 
55.160 -22.930 8.61655 0.69932 1 
57.726 -22.930 8.58300 0.66937 1 
60.292 -22.930 8.47563 0.63905 1 
62.857 -22.930 8.46443 0.83008 1 
65.423 -22.930 8.45009 0.60179 1 
67.988 -22.930 8.16731 0.65431 1 
70.554 -22.930 8.24604 0.71242 1 
73.120 -22.930 8.11305 0.78567 1 
75.685 -22.930 8.10681 0.68175 1 
78.251 -22.930 8.12837 0.76956 1 
80.816 -22.930 8.05927 0.68498 1 
83.382 -22.930 7.91178 0.64668 1 
85.948 -22.930 7.94211 0.64100 1 
88.513 -22.930 7.78554 0.59163 1 
91.079 -22.930 7.98341 0.41432 1 
93.644 -22.930 7.75012 0.47708 1 
96.210 -22.930 7.70414 0.61676 1 
98.776 -22.930 7.81989 0.59089 1 
101.341 -22.930 7.79266 0.64198 1 
103.907 -22.930 7.65427 0.50961 1 
106.472 -22.930 7.76723 0.59988 1 
109.038 -22.930 7.86170 0.45945 1 
111.603 -22.930 7.80848 0.43556 1 
114.169 -22.930 7.56590 0.45274 1 
116.735 -22.930 7.74982 0.50294 1 
119.300 -22.930 0.00000 -0.00000 0 
-8.980 -25.496 8.06406 -0.78812 1 
-6.414 -25.496 8.10436 -0.88004 1 
-3.848 -25.496 8.13030 -0.83383 1 
-1.283 -25.496 8.27017 -0.75425 1 
1.283 -25.496 8.28377 -0.94353 1 
3.848 -25.496 8.43881 -0.81063 1 
6.414 -25.496 8.70151 -0.75126 1 
8.980 -25.496 8.72829 -0.81452 1 
11.545 -25.496 8.70931 -0.76158 1 
14.111 -25.496 8.88642 -0.62790 1 
16.676 -25.496 9.00758 -0.58659 1 
19.242 -25.496 8.95349 -0.44484 1 
21.808 -25.496 9.12761 -0.29785 1 
24.373 -25.496 9.10473 -0.23525 1 
26.939 -25.496 9.25515 -0.00811 1 
29.504 -25.496 9.05845 0.02989 1 
32.070 -25.496 8.97631 0.07210 1 
34.636 -25.496 8.98334 0.26042 1 
37.201 -25.496 8.99589 0.18029 1 
39.767 -25.496 8.85141 0.22408 1 
42.332 -25.496 8.82560 0.48005 1 
44.898 -25.496 8.75877 0.49780 1 
47.464 -25.496 8.85290 0.52675 1 
50.029 -25.496 8.71626 0.61597 1 
52.595 -25.496 8.62638 0.65491 1 
55.160 -25.496 8.58237 0.69960 1 
57.726 -25.496 8.42168 0.55491 1 
60.292 -25.496 8.42794 0.61768 1 
62.857 -25.496 8.33493 0.69434 1 
65.423 -25.496 8.26377 0.68423 1 
67.988 -25.496 8.18495 0.64269 1 
70.554 -25.496 8.16185 0.59598 1 
73.120 -25.496 8.13365 0.69247 1 
75.685 -25.496 8.07124 0.69316 1 
78.251 -25.496 8.13139 0.82938 1 
80.816 -25.496 7.91437 0.53424 1 
83.382 -25.496 8.00257 0.73439 1 
85.948 -25.496 7.94053 0.64396 1 
88.513 -25.496 8.11038 0.49782 1 
91.079 -25.496 7.96849 0.70909 1 
93.644 -25.496 7.97599 0.49509 1 
96.210 -25.496 7.86642 0.48296 1 
98.776 -25.496 7.71687 0.47810 1 
101.341 -25.496 7.83810 0.63814 1 
103.907 -25.496 7.74206 0.57548 1 
106.472 -25.496 7.85331 0.54343 1 
109.038 -25.496 7.77426 0.47483 1 
111.603 -25.496 7.63014 0.41688 1 
114.169 -25.496 7.77212 0.33098 1 
116.735 -25.496 7.85152 0.30932 1 
119.300 -25.496 0.00000 -0.00000 0 
-8.980 -28.061 8.13945 -0.76661 1 
-6.414 -28.061 8.06385 -0.76052 1 
-3.848 -28.061 8.17721 -0.85682 1 
-1.283 -28.061 8.18292 -0.65811 1 
1.283 -28.061 8.40798 -0.88253 1 
3.848 -28.061 8.41065 -0.75363 1 
6.414 -28.061 8.54391 -0.62623 1 
8.980 -28.061 8.73789 -0.71626 1 
11.545 -28.061 8.56912 -0.60166 1 
14.111 -28.061 8.84694 -0.55464 1 
16.676 -28.061 8.82852 -0.43070 1 
19.242 -28.061 8.83584 -0.38627 1 
21.808 -28.061 8.95577 -0.17537 1 
24.373 -28.061 8.96998 -0.24879 1 
26.939 -28.061 8.98494 -0.12360 1 
29.504 -28.061 9.00484 -0.12761 1 
32.070 -28.061 9.10643 0.07919 1 
34.636 -28.061 8.87207 0.08462 1 
37.201 -28.061 8.93137 0.18756 1 
39.767 -28.061 8.84022 0.16674 1 
42.332 -28.061 8.79708 0.25049 1 
44.898 -28.061 8.78369 0.37962 1 
47.464 -28.061 8.69607 0.53442 1 
50.029 -28.061 8.66786 0.61941 1 
52.595 -28.061 8.64285 0.58194 1 
55.160 -28.061 8.52826 0.59420 1 
57.726 -28.061 8.38202 0.61332 1 
60.292 -28.061 8.41757 0.54883 1 
62.857 -28.061 8.41959 0.55960 1 
65.423 -28.061 8.45010 0.63854 1 
67.988 -28.061 8.38054 0.69420 1 
70.554 -28.061 8.11438 0.83709 1 
73.120 -28.061 8.28088 0.65086 1 
75.685 -28.061 8.07788 0.59987 1 
78.251 -28.061 8.08559 0.70496 1 
80.816 -28.061 8.07852 0.82947 1 
83.382 -28.061 7.87077 0.63165 1 
85.948 -28.061 7.93011 0.65564 1 
88.513 -28.061 7.87388 0.59412 1 
91.079 -28.061 7.88628 0.43672 1 
93.644 -28.061 7.87127 0.47726 1 
96.210 -28.061 7.86867 0.53018 1 
98.776 -28.061 7.95934 0.48349 1 
101.341 -28.061 7.88913 0.48110 1 
103.907 -28.061 7.69608 0.50534 1 
106.472 -28.061 7.78692 0.46451 1 
109.038 -28.061 7.82613 0.36993 2 
111.603 -28.061 7.97677 0.39262 1 
114.169 -28.061 7.49142 0.25954 1 
116.735 -28.061 7.85397 0.35490 1 
119.300 -28.061 0.00000 -0.00000 0 
-8.980 -30.627 8.21303 -0.65445 1 
-6.414 -30.627 8.13945 -0.48089 1 
-3.848 -30.627 8.12329 -0.67954 1 
-1.283 -30.627 8.24651 -0.69434 1 
1.283 -30.627 8.37897 -0.60175 1 
3.848 -30.627 8.53155 -0.65447 1 
6.414 -30.627 8.50948 -0.65249 1 
8.980 -30.627 8.57061 -0.56488 1 
11.545 -30.627 8.76510 -0.44344 1 
14.111 -30.627 8.62751 -0.61054 1 
16.676 -30.627 8.77480 -0.47681 1 
19.242 -30.627 8.81910 -0.30755 1 
21.808 -30.627 8.84595 -0.09484 1 
24.373 -30.627 8.88549 -0.09977 1 
26.939 -30.627 8.90691 -0.08385 1 
29.504 -30.627 8.92786 -0.11567 1 
32.070 -30.627 8.93029 0.09809 1 
34.636 -30.627 8.80212 0.05635 1 
37.201 -30.627 8.86500 0.16415 1 
39.767 -30.627 8.73618 0.21515 1 
42.332 -30.627 8.63851 0.37661 1 
44.898 -30.627 8.73366 0.43384 1 
47.464 -30.627 8.63632 0.28046 1 
50.029 -30.627 8.56259 0.50642 1 
52.595 -30.627 8.53096 0.57424 1 
55.160 -30.627 8.51777 0.46527 1 
57.726 -30.627 8.53515 0.64861 1 
60.292 -30.627 8.40998 0.67005 1 
62.857 -30.627 8.37384 0.80372 1 
65.423 -30.627 8.27866 0.59080 1 
67.988 -30.627 8.30486 0.66860 1 
70.554 -30.627 8.22679 0.57937 1 
73.120 -30.627 8.18259 0.79012 1 
75.685 -30.627 8.20651 0.54310 1 
78.251 -30.627 8.05054 0.54546 1 
80.816 -30.627 7.88288 0.65007 1 
83.382 -30.627 8.05008 0.63695 1 
85.948 -30.627 7.84651 0.66003 1 
88.513 -30.627 8.03850 0.53802 1 
91.079 -30.627 7.97593 0.57908 1 
93.644 -30.627 7.89153 0.58788 1 
96.210 -30.627 7.94896 0.54964 1 
98.776 -30.627 7.78882 0.52111 1 
101.341 -30.627 7.84640 0.51075 1 
103.907 -30.627 7.94228 0.37352 1 
106.472 -30.627 7.81647 0.35154 1 
109.038 -30.627 7.87801 0.26503 1 
111.603 -30.627 7.98611 0.15865 1 
114.169 -30.627 7.64947 0.33622 1 
116.735 -30.627 7.70820 0.33427 1 
119.300 -30.627 0.00000 -0.00000 0 
-8.980 -33.192 8.10760 -0.56879 1 
-6.414 -33.192 8.15614 -0.66091 1 
-3.848 -33.192 8.15718 -0.64449 1 
-1.283 -33.192 8.31248 -0.60874 1 
1.283 -33.192 8.38602 -0.58370 1 
3.848 -33.192 8.31672 -0.65501 1 
6.414 -33.192 8.32896 -0.52447 1 
8.980 -33.192 8.57992 -0.61586 1 
11.545 -33.192 8.72693 -0.39675 1 
14.111 -33.192 8.70772 -0.56210 1 
16.676 -33.192 8.74335 -0.40098 1 
19.242 -33.192 8.77201 -0.39767 1 
21.808 -33.192 8.86318 -0.22778 1 
24.373 -33.192 8.85126 -0.01375 1 
26.939 -33.192 8.73372 0.06936 1 
29.504 -33.192 8.79431 -0.06944 1 
32.070 -33.192 8.85859 0.00280 1 
34.636 -33.192 8.80061 0.17931 1 
37.201 -33.192 8.68486 0.07096 1 
39.767 -33.192 8.68864 0.31789 1 
42.332 -33.192 8.72223 0.28621 1 
44.898 -33.192 8.69513 0.36864 1 
47.464 -33.192 8.53248 0.32978 1 
50.029 -33.192 8.59484 0.45471 1 
52.595 -33.192 8.61341 0.24804 1 
55.160 -33.192 8.57555 0.57640 1 
57.726 -33.192 8.67146 0.66394 1 
60.292 -33.192 8.43078 0.60619 1 
62.857 -33.192 8.30324 0.57271 1 
65.423 -33.192 8.23008 0.55927 1 
67.988 -33.192 8.35038 0.64493 1 
70.554 -33.192 8.28673 0.61427 1 
73.120 -33.192 8.15056 0.58118 1 
75.685 -33.192 8.11437 0.74123 1 
78.251 -33.192 8.03559 0.67568 1 
80.816 -33.192 8.05948 0.58769 1 
83.382 -33.192 7.86906 0.49491 1 
85.948 -33.192 7.95313 0.65880 1 
88.513 -33.192 8.04512 0.63384 1 
91.079 -33.192 8.01127 0.39700 1 
93.644 -33.192 8.06025 0.55258 1 
96.210 -33.192 7.74900 0.53951 1 
98.776 -33.192 7.81406 0.49469 1 
101.341 -33.192 7.84974 0.23282 1 
103.907 -33.192 7.88230 0.36165 1 
106.472 -33.192 7.93340 0.29470 1 
109.038 -33.192 7.89916 0.44761 1 
111.603 -33.192 7.94598 0.39588 1 
114.169 -33.192 7.94453 0.37302 1 
116.735 -33.192 7.90403 0.34352 1 
119.300 -33.192 0.00000 -0.00000 0 
-8.980 -35.758 8.00142 -0.55236 1 
-6.414 -35.758 8.11529 -0.63420 1 
-3.848 -35.758 8.02741 -0.55345 1 
-1.283 -35.758 8.32028 -0.54109 1 
1.283 -35.758 8.22248 -0.66572 1 
3.848 -35.758 8.49969 -0.56950 1 
6.414 -35.758 8.36031 -0.67215 1 
8.980 -35.758 8.47949 -0.45313 1 
11.545 -35.758 8.62281 -0.45239 1 
14.111 -35.758 8.68721 -0.25209 1 
16.676 -35.758 8.70568 -0.23573 1 
19.242 -35.758 8.73181 -0.29512 1 
21.808 -35.758 8.75308 -0.14509 1 
24.373 -35.758 8.82617 -0.04300 1 
26.939 -35.758 8.83846 -0.11257 1 
29.504 -35.758 8.80195 -0.04505 1 
32.070 -35.758 8.45695 0.05701 1 
34.636 -35.758 8.74231 0.11354 1 
37.201 -35.758 8.69801 0.18873 1 
39.767 -35.758 8.63841 0.17529 1 
42.332 -35.758 8.62801 0.18136 1 
44.898 -35.758 8.65191 0.28458 1 
47.464 -35.758 8.71214 0.48686 1 
50.029 -35.758 8.54952 0.46234 1 
52.595 -35.758 8.57843 0.49789 1 
55.160 -35.758 8.54473 0.48116 1 
57.726 -35.758 8.28650 0.76482 1 
60.292 -35.758 8.43429 0.46906 1 
62.857 -35.758 8.30143 0.53866 1 
65.423 -35.758 8.33253 0.54959 1 
67.988 -35.758 8.05765 0.60176 1 
70.554 -35.758 8.06642 0.49112 1 
73.120 -35.758 8.16418 0.63311 1 
75.685 -35.758 8.16866 0.63333 1 
78.251 -35.758 8.10487 0.71731 1 
80.816 -35.758 8.10249 0.59006 1 
83.382 -35.758 8.06895 0.55982 1 
85.948 -35.758 7.93780 0.51877 1 
88.513 -35.758 7.98254 0.51234 1 
91.079 -35.758 7.77247 0.59165 1 
93.644 -35.758 7.92464 0.43314 1 
96.210 -35.758 8.17649 0.55745 1 
98.776 -35.758 7.76524 0.44559 1 
101.341 -35.758 8.01787 0.34237 1 
103.907 -35.758 7.98011 0.39432 1 
106.472 -35.758 7.95752 0.40621 1 
109.038 -35.758 7.83875 0.51149 1 
111.603 -35.758 7.85735 0.33616 1 
114.169 -35.758 7.73892 0.43233 1 
116.735 -35.758 7.96279 0.35506 1 
119.300 -35.758 0.00000 -0.00000 0 
-8.980 -38.324 8.07735 -0.67913 1 
-6.414 -38.324 8.02765 -0.54868 1 
-3.848 -38.324 8.14246 -0.75223 1 
-1.283 -38.324 8.26454 -0.57298 1 
1.283 -38.324 8.21909 -0.53626 1 
3.848 -38.324 8.46623 -0.47721 1 
6.414 -38.324 8.46622 -0.42380 1 
8.980 -38.324 8.49174 -0.42286 1 
11.545 -38.324 8.50639 -0.26755 1 
14.111 -38.324 8.49097 -0.27788 1 
16.676 -38.324 8.48137 -0.37445 1 
19.242 -38.324 8.60091 -0.14811 1 
21.808 -38.324 8.45463 -0.15490 1 
24.373 -38.324 8.66739 -0.14790 1 
26.939 -38.324 8.66157 -0.00014 1 
29.504 -38.324 8.71205 0.00066 1 
32.070 -38.324 8.55986 0.07229 1 
34.636 -38.324 8.65226 0.15862 1 
37.201 -38.324 8.58509 0.13302 1 
39.767 -38.324 8.56643 0.26270 1 
42.332 -38.324 8.64401 0.10114 1 
44.898 -38.324 8.78381 0.30336 1 
47.464 -38.324 8.57241 0.33196 1 
50.029 -38.324 8.43758 0.28320 1 
52.595 -38.324 8.50844 0.51830 1 
55.160 -38.324 8.47515 0.35023 1 
57.726 -38.324 8.58599 0.37382 1 
60.292 -38.324 8.31396 0.59713 1 
62.857 -38.324 8.25456 0.43642 1 
65.423 -38.324 8.27824 0.54843 1 
67.988 -38.324 8.35666 0.48370 1 
70.554 -38.324 8.14962 0.63427 1 
73.120 -38.324 8.16008 0.51094 1 
75.685 -38.324 7.93215 0.44141 1 
78.251 -38.324 8.14741 0.51148 1 
80.816 -38.324 8.03615 0.50094 1 
83.382 -38.324 7.91987 0.45207 1 
85.948 -38.324 8.02363 0.47558 1 
88.513 -38.324 8.11293 0.37515 1 
91.079 -38.324 7.93917 0.41327 1 
93.644 -38.324 7.99401 0.39211 1 
96.210 -38.324 7.96756 0.58370 1 
98.776 -38.324 7.73003 0.49598 1 
101.341 -38.324 7.93715 0.37206 1 
103.907 -38.324 7.78690 0.42729 1 
106.472 -38.324 7.81583 0.43096 1 
109.038 -38.324 7.82116 0.35233 1 
111.603 -38.324 7.91298 0.20340 1 
114.169 -38.324 7.92875 0.31052 1 
116.735 -38.324 7.86648 0.30977 1 
119.300 -38.324 0.00000 -0.00000 0 
-8.980 -40.889 8.10374 -0.51039 1 
-6.414 -40.889 8.12185 -0.51733 1 
-3.848 -40.889 8.32437 -0.41973 1 
-1.283 -40.889 8.34501 -0.34334 1 
1.283 -40.889 8.09133 -0.45140 1 
3.848 -40.889 8.16524 -0.31425 1 
6.414 -40.889 8.15600 -0.53474 1 
8.980 -40.889 8.38273 -0.56377 1 
11.545 -40.889 8.51593 -0.37814 1 
14.111 -40.889 8.55881 -0.25727 1 
16.676 -40.889 8.58588 -0.33106 1 
19.242 -40.889 8.59100 -0.15907 1 
21.808 -40.889 8.63974 -0.25543 1 
24.373 -40.889 8.66115 -0.12601 1 
26.939 -40.889 8.74353 -0.04003 1 
29.504 -40.889 8.56354 0.02198 1 
32.070 -40.889 8.59937 -0.02713 1 
34.636 -40.889 8.63581 0.06875 1 
37.201 -40.889 8.49838 0.15117 1 
39.767 -40.889 8.65554 0.27870 1 
42.332 -40.889 8.62624 0.28603 1 
44.898 -40.889 8.52226 0.39543 1 
47.464 -40.889 8.55498 0.32646 1 
50.029 -40.889 8.43388 0.37788 1 
52.595 -40.889 8.31434 0.34476 1 
55.160 -40.889 8.27532 0.30668 1 
57.726 -40.889 8.34490 0.44017 1 
60.292 -40.889 8.37340 0.43775 1 
62.857 -40.889 8.34055 0.39431 1 
65.423 -40.889 8.38737 0.49531 1 
67.988 -40.889 8.24883 0.56893 1 
70.554 -40.889 8.10589 0.45883 1 
73.120 -40.889 8.09999 0.61568 1 
75.685 -40.889 8.02018 0.53839 1 
78.251 -40.889 8.01507 0.67620 1 
80.816 -40.889 8.10985 0.43909 1 
83.382 -40.889 8.05012 0.44536 1 
85.948 -40.889 7.91260 0.49295 1 
88.513 -40.889 7.90893 0.54049 1 
91.079 -40.889 7.97027 0.43141 1 
93.644 -40.889 7.95631 0.41401 2 
96.210 -40.889 7.95974 0.41847 1 
98.776 -40.889 7.84819 0.40732 1 
101.341 -40.889 7.83029 0.41639 1 
103.907 -40.889 7.80147 0.28657 1 
106.472 -40.889 7.97359 0.43137 1 
109.038 -40.889 7.98403 0.38898 1 
111.603 -40.889 7.93190 0.23860 1 
114.169 -40.889 7.95730 0.30758 1 
116.735 -40.889 7.99084 0.33932 1 
119.300 -40.889 0.00000 -0.00000 0 
-8.980 -43.455 8.08309 -0.47988 1 
-6.414 -43.455 8.07661 -0.42774 1 
-3.848 -43.455 8.00566 -0.45276 1 
-1.283 -43.455 8.17238 -0.38015 1 
1.283 -43.455 8.31988 -0.39153 1 
3.848 -43.455 8.47465 -0.27385 1 
6.414 -43.455 8.50160 -0.26829 1 
8.980 -43.455 8.38665 -0.39920 1 
11.545 -43.455 8.44261 -0.34701 1 
14.111 -43.455 8.57179 -0.17449 1 
16.676 -43.455 8.45732 -0.08134 1 
19.242 -43.455 8.52789 -0.07757 1 
21.808 -43.455 8.78453 -0.03381 1 
24.373 -43.455 8.56161 -0.08003 1 
26.939 -43.455 8.54458 -0.09775 1 
29.504 -43.455 8.54864 0.00121 1 
32.070 -43.455 8.49357 -0.13002 1 
34.636 -43.455 8.56184 0.08345 1 
37.201 -43.455 8.42853 0.17684 1 
39.767 -43.455 8.61718 0.16595 1 
42.332 -43.455 8.61018 0.24847 1 
44.898 -43.455 8.62085 0.30589 1 
47.464 -43.455 8.47087 0.27267 1 
50.029 -43.455 8.43708 0.35851 1 
52.595 -43.455 8.46378 0.38371 1 
55.160 -43.455 8.23223 0.44438 1 
57.726 -43.455 8.28268 0.31217 1 
60.292 -43.455 8.29572 0.33757 1 
62.857 -43.455 8.17830 0.46191 1 
65.423 -43.455 8.26956 0.48569 1 
67.988 -43.455 8.08044 0.38421 1 
70.554 -43.455 8.07816 0.53885 1 
73.120 -43.455 8.22402 0.54893 1 
75.685 -43.455 8.16508 0.45527 1 
78.251 -43.455 8.24723 0.38183 1 
80.816 -43.455 8.06028 0.42279 1 
83.382 -43.455 8.04087 0.47651 1 
85.948 -43.455 7.92359 0.54591 1 
88.513 -43.455 8.01879 0.55204 1 
91.079 -43.455 7.96432 0.30895 1 
93.644 -43.455 7.91860 0.43592 1 
96.210 -43.455 7.93760 0.34426 1 
98.776 -43.455 8.00632 0.40014 1 
101.341 -43.455 7.86152 0.41730 1 
103.907 -43.455 7.85220 0.41232 1 
106.472 -43.455 8.01774 0.30316 1 
109.038 -43.455 7.88810 0.48379 1 
111.603 -43.455 7.73045 0.47316 1 
114.169 -43.455 7.90952 0.26339 1 
116.735 -43.455 7.92179 0.21229 1 
119.300 -43.455 0.00000 -0.00000 0 
-8.980 -46.020 8.11392 -0.41385 1 
-6.414 -46.020 8.12366 -0.43043 1 
-3.848 -46.020 8.15093 -0.50943 1 
-1.283 -46.020 8.20477 -0.43140 1 
1.283 -46.020 8.25779 -0.32090 1 
3.848 -46.020 8.29238 -0.48941 1 
6.414 -46.020 8.38057 -0.35906 1 
8.980 -46.020 8.43067 -0.19825 1 
11.545 -46.020 8.39535 -0.39367 1 
14.111 -46.020 8.28374 -0.17572 1 
16.676 -46.020 8.55468 -0.14733 1 
19.242 -46.020 8.59962 -0.18637 1 
21.808 -46.020 8.60366 -0.05845 1 
24.373 -46.020 8.61269 -0.05443 1 
26.939 -46.020 8.56092 -0.04482 1 
29.504 -46.020 8.47690 0.05801 1 
32.070 -46.020 8.69125 0.12026 1 
34.636 -46.020 8.58151 0.01056 1 
37.201 -46.020 8.44751 0.14256 1 
39.767 -46.020 8.55190 0.03537 1 
42.332 -46.020 8.44917 0.03895 1 
44.898 -46.020 8.39566 0.19399 1 
47.464 -46.020 8.39380 0.16233 1 
50.029 -46.020 8.36111 0.22068 1 
52.595 -46.020 8.40085 0.37955 1 
55.160 -46.020 8.40321 0.36175 1 
57.726 -46.020 8.40697 0.19650 1 
60.292 -46.020 8.32826 0.34799 2 
62.857 -46.020 8.19585 0.49662 1 
65.423 -46.020 8.33035 0.45929 1 
67.988 -46.020 8.21666 0.28771 1 
70.554 -46.020 8.13687 0.29493 1 
73.120 -46.020 8.13944 0.43327 1 
75.685 -46.020 8.00309 0.46533 1 
78.251 -46.020 7.89642 0.45985 1 
80.816 -46.020 7.97922 0.41698 1 
83.382 -46.020 7.98793 0.33713 1 
85.948 -46.020 8.13124 0.39308 1 
88.513 -46.020 7.97273 0.38431 1 
91.079 -46.020 8.15024 0.34859 1 
93.644 -46.020 7.95026 0.41378 1 
96.210 -46.020 8.05958 0.34569 1 
98.776 -46.020 7.92761 0.34960 1 
101.341 -46.020 7.98884 0.27902 1 
103.907 -46.020 8.03056 0.31364 1 
106.472 -46.020 8.00250 0.29643 1 
109.038 -46.020 8.07190 0.27784 1 
111.603 -46.020 7.96589 0.30540 1 
114.169 -46.020 7.90736 0.15356 1 
116.735 -46.020 7.85975 0.28083 1 
119.300 -46.020 0.00000 -0.00000 0 
-8.980 -48.586 8.18997 -0.36937 1 
-6.414 -48.586 8.15343 -0.35886 1 
-3.848 -48.586 8.10263 -0.56216 1 
-1.283 -48.586 8.28259 -0.37885 1 
1.283 -48.586 8.39971 -0.37913 1 
3.848 -48.586 8.20078 -0.28531 1 
6.414 -48.586 8.19658 -0.32488 1 
8.980 -48.586 8.26541 -0.29095 1 
11.545 -48.586 8.30724 -0.28420 1 
14.111 -48.586 8.43111 -0.13699 1 
16.676 -48.586 8.41509 -0.34952 1 
19.242 -48.586 8.43236 -0.00144 1 
21.808 -48.586 8.46177 -0.05948 1 
24.373 -48.586 8.47835 0.13267 1 
26.939 -48.586 8.47675 -0.12742 1 
29.504 -48.586 8.44660 0.09190 1 
32.070 -48.586 8.41220 -0.14809 1 
34.636 -48.586 8.46620 0.06986 1 
37.201 -48.586 8.43828 0.06825 1 
39.767 -48.586 8.50272 0.09432 1 
42.332 -48.586 8.56864 0.06765 1 
44.898 -48.586 8.42436 0.16101 1 
47.464 -48.586 8.46536 0.24154 1 
50.029 -48.586 8.37869 0.11924 1 
52.595 -48.586 8.26987 0.26628 1 
55.160 -48.586 8.27805 0.31551 1 
57.726 -48.586 8.39599 0.35001 1 
60.292 -48.586 8.36080 0.35841 1 
62.857 -48.586 8.32477 0.33383 1 
65.423 -48.586 8.12860 0.43347 1 
67.988 -48.586 8.28816 0.31270 1 
70.554 -48.586 8.21931 0.38906 1 
73.120 -48.586 8.08335 0.47768 1 
75.685 -48.586 8.22273 0.48889 1 
78.251 -48.586 8.28521 0.39000 1 
80.816 -48.586 8.07449 0.43879 1 
83.382 -48.586 7.97564 0.43529 1 
85.948 -48.586 8.18086 0.39032 1 
88.513 -48.586 8.06653 0.37375 1 
91.079 -48.586 8.16988 0.31133 1 
93.644 -48.586 7.91604 0.38125 1 
96.210 -48.586 7.87326 0.36037 1 
98.776 -48.586 7.90123 0.52261 1 
101.341 -48.586 7.94151 0.34792 1 
103.907 -48.586 7.96492 0.35236 1 
106.472 -48.586 7.88574 0.42126 1 
109.038 -48.586 8.04241 0.32801 1 
111.603 -48.586 7.86843 0.13009 1 
114.169 -48.586 7.97383 0.37820 1 
116.735 -48.586 7.75025 0.32637 1 
119.300 -48.586 0.00000 -0.00000 0 
-8.980 -51.152 8.14236 -0.47598 1 
-6.414 -51.152 8.11843 -0.29925 1 
-3.848 -51.152 8.18436 -0.38273 1 
-1.283 -51.152 8.16686 -0.25337 1 
1.283 -51.152 8.29926 -0.38847 1 
3.848 -51.152 8.28534 -0.31242 1 
6.414 -51.152 8.40515 -0.27835 1 
8.980 -51.152 8.39864 -0.17134 1 
11.545 -51.152 8.40483 -0.20682 1 
14.111 -51.152 8.40339 -0.16589 1 
16.676 -51.152 8.42897 0.02600 1 
19.242 -51.152 8.39566 -0.16917 1 
21.808 -51.152 8.34015 -0.03374 1 
24.373 -51.152 8.39569 -0.07235 1 
26.939 -51.152 8.48337 -0.03121 1 
29.504 -51.152 8.42692 0.19840 1 
32.070 -51.152 8.40155 0.14509 1 
34.636 -51.152 8.41147 0.10042 1 
37.201 -51.152 8.44188 0.02294 1 
39.767 -51.152 8.48217 0.20876 1 
42.332 -51.152 8.36404 0.21049 1 
44.898 -51.152 8.55073 0.18523 1 
47.464 -51.152 8.45156 0.18182 1 
50.029 -51.152 8.38917 0.22812 1 
52.595 -51.152 8.31915 0.22960 1 
55.160 -51.152 8.34616 0.32343 1 
57.726 -51.152 8.28941 0.05290 1 
60.292 -51.152 8.23615 0.39522 1 
62.857 -51.152 8.26656 0.37382 1 
65.423 -51.152 8.32171 0.37083 1 
67.988 -51.152 8.22082 0.30427 1 
70.554 -51.152 8.14195 0.35733 1 
73.120 -51.152 8.23955 0.39275 1 
75.685 -51.152 8.24238 0.39871 1 
78.251 -51.152 8.18088 0.38230 1 
80.816 -51.152 8.07100 0.38725 1 
83.382 -51.152 8.10735 0.30481 1 
85.948 -51.152 7.90720 0.41995 1 
88.513 -51.152 8.09726 0.38387 1 
91.079 -51.152 8.06926 0.37160 1 
93.644 -51.152 7.88023 0.35885 1 
96.210 -51.152 7.99942 0.36588 1 
98.776 -51.152 8.07334 0.30252 1 
101.341 -51.152 8.06751 0.36941 1 
103.907 -51.152 7.97824 0.38191 1 
106.472 -51.152 8.01942 0.34511 1 
109.038 -51.152 7.99141 0.25645 1 
111.603 -51.152 7.96151 0.37592 1 
114.169 -51.152 7.95146 0.28773 1 
116.735 -51.152 7.87453 0.24985 1 
119.300 -51.152 0.00000 -0.00000 0 
-8.980 -53.717 8.12492 -0.27722 1 
-6.414 -53.717 8.25380 -0.25442 1 
-3.848 -53.717 8.20016 -0.18726 1 
-1.283 -53.717 8.13710 -0.27648 1 
1.283 -53.717 8.24946 -0.36714 1 
3.848 -53.717 8.20734 -0.24795 1 
6.414 -53.717 8.13134 -0.17688 1 
8.980 -53.717 8.25960 -0.25768 1 
11.545 -53.717 8.23458 -0.15671 1 
14.111 -53.717 8.38329 -0.23986 1 
16.676 -53.717 8.33056 0.04972 1 
19.242 -53.717 8.25861 -0.28675 1 
21.808 -53.717 8.31988 -0.27898 1 
24.373 -53.717 8.47078 -0.05664 1 
26.939 -53.717 8.33834 -0.14612 1 
29.504 -53.717 8.33408 -0.09971 1 
32.070 -53.717 8.36378 -0.11571 1 
34.636 -53.717 8.49326 -0.06543 1 
37.201 -53.717 8.29894 0.07509 1 
39.767 -53.717 8.30610 0.10799 1 
42.332 -53.717 8.29070 0.06233 1 
44.898 -53.717 8.33174 0.15069 1 
47.464 -53.717 8.40944 0.11721 1 
50.029 -53.717 8.32672 0.09850 1 
52.595 -53.717 8.17775 0.16511 1 
55.160 -53.717 8.36710 0.12164 1 
57.726 -53.717 8.28802 0.15169 1 
60.292 -53.717 8.14588 0.21415 1 
62.857 -53.717 8.13383 0.46310 1 
65.423 -53.717 8.37733 0.28239 1 
67.988 -53.717 8.20670 0.37451 1 
70.554 -53.717 8.04712 0.39825 1 
73.120 -53.717 8.12277 0.40193 1 
75.685 -53.717 7.98662 0.21755 1 
78.251 -53.717 8.01464 0.27873 1 
80.816 -53.717 8.06082 0.42494 1 
83.382 -53.717 8.11158 0.29885 1 
85.948 -53.717 7.96391 0.42267 1 
88.513 -53.717 8.02118 0.27727 1 
91.079 -53.717 7.94475 0.42599 1 
93.644 -53.717 8.00284 0.24567 1 
96.210 -53.717 7.91621 0.21175 1 
98.776 -53.717 8.00325 0.28964 1 
101.341 -53.717 7.95545 0.32317 1 
103.907 -53.717 8.05492 0.23163 1 
106.472 -53.717 7.93076 0.24506 1 
109.038 -53.717 7.93097 0.29477 1 
111.603 -53.717 7.87491 0.25219 1 
114.169 -53.717 7.96556 0.28979 1 
116.735 -53.717 7.97843 0.19578 1 
119.300 -53.717 0.00000 -0.00000 0 
-8.980 -56.283 8.03328 -0.18902 1 
-6.414 -56.283 8.04417 -0.10660 1 
-3.848 -56.283 8.13763 -0.09774 1 
-1.283 -56.283 8.13882 -0.17428 1 
1.283 -56.283 8.06727 -0.15580 1 
3.848 -56.283 8.13274 -0.08700 1 
6.414 -56.283 8.14025 -0.08315 1 
8.980 -56.283 8.15718 -0.03947 1 
11.545 -56.283 8.34735 -0.18081 1 
14.111 -56.283 8.55557 -0.04568 1 
16.676 -56.283 8.28570 -0.04972 1 
19.242 -56.283 8.23951 -0.02465 1 
21.808 -56.283 8.17678 -0.02105 1 
24.373 -56.283 8.35495 -0.11723 1 
26.939 -56.283 8.40796 -0.08678 1 
29.504 -56.283 8.22507 -0.00598 1 
32.070 -56.283 8.28347 0.10843 1 
34.636 -56.283 8.34637 0.02936 1 
37.201 -56.283 8.31156 0.05682 1 
39.767 -56.283 8.36408 0.05684 1 
42.332 -56.283 8.34565 0.02740 1 
44.898 -56.283 8.19967 0.08544 1 
47.464 -56.283 8.15166 0.09718 1 
50.029 -56.283 8.33036 0.13531 1 
52.595 -56.283 8.11122 0.05925 1 
55.160 -56.283 8.30574 0.12858 1 
57.726 -56.283 8.24224 0.15517 1 
60.292 -56.283 8.13846 0.09056 1 
62.857 -56.283 8.14817 0.14325 1 
65.423 -56.283 7.99187 0.19861 1 
67.988 -56.283 8.04827 0.21779 1 
70.554 -56.283 8.20107 0.06679 1 
73.120 -56.283 8.10826 0.31677 1 
75.685 -56.283 7.96809 0.23131 1 
78.251 -56.283 8.09881 0.21776 1 
80.816 -56.283 8.04605 0.14823 1 
83.382 -56.283 7.90865 0.06277 1 
85.948 -56.283 7.96158 0.27263 1 
88.513 -56.283 7.98665 0.18569 1 
91.079 -56.283 8.08187 0.13816 1 
93.644 -56.283 8.10178 0.20788 1 
96.210 -56.283 8.00830 0.25545 1 
98.776 -56.283 8.08035 0.17046 1 
101.341 -56.283 7.96061 0.13583 1 
103.907 -56.283 8.05292 0.11359 1 
106.472 -56.283 8.00152 0.17778 1 
109.038 -56.283 7.94868 0.17560 1 
111.603 -56.283 7.99627 0.15698 2 
114.169 -56.283 8.04385 0.13835 1 
116.735 -56.283 7.85629 0.09850 1 
119.300 -56.283 0.00000 -0.00000 0 
