TITLE = "B00002"
VARIABLES = "X [mm]", "Y [mm]", "Vx [m/s]", "Vy [m/s]", "Flag"
ZONE T="Frame 1", I=51, J=39, F=POINT
-8.980 41.210 7.23759 -0.05520 1 
-6.414 41.210 7.33617 0.08742 1 
-3.848 41.210 7.30194 0.11942 1 
-1.283 41.210 7.31447 0.15465 1 
1.283 41.210 7.25614 0.07340 1 
3.848 41.210 0.00000 -0.00000 0 
6.414 41.210 0.00000 -0.00000 0 
8.980 41.210 0.00000 -0.00000 0 
11.545 41.210 0.00000 -0.00000 0 
14.111 41.210 0.00000 -0.00000 0 
16.676 41.210 0.00000 -0.00000 0 
19.242 41.210 3.70701 0.07322 2 
21.808 41.210 7.41402 0.14644 1 
24.373 41.210 7.32013 0.16826 1 
26.939 41.210 7.48814 0.27071 1 
29.504 41.210 7.38539 0.14429 1 
32.070 41.210 7.42401 0.25839 1 
34.636 41.210 7.43233 0.15190 1 
37.201 41.210 7.48597 0.28873 1 
39.767 41.210 7.46523 0.36105 1 
42.332 41.210 7.52335 0.06461 1 
44.898 41.210 7.36994 0.30317 1 
47.464 41.210 7.49579 0.03417 1 
50.029 41.210 7.56156 0.09811 1 
52.595 41.210 7.61825 0.13059 1 
55.160 41.210 7.59121 0.15516 1 
57.726 41.210 7.60764 0.26894 1 
60.292 41.210 7.62344 0.08612 1 
62.857 41.210 7.59939 0.20860 1 
65.423 41.210 7.56240 0.19789 1 
67.988 41.210 7.40188 0.01906 1 
70.554 41.210 7.58625 0.10006 1 
73.120 41.210 7.45009 0.21671 1 
75.685 41.210 7.52607 0.09680 1 
78.251 41.210 7.55735 0.10843 1 
80.816 41.210 0.00000 -0.00000 0 
83.382 41.210 0.00000 -0.00000 0 
85.948 41.210 3.74155 -0.00390 2 
88.513 41.210 7.48309 -0.00780 1 
91.079 41.210 7.41368 -0.00462 1 
93.644 41.210 7.61821 0.08061 1 
96.210 41.210 7.49041 0.23959 1 
98.776 41.210 7.55704 0.22361 1 
101.341 41.210 7.57576 0.10707 1 
103.907 41.210 7.69853 0.32281 1 
106.472 41.210 7.67438 0.20903 1 
109.038 41.210 7.58174 0.14989 1 
111.603 41.210 7.48717 0.06915 1 
114.169 41.210 7.48012 0.01356 1 
116.735 41.210 7.48445 0.26985 1 
119.300 41.210 0.00000 -0.00000 0 
-8.980 38.644 7.37981 -0.01931 1 
-6.414 38.644 7.23854 -0.02054 1 
-3.848 38.644 7.21308 -0.00745 1 
-1.283 38.644 7.29463 -0.01668 1 
1.283 38.644 7.46115 0.12735 1 
3.848 38.644 0.00000 -0.00000 0 
6.414 38.644 0.00000 -0.00000 0 
8.980 38.644 0.00000 -0.00000 0 
11.545 38.644 0.00000 -0.00000 0 
14.111 38.644 0.00000 -0.00000 0 
16.676 38.644 0.00000 -0.00000 0 
19.242 38.644 3.65216 0.14634 2 
21.808 38.644 7.30433 0.29267 1 
24.373 38.644 7.31053 0.20601 1 
26.939 38.644 7.42716 0.23290 1 
29.504 38.644 7.47159 0.25729 1 
32.070 38.644 7.46346 0.28574 1 
34.636 38.644 7.35650 0.26306 1 
37.201 38.644 7.29222 0.24704 1 
39.767 38.644 7.33028 0.25765 1 
42.332 38.644 7.52169 0.25461 1 
44.898 38.644 7.57252 0.24253 1 
47.464 38.644 7.57047 0.21094 1 
50.029 38.644 7.56051 0.22782 1 
52.595 38.644 7.53316 0.44672 1 
55.160 38.644 7.30774 0.19739 1 
57.726 38.644 7.60669 0.12480 1 
60.292 38.644 7.50930 0.12350 1 
62.857 38.644 7.45755 0.08709 1 
65.423 38.644 7.58231 0.05514 1 
67.988 38.644 7.49316 0.13142 1 
70.554 38.644 7.37752 0.05842 1 
73.120 38.644 7.67095 0.07239 1 
75.685 38.644 7.41180 0.12154 1 
78.251 38.644 7.41152 0.02878 1 
80.816 38.644 0.00000 -0.00000 0 
83.382 38.644 0.00000 -0.00000 0 
85.948 38.644 3.73633 0.15266 2 
88.513 38.644 7.47266 0.30533 1 
91.079 38.644 7.55359 0.27391 1 
93.644 38.644 7.63225 0.21937 1 
96.210 38.644 7.60739 0.21262 1 
98.776 38.644 7.53421 0.07736 1 
101.341 38.644 7.50832 0.03748 1 
103.907 38.644 7.47654 -0.04828 1 
106.472 38.644 7.79929 0.05849 1 
109.038 38.644 7.53442 0.17762 1 
111.603 38.644 7.72707 0.11228 1 
114.169 38.644 7.56026 0.13878 1 
116.735 38.644 7.49688 0.10906 1 
119.300 38.644 0.00000 -0.00000 0 
-8.980 36.079 7.25896 0.04592 1 
-6.414 36.079 7.17529 -0.00074 1 
-3.848 36.079 7.25381 0.01344 1 
-1.283 36.079 7.34388 0.07922 1 
1.283 36.079 7.37201 0.03316 1 
3.848 36.079 0.00000 -0.00000 0 
6.414 36.079 0.00000 -0.00000 0 
8.980 36.079 0.00000 -0.00000 0 
11.545 36.079 0.00000 -0.00000 0 
14.111 36.079 0.00000 -0.00000 0 
16.676 36.079 0.00000 -0.00000 0 
19.242 36.079 3.67623 0.11300 2 
21.808 36.079 7.35246 0.22600 1 
24.373 36.079 7.41111 0.33573 1 
26.939 36.079 7.38575 0.26165 1 
29.504 36.079 7.47271 0.27628 1 
32.070 36.079 7.46990 0.27314 1 
34.636 36.079 7.26924 0.24453 1 
37.201 36.079 7.58969 0.28813 1 
39.767 36.079 7.35538 0.23844 1 
42.332 36.079 7.66379 0.32722 1 
44.898 36.079 7.58780 0.22417 2 
47.464 36.079 7.55251 0.09200 1 
50.029 36.079 7.46523 0.26515 1 
52.595 36.079 7.52849 0.18008 1 
55.160 36.079 7.43459 0.13386 1 
57.726 36.079 7.66395 0.15792 1 
60.292 36.079 7.45711 0.15589 1 
62.857 36.079 7.31331 0.21371 1 
65.423 36.079 7.39661 0.01403 1 
67.988 36.079 7.37959 0.19097 1 
70.554 36.079 7.44738 0.14854 1 
73.120 36.079 7.64016 0.15604 1 
75.685 36.079 7.65442 0.00516 1 
78.251 36.079 7.46362 0.11783 2 
80.816 36.079 0.00000 -0.00000 0 
83.382 36.079 0.00000 -0.00000 0 
85.948 36.079 3.80144 0.07774 2 
88.513 36.079 7.60287 0.15548 1 
91.079 36.079 7.42042 0.07891 1 
93.644 36.079 7.36560 0.13307 1 
96.210 36.079 7.48540 0.08535 1 
98.776 36.079 7.37408 0.16484 1 
101.341 36.079 7.58238 0.13445 1 
103.907 36.079 7.39752 0.28401 1 
106.472 36.079 7.50865 0.19891 1 
109.038 36.079 7.35634 0.26194 1 
111.603 36.079 7.55842 0.14672 1 
114.169 36.079 7.52149 0.26498 1 
116.735 36.079 7.58975 0.12691 1 
119.300 36.079 0.00000 -0.00000 0 
-8.980 33.513 7.13355 -0.00357 1 
-6.414 33.513 7.25120 -0.06906 1 
-3.848 33.513 7.35427 -0.00641 1 
-1.283 33.513 7.39117 -0.01063 1 
1.283 33.513 7.32292 0.08920 1 
3.848 33.513 0.00000 -0.00000 0 
6.414 33.513 0.00000 -0.00000 0 
8.980 33.513 0.00000 -0.00000 0 
11.545 33.513 0.00000 -0.00000 0 
14.111 33.513 0.00000 -0.00000 0 
16.676 33.513 0.00000 -0.00000 0 
19.242 33.513 3.65703 0.14681 2 
21.808 33.513 7.31406 0.29363 1 
24.373 33.513 7.45131 0.25141 1 
26.939 33.513 7.35694 0.37816 1 
29.504 33.513 7.35109 0.38717 1 
32.070 33.513 7.34602 0.19255 1 
34.636 33.513 7.53391 0.31404 1 
37.201 33.513 7.35686 0.46087 1 
39.767 33.513 7.51201 0.35193 1 
42.332 33.513 7.37850 0.29999 1 
44.898 33.513 7.60308 0.20580 1 
47.464 33.513 7.44837 0.27270 1 
50.029 33.513 7.41692 0.09756 1 
52.595 33.513 7.54924 0.22975 1 
55.160 33.513 7.77637 0.16587 1 
57.726 33.513 7.54062 0.24117 1 
60.292 33.513 7.71680 0.23757 1 
62.857 33.513 7.36539 0.31323 1 
65.423 33.513 7.59056 0.04520 1 
67.988 33.513 7.37447 0.13434 1 
70.554 33.513 7.63920 0.21600 1 
73.120 33.513 7.51441 0.32771 1 
75.685 33.513 7.43060 -0.03198 1 
78.251 33.513 7.51573 0.20688 1 
80.816 33.513 0.00000 -0.00000 0 
83.382 33.513 0.00000 -0.00000 0 
85.948 33.513 3.75425 0.11505 2 
88.513 33.513 7.50850 0.23009 1 
91.079 33.513 7.70992 0.05416 1 
93.644 33.513 7.29188 -0.00999 1 
96.210 33.513 7.57364 0.22155 1 
98.776 33.513 7.48608 0.28767 1 
101.341 33.513 7.61153 0.18775 1 
103.907 33.513 7.44442 0.26572 1 
106.472 33.513 7.50002 0.19985 1 
109.038 33.513 7.67559 0.30233 1 
111.603 33.513 7.46973 0.32624 1 
114.169 33.513 7.41954 0.29496 1 
116.735 33.513 7.53051 0.06816 1 
119.300 33.513 0.00000 -0.00000 0 
-8.980 30.948 7.15201 -0.17204 1 
-6.414 30.948 7.20210 -0.02545 1 
-3.848 30.948 7.21743 -0.09471 1 
-1.283 30.948 7.26269 -0.02294 1 
1.283 30.948 7.27887 -0.00674 1 
3.848 30.948 0.00000 -0.00000 0 
6.414 30.948 0.00000 -0.00000 0 
8.980 30.948 0.00000 -0.00000 0 
11.545 30.948 0.00000 -0.00000 0 
14.111 30.948 0.00000 -0.00000 0 
16.676 30.948 3.55552 0.18013 2 
19.242 30.948 7.11104 0.36027 1 
21.808 30.948 7.18774 0.33025 1 
24.373 30.948 7.30509 0.21068 1 
26.939 30.948 7.27171 0.29959 1 
29.504 30.948 7.45410 0.35780 1 
32.070 30.948 7.40698 0.29517 1 
34.636 30.948 7.44455 0.30424 1 
37.201 30.948 7.40040 0.27824 1 
39.767 30.948 7.57194 0.26318 1 
42.332 30.948 7.55526 0.21094 1 
44.898 30.948 7.49255 0.26542 1 
47.464 30.948 7.66997 0.31071 1 
50.029 30.948 7.50114 -0.02060 1 
52.595 30.948 7.56549 0.15877 1 
55.160 30.948 7.39953 0.18626 1 
57.726 30.948 7.32748 0.29865 1 
60.292 30.948 7.49977 0.16845 1 
62.857 30.948 7.61223 0.06486 1 
65.423 30.948 7.71377 0.05375 1 
67.988 30.948 7.42034 0.04540 1 
70.554 30.948 7.59148 0.17023 1 
73.120 30.948 7.54333 0.04424 1 
75.685 30.948 7.70487 0.19610 1 
78.251 30.948 7.51964 0.12703 1 
80.816 30.948 0.00000 0.00000 0 
83.382 30.948 0.00000 0.00000 0 
85.948 30.948 5.05137 0.09680 2 
88.513 30.948 7.44579 0.19317 1 
91.079 30.948 7.43334 0.21467 1 
93.644 30.948 7.45681 0.16465 1 
96.210 30.948 7.49142 0.26318 2 
98.776 30.948 7.36832 0.12884 1 
101.341 30.948 7.65235 0.17354 1 
103.907 30.948 7.54418 0.18116 1 
106.472 30.948 7.50350 0.17880 1 
109.038 30.948 7.60491 0.34667 2 
111.603 30.948 7.63668 0.24428 1 
114.169 30.948 7.52051 0.00670 1 
116.735 30.948 7.41324 0.20687 1 
119.300 30.948 0.00000 -0.00000 0 
-8.980 28.382 7.32921 -0.10015 1 
-6.414 28.382 7.20180 -0.01418 1 
-3.848 28.382 7.12820 -0.01948 1 
-1.283 28.382 7.13705 0.00845 1 
1.283 28.382 7.23467 0.10614 1 
3.848 28.382 0.00000 -0.00000 0 
6.414 28.382 0.00000 -0.00000 0 
8.980 28.382 0.00000 -0.00000 0 
11.545 28.382 0.00000 -0.00000 0 
14.111 28.382 0.00000 -0.00000 0 
16.676 28.382 3.57252 0.10307 2 
19.242 28.382 7.14504 0.20615 1 
21.808 28.382 7.25357 0.25953 1 
24.373 28.382 7.39066 0.31677 1 
26.939 28.382 7.30765 0.22508 1 
29.504 28.382 7.58591 0.31291 1 
32.070 28.382 7.35385 0.50383 1 
34.636 28.382 7.46214 0.22961 1 
37.201 28.382 7.28437 0.29193 1 
39.767 28.382 7.51998 0.35049 1 
42.332 28.382 7.49881 0.46920 1 
44.898 28.382 7.48887 0.28392 1 
47.464 28.382 7.56544 0.19347 1 
50.029 28.382 7.56917 0.40666 1 
52.595 28.382 7.62345 0.11875 1 
55.160 28.382 7.52036 0.30756 1 
57.726 28.382 7.63696 0.20107 1 
60.292 28.382 7.58124 0.12920 1 
62.857 28.382 7.52960 0.19152 1 
65.423 28.382 7.67029 0.01578 1 
67.988 28.382 7.60526 0.13208 1 
70.554 28.382 7.43096 0.01210 1 
73.120 28.382 7.41598 -0.02656 1 
75.685 28.382 7.43658 -0.00428 1 
78.251 28.382 7.39342 0.23336 1 
80.816 28.382 4.87013 0.16591 2 
83.382 28.382 0.00000 0.00000 0 
85.948 28.382 6.34849 0.07855 2 
88.513 28.382 7.38005 0.17393 1 
91.079 28.382 7.20113 0.15196 1 
93.644 28.382 7.58923 0.20485 1 
96.210 28.382 7.40919 0.30481 1 
98.776 28.382 7.45675 0.01759 1 
101.341 28.382 7.66808 0.24158 1 
103.907 28.382 7.58941 0.10968 1 
106.472 28.382 7.30982 0.16250 1 
109.038 28.382 7.53424 0.39101 1 
111.603 28.382 7.48879 0.08911 1 
114.169 28.382 7.46492 0.21895 1 
116.735 28.382 7.26484 0.19925 1 
119.300 28.382 0.00000 -0.00000 0 
-8.980 25.816 7.27080 -0.09599 1 
-6.414 25.816 7.08802 -0.05772 1 
-3.848 25.816 7.24216 -0.06173 1 
-1.283 25.816 7.24025 0.00867 1 
1.283 25.816 7.12004 0.02533 1 
3.848 25.816 7.25963 0.00811 1 
6.414 25.816 0.00000 -0.00000 0 
8.980 25.816 0.00000 -0.00000 0 
11.545 25.816 0.00000 -0.00000 0 
14.111 25.816 0.00000 -0.00000 0 
16.676 25.816 3.64087 0.17549 2 
19.242 25.816 7.28173 0.35098 1 
21.808 25.816 7.35146 0.38424 1 
24.373 25.816 7.35441 0.30979 1 
26.939 25.816 7.21282 0.26028 1 
29.504 25.816 7.50222 0.43475 1 
32.070 25.816 7.45093 0.50198 1 
34.636 25.816 7.39991 0.38549 1 
37.201 25.816 7.57869 0.37449 1 
39.767 25.816 7.48124 0.38172 1 
42.332 25.816 7.39525 0.25684 1 
44.898 25.816 7.49110 0.03890 1 
47.464 25.816 7.67221 0.40531 1 
50.029 25.816 7.55834 0.07276 1 
52.595 25.816 7.56318 0.26574 1 
55.160 25.816 7.50828 -0.01832 1 
57.726 25.816 7.75202 0.32065 1 
60.292 25.816 7.52165 0.17380 1 
62.857 25.816 7.53807 -0.06174 1 
65.423 25.816 7.66299 0.19972 1 
67.988 25.816 7.53317 0.09953 1 
70.554 25.816 7.55645 0.22372 1 
73.120 25.816 7.44945 0.29092 1 
75.685 25.816 7.45608 0.29796 1 
78.251 25.816 7.62590 0.03155 1 
80.816 25.816 7.30520 0.24887 1 
83.382 25.816 0.00000 0.00000 0 
85.948 25.816 7.64561 0.06031 2 
88.513 25.816 7.42393 0.11385 2 
91.079 25.816 7.44488 0.03132 1 
93.644 25.816 7.50761 0.21076 2 
96.210 25.816 7.29751 0.03950 1 
98.776 25.816 7.47948 0.30226 1 
101.341 25.816 7.63188 0.16657 1 
103.907 25.816 7.60641 0.32218 1 
106.472 25.816 7.64070 0.12647 1 
109.038 25.816 7.41622 0.34711 1 
111.603 25.816 7.39777 0.13135 1 
114.169 25.816 7.60163 0.22789 1 
116.735 25.816 7.53383 0.15266 1 
119.300 25.816 0.00000 -0.00000 0 
-8.980 23.251 7.13209 -0.13634 1 
-6.414 23.251 7.06193 -0.06566 1 
-3.848 23.251 7.08478 -0.05656 1 
-1.283 23.251 7.08626 0.02761 1 
1.283 23.251 7.11056 -0.01610 1 
3.848 23.251 7.10102 -0.02897 1 
6.414 23.251 0.00000 -0.00000 0 
8.980 23.251 0.00000 -0.00000 0 
11.545 23.251 0.00000 -0.00000 0 
14.111 23.251 0.00000 -0.00000 0 
16.676 23.251 3.64641 0.16779 2 
19.242 23.251 7.29281 0.33559 1 
21.808 23.251 7.32789 0.39227 1 
24.373 23.251 7.16733 0.28344 1 
26.939 23.251 7.37142 0.48373 1 
29.504 23.251 7.34097 0.44767 1 
32.070 23.251 7.47367 0.26569 1 
34.636 23.251 7.45699 0.54706 1 
37.201 23.251 7.50354 0.34407 1 
39.767 23.251 7.51340 0.49480 1 
42.332 23.251 7.67863 0.19302 1 
44.898 23.251 7.43785 0.41548 1 
47.464 23.251 7.63945 0.34500 1 
50.029 23.251 7.54383 0.35829 1 
52.595 23.251 7.67561 0.09323 1 
55.160 23.251 7.65733 0.16619 1 
57.726 23.251 7.58426 0.06086 1 
60.292 23.251 7.56420 0.04261 1 
62.857 23.251 7.56722 0.08199 1 
65.423 23.251 7.58416 0.04059 1 
67.988 23.251 7.77809 0.11756 1 
70.554 23.251 7.69178 -0.05309 1 
73.120 23.251 7.48718 0.07109 1 
75.685 23.251 7.57971 0.04260 2 
78.251 23.251 7.53170 0.10665 2 
80.816 23.251 7.40996 0.13513 1 
83.382 23.251 0.00000 0.00000 0 
85.948 23.251 7.44852 0.08089 2 
88.513 23.251 7.46781 0.05377 1 
91.079 23.251 7.54868 0.13874 1 
93.644 23.251 7.42599 0.21667 1 
96.210 23.251 7.50967 0.19855 1 
98.776 23.251 7.42518 0.16692 1 
101.341 23.251 7.28076 0.16402 1 
103.907 23.251 7.50498 0.15158 1 
106.472 23.251 7.55187 0.17973 1 
109.038 23.251 7.53090 0.23264 1 
111.603 23.251 7.44182 0.11523 1 
114.169 23.251 7.49656 0.17080 1 
116.735 23.251 7.70745 0.39709 1 
119.300 23.251 0.00000 -0.00000 0 
-8.980 20.685 7.11651 -0.18380 1 
-6.414 20.685 7.15559 -0.10827 1 
-3.848 20.685 7.18424 -0.09104 1 
-1.283 20.685 7.08237 -0.15511 1 
1.283 20.685 6.98518 -0.01380 1 
3.848 20.685 7.09808 0.00468 1 
6.414 20.685 0.00000 -0.00000 0 
8.980 20.685 0.00000 -0.00000 0 
11.545 20.685 0.00000 -0.00000 0 
14.111 20.685 0.00000 -0.00000 0 
16.676 20.685 3.62845 0.19352 2 
19.242 20.685 7.25689 0.38703 1 
21.808 20.685 7.25970 0.39358 1 
24.373 20.685 7.24880 0.51250 1 
26.939 20.685 7.35195 0.53677 1 
29.504 20.685 7.34277 0.46182 1 
32.070 20.685 7.43944 0.54712 1 
34.636 20.685 7.61541 0.40712 1 
37.201 20.685 7.56850 0.44842 1 
39.767 20.685 7.49761 0.40528 1 
42.332 20.685 7.62027 0.23673 1 
44.898 20.685 7.55211 0.35061 1 
47.464 20.685 7.57137 0.45528 1 
50.029 20.685 7.64506 0.15536 1 
52.595 20.685 7.48211 0.31767 1 
55.160 20.685 7.72902 0.05044 1 
57.726 20.685 7.54984 0.15433 1 
60.292 20.685 7.73316 0.14049 1 
62.857 20.685 7.73536 0.12839 1 
65.423 20.685 7.55444 0.07489 1 
67.988 20.685 7.52375 0.05715 1 
70.554 20.685 7.61129 0.19879 1 
73.120 20.685 7.44764 -0.01068 1 
75.685 20.685 7.44257 0.08554 2 
78.251 20.685 7.43750 0.18176 1 
80.816 20.685 7.49035 0.01207 1 
83.382 20.685 0.00000 0.00000 0 
85.948 20.685 7.33255 0.05824 2 
88.513 20.685 7.25365 0.08132 1 
91.079 20.685 7.41778 0.10872 1 
93.644 20.685 7.29258 0.24472 1 
96.210 20.685 7.44472 0.27069 1 
98.776 20.685 7.17814 0.06714 1 
101.341 20.685 7.32883 0.14651 1 
103.907 20.685 7.49672 0.20773 1 
106.472 20.685 7.46636 0.10872 1 
109.038 20.685 7.56591 0.06846 1 
111.603 20.685 7.50045 0.44453 1 
114.169 20.685 7.68598 0.24951 1 
116.735 20.685 7.42875 0.16861 1 
119.300 20.685 0.00000 -0.00000 0 
-8.980 18.120 7.09996 -0.38329 1 
-6.414 18.120 7.00479 -0.28913 1 
-3.848 18.120 7.04569 -0.26779 1 
-1.283 18.120 7.00897 -0.09737 1 
1.283 18.120 7.00233 -0.18107 1 
3.848 18.120 6.90358 -0.04378 1 
6.414 18.120 0.00000 -0.00000 0 
8.980 18.120 0.00000 -0.00000 0 
11.545 18.120 0.00000 -0.00000 0 
14.111 18.120 0.00000 -0.00000 0 
16.676 18.120 3.48541 0.27726 2 
19.242 18.120 6.97082 0.55451 1 
21.808 18.120 7.16883 0.48806 1 
24.373 18.120 7.26195 0.59550 1 
26.939 18.120 7.49051 0.51250 1 
29.504 18.120 7.26851 0.50887 1 
32.070 18.120 7.38090 0.50071 1 
34.636 18.120 7.39193 0.46824 1 
37.201 18.120 7.62488 0.27357 1 
39.767 18.120 7.57844 0.38314 1 
42.332 18.120 7.67486 0.38645 1 
44.898 18.120 7.63978 0.28653 1 
47.464 18.120 7.64357 0.15040 1 
50.029 18.120 7.69447 0.31127 1 
52.595 18.120 7.66387 0.08095 1 
55.160 18.120 7.71647 0.02243 2 
57.726 18.120 7.67107 0.21928 1 
60.292 18.120 7.69424 0.19998 1 
62.857 18.120 7.76791 0.23563 1 
65.423 18.120 7.60272 0.05373 1 
67.988 18.120 7.44254 0.04460 1 
70.554 18.120 7.50435 0.11732 1 
73.120 18.120 7.73215 -0.00167 1 
75.685 18.120 7.44908 0.25574 1 
78.251 18.120 7.49866 0.11584 1 
80.816 18.120 7.41858 0.08677 1 
83.382 18.120 0.00000 0.00000 0 
85.948 18.120 7.54515 0.18639 2 
88.513 18.120 7.60844 0.23621 1 
91.079 18.120 7.40238 -0.11428 1 
93.644 18.120 7.21817 0.08912 1 
96.210 18.120 7.54704 0.04158 1 
98.776 18.120 7.32437 0.09466 1 
101.341 18.120 7.50230 0.05192 1 
103.907 18.120 7.45143 0.07945 1 
106.472 18.120 7.32752 0.12744 1 
109.038 18.120 7.56180 0.29255 1 
111.603 18.120 7.38982 0.22081 2 
114.169 18.120 7.33870 0.25335 1 
116.735 18.120 7.73704 0.18893 1 
119.300 18.120 0.00000 -0.00000 0 
-8.980 15.554 7.15370 -0.31956 1 
-6.414 15.554 7.01436 -0.30165 1 
-3.848 15.554 6.91010 -0.27054 1 
-1.283 15.554 6.80445 -0.10812 1 
1.283 15.554 6.88164 -0.14232 1 
3.848 15.554 6.74986 0.03731 1 
6.414 15.554 0.00000 -0.00000 0 
8.980 15.554 0.00000 -0.00000 0 
11.545 15.554 0.00000 -0.00000 0 
14.111 15.554 0.00000 -0.00000 0 
16.676 15.554 0.03695 0.35758 1 
19.242 15.554 6.97716 0.49684 1 
21.808 15.554 7.08968 0.57886 1 
24.373 15.554 7.28821 0.69168 1 
26.939 15.554 7.22668 0.70271 1 
29.504 15.554 7.30146 0.65900 1 
32.070 15.554 7.43558 0.54016 1 
34.636 15.554 7.69752 0.58779 1 
37.201 15.554 7.61420 0.41455 1 
39.767 15.554 7.62022 0.48968 1 
42.332 15.554 7.76916 0.23917 1 
44.898 15.554 7.73862 0.32984 1 
47.464 15.554 7.53522 0.31883 1 
50.029 15.554 7.64674 0.16984 1 
52.595 15.554 7.73451 0.11833 1 
55.160 15.554 7.70391 -0.00558 1 
57.726 15.554 7.76950 0.08321 1 
60.292 15.554 7.69949 0.14478 1 
62.857 15.554 7.79019 -0.03471 1 
65.423 15.554 7.53612 0.13854 1 
67.988 15.554 7.86379 0.18848 1 
70.554 15.554 7.50930 0.20156 1 
73.120 15.554 7.50138 0.07481 2 
75.685 15.554 7.49346 -0.05194 1 
78.251 15.554 7.59767 -0.03411 1 
80.816 15.554 7.32790 0.04657 2 
83.382 15.554 0.00000 0.00000 0 
85.948 15.554 7.59055 0.15973 2 
88.513 15.554 7.49435 0.18497 1 
91.079 15.554 7.35332 0.05157 1 
93.644 15.554 7.44745 0.26426 1 
96.210 15.554 7.38064 0.15976 1 
98.776 15.554 7.54313 0.25160 1 
101.341 15.554 7.24837 0.19278 1 
103.907 15.554 7.56283 0.20182 1 
106.472 15.554 7.46816 0.36175 1 
109.038 15.554 7.43581 0.07306 1 
111.603 15.554 7.27918 -0.00290 1 
114.169 15.554 7.48932 0.18665 1 
116.735 15.554 7.46941 0.18660 1 
119.300 15.554 0.00000 -0.00000 0 
-8.980 12.988 7.26687 -0.37121 1 
-6.414 12.988 7.00192 -0.37861 1 
-3.848 12.988 6.91474 -0.18957 1 
-1.283 12.988 6.88570 -0.32557 1 
1.283 12.988 6.82795 -0.17337 1 
3.848 12.988 6.67636 -0.03487 1 
6.414 12.988 0.00000 -0.00000 0 
8.980 12.988 0.00000 -0.00000 0 
11.545 12.988 0.00000 -0.00000 0 
14.111 12.988 0.06032 0.05950 2 
16.676 12.988 0.12064 0.11900 1 
19.242 12.988 7.02103 0.52359 1 
21.808 12.988 7.13885 0.75624 1 
24.373 12.988 7.19153 0.80303 1 
26.939 12.988 7.46467 0.76835 1 
29.504 12.988 7.45421 0.73611 1 
32.070 12.988 7.54726 0.75890 1 
34.636 12.988 7.55925 0.60957 1 
37.201 12.988 7.52244 0.57829 1 
39.767 12.988 7.67700 0.45080 1 
42.332 12.988 7.73697 0.36343 1 
44.898 12.988 7.58970 0.13596 1 
47.464 12.988 7.81097 0.10008 1 
50.029 12.988 7.80021 0.27374 1 
52.595 12.988 7.79083 0.22684 1 
55.160 12.988 7.70725 0.24688 1 
57.726 12.988 7.68443 0.13585 1 
60.292 12.988 7.71172 0.06159 1 
62.857 12.988 7.87987 0.21689 1 
65.423 12.988 7.60435 0.10636 2 
67.988 12.988 7.47918 -0.03894 1 
70.554 12.988 7.67274 0.14137 2 
73.120 12.988 7.64635 0.16260 2 
75.685 12.988 7.74802 0.17992 1 
78.251 12.988 7.51387 0.14617 1 
80.816 12.988 7.23721 0.00637 1 
83.382 12.988 7.41669 0.08458 2 
85.948 12.988 7.59618 0.16278 2 
88.513 12.988 7.77566 0.24099 1 
91.079 12.988 7.54743 -0.06670 1 
93.644 12.988 7.34676 0.02741 1 
96.210 12.988 7.24931 0.19129 1 
98.776 12.988 7.24422 -0.01269 1 
101.341 12.988 7.38839 0.16177 1 
103.907 12.988 7.38157 0.21913 1 
106.472 12.988 7.42187 0.26796 1 
109.038 12.988 7.64863 0.12152 1 
111.603 12.988 7.51050 0.20960 1 
114.169 12.988 7.33790 0.39031 1 
116.735 12.988 7.60959 0.31789 1 
119.300 12.988 0.00000 -0.00000 0 
-8.980 10.423 7.13776 -0.39794 1 
-6.414 10.423 6.83627 -0.48353 1 
-3.848 10.423 6.98027 -0.39481 1 
-1.283 10.423 6.68604 -0.27794 1 
1.283 10.423 6.51643 -0.20481 1 
3.848 10.423 6.44713 -0.07298 1 
6.414 10.423 3.22357 -0.03649 2 
8.980 10.423 0.00000 -0.00000 0 
11.545 10.423 0.00000 -0.00000 0 
14.111 10.423 0.04826 0.04760 2 
16.676 10.423 0.08043 0.07933 2 
19.242 10.423 3.55235 0.53491 2 
21.808 10.423 7.02428 0.99048 1 
24.373 10.423 7.22643 0.75604 1 
26.939 10.423 7.30560 0.79041 1 
29.504 10.423 7.54868 0.75288 1 
32.070 10.423 7.57485 0.62981 1 
34.636 10.423 7.70881 0.69553 1 
37.201 10.423 7.72263 0.45114 1 
39.767 10.423 7.84995 0.46734 1 
42.332 10.423 7.68410 0.43603 1 
44.898 10.423 7.72759 0.35421 1 
47.464 10.423 7.76101 0.31913 1 
50.029 10.423 7.16323 0.24999 1 
52.595 10.423 7.73431 0.12130 1 
55.160 10.423 3.85362 0.12344 2 
57.726 10.423 7.41542 0.13248 1 
60.292 10.423 7.66030 0.07542 1 
62.857 10.423 7.66701 0.00842 1 
65.423 10.423 7.67258 0.07418 1 
67.988 10.423 7.64522 -0.21235 1 
70.554 10.423 7.83618 0.08117 1 
73.120 10.423 7.68172 0.10631 1 
75.685 10.423 7.47499 0.07300 1 
78.251 10.423 7.69254 0.06674 1 
80.816 10.423 3.61860 0.00319 2 
83.382 10.423 3.61860 0.00319 2 
85.948 10.423 5.95613 0.21069 2 
88.513 10.423 6.41528 0.17476 2 
91.079 10.423 7.43376 -0.08944 1 
93.644 10.423 7.35219 0.11128 1 
96.210 10.423 7.55992 0.17095 1 
98.776 10.423 7.27350 0.36288 1 
101.341 10.423 7.31711 0.11374 1 
103.907 10.423 7.43176 0.26748 1 
106.472 10.423 7.60537 0.37678 1 
109.038 10.423 7.55119 -0.00608 1 
111.603 10.423 7.26772 0.21760 1 
114.169 10.423 7.31309 0.44175 1 
116.735 10.423 7.48462 0.74851 1 
119.300 10.423 0.00000 -0.00000 0 
-8.980 7.857 7.12004 -0.65600 1 
-6.414 7.857 7.04254 -0.58363 1 
-3.848 7.857 7.00251 -0.70881 1 
-1.283 7.857 6.84686 -0.58333 1 
1.283 7.857 6.52120 -0.43475 1 
3.848 7.857 4.32278 -0.16924 2 
6.414 7.857 2.16139 -0.08462 2 
8.980 7.857 0.00000 -0.00000 0 
11.545 7.857 0.00000 -0.00000 0 
14.111 7.857 0.02413 0.02380 2 
16.676 7.857 0.04021 0.03967 2 
19.242 7.857 2.35483 0.34338 2 
21.808 7.857 3.51214 0.49524 2 
24.373 7.857 0.00000 -0.00000 0 
26.939 7.857 0.00000 -0.00000 0 
29.504 7.857 0.00000 -0.00000 0 
32.070 7.857 0.00000 -0.00000 0 
34.636 7.857 0.00000 -0.00000 0 
37.201 7.857 0.00000 -0.00000 0 
39.767 7.857 0.00000 -0.00000 0 
42.332 7.857 0.00000 -0.00000 0 
44.898 7.857 0.00000 -0.00000 0 
47.464 7.857 0.00000 -0.00000 0 
50.029 7.857 0.00000 -0.00000 0 
52.595 7.857 0.00000 -0.00000 0 
55.160 7.857 0.00000 -0.00000 0 
57.726 7.857 0.00000 -0.00000 0 
60.292 7.857 0.00000 -0.00000 0 
62.857 7.857 0.00000 -0.00000 0 
65.423 7.857 0.00000 -0.00000 0 
67.988 7.857 0.00000 -0.00000 0 
70.554 7.857 0.00000 -0.00000 0 
73.120 7.857 0.00000 -0.00000 0 
75.685 7.857 0.00000 -0.00000 0 
78.251 7.857 0.00000 -0.00000 0 
80.816 7.857 0.00000 -0.00000 0 
83.382 7.857 0.00000 -0.00000 0 
85.948 7.857 0.00000 0.00000 0 
88.513 7.857 0.00000 0.00000 0 
91.079 7.857 6.83382 0.13564 2 
93.644 7.857 7.19564 0.32812 2 
96.210 7.857 7.35294 0.29436 2 
98.776 7.857 7.01200 0.16651 1 
101.341 7.857 7.31355 0.17356 1 
103.907 7.857 7.27652 0.35972 2 
106.472 7.857 7.27907 0.36910 2 
109.038 7.857 7.38538 0.08959 2 
111.603 7.857 7.29987 0.25163 2 
114.169 7.857 7.06268 0.25096 2 
116.735 7.857 7.04100 0.76679 2 
119.300 7.857 0.00000 -0.00000 0 
-8.980 5.292 7.07272 -0.74161 1 
-6.414 5.292 7.04948 -0.73725 1 
-3.848 5.292 6.92669 -0.77019 1 
-1.283 5.292 6.77889 -0.73828 1 
1.283 5.292 3.26060 -0.21737 2 
3.848 5.292 2.17373 -0.14492 2 
6.414 5.292 0.00000 -0.00000 0 
8.980 5.292 0.00000 -0.00000 0 
11.545 5.292 0.00000 -0.00000 0 
14.111 5.292 0.00000 -0.00000 0 
16.676 5.292 0.00000 -0.00000 0 
19.242 5.292 0.00000 -0.00000 0 
21.808 5.292 0.00000 -0.00000 0 
24.373 5.292 0.00000 -0.00000 0 
26.939 5.292 0.00000 -0.00000 0 
29.504 5.292 0.00000 -0.00000 0 
32.070 5.292 0.00000 -0.00000 0 
34.636 5.292 0.00000 -0.00000 0 
37.201 5.292 0.00000 -0.00000 0 
39.767 5.292 0.00000 -0.00000 0 
42.332 5.292 0.00000 -0.00000 0 
44.898 5.292 0.00000 -0.00000 0 
47.464 5.292 0.00000 -0.00000 0 
50.029 5.292 0.00000 -0.00000 0 
52.595 5.292 0.00000 -0.00000 0 
55.160 5.292 0.00000 -0.00000 0 
57.726 5.292 0.00000 -0.00000 0 
60.292 5.292 0.00000 -0.00000 0 
62.857 5.292 0.00000 -0.00000 0 
65.423 5.292 0.00000 -0.00000 0 
67.988 5.292 0.00000 -0.00000 0 
70.554 5.292 0.00000 -0.00000 0 
73.120 5.292 0.00000 -0.00000 0 
75.685 5.292 0.00000 -0.00000 0 
78.251 5.292 0.00000 0.00000 0 
80.816 5.292 0.00000 0.00000 0 
83.382 5.292 3.18455 0.65803 2 
85.948 5.292 2.67602 0.30650 2 
88.513 5.292 4.45495 0.33361 2 
91.079 5.292 6.23389 0.36071 2 
93.644 5.292 7.03908 0.54495 2 
96.210 5.292 7.14596 0.41777 2 
98.776 5.292 7.05937 0.41777 2 
101.341 5.292 6.97277 0.41777 2 
103.907 5.292 7.12129 0.45197 2 
106.472 5.292 6.95278 0.36141 2 
109.038 5.292 7.21957 0.18525 2 
111.603 5.292 7.33201 0.28567 2 
114.169 5.292 6.81227 0.06017 1 
116.735 5.292 6.59737 0.78507 1 
119.300 5.292 0.00000 -0.00000 0 
-8.980 2.726 7.16550 -0.70844 1 
-6.414 2.726 7.04702 -0.80213 1 
-3.848 2.726 7.09156 -0.70119 1 
-1.283 2.726 0.00000 -0.00000 0 
1.283 2.726 0.00000 -0.00000 0 
3.848 2.726 0.00000 -0.00000 0 
6.414 2.726 0.00000 -0.00000 0 
8.980 2.726 0.00000 -0.00000 0 
11.545 2.726 0.00000 -0.00000 0 
14.111 2.726 0.00000 -0.00000 0 
16.676 2.726 0.00000 -0.00000 0 
19.242 2.726 0.00000 -0.00000 0 
21.808 2.726 0.00000 -0.00000 0 
24.373 2.726 0.00000 -0.00000 0 
26.939 2.726 0.00000 -0.00000 0 
29.504 2.726 0.00000 -0.00000 0 
32.070 2.726 0.00000 -0.00000 0 
34.636 2.726 0.00000 -0.00000 0 
37.201 2.726 0.00000 -0.00000 0 
39.767 2.726 0.00000 -0.00000 0 
42.332 2.726 0.00000 -0.00000 0 
44.898 2.726 0.00000 -0.00000 0 
47.464 2.726 0.00000 -0.00000 0 
50.029 2.726 0.00000 -0.00000 0 
52.595 2.726 0.00000 -0.00000 0 
55.160 2.726 0.00000 -0.00000 0 
57.726 2.726 0.00000 -0.00000 0 
60.292 2.726 0.00000 -0.00000 0 
62.857 2.726 0.00000 -0.00000 0 
65.423 2.726 0.00000 -0.00000 0 
67.988 2.726 0.00000 -0.00000 0 
70.554 2.726 3.45774 0.34236 2 
73.120 2.726 1.62544 0.02423 1 
75.685 2.726 3.80230 0.11991 1 
78.251 2.726 8.19718 0.02100 1 
80.816 2.726 5.68725 0.41373 1 
83.382 2.726 6.36910 1.31605 1 
85.948 2.726 5.35204 0.61300 1 
88.513 2.726 6.33881 0.61259 2 
91.079 2.726 6.82879 0.52747 2 
93.644 2.726 6.88253 0.76179 1 
96.210 2.726 6.93898 0.54118 1 
98.776 2.726 7.07975 0.40950 2 
101.341 2.726 7.21642 0.49101 2 
103.907 2.726 6.96605 0.54422 1 
106.472 2.726 7.07423 0.37600 2 
109.038 2.726 7.05377 0.28092 1 
111.603 2.726 7.36415 0.31970 1 
114.169 2.726 7.47373 0.12405 1 
116.735 2.726 7.43318 0.62352 1 
119.300 2.726 0.00000 -0.00000 0 
-8.980 0.160 7.22549 -0.76287 1 
-6.414 0.160 7.22190 -0.86006 1 
-3.848 0.160 7.07647 -0.92714 1 
-1.283 0.160 0.00000 -0.00000 0 
1.283 0.160 0.00000 -0.00000 0 
3.848 0.160 0.00000 -0.00000 0 
6.414 0.160 0.00000 -0.00000 0 
8.980 0.160 0.00000 -0.00000 0 
11.545 0.160 0.00000 -0.00000 0 
14.111 0.160 0.00000 -0.00000 0 
16.676 0.160 0.00000 -0.00000 0 
19.242 0.160 0.00000 -0.00000 0 
21.808 0.160 0.00000 -0.00000 0 
24.373 0.160 0.00000 -0.00000 0 
26.939 0.160 0.00000 -0.00000 0 
29.504 0.160 0.00000 -0.00000 0 
32.070 0.160 0.00000 -0.00000 0 
34.636 0.160 0.00000 -0.00000 0 
37.201 0.160 0.00000 -0.00000 0 
39.767 0.160 0.00000 -0.00000 0 
42.332 0.160 0.00000 -0.00000 0 
44.898 0.160 0.00000 -0.00000 0 
47.464 0.160 0.00000 -0.00000 0 
50.029 0.160 0.00000 -0.00000 0 
52.595 0.160 0.00000 -0.00000 0 
55.160 0.160 0.04011 -0.06578 1 
57.726 0.160 4.06322 0.86870 2 
60.292 0.160 0.63519 0.00964 1 
62.857 0.160 4.16269 0.69861 2 
65.423 0.160 6.56773 0.05796 1 
67.988 0.160 5.68021 0.60335 1 
70.554 0.160 6.91549 0.68471 1 
73.120 0.160 7.10426 1.21044 1 
75.685 0.160 6.88294 1.27579 1 
78.251 0.160 6.91372 0.75965 1 
80.816 0.160 6.19101 1.11977 1 
83.382 0.160 6.95892 1.18311 2 
85.948 0.160 7.30777 0.64808 1 
88.513 0.160 7.43050 0.86407 1 
91.079 0.160 7.42369 0.69423 1 
93.644 0.160 7.37079 0.45997 1 
96.210 0.160 7.17958 0.62164 2 
98.776 0.160 7.32750 0.26954 1 
101.341 0.160 7.46007 0.56424 1 
103.907 0.160 7.27184 0.45156 1 
106.472 0.160 7.19569 0.39058 1 
109.038 0.160 7.35902 0.32665 1 
111.603 0.160 7.53313 0.22078 1 
114.169 0.160 7.61799 0.26922 1 
116.735 0.160 7.77681 0.26068 1 
119.300 0.160 0.00000 -0.00000 0 
-8.980 -2.405 7.35708 -0.72036 1 
-6.414 -2.405 7.19525 -0.81357 1 
-3.848 -2.405 7.12536 -1.15808 1 
-1.283 -2.405 0.00000 -0.00000 0 
1.283 -2.405 0.00000 -0.00000 0 
3.848 -2.405 0.00000 -0.00000 0 
6.414 -2.405 0.00000 -0.00000 0 
8.980 -2.405 0.00000 -0.00000 0 
11.545 -2.405 0.00000 -0.00000 0 
14.111 -2.405 0.00000 -0.00000 0 
16.676 -2.405 0.00000 -0.00000 0 
19.242 -2.405 0.00000 -0.00000 0 
21.808 -2.405 0.00000 -0.00000 0 
24.373 -2.405 0.00000 -0.00000 0 
26.939 -2.405 0.00000 -0.00000 0 
29.504 -2.405 0.00000 -0.00000 0 
32.070 -2.405 0.00000 -0.00000 0 
34.636 -2.405 0.00000 -0.00000 0 
37.201 -2.405 0.00000 -0.00000 0 
39.767 -2.405 0.01278 0.02630 1 
42.332 -2.405 3.61547 0.60364 2 
44.898 -2.405 2.56863 0.36222 2 
47.464 -2.405 0.47495 -0.12061 1 
50.029 -2.405 4.33449 0.61639 2 
52.595 -2.405 1.76948 -0.03292 1 
55.160 -2.405 4.26716 0.62548 2 
57.726 -2.405 8.12644 1.73739 1 
60.292 -2.405 8.12945 1.48692 1 
62.857 -2.405 8.32538 1.39722 1 
65.423 -2.405 8.29692 1.54577 1 
67.988 -2.405 8.29381 1.65997 1 
70.554 -2.405 7.59090 1.37659 1 
73.120 -2.405 7.83181 1.22112 1 
75.685 -2.405 7.83525 0.97653 1 
78.251 -2.405 7.88865 0.84833 1 
80.816 -2.405 7.68144 1.06693 1 
83.382 -2.405 7.54873 1.05017 1 
85.948 -2.405 7.43107 0.97143 1 
88.513 -2.405 7.33953 0.88781 1 
91.079 -2.405 7.69279 0.51101 1 
93.644 -2.405 7.44664 0.74672 1 
96.210 -2.405 7.42019 0.70209 1 
98.776 -2.405 7.46115 0.72687 1 
101.341 -2.405 7.29909 0.70740 1 
103.907 -2.405 7.65615 0.55640 1 
106.472 -2.405 7.40968 0.39598 1 
109.038 -2.405 7.65659 0.23326 1 
111.603 -2.405 7.56613 0.25689 1 
114.169 -2.405 7.57169 0.03048 1 
116.735 -2.405 7.60073 0.49196 1 
119.300 -2.405 0.00000 -0.00000 0 
-8.980 -4.971 7.42745 -0.73637 1 
-6.414 -4.971 7.34064 -0.96192 1 
-3.848 -4.971 7.29218 -1.26124 1 
-1.283 -4.971 7.16520 -1.47093 1 
1.283 -4.971 3.90880 -0.89551 2 
3.848 -4.971 0.09167 0.05019 1 
6.414 -4.971 0.00000 -0.00000 0 
8.980 -4.971 0.00000 -0.00000 0 
11.545 -4.971 0.00000 -0.00000 0 
14.111 -4.971 0.00000 -0.00000 0 
16.676 -4.971 0.00000 -0.00000 0 
19.242 -4.971 -0.16742 0.04973 1 
21.808 -4.971 1.56939 0.15476 1 
24.373 -4.971 6.62128 -0.16528 1 
26.939 -4.971 5.22165 0.01040 2 
29.504 -4.971 5.12567 0.10809 2 
32.070 -4.971 0.13316 -0.00727 1 
34.636 -4.971 0.03637 0.10880 1 
37.201 -4.971 5.07169 0.40151 2 
39.767 -4.971 4.94564 0.53572 2 
42.332 -4.971 7.23095 1.20728 2 
44.898 -4.971 7.87581 1.41779 2 
47.464 -4.971 8.52068 1.62829 1 
50.029 -4.971 8.66898 1.23279 1 
52.595 -4.971 9.41758 1.21354 1 
55.160 -4.971 8.49420 1.31674 1 
57.726 -4.971 8.52953 1.33557 1 
60.292 -4.971 8.47156 1.28445 1 
62.857 -4.971 8.14280 1.35037 1 
65.423 -4.971 8.48193 1.29466 1 
67.988 -4.971 8.02617 1.02218 1 
70.554 -4.971 7.96925 0.72348 1 
73.120 -4.971 7.99091 1.14467 1 
75.685 -4.971 8.01512 0.95862 1 
78.251 -4.971 8.02122 0.97659 1 
80.816 -4.971 7.91810 0.65256 1 
83.382 -4.971 8.00396 0.81276 1 
85.948 -4.971 7.84488 0.78908 1 
88.513 -4.971 7.68205 0.92588 1 
91.079 -4.971 7.94448 0.61952 1 
93.644 -4.971 7.80637 0.69238 1 
96.210 -4.971 7.60284 0.69565 1 
98.776 -4.971 7.58313 0.61972 1 
101.341 -4.971 7.45054 0.76437 1 
103.907 -4.971 7.49838 0.64313 1 
106.472 -4.971 7.49934 0.83356 1 
109.038 -4.971 7.45896 0.62191 1 
111.603 -4.971 7.47133 0.58775 1 
114.169 -4.971 7.79234 0.52637 1 
116.735 -4.971 7.75664 0.21671 1 
119.300 -4.971 0.00000 -0.00000 0 
-8.980 -7.536 7.54454 -0.81793 1 
-6.414 -7.536 7.61769 -1.11575 1 
-3.848 -7.536 7.68542 -1.30257 1 
-1.283 -7.536 7.53389 -1.33803 1 
1.283 -7.536 7.81760 -1.79102 1 
3.848 -7.536 7.87404 -2.03530 1 
6.414 -7.536 8.11328 -2.47915 1 
8.980 -7.536 4.42223 -1.10594 2 
11.545 -7.536 9.71457 -2.57267 1 
14.111 -7.536 10.48349 -2.16358 1 
16.676 -7.536 4.97218 -0.68631 2 
19.242 -7.536 5.06252 -0.39511 2 
21.808 -7.536 5.87834 -0.13284 2 
24.373 -7.536 10.35298 -0.21463 1 
26.939 -7.536 10.44330 0.02079 1 
29.504 -7.536 10.25134 0.21618 1 
32.070 -7.536 10.26274 0.25440 1 
34.636 -7.536 10.07630 0.54512 1 
37.201 -7.536 10.14338 0.80301 1 
39.767 -7.536 9.87850 1.04514 1 
42.332 -7.536 9.59748 1.20548 2 
44.898 -7.536 9.31646 1.36582 1 
47.464 -7.536 8.92934 1.02509 1 
50.029 -7.536 8.75617 0.93865 1 
52.595 -7.536 8.79999 0.85613 1 
55.160 -7.536 8.62451 1.23142 2 
57.726 -7.536 8.80635 1.17707 1 
60.292 -7.536 8.48438 1.22374 1 
62.857 -7.536 8.30326 1.13575 1 
65.423 -7.536 8.52057 0.90180 1 
67.988 -7.536 8.07526 1.31861 1 
70.554 -7.536 8.13522 1.00364 1 
73.120 -7.536 8.12415 1.08904 1 
75.685 -7.536 8.03984 1.31850 1 
78.251 -7.536 7.81585 1.03846 1 
80.816 -7.536 8.00542 1.00921 1 
83.382 -7.536 7.97108 0.92594 1 
85.948 -7.536 7.89206 0.66958 1 
88.513 -7.536 7.71945 0.99161 1 
91.079 -7.536 7.86953 0.74079 1 
93.644 -7.536 7.75981 0.86656 1 
96.210 -7.536 7.83483 0.77291 1 
98.776 -7.536 7.58974 0.67949 1 
101.341 -7.536 7.53083 0.63703 1 
103.907 -7.536 7.52847 0.63760 1 
106.472 -7.536 7.57425 0.70898 1 
109.038 -7.536 7.26729 0.38561 1 
111.603 -7.536 7.89104 0.20449 1 
114.169 -7.536 7.64815 0.29367 1 
116.735 -7.536 7.90091 0.23670 1 
119.300 -7.536 0.00000 -0.00000 0 
-8.980 -10.102 7.65839 -0.91254 1 
-6.414 -10.102 7.75558 -1.06956 1 
-3.848 -10.102 7.63676 -1.08709 1 
-1.283 -10.102 7.65057 -1.32723 1 
1.283 -10.102 7.89293 -1.53086 1 
3.848 -10.102 8.09647 -1.86438 1 
6.414 -10.102 8.62826 -1.87412 1 
8.980 -10.102 8.84445 -2.21189 1 
11.545 -10.102 9.58833 -2.15180 2 
14.111 -10.102 9.98502 -1.55795 1 
16.676 -10.102 9.94435 -1.37263 1 
19.242 -10.102 10.29246 -0.83994 1 
21.808 -10.102 10.18729 -0.42043 1 
24.373 -10.102 10.30016 -0.20433 1 
26.939 -10.102 10.32119 -0.10016 1 
29.504 -10.102 10.27222 0.09058 1 
32.070 -10.102 9.89439 0.10371 1 
34.636 -10.102 9.60283 0.64654 1 
37.201 -10.102 9.69253 0.65045 1 
39.767 -10.102 9.69290 0.62916 1 
42.332 -10.102 9.52053 1.21121 1 
44.898 -10.102 9.50249 1.13136 1 
47.464 -10.102 9.10422 1.26766 1 
50.029 -10.102 9.15716 1.26426 1 
52.595 -10.102 8.81650 1.32516 1 
55.160 -10.102 8.75481 1.14610 1 
57.726 -10.102 8.38936 1.48266 1 
60.292 -10.102 8.51826 1.25710 1 
62.857 -10.102 8.75566 0.96418 1 
65.423 -10.102 8.34779 1.13413 1 
67.988 -10.102 8.32780 1.21820 1 
70.554 -10.102 8.13866 1.19078 1 
73.120 -10.102 8.13009 1.05988 1 
75.685 -10.102 8.03723 0.93421 1 
78.251 -10.102 7.83317 0.94268 1 
80.816 -10.102 7.82083 1.02367 1 
83.382 -10.102 7.80869 0.97234 1 
85.948 -10.102 7.84933 0.59407 2 
88.513 -10.102 7.73158 0.72043 1 
91.079 -10.102 7.77449 0.71861 2 
93.644 -10.102 7.64670 0.89419 1 
96.210 -10.102 7.67898 0.71304 1 
98.776 -10.102 7.58790 0.70328 1 
101.341 -10.102 7.72421 0.50369 1 
103.907 -10.102 7.50096 0.60426 1 
106.472 -10.102 7.64181 0.57773 2 
109.038 -10.102 7.48559 0.36669 1 
111.603 -10.102 7.60231 0.47684 1 
114.169 -10.102 8.07397 0.39054 1 
116.735 -10.102 7.47214 0.22691 1 
119.300 -10.102 0.00000 -0.00000 0 
-8.980 -12.668 7.82417 -0.85380 1 
-6.414 -12.668 7.84099 -1.05623 1 
-3.848 -12.668 7.93701 -1.12979 1 
-1.283 -12.668 7.96113 -1.34172 1 
1.283 -12.668 8.11096 -1.50515 1 
3.848 -12.668 8.26673 -1.56486 1 
6.414 -12.668 8.58671 -1.53676 1 
8.980 -12.668 8.76626 -1.64627 1 
11.545 -12.668 9.46209 -1.73092 1 
14.111 -12.668 9.40378 -1.41655 1 
16.676 -12.668 9.75990 -1.11030 1 
19.242 -12.668 9.82886 -0.73923 1 
21.808 -12.668 10.03206 -0.65019 1 
24.373 -12.668 9.90142 -0.07987 1 
26.939 -12.668 9.82650 -0.13926 1 
29.504 -12.668 9.89670 0.13650 1 
32.070 -12.668 9.81353 0.24184 1 
34.636 -12.668 9.51801 0.38505 1 
37.201 -12.668 9.46219 0.68694 1 
39.767 -12.668 9.51933 0.81423 1 
42.332 -12.668 9.50041 1.08326 1 
44.898 -12.668 9.27409 0.88083 1 
47.464 -12.668 8.96278 0.97250 1 
50.029 -12.668 8.90020 1.11414 1 
52.595 -12.668 8.80817 1.00776 1 
55.160 -12.668 8.85997 1.00882 1 
57.726 -12.668 8.65252 1.09047 1 
60.292 -12.668 8.45323 0.87488 1 
62.857 -12.668 8.53877 1.11308 1 
65.423 -12.668 8.23414 1.15451 1 
67.988 -12.668 8.40074 0.74859 1 
70.554 -12.668 7.92785 1.24111 1 
73.120 -12.668 8.12593 1.10545 1 
75.685 -12.668 8.02285 1.01134 1 
78.251 -12.668 8.06321 0.89659 1 
80.816 -12.668 7.81356 0.89679 1 
83.382 -12.668 7.91114 0.75909 1 
85.948 -12.668 7.80659 0.51855 1 
88.513 -12.668 7.87737 0.83234 1 
91.079 -12.668 7.67946 0.69642 1 
93.644 -12.668 7.76999 0.76180 1 
96.210 -12.668 7.61136 0.68920 1 
98.776 -12.668 7.67062 0.73040 1 
101.341 -12.668 7.73125 0.47997 1 
103.907 -12.668 7.75474 0.63512 1 
106.472 -12.668 7.70938 0.44648 1 
109.038 -12.668 7.77820 0.29974 1 
111.603 -12.668 7.85056 0.40836 1 
114.169 -12.668 7.75904 0.36282 1 
116.735 -12.668 7.60634 0.61671 1 
119.300 -12.668 0.00000 -0.00000 0 
-8.980 -15.233 7.94099 -0.87275 1 
-6.414 -15.233 7.87712 -0.92762 1 
-3.848 -15.233 8.10669 -1.09118 1 
-1.283 -15.233 8.14335 -1.09964 1 
1.283 -15.233 8.14530 -1.26553 1 
3.848 -15.233 8.35921 -1.54085 1 
6.414 -15.233 8.57928 -1.21861 1 
8.980 -15.233 9.04146 -1.53616 1 
11.545 -15.233 9.25190 -1.31500 1 
14.111 -15.233 9.43577 -1.21589 1 
16.676 -15.233 9.71103 -0.96809 1 
19.242 -15.233 9.67573 -0.85399 1 
21.808 -15.233 9.63977 -0.43961 1 
24.373 -15.233 9.66186 -0.31799 1 
26.939 -15.233 9.61545 -0.19737 1 
29.504 -15.233 9.81006 0.11165 1 
32.070 -15.233 9.46229 0.10017 1 
34.636 -15.233 9.66283 0.61518 1 
37.201 -15.233 9.39383 0.71669 1 
39.767 -15.233 9.61215 0.80661 1 
42.332 -15.233 9.32303 0.70650 1 
44.898 -15.233 8.97193 0.75396 1 
47.464 -15.233 8.81585 1.07753 1 
50.029 -15.233 8.70957 0.82951 1 
52.595 -15.233 8.79311 1.02722 1 
55.160 -15.233 8.62755 0.98285 1 
57.726 -15.233 8.80996 0.82399 1 
60.292 -15.233 8.63013 0.84597 1 
62.857 -15.233 8.25303 0.74840 1 
65.423 -15.233 8.39439 1.04831 1 
67.988 -15.233 8.32899 0.89120 1 
70.554 -15.233 8.14745 0.96665 1 
73.120 -15.233 8.29953 0.81468 1 
75.685 -15.233 7.97714 0.94322 1 
78.251 -15.233 7.86336 0.89826 1 
80.816 -15.233 7.93241 0.80696 1 
83.382 -15.233 8.02757 0.77510 1 
85.948 -15.233 7.80024 0.82193 1 
88.513 -15.233 7.80726 0.81170 1 
91.079 -15.233 7.60896 0.62687 1 
93.644 -15.233 7.72913 0.65765 1 
96.210 -15.233 7.81781 0.70415 1 
98.776 -15.233 7.70034 0.60560 1 
101.341 -15.233 7.65031 0.70498 1 
103.907 -15.233 7.77184 0.47599 1 
106.472 -15.233 7.90486 0.50898 1 
109.038 -15.233 7.83391 0.37642 1 
111.603 -15.233 7.51322 0.21019 1 
114.169 -15.233 7.67208 0.55997 1 
116.735 -15.233 7.65890 0.24881 1 
119.300 -15.233 0.00000 -0.00000 0 
-8.980 -17.799 7.97901 -0.91874 1 
-6.414 -17.799 8.03334 -0.79403 1 
-3.848 -17.799 8.09470 -0.92301 1 
-1.283 -17.799 8.17156 -0.97686 1 
1.283 -17.799 8.40205 -0.99090 1 
3.848 -17.799 8.49100 -0.99865 1 
6.414 -17.799 8.74009 -1.20345 1 
8.980 -17.799 8.82146 -1.17622 1 
11.545 -17.799 9.05488 -1.04839 1 
14.111 -17.799 9.22638 -1.03333 1 
16.676 -17.799 9.43241 -0.90412 1 
19.242 -17.799 9.33909 -0.71793 1 
21.808 -17.799 9.59662 -0.36196 1 
24.373 -17.799 9.42438 -0.30583 1 
26.939 -17.799 9.38117 0.00806 1 
29.504 -17.799 9.59639 0.06837 1 
32.070 -17.799 9.46883 0.15641 1 
34.636 -17.799 9.67401 0.33847 1 
37.201 -17.799 9.34819 0.59408 1 
39.767 -17.799 9.51208 0.44700 1 
42.332 -17.799 9.19315 0.60374 1 
44.898 -17.799 8.99585 0.85814 1 
47.464 -17.799 8.92694 0.74743 1 
50.029 -17.799 8.90074 0.94784 1 
52.595 -17.799 8.77023 0.79229 1 
55.160 -17.799 8.65360 0.94531 1 
57.726 -17.799 8.57297 1.03603 1 
60.292 -17.799 8.71967 0.86373 1 
62.857 -17.799 8.50556 0.86112 1 
65.423 -17.799 8.24337 0.99685 1 
67.988 -17.799 8.39722 0.92342 1 
70.554 -17.799 8.19272 0.85058 1 
73.120 -17.799 8.33469 0.73622 1 
75.685 -17.799 7.97013 0.88443 1 
78.251 -17.799 8.07116 0.79027 1 
80.816 -17.799 8.26171 0.90830 1 
83.382 -17.799 8.00130 0.70433 1 
85.948 -17.799 7.82557 0.69297 1 
88.513 -17.799 7.93821 0.60688 1 
91.079 -17.799 7.77434 0.79487 1 
93.644 -17.799 7.74193 0.56194 1 
96.210 -17.799 7.76803 0.45526 1 
98.776 -17.799 7.87167 0.48355 1 
101.341 -17.799 7.80860 0.54602 1 
103.907 -17.799 7.75775 0.55827 1 
106.472 -17.799 7.53843 0.59450 1 
109.038 -17.799 7.79839 0.37495 1 
111.603 -17.799 7.62535 0.34190 1 
114.169 -17.799 7.87386 0.22238 1 
116.735 -17.799 7.54374 0.47263 1 
119.300 -17.799 0.00000 -0.00000 0 
-8.980 -20.364 8.01076 -0.79587 1 
-6.414 -20.364 7.97619 -0.87392 1 
-3.848 -20.364 8.09870 -0.87280 1 
-1.283 -20.364 8.14164 -0.95721 1 
1.283 -20.364 8.36241 -0.93895 1 
3.848 -20.364 8.45362 -0.94561 1 
6.414 -20.364 8.71573 -0.93404 1 
8.980 -20.364 8.73342 -1.08172 1 
11.545 -20.364 9.03829 -0.88560 1 
14.111 -20.364 9.03155 -0.87727 1 
16.676 -20.364 9.18845 -0.74191 1 
19.242 -20.364 9.24250 -0.65202 1 
21.808 -20.364 9.29637 -0.44016 1 
24.373 -20.364 9.27321 -0.39507 1 
26.939 -20.364 9.36195 -0.05238 1 
29.504 -20.364 9.32702 0.16520 1 
32.070 -20.364 9.35627 0.02014 1 
34.636 -20.364 9.38541 0.20504 1 
37.201 -20.364 9.28664 0.47505 1 
39.767 -20.364 9.39453 0.39043 1 
42.332 -20.364 8.89996 0.63882 1 
44.898 -20.364 9.08970 0.65348 1 
47.464 -20.364 8.85998 0.60119 1 
50.029 -20.364 8.69609 0.63232 1 
52.595 -20.364 8.68941 0.79365 1 
55.160 -20.364 8.69609 0.71568 1 
57.726 -20.364 8.54664 0.77209 1 
60.292 -20.364 8.62280 0.73427 1 
62.857 -20.364 8.49332 0.97581 1 
65.423 -20.364 8.42976 0.90442 1 
67.988 -20.364 8.24486 0.83875 1 
70.554 -20.364 8.26341 0.73471 1 
73.120 -20.364 8.15821 0.69514 1 
75.685 -20.364 8.09101 0.77318 1 
78.251 -20.364 7.98714 0.79119 1 
80.816 -20.364 8.04455 0.69263 1 
83.382 -20.364 7.93658 0.73686 1 
85.948 -20.364 7.89566 0.71273 1 
88.513 -20.364 7.81780 0.52929 1 
91.079 -20.364 7.71735 0.49070 1 
93.644 -20.364 7.82260 0.63440 1 
96.210 -20.364 7.63628 0.55686 1 
98.776 -20.364 7.75104 0.49201 1 
101.341 -20.364 7.81459 0.54087 1 
103.907 -20.364 7.76201 0.51386 1 
106.472 -20.364 7.88025 0.23958 1 
109.038 -20.364 7.53567 0.49835 1 
111.603 -20.364 7.55163 0.33416 1 
114.169 -20.364 7.49363 0.37883 1 
116.735 -20.364 7.79201 0.34084 1 
119.300 -20.364 0.00000 -0.00000 0 
-8.980 -22.930 8.08902 -0.72801 1 
-6.414 -22.930 8.12593 -0.78140 1 
-3.848 -22.930 8.10172 -0.77378 1 
-1.283 -22.930 8.24859 -0.79551 1 
1.283 -22.930 8.39802 -0.84860 1 
3.848 -22.930 8.53645 -0.86009 1 
6.414 -22.930 8.64926 -0.81015 1 
8.980 -22.930 8.68065 -0.80492 1 
11.545 -22.930 8.82536 -0.71988 1 
14.111 -22.930 9.00651 -0.63223 1 
16.676 -22.930 9.16228 -0.64730 1 
19.242 -22.930 9.31872 -0.55904 1 
21.808 -22.930 9.10068 -0.41300 1 
24.373 -22.930 9.28066 -0.29222 1 
26.939 -22.930 9.21508 -0.13071 1 
29.504 -22.930 9.25403 0.05620 1 
32.070 -22.930 9.18386 0.12916 1 
34.636 -22.930 9.18429 0.17850 1 
37.201 -22.930 9.20171 0.34521 1 
39.767 -22.930 9.09992 0.40935 1 
42.332 -22.930 8.95118 0.24349 1 
44.898 -22.930 8.90165 0.62874 1 
47.464 -22.930 8.88560 0.57280 1 
50.029 -22.930 8.70739 0.65899 1 
52.595 -22.930 8.73027 0.64516 1 
55.160 -22.930 8.63437 0.55036 1 
57.726 -22.930 8.53866 0.59546 1 
60.292 -22.930 8.47152 0.72176 1 
62.857 -22.930 8.38462 0.87429 1 
65.423 -22.930 8.27311 0.60225 1 
67.988 -22.930 8.16030 0.68749 1 
70.554 -22.930 8.24498 0.74805 1 
73.120 -22.930 8.24317 0.67900 1 
75.685 -22.930 8.13321 0.87063 1 
78.251 -22.930 8.01054 0.66003 1 
80.816 -22.930 8.05893 0.82822 1 
83.382 -22.930 8.00743 0.77789 1 
85.948 -22.930 7.84188 0.84281 1 
88.513 -22.930 8.01174 0.69648 1 
91.079 -22.930 7.99850 0.60147 1 
93.644 -22.930 7.83032 0.48735 1 
96.210 -22.930 7.86226 0.61131 1 
98.776 -22.930 7.81521 0.54830 1 
101.341 -22.930 7.74666 0.44621 1 
103.907 -22.930 7.69710 0.46470 1 
106.472 -22.930 7.73122 0.61255 1 
109.038 -22.930 7.64196 0.44044 1 
111.603 -22.930 8.11199 0.29222 1 
114.169 -22.930 7.76239 0.33640 1 
116.735 -22.930 7.80180 0.25464 1 
119.300 -22.930 0.00000 -0.00000 0 
-8.980 -25.496 8.05188 -0.70012 1 
-6.414 -25.496 8.09100 -0.82797 1 
-3.848 -25.496 8.04094 -0.76179 1 
-1.283 -25.496 8.14895 -0.74154 1 
1.283 -25.496 8.40380 -0.83727 1 
3.848 -25.496 8.39447 -0.77602 1 
6.414 -25.496 8.58700 -0.82312 1 
8.980 -25.496 8.70021 -0.76029 1 
11.545 -25.496 8.82873 -0.76091 1 
14.111 -25.496 9.07335 -0.70432 1 
16.676 -25.496 8.86745 -0.56424 1 
19.242 -25.496 8.88915 -0.24163 1 
21.808 -25.496 9.05213 -0.16837 1 
24.373 -25.496 9.06383 -0.16640 1 
26.939 -25.496 9.11618 -0.06930 1 
29.504 -25.496 9.02716 -0.02095 1 
32.070 -25.496 8.99509 0.03071 1 
34.636 -25.496 8.95554 0.09077 1 
37.201 -25.496 9.02228 0.27353 1 
39.767 -25.496 8.87409 0.29464 1 
42.332 -25.496 8.89477 0.48364 1 
44.898 -25.496 8.80818 0.48272 1 
47.464 -25.496 8.78115 0.58249 1 
50.029 -25.496 8.67892 0.69272 1 
52.595 -25.496 8.54767 0.59538 1 
55.160 -25.496 8.69631 0.55696 1 
57.726 -25.496 8.64964 0.55125 1 
60.292 -25.496 8.51880 0.61194 1 
62.857 -25.496 8.49438 0.67265 1 
65.423 -25.496 8.21127 0.66010 1 
67.988 -25.496 8.16571 0.44990 1 
70.554 -25.496 8.17587 0.54208 1 
73.120 -25.496 8.16436 0.65608 1 
75.685 -25.496 8.22831 0.58546 1 
78.251 -25.496 8.05880 0.44095 1 
80.816 -25.496 8.12470 0.72784 2 
83.382 -25.496 8.00058 0.77768 2 
85.948 -25.496 8.07333 0.42804 1 
88.513 -25.496 8.00813 0.64070 2 
91.079 -25.496 7.94745 0.64784 2 
93.644 -25.496 8.00705 0.37965 1 
96.210 -25.496 7.94382 0.49510 1 
98.776 -25.496 7.88788 0.47929 1 
101.341 -25.496 7.76863 0.54022 1 
103.907 -25.496 7.69453 0.43895 1 
106.472 -25.496 7.73624 0.44928 1 
109.038 -25.496 7.67371 0.44156 1 
111.603 -25.496 8.10212 0.37753 1 
114.169 -25.496 7.45702 0.46356 1 
116.735 -25.496 7.82413 0.35059 1 
119.300 -25.496 0.00000 -0.00000 0 
-8.980 -28.061 7.91393 -0.62482 1 
-6.414 -28.061 8.05862 -0.46238 1 
-3.848 -28.061 8.29675 -0.69626 1 
-1.283 -28.061 8.24378 -0.71361 1 
1.283 -28.061 8.44548 -0.63948 1 
3.848 -28.061 8.45695 -0.62255 1 
6.414 -28.061 8.44401 -0.64372 1 
8.980 -28.061 8.65892 -0.69516 1 
11.545 -28.061 8.66438 -0.61418 1 
14.111 -28.061 8.70920 -0.41721 1 
16.676 -28.061 8.90827 -0.39594 1 
19.242 -28.061 8.79997 -0.30226 1 
21.808 -28.061 8.87023 -0.16643 1 
24.373 -28.061 8.84633 -0.16151 1 
26.939 -28.061 8.93678 -0.00868 1 
29.504 -28.061 8.93429 0.02506 1 
32.070 -28.061 8.90400 0.01866 1 
34.636 -28.061 8.93172 0.05674 1 
37.201 -28.061 8.83597 0.07103 1 
39.767 -28.061 8.80432 0.08816 1 
42.332 -28.061 8.75252 0.05799 1 
44.898 -28.061 8.86309 0.11067 1 
47.464 -28.061 8.76584 0.31755 1 
50.029 -28.061 8.78883 0.42878 1 
52.595 -28.061 8.65828 0.54939 1 
55.160 -28.061 8.67389 0.49867 1 
57.726 -28.061 8.45063 0.67760 1 
60.292 -28.061 8.28070 0.64872 1 
62.857 -28.061 8.20478 0.61382 1 
65.423 -28.061 8.40635 0.81053 1 
67.988 -28.061 8.22097 0.70429 1 
70.554 -28.061 8.22136 0.73482 1 
73.120 -28.061 8.16584 0.58696 1 
75.685 -28.061 8.03300 0.74841 1 
78.251 -28.061 8.04336 0.57567 1 
80.816 -28.061 8.19046 0.62746 1 
83.382 -28.061 7.99373 0.77747 1 
85.948 -28.061 7.98923 0.68839 1 
88.513 -28.061 8.00451 0.58492 1 
91.079 -28.061 7.89641 0.69422 1 
93.644 -28.061 7.84596 0.56270 1 
96.210 -28.061 8.02691 0.55899 1 
98.776 -28.061 7.76375 0.53791 1 
101.341 -28.061 7.81039 0.54257 1 
103.907 -28.061 7.93495 0.39470 1 
106.472 -28.061 7.94443 0.51556 1 
109.038 -28.061 7.82343 0.35661 1 
111.603 -28.061 7.87903 0.37616 1 
114.169 -28.061 7.91265 0.31237 1 
116.735 -28.061 7.98065 0.35390 1 
119.300 -28.061 0.00000 -0.00000 0 
-8.980 -30.627 8.08296 -0.65960 1 
-6.414 -30.627 8.13655 -0.70738 1 
-3.848 -30.627 8.13026 -0.73265 1 
-1.283 -30.627 8.23066 -0.75826 1 
1.283 -30.627 8.39430 -0.66755 1 
3.848 -30.627 8.53854 -0.72582 1 
6.414 -30.627 8.60975 -0.63803 1 
8.980 -30.627 8.58094 -0.58147 1 
11.545 -30.627 8.68321 -0.43493 1 
14.111 -30.627 8.70865 -0.48723 1 
16.676 -30.627 8.67495 -0.40056 1 
19.242 -30.627 8.90652 -0.39563 1 
21.808 -30.627 8.69957 -0.20397 1 
24.373 -30.627 8.88460 -0.19860 1 
26.939 -30.627 8.90482 -0.06313 1 
29.504 -30.627 8.91669 0.03859 1 
32.070 -30.627 8.82405 0.06851 1 
34.636 -30.627 8.86009 0.09161 1 
37.201 -30.627 8.88735 0.22523 1 
39.767 -30.627 8.72808 0.33528 1 
42.332 -30.627 8.85586 0.35680 1 
44.898 -30.627 8.71820 0.39099 1 
47.464 -30.627 8.67379 0.38693 1 
50.029 -30.627 8.75319 0.55144 1 
52.595 -30.627 8.55379 0.53388 1 
55.160 -30.627 8.50478 0.44583 1 
57.726 -30.627 8.60338 0.76647 1 
60.292 -30.627 8.51047 0.52010 1 
62.857 -30.627 8.34274 0.72859 1 
65.423 -30.627 8.27942 0.46525 1 
67.988 -30.627 8.19425 0.74200 1 
70.554 -30.627 8.08294 0.60262 1 
73.120 -30.627 8.15880 0.76023 1 
75.685 -30.627 8.24017 0.75192 1 
78.251 -30.627 8.23822 0.47990 1 
80.816 -30.627 8.05866 0.78992 1 
83.382 -30.627 8.03385 0.46189 1 
85.948 -30.627 8.06495 0.54884 1 
88.513 -30.627 7.87437 0.67244 1 
91.079 -30.627 7.98677 0.49770 1 
93.644 -30.627 7.95830 0.58595 1 
96.210 -30.627 7.83867 0.48614 1 
98.776 -30.627 7.91395 0.38890 1 
101.341 -30.627 7.70167 0.55990 1 
103.907 -30.627 7.77188 0.44766 1 
106.472 -30.627 7.97190 0.43941 1 
109.038 -30.627 7.66084 0.40219 1 
111.603 -30.627 7.83455 0.42650 2 
114.169 -30.627 7.79400 0.39806 1 
116.735 -30.627 7.95211 0.32072 1 
119.300 -30.627 0.00000 -0.00000 0 
-8.980 -33.192 8.22579 -0.59354 1 
-6.414 -33.192 8.11695 -0.51112 1 
-3.848 -33.192 8.15984 -0.60516 1 
-1.283 -33.192 8.24847 -0.59040 1 
1.283 -33.192 8.26779 -0.64652 1 
3.848 -33.192 8.46656 -0.53160 1 
6.414 -33.192 8.48277 -0.51863 1 
8.980 -33.192 8.53270 -0.50130 1 
11.545 -33.192 8.59478 -0.39208 1 
14.111 -33.192 8.69261 -0.42901 1 
16.676 -33.192 8.72166 -0.40800 1 
19.242 -33.192 8.81176 -0.31579 1 
21.808 -33.192 8.83376 -0.28773 1 
24.373 -33.192 8.77222 -0.06926 1 
26.939 -33.192 8.87659 -0.05375 1 
29.504 -33.192 8.76887 -0.08826 1 
32.070 -33.192 8.88555 0.07950 1 
34.636 -33.192 8.82679 0.18178 1 
37.201 -33.192 8.69171 0.18792 1 
39.767 -33.192 8.88760 0.22469 1 
42.332 -33.192 8.71269 0.42261 1 
44.898 -33.192 8.54343 0.45197 1 
47.464 -33.192 8.64420 0.38833 1 
50.029 -33.192 8.62575 0.51657 1 
52.595 -33.192 8.64683 0.57077 1 
55.160 -33.192 8.68299 0.44051 1 
57.726 -33.192 8.45191 0.49458 1 
60.292 -33.192 8.43962 0.73856 1 
62.857 -33.192 8.37576 0.61989 1 
65.423 -33.192 8.25046 0.62927 1 
67.988 -33.192 8.23997 0.55714 1 
70.554 -33.192 8.20539 0.54121 1 
73.120 -33.192 8.03308 0.57845 1 
75.685 -33.192 8.10817 0.46334 1 
78.251 -33.192 8.27760 0.51556 1 
80.816 -33.192 8.12879 0.59108 1 
83.382 -33.192 8.08192 0.67348 1 
85.948 -33.192 8.05975 0.74513 1 
88.513 -33.192 7.88352 0.49971 1 
91.079 -33.192 7.91902 0.58161 1 
93.644 -33.192 7.90121 0.53166 1 
96.210 -33.192 7.73980 0.54754 1 
98.776 -33.192 7.75352 0.52468 1 
101.341 -33.192 8.06095 0.44612 1 
103.907 -33.192 7.77568 0.28852 1 
106.472 -33.192 7.94625 0.38400 1 
109.038 -33.192 7.82344 0.40208 1 
111.603 -33.192 7.79008 0.47684 1 
114.169 -33.192 7.73934 0.46570 1 
116.735 -33.192 7.87275 0.35238 1 
119.300 -33.192 0.00000 -0.00000 0 
-8.980 -35.758 8.15678 -0.47240 1 
-6.414 -35.758 8.10063 -0.56069 1 
-3.848 -35.758 8.26094 -0.54759 1 
-1.283 -35.758 8.22399 -0.47586 1 
1.283 -35.758 8.32643 -0.51988 1 
3.848 -35.758 8.41302 -0.43649 1 
6.414 -35.758 8.34511 -0.67671 1 
8.980 -35.758 8.72017 -0.39625 1 
11.545 -35.758 8.46202 -0.41259 1 
14.111 -35.758 8.61858 -0.38008 1 
16.676 -35.758 8.65346 -0.19822 1 
19.242 -35.758 8.70373 -0.16167 1 
21.808 -35.758 8.75828 -0.14581 1 
24.373 -35.758 8.72231 -0.02911 1 
26.939 -35.758 8.82211 -0.05981 1 
29.504 -35.758 8.71298 -0.02317 1 
32.070 -35.758 8.78384 0.06787 1 
34.636 -35.758 8.71464 0.05524 1 
37.201 -35.758 8.71177 0.14656 1 
39.767 -35.758 8.75915 0.14158 1 
42.332 -35.758 8.56717 0.32972 1 
44.898 -35.758 8.58738 0.28584 1 
47.464 -35.758 8.80498 0.53601 1 
50.029 -35.758 8.71608 0.41732 1 
52.595 -35.758 8.55176 0.40336 1 
55.160 -35.758 8.28780 0.47312 1 
57.726 -35.758 8.49362 0.53806 1 
60.292 -35.758 8.35377 0.52513 1 
62.857 -35.758 8.33107 0.51907 1 
65.423 -35.758 8.38999 0.52665 1 
67.988 -35.758 8.17132 0.53297 1 
70.554 -35.758 8.09165 0.56990 1 
73.120 -35.758 8.14903 0.61086 1 
75.685 -35.758 8.18225 0.53313 1 
78.251 -35.758 7.99232 0.67287 1 
80.816 -35.758 8.00894 0.49814 1 
83.382 -35.758 7.93875 0.68965 1 
85.948 -35.758 8.10046 0.52862 1 
88.513 -35.758 8.02097 0.50264 1 
91.079 -35.758 7.92117 0.49908 1 
93.644 -35.758 7.95139 0.55312 1 
96.210 -35.758 7.95720 0.46332 1 
98.776 -35.758 7.78374 0.43099 1 
101.341 -35.758 7.84207 0.43247 1 
103.907 -35.758 7.88636 0.35171 1 
106.472 -35.758 7.81682 0.49482 1 
109.038 -35.758 7.80034 0.37111 1 
111.603 -35.758 7.84191 0.42360 2 
114.169 -35.758 7.81846 0.23924 1 
116.735 -35.758 7.90787 0.37534 1 
119.300 -35.758 0.00000 -0.00000 0 
-8.980 -38.324 8.06350 -0.51753 1 
-6.414 -38.324 8.16360 -0.59626 1 
-3.848 -38.324 8.20873 -0.42580 1 
-1.283 -38.324 8.28278 -0.50286 1 
1.283 -38.324 8.23821 -0.49383 1 
3.848 -38.324 8.38483 -0.50864 1 
6.414 -38.324 8.43778 -0.20817 1 
8.980 -38.324 8.42007 -0.36493 1 
11.545 -38.324 8.59352 -0.43070 1 
14.111 -38.324 8.37718 -0.36518 1 
16.676 -38.324 8.78648 -0.22445 1 
19.242 -38.324 8.63128 -0.28913 1 
21.808 -38.324 8.75292 -0.12188 1 
24.373 -38.324 8.74672 -0.10517 1 
26.939 -38.324 8.67256 -0.07626 1 
29.504 -38.324 8.68045 0.02572 1 
32.070 -38.324 8.58701 0.14325 1 
34.636 -38.324 8.71285 0.13030 1 
37.201 -38.324 8.74118 0.08267 1 
39.767 -38.324 8.66187 0.13930 1 
42.332 -38.324 8.58808 0.25260 1 
44.898 -38.324 8.60963 0.31607 1 
47.464 -38.324 8.36837 0.27244 1 
50.029 -38.324 8.54676 0.41621 1 
52.595 -38.324 8.19290 0.56696 1 
55.160 -38.324 8.54169 0.48412 1 
57.726 -38.324 8.43434 0.31808 1 
60.292 -38.324 8.29533 0.50128 1 
62.857 -38.324 8.50167 0.37093 1 
65.423 -38.324 8.18284 0.44993 1 
67.988 -38.324 8.12567 0.42642 1 
70.554 -38.324 8.14863 0.47706 1 
73.120 -38.324 8.06252 0.53869 1 
75.685 -38.324 8.17730 0.57867 1 
78.251 -38.324 8.07218 0.44528 1 
80.816 -38.324 8.09421 0.52845 1 
83.382 -38.324 7.97909 0.64730 1 
85.948 -38.324 8.19985 0.42634 1 
88.513 -38.324 8.02868 0.45590 1 
91.079 -38.324 8.05250 0.51729 1 
93.644 -38.324 7.88272 0.47456 1 
96.210 -38.324 8.03900 0.33993 1 
98.776 -38.324 7.91516 0.40195 1 
101.341 -38.324 7.92898 0.32163 1 
103.907 -38.324 7.92153 0.43053 1 
106.472 -38.324 7.95846 0.33544 1 
109.038 -38.324 7.84519 0.40227 1 
111.603 -38.324 7.89374 0.37036 1 
114.169 -38.324 7.96101 0.27497 1 
116.735 -38.324 7.98595 0.39386 1 
119.300 -38.324 0.00000 -0.00000 0 
-8.980 -40.889 8.17044 -0.31616 1 
-6.414 -40.889 8.00774 -0.42077 1 
-3.848 -40.889 8.16309 -0.61354 1 
-1.283 -40.889 8.14222 -0.54197 1 
1.283 -40.889 8.26063 -0.30902 1 
3.848 -40.889 8.31987 -0.33493 1 
6.414 -40.889 8.41976 -0.50013 1 
8.980 -40.889 8.49087 -0.28647 1 
11.545 -40.889 8.46264 -0.12826 1 
14.111 -40.889 8.62708 -0.25298 1 
16.676 -40.889 8.63871 -0.21579 1 
19.242 -40.889 8.73578 -0.09719 1 
21.808 -40.889 8.75515 -0.08502 1 
24.373 -40.889 8.65439 0.01772 1 
26.939 -40.889 8.74529 -0.00590 1 
29.504 -40.889 8.63258 -0.08363 1 
32.070 -40.889 8.57214 -0.02649 1 
34.636 -40.889 8.72333 0.13651 1 
37.201 -40.889 8.67052 0.13383 1 
39.767 -40.889 8.46166 0.14591 1 
42.332 -40.889 8.61051 0.03174 1 
44.898 -40.889 8.59496 0.25427 1 
47.464 -40.889 8.49552 0.33553 1 
50.029 -40.889 8.68887 0.32179 1 
52.595 -40.889 8.36227 0.53294 1 
55.160 -40.889 8.47156 0.17643 1 
57.726 -40.889 8.48695 0.41759 1 
60.292 -40.889 8.27817 0.40457 1 
62.857 -40.889 8.48145 0.57677 1 
65.423 -40.889 8.24146 0.62532 1 
67.988 -40.889 8.20559 0.67640 1 
70.554 -40.889 8.24970 0.51416 1 
73.120 -40.889 8.27036 0.36728 1 
75.685 -40.889 8.07730 0.49076 1 
78.251 -40.889 8.09362 0.52527 1 
80.816 -40.889 7.98708 0.48938 1 
83.382 -40.889 7.90939 0.65038 1 
85.948 -40.889 8.09929 0.43189 2 
88.513 -40.889 8.05740 0.38797 1 
91.079 -40.889 7.81638 0.60188 1 
93.644 -40.889 8.03385 0.44341 1 
96.210 -40.889 7.78631 0.46412 1 
98.776 -40.889 8.03940 0.38882 1 
101.341 -40.889 7.93061 0.38257 1 
103.907 -40.889 7.99610 0.38270 1 
106.472 -40.889 7.82932 0.40830 1 
109.038 -40.889 7.97655 0.29768 1 
111.603 -40.889 7.83139 0.42577 1 
114.169 -40.889 8.05646 0.20884 1 
116.735 -40.889 7.94096 0.34769 1 
119.300 -40.889 0.00000 -0.00000 0 
-8.980 -43.455 8.04425 -0.43033 1 
-6.414 -43.455 8.12895 -0.38249 1 
-3.848 -43.455 8.16935 -0.30669 1 
-1.283 -43.455 8.23294 -0.32696 1 
1.283 -43.455 8.25308 -0.36294 1 
3.848 -43.455 8.39380 -0.35105 1 
6.414 -43.455 8.27320 -0.33562 1 
8.980 -43.455 8.43935 -0.21519 1 
11.545 -43.455 8.35920 -0.19082 1 
14.111 -43.455 8.46577 -0.10051 1 
16.676 -43.455 8.64452 -0.21638 1 
19.242 -43.455 8.67250 -0.17407 1 
21.808 -43.455 8.72084 -0.07052 1 
24.373 -43.455 8.63942 -0.11618 1 
26.939 -43.455 8.64333 -0.04963 1 
29.504 -43.455 8.59025 0.07070 1 
32.070 -43.455 8.52458 0.12220 1 
34.636 -43.455 8.66550 0.05992 1 
37.201 -43.455 8.64197 0.07395 1 
39.767 -43.455 8.55073 -0.04028 1 
42.332 -43.455 8.49728 0.22229 1 
44.898 -43.455 8.50705 0.19433 1 
47.464 -43.455 8.42537 0.25919 1 
50.029 -43.455 8.30892 0.20181 1 
52.595 -43.455 8.38718 0.38438 1 
55.160 -43.455 8.31642 0.37753 1 
57.726 -43.455 8.31989 0.32966 1 
60.292 -43.455 8.34014 0.20568 1 
62.857 -43.455 8.16334 0.37779 1 
65.423 -43.455 8.18998 0.42203 1 
67.988 -43.455 8.19528 0.48713 1 
70.554 -43.455 8.29422 0.34858 1 
73.120 -43.455 8.01566 0.37847 1 
75.685 -43.455 8.17294 0.36020 1 
78.251 -43.455 8.19265 0.38976 1 
80.816 -43.455 7.97506 0.49937 1 
83.382 -43.455 8.01330 0.41879 1 
85.948 -43.455 7.99873 0.43745 1 
88.513 -43.455 7.95871 0.47146 1 
91.079 -43.455 8.00649 0.52309 1 
93.644 -43.455 8.01014 0.36649 1 
96.210 -43.455 7.99644 0.38956 1 
98.776 -43.455 7.91253 0.45326 1 
101.341 -43.455 7.88600 0.36425 1 
103.907 -43.455 8.00049 0.39658 1 
106.472 -43.455 7.96389 0.30835 1 
109.038 -43.455 7.97266 0.34032 1 
111.603 -43.455 7.99990 0.31259 1 
114.169 -43.455 7.99145 0.18168 1 
116.735 -43.455 7.95180 0.33191 1 
119.300 -43.455 0.00000 -0.00000 0 
-8.980 -46.020 8.18058 -0.37858 1 
-6.414 -46.020 8.28059 -0.23163 1 
-3.848 -46.020 8.23336 -0.39626 1 
-1.283 -46.020 8.27142 -0.32575 1 
1.283 -46.020 8.41266 -0.34637 1 
3.848 -46.020 8.39582 -0.38471 1 
6.414 -46.020 8.20748 -0.30293 1 
8.980 -46.020 8.24938 -0.43047 1 
11.545 -46.020 8.27203 -0.25636 1 
14.111 -46.020 8.53235 -0.23911 1 
16.676 -46.020 8.55256 -0.12523 1 
19.242 -46.020 8.40919 -0.09373 1 
21.808 -46.020 8.60466 -0.02858 1 
24.373 -46.020 8.45035 -0.01699 1 
26.939 -46.020 8.70817 -0.06576 1 
29.504 -46.020 8.47366 0.00632 1 
32.070 -46.020 8.59033 0.07267 1 
34.636 -46.020 8.50798 0.04582 1 
37.201 -46.020 8.58901 0.07366 1 
39.767 -46.020 8.65357 0.14346 1 
42.332 -46.020 8.56805 0.15203 1 
44.898 -46.020 8.49159 0.16658 1 
47.464 -46.020 8.48597 0.29101 1 
50.029 -46.020 8.32420 0.10894 1 
52.595 -46.020 8.45754 0.20155 1 
55.160 -46.020 8.33779 0.18184 1 
57.726 -46.020 8.39423 0.37645 1 
60.292 -46.020 8.17487 0.46039 1 
62.857 -46.020 8.13873 0.56232 1 
65.423 -46.020 8.30483 0.37260 1 
67.988 -46.020 8.19812 0.47243 1 
70.554 -46.020 8.21150 0.39401 1 
73.120 -46.020 8.12494 0.42432 1 
75.685 -46.020 8.10126 0.52415 1 
78.251 -46.020 8.06158 0.50783 1 
80.816 -46.020 8.15785 0.45556 1 
83.382 -46.020 7.97493 0.45684 1 
85.948 -46.020 7.95964 0.44329 1 
88.513 -46.020 7.86282 0.50755 1 
91.079 -46.020 7.97548 0.46223 1 
93.644 -46.020 7.95649 0.52686 1 
96.210 -46.020 8.03368 0.38490 1 
98.776 -46.020 7.97614 0.48883 1 
101.341 -46.020 7.84560 0.49282 1 
103.907 -46.020 7.99298 0.30856 1 
106.472 -46.020 8.06163 0.22529 1 
109.038 -46.020 7.94621 0.36238 1 
111.603 -46.020 7.91126 0.28759 1 
114.169 -46.020 8.04264 0.35511 1 
116.735 -46.020 8.03652 0.24425 1 
119.300 -46.020 0.00000 -0.00000 0 
-8.980 -48.586 8.16021 -0.22698 1 
-6.414 -48.586 8.25103 -0.34265 1 
-3.848 -48.586 7.97596 -0.22382 1 
-1.283 -48.586 8.08012 -0.33112 1 
1.283 -48.586 8.28556 -0.25943 1 
3.848 -48.586 8.29123 -0.35508 1 
6.414 -48.586 8.25904 -0.14252 1 
8.980 -48.586 8.35627 -0.38172 1 
11.545 -48.586 8.29686 -0.23911 1 
14.111 -48.586 8.33267 -0.14251 1 
16.676 -48.586 8.43553 -0.02721 1 
19.242 -48.586 8.48115 -0.11449 1 
21.808 -48.586 8.47853 -0.09030 1 
24.373 -48.586 8.48120 -0.02012 1 
26.939 -48.586 8.54967 0.03370 1 
29.504 -48.586 8.60061 -0.00419 1 
32.070 -48.586 8.44351 -0.01610 1 
34.636 -48.586 8.48877 0.05228 1 
37.201 -48.586 8.50865 0.06026 1 
39.767 -48.586 8.43336 -0.08645 1 
42.332 -48.586 8.37804 0.06853 1 
44.898 -48.586 8.44055 0.31529 1 
47.464 -48.586 8.31289 0.17686 1 
50.029 -48.586 8.31349 0.25188 1 
52.595 -48.586 8.40380 0.31320 1 
55.160 -48.586 8.32246 0.37687 1 
57.726 -48.586 8.46203 0.13986 1 
60.292 -48.586 8.21100 0.35908 2 
62.857 -48.586 8.25076 0.25558 1 
65.423 -48.586 8.18985 0.43557 1 
67.988 -48.586 8.34123 0.30248 1 
70.554 -48.586 8.20810 0.48574 1 
73.120 -48.586 8.09439 0.43628 1 
75.685 -48.586 8.14075 0.35542 1 
78.251 -48.586 8.20262 0.45384 1 
80.816 -48.586 8.09646 0.39285 1 
83.382 -48.586 7.92494 0.40772 1 
85.948 -48.586 7.94047 0.49319 1 
88.513 -48.586 7.84230 0.44846 1 
91.079 -48.586 8.05981 0.31108 1 
93.644 -48.586 7.95856 0.37254 1 
96.210 -48.586 7.96786 0.47429 1 
98.776 -48.586 7.86449 0.51678 1 
101.341 -48.586 7.99930 0.39859 1 
103.907 -48.586 8.08660 0.32621 1 
106.472 -48.586 7.77902 0.42188 1 
109.038 -48.586 7.81926 0.40170 1 
111.603 -48.586 7.96005 0.32450 1 
114.169 -48.586 8.02718 0.30122 1 
116.735 -48.586 7.91529 0.36661 1 
119.300 -48.586 0.00000 -0.00000 0 
-8.980 -51.152 8.10423 -0.41083 1 
-6.414 -51.152 8.10102 -0.40087 1 
-3.848 -51.152 8.21170 -0.26094 1 
-1.283 -51.152 8.30613 -0.29389 1 
1.283 -51.152 8.28667 -0.17773 1 
3.848 -51.152 8.40024 -0.29780 1 
6.414 -51.152 8.35625 -0.24352 1 
8.980 -51.152 8.35979 -0.27154 1 
11.545 -51.152 8.15887 -0.09235 1 
14.111 -51.152 8.50255 -0.19279 1 
16.676 -51.152 8.34750 -0.18751 1 
19.242 -51.152 8.43275 -0.20261 1 
21.808 -51.152 8.37762 -0.15376 1 
24.373 -51.152 8.41653 -0.09586 1 
26.939 -51.152 8.45516 0.11497 1 
29.504 -51.152 8.49169 0.02360 1 
32.070 -51.152 8.47456 0.01434 1 
34.636 -51.152 8.43413 0.15388 1 
37.201 -51.152 8.41804 0.04420 1 
39.767 -51.152 8.50669 0.16101 1 
42.332 -51.152 8.30507 0.13891 1 
44.898 -51.152 8.48206 0.04097 1 
47.464 -51.152 8.39993 0.14327 1 
50.029 -51.152 8.32294 0.14568 1 
52.595 -51.152 8.25171 0.17496 1 
55.160 -51.152 8.40081 0.23367 1 
57.726 -51.152 8.18664 0.12861 1 
60.292 -51.152 8.24712 0.25777 1 
62.857 -51.152 8.25492 0.34345 1 
65.423 -51.152 8.20610 0.40308 2 
67.988 -51.152 8.23407 0.31150 1 
70.554 -51.152 8.13005 0.42189 1 
73.120 -51.152 8.16315 0.32970 1 
75.685 -51.152 8.17377 0.35913 1 
78.251 -51.152 8.02343 0.42083 1 
80.816 -51.152 8.12726 0.44226 1 
83.382 -51.152 8.22976 0.30088 1 
85.948 -51.152 8.06956 0.43008 1 
88.513 -51.152 7.93449 0.45720 1 
91.079 -51.152 8.05292 0.31582 1 
93.644 -51.152 7.94489 0.40355 1 
96.210 -51.152 7.99790 0.24720 1 
98.776 -51.152 8.06048 0.25418 1 
101.341 -51.152 7.91301 0.34132 1 
103.907 -51.152 8.03578 0.38144 1 
106.472 -51.152 8.02286 0.29203 1 
109.038 -51.152 7.95086 0.23971 1 
111.603 -51.152 8.13391 0.39542 1 
114.169 -51.152 8.01112 0.28921 1 
116.735 -51.152 7.89866 0.36268 1 
119.300 -51.152 0.00000 -0.00000 0 
-8.980 -53.717 7.95153 -0.18742 1 
-6.414 -53.717 8.22752 -0.27485 1 
-3.848 -53.717 8.21228 -0.26484 1 
-1.283 -53.717 8.21872 -0.33084 1 
1.283 -53.717 8.26355 -0.32902 1 
3.848 -53.717 8.20742 -0.10191 1 
6.414 -53.717 8.27976 -0.10902 1 
8.980 -53.717 8.28069 -0.17161 1 
11.545 -53.717 8.31087 -0.34476 1 
14.111 -53.717 8.43451 -0.23826 1 
16.676 -53.717 8.33844 -0.20134 1 
19.242 -53.717 8.38498 -0.15065 1 
21.808 -53.717 8.40770 -0.10456 1 
24.373 -53.717 8.49578 -0.03151 1 
26.939 -53.717 8.40434 0.03658 2 
29.504 -53.717 8.55040 0.02946 1 
32.070 -53.717 8.45902 0.00734 1 
34.636 -53.717 8.42624 -0.02516 1 
37.201 -53.717 8.37647 0.09520 1 
39.767 -53.717 8.33306 0.02590 1 
42.332 -53.717 8.39770 0.15753 1 
44.898 -53.717 8.28686 0.21962 1 
47.464 -53.717 8.24907 0.22950 1 
50.029 -53.717 8.33792 0.26238 1 
52.595 -53.717 8.20769 0.08693 1 
55.160 -53.717 8.28335 0.33016 1 
57.726 -53.717 8.33067 0.21930 1 
60.292 -53.717 8.31435 0.27372 1 
62.857 -53.717 8.15409 0.33342 1 
65.423 -53.717 8.22235 0.37060 1 
67.988 -53.717 8.06880 0.33170 1 
70.554 -53.717 8.16478 0.33687 1 
73.120 -53.717 8.07527 0.43009 1 
75.685 -53.717 8.05765 0.25019 1 
78.251 -53.717 8.17224 0.34619 1 
80.816 -53.717 8.21195 0.24807 1 
83.382 -53.717 8.13774 0.34336 1 
85.948 -53.717 8.03919 0.29770 1 
88.513 -53.717 8.06345 0.36834 1 
91.079 -53.717 7.93217 0.41995 1 
93.644 -53.717 7.95330 0.36638 1 
96.210 -53.717 8.05917 0.35355 1 
98.776 -53.717 7.80127 0.34715 1 
101.341 -53.717 7.93065 0.28558 1 
103.907 -53.717 8.09656 0.20361 1 
106.472 -53.717 7.89612 0.26898 1 
109.038 -53.717 7.94512 0.22387 1 
111.603 -53.717 7.95458 0.24080 1 
114.169 -53.717 7.94920 0.27646 1 
116.735 -53.717 7.99529 0.31119 1 
119.300 -53.717 0.00000 -0.00000 0 
-8.980 -56.283 8.06095 -0.15455 1 
-6.414 -56.283 8.13854 -0.12609 1 
-3.848 -56.283 8.09606 -0.19710 1 
-1.283 -56.283 8.14043 -0.21778 1 
1.283 -56.283 8.18277 -0.24699 2 
3.848 -56.283 8.22512 -0.27620 1 
6.414 -56.283 8.31880 -0.13942 1 
8.980 -56.283 8.23472 -0.13203 1 
11.545 -56.283 8.17493 -0.17135 1 
14.111 -56.283 8.23560 -0.10099 1 
16.676 -56.283 8.20182 -0.13816 1 
19.242 -56.283 8.28668 -0.10078 1 
21.808 -56.283 8.29343 -0.02815 1 
24.373 -56.283 8.16927 -0.11674 1 
26.939 -56.283 8.35352 -0.04180 1 
29.504 -56.283 8.28277 -0.02021 1 
32.070 -56.283 8.26952 -0.00397 1 
34.636 -56.283 8.12773 -0.02582 1 
37.201 -56.283 8.18323 -0.00903 1 
39.767 -56.283 8.25213 -0.00384 1 
42.332 -56.283 8.30960 -0.02319 1 
44.898 -56.283 8.21591 0.19375 1 
47.464 -56.283 8.25303 0.13246 2 
50.029 -56.283 8.29015 0.07118 1 
52.595 -56.283 8.15788 0.10260 1 
55.160 -56.283 8.19121 0.18816 1 
57.726 -56.283 8.20022 0.13026 1 
60.292 -56.283 8.32199 0.37635 1 
62.857 -56.283 8.16915 0.18040 1 
65.423 -56.283 8.01426 0.19144 1 
67.988 -56.283 8.11346 0.31093 1 
70.554 -56.283 8.15134 0.22542 1 
73.120 -56.283 8.18934 0.37193 1 
75.685 -56.283 8.20475 0.33094 1 
78.251 -56.283 8.03126 0.23994 1 
80.816 -56.283 8.08043 0.23927 1 
83.382 -56.283 8.15816 0.30028 1 
85.948 -56.283 8.02429 0.27399 1 
88.513 -56.283 8.24145 0.27343 1 
91.079 -56.283 8.02758 0.33825 1 
93.644 -56.283 8.00938 0.34248 1 
96.210 -56.283 8.06564 0.12675 1 
98.776 -56.283 8.06781 0.17578 1 
101.341 -56.283 8.06954 0.30590 1 
103.907 -56.283 7.85363 0.21187 1 
106.472 -56.283 7.90207 0.23847 2 
109.038 -56.283 7.95051 0.26508 1 
111.603 -56.283 7.89326 0.19928 1 
114.169 -56.283 7.93132 0.17195 1 
116.735 -56.283 7.97205 0.24016 1 
119.300 -56.283 7.96578 0.14833 1 
